../data/train_data_mmini/1/Train_0000.jpg	1	1.0,-1.0,-1.0,1.0,1.0,1.0,-1.0,1.0,-1.0,-1.0,1.0,1.0,-1.0,1.0,-1.0,1.0,-1.0,1.0,1.0,-1.0,-1.0,1.0,1.0,1.0	0.33890253,-0.20534447,-0.057019807,0.15738462,0.2689337,0.29858932,-0.2369931,0.40337956,-0.23958023,-0.01540824,0.5487146,0.16528253,-0.08390568,0.05887302,-0.18124981,1.1824734,-0.6146365,1.1610172,0.04726708,-0.6597569,-0.18693635,0.860428,0.14553523,0.04977246
../data/train_data_mmini/1/Train_0001.jpg	1	1.0,-1.0,-1.0,-1.0,1.0,1.0,1.0,-1.0,-1.0,1.0,1.0,-1.0,1.0,1.0,1.0,1.0,1.0,1.0,-1.0,-1.0,-1.0,1.0,1.0,-1.0	0.3173817,-0.65736234,-0.2226108,-0.22519428,0.23914689,0.14809832,0.11572881,-0.0016930382,-0.08874302,0.20406386,0.115883596,-0.2501989,0.11612778,0.054498434,0.3867288,0.46450508,0.103873834,0.3209266,-0.3810822,-0.29394257,-0.028642833,0.18085156,0.25061315,-0.31299707
../data/train_data_mmini/1/Train_0002.jpg	1	1.0,-1.0,-1.0,-1.0,1.0,1.0,-1.0,1.0,-1.0,1.0,-1.0,1.0,-1.0,-1.0,1.0,-1.0,1.0,1.0,-1.0,1.0,1.0,-1.0,1.0,-1.0	0.2422737,-0.51944727,-0.2574995,-0.057024334,0.12116245,0.36962107,-0.017686743,0.004827978,-0.020835811,0.19515917,-0.39303073,0.14121665,-0.004725848,-0.20718549,0.3555161,-0.33855334,0.40053678,0.5665839,-0.48056924,0.14157397,0.3975902,-0.36817616,0.42643788,-0.34255338
../data/train_data_mmini/1/Train_0003.jpg	1	1.0,-1.0,-1.0,1.0,1.0,1.0,-1.0,1.0,-1.0,-1.0,1.0,1.0,1.0,1.0,-1.0,1.0,-1.0,1.0,1.0,-1.0,-1.0,1.0,-1.0,1.0	0.39202788,-0.24253315,-0.013798117,0.10263888,0.34756047,0.18470165,-0.11641997,0.4759548,-0.2841527,-0.046981655,0.6812394,0.17423995,0.023859961,0.010173477,-0.13341251,1.5919707,-0.67556125,1.0841143,0.082347,-0.78592914,-0.13883811,1.0142934,-0.04712191,0.1736606
../data/train_data_mmini/1/Train_0004.jpg	1	1.0,-1.0,-1.0,1.0,1.0,1.0,-1.0,1.0,-1.0,-1.0,1.0,1.0,1.0,1.0,-1.0,1.0,-1.0,1.0,1.0,-1.0,-1.0,1.0,1.0,1.0	0.04797274,-0.2352283,-0.06637272,0.007620658,0.33942455,0.26740864,-0.17895468,0.22151415,-0.2434348,-0.09597205,0.45005462,0.106305145,0.08366358,0.08674699,-0.37697032,1.373222,-0.41264287,1.0783944,0.20926231,-0.99611455,-0.11803159,0.87216204,0.25990298,0.071446605
../data/train_data_mmini/2/Train_0005.jpg	2	-1.0,-1.0,-1.0,-1.0,1.0,1.0,1.0,-1.0,1.0,1.0,-1.0,1.0,1.0,1.0,1.0,-1.0,1.0,-1.0,-1.0,1.0,1.0,-1.0,1.0,-1.0	-0.17501193,-0.74683493,-0.1761497,-0.18367437,0.43399957,0.07449655,0.4098224,-0.5327528,0.13534442,0.50004023,-0.35074875,0.06272386,0.2610692,0.13323128,1.0189012,-0.3032432,0.9637942,-0.24890453,-0.076178,0.5363888,0.19406275,-0.6862797,0.54178673,-0.51612693
../data/train_data_mmini/2/Train_0006.jpg	2	-1.0,-1.0,1.0,1.0,1.0,-1.0,1.0,-1.0,1.0,1.0,-1.0,1.0,1.0,-1.0,1.0,-1.0,1.0,-1.0,1.0,1.0,1.0,-1.0,1.0,-1.0	-0.35011315,-0.3319339,0.21468776,0.14057113,0.6154621,-0.18536168,0.62054485,-0.58863676,0.44359514,0.6656604,-0.25892696,0.37598327,0.27338222,-0.126694,0.9116727,-0.6014066,0.3640582,-0.09798106,0.2294556,1.3304416,0.034368172,-0.6448863,0.46250093,-0.24954198
../data/train_data_mmini/2/Train_0007.jpg	2	1.0,1.0,1.0,1.0,1.0,1.0,-1.0,1.0,-1.0,-1.0,1.0,1.0,1.0,1.0,-1.0,1.0,-1.0,1.0,1.0,-1.0,-1.0,1.0,1.0,1.0	0.27165446,0.0198711,0.027251983,0.24117759,0.16192523,0.067875475,-0.12453866,0.32321233,-0.32618985,-0.12525344,0.84757125,0.19716717,0.022302784,0.37111002,-0.71471107,2.0325868,-0.95622337,1.4885082,0.32699782,-0.97930735,-0.20207982,1.0932628,0.0751618,0.2743658
../data/train_data_mmini/2/Train_0008.jpg	2	-1.0,1.0,-1.0,-1.0,1.0,1.0,-1.0,-1.0,1.0,1.0,1.0,1.0,1.0,1.0,-1.0,1.0,-1.0,1.0,-1.0,1.0,-1.0,1.0,1.0,-1.0	-0.27938953,0.03000364,-0.12667574,-0.04515739,0.23250839,0.3279905,-0.06057032,-0.20952572,0.048768952,0.53995943,0.09385172,0.2082872,0.076641984,0.40586755,-0.019210665,0.123559155,-0.22878373,0.28882685,-0.38076973,0.38612324,-0.026270151,0.12103546,0.5271627,-0.24995269
../data/train_data_mmini/2/Train_0009.jpg	2	1.0,-1.0,-1.0,1.0,1.0,-1.0,1.0,-1.0,-1.0,1.0,1.0,1.0,1.0,1.0,1.0,1.0,1.0,1.0,-1.0,1.0,-1.0,-1.0,1.0,-1.0	0.024481554,-0.92235035,-0.13524039,0.16677538,0.4019595,-0.2177711,0.38123196,-0.25035357,-0.07384749,0.23766729,0.0796297,0.057367057,0.19622472,0.42138493,0.79969954,0.49071938,0.33230883,0.49248812,-0.027674727,0.1659329,-0.09193668,-0.23167428,0.45695004,-0.48647442
../data/train_data_mmini/3/Train_0010.jpg	3	-1.0,-1.0,-1.0,-1.0,1.0,-1.0,1.0,-1.0,1.0,1.0,-1.0,-1.0,1.0,1.0,1.0,-1.0,1.0,-1.0,-1.0,1.0,1.0,-1.0,1.0,-1.0	-0.7278798,-0.38484767,-0.16268459,-0.19327708,0.5898507,-0.49614063,0.81133,-0.94650745,0.0076992502,0.75621253,-0.5758035,-0.018857073,0.65026313,0.7861449,0.67746395,-0.20964253,0.6609219,-0.6468958,-0.65225446,1.4573835,0.08394292,-0.95530343,0.7764838,-0.7196807
../data/train_data_mmini/3/Train_0011.jpg	3	-1.0,-1.0,-1.0,-1.0,1.0,1.0,-1.0,-1.0,1.0,1.0,-1.0,-1.0,1.0,-1.0,1.0,-1.0,1.0,-1.0,-1.0,-1.0,1.0,-1.0,1.0,-1.0	-0.03365392,-0.9730872,-0.5727375,-0.6525179,0.29854697,0.48167044,-0.1570989,-0.7072541,0.14848493,0.012480848,-1.1698036,-0.36837858,0.28023726,-0.28275236,0.59728473,-0.65356135,1.155023,-0.22470531,-0.7520016,-0.37976027,0.7162428,-0.80440325,0.81538874,-1.0775871
../data/train_data_mmini/3/Train_0012.jpg	3	1.0,-1.0,-1.0,-1.0,1.0,1.0,1.0,-1.0,-1.0,-1.0,-1.0,-1.0,1.0,-1.0,1.0,-1.0,1.0,1.0,1.0,-1.0,1.0,-1.0,-1.0,-1.0	0.573844,-1.4220784,-0.4355114,-0.63333666,0.5455415,0.27617183,0.27359807,-0.32149622,-0.07803908,-0.43404934,-0.50096977,-0.47957143,0.4515142,-0.6079241,1.283782,-0.15119231,1.2890124,0.10915665,0.14268963,-1.0316746,0.30210942,-0.1641564,-0.13039123,-0.46483636
../data/train_data_mmini/3/Train_0013.jpg	3	-1.0,-1.0,1.0,1.0,1.0,-1.0,1.0,-1.0,1.0,1.0,-1.0,1.0,1.0,1.0,1.0,-1.0,1.0,-1.0,-1.0,1.0,1.0,-1.0,1.0,-1.0	-0.23331113,-0.46957234,0.13133478,0.07910409,0.5918353,-0.14025581,0.56650734,-0.6797762,0.4060835,0.93015265,-0.675057,0.33206764,0.43322402,0.14981356,1.1744579,-1.1472123,0.8602703,-0.53780097,-0.3140934,1.972438,0.23059711,-0.9370242,0.577524,-0.5463081
../data/train_data_mmini/3/Train_0014.jpg	3	-1.0,-1.0,-1.0,-1.0,1.0,-1.0,1.0,-1.0,1.0,1.0,-1.0,1.0,1.0,1.0,1.0,-1.0,1.0,1.0,-1.0,1.0,1.0,-1.0,1.0,-1.0	-0.49666944,-0.53995436,-0.10614089,-0.12494267,0.46150082,-0.059628054,0.5155925,-0.6590578,0.27651167,0.36759797,-0.5167067,0.013927833,0.26818654,0.2119251,0.5822214,-0.19967169,0.7196381,0.065843314,-0.066437565,0.4928765,0.08627033,-0.40457496,0.77031213,-0.8015178
../data/train_data_mmini/4/Train_0015.jpg	4	1.0,-1.0,-1.0,1.0,1.0,1.0,-1.0,1.0,-1.0,-1.0,1.0,1.0,-1.0,-1.0,-1.0,1.0,-1.0,1.0,1.0,-1.0,1.0,1.0,1.0,-1.0	0.31673607,-0.278128,-0.1295429,0.021182861,0.22710943,0.48170254,-0.05575018,0.23431061,-0.21979617,-0.17759992,0.2378494,0.14747527,-0.12429806,-0.21525969,-0.09655652,0.45311314,-0.10374373,0.9910681,0.27234122,-0.3574303,0.090770006,0.46309495,0.1753001,-0.24074456
../data/train_data_mmini/4/Train_0016.jpg	4	1.0,-1.0,-1.0,-1.0,1.0,1.0,1.0,-1.0,1.0,1.0,-1.0,-1.0,-1.0,1.0,1.0,-1.0,1.0,-1.0,-1.0,1.0,1.0,-1.0,1.0,-1.0	0.27127767,-0.79307884,-0.30011454,-0.31723988,0.26284942,0.31515935,0.0743662,-0.1505788,0.020922942,0.3945877,-0.17872168,-0.2774507,-0.07692884,0.31453222,0.99937046,-0.35348165,0.61287963,-0.29272985,-0.9292446,0.32451433,0.067818254,-0.5298937,0.20295627,-0.72543424
../data/train_data_mmini/4/Train_0017.jpg	4	1.0,-1.0,-1.0,-1.0,1.0,-1.0,1.0,-1.0,1.0,1.0,-1.0,-1.0,1.0,-1.0,1.0,-1.0,1.0,-1.0,-1.0,1.0,1.0,-1.0,1.0,-1.0	0.20919405,-1.3042506,-0.16922612,-0.21584876,0.4754785,-0.09535264,0.6481272,-0.7882816,0.3022113,0.47487405,-0.7528995,-0.15993401,0.5878455,-0.2851922,1.733812,-1.3763402,1.2406644,-0.6461729,-0.54735374,1.1947145,0.19812617,-1.3556432,0.42532736,-0.7791009
../data/train_data_mmini/4/Train_0018.jpg	4	-1.0,-1.0,-1.0,-1.0,1.0,1.0,1.0,-1.0,1.0,1.0,-1.0,1.0,-1.0,1.0,1.0,-1.0,1.0,1.0,-1.0,1.0,1.0,-1.0,1.0,-1.0	-0.34144646,-0.65239304,-0.42119205,-0.40290934,0.081715554,0.34283644,0.36713594,-0.28871545,0.042616196,0.13494374,-0.398187,0.21402696,-0.13984583,0.40234393,0.6285736,-0.6017552,0.6750651,0.033481285,-0.17578772,0.5708736,0.098951936,-0.53137535,0.81323975,-1.0085604
../data/train_data_mmini/4/Train_0019.jpg	4	-1.0,-1.0,1.0,1.0,1.0,-1.0,1.0,-1.0,1.0,1.0,-1.0,1.0,1.0,-1.0,1.0,-1.0,1.0,-1.0,1.0,1.0,1.0,-1.0,1.0,-1.0	-0.40548626,-0.48603907,0.36254674,0.25780663,0.72367275,-0.26864526,0.5289541,-0.6724258,0.74878675,0.97567326,-0.51818943,0.29834765,0.5812717,-0.476388,0.753246,-0.6270968,0.6783425,-0.5655155,0.011374213,1.2922176,0.33990392,-0.8861032,0.5248523,-0.15608478
../data/train_data_mmini/5/Train_0020.jpg	5	1.0,-1.0,1.0,1.0,1.0,1.0,-1.0,1.0,-1.0,1.0,1.0,1.0,-1.0,1.0,-1.0,1.0,-1.0,1.0,1.0,-1.0,-1.0,1.0,1.0,1.0	0.30613595,-0.24013586,0.07613104,0.29475257,0.18208297,0.14341557,-0.04526596,0.47976384,-0.18890198,0.014561273,0.8679495,0.16068041,-0.005407401,0.18519174,-0.44411072,1.7438222,-0.7643853,1.3240312,0.27144933,-0.9783344,-0.20320912,0.97157264,0.018700618,0.25282347
../data/train_data_mmini/5/Train_0021.jpg	5	1.0,-1.0,-1.0,1.0,1.0,1.0,-1.0,1.0,-1.0,-1.0,1.0,1.0,1.0,-1.0,-1.0,1.0,-1.0,1.0,1.0,-1.0,-1.0,1.0,1.0,-1.0	0.020620778,-0.13257518,-0.050576277,0.13203707,0.391922,0.30238834,-0.019543398,0.17524117,-0.19464226,-0.030984499,0.2590293,0.31539652,0.08742345,-0.11263951,-0.0999358,0.93219864,-0.21664275,1.1390387,0.25047544,-0.45559752,-0.0068332544,0.687037,0.35129756,-0.1447563
../data/train_data_mmini/5/Train_0022.jpg	5	1.0,-1.0,1.0,1.0,1.0,-1.0,1.0,1.0,-1.0,1.0,1.0,1.0,1.0,1.0,-1.0,1.0,-1.0,1.0,1.0,-1.0,-1.0,1.0,1.0,1.0	0.053984962,-0.04534854,0.014445283,0.23778212,0.24733305,-0.06689467,0.07727295,0.06523161,-0.0929716,0.19066153,0.6203192,0.257684,0.20998727,0.3824125,-0.2526731,1.4162567,-0.61220896,0.9615417,0.29996943,-0.49941736,-0.15216596,0.62408626,0.13545667,0.24766508
../data/train_data_mmini/5/Train_0023.jpg	5	1.0,-1.0,1.0,1.0,1.0,1.0,-1.0,1.0,-1.0,-1.0,1.0,1.0,-1.0,1.0,-1.0,1.0,-1.0,1.0,1.0,-1.0,-1.0,1.0,1.0,1.0	0.26243362,-0.14241523,0.047417127,0.17510813,0.19439085,0.09402672,-0.08057493,0.584464,-0.34634835,-0.32461566,0.90205085,0.29987907,-0.0044051134,0.1655515,-0.56329453,1.9349477,-0.8671477,1.5197173,0.4213264,-1.1060178,-0.24923909,1.1718607,0.0014669634,0.25418612
../data/train_data_mmini/5/Train_0024.jpg	5	1.0,-1.0,-1.0,-1.0,1.0,1.0,1.0,1.0,-1.0,-1.0,1.0,1.0,1.0,1.0,1.0,1.0,1.0,1.0,1.0,-1.0,1.0,1.0,1.0,-1.0	0.23906489,-0.45348546,-0.11599029,-0.122424714,0.3666997,0.110884465,0.11586495,0.04647172,-0.2716625,-0.27255377,0.08461226,0.123108454,0.19884129,0.07857217,0.07678939,1.1742153,0.18681583,0.98802817,0.2585267,-0.6975389,0.0911006,0.4759426,0.14609648,-0.17304462
../data/train_data_mmini/6/Train_0025.jpg	6	-1.0,-1.0,-1.0,-1.0,1.0,-1.0,1.0,-1.0,1.0,1.0,-1.0,-1.0,1.0,-1.0,1.0,-1.0,1.0,-1.0,-1.0,1.0,1.0,-1.0,1.0,-1.0	-0.05241154,-1.2251596,-0.30608198,-0.36719155,1.101608,-0.8222923,1.1457448,-1.126358,0.37297857,0.5558138,-1.3047987,-0.26105043,1.1800394,-0.06963497,1.753957,-0.75853366,1.7778679,-1.1282122,-0.48648858,1.5162003,0.7349155,-1.6784062,0.10660432,-0.39559147
../data/train_data_mmini/6/Train_0026.jpg	6	-1.0,-1.0,-1.0,1.0,1.0,-1.0,1.0,-1.0,-1.0,1.0,1.0,-1.0,1.0,1.0,1.0,1.0,-1.0,1.0,-1.0,-1.0,-1.0,-1.0,1.0,-1.0	-0.021490496,-0.72924656,-0.13064042,0.12035627,0.024180856,-0.06631333,0.42458948,-0.21923494,-0.3631708,0.090124406,0.22664258,-0.08822978,0.0035353727,0.21917056,0.3349263,0.3452052,-0.09489569,0.600712,-0.29835004,-0.074357174,-0.11695641,-0.009857437,0.79508656,-0.6551709
../data/train_data_mmini/6/Train_0027.jpg	6	-1.0,-1.0,-1.0,-1.0,1.0,-1.0,1.0,-1.0,1.0,1.0,-1.0,-1.0,1.0,1.0,1.0,-1.0,1.0,-1.0,-1.0,1.0,1.0,-1.0,1.0,-1.0	-0.22885278,-1.156879,-0.45393503,-0.4451721,0.6235621,-0.3929487,0.8044306,-0.9529567,0.19405468,0.42815012,-1.0100062,-0.33826864,0.41523993,0.41681504,1.1935441,-0.43262312,1.2778414,-0.73189014,-0.7191491,0.69861555,0.23748052,-1.2047192,0.7065863,-1.121675
../data/train_data_mmini/6/Train_0028.jpg	6	-1.0,-1.0,-1.0,-1.0,1.0,1.0,1.0,-1.0,-1.0,1.0,-1.0,1.0,1.0,1.0,1.0,1.0,1.0,1.0,-1.0,-1.0,1.0,-1.0,1.0,-1.0	-0.09167798,-0.4641818,-0.27109417,-0.25289896,0.12402411,0.2048051,0.11607914,-0.28903416,-0.012227134,0.076460026,-0.50749516,0.038480803,0.0017640268,0.19022876,0.25322887,0.18615738,0.35827497,0.39965305,-0.3971064,-0.03825646,0.14583972,-0.25791293,0.5804613,-0.8251141
../data/train_data_mmini/6/Train_0029.jpg	6	-1.0,-1.0,-1.0,-1.0,1.0,-1.0,1.0,-1.0,1.0,1.0,-1.0,1.0,1.0,1.0,1.0,-1.0,1.0,-1.0,-1.0,1.0,1.0,-1.0,1.0,-1.0	-0.078836374,-0.88960844,-0.059656817,-0.027188513,0.78360105,-0.55819845,0.8144411,-0.7105492,0.16600068,0.79874957,-0.78927344,0.14911242,0.81241333,0.33491337,1.5495685,-0.7385382,1.163251,-0.49600685,-0.71449625,1.7864187,0.30552772,-1.4951395,0.2887613,-0.44410604
../data/train_data_mmini/7/Train_0030.jpg	7	1.0,-1.0,-1.0,1.0,1.0,1.0,1.0,-1.0,1.0,1.0,1.0,1.0,1.0,1.0,1.0,1.0,1.0,1.0,1.0,-1.0,-1.0,1.0,1.0,-1.0	0.406608,-0.63871944,-0.10977313,0.06638115,0.4293746,0.02626574,0.33515117,-0.024956195,0.087319694,0.36706352,0.14856756,0.07964458,0.15363553,0.08202053,0.77243257,0.6237315,0.054213226,0.44607544,0.10850692,-0.18488935,-0.037145928,0.093762584,0.14048265,-0.14368884
../data/train_data_mmini/7/Train_0031.jpg	7	-1.0,-1.0,-1.0,-1.0,1.0,-1.0,1.0,-1.0,-1.0,1.0,-1.0,-1.0,1.0,1.0,1.0,-1.0,1.0,-1.0,-1.0,1.0,1.0,-1.0,1.0,-1.0	-0.13285191,-1.0138069,-0.29366115,-0.23718333,0.46835035,-0.3394488,0.96512794,-0.6900395,-0.11337645,0.45506364,-0.42184207,-0.002988971,0.4408806,0.5630517,1.2730098,-0.36430988,0.9736817,-0.14339261,-0.35402092,1.1253121,0.10639331,-0.8378657,0.48276022,-0.68407995
../data/train_data_mmini/7/Train_0032.jpg	7	-1.0,-1.0,-1.0,-1.0,1.0,1.0,1.0,-1.0,1.0,1.0,-1.0,-1.0,1.0,-1.0,1.0,-1.0,1.0,-1.0,-1.0,1.0,1.0,-1.0,1.0,-1.0	-0.47323498,-1.1153444,-0.57244694,-0.7243134,0.60707223,0.13896552,0.7296016,-0.88816637,0.33936945,0.2477007,-1.2585958,-0.31594098,0.61281765,-0.2336482,1.2960014,-0.9850173,1.7344193,-0.45705006,-0.38857308,0.42669386,0.42684075,-1.0683134,0.84970933,-1.0712054
../data/train_data_mmini/7/Train_0033.jpg	7	1.0,-1.0,-1.0,-1.0,1.0,-1.0,1.0,-1.0,-1.0,1.0,-1.0,-1.0,1.0,1.0,1.0,1.0,1.0,1.0,-1.0,1.0,-1.0,-1.0,1.0,-1.0	0.0504763,-1.0502592,-0.16792163,-0.19157639,0.34930214,-0.08706454,0.45134157,-0.37196603,-0.11593351,0.12352388,-0.34874967,-0.06716937,0.34494436,0.22746733,0.9751963,0.4373074,0.8366804,0.21501629,-0.082849815,0.024703853,-0.107608795,-0.521778,0.4992871,-0.6438321
../data/train_data_mmini/7/Train_0034.jpg	7	-1.0,-1.0,-1.0,-1.0,1.0,-1.0,1.0,-1.0,1.0,-1.0,-1.0,-1.0,1.0,-1.0,1.0,-1.0,1.0,-1.0,-1.0,1.0,1.0,-1.0,1.0,-1.0	-0.83359176,-0.91167593,-0.54933214,-1.1014253,0.7986703,-0.11775357,0.47331536,-1.3339585,0.40242454,-0.04948876,-1.9187924,-0.3441755,0.7377122,-0.29971644,0.74121004,-0.6542251,1.7277373,-0.5801056,-0.6157509,0.16954416,0.6172645,-1.1964861,1.0679746,-1.4521897
../data/train_data_mmini/8/Train_0035.jpg	8	-1.0,-1.0,-1.0,-1.0,1.0,-1.0,1.0,-1.0,1.0,1.0,-1.0,1.0,1.0,1.0,1.0,1.0,1.0,-1.0,1.0,1.0,1.0,-1.0,1.0,-1.0	-0.0050514983,-0.72471875,-0.14568003,-0.025991771,0.5425361,-0.3096386,0.6424421,-0.5806384,0.07602465,0.4298277,-0.39343834,0.19775723,0.52875817,0.39499325,1.0841417,0.14008054,0.85497,-0.049533844,0.030057855,0.7361267,0.09122704,-0.63254833,0.3367387,-0.54584235
../data/train_data_mmini/8/Train_0036.jpg	8	1.0,-1.0,-1.0,-1.0,1.0,-1.0,1.0,-1.0,1.0,1.0,-1.0,1.0,1.0,1.0,1.0,-1.0,1.0,-1.0,-1.0,1.0,1.0,-1.0,1.0,-1.0	0.004943126,-1.200456,-0.35925248,-0.2061581,0.44665864,-0.5048387,1.1604934,-0.93191403,0.13552384,0.39175618,-0.8758677,0.08153578,0.44923094,0.54616284,1.6430347,-0.6864294,1.4818352,-0.46744347,-0.13758494,1.4865559,0.345893,-1.4451777,0.5933132,-0.8969519
../data/train_data_mmini/8/Train_0037.jpg	8	-1.0,-1.0,-1.0,-1.0,1.0,-1.0,1.0,-1.0,-1.0,1.0,-1.0,-1.0,1.0,1.0,1.0,-1.0,1.0,-1.0,-1.0,1.0,1.0,-1.0,1.0,-1.0	-0.07997815,-1.1300454,-0.33973557,-0.3175936,0.34783605,-0.037252642,0.6348148,-0.79186374,-0.10973167,0.16438277,-0.7406012,-0.22416173,0.31217957,0.2597406,1.0931442,-0.4582991,1.1192954,-0.12651221,-0.71698105,0.7726562,0.22920886,-1.0287565,0.6733461,-1.1358801
../data/train_data_mmini/8/Train_0038.jpg	8	1.0,-1.0,-1.0,-1.0,1.0,-1.0,1.0,-1.0,-1.0,1.0,-1.0,1.0,1.0,1.0,1.0,1.0,1.0,1.0,-1.0,1.0,1.0,-1.0,1.0,-1.0	0.1298131,-0.5595566,-0.19080225,-0.07989282,0.50888085,-0.26005983,0.58773065,-0.44724724,-0.014214375,0.53414327,-0.3339667,0.06514814,0.4826838,0.40342984,0.8226827,0.17102753,0.57744926,0.0057259514,-0.41832134,0.73549885,0.080420315,-0.61236936,0.25762248,-0.41394562
../data/train_data_mmini/8/Train_0039.jpg	8	1.0,-1.0,-1.0,-1.0,1.0,-1.0,1.0,-1.0,1.0,1.0,-1.0,1.0,1.0,1.0,1.0,-1.0,1.0,-1.0,-1.0,1.0,1.0,-1.0,1.0,-1.0	0.05124854,-1.0988122,-0.22891237,-0.058836434,0.5037864,-0.29654917,0.844211,-1.051398,0.33489862,0.49271384,-1.0410683,0.12575851,0.6555579,0.29191792,1.8765693,-0.690168,1.721259,-0.4933172,-0.16533488,1.2585689,0.3106536,-1.5918738,0.57237786,-0.8118221
../data/train_data_mmini/9/Train_0040.jpg	9	1.0,-1.0,-1.0,1.0,1.0,1.0,1.0,1.0,-1.0,1.0,1.0,1.0,1.0,1.0,-1.0,1.0,-1.0,1.0,1.0,-1.0,1.0,1.0,1.0,-1.0	0.1568088,-0.20906994,-0.01387787,0.11819262,0.30787754,0.19265503,0.010513019,0.08953066,-0.24781801,0.032062553,0.46027848,0.24995989,0.14021689,0.03413141,-0.08631602,1.080793,-0.22347975,1.0019104,0.08236096,-0.51983136,0.009808452,0.634918,0.2603173,-0.11132359
../data/train_data_mmini/9/Train_0041.jpg	9	-1.0,-1.0,-1.0,-1.0,1.0,-1.0,1.0,-1.0,1.0,1.0,-1.0,-1.0,1.0,1.0,1.0,-1.0,1.0,-1.0,-1.0,1.0,1.0,-1.0,1.0,-1.0	-0.2674132,-1.2564489,-0.32902208,-0.45599484,0.3980811,-0.16058588,0.6868285,-0.8199775,0.31673083,0.5423645,-0.85384023,-0.32386404,0.40148467,0.32156318,1.1723236,-0.44577706,1.5192709,-0.51945704,-0.5860533,0.41776437,0.26980314,-1.1273656,0.75392383,-0.85463727
../data/train_data_mmini/9/Train_0042.jpg	9	1.0,-1.0,-1.0,-1.0,1.0,1.0,-1.0,-1.0,-1.0,-1.0,1.0,1.0,-1.0,-1.0,1.0,1.0,1.0,1.0,-1.0,-1.0,1.0,1.0,1.0,-1.0	0.09965125,-0.33866903,-0.27145928,-0.23306185,0.34060788,0.4654512,-0.06886785,-0.028963698,-0.27896732,-0.10852986,0.028073095,0.13234313,-0.0025264383,-0.08247061,0.031998083,0.2436061,0.24020776,0.69937617,-0.25530568,-0.12929139,0.31397152,0.31683636,0.3250567,-0.4310255
../data/train_data_mmini/9/Train_0043.jpg	9	1.0,-1.0,1.0,1.0,1.0,1.0,1.0,-1.0,-1.0,1.0,1.0,1.0,1.0,1.0,1.0,1.0,-1.0,1.0,1.0,1.0,-1.0,1.0,1.0,-1.0	0.007113562,-0.124377616,0.10040898,0.45727897,0.3060869,0.033534005,0.260772,-0.22596276,-0.028510565,0.45900366,0.38504776,0.38384342,0.11088162,0.41553593,0.1667386,0.7758419,-0.17317972,0.742067,0.24189436,0.3565191,-0.1382871,0.11098883,0.34026742,-0.11460789
../data/train_data_mmini/9/Train_0044.jpg	9	1.0,-1.0,1.0,1.0,1.0,-1.0,1.0,-1.0,1.0,1.0,-1.0,1.0,1.0,-1.0,1.0,1.0,1.0,-1.0,-1.0,1.0,1.0,-1.0,1.0,-1.0	0.24098535,-0.79225206,0.027298076,0.03356206,0.7324874,-0.14490414,0.53186524,-0.3972247,0.11377743,0.52370596,-0.19640015,0.15024218,0.57795787,-0.13530374,1.187153,0.039914213,0.82431835,-0.032589495,-0.22298771,0.65269953,0.2296052,-0.5514436,0.09812914,-0.09442169
../data/train_data_mmini/10/Train_0045.jpg	10	-1.0,-1.0,-1.0,-1.0,1.0,-1.0,1.0,-1.0,1.0,1.0,-1.0,-1.0,1.0,1.0,1.0,-1.0,1.0,-1.0,-1.0,1.0,1.0,-1.0,1.0,-1.0	-0.88340455,-1.6913558,-0.33369678,-0.57965624,0.93186045,-0.5935427,1.6226621,-1.9189279,0.8425266,0.53026825,-1.9660281,-0.11933685,0.91828555,0.19640571,2.7926428,-1.97181,2.9024909,-1.5385733,-0.32996747,2.4282234,0.53990746,-2.5833282,1.1025609,-1.4386914
../data/train_data_mmini/10/Train_0046.jpg	10	-1.0,-1.0,-1.0,-1.0,1.0,1.0,1.0,-1.0,1.0,1.0,-1.0,-1.0,1.0,-1.0,1.0,-1.0,1.0,-1.0,-1.0,1.0,1.0,-1.0,1.0,-1.0	-0.04800556,-0.7512147,-0.06507205,-0.008719225,0.69987243,0.05306524,0.31576523,-1.0059093,0.31366932,0.40404707,-0.9639646,-0.011852047,0.6761591,-0.26105088,1.4806145,-1.0859371,1.4549711,-0.82971025,-0.8342399,1.3040481,0.52422345,-1.4937657,0.43233767,-0.6833276
../data/train_data_mmini/10/Train_0047.jpg	10	-1.0,-1.0,-1.0,-1.0,1.0,-1.0,1.0,-1.0,1.0,1.0,-1.0,1.0,1.0,1.0,1.0,-1.0,1.0,-1.0,-1.0,1.0,1.0,-1.0,1.0,-1.0	-0.5485713,-0.98885185,-0.26317924,-0.36269915,0.7066652,-0.47127703,1.2450728,-1.3949549,0.4801908,0.63609725,-1.582071,0.09598691,0.7890336,0.21688218,1.8995318,-1.2660527,1.9462752,-0.7424451,-0.2064438,1.994585,0.49694833,-1.7928741,0.80169874,-0.9390667
../data/train_data_mmini/10/Train_0048.jpg	10	-1.0,-1.0,-1.0,-1.0,1.0,-1.0,1.0,-1.0,1.0,1.0,-1.0,-1.0,1.0,-1.0,1.0,-1.0,1.0,-1.0,-1.0,1.0,1.0,-1.0,1.0,-1.0	-0.25322083,-1.2790445,-0.16721334,-0.42023137,1.1626691,-0.5917159,1.2192487,-1.4213682,0.9216768,0.6773828,-1.4738724,-0.0061584814,1.2167482,-0.09088943,2.2881415,-0.9912909,2.5733504,-1.5044937,-0.07077835,1.5509307,0.81749535,-2.1320186,0.32417363,-0.2903453
../data/train_data_mmini/10/Train_0049.jpg	10	-1.0,-1.0,-1.0,-1.0,1.0,-1.0,1.0,-1.0,1.0,1.0,-1.0,-1.0,1.0,1.0,1.0,-1.0,1.0,-1.0,-1.0,1.0,1.0,-1.0,1.0,-1.0	-0.13846329,-0.9313606,-0.14939786,-0.009359931,0.5595172,-0.38218412,0.93292284,-1.017475,0.16299511,0.412688,-1.0036514,-0.019177377,0.70743763,0.31131032,1.4330567,-0.40532845,1.4243774,-0.29349828,-0.20986982,1.0745043,0.2041624,-1.2879561,0.57562095,-0.7701436
