../data/train_data_mmini/1/Train_0000.jpg	1	1.0,1.0,-1.0,-1.0,1.0,1.0,-1.0,1.0,-1.0,-1.0,1.0,-1.0	0.2038144,0.10284793,-0.0656078,-0.22645703,0.22029734,0.16928461,-0.22798851,0.010364876,-0.053181022,-0.08033641,0.51940924,-0.32574007
../data/train_data_mmini/1/Train_0001.jpg	1	1.0,-1.0,-1.0,-1.0,1.0,1.0,-1.0,-1.0,-1.0,-1.0,1.0,-1.0	0.2582368,-0.017730284,-0.0096923085,-0.28488135,0.25084284,0.17980999,-0.33038664,-0.056764577,-0.061993234,-0.06688291,0.6464374,-0.39670065
../data/train_data_mmini/1/Train_0002.jpg	1	1.0,1.0,-1.0,-1.0,1.0,1.0,-1.0,1.0,-1.0,-1.0,1.0,-1.0	0.17804529,0.13365376,-0.0013273878,-0.26951894,0.23537213,0.17740104,-0.15065981,0.055113096,-0.078411534,-0.1417815,0.39378247,-0.252362
../data/train_data_mmini/1/Train_0003.jpg	1	1.0,1.0,-1.0,-1.0,1.0,1.0,-1.0,1.0,1.0,-1.0,1.0,-1.0	0.2162313,0.07740754,-0.006601142,-0.21580091,0.18948837,0.18385063,-0.29992574,0.014668204,0.00061069545,-0.06651635,0.6259193,-0.29152262
../data/train_data_mmini/1/Train_0004.jpg	1	1.0,1.0,-1.0,-1.0,1.0,1.0,-1.0,-1.0,-1.0,-1.0,1.0,-1.0	0.2442507,0.123687334,-0.054131065,-0.33082864,0.25053048,0.17876993,-0.3220192,-0.034606267,-0.103833385,-0.1006353,0.5558145,-0.34979385
../data/train_data_mmini/2/Train_0005.jpg	2	1.0,1.0,-1.0,-1.0,1.0,1.0,-1.0,-1.0,-1.0,-1.0,1.0,-1.0	0.26218262,0.01583417,-0.04567106,-0.29094204,0.26553613,0.1731769,-0.32200873,-0.04248513,-0.08354252,-0.09319486,0.7575649,-0.6052427
../data/train_data_mmini/2/Train_0006.jpg	2	1.0,1.0,-1.0,-1.0,1.0,1.0,-1.0,1.0,-1.0,-1.0,1.0,-1.0	0.24824618,0.028601846,-0.13613093,-0.31048444,0.2395555,0.10685938,-0.26554722,0.090929486,-0.00094361417,-0.15437621,0.63799846,-0.4255621
../data/train_data_mmini/2/Train_0007.jpg	2	1.0,1.0,1.0,-1.0,1.0,1.0,-1.0,-1.0,-1.0,-1.0,1.0,-1.0	0.1811043,0.08261886,0.00018196908,-0.2755689,0.2061746,0.17248577,-0.38175112,-0.027029734,-0.08149504,-0.049827732,0.63097537,-0.33304304
../data/train_data_mmini/2/Train_0008.jpg	2	1.0,1.0,-1.0,-1.0,1.0,1.0,-1.0,-1.0,-1.0,-1.0,1.0,-1.0	0.2645799,0.06683538,-0.026063988,-0.30865967,0.20123005,0.11374804,-0.2762817,-0.026565302,-0.05424594,-0.065616235,0.5633385,-0.43392193
../data/train_data_mmini/2/Train_0009.jpg	2	1.0,1.0,-1.0,-1.0,1.0,1.0,-1.0,1.0,-1.0,-1.0,1.0,-1.0	0.3411919,0.09877136,-0.08477122,-0.32213452,0.25559163,0.1869093,-0.45554838,0.00418966,-0.015212201,-0.07864569,0.8687956,-0.58878714
../data/train_data_mmini/3/Train_0010.jpg	3	1.0,1.0,-1.0,-1.0,1.0,1.0,-1.0,-1.0,1.0,-1.0,1.0,-1.0	0.20439723,0.07356551,-0.030227879,-0.3140542,0.1345108,0.14236058,-0.3614217,-0.060361903,0.0030821385,-0.08213104,0.66195613,-0.44155052
../data/train_data_mmini/3/Train_0011.jpg	3	1.0,1.0,-1.0,-1.0,1.0,1.0,-1.0,-1.0,-1.0,-1.0,1.0,-1.0	0.24953413,0.12476807,-0.019407691,-0.40580565,0.28667784,0.21267898,-0.24543023,-0.04229192,-0.23265633,-0.12926441,0.40465623,-0.32814062
../data/train_data_mmini/3/Train_0012.jpg	3	1.0,1.0,-1.0,-1.0,1.0,1.0,-1.0,-1.0,-1.0,-1.0,1.0,-1.0	0.29870823,0.10305572,-0.19326568,-0.28404203,0.29608566,0.23649013,-0.35469908,-0.06967016,-0.05537758,-0.124493815,0.6402398,-0.51102406
../data/train_data_mmini/3/Train_0013.jpg	3	1.0,1.0,-1.0,-1.0,1.0,1.0,-1.0,-1.0,-1.0,-1.0,1.0,-1.0	0.31525674,0.029543005,-0.0926753,-0.24961987,0.24484734,0.18080956,-0.29604802,-0.0010661414,-0.0050821365,-0.21508095,0.6701093,-0.5494184
../data/train_data_mmini/3/Train_0014.jpg	3	1.0,1.0,1.0,-1.0,1.0,1.0,-1.0,-1.0,-1.0,-1.0,1.0,-1.0	0.2722322,0.096662365,0.014307743,-0.3572934,0.28056034,0.19372323,-0.39152354,-0.007974088,-0.07433859,-0.13258453,0.69691646,-0.52509093
../data/train_data_mmini/4/Train_0015.jpg	4	1.0,1.0,-1.0,-1.0,1.0,1.0,-1.0,-1.0,-1.0,-1.0,1.0,-1.0	0.2620956,0.018684842,-0.09130371,-0.25312692,0.23633675,0.15245567,-0.18310092,-0.0734286,-0.099237524,-0.045015022,0.49049592,-0.38146025
../data/train_data_mmini/4/Train_0016.jpg	4	1.0,1.0,-1.0,-1.0,1.0,1.0,-1.0,-1.0,1.0,-1.0,1.0,-1.0	0.23837014,0.04003565,-0.0534333,-0.16949606,0.2649908,0.21104392,-0.2929518,-0.022939248,0.012479407,-0.08309674,0.62666327,-0.36127445
../data/train_data_mmini/4/Train_0017.jpg	4	1.0,1.0,-1.0,-1.0,1.0,1.0,-1.0,1.0,1.0,-1.0,1.0,-1.0	0.3290848,0.032356303,-0.20038323,-0.2706651,0.37024915,0.2497758,-0.31479645,0.015421912,0.037940547,-0.1761331,0.77251136,-0.5901069
../data/train_data_mmini/4/Train_0018.jpg	4	1.0,-1.0,1.0,-1.0,1.0,1.0,-1.0,-1.0,-1.0,-1.0,1.0,-1.0	0.18877394,-0.0012418891,0.0068228757,-0.31317106,0.2161927,0.10494606,-0.25879622,-0.019232458,-0.04192031,-0.040084258,0.51401305,-0.44930345
../data/train_data_mmini/4/Train_0019.jpg	4	1.0,1.0,-1.0,-1.0,1.0,1.0,-1.0,1.0,-1.0,-1.0,1.0,-1.0	0.32775784,0.009446622,-0.122869976,-0.29693654,0.2858332,0.19184972,-0.357786,0.0065550604,-0.0080432035,-0.19893509,0.7322588,-0.45372638
../data/train_data_mmini/5/Train_0020.jpg	5	1.0,1.0,-1.0,-1.0,1.0,1.0,-1.0,1.0,-1.0,-1.0,1.0,-1.0	0.24036781,0.06708518,-0.026292069,-0.31186882,0.290326,0.22060072,-0.3501081,0.008024247,-0.028943513,-0.07153941,0.7323779,-0.40817448
../data/train_data_mmini/5/Train_0021.jpg	5	1.0,1.0,-1.0,-1.0,1.0,1.0,-1.0,-1.0,-1.0,-1.0,1.0,-1.0	0.36443347,0.08581532,-0.08115685,-0.37672982,0.23101547,0.1775432,-0.35501927,-0.013432818,-0.19305292,-0.13525485,0.6967448,-0.5194565
../data/train_data_mmini/5/Train_0022.jpg	5	1.0,1.0,-1.0,-1.0,1.0,1.0,-1.0,-1.0,-1.0,-1.0,1.0,-1.0	0.23750733,0.04679485,-0.032996587,-0.26568642,0.22734775,0.16352183,-0.38171223,-0.0136641525,-0.026884893,-0.07886677,0.68244255,-0.45758134
../data/train_data_mmini/5/Train_0023.jpg	5	1.0,-1.0,1.0,-1.0,1.0,1.0,-1.0,-1.0,-1.0,-1.0,1.0,-1.0	0.14679515,-0.017588023,0.005605419,-0.29933646,0.1320021,0.14888191,-0.3012465,-0.0326446,-0.059334926,-0.0050544683,0.55632806,-0.32299808
../data/train_data_mmini/5/Train_0024.jpg	5	1.0,1.0,-1.0,-1.0,1.0,1.0,-1.0,-1.0,-1.0,-1.0,1.0,-1.0	0.27696905,0.1520991,-0.08107639,-0.22174004,0.16445246,0.2061804,-0.30004734,-0.011048506,-0.08218886,-0.070217095,0.59253544,-0.37435126
../data/train_data_mmini/6/Train_0025.jpg	6	1.0,1.0,-1.0,-1.0,1.0,1.0,-1.0,1.0,1.0,-1.0,1.0,-1.0	0.31735772,0.1788041,-0.17404488,-0.23651566,0.18207267,0.2770763,-0.30169284,0.045670822,0.072178416,-0.2600426,0.814398,-0.5211637
../data/train_data_mmini/6/Train_0026.jpg	6	1.0,1.0,1.0,-1.0,1.0,1.0,-1.0,1.0,-1.0,-1.0,1.0,-1.0	0.1808327,0.002571278,0.05699247,-0.31251663,0.30940282,0.16069448,-0.357463,0.031859774,-0.03236311,-0.023415351,0.76391584,-0.49869475
../data/train_data_mmini/6/Train_0027.jpg	6	1.0,1.0,-1.0,-1.0,1.0,1.0,-1.0,-1.0,-1.0,-1.0,1.0,-1.0	0.27158248,0.105139345,-0.04447662,-0.3427286,0.1870474,0.1871076,-0.33000097,-0.010012872,-0.018123366,-0.015936872,0.702463,-0.37557846
../data/train_data_mmini/6/Train_0028.jpg	6	1.0,1.0,1.0,-1.0,1.0,1.0,-1.0,1.0,-1.0,-1.0,1.0,-1.0	0.2671401,0.16071084,0.014667254,-0.37593576,0.2065102,0.15931357,-0.3147552,0.047077067,-0.12246315,-0.09786706,0.5634143,-0.2926315
../data/train_data_mmini/6/Train_0029.jpg	6	1.0,1.0,-1.0,-1.0,1.0,1.0,-1.0,1.0,1.0,-1.0,1.0,-1.0	0.224357,0.17674047,-0.12277112,-0.2085852,0.14688553,0.19115385,-0.35020256,0.008853685,0.04204119,-0.21513973,0.73036677,-0.62784606
../data/train_data_mmini/7/Train_0030.jpg	7	1.0,1.0,-1.0,-1.0,1.0,1.0,-1.0,-1.0,-1.0,-1.0,1.0,-1.0	0.24281299,0.00772822,-0.0938875,-0.29933017,0.3341347,0.22583923,-0.43386063,-0.045669153,-0.031836376,-0.11490438,0.90752,-0.5829106
../data/train_data_mmini/7/Train_0031.jpg	7	1.0,1.0,-1.0,-1.0,1.0,1.0,-1.0,1.0,1.0,-1.0,1.0,-1.0	0.38439956,0.04911099,-0.14998467,-0.29029617,0.33712023,0.23033236,-0.44142225,0.027799685,0.04719785,-0.124245845,0.94290555,-0.74068934
../data/train_data_mmini/7/Train_0032.jpg	7	1.0,1.0,-1.0,-1.0,1.0,1.0,-1.0,-1.0,-1.0,-1.0,1.0,-1.0	0.37949485,0.04891397,-0.1154954,-0.37863415,0.34067684,0.25028464,-0.31393594,-0.10510831,-0.19145334,-0.0057133436,0.6689067,-0.61622375
../data/train_data_mmini/7/Train_0033.jpg	7	1.0,1.0,-1.0,-1.0,1.0,1.0,-1.0,-1.0,-1.0,-1.0,1.0,-1.0	0.25945473,0.160362,-0.10748493,-0.29117474,0.26958385,0.20480184,-0.4611732,-0.026823133,-0.041681796,-0.05950524,0.7988229,-0.5286192
../data/train_data_mmini/7/Train_0034.jpg	7	1.0,1.0,1.0,-1.0,1.0,1.0,-1.0,-1.0,-1.0,-1.0,1.0,-1.0	0.3328137,0.24165489,0.036793627,-0.45927498,0.17397812,0.17859863,-0.36504808,-0.012171404,-0.29653066,-0.15227509,0.5648726,-0.37358308
../data/train_data_mmini/8/Train_0035.jpg	8	1.0,1.0,-1.0,-1.0,1.0,1.0,-1.0,-1.0,-1.0,-1.0,1.0,-1.0	0.27189994,0.04541245,-0.10797327,-0.24140814,0.17967688,0.20139083,-0.4038656,-0.031071195,-0.036957704,-0.10575366,0.762491,-0.65815586
../data/train_data_mmini/8/Train_0036.jpg	8	1.0,1.0,-1.0,-1.0,1.0,1.0,-1.0,1.0,1.0,-1.0,1.0,-1.0	0.3030816,0.13262087,-0.12426948,-0.32148352,0.26539508,0.25929242,-0.49438038,0.04451205,0.04140254,-0.1993306,0.9032699,-0.76090974
../data/train_data_mmini/8/Train_0037.jpg	8	1.0,1.0,-1.0,-1.0,1.0,1.0,-1.0,1.0,-1.0,-1.0,1.0,-1.0	0.36842918,0.17673945,-0.13852465,-0.33688772,0.28110906,0.27643263,-0.4224452,0.00038318828,-0.068847336,-0.14271152,0.8381699,-0.64398754
../data/train_data_mmini/8/Train_0038.jpg	8	1.0,1.0,-1.0,-1.0,1.0,1.0,-1.0,-1.0,-1.0,-1.0,1.0,-1.0	0.27385297,0.050258167,-0.071066715,-0.2070413,0.20087819,0.2307843,-0.35283703,-0.011949442,-0.06237521,-0.09040883,0.7431437,-0.5837004
../data/train_data_mmini/8/Train_0039.jpg	8	1.0,1.0,-1.0,-1.0,1.0,1.0,-1.0,1.0,1.0,-1.0,1.0,-1.0	0.2641225,0.19162278,-0.1255561,-0.29835963,0.21960863,0.23851758,-0.51844454,0.0017826742,0.0037893262,-0.20871378,0.8634395,-0.7900799
../data/train_data_mmini/9/Train_0040.jpg	9	1.0,1.0,-1.0,-1.0,1.0,1.0,-1.0,-1.0,-1.0,-1.0,1.0,-1.0	0.32312414,0.09801881,-0.06238058,-0.3078915,0.25999695,0.17867003,-0.3858003,-0.03350686,-0.09816296,-0.108737856,0.7145404,-0.490549
../data/train_data_mmini/9/Train_0041.jpg	9	1.0,1.0,-1.0,-1.0,1.0,1.0,-1.0,-1.0,-1.0,-1.0,1.0,-1.0	0.29821894,0.10553696,-0.032301754,-0.3307306,0.257891,0.2798302,-0.42318836,-0.08712968,-0.028657358,-0.07003493,0.8114747,-0.57111746
../data/train_data_mmini/9/Train_0042.jpg	9	1.0,1.0,-1.0,-1.0,1.0,1.0,-1.0,-1.0,-1.0,-1.0,1.0,-1.0	0.34174246,0.10576591,-0.10675144,-0.3468457,0.23806642,0.19669014,-0.2955899,-0.037442252,-0.12655857,-0.10434919,0.5504282,-0.3670429
../data/train_data_mmini/9/Train_0043.jpg	9	1.0,1.0,-1.0,-1.0,1.0,1.0,-1.0,-1.0,-1.0,-1.0,1.0,-1.0	0.30964783,0.06882312,-0.0705218,-0.3342537,0.22306237,0.15677257,-0.39739284,-0.036739964,-0.05160907,-0.12430883,0.77120537,-0.554732
../data/train_data_mmini/9/Train_0044.jpg	9	1.0,1.0,-1.0,-1.0,1.0,1.0,-1.0,-1.0,-1.0,-1.0,1.0,-1.0	0.29993004,0.11480658,-0.17524578,-0.24815483,0.26723254,0.21494155,-0.40044117,-0.03384753,-0.012167561,-0.19387846,0.811558,-0.5038643
../data/train_data_mmini/10/Train_0045.jpg	10	1.0,1.0,-1.0,-1.0,1.0,1.0,-1.0,-1.0,-1.0,-1.0,1.0,-1.0	0.28033543,0.22322479,-0.21454082,-0.23774049,0.22687541,0.2988668,-0.46717787,-0.020185748,-0.0063911863,-0.14362484,0.86328924,-0.8727747
../data/train_data_mmini/10/Train_0046.jpg	10	1.0,1.0,-1.0,-1.0,1.0,1.0,-1.0,1.0,-1.0,-1.0,1.0,-1.0	0.23234896,0.15245268,-0.1284543,-0.19192667,0.18723692,0.21128115,-0.20163797,0.018360624,-0.0793682,-0.104754224,0.45597374,-0.3418114
../data/train_data_mmini/10/Train_0047.jpg	10	1.0,1.0,-1.0,-1.0,1.0,1.0,-1.0,1.0,-1.0,-1.0,1.0,-1.0	0.42736167,0.21421571,-0.17184019,-0.34036618,0.22581166,0.27359796,-0.48800585,0.032932963,-0.05303392,-0.20194656,0.9013912,-0.7689451
../data/train_data_mmini/10/Train_0048.jpg	10	1.0,1.0,-1.0,-1.0,1.0,1.0,-1.0,-1.0,1.0,-1.0,1.0,-1.0	0.3163189,0.18708073,-0.2147911,-0.2740841,0.28117618,0.32211602,-0.4312897,-0.03624538,0.030721063,-0.1423802,0.82534033,-0.8227244
../data/train_data_mmini/10/Train_0049.jpg	10	1.0,1.0,-1.0,-1.0,1.0,1.0,-1.0,1.0,-1.0,-1.0,1.0,-1.0	0.32745862,0.15691276,-0.12554643,-0.24565451,0.15851796,0.24882472,-0.46895596,0.0033764008,-0.03974484,-0.14317697,0.82445556,-0.7406806
