74
74
74
74
74
74
74
74
74
74
74
74
74
74
74
74
74
77
77
77
77
77
77
77
77
77
77
77
77
77
77
77
132
132
132
132
132
132
132
132
132
132
132
132
50
50
50
50
50
50
50
50
50
50
50
50
50
50
157
157
157
157
157
157
157
157
157
157
157
157
157
157
157
157
157
118
118
118
118
118
118
118
118
118
118
118
118
118
118
118
118
118
136
136
136
136
136
136
136
136
136
136
136
136
136
136
136
20
20
20
20
20
20
20
20
20
20
20
20
180
180
180
180
180
180
180
180
180
180
180
180
180
140
140
140
140
140
140
140
140
140
140
140
140
140
140
75
75
75
75
75
75
75
75
75
75
75
75
75
75
129
129
129
129
129
129
129
129
129
129
129
129
129
129
97
97
97
97
97
97
97
97
97
97
97
97
97
97
40
40
40
40
40
40
40
40
40
40
40
40
40
40
40
160
160
160
160
160
160
160
160
160
160
160
160
160
160
112
112
112
112
112
112
112
112
112
112
112
112
112
112
112
112
112
87
87
87
87
87
87
87
87
87
87
87
87
87
87
87
206
206
206
206
206
206
206
206
206
206
206
206
206
206
206
95
95
95
95
95
95
95
95
95
95
95
95
95
95
95
106
106
106
106
106
106
106
106
106
106
106
106
106
106
106
106
106
105
105
105
105
105
105
105
105
105
105
105
105
105
105
105
2
2
2
2
2
2
2
2
2
2
2
2
2
2
165
165
165
165
165
165
165
165
165
165
165
165
165
165
10
10
10
10
10
10
10
10
10
10
10
10
10
10
169
169
169
169
169
169
169
169
169
169
169
137
137
137
137
137
137
137
137
137
137
137
137
137
137
109
109
109
109
109
109
109
109
109
109
109
109
109
109
144
144
144
144
144
144
144
144
144
144
144
144
144
144
185
185
185
185
185
185
185
185
185
185
185
185
185
185
184
184
184
184
184
184
184
184
184
184
184
184
184
184
184
86
86
86
86
86
86
86
86
86
86
86
86
86
86
86
86
86
175
175
175
175
175
175
175
175
175
175
175
175
175
175
203
203
203
203
203
203
203
203
203
203
203
203
203
203
186
186
186
186
186
186
186
186
186
186
186
186
186
186
186
19
19
19
19
19
19
19
19
19
19
19
19
19
19
19
22
22
22
22
22
22
22
22
22
22
22
22
22
22
123
123
123
123
123
123
123
123
123
123
123
123
123
123
179
179
179
179
179
179
179
179
179
179
179
179
179
179
191
191
191
191
191
191
191
191
191
191
191
191
191
191
191
191
191
61
61
61
61
61
61
61
61
61
61
61
61
61
61
66
66
66
66
66
66
66
66
66
66
66
66
66
66
173
173
173
173
173
173
173
173
173
173
173
158
158
158
158
158
158
158
158
158
158
158
158
158
158
79
79
79
79
79
79
79
79
79
79
79
79
79
79
79
79
79
189
189
189
189
189
189
189
189
189
189
189
189
189
189
21
21
21
21
21
21
21
21
21
21
21
21
21
21
80
80
80
80
80
80
80
80
80
80
80
80
80
80
80
80
80
5
5
5
5
5
5
5
5
5
5
5
5
5
5
3
3
3
3
3
3
3
3
3
3
3
3
3
3
3
192
192
192
192
192
192
192
192
192
192
23
23
23
23
23
23
23
23
23
23
23
23
23
23
85
85
85
85
85
85
85
85
85
85
85
85
85
85
85
116
116
116
116
116
116
116
116
116
116
116
116
116
116
6
6
6
6
6
6
6
6
6
6
6
6
6
6
148
148
148
148
148
148
148
148
148
148
148
148
148
148
199
199
199
199
199
199
199
199
199
199
199
199
199
199
138
138
138
138
138
138
138
138
138
138
138
138
138
138
76
76
76
76
76
76
76
76
76
76
76
76
76
24
24
24
24
24
24
24
24
24
24
24
24
24
128
128
128
128
128
128
128
128
128
128
128
128
128
128
128
168
168
168
168
168
168
168
168
168
168
168
168
168
168
168
168
168
71
71
71
71
71
71
71
71
71
71
71
71
71
71
103
103
103
103
103
103
103
103
103
103
103
103
103
103
103
44
44
44
44
44
44
44
44
44
44
44
44
44
44
167
167
167
167
167
167
167
167
167
167
167
167
167
167
45
45
45
45
45
45
45
45
45
45
45
45
45
45
110
110
110
110
110
110
110
110
110
110
110
110
110
110
110
58
58
58
58
58
58
58
58
58
58
58
58
58
58
39
39
39
39
39
39
39
39
39
39
39
39
39
39
152
152
152
152
152
152
152
152
152
152
152
152
152
152
72
72
72
72
72
72
72
72
72
72
72
72
72
72
57
57
57
57
57
57
57
57
57
57
57
57
57
57
54
54
54
54
54
54
54
54
54
54
54
54
54
54
139
139
139
139
139
139
139
139
139
139
139
139
139
139
139
141
141
141
141
141
141
141
141
141
141
141
141
141
141
198
198
198
198
198
198
198
198
198
198
198
198
198
198
92
92
92
92
92
92
92
92
92
92
92
92
145
145
145
145
145
145
145
145
145
145
145
145
145
18
18
18
18
18
18
18
18
18
18
18
18
18
18
174
174
174
174
174
174
174
174
174
174
174
174
174
174
89
89
89
89
89
89
89
89
89
89
89
89
89
89
98
98
98
98
98
98
98
98
98
98
98
98
98
98
47
47
47
47
47
47
47
47
47
47
47
47
47
47
47
47
47
196
196
196
196
196
196
196
196
196
196
196
196
196
196
0
0
0
0
0
0
0
0
0
0
0
0
0
0
68
68
68
68
68
68
68
68
68
68
68
68
68
68
82
82
82
82
82
82
82
82
82
82
82
82
82
82
82
82
82
127
127
127
127
127
127
127
127
127
127
127
127
127
127
127
156
156
156
156
156
156
156
156
156
156
156
156
156
156
156
4
4
4
4
4
4
4
4
4
4
4
4
4
4
142
142
142
142
142
142
142
142
142
142
142
142
142
142
59
59
59
59
59
59
59
59
59
59
59
59
59
59
202
202
202
202
202
202
202
202
202
202
202
202
202
202
202
202
202
51
51
51
51
51
51
51
51
51
51
51
51
51
51
193
193
193
193
193
193
193
193
193
193
193
193
193
193
193
161
161
161
161
161
161
161
161
161
161
161
161
161
161
46
46
46
46
46
46
46
46
46
46
46
46
46
46
46
46
46
63
63
63
63
63
63
63
63
63
63
63
63
63
63
63
14
14
14
14
14
14
14
14
14
14
14
14
14
14
43
43
43
43
43
43
43
43
43
43
43
43
43
43
43
163
163
163
163
163
163
163
163
163
163
163
163
163
163
55
55
55
55
55
55
55
55
55
55
55
55
55
55
55
81
81
81
81
81
81
81
81
81
81
81
81
81
81
81
81
81
207
207
207
207
207
207
207
207
207
207
207
207
207
207
176
176
176
176
176
176
176
176
176
176
176
176
176
176
176
181
181
181
181
181
181
181
181
181
181
181
181
181
181
181
120
120
120
120
120
120
120
120
120
120
120
120
120
120
120
31
31
31
31
31
31
31
31
31
31
31
31
31
134
134
134
134
134
134
134
134
134
134
134
134
134
134
34
34
34
34
34
34
34
34
34
34
34
34
34
34
34
83
83
83
83
83
83
83
83
83
83
83
83
83
83
83
101
101
101
101
101
101
101
101
101
101
101
101
101
101
200
200
200
200
200
200
200
200
200
200
200
200
200
200
200
200
200
151
151
151
151
151
151
151
151
151
151
151
151
151
56
56
56
56
56
56
56
56
56
56
56
56
56
56
65
65
65
65
65
65
65
65
65
65
65
65
65
65
65
65
65
48
48
48
48
48
48
48
48
48
48
48
48
78
78
78
78
78
78
78
78
78
78
78
78
78
78
78
131
131
131
131
131
131
131
131
131
131
131
131
131
131
190
190
190
190
190
190
190
190
190
190
190
190
190
135
135
135
135
135
135
135
135
135
135
135
135
135
135
135
135
135
205
205
205
205
205
205
205
205
205
205
205
205
205
205
205
60
60
60
60
60
60
60
60
60
60
60
60
60
60
69
69
69
69
69
69
69
69
69
69
69
69
69
69
195
195
195
195
195
195
195
195
195
195
195
195
195
195
94
94
94
94
94
94
94
94
94
94
94
7
7
7
7
7
7
7
7
7
7
7
7
7
7
155
155
155
155
155
155
155
155
155
155
155
155
155
155
155
62
62
62
62
62
62
62
62
62
62
62
62
62
183
183
183
183
183
183
183
183
183
183
183
183
183
119
119
119
119
119
119
119
119
119
119
119
119
119
119
119
119
119
115
115
115
115
115
115
115
115
115
115
115
115
115
115
115
102
102
102
102
102
102
102
102
102
102
102
102
102
102
27
27
27
27
27
27
27
27
27
27
27
27
27
27
1
1
1
1
1
1
1
1
1
1
1
1
1
1
1
1
1
33
33
33
33
33
33
33
33
33
33
33
33
33
33
133
133
133
133
133
133
133
133
133
133
133
133
133
133
188
188
188
188
188
188
188
188
188
188
188
188
188
188
188
188
188
99
99
99
99
99
99
99
99
99
99
99
99
99
99
108
108
108
108
108
108
108
108
108
108
108
108
108
108
149
149
149
149
149
149
149
149
149
149
149
149
149
149
187
187
187
187
187
187
187
187
187
187
187
187
187
187
143
143
143
143
143
143
143
143
143
143
143
143
143
143
143
143
143
178
178
178
178
178
178
178
178
178
178
178
178
178
178
178
36
36
36
36
36
36
36
36
36
36
36
36
36
36
36
52
52
52
52
52
52
52
52
52
52
52
52
52
126
126
126
126
126
126
126
126
126
126
126
126
126
126
126
124
124
124
124
124
124
124
124
124
124
124
124
124
124
32
32
32
32
32
32
32
32
32
32
32
32
32
32
162
162
162
162
162
162
162
162
162
162
162
162
162
162
73
73
73
73
73
73
73
73
73
73
73
73
73
73
159
159
159
159
159
159
159
159
159
159
159
159
159
159
147
147
147
147
147
147
147
147
147
147
147
147
147
147
17
17
17
17
17
17
17
17
17
17
17
17
17
17
122
122
122
122
122
122
122
122
122
122
122
122
122
122
146
146
146
146
146
146
146
146
146
146
146
146
146
182
182
182
182
182
182
182
182
182
182
182
182
182
182
26
26
26
26
26
26
26
26
26
26
26
26
26
26
26
154
154
154
154
154
154
154
154
154
154
154
154
154
154
121
121
121
121
121
121
121
121
121
121
121
121
121
121
130
130
130
130
130
130
130
130
130
130
130
130
130
130
90
90
90
90
90
90
90
90
90
90
90
90
90
90
15
15
15
15
15
15
15
15
15
15
15
15
15
42
42
42
42
42
42
42
42
42
42
42
42
42
42
153
153
153
153
153
153
153
153
153
153
153
153
153
153
153
153
153
107
107
107
107
107
107
107
107
107
107
107
107
107
107
107
88
88
88
88
88
88
88
88
88
88
88
88
88
88
88
8
8
8
8
8
8
8
8
8
