../data/train_data_mmini/1/Train_0000.jpg	1	1.0,-1.0,-1.0,-1.0,-1.0,1.0,1.0,1.0	3.888895,-3.6171327,-4.7221975,-4.795739,-0.43175477,11.861128,6.806171,0.13178912
../data/train_data_mmini/1/Train_0001.jpg	1	1.0,-1.0,-1.0,-1.0,1.0,1.0,1.0,-1.0	4.2280774,-3.342079,-5.6580873,-5.893948,0.09633629,12.489751,6.5787644,-0.04624373
../data/train_data_mmini/1/Train_0002.jpg	1	1.0,-1.0,-1.0,-1.0,-1.0,1.0,1.0,-1.0	5.0276585,-4.591393,-5.568132,-5.2497826,-0.67823887,14.283643,8.2651615,-0.10489862
../data/train_data_mmini/1/Train_0003.jpg	1	1.0,-1.0,-1.0,-1.0,-1.0,1.0,1.0,-1.0	3.5205657,-3.1951058,-4.65102,-5.1495285,-0.43735075,11.210211,5.951268,-0.07514058
../data/train_data_mmini/1/Train_0004.jpg	1	1.0,-1.0,-1.0,-1.0,1.0,1.0,1.0,1.0	3.7646804,-3.8493454,-4.952975,-4.8519545,0.061436936,12.767912,7.6957345,0.36730507
../data/train_data_mmini/2/Train_0005.jpg	2	1.0,-1.0,-1.0,-1.0,-1.0,1.0,1.0,-1.0	3.8770576,-2.998485,-4.5082693,-4.9331036,-1.6540844,11.505201,5.7564387,-0.3782063
../data/train_data_mmini/2/Train_0006.jpg	2	1.0,-1.0,-1.0,-1.0,-1.0,1.0,1.0,-1.0	4.7210293,-2.7997863,-4.509322,-4.647923,-4.674886,13.706394,7.2470355,-1.0563126
../data/train_data_mmini/2/Train_0007.jpg	2	1.0,-1.0,-1.0,-1.0,1.0,1.0,1.0,1.0	2.8812594,-3.283204,-3.7679737,-3.7737586,0.82337415,9.901905,6.2768283,0.57148355
../data/train_data_mmini/2/Train_0008.jpg	2	1.0,-1.0,-1.0,-1.0,-1.0,1.0,1.0,-1.0	3.9283237,-3.491577,-3.4462447,-3.3864331,-2.6050117,12.341554,7.534719,-0.3543679
../data/train_data_mmini/2/Train_0009.jpg	2	1.0,-1.0,-1.0,-1.0,-1.0,1.0,1.0,-1.0	3.8171043,-2.66031,-4.6383266,-5.5452094,-2.4506793,12.744401,6.353621,-0.6921695
../data/train_data_mmini/3/Train_0010.jpg	3	1.0,-1.0,-1.0,-1.0,-1.0,1.0,1.0,-1.0	1.7538725,-1.3765707,-2.5265954,-3.0248594,-1.8204563,8.433883,5.0113077,-0.3459128
../data/train_data_mmini/3/Train_0011.jpg	3	1.0,-1.0,-1.0,-1.0,1.0,1.0,1.0,1.0	4.7790456,-5.607254,-6.357826,-6.1237288,2.8938663,14.834222,9.55899,0.9842306
../data/train_data_mmini/3/Train_0012.jpg	3	1.0,-1.0,-1.0,-1.0,-1.0,1.0,1.0,1.0	6.0282097,-4.4255385,-8.537961,-8.22892,-0.12077434,17.12248,8.562182,0.0056615598
../data/train_data_mmini/3/Train_0013.jpg	3	1.0,-1.0,-1.0,-1.0,-1.0,1.0,1.0,-1.0	5.7376103,-3.8112257,-5.0548344,-4.802887,-5.1268997,15.399666,8.897983,-1.2089677
../data/train_data_mmini/3/Train_0014.jpg	3	1.0,-1.0,-1.0,-1.0,-1.0,1.0,1.0,1.0	3.7389724,-3.5139782,-4.1985197,-4.569135,-1.2464137,12.390589,7.2421737,0.071379036
../data/train_data_mmini/4/Train_0015.jpg	4	1.0,-1.0,-1.0,-1.0,-1.0,1.0,1.0,1.0	5.775792,-4.7601976,-6.546376,-5.966179,-2.1291685,16.9292,9.457127,0.13685662
../data/train_data_mmini/4/Train_0016.jpg	4	1.0,-1.0,-1.0,-1.0,-1.0,1.0,1.0,-1.0	3.7520163,-3.1159043,-4.470552,-5.071851,-0.23851033,10.081014,4.8109937,-0.42635387
../data/train_data_mmini/4/Train_0017.jpg	4	1.0,-1.0,-1.0,-1.0,-1.0,1.0,1.0,-1.0	5.7890058,-3.6734898,-6.5536184,-6.626135,-2.910231,15.694244,7.518392,-0.9492184
../data/train_data_mmini/4/Train_0018.jpg	4	1.0,-1.0,-1.0,-1.0,-1.0,1.0,1.0,1.0	2.4832683,-2.3020387,-3.1564443,-3.5694623,-0.9771374,8.86559,4.9125834,0.13201581
../data/train_data_mmini/4/Train_0019.jpg	4	1.0,-1.0,-1.0,-1.0,-1.0,1.0,1.0,-1.0	5.552048,-3.681532,-4.9671645,-5.2453833,-4.7294955,15.297243,8.218178,-1.2994493
../data/train_data_mmini/5/Train_0020.jpg	5	1.0,-1.0,-1.0,-1.0,-1.0,1.0,1.0,-1.0	3.508431,-3.133274,-4.6048594,-5.1602445,-0.18087117,11.380959,6.2011704,-0.17535363
../data/train_data_mmini/5/Train_0021.jpg	5	1.0,-1.0,-1.0,-1.0,-1.0,1.0,1.0,-1.0	5.179469,-4.9390526,-5.613441,-5.4373865,-1.9680195,16.49972,9.692499,-0.09144224
../data/train_data_mmini/5/Train_0022.jpg	5	1.0,-1.0,-1.0,-1.0,-1.0,1.0,1.0,-1.0	3.2855682,-2.6028302,-3.6004536,-3.858719,-1.8570993,10.545944,5.9221644,-0.28303385
../data/train_data_mmini/5/Train_0023.jpg	5	1.0,-1.0,-1.0,-1.0,-1.0,1.0,1.0,1.0	2.6640675,-2.4978116,-3.8237991,-4.0764956,-0.59689224,9.817916,5.6099443,0.034846637
../data/train_data_mmini/5/Train_0024.jpg	5	1.0,-1.0,-1.0,-1.0,1.0,1.0,1.0,1.0	4.140228,-4.4943075,-5.5316753,-5.217063,0.5331355,13.723511,8.421935,0.5520354
../data/train_data_mmini/6/Train_0025.jpg	6	1.0,-1.0,-1.0,-1.0,-1.0,1.0,1.0,1.0	4.36535,-3.660924,-5.372329,-5.8948665,-0.90070117,13.132304,7.0146937,0.08619073
../data/train_data_mmini/6/Train_0026.jpg	6	1.0,-1.0,-1.0,-1.0,1.0,1.0,1.0,1.0	2.9939284,-3.0032883,-4.567987,-5.3013268,0.33200723,10.68498,5.645309,0.43553254
../data/train_data_mmini/6/Train_0027.jpg	6	1.0,-1.0,-1.0,-1.0,1.0,1.0,1.0,1.0	3.0659883,-2.6998727,-4.4118834,-5.729658,0.15587944,10.962159,5.899035,0.41840202
../data/train_data_mmini/6/Train_0028.jpg	6	1.0,-1.0,-1.0,-1.0,1.0,1.0,1.0,1.0	3.4003386,-4.2807274,-3.977223,-4.103411,1.0544158,11.58699,7.5844636,0.66650844
../data/train_data_mmini/6/Train_0029.jpg	6	1.0,-1.0,-1.0,-1.0,-1.0,1.0,1.0,-1.0	4.737757,-2.673319,-5.035948,-5.407321,-4.2496095,14.040668,7.2113957,-1.0037105
../data/train_data_mmini/7/Train_0030.jpg	7	1.0,-1.0,-1.0,-1.0,-1.0,1.0,1.0,-1.0	5.049147,-3.412656,-5.6021414,-6.192196,-2.1116393,13.676659,6.3658137,-0.59004855
../data/train_data_mmini/7/Train_0031.jpg	7	1.0,-1.0,-1.0,-1.0,-1.0,1.0,1.0,-1.0	4.14209,-2.8066585,-4.968753,-5.2096252,-3.2237148,12.971414,6.6761203,-0.61717045
../data/train_data_mmini/7/Train_0032.jpg	7	1.0,-1.0,-1.0,-1.0,-1.0,1.0,1.0,1.0	4.9565725,-4.9441237,-6.0010157,-6.157948,-0.11230351,15.901149,9.074338,0.181998
../data/train_data_mmini/7/Train_0033.jpg	7	1.0,-1.0,-1.0,-1.0,1.0,1.0,1.0,-1.0	3.0483737,-2.8126438,-4.347531,-5.3548584,0.01839192,10.137051,5.1363764,-0.1196035
../data/train_data_mmini/7/Train_0034.jpg	7	1.0,-1.0,-1.0,-1.0,1.0,1.0,1.0,1.0	3.1383312,-5.2602706,-4.56831,-4.581573,3.882803,11.576414,8.837087,1.6059852
../data/train_data_mmini/8/Train_0035.jpg	8	1.0,-1.0,-1.0,-1.0,-1.0,1.0,1.0,-1.0	4.034881,-2.7489233,-4.367979,-4.4784675,-3.11641,12.839925,7.0735793,-0.53534675
../data/train_data_mmini/8/Train_0036.jpg	8	1.0,-1.0,-1.0,-1.0,-1.0,1.0,1.0,-1.0	3.8195517,-3.0349514,-4.3620768,-4.901185,-1.9899637,11.763946,5.991823,-0.3040707
../data/train_data_mmini/8/Train_0037.jpg	8	1.0,-1.0,-1.0,-1.0,1.0,1.0,1.0,1.0	4.5158296,-4.687752,-5.8964276,-6.1866403,0.69346535,14.786307,8.561983,0.450787
../data/train_data_mmini/8/Train_0038.jpg	8	1.0,-1.0,-1.0,-1.0,-1.0,1.0,1.0,-1.0	4.7507234,-3.431837,-4.9460235,-4.942316,-2.9755747,13.999841,7.5458183,-0.6733808
../data/train_data_mmini/8/Train_0039.jpg	8	1.0,-1.0,-1.0,-1.0,-1.0,1.0,1.0,-1.0	4.5015187,-3.0336514,-5.122248,-5.370022,-2.9457467,13.980312,7.427801,-0.41040713
../data/train_data_mmini/9/Train_0040.jpg	9	1.0,-1.0,-1.0,-1.0,-1.0,1.0,1.0,-1.0	5.037544,-4.6098566,-5.734176,-5.7639017,-1.3146819,15.813742,9.122757,-0.0022420606
../data/train_data_mmini/9/Train_0041.jpg	9	1.0,-1.0,-1.0,-1.0,1.0,1.0,1.0,-1.0	2.7235243,-2.775912,-3.9015079,-4.835108,0.86438745,9.069524,5.1704745,-0.027396383
../data/train_data_mmini/9/Train_0042.jpg	9	1.0,-1.0,-1.0,-1.0,-1.0,1.0,1.0,1.0	5.5711555,-5.2646127,-6.651186,-5.968406,-0.83643365,17.351694,10.42252,0.4557566
../data/train_data_mmini/9/Train_0043.jpg	9	1.0,-1.0,-1.0,-1.0,-1.0,1.0,1.0,-1.0	4.444091,-3.273919,-4.234625,-4.572615,-3.3772104,14.00518,7.9250073,-0.6096749
../data/train_data_mmini/9/Train_0044.jpg	9	1.0,-1.0,-1.0,-1.0,-1.0,1.0,1.0,-1.0	5.715317,-3.5121837,-6.652641,-7.0093994,-4.079214,17.145555,8.619093,-0.7426391
../data/train_data_mmini/10/Train_0045.jpg	10	1.0,-1.0,-1.0,-1.0,-1.0,1.0,1.0,-1.0	3.4153879,-2.3672583,-4.0852656,-4.514999,-2.3160093,11.511849,6.1247373,-0.27888143
../data/train_data_mmini/10/Train_0046.jpg	10	1.0,-1.0,-1.0,-1.0,-1.0,1.0,1.0,-1.0	4.553822,-3.6225977,-5.224816,-5.6366224,-1.7446555,14.240326,7.8218517,-0.18201433
../data/train_data_mmini/10/Train_0047.jpg	10	1.0,-1.0,-1.0,-1.0,-1.0,1.0,1.0,-1.0	4.9250045,-4.3900003,-5.2961936,-5.3762994,-2.478113,15.738127,9.035807,-0.057492573
../data/train_data_mmini/10/Train_0048.jpg	10	1.0,-1.0,-1.0,-1.0,-1.0,1.0,1.0,-1.0	4.911176,-2.7573714,-5.333618,-5.6031947,-3.8218038,14.292708,7.023137,-0.6634708
../data/train_data_mmini/10/Train_0049.jpg	10	1.0,-1.0,-1.0,-1.0,-1.0,1.0,1.0,-1.0	4.3882346,-3.616417,-4.8872232,-5.051819,-2.1782553,14.187832,8.2633,-0.10052037
