../data/train_data_mmini/1/Train_0000.jpg	1	1.0,1.0,-1.0,-1.0,1.0,1.0,1.0,1.0,1.0,1.0,-1.0,1.0,-1.0,-1.0,1.0,-1.0,1.0,-1.0,1.0,-1.0,-1.0,1.0,1.0,1.0	1.5682695,0.27645066,-9.162229,-1.2618778,0.8883833,0.9667769,1.1463569,6.5637307,1.2640896,2.7197392,-0.2571382,1.0539806,-0.30954993,-1.9243455,1.0228225,-0.7035795,1.4512776,-0.81754386,0.30986917,-2.0170567,-0.17966641,0.15021734,2.4098806,7.506743
../data/train_data_mmini/1/Train_0001.jpg	1	1.0,-1.0,-1.0,-1.0,1.0,-1.0,-1.0,1.0,-1.0,1.0,1.0,-1.0,1.0,-1.0,1.0,-1.0,-1.0,-1.0,-1.0,-1.0,-1.0,-1.0,1.0,1.0	3.39827,-2.8888378,-7.7884617,-2.347052,3.6267583,-1.4017594,-0.5295947,6.4478483,-0.39108813,1.9673713,2.696984,-0.57525736,0.80496114,-0.91699725,0.5819293,-0.039331205,-0.74808323,-1.1762679,-3.4922285,-0.057588253,-1.7750092,-0.7685812,2.4683788,5.251257
../data/train_data_mmini/1/Train_0002.jpg	1	1.0,1.0,-1.0,-1.0,-1.0,1.0,-1.0,1.0,-1.0,1.0,1.0,-1.0,-1.0,-1.0,-1.0,-1.0,1.0,-1.0,-1.0,-1.0,-1.0,1.0,-1.0,1.0	1.7850021,0.57764816,-13.317971,-0.5061204,-0.16218296,1.4704379,-2.540329,8.488704,-2.797398,3.9384925,0.61204433,-1.0087297,-0.02873481,-1.7218062,-1.3489883,-0.77790254,2.696987,-1.9575012,-2.0323138,-0.25961572,-2.6080163,3.589796,-0.8621755,11.450362
../data/train_data_mmini/1/Train_0003.jpg	1	-1.0,1.0,-1.0,-1.0,1.0,1.0,1.0,1.0,1.0,1.0,-1.0,1.0,-1.0,-1.0,1.0,1.0,-1.0,-1.0,1.0,-1.0,1.0,-1.0,1.0,1.0	-0.4642022,0.36880985,-5.486596,-0.07039929,1.0549519,0.18652312,1.7304081,4.297279,0.62693715,0.98725337,-1.1885083,1.0921608,-1.0221056,-1.5682606,2.4612994,1.3062887,-0.26038828,-0.34770337,0.27768132,-1.3688762,0.20493697,-2.5848699,4.1278124,4.715985
../data/train_data_mmini/1/Train_0004.jpg	1	1.0,-1.0,-1.0,-1.0,1.0,-1.0,1.0,1.0,1.0,1.0,1.0,1.0,1.0,-1.0,1.0,-1.0,1.0,1.0,1.0,-1.0,1.0,-1.0,1.0,1.0	1.9048622,-0.33823037,-8.843571,-1.6028117,2.368763,-0.6596729,1.6814218,7.216361,5.499882,3.8064263,0.44538847,1.5741192,0.5952668,-1.3043225,1.1988572,-1.0275826,0.36346552,1.3945395,1.5235907,-2.6225803,0.7398508,-0.76900274,2.895525,5.647718
../data/train_data_mmini/2/Train_0005.jpg	2	1.0,1.0,-1.0,1.0,1.0,1.0,-1.0,1.0,-1.0,1.0,-1.0,-1.0,1.0,-1.0,-1.0,1.0,-1.0,1.0,-1.0,1.0,1.0,-1.0,1.0,1.0	0.50908995,2.4120998,-8.4931345,2.3354135,1.475072,1.2845836,-0.8070943,7.4895053,-3.3596516,0.5707061,-2.5881488,-0.31753615,0.85560983,-1.486335,-0.51167154,2.2735038,-1.8675686,1.5372455,-0.022853663,0.60152346,1.2217052,-1.3877144,0.3555435,7.385916
../data/train_data_mmini/2/Train_0006.jpg	2	1.0,1.0,-1.0,1.0,-1.0,1.0,-1.0,1.0,-1.0,1.0,-1.0,1.0,1.0,-1.0,-1.0,1.0,-1.0,-1.0,1.0,-1.0,1.0,-1.0,-1.0,1.0	0.22763588,2.206097,-11.984932,3.3539321,-2.232066,1.4209659,-4.4664154,9.135337,-1.0532793,1.0719056,-1.8762016,0.69959843,0.25623327,-0.34442866,-5.52465,3.833452,-3.2009857,-1.6914961,2.7218707,-0.86031765,1.507321,-4.1721244,-0.06790275,8.676829
../data/train_data_mmini/2/Train_0007.jpg	2	1.0,1.0,-1.0,-1.0,1.0,-1.0,1.0,1.0,1.0,1.0,1.0,1.0,1.0,-1.0,1.0,1.0,-1.0,1.0,1.0,-1.0,1.0,-1.0,1.0,1.0	2.0634518,0.12418845,-8.902903,-0.22409995,2.3239088,-0.2940213,1.3152583,8.634295,4.2281284,4.062728,0.4007053,0.6375096,1.348651,-2.003621,1.363618,0.7312167,-0.53708535,4.762544,0.43295702,-1.5029279,1.4890337,-0.1645404,1.288137,5.764387
../data/train_data_mmini/2/Train_0008.jpg	2	1.0,1.0,-1.0,1.0,-1.0,-1.0,-1.0,1.0,1.0,1.0,1.0,1.0,1.0,-1.0,-1.0,1.0,-1.0,1.0,1.0,-1.0,1.0,1.0,-1.0,1.0	0.5602394,1.4197204,-10.595157,2.874578,-0.8100573,-1.1056414,-4.212146,9.135322,5.0470386,5.3285193,0.62575465,0.12415344,1.0587252,-0.17157882,-3.8157234,1.6757798,-2.2631416,4.2634783,4.0379267,-0.13689575,1.1625766,1.6961132,-2.1449852,5.1991577
../data/train_data_mmini/2/Train_0009.jpg	2	1.0,1.0,-1.0,1.0,1.0,-1.0,-1.0,1.0,1.0,1.0,-1.0,-1.0,1.0,-1.0,-1.0,1.0,-1.0,1.0,1.0,1.0,-1.0,-1.0,1.0,1.0	0.3126324,0.2654675,-17.115469,4.0817494,1.290504,-0.3106729,-2.720766,14.269371,0.66694564,4.3106513,-0.2136753,-0.7402827,1.3401457,-0.40415603,-0.3423745,6.5559425,-4.7309093,3.7195292,0.642381,0.6663218,-0.705619,-5.0430913,1.5081922,8.747433
../data/train_data_mmini/3/Train_0010.jpg	3	1.0,-1.0,-1.0,1.0,1.0,-1.0,-1.0,1.0,1.0,1.0,1.0,-1.0,1.0,1.0,-1.0,1.0,-1.0,1.0,1.0,1.0,1.0,-1.0,1.0,-1.0	1.1644286,-2.4203112,-7.351789,1.8444196,3.076599,-3.3780816,-2.6708887,8.519071,8.073011,3.7279525,1.4275317,-0.29543737,2.914268,1.6920576,-2.870619,3.8761356,-7.2573905,8.564596,3.4219987,1.1326108,1.4141462,-4.70421,1.1807749,-0.59661216
../data/train_data_mmini/3/Train_0011.jpg	3	1.0,-1.0,-1.0,-1.0,1.0,1.0,-1.0,1.0,1.0,1.0,1.0,-1.0,1.0,-1.0,1.0,1.0,1.0,1.0,-1.0,1.0,-1.0,1.0,1.0,1.0	6.0451894,-2.078661,-17.76638,-0.59829736,4.2403874,1.1028845,-2.0800066,14.525539,0.3313413,7.967697,2.6534808,-3.4114695,3.0923188,-3.1742916,0.67905205,0.94106376,1.3833473,3.7551644,-5.1773105,0.14125319,-2.513803,4.968702,0.1722146,13.553144
../data/train_data_mmini/3/Train_0012.jpg	3	1.0,-1.0,-1.0,-1.0,1.0,1.0,1.0,1.0,-1.0,1.0,1.0,1.0,-1.0,-1.0,-1.0,-1.0,1.0,-1.0,-1.0,-1.0,-1.0,-1.0,1.0,1.0	7.3111806,-3.6783967,-14.560065,-4.0359097,4.1696887,0.5429463,0.9033614,9.403198,-0.7555774,3.17938,1.5907371,1.4922484,-1.5158805,-2.5685012,-0.34537855,-1.3280877,0.107228585,-6.208024,-3.8544917,-1.6837585,-2.5735571,-0.07310084,5.5657086,12.725198
../data/train_data_mmini/3/Train_0013.jpg	3	1.0,1.0,-1.0,1.0,-1.0,-1.0,-1.0,1.0,1.0,1.0,1.0,1.0,-1.0,-1.0,-1.0,-1.0,1.0,-1.0,1.0,-1.0,-1.0,1.0,-1.0,1.0	1.276996,1.2096254,-12.110372,1.1747689,-2.9237728,-0.54004586,-5.671992,7.2198644,0.7868794,3.0452175,0.791308,0.23609926,-0.41432166,-0.32654834,-6.5576534,-0.5700957,0.6233047,-4.3236003,2.2856386,-1.1424397,-0.5002935,0.37787792,-1.896232,8.600343
../data/train_data_mmini/3/Train_0014.jpg	3	1.0,1.0,-1.0,1.0,-1.0,-1.0,-1.0,1.0,1.0,1.0,1.0,-1.0,1.0,-1.0,-1.0,1.0,-1.0,1.0,1.0,1.0,1.0,-1.0,-1.0,1.0	0.3473036,1.4584446,-10.781914,2.44004,-0.0007249185,-0.60286504,-2.7541494,7.8816924,1.2612785,4.2760453,0.8581573,-0.8294051,2.1668127,-0.82569027,-1.7815452,2.2929876,-0.043720808,5.493017,0.26432374,0.93310773,1.0124044,-1.0921633,-2.960133,5.536043
../data/train_data_mmini/4/Train_0015.jpg	4	1.0,1.0,-1.0,-1.0,1.0,1.0,1.0,1.0,1.0,1.0,-1.0,1.0,1.0,-1.0,-1.0,-1.0,1.0,1.0,1.0,-1.0,1.0,1.0,1.0,1.0	4.838093,2.5557652,-13.973928,-1.0091723,1.4651557,1.8534627,0.118590385,10.383057,2.816804,4.1477365,-2.890839,2.026473,0.81415623,-3.5693383,-3.5084462,-1.1383749,0.114062615,0.65014124,3.0485866,-2.6225147,3.156661,1.8587626,1.7968483,12.632806
../data/train_data_mmini/4/Train_0016.jpg	4	1.0,1.0,-1.0,1.0,1.0,1.0,-1.0,1.0,-1.0,1.0,1.0,-1.0,1.0,-1.0,1.0,1.0,-1.0,1.0,-1.0,1.0,-1.0,1.0,-1.0,1.0	0.4097872,0.0560175,-8.3315525,1.7025168,1.3498949,1.2843803,-3.5260854,6.676689,-5.934823,0.65767384,1.6719153,-2.4064927,1.0247163,-0.11976496,1.6574655,3.8935168,-2.3082097,0.9002794,-4.56327,2.4860954,-3.3360965,0.7278645,-0.44939435,6.772413
../data/train_data_mmini/4/Train_0017.jpg	4	1.0,1.0,-1.0,1.0,1.0,1.0,-1.0,1.0,-1.0,1.0,-1.0,-1.0,-1.0,-1.0,-1.0,1.0,-1.0,-1.0,-1.0,1.0,-1.0,-1.0,-1.0,1.0	2.6137972,0.9550892,-15.956804,2.6249678,0.16225082,3.1769161,-4.147039,11.162435,-6.2105536,1.453307,-0.99646604,-0.5295722,-0.25104034,-1.1702697,-3.5025275,3.3028715,-2.64259,-2.8074307,-2.5433667,0.2582092,-1.3248196,-0.65839046,-0.7300406,13.297107
../data/train_data_mmini/4/Train_0018.jpg	4	1.0,1.0,-1.0,1.0,1.0,-1.0,-1.0,1.0,1.0,1.0,-1.0,-1.0,1.0,-1.0,-1.0,1.0,-1.0,1.0,1.0,1.0,1.0,-1.0,-1.0,1.0	1.588421,1.8736835,-7.479084,2.2984242,2.6085787,-1.0483449,-0.27480966,7.790079,1.7216084,3.1245794,-1.1373327,-0.693013,1.591421,-1.1632377,-0.29995438,1.8355478,-2.1787002,6.2319694,2.1369965,0.53914064,2.219064,-1.2016643,-0.264872,4.317901
../data/train_data_mmini/4/Train_0019.jpg	4	-1.0,1.0,-1.0,1.0,-1.0,1.0,-1.0,1.0,-1.0,1.0,-1.0,-1.0,1.0,-1.0,-1.0,1.0,-1.0,-1.0,1.0,1.0,1.0,-1.0,-1.0,1.0	-1.695164,2.5941584,-12.052856,3.9655404,-3.2328775,0.30870184,-5.010924,7.533134,-2.446139,1.336223,-1.0056663,-0.61042637,0.13709249,-0.83849907,-4.838496,3.6636693,-0.8236097,-1.8999825,1.4795331,0.32037595,0.74654955,-3.2818666,-1.7509564,8.722768
../data/train_data_mmini/5/Train_0020.jpg	5	-1.0,-1.0,-1.0,-1.0,1.0,-1.0,-1.0,1.0,-1.0,1.0,1.0,-1.0,1.0,-1.0,1.0,1.0,-1.0,1.0,-1.0,-1.0,-1.0,-1.0,1.0,1.0	-0.50909305,-0.68355095,-6.0350227,-0.08927583,1.763536,-1.433764,-0.061340272,5.4003716,-0.93476915,1.1046679,1.2509122,-0.48825818,0.40012532,-0.5285915,2.473978,1.131824,-0.69645125,1.1712861,-2.0086775,-0.41597655,-1.4548163,-1.7795551,1.7892249,3.593797
../data/train_data_mmini/5/Train_0021.jpg	5	1.0,1.0,-1.0,1.0,-1.0,-1.0,1.0,1.0,1.0,1.0,-1.0,1.0,-1.0,-1.0,-1.0,-1.0,1.0,1.0,1.0,-1.0,1.0,1.0,1.0,1.0	1.3505086,3.087521,-10.492409,0.36277327,-0.0048218737,-0.07273446,1.371171,7.3074713,4.5045834,4.21616,-3.1200705,2.2404306,-0.28767002,-3.739451,-1.3061521,-1.3384883,2.7009997,0.8932535,4.381461,-2.8203406,3.2884457,0.31753835,1.8763081,9.263693
../data/train_data_mmini/5/Train_0022.jpg	5	1.0,1.0,-1.0,1.0,1.0,-1.0,-1.0,1.0,1.0,1.0,1.0,1.0,1.0,-1.0,-1.0,1.0,-1.0,1.0,1.0,-1.0,1.0,-1.0,-1.0,1.0	1.0278903,0.5114205,-10.563009,1.4344661,0.26755217,-0.41038767,-2.4623973,9.902106,3.4207447,2.9689271,0.30937046,0.47016558,1.738701,-0.42844665,-2.852513,2.627474,-3.7725039,3.7354789,2.7252948,-0.50562614,1.7062188,-1.8537151,-0.43299198,4.9676
../data/train_data_mmini/5/Train_0023.jpg	5	-1.0,-1.0,-1.0,-1.0,1.0,-1.0,1.0,1.0,1.0,1.0,-1.0,1.0,1.0,-1.0,1.0,1.0,-1.0,1.0,1.0,-1.0,1.0,-1.0,1.0,1.0	-0.074868,-0.12155377,-4.5903244,-0.6121979,1.64005,-1.3068565,1.8249985,4.9904556,3.643608,1.4938956,-0.017448142,1.3570344,0.3061611,-1.0001616,1.6372356,0.758699,-1.3365815,1.9870908,1.4111853,-1.6216688,1.2077188,-3.209408,3.5692263,2.2448666
../data/train_data_mmini/5/Train_0024.jpg	5	1.0,1.0,-1.0,-1.0,1.0,1.0,1.0,1.0,1.0,1.0,-1.0,1.0,-1.0,-1.0,1.0,-1.0,1.0,1.0,1.0,-1.0,1.0,-1.0,1.0,1.0	2.4399707,0.91438806,-12.188978,-1.0109643,2.899035,0.47947273,2.7556055,10.30329,5.2428145,4.94855,-1.6104419,1.6594456,-0.011667081,-2.8685203,3.0543647,-0.27827257,0.717623,2.0313745,2.2560475,-3.1904006,1.265814,-0.05769203,5.1299906,9.875417
../data/train_data_mmini/6/Train_0025.jpg	6	1.0,1.0,-1.0,1.0,1.0,1.0,-1.0,1.0,-1.0,1.0,-1.0,-1.0,1.0,-1.0,-1.0,1.0,-1.0,1.0,-1.0,1.0,-1.0,-1.0,1.0,1.0	1.6004797,1.2441797,-15.483774,3.6369157,1.9412603,1.8706791,-1.7259299,11.753254,-4.0699997,2.9657185,-1.2981687,-0.8299734,0.63005763,-1.7444812,-0.3118733,4.874216,-2.7017925,2.3301024,-1.969372,1.4035538,-0.6515668,-3.4443803,1.2124933,11.096849
../data/train_data_mmini/6/Train_0026.jpg	6	1.0,1.0,-1.0,1.0,1.0,-1.0,1.0,1.0,1.0,1.0,-1.0,-1.0,1.0,-1.0,1.0,1.0,-1.0,1.0,-1.0,1.0,1.0,-1.0,1.0,1.0	1.4353874,0.047344442,-9.393718,1.6346643,4.0364366,-0.039043084,1.0895969,10.43774,1.1193761,2.843692,-0.36220944,-1.2512372,1.5684718,-1.8420771,3.5050187,4.158138,-3.948522,6.4456,-0.7506531,0.6819311,1.7415959,-1.6774389,3.6202288,6.370443
../data/train_data_mmini/6/Train_0027.jpg	6	1.0,-1.0,-1.0,1.0,1.0,-1.0,-1.0,1.0,1.0,1.0,1.0,-1.0,1.0,1.0,1.0,1.0,-1.0,1.0,-1.0,1.0,1.0,-1.0,1.0,1.0	2.766295,-1.6337355,-15.126978,3.3074696,4.5480666,-2.6121202,-2.3065586,15.46438,1.1920242,4.098329,1.4194427,-2.4237363,4.162075,0.53554,0.028155064,6.3576317,-8.232185,11.027403,-1.784249,1.5975821,0.050352488,-5.024409,0.9412981,5.6070085
../data/train_data_mmini/6/Train_0028.jpg	6	1.0,1.0,-1.0,1.0,1.0,1.0,-1.0,1.0,1.0,1.0,1.0,-1.0,1.0,-1.0,-1.0,1.0,1.0,1.0,-1.0,1.0,-1.0,1.0,-1.0,1.0	0.3892369,1.8931829,-14.594699,3.3522687,0.5137587,0.7351061,-3.9743478,10.991925,1.0696461,7.4178615,1.8587381,-2.2417471,2.706275,-1.0757074,-0.51291037,2.849875,0.3615952,8.187694,-0.8985371,1.6699495,-0.8370819,2.6496232,-4.7107654,9.128769
../data/train_data_mmini/6/Train_0029.jpg	6	1.0,1.0,-1.0,1.0,-1.0,1.0,-1.0,1.0,1.0,1.0,-1.0,1.0,-1.0,1.0,-1.0,1.0,-1.0,-1.0,1.0,-1.0,-1.0,-1.0,1.0,1.0	0.66159284,0.4047501,-19.251272,3.7101889,-1.1159382,0.5136162,-6.0051594,13.980277,2.1076186,2.9101708,-0.7271617,0.772799,-0.4378959,0.8997817,-5.9427643,6.1262183,-5.7750463,-2.9509912,4.1539135,-1.4601549,-1.1059364,-5.980766,2.142691,10.825584
../data/train_data_mmini/7/Train_0030.jpg	7	1.0,1.0,-1.0,1.0,1.0,1.0,-1.0,1.0,-1.0,1.0,-1.0,-1.0,1.0,-1.0,-1.0,1.0,-1.0,-1.0,-1.0,1.0,-1.0,-1.0,1.0,1.0	1.4505061,2.0488718,-14.272217,3.489001,1.5211124,2.9145162,-2.3215222,10.477663,-7.7696013,0.5370197,-2.12622,-0.95418054,0.29396886,-2.155113,-1.084471,4.9854765,-2.914796,-0.8039962,-3.59441,1.2889858,-0.6509061,-2.5730152,0.79743856,11.925886
../data/train_data_mmini/7/Train_0031.jpg	7	1.0,-1.0,-1.0,1.0,1.0,1.0,-1.0,1.0,1.0,1.0,1.0,-1.0,1.0,1.0,-1.0,1.0,-1.0,-1.0,1.0,-1.0,-1.0,-1.0,1.0,1.0	0.40452334,-0.45885766,-10.15454,1.624599,0.20212424,0.021457657,-3.1347067,8.373738,0.41614574,1.8145399,1.2314211,-0.14982675,0.0742174,1.0562358,-1.5313662,2.6061263,-3.4371853,-0.18658853,0.43167588,-0.8352773,-1.8696213,-2.269852,0.7351351,5.303223
../data/train_data_mmini/7/Train_0032.jpg	7	1.0,1.0,-1.0,1.0,1.0,-1.0,-1.0,1.0,1.0,1.0,-1.0,-1.0,1.0,-1.0,1.0,1.0,-1.0,1.0,1.0,-1.0,1.0,1.0,1.0,1.0	3.4799325,0.3802204,-13.85435,1.2042933,2.9266179,-0.20304255,-0.9930064,11.79516,2.0052812,5.7999983,-0.031580046,-1.3848958,1.6720954,-1.7125324,0.25757667,0.9471583,-0.9053806,4.896837,0.009075978,-0.732042,0.11192934,1.2031255,0.6119477,9.448599
../data/train_data_mmini/7/Train_0033.jpg	7	1.0,-1.0,-1.0,1.0,1.0,-1.0,-1.0,1.0,1.0,1.0,-1.0,-1.0,1.0,-1.0,1.0,1.0,-1.0,1.0,-1.0,1.0,-1.0,-1.0,1.0,1.0	0.9029115,-0.1891695,-14.087539,4.1252294,3.6387596,-0.48606172,-0.21335295,13.414356,0.021394262,4.450812,-0.3368496,-0.9892493,0.5679169,-0.4604954,2.857675,6.109091,-5.7790947,5.582034,-0.6969133,0.8294573,-1.0938703,-4.0395436,3.7096426,7.7244077
../data/train_data_mmini/7/Train_0034.jpg	7	1.0,1.0,-1.0,1.0,1.0,-1.0,-1.0,1.0,1.0,1.0,1.0,-1.0,1.0,-1.0,1.0,1.0,-1.0,1.0,-1.0,-1.0,1.0,1.0,-1.0,1.0	2.3392575,0.6838227,-13.68696,2.164254,4.220288,-0.4485887,-0.15766269,12.187482,4.5034776,7.863277,1.0292532,-1.8038155,4.34716,-3.3253207,1.1221925,3.5631459,-1.5961847,10.57521,-2.6438446,-0.39390418,1.1221833,0.8360974,-1.3230964,8.095776
../data/train_data_mmini/8/Train_0035.jpg	8	1.0,1.0,-1.0,1.0,1.0,1.0,-1.0,1.0,1.0,1.0,-1.0,1.0,1.0,-1.0,-1.0,1.0,-1.0,1.0,1.0,-1.0,1.0,-1.0,-1.0,1.0	4.019604,0.7696163,-17.17032,2.5046148,1.5261366,0.16995127,-4.213088,15.155876,4.028108,4.7937946,-0.32225013,0.46445253,2.9714518,-0.591437,-6.265338,3.5629292,-6.206867,4.460388,3.875195,-0.2765776,2.7018373,-2.3548563,-0.5715297,9.29381
../data/train_data_mmini/8/Train_0036.jpg	8	1.0,1.0,-1.0,1.0,1.0,1.0,-1.0,1.0,-1.0,1.0,-1.0,-1.0,1.0,-1.0,-1.0,1.0,-1.0,1.0,1.0,1.0,1.0,-1.0,-1.0,1.0	1.440085,2.050687,-16.992542,4.9275055,0.8316929,1.6516068,-4.4323797,15.180477,-1.9403198,3.8076894,-0.4664526,-1.0496708,2.4693127,-0.42383492,-2.7237468,6.3528137,-5.261037,5.6367164,0.64851826,1.837839,0.8786626,-1.6584381,-1.9165535,10.264001
../data/train_data_mmini/8/Train_0037.jpg	8	1.0,-1.0,-1.0,1.0,1.0,1.0,-1.0,1.0,1.0,1.0,1.0,-1.0,1.0,-1.0,1.0,1.0,-1.0,1.0,-1.0,1.0,-1.0,1.0,1.0,1.0	3.6253552,-0.20942841,-17.505714,2.1303952,3.6932843,0.6964206,-0.8783229,15.910467,0.5388517,5.725821,0.18409677,-2.4350207,2.254842,-2.0349236,1.7231486,3.8299274,-2.5570083,6.3616652,-0.92182285,0.45057523,-0.07278384,0.32165846,1.9581255,11.689172
../data/train_data_mmini/8/Train_0038.jpg	8	1.0,-1.0,-1.0,1.0,1.0,1.0,-1.0,1.0,1.0,1.0,1.0,-1.0,1.0,1.0,-1.0,1.0,-1.0,1.0,1.0,-1.0,1.0,-1.0,-1.0,1.0	1.4109707,-0.1140829,-14.238838,1.5977155,0.057218604,0.5469176,-4.5113854,11.726286,0.9351271,2.719824,0.9894045,-0.071376614,2.0215359,0.36374152,-4.123373,3.529107,-4.639446,1.8388889,0.9862817,-0.055416588,0.20480119,-1.0848883,-1.0236233,7.632651
../data/train_data_mmini/8/Train_0039.jpg	8	1.0,-1.0,-1.0,1.0,1.0,1.0,-1.0,1.0,1.0,1.0,1.0,-1.0,1.0,-1.0,-1.0,1.0,-1.0,1.0,1.0,1.0,1.0,-1.0,-1.0,1.0	5.549308,-0.3361287,-23.4726,2.9054856,2.6265538,0.055378035,-5.144308,19.497396,2.6543007,6.25865,1.1766953,-0.31255636,2.7554822,-0.33195776,-6.3081946,4.307597,-6.50122,3.5478456,2.0456197,0.09522994,0.48763123,-3.5265594,-0.5570873,12.974121
../data/train_data_mmini/9/Train_0040.jpg	9	1.0,1.0,-1.0,-1.0,1.0,-1.0,1.0,1.0,1.0,1.0,-1.0,1.0,1.0,-1.0,-1.0,-1.0,1.0,1.0,1.0,-1.0,1.0,1.0,1.0,1.0	3.6636636,1.2857964,-14.626172,-0.16148607,1.5920962,-0.0013181414,0.023899078,11.433134,4.4836736,5.500174,-1.0123706,1.2334075,1.0071403,-2.792433,-2.3956883,-0.33980423,0.20256877,2.4494126,2.9069128,-2.211885,2.077762,0.30130723,1.2162682,10.580089
../data/train_data_mmini/9/Train_0041.jpg	9	1.0,-1.0,-1.0,1.0,1.0,-1.0,-1.0,1.0,-1.0,1.0,1.0,-1.0,1.0,-1.0,1.0,1.0,-1.0,1.0,-1.0,1.0,-1.0,-1.0,-1.0,1.0	0.8886764,-2.3279593,-8.222074,0.18276173,2.418277,-2.8942156,-2.447478,8.541799,-1.7388191,3.179285,4.1997876,-3.0765164,2.1127355,-0.25172186,1.8605467,2.96464,-1.4061768,2.9173923,-4.221354,2.0136635,-4.103201,-0.9382617,-0.20150703,3.599705
../data/train_data_mmini/9/Train_0042.jpg	9	1.0,1.0,-1.0,-1.0,1.0,1.0,1.0,1.0,1.0,1.0,-1.0,1.0,1.0,-1.0,-1.0,-1.0,1.0,-1.0,1.0,-1.0,1.0,1.0,1.0,1.0	4.9520116,0.3768312,-12.8381605,-2.395703,2.1892471,0.33459178,0.6288242,9.148407,4.705979,5.104481,-0.37987506,1.7299049,0.4813111,-2.953533,-2.156235,-2.8927398,2.1566434,-0.50244087,1.3740644,-3.19989,0.9621837,1.7842624,2.070888,10.85965
../data/train_data_mmini/9/Train_0043.jpg	9	1.0,1.0,-1.0,1.0,-1.0,1.0,-1.0,1.0,1.0,1.0,-1.0,1.0,1.0,-1.0,-1.0,1.0,-1.0,1.0,1.0,1.0,1.0,-1.0,-1.0,1.0	1.315375,3.2036452,-13.603132,3.9342735,-0.69241935,0.27961218,-3.7206233,11.61006,2.3829546,4.2705994,-1.5564842,0.43657637,2.1946902,-1.5986252,-5.535563,3.1667767,-2.8994012,5.041981,4.2643967,0.04057942,3.5368762,-1.3908334,-2.3353152,8.132723
../data/train_data_mmini/9/Train_0044.jpg	9	1.0,-1.0,-1.0,1.0,1.0,1.0,-1.0,1.0,1.0,1.0,-1.0,1.0,1.0,-1.0,-1.0,1.0,-1.0,-1.0,1.0,-1.0,-1.0,-1.0,1.0,1.0	3.6143289,-0.56283194,-16.973549,0.8218626,0.6925622,1.165318,-3.4509764,12.446372,1.1936088,2.5616553,-0.09156935,1.2808291,0.3069356,-0.41231346,-4.871638,2.7352588,-4.5654373,-2.8873672,1.1017091,-1.9947636,-1.0408367,-4.4563417,2.4089878,10.7444315
../data/train_data_mmini/10/Train_0045.jpg	10	1.0,1.0,-1.0,1.0,1.0,1.0,-1.0,1.0,1.0,1.0,1.0,-1.0,1.0,1.0,-1.0,1.0,-1.0,1.0,1.0,1.0,1.0,-1.0,-1.0,1.0	3.219257,0.3384228,-26.19801,7.4963765,2.1846569,0.33060622,-6.9371977,23.247936,3.3672836,7.7991867,1.4576247,-1.689395,4.105456,1.181045,-4.290152,9.354854,-9.317385,10.052049,3.8223972,2.504878,0.8457508,-4.111828,-2.442853,11.566238
../data/train_data_mmini/10/Train_0046.jpg	10	1.0,-1.0,-1.0,1.0,1.0,1.0,-1.0,1.0,1.0,1.0,1.0,-1.0,1.0,-1.0,-1.0,1.0,-1.0,1.0,1.0,-1.0,-1.0,-1.0,1.0,1.0	4.2415905,-0.90593505,-18.434492,1.397693,1.9267786,0.74230564,-2.3989265,14.3051815,1.5001221,5.120943,0.5735561,-0.06277286,1.7954485,-0.7480499,-2.7076232,3.0164673,-3.1841304,2.4851983,0.30072314,-0.29757047,-0.4091199,-1.7524629,0.5727372,11.122187
../data/train_data_mmini/10/Train_0047.jpg	10	1.0,1.0,-1.0,1.0,1.0,1.0,-1.0,1.0,1.0,1.0,-1.0,-1.0,1.0,-1.0,-1.0,1.0,-1.0,1.0,1.0,1.0,1.0,1.0,-1.0,1.0	1.925418,3.2139156,-18.741304,5.28014,0.1735225,1.3886843,-4.5953736,15.552569,0.69043213,5.55029,-1.29954,-0.67979354,2.153182,-1.1870297,-4.331293,4.7006617,-3.055334,5.2954745,3.8223684,1.18445,2.4381168,0.3831216,-2.773909,12.142532
../data/train_data_mmini/10/Train_0048.jpg	10	1.0,1.0,-1.0,1.0,1.0,1.0,-1.0,1.0,1.0,1.0,1.0,1.0,1.0,1.0,-1.0,1.0,-1.0,-1.0,1.0,-1.0,-1.0,-1.0,1.0,1.0	2.9202788,0.06405611,-18.782047,2.967449,0.48368913,1.0668759,-5.696908,14.458963,0.7799296,3.2272513,0.35423172,0.22769366,1.4404712,0.29925334,-6.1595383,5.013595,-6.011918,-0.19088444,1.8525105,-0.15171053,-0.023904515,-3.9708648,0.018142039,10.801926
../data/train_data_mmini/10/Train_0049.jpg	10	1.0,1.0,-1.0,1.0,1.0,-1.0,-1.0,1.0,1.0,1.0,1.0,-1.0,1.0,-1.0,-1.0,1.0,-1.0,1.0,1.0,1.0,1.0,-1.0,-1.0,1.0	4.6301417,0.52318156,-22.116264,2.9713721,2.8172987,-0.106382266,-3.7436867,18.474041,3.2070835,6.7134624,0.4110968,-0.76533705,3.1900163,-1.0975643,-4.653754,4.479347,-4.876406,5.7900057,2.099208,0.6448718,1.621634,-2.33028,-0.58411324,12.406203
