../data/train_data_mmini/1/Train_0000.jpg	1	1.0,-1.0,-1.0,-1.0,-1.0,-1.0,1.0,-1.0	0.3683172,-0.104111485,-0.13639672,-0.00896078,-0.40061137,-0.017496726,0.21602145,-0.51183206
../data/train_data_mmini/1/Train_0001.jpg	1	1.0,-1.0,-1.0,1.0,-1.0,-1.0,1.0,-1.0	0.37325388,-0.24052687,-0.32880223,0.19310208,-0.5170634,-0.0512133,0.34040558,-0.70499337
../data/train_data_mmini/1/Train_0002.jpg	1	1.0,-1.0,1.0,-1.0,-1.0,-1.0,1.0,-1.0	0.06643219,-0.22346042,0.10778151,-0.1386022,-0.47020635,-0.056133397,0.15997735,-0.5901142
../data/train_data_mmini/1/Train_0003.jpg	1	1.0,-1.0,-1.0,-1.0,-1.0,-1.0,1.0,-1.0	0.318827,-0.08155035,-0.18710999,-0.02736817,-0.46655548,-0.10223322,0.20630825,-0.5517591
../data/train_data_mmini/1/Train_0004.jpg	1	1.0,-1.0,-1.0,-1.0,-1.0,-1.0,1.0,-1.0	0.3265151,-0.10831579,-0.085866295,-0.041942086,-0.48791763,-0.07354475,0.115318045,-0.45784152
../data/train_data_mmini/2/Train_0005.jpg	2	1.0,-1.0,-1.0,1.0,-1.0,1.0,1.0,-1.0	0.13042738,-0.25523353,-0.19037716,0.040224258,-0.38995478,0.08479973,0.21090592,-0.60475194
../data/train_data_mmini/2/Train_0006.jpg	2	-1.0,-1.0,1.0,-1.0,-1.0,1.0,1.0,-1.0	-0.020538455,-0.46005148,0.23564513,-0.020820212,-0.5795563,0.29814854,0.18095419,-0.46868828
../data/train_data_mmini/2/Train_0007.jpg	2	1.0,-1.0,1.0,-1.0,-1.0,-1.0,1.0,-1.0	0.3129161,-0.07881262,0.16682132,-0.24065706,-0.43976521,-0.01190648,0.07371462,-0.36503404
../data/train_data_mmini/2/Train_0008.jpg	2	1.0,-1.0,1.0,-1.0,-1.0,1.0,1.0,-1.0	0.17841084,-0.40504336,0.5288938,-0.09924971,-0.5388081,0.28877217,0.18970105,-0.4075783
../data/train_data_mmini/2/Train_0009.jpg	2	1.0,-1.0,-1.0,1.0,-1.0,-1.0,1.0,-1.0	0.30433425,-0.37834832,-0.33058554,0.2473731,-0.35647973,-0.25756702,0.32480404,-0.5365983
../data/train_data_mmini/3/Train_0010.jpg	3	-1.0,-1.0,1.0,-1.0,-1.0,1.0,1.0,-1.0	-0.049989097,-0.71523833,0.8635229,-0.22831646,-0.80498713,0.07492333,0.0019572023,-0.09253059
../data/train_data_mmini/3/Train_0011.jpg	3	1.0,1.0,-1.0,-1.0,-1.0,-1.0,1.0,-1.0	0.3461674,0.16311435,-0.101272635,-0.26176983,-0.50465864,-0.16367024,0.06180405,-0.67405635
../data/train_data_mmini/3/Train_0012.jpg	3	1.0,-1.0,-1.0,1.0,-1.0,-1.0,1.0,-1.0	0.3491281,-0.035428423,-1.2383955,0.2607378,-0.3749496,-0.47175363,0.33444735,-0.5816487
../data/train_data_mmini/3/Train_0013.jpg	3	1.0,-1.0,1.0,-1.0,-1.0,1.0,1.0,-1.0	0.026858294,-0.45222348,0.6381268,-0.1276148,-0.7249054,0.43718582,0.13964716,-0.4119337
../data/train_data_mmini/3/Train_0014.jpg	3	1.0,-1.0,1.0,-1.0,-1.0,1.0,1.0,-1.0	0.16459179,-0.30627728,0.2289749,-0.12927385,-0.50595987,0.08615371,0.087895006,-0.44901523
../data/train_data_mmini/4/Train_0015.jpg	4	1.0,-1.0,-1.0,-1.0,-1.0,1.0,1.0,-1.0	0.07103932,-0.28774753,-0.2725699,-0.085778154,-0.38192374,0.020406464,0.15673232,-0.61703056
../data/train_data_mmini/4/Train_0016.jpg	4	1.0,-1.0,-1.0,1.0,-1.0,-1.0,1.0,-1.0	0.2897901,-0.3594998,-0.3367805,0.2013308,-0.36245906,-0.015287152,0.53302616,-0.7926046
../data/train_data_mmini/4/Train_0017.jpg	4	1.0,-1.0,-1.0,1.0,-1.0,-1.0,1.0,-1.0	0.14505428,-0.47262365,-0.44483435,0.13577476,-0.4450772,-0.041114546,0.51880896,-0.60715395
../data/train_data_mmini/4/Train_0018.jpg	4	-1.0,-1.0,-1.0,1.0,-1.0,1.0,1.0,-1.0	-0.024639925,-0.50718236,-0.09767132,0.01620752,-0.38746816,0.027829656,0.19886054,-0.5682722
../data/train_data_mmini/4/Train_0019.jpg	4	-1.0,-1.0,1.0,-1.0,-1.0,1.0,1.0,-1.0	-0.07339811,-0.41189837,0.39995664,-0.15185094,-0.7086067,0.30590436,0.08756259,-0.5043491
../data/train_data_mmini/5/Train_0020.jpg	5	1.0,-1.0,-1.0,-1.0,-1.0,-1.0,1.0,-1.0	0.25886127,-0.11452546,-0.08669924,-0.07319162,-0.4573601,-0.10955342,0.16385904,-0.55626863
../data/train_data_mmini/5/Train_0021.jpg	5	1.0,-1.0,-1.0,-1.0,-1.0,-1.0,1.0,-1.0	0.17841557,-0.15064813,-0.018772054,-0.09251479,-0.4448249,-0.0022998955,0.03765987,-0.55074745
../data/train_data_mmini/5/Train_0022.jpg	5	1.0,-1.0,1.0,-1.0,-1.0,1.0,1.0,-1.0	0.3325326,-0.17741203,0.08846144,-0.07969614,-0.5474473,0.02365371,0.1883573,-0.41131684
../data/train_data_mmini/5/Train_0023.jpg	5	1.0,-1.0,-1.0,-1.0,-1.0,-1.0,1.0,-1.0	0.21274364,-0.17657982,-0.053682435,-0.050392028,-0.40037042,-0.15690449,0.10549715,-0.37003258
../data/train_data_mmini/5/Train_0024.jpg	5	1.0,1.0,-1.0,-1.0,-1.0,-1.0,1.0,-1.0	0.19880205,0.085055776,-0.049046565,-0.24318717,-0.35579702,-0.27856633,0.007492082,-0.42065403
../data/train_data_mmini/6/Train_0025.jpg	6	1.0,-1.0,1.0,-1.0,-1.0,-1.0,1.0,-1.0	0.10028042,-0.099355645,0.29612553,-0.27634755,-0.66944826,-0.16938522,0.13397633,-0.43901736
../data/train_data_mmini/6/Train_0026.jpg	6	1.0,-1.0,-1.0,1.0,-1.0,-1.0,1.0,-1.0	0.29627034,-0.2970144,-0.10105964,0.0077370144,-0.45738024,-0.0804495,0.20639266,-0.6085379
../data/train_data_mmini/6/Train_0027.jpg	6	1.0,-1.0,-1.0,-1.0,-1.0,-1.0,1.0,-1.0	0.10776065,-0.3943838,-0.11385601,-0.016116586,-0.5619023,-0.1812982,0.17557836,-0.7078211
../data/train_data_mmini/6/Train_0028.jpg	6	1.0,-1.0,1.0,-1.0,-1.0,-1.0,1.0,-1.0	0.31330052,-0.020648617,0.29997247,-0.27662224,-0.47187108,-0.024895554,0.100968674,-0.50698465
../data/train_data_mmini/6/Train_0029.jpg	6	1.0,-1.0,1.0,-1.0,-1.0,1.0,1.0,-1.0	0.07095449,-0.36811194,0.33268076,-0.08410447,-0.68475103,0.052643098,0.14026773,-0.34179232
../data/train_data_mmini/7/Train_0030.jpg	7	1.0,-1.0,-1.0,1.0,-1.0,1.0,1.0,-1.0	0.35815713,-0.20218287,-0.6004433,0.20745519,-0.39064306,0.029628271,0.4448801,-0.751857
../data/train_data_mmini/7/Train_0031.jpg	7	1.0,-1.0,1.0,1.0,-1.0,1.0,1.0,-1.0	0.1687553,-0.38893837,0.18187,0.03294692,-0.5059583,0.034189276,0.2593221,-0.484769
../data/train_data_mmini/7/Train_0032.jpg	7	1.0,-1.0,-1.0,-1.0,-1.0,-1.0,1.0,-1.0	0.012583219,-0.19281904,-0.33621565,-0.15336452,-0.49173656,-0.26446676,0.07564126,-0.78328335
../data/train_data_mmini/7/Train_0033.jpg	7	1.0,-1.0,-1.0,1.0,-1.0,-1.0,1.0,-1.0	0.2634039,-0.09574894,-0.44801584,0.05268002,-0.2582279,-0.4500166,0.23759028,-0.63685465
../data/train_data_mmini/7/Train_0034.jpg	7	1.0,1.0,1.0,-1.0,-1.0,1.0,-1.0,-1.0	0.195709,0.30888647,0.6603478,-0.8105857,-0.786569,0.018271783,-0.25179636,-0.44917148
../data/train_data_mmini/8/Train_0035.jpg	8	1.0,-1.0,1.0,1.0,-1.0,-1.0,1.0,-1.0	0.20362386,-0.2972768,0.009340088,0.04112089,-0.51409596,-0.03821712,0.13052101,-0.46808913
../data/train_data_mmini/8/Train_0036.jpg	8	1.0,-1.0,1.0,1.0,-1.0,-1.0,1.0,-1.0	0.21125874,-0.28926829,0.09573663,0.005049009,-0.46416515,-0.032236002,0.22203594,-0.5081313
../data/train_data_mmini/8/Train_0037.jpg	8	1.0,-1.0,-1.0,-1.0,-1.0,-1.0,1.0,-1.0	0.26252306,-0.12115922,-0.025199402,-0.12574293,-0.44065604,-0.13598208,0.18707283,-0.61198515
../data/train_data_mmini/8/Train_0038.jpg	8	1.0,-1.0,1.0,-1.0,-1.0,1.0,1.0,-1.0	0.17790799,-0.35407957,0.2507602,-0.058749195,-0.64143944,0.050646864,0.19899927,-0.53699625
../data/train_data_mmini/8/Train_0039.jpg	8	1.0,-1.0,-1.0,1.0,-1.0,-1.0,1.0,-1.0	0.14995739,-0.22909813,-0.17142127,0.008902032,-0.4552101,-0.07404574,0.15481691,-0.43661526
../data/train_data_mmini/9/Train_0040.jpg	9	1.0,-1.0,1.0,-1.0,-1.0,1.0,1.0,-1.0	0.23221289,-0.13672511,0.008765767,-0.11093988,-0.48848736,0.070005395,0.09742491,-0.46503097
../data/train_data_mmini/9/Train_0041.jpg	9	1.0,-1.0,-1.0,1.0,-1.0,-1.0,1.0,-1.0	0.30988264,-0.17345269,-0.13669099,0.013527203,-0.4424204,-0.19988857,0.20488371,-0.7489252
../data/train_data_mmini/9/Train_0042.jpg	9	1.0,-1.0,1.0,-1.0,-1.0,1.0,1.0,-1.0	0.07808899,-0.13497083,0.13593759,-0.20572387,-0.49018806,0.024449984,0.060862973,-0.50836
../data/train_data_mmini/9/Train_0043.jpg	9	1.0,-1.0,1.0,-1.0,-1.0,1.0,1.0,-1.0	0.19200604,-0.283626,0.22729374,-0.09152035,-0.5434187,0.17157683,0.12129804,-0.52633065
../data/train_data_mmini/9/Train_0044.jpg	9	1.0,-1.0,-1.0,1.0,-1.0,-1.0,1.0,-1.0	0.048551127,-0.33088532,-0.050456632,0.026164982,-0.47401783,-0.060983486,0.26183212,-0.47787967
../data/train_data_mmini/10/Train_0045.jpg	10	-1.0,-1.0,-1.0,-1.0,-1.0,-1.0,1.0,-1.0	-0.019883005,-0.34313995,-0.06975331,-0.14181383,-0.4287399,-0.15621895,0.082951605,-0.39140797
../data/train_data_mmini/10/Train_0046.jpg	10	1.0,-1.0,1.0,-1.0,-1.0,-1.0,1.0,-1.0	0.052895658,-0.24471298,0.18974812,-0.15539624,-0.41623563,-0.06908014,0.14860693,-0.38572413
../data/train_data_mmini/10/Train_0047.jpg	10	1.0,-1.0,1.0,-1.0,-1.0,1.0,1.0,-1.0	0.023137609,-0.25548926,0.34905142,-0.27467823,-0.6149467,0.16821149,0.04302524,-0.46511948
../data/train_data_mmini/10/Train_0048.jpg	10	-1.0,-1.0,-1.0,-1.0,-1.0,-1.0,1.0,-1.0	-0.078275956,-0.19226201,-0.01889177,-0.0601356,-0.5630584,-0.12766297,0.13930337,-0.46690676
../data/train_data_mmini/10/Train_0049.jpg	10	1.0,-1.0,1.0,-1.0,-1.0,-1.0,1.0,-1.0	0.15750372,-0.2663898,0.1901408,-0.10110497,-0.54466736,-0.04783509,0.039779425,-0.33815846
