../data/train_data_mmini/1/Train_0000.jpg	1	1.0,1.0,-1.0,-1.0,1.0,1.0,1.0,1.0,1.0,-1.0,1.0,-1.0,-1.0,1.0,1.0,1.0,1.0,-1.0,-1.0,-1.0,-1.0,1.0,1.0,-1.0	1.3884283,0.68649364,-0.7334641,-1.2561691,1.4337121,1.6449386,2.496194,1.2038844,1.761565,-0.105735056,0.0997311,-1.3590834,-0.25955746,1.4326941,0.44809356,0.34170508,0.6880275,-0.2028127,-1.3719873,-0.7631258,-0.11075934,0.61911213,1.2561463,-1.9216334
../data/train_data_mmini/1/Train_0001.jpg	1	1.0,1.0,-1.0,-1.0,1.0,1.0,1.0,1.0,1.0,1.0,-1.0,-1.0,-1.0,-1.0,-1.0,1.0,-1.0,-1.0,1.0,-1.0,1.0,1.0,1.0,-1.0	0.50030506,2.301561,-0.689406,-1.5315669,2.9767046,1.9825597,0.54691017,1.8099705,0.31665766,0.8651513,-0.6313761,-3.2332435,-0.62289,-1.7019408,-1.9188381,1.6869967,-2.487416,-1.9792281,2.3124838,-2.1976826,3.4399655,2.4224377,1.5668442,-2.1496952
../data/train_data_mmini/1/Train_0002.jpg	1	1.0,-1.0,-1.0,1.0,1.0,-1.0,1.0,-1.0,1.0,1.0,1.0,-1.0,-1.0,-1.0,-1.0,1.0,-1.0,-1.0,1.0,-1.0,1.0,1.0,1.0,1.0	3.3616378,-0.38785943,-1.1884947,0.33142465,1.166629,-0.92428756,0.06848712,-0.61400825,2.9976149,0.3554245,0.7169794,-3.978465,-3.574687,-1.4310386,-1.1206571,0.5065308,-0.68820477,-1.655325,1.21115,-1.8546458,2.0322983,1.4244475,1.0523914,1.72868
../data/train_data_mmini/1/Train_0003.jpg	1	1.0,1.0,-1.0,-1.0,1.0,1.0,1.0,1.0,1.0,-1.0,1.0,1.0,1.0,1.0,1.0,1.0,-1.0,1.0,-1.0,1.0,1.0,1.0,1.0,-1.0	0.6736451,0.79096806,-1.13751,-0.73735315,0.24798538,0.98135567,3.1753974,1.7229121,0.7171833,-2.5674684,0.576342,0.19130288,1.4684951,1.5224217,1.3403515,1.994397,-1.1176523,2.2428849,-0.7177545,0.116785295,0.09397911,0.21552283,1.5462446,-2.4524682
../data/train_data_mmini/1/Train_0004.jpg	1	1.0,-1.0,1.0,-1.0,1.0,1.0,1.0,1.0,-1.0,1.0,-1.0,-1.0,1.0,-1.0,-1.0,-1.0,-1.0,1.0,-1.0,-1.0,1.0,1.0,1.0,-1.0	0.75228053,-0.26704594,0.5205313,-1.8811922,0.04795534,1.0725712,3.7063198,0.9004581,-0.33480847,0.45601407,-2.179617,-0.8250082,1.9891088,-0.092543736,-0.4284128,-0.5094877,-0.6719054,0.10201512,-4.5860705,-1.9717131,0.0048420653,1.4449409,0.48735768,-1.7382773
../data/train_data_mmini/2/Train_0005.jpg	2	-1.0,-1.0,1.0,1.0,1.0,1.0,-1.0,1.0,1.0,1.0,-1.0,-1.0,-1.0,-1.0,-1.0,-1.0,-1.0,-1.0,1.0,1.0,-1.0,1.0,-1.0,-1.0	-0.6882537,-0.37368336,1.9542966,0.99920005,0.86060625,0.093791336,-0.23094939,2.5412395,1.7605267,2.3371217,-0.564718,-0.7294548,-0.023345351,-0.08391838,-0.42467317,-0.9118807,-3.4223473,-2.3954887,1.7519442,0.34915596,-1.9017557,1.3625504,-1.0694737,-1.7972649
../data/train_data_mmini/2/Train_0006.jpg	2	1.0,-1.0,1.0,1.0,-1.0,-1.0,1.0,1.0,1.0,-1.0,-1.0,1.0,-1.0,1.0,-1.0,-1.0,-1.0,1.0,1.0,1.0,-1.0,1.0,-1.0,-1.0	0.37885192,-2.0470498,2.34184,0.9785957,-0.77841157,-1.2722896,0.33144355,0.18742104,1.0200266,-1.1636685,-0.7780698,0.0038812552,-0.15262547,1.5882888,-2.107303,-3.411327,-0.09423703,1.1716626,0.36592418,0.5499395,-2.447383,2.1655388,-0.08612107,-1.889048
../data/train_data_mmini/2/Train_0007.jpg	2	-1.0,1.0,-1.0,-1.0,-1.0,1.0,1.0,1.0,-1.0,1.0,-1.0,-1.0,1.0,1.0,1.0,1.0,1.0,1.0,-1.0,1.0,1.0,1.0,-1.0,-1.0	-0.09524878,0.27801824,-0.83298916,-0.57558084,-0.47366795,2.7435343,4.073499,1.8845359,-0.97921926,0.74996096,-0.1568852,-0.03743484,1.6330023,1.1372603,0.06348836,0.3139703,3.5236878,0.34967273,-4.0269017,1.0425676,0.9861571,0.72243047,-0.01591219,-1.3722671
../data/train_data_mmini/2/Train_0008.jpg	2	1.0,-1.0,1.0,-1.0,1.0,1.0,1.0,-1.0,1.0,1.0,-1.0,-1.0,-1.0,-1.0,-1.0,-1.0,-1.0,-1.0,-1.0,-1.0,-1.0,1.0,1.0,-1.0	1.431867,-0.5413387,0.8490977,-1.1753176,0.6949034,0.89875877,2.343485,-0.4474027,1.7687141,1.8916532,-3.1794934,-1.9674593,-0.46632934,-0.526528,-1.5099728,-1.6324158,-2.1707494,-2.6724536,-2.1179533,-0.51574063,-0.6028834,2.28695,1.45653,-2.2395608
../data/train_data_mmini/2/Train_0009.jpg	2	-1.0,1.0,-1.0,1.0,1.0,1.0,-1.0,1.0,1.0,1.0,1.0,1.0,1.0,1.0,1.0,-1.0,1.0,-1.0,1.0,1.0,-1.0,-1.0,-1.0,-1.0	-1.7906996,0.23346463,-1.0017899,0.17735493,2.6928868,2.6510131,-1.6839863,0.6614742,0.50560445,0.031007161,0.3228933,3.2146792,0.3678857,0.561016,0.43659434,-1.8854513,1.1756518,-0.65168005,0.1507543,3.9292867,-0.43612012,-1.4955583,-1.1801178,-0.7559661
../data/train_data_mmini/3/Train_0010.jpg	3	-1.0,-1.0,1.0,-1.0,1.0,1.0,-1.0,-1.0,-1.0,1.0,-1.0,1.0,1.0,-1.0,-1.0,-1.0,-1.0,-1.0,-1.0,1.0,1.0,1.0,1.0,-1.0	-1.265876,-0.3038733,1.6546265,-0.20083255,0.29412946,3.6133738,-0.66500413,-0.18162936,-1.1007832,0.056746893,-1.3980021,1.5259043,2.388004,-1.0669119,-2.275349,-1.1524857,-3.099455,-2.763715,-1.9189472,0.21705902,0.5238296,0.02926156,0.862897,-1.9393198
../data/train_data_mmini/3/Train_0011.jpg	3	1.0,1.0,1.0,-1.0,1.0,1.0,-1.0,1.0,1.0,1.0,1.0,-1.0,-1.0,-1.0,-1.0,1.0,-1.0,-1.0,1.0,-1.0,1.0,1.0,-1.0,1.0	2.5670664,0.73323506,0.70700705,-0.085053615,1.7808677,2.2414505,-0.31911284,0.14733337,1.4847443,3.3270607,1.5186918,-1.9327618,-2.3474941,-2.8165784,-1.7097712,0.30691606,-1.0397586,-3.4955354,1.8318303,-1.8915095,0.8167506,0.4257161,-0.82070214,1.6187657
../data/train_data_mmini/3/Train_0012.jpg	3	1.0,1.0,1.0,-1.0,1.0,1.0,1.0,1.0,1.0,1.0,1.0,-1.0,-1.0,-1.0,-1.0,1.0,-1.0,1.0,1.0,-1.0,1.0,1.0,-1.0,1.0	1.3757385,0.6594525,0.113284424,-1.8206236,3.229937,2.2587144,1.8593241,1.922341,0.8646899,0.5694864,2.064135,-0.8437236,-0.47064692,-3.032156,-1.5167365,1.0234189,-0.40049157,0.7637492,3.3365726,-2.1746054,0.28375244,1.4195142,-1.1877602,0.9373683
../data/train_data_mmini/3/Train_0013.jpg	3	1.0,-1.0,1.0,-1.0,1.0,-1.0,-1.0,-1.0,1.0,-1.0,-1.0,-1.0,-1.0,-1.0,-1.0,-1.0,-1.0,-1.0,1.0,1.0,1.0,1.0,1.0,1.0	1.8299423,-1.1499739,0.25381637,-0.19214037,0.5474875,-0.0068430603,-1.2059852,-2.1376133,1.9812257,-1.9055444,-1.1212498,-1.7545122,-2.9409811,-2.051875,-2.6463537,-0.85863656,-3.8593595,-0.98655725,2.2811337,1.197999,1.6015311,2.1453946,1.9136332,0.9937432
../data/train_data_mmini/3/Train_0014.jpg	3	-1.0,-1.0,1.0,1.0,-1.0,1.0,-1.0,1.0,1.0,1.0,-1.0,1.0,1.0,-1.0,1.0,-1.0,-1.0,-1.0,1.0,-1.0,-1.0,1.0,-1.0,-1.0	-0.46448556,-0.4759788,0.41027954,0.6784162,-1.1534721,0.4121397,-1.5295044,1.291132,0.17101206,1.471399,-0.95009387,0.34081098,0.7537222,-0.58411616,0.28502023,-0.27173534,-4.1016836,-4.102402,0.49724966,-0.43988845,-1.0206484,0.08476256,-1.4831531,-0.5417653
../data/train_data_mmini/4/Train_0015.jpg	4	1.0,1.0,-1.0,-1.0,1.0,1.0,1.0,1.0,1.0,1.0,-1.0,-1.0,-1.0,1.0,1.0,-1.0,1.0,-1.0,1.0,1.0,-1.0,1.0,-1.0,1.0	2.5114834,1.8755649,-0.13817738,-1.7021676,1.8107759,0.55910486,1.9693067,0.3582676,3.2426238,2.2998092,-0.17412645,-0.87121004,-2.075396,0.17905323,0.2907085,-0.86711985,0.6622266,-0.26983255,0.64082605,1.3320489,-2.0920687,0.04787408,-1.2051387,0.48185706
../data/train_data_mmini/4/Train_0016.jpg	4	1.0,1.0,1.0,1.0,1.0,-1.0,-1.0,1.0,1.0,1.0,1.0,-1.0,-1.0,1.0,-1.0,1.0,-1.0,-1.0,1.0,1.0,1.0,1.0,1.0,-1.0	0.11628444,0.41899347,0.1622163,1.865973,1.447787,-1.3214126,-0.7406652,0.56177825,2.688908,1.9209058,1.0000302,-2.3872838,-2.771158,0.8791941,-0.35717532,1.7792729,-3.2632482,-0.5628953,3.8993945,1.6096383,1.5397164,1.1979276,2.0343058,-0.7039166
../data/train_data_mmini/4/Train_0017.jpg	4	1.0,-1.0,1.0,1.0,1.0,-1.0,-1.0,1.0,1.0,1.0,1.0,-1.0,-1.0,-1.0,-1.0,-1.0,-1.0,1.0,1.0,1.0,-1.0,1.0,-1.0,1.0	0.41959605,-0.34195402,1.8425428,1.0055879,1.124987,-1.488391,-0.6157114,0.8852027,1.1827608,2.492526,1.8174274,-0.1330465,-1.8290035,-2.8547807,-1.165375,-1.3489347,-1.1350999,0.7531617,4.6691036,0.8107367,-1.0395347,1.6081196,-2.5839272,1.6954612
../data/train_data_mmini/4/Train_0018.jpg	4	1.0,1.0,-1.0,1.0,1.0,1.0,-1.0,1.0,1.0,1.0,-1.0,-1.0,-1.0,1.0,-1.0,-1.0,-1.0,-1.0,-1.0,1.0,-1.0,-1.0,-1.0,-1.0	0.02090089,0.5901177,-0.04383905,0.40034172,0.83253634,2.5823436,-0.967494,1.5135305,2.3854222,2.582608,-0.7978708,-0.12332196,-0.5129095,1.592381,-0.02695071,-0.18648262,-2.0206146,-4.8811846,-0.32685554,1.2465603,-1.086067,-0.9053233,-0.13440941,-1.8193558
../data/train_data_mmini/4/Train_0019.jpg	4	1.0,-1.0,1.0,1.0,-1.0,-1.0,-1.0,1.0,-1.0,-1.0,-1.0,-1.0,-1.0,-1.0,-1.0,-1.0,-1.0,1.0,1.0,-1.0,-1.0,1.0,-1.0,1.0	0.81016284,-2.4225307,1.5713348,1.3112574,-2.226343,-3.9770916,-0.047639832,0.8020829,-0.043644298,-1.3701378,-1.5077975,-1.4541137,-0.37332988,-0.84834534,-1.9190024,-2.5377042,-1.4856365,1.4849412,1.0473901,-1.0453184,-0.99611175,3.2145262,-1.9978216,0.623082
../data/train_data_mmini/5/Train_0020.jpg	5	-1.0,1.0,-1.0,-1.0,-1.0,-1.0,1.0,1.0,-1.0,-1.0,-1.0,-1.0,1.0,-1.0,1.0,1.0,-1.0,1.0,-1.0,-1.0,1.0,1.0,-1.0,-1.0	-0.8512012,1.2155565,-1.7803124,-0.4027276,-0.053587742,-0.7819356,2.1295736,3.1251616,-0.5875886,-0.031689174,-1.2579999,-2.3752067,1.7289213,-0.4407261,1.7254803,0.59293824,-1.8762914,1.374273,-1.2736721,-0.52537906,2.7828445,2.6041875,-0.37459826,-2.3916132
../data/train_data_mmini/5/Train_0021.jpg	5	1.0,1.0,-1.0,-1.0,-1.0,-1.0,1.0,1.0,1.0,1.0,-1.0,1.0,-1.0,-1.0,1.0,-1.0,-1.0,1.0,-1.0,1.0,-1.0,1.0,-1.0,1.0	1.2172627,2.0654926,-0.2552907,-0.0064164326,-1.0424172,-1.203455,3.6740496,0.117300466,0.8465665,1.9425361,-1.6060312,1.1487869,-0.052163273,-0.21466751,1.2217329,-2.1166244,-2.2936049,3.047388,-1.8967525,5.2300725,-0.2641378,1.157439,-2.8707995,0.4001637
../data/train_data_mmini/5/Train_0022.jpg	5	-1.0,-1.0,-1.0,-1.0,-1.0,1.0,1.0,1.0,-1.0,-1.0,-1.0,-1.0,1.0,1.0,1.0,-1.0,1.0,-1.0,-1.0,-1.0,-1.0,1.0,-1.0,-1.0	-0.85701793,-0.22131109,-0.80777675,-1.266625,-0.056488916,1.7748176,1.1899819,2.3184857,-0.24642919,-0.87366295,-2.0024586,-0.039067395,1.9869139,1.2893412,0.17914397,-1.770746,2.533323,-1.5695882,-2.547015,-0.25266626,-1.2980447,0.9022405,-0.37125957,-3.2388537
../data/train_data_mmini/5/Train_0023.jpg	5	-1.0,1.0,-1.0,-1.0,1.0,1.0,1.0,1.0,-1.0,-1.0,-1.0,1.0,1.0,1.0,1.0,1.0,1.0,1.0,-1.0,1.0,1.0,1.0,1.0,-1.0	-0.12929016,1.1663405,-1.2966721,-1.216891,0.47679397,1.5181166,3.08555,1.5381849,-0.20626877,-1.4337751,-0.95425504,0.28098184,1.883597,2.0704362,1.1081328,0.8585486,0.15774462,1.6345628,-3.2239807,0.9262749,0.89516234,0.26998144,1.324969,-3.3070683
../data/train_data_mmini/5/Train_0024.jpg	5	1.0,1.0,1.0,-1.0,1.0,1.0,1.0,1.0,1.0,1.0,1.0,1.0,1.0,1.0,-1.0,-1.0,1.0,1.0,-1.0,1.0,-1.0,-1.0,-1.0,1.0	1.4182873,0.5435116,1.3360964,-0.4949303,0.4464799,2.9015083,3.2933493,0.31842184,1.472805,0.124292605,1.4277928,0.8459513,0.1908114,0.6549315,-0.46510997,-1.3565798,0.29173675,1.8980742,-2.7697155,1.8472269,-0.7875676,-0.40798023,-0.57159144,0.18826598
../data/train_data_mmini/6/Train_0025.jpg	6	-1.0,-1.0,1.0,1.0,-1.0,-1.0,-1.0,-1.0,1.0,-1.0,1.0,-1.0,-1.0,-1.0,-1.0,-1.0,-1.0,1.0,1.0,-1.0,-1.0,1.0,-1.0,1.0	-0.31004626,-3.380923,3.809426,3.9610765,-2.611705,-0.21009272,-0.86378413,-0.72917795,0.1260025,-1.7888911,4.0668874,-0.18790703,-0.08517814,-0.95732874,-3.753255,-2.4794219,-0.72881377,1.8286091,1.1683453,-0.58045036,-0.39413497,0.4358015,-1.5685315,2.468099
../data/train_data_mmini/6/Train_0026.jpg	6	-1.0,1.0,1.0,1.0,1.0,1.0,-1.0,1.0,1.0,1.0,1.0,-1.0,1.0,1.0,-1.0,-1.0,-1.0,-1.0,-1.0,-1.0,1.0,-1.0,-1.0,-1.0	-0.9846105,2.32086,0.47239485,0.96911293,1.1868228,2.4015768,-1.3301405,1.1801027,0.9894772,2.066912,2.013249,-0.69365793,0.56995183,1.7138611,-0.12514481,-1.1662645,-1.992247,-2.1675832,-0.3959173,-0.12790424,0.48628196,-1.5835387,-0.9146471,-1.5799679
../data/train_data_mmini/6/Train_0027.jpg	6	-1.0,-1.0,1.0,1.0,1.0,1.0,-1.0,-1.0,-1.0,1.0,1.0,1.0,-1.0,-1.0,-1.0,1.0,-1.0,-1.0,1.0,1.0,1.0,-1.0,1.0,1.0	-1.4306486,-0.69829184,2.1440094,1.358121,0.6844572,1.7530929,-3.3164995,-1.0188932,-0.4432688,1.5048331,0.7522304,0.35476664,-0.33200535,-0.021863446,-2.5635924,0.0444042,-2.6802974,-1.997484,1.2231611,0.66130817,0.985652,-0.9734774,1.0796124,0.23787902
../data/train_data_mmini/6/Train_0028.jpg	6	1.0,1.0,-1.0,1.0,-1.0,1.0,-1.0,-1.0,1.0,1.0,1.0,-1.0,-1.0,-1.0,1.0,-1.0,-1.0,-1.0,-1.0,-1.0,1.0,-1.0,-1.0,1.0	1.2540159,0.49206173,-0.8067975,1.056298,-1.5459214,1.6346312,-1.4237611,-0.58811486,0.91289175,1.5761929,0.6257199,-1.3464342,-1.244775,-1.0339103,0.25938913,-0.20792402,-0.6998012,-4.6057577,-1.2717023,-0.7978902,1.3155829,-0.5251763,-0.29180932,1.3809812
../data/train_data_mmini/6/Train_0029.jpg	6	1.0,-1.0,1.0,1.0,1.0,1.0,-1.0,-1.0,1.0,-1.0,1.0,1.0,-1.0,-1.0,-1.0,-1.0,-1.0,1.0,-1.0,1.0,-1.0,-1.0,1.0,1.0	1.2099683,-4.047008,2.4956515,0.10872265,0.8806769,1.829329,-0.16693507,-2.3580394,1.904407,-3.4706664,0.19789231,3.0436153,-0.60242605,-0.88371295,-3.4155943,-2.1825075,-0.57257164,1.9176706,-0.13928461,3.0058355,-2.2384915,-0.8770567,1.2727798,1.2601802
../data/train_data_mmini/7/Train_0030.jpg	7	-1.0,1.0,1.0,1.0,1.0,1.0,-1.0,1.0,1.0,1.0,1.0,1.0,-1.0,1.0,-1.0,-1.0,1.0,1.0,1.0,1.0,-1.0,1.0,-1.0,-1.0	-0.8568945,0.26469728,0.19477756,1.2914143,1.3146424,0.43084535,-0.38166207,2.3468726,1.3722789,0.16512425,1.7920198,0.2772487,-0.7660774,1.4564054,-0.0887688,-1.4555953,1.8427036,1.0252253,2.9486592,2.4601376,-1.228337,0.76391375,-1.4095789,-1.0896968
../data/train_data_mmini/7/Train_0031.jpg	7	-1.0,-1.0,1.0,1.0,1.0,1.0,-1.0,1.0,1.0,-1.0,1.0,1.0,-1.0,-1.0,-1.0,-1.0,-1.0,-1.0,1.0,1.0,1.0,1.0,-1.0,-1.0	-1.190971,-0.55755574,0.3473321,1.0189514,1.3141989,1.6677654,-1.366563,0.4164012,1.6197549,-0.02319024,0.9159605,0.26159564,-0.27179056,-1.7144421,-0.45520833,-2.9301252,-3.141182,-0.7261672,1.4630564,2.9536915,0.9359011,1.174136,-1.3478556,-0.14196633
../data/train_data_mmini/7/Train_0032.jpg	7	-1.0,1.0,1.0,1.0,-1.0,1.0,-1.0,1.0,1.0,1.0,1.0,1.0,-1.0,-1.0,1.0,1.0,-1.0,-1.0,1.0,1.0,1.0,-1.0,-1.0,1.0	-0.6045713,0.92974985,0.8854932,0.33373713,-0.020278776,1.6584142,-2.154617,0.20852365,0.6529867,2.8195066,0.52377933,1.1792009,-0.7687422,-3.3575652,0.6074284,0.096919484,-6.26189,-2.97836,2.3318367,2.0387137,0.045597382,-0.61632013,-2.8663692,2.529546
../data/train_data_mmini/7/Train_0033.jpg	7	-1.0,-1.0,1.0,1.0,1.0,1.0,-1.0,1.0,1.0,1.0,1.0,1.0,1.0,1.0,-1.0,-1.0,1.0,-1.0,1.0,1.0,-1.0,-1.0,-1.0,-1.0	-1.5554221,-1.0331109,1.5920671,0.7680932,1.8752735,2.8768926,-0.45209137,1.9773495,0.5534961,0.4393297,1.4884188,1.087755,0.7801999,2.1258333,-1.3179873,-1.4695424,0.9978764,-0.48029426,0.12704435,0.7429013,-1.067378,-0.29842755,-0.16070618,-2.0411475
../data/train_data_mmini/7/Train_0034.jpg	7	1.0,-1.0,1.0,1.0,-1.0,1.0,1.0,-1.0,-1.0,1.0,1.0,1.0,1.0,-1.0,-1.0,-1.0,-1.0,-1.0,-1.0,-1.0,1.0,-1.0,-1.0,1.0	0.47261694,-1.4975181,3.9912095,2.598121,-3.9309857,2.71372,0.67835146,-0.9509456,-1.6035911,1.7866297,0.9929376,1.0170265,1.4872105,-1.86993,-3.0402882,-0.512292,-4.0589504,-2.4493654,-3.3678365,-0.6370073,0.76988006,-0.0966506,-0.53379166,1.6658733
../data/train_data_mmini/8/Train_0035.jpg	8	1.0,-1.0,1.0,-1.0,1.0,1.0,-1.0,-1.0,1.0,-1.0,-1.0,1.0,-1.0,-1.0,-1.0,-1.0,1.0,-1.0,1.0,1.0,-1.0,-1.0,-1.0,-1.0	0.28977504,-0.52175635,0.89552325,-0.4908856,1.6452936,4.294744,-1.19143,-0.05260856,1.0536345,-0.36122078,-0.30634263,3.1306155,-0.6065046,-1.2099382,-1.7213794,-2.0255003,1.148162,-2.9836805,0.71266854,2.82436,-2.3995776,-0.8845728,-0.59932166,-0.006467309
../data/train_data_mmini/8/Train_0036.jpg	8	-1.0,-1.0,1.0,1.0,-1.0,1.0,-1.0,1.0,1.0,1.0,1.0,1.0,-1.0,-1.0,-1.0,-1.0,1.0,-1.0,1.0,1.0,-1.0,-1.0,-1.0,1.0	-1.6729827,-2.1373072,0.8058603,3.0078325,-0.9050899,2.6844854,-2.345859,1.8032224,0.9396947,0.95478004,3.2618608,1.3206185,-0.27180013,-0.48304802,-0.49429372,-2.3167849,1.330774,-2.7615788,1.9686724,2.413028,-1.4938525,-0.3703187,-3.0187528,1.2829171
../data/train_data_mmini/8/Train_0037.jpg	8	-1.0,1.0,1.0,1.0,1.0,1.0,-1.0,-1.0,1.0,1.0,1.0,1.0,-1.0,-1.0,-1.0,-1.0,-1.0,-1.0,1.0,1.0,1.0,-1.0,-1.0,1.0	-0.7335853,0.48495036,2.1062992,2.6651537,0.9106026,2.693824,-0.33817372,-0.40742874,0.38521376,4.255404,2.4888206,1.1270024,-1.3510003,-1.7412926,-1.5657912,-1.4466795,-1.16512,-1.1312673,0.53630036,3.966882,1.2701428,-0.25321406,-1.4615247,2.0356321
../data/train_data_mmini/8/Train_0038.jpg	8	1.0,-1.0,1.0,1.0,1.0,1.0,-1.0,-1.0,1.0,-1.0,-1.0,1.0,-1.0,-1.0,-1.0,-1.0,-1.0,-1.0,1.0,1.0,1.0,1.0,1.0,-1.0	0.25543353,-0.81563693,1.2139359,0.36580437,1.3744792,1.7515248,-1.0225815,-0.8700156,1.4691429,-1.3558807,-0.018644124,0.4212484,-0.7797741,-1.60799,-1.9039677,-0.8060672,-2.909058,-0.8480354,1.5653409,1.5303006,0.4867591,0.60883766,1.5851598,-0.36381057
../data/train_data_mmini/8/Train_0039.jpg	8	-1.0,-1.0,1.0,-1.0,1.0,1.0,-1.0,-1.0,1.0,1.0,1.0,1.0,-1.0,-1.0,-1.0,-1.0,1.0,-1.0,1.0,1.0,-1.0,-1.0,-1.0,1.0	-0.09878362,-1.5506922,1.3165221,-0.048339657,2.866941,5.202874,-1.8156548,-0.49985942,0.33405447,0.9536866,1.2017446,3.92247,-0.9620211,-3.051379,-2.17343,-2.644489,2.5346878,-2.5117574,2.1446195,3.9167645,-1.7107221,-0.7015,-1.7390028,2.0251946
../data/train_data_mmini/9/Train_0040.jpg	9	1.0,1.0,-1.0,-1.0,1.0,1.0,1.0,1.0,1.0,1.0,-1.0,1.0,1.0,-1.0,1.0,-1.0,1.0,1.0,-1.0,1.0,-1.0,1.0,-1.0,1.0	0.7622592,1.0382792,-0.18019293,-1.0471247,0.9186096,1.023445,4.4863605,1.4765123,0.06417696,3.5421302,-0.38834324,0.8402155,0.047952488,-1.0946975,0.12449924,-1.8617308,2.6200688,1.7813091,-0.86602,2.895366,-1.144847,1.3976622,-3.0108202,0.7481438
../data/train_data_mmini/9/Train_0041.jpg	9	-1.0,-1.0,-1.0,1.0,1.0,1.0,-1.0,1.0,-1.0,1.0,-1.0,-1.0,1.0,-1.0,-1.0,-1.0,-1.0,-1.0,1.0,-1.0,1.0,1.0,-1.0,-1.0	-1.1996084,-0.59426516,-0.22665532,0.66456884,0.6965113,2.553942,-1.9333423,2.6507943,-0.53127366,1.4227698,-0.16846552,-1.3786746,0.6851057,-2.2738585,-1.1917853,-0.4050177,-2.480471,-3.6181557,0.44406205,-0.40863752,2.884373,1.4534714,-1.6858101,-0.45529088
../data/train_data_mmini/9/Train_0042.jpg	9	1.0,1.0,1.0,-1.0,1.0,1.0,1.0,-1.0,1.0,1.0,-1.0,-1.0,-1.0,-1.0,-1.0,-1.0,-1.0,1.0,-1.0,1.0,1.0,1.0,-1.0,1.0	2.6324422,1.1967767,0.77616966,-1.3771083,1.2070353,0.26259527,4.0736685,-0.60928124,1.7394849,3.0875947,-0.76008874,-1.7217482,-1.2713335,-1.9494269,-1.38677,-0.901589,-1.1401633,1.5530193,-1.3744392,0.93292904,0.85396683,1.7754157,-0.71179783,0.97428656
../data/train_data_mmini/9/Train_0043.jpg	9	-1.0,1.0,-1.0,1.0,-1.0,-1.0,1.0,1.0,1.0,1.0,-1.0,1.0,1.0,1.0,-1.0,-1.0,1.0,-1.0,-1.0,1.0,-1.0,1.0,-1.0,-1.0	-1.0295664,0.16257219,-0.117563784,0.17949703,-0.035631083,-0.2434578,0.6059705,1.471353,0.013090786,2.6331923,-2.7735949,0.14058787,0.10337454,0.37751162,-0.2679805,-3.8766348,1.9707166,-1.351432,-1.33921,2.9577181,-1.1403649,1.7987646,-2.50063,-1.2597102
../data/train_data_mmini/9/Train_0044.jpg	9	1.0,-1.0,1.0,-1.0,1.0,-1.0,1.0,-1.0,1.0,-1.0,-1.0,1.0,-1.0,-1.0,-1.0,-1.0,-1.0,1.0,1.0,1.0,-1.0,1.0,-1.0,1.0	0.9417581,-0.61868346,0.75981236,-1.1957159,2.9901204,-0.18672591,0.37345338,-0.5999248,1.0324627,-0.54900515,-0.036766082,1.2254092,-0.97765803,-3.1302207,-1.1342547,-1.7552624,-0.2773119,2.8639503,2.7260299,1.6938946,-0.31424916,1.2869222,-0.863798,1.239395
../data/train_data_mmini/10/Train_0045.jpg	10	-1.0,-1.0,1.0,1.0,1.0,1.0,-1.0,-1.0,-1.0,1.0,1.0,1.0,1.0,-1.0,-1.0,-1.0,1.0,-1.0,1.0,1.0,-1.0,-1.0,-1.0,1.0	-1.5339944,-2.2601912,2.1197298,1.1391242,1.5133208,6.1287622,-3.8891573,-1.6248143,-0.50588995,1.072975,2.1543381,5.8500333,0.07125896,-3.4143314,-1.6478779,-3.4783306,1.4417924,-3.6338336,1.0067309,4.5858727,-2.1092675,-2.5227664,-2.8158882,3.391851
../data/train_data_mmini/10/Train_0046.jpg	10	1.0,-1.0,1.0,1.0,1.0,1.0,-1.0,-1.0,1.0,1.0,1.0,1.0,-1.0,-1.0,-1.0,-1.0,-1.0,-1.0,1.0,1.0,-1.0,1.0,1.0,1.0	1.3591532,-0.8976921,2.8580606,0.3283846,3.0165558,0.0001361072,-0.90517455,-2.7149472,1.1476521,2.3718183,0.57357967,0.89165086,-2.8193789,-2.9726884,-2.654845,-0.3219313,-1.9239904,-0.116530016,2.9349208,0.91884637,-0.44008353,0.003299266,1.0696253,2.0860279
../data/train_data_mmini/10/Train_0047.jpg	10	-1.0,-1.0,1.0,1.0,-1.0,1.0,-1.0,-1.0,1.0,1.0,1.0,1.0,-1.0,-1.0,-1.0,-1.0,-1.0,-1.0,1.0,1.0,-1.0,-1.0,-1.0,1.0	-0.6761477,-2.1556964,3.3514173,2.662093,-2.0787258,1.8586311,-1.7861711,-1.394924,0.11774953,1.3022763,1.9160215,3.6049457,-0.15837395,-3.3993626,-1.5612652,-4.078255,-2.1472924,-1.1559677,0.17180943,4.601827,-1.6314796,-0.52330756,-3.5330968,3.277587
../data/train_data_mmini/10/Train_0048.jpg	10	-1.0,-1.0,1.0,-1.0,1.0,1.0,-1.0,1.0,-1.0,-1.0,1.0,1.0,1.0,-1.0,-1.0,-1.0,-1.0,-1.0,1.0,1.0,-1.0,1.0,-1.0,1.0	-0.21256459,-3.2419689,3.0852072,-0.2169686,1.9979098,2.954115,-1.3566785,0.2053806,-0.1294208,-1.0883846,0.87712,3.292387,0.039394975,-4.181665,-2.961951,-2.501442,-0.074804336,-0.78213954,2.6287003,0.4987334,-2.654536,0.36255878,-1.8244973,2.1298764
../data/train_data_mmini/10/Train_0049.jpg	10	-1.0,-1.0,1.0,1.0,1.0,1.0,-1.0,-1.0,-1.0,1.0,1.0,1.0,-1.0,-1.0,-1.0,-1.0,1.0,-1.0,1.0,1.0,-1.0,-1.0,-1.0,1.0	-0.644867,-1.3064348,2.4133809,1.2807577,0.9746795,3.573337,-1.1374172,-1.6341449,-0.67870015,2.0334938,1.7436635,4.162021,-0.7412576,-3.477125,-2.8069785,-3.2671053,1.9598267,-1.0084074,0.7386218,4.497136,-0.8640134,-0.77542603,-2.5168219,3.1468167
