../data/train_data_mmini/1/Train_0000.jpg	1	1.0,-1.0,1.0,1.0,1.0,-1.0,-1.0,-1.0	0.666432,-1.2490811,2.2841554,3.141028,0.2148095,-5.1060286,-1.8036441,-1.5113856
../data/train_data_mmini/1/Train_0001.jpg	1	-1.0,1.0,1.0,-1.0,1.0,-1.0,-1.0,1.0	-0.13788122,0.62080383,0.14855659,-0.39520878,3.6669323,-4.5173197,-0.33817148,2.9954915
../data/train_data_mmini/1/Train_0002.jpg	1	1.0,1.0,1.0,-1.0,1.0,-1.0,1.0,1.0	2.7331767,1.6352063,4.4391403,-3.0850794,0.083477706,-2.0230567,1.1838603,1.5897132
../data/train_data_mmini/1/Train_0003.jpg	1	-1.0,-1.0,1.0,1.0,1.0,-1.0,-1.0,-1.0	-2.7332282,-2.5581658,1.3557355,3.511969,0.7260085,-6.0106425,-2.5987067,-0.4487702
../data/train_data_mmini/1/Train_0004.jpg	1	1.0,-1.0,1.0,1.0,1.0,-1.0,-1.0,-1.0	1.278403,-1.1078341,1.6014682,4.2171063,2.524992,-3.4533648,-0.7766138,-1.3070623
../data/train_data_mmini/2/Train_0005.jpg	2	-1.0,-1.0,1.0,-1.0,-1.0,-1.0,-1.0,1.0	-1.7886356,-1.0497695,0.91042566,-2.081911,-0.46782333,-0.07971524,-0.7690998,1.4298531
../data/train_data_mmini/2/Train_0006.jpg	2	1.0,1.0,-1.0,-1.0,-1.0,1.0,-1.0,-1.0	2.13754,2.0327005,-1.0634172,-2.3597493,-2.9795446,2.7662747,-0.74335766,-1.8800973
../data/train_data_mmini/2/Train_0007.jpg	2	1.0,-1.0,1.0,1.0,1.0,-1.0,-1.0,-1.0	1.7444596,-1.578334,2.6966898,4.7184625,2.4550376,-4.0726566,-6.992264,-3.6707544
../data/train_data_mmini/2/Train_0008.jpg	2	1.0,1.0,1.0,1.0,-1.0,1.0,1.0,-1.0	4.5374475,1.8389916,0.041353982,0.71055955,-1.1495932,3.8076456,0.06906955,-2.5693758
../data/train_data_mmini/2/Train_0009.jpg	2	-1.0,-1.0,-1.0,1.0,-1.0,-1.0,-1.0,1.0	-3.3161483,-1.3170642,-2.7314074,1.14143,-1.0972809,-1.7854887,-2.3728209,0.16046344
../data/train_data_mmini/3/Train_0010.jpg	3	1.0,1.0,-1.0,1.0,1.0,1.0,-1.0,-1.0	1.076519,1.2897198,-2.355923,0.7852869,2.8328407,3.2338772,-0.7152694,-0.41784066
../data/train_data_mmini/3/Train_0011.jpg	3	1.0,1.0,1.0,-1.0,1.0,-1.0,1.0,1.0	3.1362977,3.0429575,2.5949838,-1.7875141,5.054412,-1.2550062,3.1117659,3.474059
../data/train_data_mmini/3/Train_0012.jpg	3	-1.0,-1.0,1.0,-1.0,1.0,-1.0,1.0,1.0	-3.0945215,-0.84354985,0.34647432,-2.2185462,0.8820561,-5.4836416,4.832572,5.6672235
../data/train_data_mmini/3/Train_0013.jpg	3	1.0,1.0,-1.0,-1.0,-1.0,1.0,1.0,-1.0	1.9177214,0.7607729,-0.090029195,-1.8575363,-4.939351,2.517286,3.820174,-0.20879179
../data/train_data_mmini/3/Train_0014.jpg	3	1.0,1.0,1.0,-1.0,1.0,1.0,-1.0,1.0	2.4859796,1.7342434,0.29004848,-1.222494,1.9089658,2.2177978,-2.001743,0.0147114415
../data/train_data_mmini/4/Train_0015.jpg	4	1.0,-1.0,1.0,1.0,-1.0,-1.0,1.0,1.0	0.88578993,-1.3885136,2.7834399,0.22499418,-2.3925595,-1.3789613,4.99278,0.6740098
../data/train_data_mmini/4/Train_0016.jpg	4	-1.0,-1.0,1.0,-1.0,1.0,-1.0,-1.0,1.0	-2.5572298,-0.13320284,0.9316998,-4.3959985,0.54077226,-0.5242623,-1.4256307,3.4421504
../data/train_data_mmini/4/Train_0017.jpg	4	-1.0,1.0,-1.0,-1.0,1.0,1.0,1.0,1.0	-1.2195605,2.3064606,-0.92357534,-5.2605157,0.10565936,0.59503263,2.3156395,3.5886536
../data/train_data_mmini/4/Train_0018.jpg	4	1.0,1.0,-1.0,1.0,1.0,1.0,-1.0,-1.0	0.1748607,0.082037,-0.6229243,0.033104513,1.2921523,1.8911682,-1.3033125,-0.51966125
../data/train_data_mmini/4/Train_0019.jpg	4	-1.0,-1.0,1.0,-1.0,-1.0,1.0,1.0,1.0	-0.5973592,-0.32640228,1.9561224,-3.7346823,-2.2286472,2.7406847,2.6417508,1.2892964
../data/train_data_mmini/5/Train_0020.jpg	5	-1.0,-1.0,1.0,1.0,1.0,-1.0,-1.0,1.0	-1.406373,-1.0725265,1.0622358,1.5139374,1.9635007,-3.856254,-5.4516263,0.15844114
../data/train_data_mmini/5/Train_0021.jpg	5	1.0,-1.0,1.0,1.0,-1.0,-1.0,1.0,-1.0	3.270072,-0.32927775,1.4591994,3.4618957,-1.2426564,-0.4803711,3.3069344,-2.5656705
../data/train_data_mmini/5/Train_0022.jpg	5	1.0,-1.0,-1.0,1.0,-1.0,-1.0,-1.0,-1.0	1.3721294,-0.8471945,-0.7265135,3.0486243,-1.0397441,-1.9394333,-5.639625,-3.4607465
../data/train_data_mmini/5/Train_0023.jpg	5	-1.0,-1.0,-1.0,1.0,1.0,-1.0,-1.0,-1.0	-1.0595742,-1.9946795,-0.63248837,5.2598934,0.5048856,-4.4048076,-4.4691405,-2.89727
../data/train_data_mmini/5/Train_0024.jpg	5	1.0,-1.0,1.0,1.0,1.0,-1.0,1.0,-1.0	0.18727233,-2.511391,3.8199303,4.1534233,1.2834196,-5.1819367,0.64084065,-0.8980577
../data/train_data_mmini/6/Train_0025.jpg	6	-1.0,-1.0,1.0,-1.0,1.0,-1.0,1.0,1.0	-2.259607,-0.8108974,1.45116,-2.6242476,0.5436378,-0.70607847,2.024875,3.3004603
../data/train_data_mmini/6/Train_0026.jpg	6	-1.0,-1.0,1.0,1.0,1.0,-1.0,-1.0,1.0	-2.220344,-0.16228884,1.9373579,1.2567748,7.8769894,-2.9775126,-4.276637,1.3983933
../data/train_data_mmini/6/Train_0027.jpg	6	-1.0,1.0,-1.0,-1.0,1.0,1.0,1.0,1.0	-1.5562967,1.1822371,-2.2901938,-2.101012,5.1608133,1.1247946,0.6591773,3.7934966
../data/train_data_mmini/6/Train_0028.jpg	6	1.0,1.0,1.0,-1.0,1.0,1.0,-1.0,-1.0	5.796749,2.8630865,2.1942337,-0.1389271,4.245738,1.2084388,-3.5228832,-1.485491
../data/train_data_mmini/6/Train_0029.jpg	6	-1.0,-1.0,-1.0,-1.0,-1.0,-1.0,1.0,1.0	-3.444768,-2.450862,-0.7376669,-0.5407615,-5.6303716,-0.9814857,3.5117204,1.1861356
../data/train_data_mmini/7/Train_0030.jpg	7	-1.0,-1.0,-1.0,-1.0,-1.0,-1.0,-1.0,1.0	-3.214851,-1.1340462,-1.1278831,-1.142217,-2.0738058,-2.8237138,-2.1815615,1.5280887
../data/train_data_mmini/7/Train_0031.jpg	7	-1.0,1.0,-1.0,-1.0,-1.0,1.0,-1.0,1.0	-1.426573,0.51378936,-2.6443856,-1.5112702,-2.5979347,0.2399246,-1.584389,0.6710856
../data/train_data_mmini/7/Train_0032.jpg	7	1.0,1.0,1.0,-1.0,1.0,1.0,1.0,1.0	0.9186343,2.0507276,1.1828914,-2.0949774,2.3892612,1.319698,4.866451,2.971948
../data/train_data_mmini/7/Train_0033.jpg	7	-1.0,1.0,1.0,-1.0,1.0,-1.0,-1.0,1.0	-3.219189,0.21284524,0.26617017,-0.2985627,4.087672,-3.3161764,-5.724262,1.9142607
../data/train_data_mmini/7/Train_0034.jpg	7	1.0,1.0,1.0,1.0,1.0,1.0,1.0,1.0	4.0012236,2.2016098,2.7391374,0.34006488,6.90239,0.25797224,1.81277,1.7686073
../data/train_data_mmini/8/Train_0035.jpg	8	1.0,-1.0,-1.0,1.0,-1.0,1.0,1.0,-1.0	1.2978916,-0.70931065,-3.0807166,1.7116399,-4.218484,0.7707852,0.84778494,-2.1428335
../data/train_data_mmini/8/Train_0036.jpg	8	-1.0,-1.0,1.0,-1.0,-1.0,1.0,-1.0,-1.0	-1.1028042,-0.07734096,0.17652504,-2.459128,-1.7047501,0.20474762,-5.148036,-0.034240775
../data/train_data_mmini/8/Train_0037.jpg	8	1.0,1.0,1.0,-1.0,1.0,1.0,1.0,1.0	0.2530714,1.0869099,1.8594655,-1.31596,5.197224,0.19243924,0.954587,2.4011922
../data/train_data_mmini/8/Train_0038.jpg	8	1.0,-1.0,-1.0,-1.0,-1.0,1.0,1.0,1.0	0.39440084,-0.52774936,-1.3818891,-0.6879335,-3.4167902,0.17425813,1.4524775,0.108011425
../data/train_data_mmini/8/Train_0039.jpg	8	1.0,-1.0,-1.0,1.0,-1.0,-1.0,1.0,-1.0	0.10373605,-0.74108136,-1.5713582,0.39056388,-3.6418214,-0.35330686,1.19476,-0.42788246
../data/train_data_mmini/9/Train_0040.jpg	9	1.0,-1.0,1.0,1.0,1.0,-1.0,1.0,-1.0	1.4576895,-1.0457498,2.7867253,1.4439069,0.7224604,-1.3806072,0.040043753,-0.45738125
../data/train_data_mmini/9/Train_0041.jpg	9	-1.0,1.0,-1.0,-1.0,1.0,-1.0,-1.0,1.0	-0.08064872,1.5729169,-0.3947731,-1.6611462,4.3101764,-1.4879597,-4.290325,2.7024946
../data/train_data_mmini/9/Train_0042.jpg	9	1.0,-1.0,1.0,1.0,1.0,-1.0,1.0,1.0	1.8019755,-0.6224589,3.7069075,0.6192556,0.53702426,-0.6789862,5.7044044,1.4256586
../data/train_data_mmini/9/Train_0043.jpg	9	1.0,-1.0,-1.0,1.0,-1.0,1.0,-1.0,-1.0	2.9571657,-0.24582323,-0.43988353,1.443344,-2.7881653,2.3461452,-1.7216291,-3.6473036
../data/train_data_mmini/9/Train_0044.jpg	9	-1.0,-1.0,-1.0,-1.0,-1.0,-1.0,1.0,1.0	-2.9092464,-1.7191347,-0.772591,-1.454445,-3.5740278,-1.1539845,4.296116,2.776958
../data/train_data_mmini/10/Train_0045.jpg	10	-1.0,1.0,-1.0,-1.0,-1.0,1.0,1.0,1.0	-1.3518,0.023728905,-1.8723171,-0.7210916,-0.899534,1.823683,3.4344926,1.4663491
../data/train_data_mmini/10/Train_0046.jpg	10	-1.0,1.0,1.0,-1.0,1.0,1.0,1.0,1.0	-0.66085035,1.198435,0.44589978,-2.840853,0.9177833,1.8285264,5.234724,3.2515845
../data/train_data_mmini/10/Train_0047.jpg	10	1.0,1.0,1.0,-1.0,-1.0,1.0,1.0,-1.0	1.7297356,0.7902865,1.2828952,-0.7907753,-1.0336349,3.1086264,3.6763618,-0.2917279
../data/train_data_mmini/10/Train_0048.jpg	10	-1.0,-1.0,-1.0,-1.0,-1.0,-1.0,1.0,1.0	-3.4165895,-2.4037387,-1.3687327,-1.8575308,-5.438633,-0.27274984,3.4386837,2.2425666
../data/train_data_mmini/10/Train_0049.jpg	10	1.0,1.0,-1.0,1.0,-1.0,1.0,1.0,1.0	1.6451086,0.19765767,-0.845874,0.7620327,-0.4819348,1.4280097,2.7823539,0.10947141
