../data/train_data_mmini/1/Train_0000.jpg	1	-1.0,1.0,1.0,-1.0,1.0,1.0,-1.0,-1.0	-3.6062834,0.62962145,0.74716043,-2.0657592,1.5248393,0.21104364,-1.1518675,-0.7967224
../data/train_data_mmini/1/Train_0001.jpg	1	-1.0,-1.0,1.0,-1.0,1.0,1.0,1.0,-1.0	-2.0918252,-0.08775182,0.19515166,-1.3713822,0.4298722,0.6229593,0.4076576,-1.5848404
../data/train_data_mmini/1/Train_0002.jpg	1	-1.0,-1.0,-1.0,-1.0,1.0,1.0,1.0,-1.0	-0.5804428,-0.4235896,-0.22555612,-1.1727719,0.013638364,0.68468064,1.1871165,-2.0989907
../data/train_data_mmini/1/Train_0003.jpg	1	-1.0,1.0,1.0,-1.0,1.0,-1.0,-1.0,-1.0	-4.1229286,0.6531127,0.9464781,-1.9072405,1.8172688,-0.029815778,-1.8106855,-0.74900436
../data/train_data_mmini/1/Train_0004.jpg	1	-1.0,1.0,1.0,-1.0,1.0,1.0,-1.0,-1.0	-3.2665243,0.6091139,0.36482975,-2.0252864,1.4314383,0.40171862,-0.8543097,-1.1676571
../data/train_data_mmini/2/Train_0005.jpg	2	-1.0,1.0,-1.0,-1.0,-1.0,1.0,1.0,-1.0	-0.52884537,0.018100843,-0.16118848,-0.6750501,-0.341514,0.5431783,1.5483896,-2.1064312
../data/train_data_mmini/2/Train_0006.jpg	2	-1.0,-1.0,-1.0,-1.0,1.0,1.0,1.0,-1.0	-0.73280853,-0.5225281,-0.7274255,-0.9772271,0.38369775,1.033007,1.3891543,-1.8565058
../data/train_data_mmini/2/Train_0007.jpg	2	-1.0,1.0,1.0,-1.0,1.0,-1.0,-1.0,-1.0	-4.7229886,1.0692685,1.0413178,-2.1906466,1.9868535,-0.08071725,-2.3607218,-0.34107825
../data/train_data_mmini/2/Train_0008.jpg	2	-1.0,1.0,-1.0,-1.0,1.0,1.0,1.0,-1.0	-1.0951133,0.035148725,-0.1853691,-1.1128821,0.37939543,0.8690985,0.9840085,-1.3612928
../data/train_data_mmini/2/Train_0009.jpg	2	-1.0,1.0,1.0,-1.0,1.0,1.0,1.0,-1.0	-2.3598938,0.7802225,0.69588906,-1.8152668,0.62838143,0.6355712,0.65705127,-1.4503701
../data/train_data_mmini/3/Train_0010.jpg	3	1.0,-1.0,-1.0,-1.0,-1.0,1.0,1.0,-1.0	0.06775871,-0.45732194,-0.6329818,-0.12284069,-0.5139657,0.6321273,1.5124072,-1.8368422
../data/train_data_mmini/3/Train_0011.jpg	3	1.0,-1.0,-1.0,-1.0,-1.0,1.0,1.0,-1.0	0.99564475,-0.63011396,-1.1030033,-1.0554608,-1.2675039,1.4176505,3.1804278,-3.2199817
../data/train_data_mmini/3/Train_0012.jpg	3	-1.0,-1.0,-1.0,-1.0,-1.0,1.0,1.0,-1.0	-0.5672039,-0.06831528,-0.2917443,-1.1406317,-0.4500656,0.85155237,1.8075206,-2.8442564
../data/train_data_mmini/3/Train_0013.jpg	3	1.0,-1.0,-1.0,-1.0,-1.0,1.0,1.0,-1.0	1.0271196,-0.61874187,-1.3812234,-0.14659868,-0.13708778,1.3593884,2.7729075,-2.8707418
../data/train_data_mmini/3/Train_0014.jpg	3	-1.0,-1.0,-1.0,-1.0,-1.0,1.0,1.0,-1.0	-0.13387877,-0.032326117,-0.62059027,-1.1897424,-0.21536167,1.2017915,1.8000813,-2.0679884
../data/train_data_mmini/4/Train_0015.jpg	4	-1.0,1.0,1.0,-1.0,1.0,1.0,1.0,-1.0	-1.9162965,0.2395951,0.152074,-1.3882067,0.83140504,0.5520336,0.5630453,-1.8175421
../data/train_data_mmini/4/Train_0016.jpg	4	-1.0,-1.0,1.0,-1.0,-1.0,1.0,1.0,-1.0	-0.54570913,-0.15493287,0.6551503,-0.38749403,-0.78459525,0.340954,1.2978489,-1.4345661
../data/train_data_mmini/4/Train_0017.jpg	4	1.0,-1.0,-1.0,-1.0,-1.0,1.0,1.0,-1.0	0.7600778,-0.7303986,-0.6752638,-0.67611015,-1.2716876,1.4349979,3.5284474,-2.8966992
../data/train_data_mmini/4/Train_0018.jpg	4	-1.0,-1.0,1.0,-1.0,-1.0,1.0,1.0,-1.0	-0.4144176,-0.17309351,0.32062677,-0.99067587,-0.24821939,0.4029907,1.367123,-1.7469685
../data/train_data_mmini/4/Train_0019.jpg	4	-1.0,-1.0,-1.0,1.0,1.0,1.0,1.0,-1.0	-0.26759058,-0.72025996,-1.0596603,0.18198879,0.28546315,0.97622895,1.3844761,-2.5536394
../data/train_data_mmini/5/Train_0020.jpg	5	-1.0,1.0,1.0,-1.0,1.0,1.0,-1.0,-1.0	-4.0353885,0.7029976,1.0054277,-1.9430784,1.6414424,0.018088356,-1.7642463,-0.80239725
../data/train_data_mmini/5/Train_0021.jpg	5	-1.0,1.0,-1.0,-1.0,1.0,1.0,1.0,-1.0	-2.1688313,0.40077168,-0.17946494,-1.9982369,1.2591058,0.97257805,0.6705337,-1.9549075
../data/train_data_mmini/5/Train_0022.jpg	5	-1.0,1.0,1.0,-1.0,1.0,1.0,-1.0,-1.0	-3.726009,0.88814634,0.62910855,-1.9403545,1.7642382,0.26665008,-1.4879888,-0.5697357
../data/train_data_mmini/5/Train_0023.jpg	5	-1.0,1.0,1.0,-1.0,1.0,-1.0,-1.0,-1.0	-4.4496574,0.81182766,1.1040341,-2.1579747,2.127184,-0.05949603,-2.381536,-0.4781852
../data/train_data_mmini/5/Train_0024.jpg	5	-1.0,1.0,1.0,-1.0,1.0,1.0,-1.0,-1.0	-3.0677466,0.89752686,0.35284752,-1.647888,1.2289951,0.19526686,-0.3884134,-1.5296421
../data/train_data_mmini/6/Train_0025.jpg	6	1.0,-1.0,-1.0,1.0,-1.0,1.0,1.0,-1.0	1.0266906,-0.51303035,-1.1744227,0.43397605,-1.0481833,0.8258488,2.7165482,-3.4967594
../data/train_data_mmini/6/Train_0026.jpg	6	-1.0,-1.0,1.0,-1.0,-1.0,1.0,1.0,-1.0	-2.3607738,-0.025653973,0.75341934,-1.6058794,-0.16177268,0.46668738,0.89856315,-1.5260116
../data/train_data_mmini/6/Train_0027.jpg	6	1.0,-1.0,-1.0,-1.0,-1.0,1.0,1.0,-1.0	0.9767887,-0.57049924,-0.57014114,-0.1907254,-1.438329,1.0322728,2.9004204,-2.7863405
../data/train_data_mmini/6/Train_0028.jpg	6	-1.0,-1.0,-1.0,-1.0,1.0,1.0,1.0,-1.0	-1.06729,-0.010480717,-0.30657548,-1.4164991,0.04596971,1.1356204,1.4520848,-1.6428843
../data/train_data_mmini/6/Train_0029.jpg	6	-1.0,1.0,-1.0,-1.0,-1.0,1.0,1.0,-1.0	-0.114393175,0.16736798,-0.38525873,-0.32369506,-0.1921456,0.5070834,2.082905,-2.5577857
../data/train_data_mmini/7/Train_0030.jpg	7	-1.0,1.0,1.0,-1.0,1.0,1.0,1.0,-1.0	-3.031257,0.6210754,0.73118925,-1.7412184,0.78581655,0.6188011,0.027951721,-1.275755
../data/train_data_mmini/7/Train_0031.jpg	7	-1.0,1.0,-1.0,-1.0,-1.0,1.0,1.0,-1.0	-0.60359085,0.18016575,-0.11946085,-1.1377349,-0.1444564,1.045567,2.271403,-2.3559844
../data/train_data_mmini/7/Train_0032.jpg	7	1.0,-1.0,-1.0,-1.0,-1.0,1.0,1.0,-1.0	2.571537,-0.6757001,-1.3004218,-0.4771182,-1.7216474,1.5696094,4.7211742,-4.2294097
../data/train_data_mmini/7/Train_0033.jpg	7	-1.0,1.0,1.0,-1.0,-1.0,1.0,1.0,-1.0	-2.2895665,0.51000625,0.56518203,-1.3553133,-0.15259989,0.31739694,0.4695007,-1.2294407
../data/train_data_mmini/7/Train_0034.jpg	7	1.0,-1.0,-1.0,1.0,-1.0,1.0,1.0,-1.0	2.320261,-0.9097054,-2.1726167,0.12542088,-1.6239662,1.5565906,3.873303,-3.6723049
../data/train_data_mmini/8/Train_0035.jpg	8	-1.0,1.0,-1.0,-1.0,1.0,1.0,1.0,-1.0	-1.0625684,0.6170905,-0.4425894,-1.4434025,0.45784366,1.0226886,1.630658,-1.8918469
../data/train_data_mmini/8/Train_0036.jpg	8	-1.0,1.0,-1.0,-1.0,-1.0,1.0,1.0,-1.0	-0.43777674,0.36160588,-0.23174882,-0.99519664,-0.6855281,1.0488888,2.6300094,-2.4281301
../data/train_data_mmini/8/Train_0037.jpg	8	-1.0,1.0,-1.0,-1.0,-1.0,1.0,1.0,-1.0	-0.35989106,0.083204195,-0.4312787,-0.9939256,-1.0943788,1.3750334,3.3534977,-2.6346593
../data/train_data_mmini/8/Train_0038.jpg	8	-1.0,1.0,-1.0,-1.0,1.0,1.0,1.0,-1.0	-0.784882,0.16249935,-0.4355863,-0.85312855,0.22282456,0.9434948,1.5847915,-2.190607
../data/train_data_mmini/8/Train_0039.jpg	8	-1.0,1.0,-1.0,-1.0,-1.0,1.0,1.0,-1.0	-0.104843915,0.6310133,-0.8269741,-1.3145537,-0.3931312,1.2049596,3.0963418,-2.776921
../data/train_data_mmini/9/Train_0040.jpg	9	-1.0,1.0,1.0,-1.0,1.0,1.0,-1.0,-1.0	-3.3071842,0.8082606,0.25703895,-1.9021654,1.19634,0.6610223,-0.12498242,-1.3369932
../data/train_data_mmini/9/Train_0041.jpg	9	-1.0,-1.0,-1.0,-1.0,-1.0,1.0,1.0,-1.0	-0.057179447,-0.04599215,-0.241992,-0.6831182,-0.7039287,0.8496158,1.7788361,-2.3736339
../data/train_data_mmini/9/Train_0042.jpg	9	-1.0,1.0,-1.0,-1.0,1.0,1.0,1.0,-1.0	-1.4464923,0.12147276,-0.24903806,-0.9709769,0.43939793,0.6860331,1.1920828,-2.3302014
../data/train_data_mmini/9/Train_0043.jpg	9	-1.0,1.0,1.0,-1.0,1.0,1.0,1.0,-1.0	-2.6008036,0.64823604,0.15065122,-1.7408874,1.194067,0.80861896,0.18941474,-1.4328206
../data/train_data_mmini/9/Train_0044.jpg	9	-1.0,1.0,-1.0,-1.0,1.0,1.0,1.0,-1.0	-1.0196049,0.10561608,-0.35923272,-0.8089687,0.20859103,0.7882334,1.5982649,-2.5886793
../data/train_data_mmini/10/Train_0045.jpg	10	1.0,-1.0,-1.0,1.0,-1.0,1.0,1.0,-1.0	3.506236,-0.11959262,-2.0172544,0.4604527,-2.2879474,1.393561,5.775191,-4.2294736
../data/train_data_mmini/10/Train_0046.jpg	10	1.0,-1.0,-1.0,1.0,-1.0,1.0,1.0,-1.0	2.2361937,-0.65326625,-1.2929983,0.51608545,-1.6344965,1.055977,3.8388598,-3.279533
../data/train_data_mmini/10/Train_0047.jpg	10	1.0,-1.0,-1.0,-1.0,-1.0,1.0,1.0,-1.0	2.0198305,-0.1494794,-1.7368951,-0.31763804,-1.4919995,1.5746392,4.938603,-4.0327554
../data/train_data_mmini/10/Train_0048.jpg	10	1.0,1.0,-1.0,1.0,-1.0,1.0,1.0,-1.0	2.2759113,0.09902452,-1.6304725,0.37041265,-1.2634374,0.866119,3.6800764,-4.052203
../data/train_data_mmini/10/Train_0049.jpg	10	1.0,1.0,-1.0,-1.0,-1.0,1.0,1.0,-1.0	0.4514382,0.3399108,-1.1749593,-0.8293109,-0.6634838,1.4419638,3.582616,-3.017129
