../data/train_data_mmini/1/Train_0000.jpg	1	-1.0,-1.0,1.0,1.0,1.0,-1.0,1.0,-1.0,-1.0,1.0,-1.0,-1.0,-1.0,-1.0,1.0,1.0,1.0,-1.0,-1.0,-1.0,-1.0,1.0,-1.0,1.0	-5.5255637,-1.0199813,2.0132809,1.2949245,0.87957174,-1.989474,0.95679975,-1.1334875,-2.5830746,0.3858593,-1.9479902,-3.018053,-0.4864758,-1.7668988,1.0878717,0.04133318,1.0667138,-2.5387275,-0.7437729,-0.44189656,-1.7643814,2.0082846,-2.346165,1.5406367
../data/train_data_mmini/1/Train_0001.jpg	1	-1.0,-1.0,-1.0,1.0,1.0,-1.0,1.0,-1.0,-1.0,-1.0,-1.0,-1.0,-1.0,-1.0,1.0,1.0,-1.0,-1.0,-1.0,-1.0,-1.0,1.0,1.0,-1.0	-1.7854962,-0.3353716,-5.1966057,3.931651,0.13522579,-1.1871194,1.1895779,-2.9159105,-3.4267573,-3.21679,-1.4464817,-3.4165375,-0.88444203,-4.238618,0.24422999,0.11474711,-0.48383456,-1.2096332,-2.185696,-2.806882,-0.3687632,1.7453463,0.31702775,-3.148108
../data/train_data_mmini/1/Train_0002.jpg	1	-1.0,1.0,-1.0,1.0,1.0,-1.0,1.0,-1.0,-1.0,1.0,-1.0,-1.0,1.0,1.0,1.0,1.0,-1.0,-1.0,-1.0,-1.0,-1.0,-1.0,1.0,-1.0	-1.778193,2.4663005,-1.7317253,0.18098338,2.9402785,-4.887885,4.9535193,-3.4978144,-0.33046615,1.8936518,-3.0172782,-0.19032277,1.6149763,0.99568254,2.67758,4.154887,-2.4688456,-3.9722962,-2.0716014,-6.0285096,-2.4987135,-1.7232249,1.8747941,-0.3868188
../data/train_data_mmini/1/Train_0003.jpg	1	-1.0,-1.0,-1.0,1.0,-1.0,1.0,-1.0,-1.0,-1.0,-1.0,1.0,-1.0,-1.0,-1.0,-1.0,-1.0,1.0,-1.0,-1.0,1.0,-1.0,1.0,-1.0,1.0	-5.977078,-4.836625,-0.46826175,3.2025325,-1.3292836,0.5065192,-0.7902617,-0.56306154,-3.0495415,-1.4752139,0.31005844,-4.6345553,-4.110594,-2.290022,-1.2332311,-3.1582568,2.9411669,-1.9256307,-2.8825586,1.1478932,-2.1372485,2.7764595,-4.3111396,3.721085
../data/train_data_mmini/1/Train_0004.jpg	1	-1.0,1.0,1.0,-1.0,1.0,-1.0,-1.0,1.0,-1.0,1.0,-1.0,-1.0,1.0,-1.0,1.0,1.0,1.0,-1.0,1.0,1.0,-1.0,1.0,-1.0,1.0	-1.5698532,0.47850096,3.06509,-1.262478,1.4727929,-0.95998794,-0.07930048,0.30369344,-1.7860684,1.4884952,-1.2109947,-0.8473011,1.4244268,-0.38748476,1.0083742,0.78666645,1.0590745,-0.3069584,1.4789327,0.3847887,-0.27435136,1.3781261,-1.1884717,0.3386441
../data/train_data_mmini/2/Train_0005.jpg	2	1.0,1.0,-1.0,1.0,-1.0,1.0,1.0,-1.0,1.0,-1.0,1.0,1.0,1.0,-1.0,1.0,1.0,-1.0,1.0,-1.0,-1.0,1.0,-1.0,1.0,-1.0	6.8843055,0.8344037,-5.4260974,0.075890064,-0.05172868,0.28516766,0.6179973,-0.7595742,0.40294045,-0.9149828,0.055525098,0.8131015,0.68565995,-0.29896328,0.6588259,0.9240455,-2.0244827,0.20876591,-0.12542169,-3.2560782,0.61551976,-1.3880004,3.7834961,-2.7005274
../data/train_data_mmini/2/Train_0006.jpg	2	1.0,-1.0,-1.0,-1.0,-1.0,1.0,-1.0,1.0,1.0,-1.0,1.0,1.0,-1.0,1.0,-1.0,-1.0,1.0,1.0,-1.0,1.0,1.0,1.0,1.0,1.0	6.669864,-2.3410735,-4.866364,-3.3481688,-0.8503824,4.016593,-1.8839165,2.76762,0.117969394,-0.19940162,4.050578,2.4330025,-2.0734107,5.5469623,-3.5135548,-3.3757708,2.6087692,2.8242996,-0.37077054,1.2964801,1.3477712,0.5831947,0.115668334,1.021715
../data/train_data_mmini/2/Train_0007.jpg	2	-1.0,-1.0,1.0,1.0,-1.0,-1.0,-1.0,1.0,-1.0,1.0,-1.0,-1.0,-1.0,-1.0,1.0,-1.0,1.0,-1.0,1.0,1.0,-1.0,1.0,-1.0,1.0	-5.1033487,-2.7051873,4.047791,2.0760095,-0.03136438,-0.63240606,-0.9595602,0.8994815,-1.7943498,0.6966818,-1.4647577,-2.9882107,-1.3066,-4.140794,0.42411935,-1.2401581,2.0300138,-1.22745,0.39889887,2.6485634,-2.2282076,2.51165,-3.5488446,2.9473698
../data/train_data_mmini/2/Train_0008.jpg	2	1.0,1.0,1.0,-1.0,1.0,-1.0,1.0,-1.0,-1.0,1.0,-1.0,1.0,1.0,1.0,1.0,1.0,-1.0,-1.0,1.0,-1.0,1.0,-1.0,1.0,-1.0	2.9261382,5.4314356,1.9979042,-3.4406397,3.5154183,-2.730768,1.6220872,-0.7770788,-0.4823496,2.2468026,-2.7690067,1.8057139,4.743248,2.4843833,3.4594269,4.2749586,-1.579311,-0.31025013,3.1252286,-2.580322,1.2757224,-0.379126,2.7153559,-2.6552722
../data/train_data_mmini/2/Train_0009.jpg	2	1.0,-1.0,-1.0,1.0,-1.0,1.0,-1.0,-1.0,1.0,-1.0,-1.0,-1.0,-1.0,-1.0,1.0,-1.0,-1.0,-1.0,-1.0,-1.0,-1.0,1.0,1.0,-1.0	2.7637265,-0.23630556,-3.1164443,2.527649,-0.5983732,0.047069557,-0.24616577,-0.87022406,0.061565638,-1.0985832,-0.92459697,-1.083222,-0.74954706,-3.1523688,0.9516991,-0.29745293,-0.9441992,-0.44976026,-0.67517316,-1.129334,-0.41990715,0.25177836,1.0593237,-0.45262077
../data/train_data_mmini/3/Train_0010.jpg	3	1.0,1.0,-1.0,1.0,-1.0,1.0,-1.0,-1.0,-1.0,-1.0,1.0,1.0,1.0,-1.0,-1.0,-1.0,-1.0,1.0,1.0,-1.0,1.0,-1.0,1.0,-1.0	8.289699,0.5975562,-7.1318226,1.5307267,-1.3405955,2.1027377,-1.8782845,-0.31928137,-0.9959101,-4.130426,0.23719972,0.028177066,0.12657,-3.0744457,-0.04265258,-0.32108802,-1.7831612,2.3501546,0.07001141,-0.72020996,2.9019868,-0.50669074,3.8984878,-4.2535787
../data/train_data_mmini/3/Train_0011.jpg	3	1.0,1.0,-1.0,1.0,1.0,-1.0,1.0,-1.0,-1.0,1.0,-1.0,-1.0,1.0,-1.0,1.0,1.0,-1.0,-1.0,-1.0,-1.0,-1.0,-1.0,1.0,-1.0	0.2802207,5.617542,-3.0678728,0.11948503,3.8216784,-6.212211,6.089344,-5.6904936,-1.5279455,0.87955594,-5.803042,-0.93852985,4.5899086,-2.0759566,3.8797743,6.729905,-5.686931,-4.811474,-1.0094237,-8.8963785,-0.7397303,-2.6887515,6.134733,-5.235993
../data/train_data_mmini/3/Train_0012.jpg	3	1.0,1.0,-1.0,1.0,1.0,-1.0,1.0,-1.0,-1.0,-1.0,1.0,-1.0,-1.0,1.0,-1.0,1.0,-1.0,-1.0,-1.0,-1.0,-1.0,1.0,1.0,-1.0	0.745266,0.10283115,-6.039702,0.71603686,1.1208049,-0.89985996,2.5422995,-2.9147298,-1.580114,-0.55154866,0.6722341,-0.97826934,-0.62963456,0.99468213,-0.78063357,0.8457856,-0.782869,-1.4378209,-2.5229716,-5.012902,-0.5340078,0.06144256,0.6849402,-2.6217585
../data/train_data_mmini/3/Train_0013.jpg	3	1.0,1.0,-1.0,-1.0,1.0,1.0,1.0,1.0,1.0,1.0,1.0,1.0,1.0,1.0,-1.0,1.0,-1.0,1.0,1.0,-1.0,1.0,-1.0,1.0,-1.0	8.688036,3.186023,-6.205867,-2.5243437,1.0304787,1.0781487,0.97424996,0.5886993,0.52323323,0.0025425528,1.316137,3.4676285,1.4833088,5.0026994,-0.84641165,0.57337195,-0.3389097,2.689722,0.5674831,-2.6827657,1.7204958,-0.34314337,2.7534215,-2.812059
../data/train_data_mmini/3/Train_0014.jpg	3	1.0,1.0,-1.0,-1.0,1.0,-1.0,1.0,-1.0,1.0,1.0,-1.0,1.0,1.0,-1.0,1.0,1.0,-1.0,1.0,1.0,-1.0,1.0,-1.0,1.0,-1.0	7.0172434,2.4894116,-2.6109776,-1.2726798,0.92400444,-0.77234256,0.7687717,-0.6092815,0.45575923,0.1623894,-1.9510314,1.5194222,2.5113082,-1.33656,1.5447482,2.407397,-2.7766883,0.69010943,2.2549243,-2.3612146,1.2382444,-1.381198,4.7338963,-3.9189262
../data/train_data_mmini/4/Train_0015.jpg	4	-1.0,1.0,1.0,-1.0,1.0,-1.0,1.0,-1.0,-1.0,1.0,-1.0,1.0,1.0,1.0,1.0,1.0,-1.0,-1.0,1.0,-1.0,-1.0,-1.0,1.0,-1.0	-1.6011063,3.5522661,2.4606962,-2.238433,3.4892714,-3.523798,2.9149308,-1.9962289,-0.7074601,2.9916975,-2.5797045,0.59999293,3.0683467,2.0257728,2.5861604,3.4541893,-0.91193473,-2.7338462,1.3073194,-3.7421803,-0.9035897,-0.28796488,1.0173296,-0.6937891
../data/train_data_mmini/4/Train_0016.jpg	4	-1.0,1.0,-1.0,1.0,1.0,-1.0,1.0,-1.0,-1.0,-1.0,-1.0,-1.0,-1.0,-1.0,1.0,1.0,-1.0,-1.0,-1.0,-1.0,-1.0,-1.0,1.0,-1.0	-0.8297451,0.027649518,-7.0613437,5.2792797,0.13143675,-3.0473819,2.763997,-4.6740804,-0.9033119,-2.8660836,-2.1944036,-2.8926647,-1.2335585,-4.7992697,2.2474773,1.7522751,-3.207577,-3.5867655,-4.297735,-5.8025312,-2.3289816,-0.4553874,2.088377,-2.0674305
../data/train_data_mmini/4/Train_0017.jpg	4	1.0,-1.0,-1.0,-1.0,1.0,-1.0,1.0,-1.0,-1.0,-1.0,1.0,1.0,-1.0,1.0,-1.0,1.0,-1.0,-1.0,-1.0,-1.0,-1.0,-1.0,1.0,-1.0	4.1700273,-0.7704656,-9.015558,-1.1597586,0.44168591,-0.63285136,3.2286716,-2.035385,-0.2945263,-0.13215223,1.9574631,0.40118846,-1.6741326,4.6299415,-1.5669092,0.2113982,-1.3483875,-1.650274,-3.7369504,-6.026748,-1.10519,-1.4203305,2.8399663,-1.3393081
../data/train_data_mmini/4/Train_0018.jpg	4	1.0,1.0,-1.0,1.0,1.0,-1.0,1.0,-1.0,1.0,-1.0,-1.0,-1.0,1.0,-1.0,1.0,1.0,-1.0,-1.0,1.0,-1.0,1.0,-1.0,1.0,-1.0	3.9566708,3.5550525,-2.8215017,2.1503108,0.9464076,-2.9939415,1.9916564,-3.1939445,0.10667491,-1.2716662,-4.51988,-0.5422216,3.0474455,-5.5171714,4.247227,3.9535666,-4.7046375,-2.0927732,0.6267659,-4.244419,0.34959966,-2.0502803,5.7185946,-4.446197
../data/train_data_mmini/4/Train_0019.jpg	4	1.0,-1.0,-1.0,-1.0,-1.0,1.0,-1.0,1.0,1.0,1.0,1.0,1.0,-1.0,1.0,-1.0,-1.0,1.0,1.0,1.0,1.0,1.0,-1.0,1.0,1.0	10.270459,-1.2053493,-6.186639,-4.407724,-0.28026658,4.671213,-1.3599788,3.7175586,1.6878527,1.0556126,5.8530273,4.6289744,-1.882409,7.583322,-4.3081727,-2.9328632,2.8478189,4.4357038,0.08258661,0.6515087,2.0521843,-0.14936073,0.7246231,0.36781618
../data/train_data_mmini/5/Train_0020.jpg	5	-1.0,-1.0,-1.0,1.0,-1.0,1.0,-1.0,1.0,-1.0,-1.0,-1.0,-1.0,-1.0,-1.0,-1.0,-1.0,1.0,-1.0,-1.0,1.0,-1.0,1.0,-1.0,1.0	-2.785135,-3.465884,-0.3135258,2.5965984,-0.63562185,0.21378814,-0.636505,0.6515493,-1.2706668,-0.35534716,-0.022394806,-2.744577,-2.4980552,-3.2495112,-0.76801854,-1.8687226,1.6333288,-0.49944547,-1.2245061,1.2804643,-2.1580687,1.8733405,-2.5850933,1.9030781
../data/train_data_mmini/5/Train_0021.jpg	5	-1.0,1.0,1.0,-1.0,1.0,-1.0,1.0,-1.0,-1.0,1.0,-1.0,-1.0,1.0,1.0,1.0,1.0,-1.0,-1.0,1.0,-1.0,-1.0,1.0,1.0,-1.0	-0.1137519,2.3740156,1.5005178,-2.660793,2.0037127,-2.161406,2.140122,-1.2534978,-1.7095575,2.2340858,-2.7225077,-0.38285688,2.7870836,2.135756,1.7943459,1.9561108,-0.1481633,-1.9342451,1.2356905,-2.5319948,-0.3837631,0.25436985,1.5372859,-0.32069388
../data/train_data_mmini/5/Train_0022.jpg	5	1.0,-1.0,1.0,-1.0,1.0,1.0,-1.0,1.0,-1.0,1.0,1.0,-1.0,-1.0,-1.0,-1.0,-1.0,1.0,1.0,1.0,1.0,-1.0,1.0,-1.0,1.0	0.2472532,-2.2000506,2.0873742,-0.36671284,0.0013226052,1.6371164,-2.1884856,2.5964494,-0.50003594,1.3936148,1.0004132,-0.14359534,-1.1109177,-0.3362501,-0.7650658,-1.9445919,2.9327133,1.6565219,1.6239458,3.6072626,-0.2544549,2.196771,-2.756096,2.4801965
../data/train_data_mmini/5/Train_0023.jpg	5	-1.0,-1.0,1.0,1.0,-1.0,1.0,-1.0,1.0,-1.0,-1.0,-1.0,-1.0,-1.0,-1.0,-1.0,-1.0,1.0,-1.0,-1.0,1.0,-1.0,1.0,-1.0,1.0	-5.8014054,-3.7847316,2.6296513,2.2498162,-0.75406486,0.15653206,-1.3918853,0.8413301,-2.2719898,-0.103207305,-0.23212408,-3.6741009,-2.7450125,-2.669239,-0.5480466,-2.64128,2.8942158,-1.1575596,-0.90118337,2.746214,-2.3895082,2.9981742,-4.542144,3.949553
../data/train_data_mmini/5/Train_0024.jpg	5	-1.0,-1.0,-1.0,1.0,1.0,-1.0,1.0,-1.0,-1.0,1.0,-1.0,-1.0,-1.0,-1.0,1.0,1.0,-1.0,-1.0,-1.0,-1.0,-1.0,1.0,-1.0,1.0	-2.484891,-0.77284795,-0.19839226,0.8448905,0.30104613,-1.3605657,1.2619256,-1.4873095,-1.8964555,0.3837356,-1.6912168,-2.513204,-0.18035658,-1.8543745,0.6802893,0.39311093,-0.18173285,-2.7014031,-0.9968057,-1.6364334,-1.5077362,0.68187016,-0.27962446,0.72906786
../data/train_data_mmini/6/Train_0025.jpg	6	1.0,-1.0,-1.0,1.0,-1.0,1.0,-1.0,-1.0,1.0,-1.0,1.0,-1.0,-1.0,1.0,-1.0,-1.0,-1.0,-1.0,-1.0,-1.0,-1.0,-1.0,1.0,1.0	8.880805,-6.2583027,-14.350559,1.5541251,-4.7800064,4.9758234,-1.122752,-0.5638184,0.12320131,-5.5411997,4.5889273,-0.4128306,-6.873412,0.41194868,-5.934204,-3.952234,-1.1975335,-0.85000646,-5.935441,-2.5666623,-0.14635968,-2.7847018,2.843306,0.1668086
../data/train_data_mmini/6/Train_0026.jpg	6	-1.0,-1.0,-1.0,1.0,-1.0,-1.0,1.0,-1.0,-1.0,-1.0,-1.0,-1.0,-1.0,-1.0,1.0,1.0,-1.0,-1.0,-1.0,-1.0,-1.0,-1.0,1.0,-1.0	-0.94527054,-1.405626,-4.3728094,4.7870827,-1.4886031,-1.3694596,0.88327456,-3.4649932,-1.8549393,-3.1742263,-2.8535433,-4.1831226,-1.1032883,-7.9082084,1.4956167,0.8587205,-2.8159328,-3.415759,-2.8253534,-3.1060078,-1.2117836,-0.31027874,2.2589447,-1.7039739
../data/train_data_mmini/6/Train_0027.jpg	6	1.0,1.0,-1.0,1.0,-1.0,1.0,1.0,-1.0,-1.0,-1.0,-1.0,-1.0,-1.0,-1.0,1.0,1.0,-1.0,-1.0,-1.0,-1.0,1.0,-1.0,1.0,-1.0	6.6611753,0.37885368,-10.175557,4.760754,-2.0047944,0.15944509,0.43514082,-3.3375309,-0.28277546,-5.3851213,-1.0443834,-1.7097539,-1.2375832,-6.930711,0.20137993,0.5515322,-4.69928,-0.15056393,-2.5764797,-4.4262934,0.59902465,-1.6760523,4.9522963,-5.6141157
../data/train_data_mmini/6/Train_0028.jpg	6	1.0,1.0,-1.0,1.0,1.0,-1.0,1.0,-1.0,-1.0,1.0,-1.0,-1.0,1.0,-1.0,1.0,1.0,-1.0,-1.0,1.0,-1.0,-1.0,-1.0,1.0,-1.0	1.2422737,3.4720023,-0.69225764,1.3379879,1.9711171,-4.520622,2.9233723,-2.758353,-0.15729162,0.42808557,-4.642969,-0.6859275,3.1549435,-4.1726804,3.8574553,4.797598,-4.5837927,-2.7437115,0.49695006,-4.189143,-1.5336267,-1.5606198,4.101103,-2.9065235
../data/train_data_mmini/6/Train_0029.jpg	6	1.0,-1.0,-1.0,-1.0,-1.0,1.0,1.0,-1.0,1.0,-1.0,1.0,1.0,-1.0,1.0,-1.0,-1.0,1.0,1.0,-1.0,-1.0,1.0,-1.0,1.0,1.0	5.5261083,-1.4364078,-8.959199,-0.58478755,-1.3292631,2.7149148,0.13125367,-0.38244462,0.5950199,-1.3653853,3.2768605,0.58791655,-3.065659,4.9032683,-3.0569112,-2.5609267,1.0755651,0.3566975,-4.195702,-2.8551896,0.32355964,-0.42009878,0.603165,0.84229887
../data/train_data_mmini/7/Train_0030.jpg	7	1.0,-1.0,-1.0,1.0,-1.0,1.0,-1.0,-1.0,-1.0,-1.0,1.0,-1.0,-1.0,-1.0,-1.0,-1.0,1.0,-1.0,-1.0,-1.0,-1.0,1.0,-1.0,1.0	1.0118659,-3.3176532,-4.542585,2.4991014,-1.3161663,1.2214302,-0.3434051,-0.26688313,-0.49747843,-1.4210876,1.2452867,-1.3312176,-3.3197594,-1.339544,-1.4241385,-2.3721826,0.878279,-0.4005569,-2.3787622,-0.48127815,-1.7629964,0.8379274,-1.1822795,1.4409009
../data/train_data_mmini/7/Train_0031.jpg	7	1.0,-1.0,-1.0,1.0,-1.0,1.0,-1.0,-1.0,1.0,-1.0,1.0,-1.0,-1.0,-1.0,-1.0,-1.0,-1.0,1.0,-1.0,-1.0,-1.0,-1.0,1.0,-1.0	7.980205,-0.52949786,-9.324644,2.306942,-1.7818533,1.0663563,-0.07441531,-1.1859761,0.57258695,-3.1300309,0.39960435,-0.042362723,-1.2003566,-2.3702703,-0.0112516,-0.34291196,-2.8207042,0.042213533,-2.0209615,-3.3670552,-0.0014372193,-0.96693426,3.7802088,-2.6499095
../data/train_data_mmini/7/Train_0032.jpg	7	1.0,1.0,-1.0,-1.0,1.0,-1.0,1.0,-1.0,1.0,-1.0,-1.0,1.0,1.0,-1.0,1.0,1.0,-1.0,-1.0,1.0,-1.0,1.0,-1.0,1.0,-1.0	10.009254,7.3994064,-6.677048,-0.75630736,2.240173,-3.4172118,4.1927595,-3.8939886,1.1202489,-0.18009269,-3.828733,2.3638015,5.4547577,-1.7435343,3.3421113,6.232963,-7.2096534,-0.8506708,1.411994,-8.414033,1.3830714,-3.624582,9.096043,-9.0082445
../data/train_data_mmini/7/Train_0033.jpg	7	1.0,-1.0,-1.0,1.0,-1.0,1.0,-1.0,-1.0,-1.0,-1.0,1.0,-1.0,-1.0,-1.0,-1.0,-1.0,-1.0,-1.0,-1.0,-1.0,-1.0,1.0,1.0,-1.0	1.5402324,-3.6202471,-6.364124,4.653692,-2.0255408,1.062762,-0.8925507,-1.2799131,-1.532421,-3.760766,0.38674113,-3.3414533,-3.4916985,-5.5877576,-0.44856498,-1.7187107,-1.0363317,-0.80349016,-2.912029,-0.9717612,-0.56947243,0.72897124,0.37330794,-0.8885729
../data/train_data_mmini/7/Train_0034.jpg	7	1.0,1.0,-1.0,1.0,1.0,-1.0,1.0,-1.0,-1.0,-1.0,-1.0,-1.0,1.0,-1.0,1.0,1.0,-1.0,-1.0,-1.0,-1.0,1.0,-1.0,1.0,-1.0	7.1984196,3.4914591,-6.5142517,0.85287887,0.119570985,-2.748932,2.82846,-4.329197,-1.1389538,-2.4836695,-4.3595023,-1.2228943,3.6610105,-5.7202992,2.718203,4.7373815,-6.7146335,-1.8476086,-0.21886566,-6.631768,1.451605,-3.5897558,8.816979,-7.3598204
../data/train_data_mmini/8/Train_0035.jpg	8	1.0,1.0,-1.0,-1.0,1.0,1.0,-1.0,1.0,1.0,1.0,1.0,1.0,1.0,1.0,1.0,1.0,-1.0,1.0,1.0,-1.0,1.0,1.0,1.0,-1.0	6.7892227,2.2009628,-2.5418663,-1.5533497,0.41077578,1.0774453,-0.3960391,0.6316664,0.3660283,0.52627385,0.29762253,2.4810367,1.2195749,1.478325,0.27732942,0.30895287,-0.2887002,1.7571275,2.1618943,-0.5862248,1.5828823,0.0043522017,2.3353374,-1.9059075
../data/train_data_mmini/8/Train_0036.jpg	8	1.0,-1.0,-1.0,1.0,-1.0,1.0,-1.0,-1.0,1.0,-1.0,1.0,1.0,-1.0,-1.0,1.0,-1.0,-1.0,1.0,-1.0,-1.0,-1.0,-1.0,1.0,-1.0	9.383633,-1.4068972,-8.321774,2.9842157,-2.197339,1.2968627,-0.5262089,-0.5039306,1.7666284,-2.9165695,0.48821956,0.8778625,-1.9345682,-3.5750146,0.29469988,-0.13246301,-3.249651,0.048844222,-1.2270797,-2.1052163,-0.14219177,-2.1144533,4.4305525,-1.8816797
../data/train_data_mmini/8/Train_0037.jpg	8	1.0,1.0,-1.0,1.0,1.0,-1.0,1.0,-1.0,-1.0,-1.0,-1.0,-1.0,1.0,-1.0,1.0,1.0,-1.0,-1.0,-1.0,-1.0,-1.0,-1.0,1.0,-1.0	2.007279,2.5622094,-7.2277784,3.433261,0.24461937,-4.087385,4.236456,-5.986421,-1.8181456,-2.603883,-4.5986204,-3.0439937,1.5473343,-5.8531117,2.9928133,3.848858,-6.0916142,-5.0245275,-3.2624724,-8.177892,-1.0188783,-2.387072,6.616024,-4.892225
../data/train_data_mmini/8/Train_0038.jpg	8	1.0,1.0,-1.0,1.0,-1.0,1.0,-1.0,-1.0,1.0,-1.0,1.0,1.0,-1.0,-1.0,1.0,1.0,-1.0,1.0,-1.0,-1.0,1.0,-1.0,1.0,-1.0	5.5355687,1.0062261,-5.5885262,0.75126386,-0.46203238,0.61952597,-0.01838565,-0.7642586,0.28693575,-1.3742406,0.3731925,0.7247798,-0.081200734,-0.08306654,0.16295919,0.13215241,-1.0612587,0.8059659,-0.6037637,-2.1795058,0.41659823,-0.040344957,2.061795,-1.7007867
../data/train_data_mmini/8/Train_0039.jpg	8	1.0,1.0,-1.0,-1.0,1.0,1.0,1.0,1.0,1.0,1.0,1.0,1.0,1.0,1.0,-1.0,1.0,-1.0,1.0,1.0,-1.0,1.0,-1.0,1.0,-1.0	8.346942,2.5713847,-4.8718925,-1.3626873,0.63584316,1.0364023,0.59835446,0.30240166,0.6739055,0.7315691,1.1306986,2.6400719,0.9694291,3.0274417,-0.35281193,0.6312163,-0.8215635,1.8913119,0.8380921,-2.2789683,1.792575,-0.53536963,2.4823542,-2.5459437
../data/train_data_mmini/9/Train_0040.jpg	9	-1.0,1.0,1.0,-1.0,1.0,-1.0,1.0,-1.0,-1.0,1.0,-1.0,-1.0,1.0,1.0,1.0,1.0,1.0,-1.0,1.0,-1.0,-1.0,1.0,1.0,1.0	-2.4403162,1.6857579,2.2811775,-1.6262743,2.3550487,-2.7409053,2.0290165,-1.3920058,-2.0480187,2.1635005,-2.339794,-1.0298698,1.8963174,0.9212095,1.7375695,1.9004337,0.12618555,-2.4753516,0.70016915,-2.1560628,-0.97523224,0.5934509,0.15811685,0.38293684
../data/train_data_mmini/9/Train_0041.jpg	9	1.0,-1.0,-1.0,1.0,-1.0,1.0,1.0,-1.0,1.0,-1.0,-1.0,-1.0,-1.0,-1.0,1.0,1.0,-1.0,1.0,-1.0,-1.0,1.0,-1.0,1.0,-1.0	8.306695,-0.24393612,-10.121598,5.4274464,-1.7121208,0.22581019,0.4821521,-1.7719226,0.28595024,-4.3919826,-0.8311911,-1.0594567,-1.0222604,-7.4875183,0.42508206,0.61096007,-4.522715,1.0886168,-1.9184215,-3.2955995,0.38397986,-1.4863087,4.6856313,-5.7435718
../data/train_data_mmini/9/Train_0042.jpg	9	-1.0,1.0,-1.0,-1.0,1.0,-1.0,1.0,-1.0,-1.0,1.0,-1.0,-1.0,1.0,1.0,1.0,1.0,-1.0,-1.0,-1.0,-1.0,-1.0,-1.0,1.0,-1.0	-1.89974,4.4772787,-0.48659796,-1.694497,3.5641897,-4.7028947,4.636491,-3.9102623,-2.4399629,1.6906378,-3.9048543,-0.98342514,3.4914315,1.5653386,2.9506273,4.5217404,-2.5106776,-4.3628263,-0.5304157,-6.404434,-0.5194136,-0.99965805,3.126495,-2.3893597
../data/train_data_mmini/9/Train_0043.jpg	9	1.0,1.0,1.0,-1.0,1.0,1.0,-1.0,1.0,1.0,1.0,-1.0,1.0,1.0,1.0,1.0,1.0,1.0,1.0,1.0,1.0,1.0,1.0,1.0,1.0	3.386633,1.3624647,1.3611243,-2.3175347,1.3226757,0.024207873,-0.20626251,1.649161,0.047659397,2.225613,-0.27347434,1.7973286,1.3340944,1.9472345,0.38233197,0.3409994,0.84742236,1.1376803,2.5830352,0.6268457,0.188862,0.48799935,0.5118359,0.17456266
../data/train_data_mmini/9/Train_0044.jpg	9	1.0,-1.0,-1.0,-1.0,1.0,1.0,1.0,1.0,-1.0,1.0,1.0,1.0,-1.0,1.0,-1.0,-1.0,1.0,1.0,-1.0,-1.0,1.0,1.0,-1.0,1.0	3.2370367,-0.5969011,-6.625238,-1.8770844,0.3845926,1.8747282,0.9512324,0.17362855,-0.81847966,0.5151393,3.3035355,0.60125726,-1.9428462,5.967327,-3.11691,-1.9693207,2.0442784,0.16012481,-2.819139,-2.4790335,0.08117458,0.49330378,-0.3566194,0.49712983
../data/train_data_mmini/10/Train_0045.jpg	10	1.0,1.0,-1.0,-1.0,-1.0,1.0,-1.0,1.0,1.0,-1.0,1.0,1.0,1.0,-1.0,-1.0,1.0,-1.0,1.0,1.0,-1.0,1.0,-1.0,1.0,-1.0	17.318604,3.9756544,-10.205919,-0.09521192,-1.6031253,3.092134,-1.1211979,0.24256016,2.7084303,-2.3139472,1.3544168,3.883286,1.6367757,-0.7714928,-0.209542,1.3680784,-4.9908347,3.4317644,0.9804974,-3.524869,3.8457575,-3.0693748,7.3120556,-6.999612
../data/train_data_mmini/10/Train_0046.jpg	10	1.0,1.0,-1.0,-1.0,1.0,-1.0,1.0,-1.0,-1.0,1.0,-1.0,1.0,1.0,1.0,1.0,1.0,-1.0,-1.0,-1.0,-1.0,1.0,-1.0,1.0,-1.0	1.4364877,3.6592214,-5.7176585,-2.7698865,2.427111,-2.445964,4.7422705,-3.8292768,-1.9104387,1.4800375,-0.22271568,0.11329506,1.6522532,6.0989656,0.016814647,2.9134145,-1.7833744,-2.6562066,-3.1019444,-7.935848,0.31378648,-1.4270594,3.2183008,-3.0461845
../data/train_data_mmini/10/Train_0047.jpg	10	1.0,1.0,-1.0,-1.0,-1.0,1.0,1.0,-1.0,1.0,-1.0,-1.0,1.0,1.0,1.0,1.0,1.0,-1.0,1.0,1.0,-1.0,1.0,-1.0,1.0,-1.0	13.899966,3.6540644,-8.051266,-2.8870828,-0.5570894,0.5791553,1.5741757,-0.7228357,1.4796641,-0.31758332,-0.17857015,3.2911384,2.4808168,2.5978363,0.6818573,2.8319764,-4.4471006,0.57231826,0.3296207,-5.345121,2.0342941,-3.8848596,7.997383,-4.4059696
../data/train_data_mmini/10/Train_0048.jpg	10	1.0,1.0,-1.0,-1.0,-1.0,1.0,-1.0,1.0,1.0,1.0,1.0,1.0,-1.0,1.0,-1.0,-1.0,1.0,1.0,1.0,-1.0,1.0,-1.0,1.0,-1.0	15.317992,1.3600154,-9.924487,-4.62817,-0.51498866,5.793707,-1.0766985,2.9828942,2.6218252,0.8468077,6.9538784,6.3373556,-1.3442708,8.153058,-4.5456595,-2.0007083,1.1180346,5.1802306,0.38443127,-1.0303689,3.9324305,-1.0212035,2.6273122,-2.63972
../data/train_data_mmini/10/Train_0049.jpg	10	1.0,1.0,-1.0,-1.0,1.0,-1.0,1.0,-1.0,1.0,1.0,-1.0,1.0,1.0,1.0,1.0,1.0,-1.0,1.0,1.0,-1.0,1.0,-1.0,1.0,-1.0	7.9320984,3.2195804,-5.765067,-1.3764701,0.25302005,-0.16187656,1.6946838,-1.3600917,0.09816784,0.04867911,-0.38811255,1.8377368,1.6282475,1.3310181,0.08651438,1.7760732,-2.8293288,0.30767718,0.26370606,-4.010708,1.2697072,-1.9030252,4.6781387,-3.6064546
