../data/train_data_mmini/1/Train_0000.jpg	1	-1.0,-1.0,-1.0,1.0,-1.0,1.0,-1.0,-1.0,-1.0,-1.0,1.0,1.0	-6.1861477,-0.2557094,-5.31976,2.0452404,-1.1413385,2.7002094,-1.7660834,-3.371229,-7.680801,-2.2257378,8.345022,6.482896
../data/train_data_mmini/1/Train_0001.jpg	1	-1.0,-1.0,-1.0,1.0,-1.0,1.0,-1.0,-1.0,-1.0,-1.0,1.0,1.0	-6.6723404,-0.2637481,-5.583711,2.166808,-0.9243966,3.262094,-1.9977762,-3.789442,-8.454304,-2.620397,8.641464,6.9044166
../data/train_data_mmini/1/Train_0002.jpg	1	-1.0,-1.0,-1.0,1.0,-1.0,1.0,-1.0,-1.0,-1.0,-1.0,1.0,1.0	-4.5217204,-0.46797478,-3.9073253,1.5859296,-0.97837573,1.6706398,-0.84048516,-2.6227508,-5.5575285,-1.762345,6.19964,4.641016
../data/train_data_mmini/1/Train_0003.jpg	1	-1.0,-1.0,-1.0,1.0,-1.0,1.0,-1.0,-1.0,-1.0,-1.0,1.0,1.0	-6.8742566,-0.42075333,-5.842217,2.2314606,-1.2190179,3.040126,-1.9637628,-3.7567062,-8.642231,-2.4980621,8.949496,7.011321
../data/train_data_mmini/1/Train_0004.jpg	1	-1.0,-1.0,-1.0,1.0,-1.0,1.0,-1.0,-1.0,-1.0,-1.0,1.0,1.0	-6.5220814,-0.13118438,-5.8764696,2.0358763,-1.2534504,2.8484921,-2.0919368,-3.5286152,-8.332748,-2.4013555,8.933808,7.134385
../data/train_data_mmini/2/Train_0005.jpg	2	-1.0,-1.0,-1.0,1.0,-1.0,1.0,-1.0,-1.0,-1.0,-1.0,1.0,1.0	-6.767069,-0.24392246,-6.006205,1.9648422,-1.0885366,2.6999176,-1.9951925,-3.7876575,-8.62258,-2.5096827,8.630232,6.8303227
../data/train_data_mmini/2/Train_0006.jpg	2	-1.0,-1.0,-1.0,1.0,-1.0,1.0,-1.0,-1.0,-1.0,-1.0,1.0,1.0	-5.9897113,-0.25099528,-5.272436,1.5783201,-0.83786184,2.196832,-1.7388841,-2.8430576,-7.14745,-1.9556687,7.369273,5.9746623
../data/train_data_mmini/2/Train_0007.jpg	2	-1.0,-1.0,-1.0,1.0,-1.0,1.0,-1.0,-1.0,-1.0,-1.0,1.0,1.0	-7.459744,-0.31918716,-6.3486857,2.3776917,-1.2669232,3.2129977,-2.1221304,-4.013184,-9.074704,-2.6930332,9.534461,7.4921136
../data/train_data_mmini/2/Train_0008.jpg	2	-1.0,-1.0,-1.0,1.0,-1.0,1.0,-1.0,-1.0,-1.0,-1.0,1.0,1.0	-5.6335173,-0.027984511,-5.126015,1.7092223,-0.96209604,2.3313608,-1.5612092,-3.192248,-7.2569504,-2.0730143,7.781682,6.341218
../data/train_data_mmini/2/Train_0009.jpg	2	-1.0,-1.0,-1.0,1.0,-1.0,1.0,-1.0,-1.0,-1.0,-1.0,1.0,1.0	-7.9492517,-0.16472633,-7.074711,2.412074,-1.308053,3.1777055,-2.3959422,-4.3303375,-9.954913,-2.858052,10.569928,8.377686
../data/train_data_mmini/3/Train_0010.jpg	3	-1.0,-1.0,-1.0,1.0,-1.0,1.0,-1.0,-1.0,-1.0,-1.0,1.0,1.0	-5.83262,-0.42188245,-5.142456,1.6322848,-0.8542858,2.494186,-1.7457331,-3.1481986,-7.31268,-2.081769,7.1829276,5.623667
../data/train_data_mmini/3/Train_0011.jpg	3	-1.0,1.0,-1.0,1.0,-1.0,1.0,-1.0,-1.0,-1.0,-1.0,1.0,1.0	-4.1712694,0.14601238,-4.039374,1.3573701,-0.8156618,1.9929762,-1.4026927,-2.6607163,-5.6286297,-1.7248553,6.212753,4.741162
../data/train_data_mmini/3/Train_0012.jpg	3	-1.0,1.0,-1.0,1.0,-1.0,1.0,-1.0,-1.0,-1.0,-1.0,1.0,1.0	-5.82476,0.10434262,-5.6075525,1.6606092,-1.0097533,2.5444856,-1.8815752,-3.067153,-7.5451226,-2.4575288,7.7653155,6.3346424
../data/train_data_mmini/3/Train_0013.jpg	3	-1.0,1.0,-1.0,1.0,-1.0,1.0,-1.0,-1.0,-1.0,-1.0,1.0,1.0	-5.801074,0.07482482,-5.5343575,1.5368145,-0.86330664,2.40852,-1.8448992,-3.0834746,-7.681277,-2.2020094,7.716463,6.5510545
../data/train_data_mmini/3/Train_0014.jpg	3	-1.0,1.0,-1.0,1.0,-1.0,1.0,-1.0,-1.0,-1.0,-1.0,1.0,1.0	-6.420639,0.11516867,-5.99156,1.8594135,-1.1423246,2.5397487,-2.0836,-3.5953155,-8.328892,-2.5013478,8.81299,7.083381
../data/train_data_mmini/4/Train_0015.jpg	4	-1.0,1.0,-1.0,1.0,-1.0,1.0,-1.0,-1.0,-1.0,-1.0,1.0,1.0	-5.3899574,0.007203896,-4.809918,1.7183163,-1.0357778,2.3337588,-1.4188583,-3.0129535,-6.878801,-2.0489578,7.3957634,6.0237417
../data/train_data_mmini/4/Train_0016.jpg	4	-1.0,-1.0,-1.0,1.0,-1.0,1.0,-1.0,-1.0,-1.0,-1.0,1.0,1.0	-5.3669705,-0.40354583,-4.5007715,1.7764107,-0.8173695,2.6596448,-1.5500113,-3.0952606,-6.692698,-2.2743552,6.7144184,5.0254154
../data/train_data_mmini/4/Train_0017.jpg	4	-1.0,-1.0,-1.0,1.0,-1.0,1.0,-1.0,-1.0,-1.0,-1.0,1.0,1.0	-6.043905,-0.15029849,-5.60831,1.8185668,-0.7788381,2.6699045,-1.897437,-3.1853528,-7.5581365,-2.2573996,7.681405,5.8360786
../data/train_data_mmini/4/Train_0018.jpg	4	-1.0,-1.0,-1.0,1.0,-1.0,1.0,-1.0,-1.0,-1.0,-1.0,1.0,1.0	-5.0138187,-0.12103837,-4.6716456,1.4382627,-0.95166713,2.1650317,-1.5276927,-2.9618967,-6.4132233,-1.9533409,6.90543,5.2006435
../data/train_data_mmini/4/Train_0019.jpg	4	-1.0,-1.0,-1.0,1.0,-1.0,1.0,-1.0,-1.0,-1.0,-1.0,1.0,1.0	-6.401253,-0.2581193,-5.628494,1.799903,-0.7858644,2.486433,-1.6967187,-3.064773,-8.114622,-2.155251,7.585896,6.3171086
../data/train_data_mmini/5/Train_0020.jpg	5	-1.0,-1.0,-1.0,1.0,-1.0,1.0,-1.0,-1.0,-1.0,-1.0,1.0,1.0	-7.620264,-0.39622566,-6.5060954,2.4907367,-1.2626483,3.310984,-2.099598,-4.2437115,-9.405934,-2.9610581,9.731882,7.765958
../data/train_data_mmini/5/Train_0021.jpg	5	-1.0,1.0,-1.0,1.0,-1.0,1.0,-1.0,-1.0,-1.0,-1.0,1.0,1.0	-7.1194034,0.09190255,-6.515852,2.109334,-1.3357188,2.9539607,-2.1914728,-4.1277223,-9.25945,-2.6818588,10.1790495,8.324144
../data/train_data_mmini/5/Train_0022.jpg	5	-1.0,-1.0,-1.0,1.0,-1.0,1.0,-1.0,-1.0,-1.0,-1.0,1.0,1.0	-6.942223,-0.22834292,-6.268092,2.0792882,-1.2796726,2.7797372,-2.0621345,-3.6924028,-8.811261,-2.5246868,9.249289,7.5780816
../data/train_data_mmini/5/Train_0023.jpg	5	-1.0,-1.0,-1.0,1.0,-1.0,1.0,-1.0,-1.0,-1.0,-1.0,1.0,1.0	-6.92996,-0.32742053,-5.8313537,2.2426627,-1.2335052,2.965294,-1.856819,-3.7630086,-8.529804,-2.5296435,9.014147,7.207687
../data/train_data_mmini/5/Train_0024.jpg	5	-1.0,-1.0,-1.0,1.0,-1.0,1.0,-1.0,-1.0,-1.0,-1.0,1.0,1.0	-7.035677,-0.24113122,-6.1938286,2.1353867,-1.2629197,2.9285846,-2.0263615,-3.782753,-8.800761,-2.5949278,9.197509,7.287177
../data/train_data_mmini/6/Train_0025.jpg	6	-1.0,-1.0,-1.0,1.0,-1.0,1.0,-1.0,-1.0,-1.0,-1.0,1.0,1.0	-6.708082,-0.55680525,-6.2262816,1.7336996,-0.83986276,2.3047,-1.9371395,-3.2913818,-8.43159,-2.3096724,7.6875277,5.96307
../data/train_data_mmini/6/Train_0026.jpg	6	-1.0,-1.0,-1.0,1.0,-1.0,1.0,-1.0,-1.0,-1.0,-1.0,1.0,1.0	-7.0599203,-0.63403165,-5.871828,2.5503917,-1.0677496,3.442783,-2.0507455,-4.1345625,-8.58675,-2.5644357,9.085318,6.4914484
../data/train_data_mmini/6/Train_0027.jpg	6	-1.0,1.0,-1.0,1.0,-1.0,1.0,-1.0,-1.0,-1.0,-1.0,1.0,1.0	-5.315164,0.0033830297,-4.895159,1.5151234,-0.8736453,2.409422,-1.743035,-3.0527759,-6.8643856,-2.0600724,6.9286413,5.5906386
../data/train_data_mmini/6/Train_0028.jpg	6	-1.0,-1.0,-1.0,1.0,-1.0,1.0,-1.0,-1.0,-1.0,-1.0,1.0,1.0	-5.4253974,-0.079574324,-4.9638,1.7548083,-0.97057307,2.4559703,-1.6467463,-3.2325914,-6.747755,-2.0826747,7.5221868,5.7445974
../data/train_data_mmini/6/Train_0029.jpg	6	-1.0,-1.0,-1.0,1.0,-1.0,1.0,-1.0,-1.0,-1.0,-1.0,1.0,1.0	-6.8459606,-0.49075902,-6.1532826,2.0103216,-1.1517634,2.5111427,-1.9425325,-3.2606053,-8.709962,-2.3168721,8.515443,6.543155
../data/train_data_mmini/7/Train_0030.jpg	7	-1.0,-1.0,-1.0,1.0,-1.0,1.0,-1.0,-1.0,-1.0,-1.0,1.0,1.0	-7.8038807,-0.13999988,-6.8323493,2.3844109,-1.2428901,3.3014092,-2.3592854,-4.2606654,-9.802237,-2.8925824,10.013161,8.125729
../data/train_data_mmini/7/Train_0031.jpg	7	-1.0,-1.0,-1.0,1.0,-1.0,1.0,-1.0,-1.0,-1.0,-1.0,1.0,1.0	-8.369659,-0.12620242,-7.6894517,2.3752837,-1.337491,3.34926,-2.713516,-4.5446277,-10.469886,-3.2671316,10.750904,8.435831
../data/train_data_mmini/7/Train_0032.jpg	7	-1.0,1.0,-1.0,1.0,-1.0,1.0,-1.0,-1.0,-1.0,-1.0,1.0,1.0	-5.8788843,0.4108761,-5.941321,1.5036505,-1.0894789,2.4647543,-1.9994452,-3.496405,-7.9591575,-2.305566,8.367455,7.024833
../data/train_data_mmini/7/Train_0033.jpg	7	-1.0,-1.0,-1.0,1.0,-1.0,1.0,-1.0,-1.0,-1.0,-1.0,1.0,1.0	-7.5675025,-0.34479824,-6.456455,2.2575357,-1.1897002,3.284029,-2.1724246,-4.1048527,-9.13695,-2.693991,9.314635,7.1869903
../data/train_data_mmini/7/Train_0034.jpg	7	-1.0,1.0,-1.0,1.0,-1.0,1.0,-1.0,-1.0,-1.0,-1.0,1.0,1.0	-4.726049,0.07788054,-4.938227,1.1427335,-0.9693227,2.0622241,-1.7860928,-2.900429,-6.650203,-1.9165311,6.7645926,5.1902246
../data/train_data_mmini/8/Train_0035.jpg	8	-1.0,1.0,-1.0,1.0,-1.0,1.0,-1.0,-1.0,-1.0,-1.0,1.0,1.0	-6.8826175,0.15535845,-6.411389,1.7875423,-1.0917916,2.4692276,-2.271078,-3.5772057,-8.904465,-2.3977234,9.359062,7.8580403
../data/train_data_mmini/8/Train_0036.jpg	8	-1.0,-1.0,-1.0,1.0,-1.0,1.0,-1.0,-1.0,-1.0,-1.0,1.0,1.0	-7.8416986,-0.27893287,-7.4868183,2.1950061,-1.3944772,2.841647,-2.4432294,-4.335388,-9.871583,-2.834095,10.115434,7.8054876
../data/train_data_mmini/8/Train_0037.jpg	8	-1.0,-1.0,-1.0,1.0,-1.0,1.0,-1.0,-1.0,-1.0,-1.0,1.0,1.0	-7.6168957,-0.25339672,-6.8015194,2.4263716,-1.1789789,3.5883908,-2.5011828,-4.4694104,-9.548816,-2.89433,9.8904915,7.2854424
../data/train_data_mmini/8/Train_0038.jpg	8	-1.0,-1.0,-1.0,1.0,-1.0,1.0,-1.0,-1.0,-1.0,-1.0,1.0,1.0	-6.8681035,-0.08832241,-6.329536,1.9775106,-1.289821,2.5938642,-2.034681,-3.8304734,-9.014969,-2.6475942,9.245655,7.7062984
../data/train_data_mmini/8/Train_0039.jpg	8	-1.0,1.0,-1.0,1.0,-1.0,1.0,-1.0,-1.0,-1.0,-1.0,1.0,1.0	-7.314314,0.10916763,-7.1354203,1.8884733,-1.1484764,2.6738188,-2.4616652,-3.623923,-9.566972,-2.4971056,9.736926,8.058198
../data/train_data_mmini/9/Train_0040.jpg	9	-1.0,-1.0,-1.0,1.0,-1.0,1.0,-1.0,-1.0,-1.0,-1.0,1.0,1.0	-7.4857583,-0.10754726,-6.6822405,2.2754462,-1.2077715,3.2812557,-2.2784424,-4.159307,-9.62108,-2.8058429,10.096871,8.091227
../data/train_data_mmini/9/Train_0041.jpg	9	-1.0,-1.0,-1.0,1.0,-1.0,1.0,-1.0,-1.0,-1.0,-1.0,1.0,1.0	-7.492608,-0.3086681,-6.7044415,2.2578058,-1.0683496,3.2240973,-2.3224432,-4.220977,-9.346212,-3.0480523,9.362477,7.254277
../data/train_data_mmini/9/Train_0042.jpg	9	-1.0,-1.0,-1.0,1.0,-1.0,1.0,-1.0,-1.0,-1.0,-1.0,1.0,1.0	-5.93999,-0.09864532,-5.4186935,1.8575355,-1.1139581,2.7172983,-1.8001608,-3.4024909,-7.826395,-2.5198462,8.12691,6.3786864
../data/train_data_mmini/9/Train_0043.jpg	9	-1.0,-1.0,-1.0,1.0,-1.0,1.0,-1.0,-1.0,-1.0,-1.0,1.0,1.0	-7.65472,-0.089765616,-6.8085804,2.2494953,-1.2573782,3.0335526,-2.258254,-4.1906257,-9.62846,-2.7256927,10.20722,8.281027
../data/train_data_mmini/9/Train_0044.jpg	9	-1.0,-1.0,-1.0,1.0,-1.0,1.0,-1.0,-1.0,-1.0,-1.0,1.0,1.0	-7.4299784,-0.28742057,-6.698678,2.111859,-1.1297181,2.799219,-2.0550966,-3.6922898,-9.399504,-2.622728,9.305024,7.7257867
../data/train_data_mmini/10/Train_0045.jpg	10	-1.0,1.0,-1.0,1.0,-1.0,1.0,-1.0,-1.0,-1.0,-1.0,1.0,1.0	-6.067336,0.2761091,-6.5099316,1.0978216,-0.9149722,2.0045593,-2.2746592,-2.688782,-8.163934,-1.7866642,7.659962,6.1182723
../data/train_data_mmini/10/Train_0046.jpg	10	-1.0,1.0,-1.0,1.0,-1.0,1.0,-1.0,-1.0,-1.0,-1.0,1.0,1.0	-3.9027586,0.017519433,-3.7245855,1.0292908,-0.6230752,1.5453497,-1.1710774,-1.9299405,-5.3041625,-1.4006684,5.236586,4.181501
../data/train_data_mmini/10/Train_0047.jpg	10	-1.0,-1.0,-1.0,1.0,-1.0,1.0,-1.0,-1.0,-1.0,-1.0,1.0,1.0	-7.65695,-0.029138785,-7.7005105,1.9615874,-1.3899665,2.7652898,-2.5503573,-4.0519905,-10.248504,-2.6661549,10.111091,8.074653
../data/train_data_mmini/10/Train_0048.jpg	10	-1.0,1.0,-1.0,1.0,-1.0,1.0,-1.0,-1.0,-1.0,-1.0,1.0,1.0	-6.714884,0.07153835,-7.108895,1.201737,-1.1179246,1.4753734,-1.9439883,-2.9770813,-9.23575,-2.502854,8.544583,7.559409
../data/train_data_mmini/10/Train_0049.jpg	10	-1.0,-1.0,-1.0,1.0,-1.0,1.0,-1.0,-1.0,-1.0,-1.0,1.0,1.0	-7.344908,-0.004318874,-6.7618303,1.9516582,-1.1098695,2.6902068,-2.388478,-3.8568287,-9.403852,-2.5424306,9.507706,7.6970997
