../data/train_data_mmini/1/Train_0000.jpg	1	1.0,-1.0,1.0,-1.0,1.0,-1.0,1.0,-1.0	0.87255347,-0.07198378,2.8248932,-3.6477337,3.4383476,-2.4768836,5.198181,-0.9136678
../data/train_data_mmini/1/Train_0001.jpg	1	1.0,1.0,1.0,-1.0,1.0,-1.0,1.0,-1.0	1.6422375,0.4496247,4.5106816,-5.329694,3.8427186,-3.322996,7.2284603,-1.7041916
../data/train_data_mmini/1/Train_0002.jpg	1	1.0,1.0,1.0,-1.0,1.0,-1.0,1.0,-1.0	1.7916474,0.06955588,6.7145147,-8.026435,9.587657,-6.192819,11.750193,-1.6485091
../data/train_data_mmini/1/Train_0003.jpg	1	1.0,-1.0,1.0,-1.0,1.0,-1.0,1.0,-1.0	0.41425967,-0.5875425,1.218741,-1.282636,0.7581359,-0.79847527,1.6935272,-0.4213058
../data/train_data_mmini/1/Train_0004.jpg	1	1.0,-1.0,1.0,-1.0,1.0,-1.0,1.0,-1.0	0.8415363,-0.22709937,2.265612,-3.9242575,3.2765694,-2.9815605,6.9633827,-2.5316885
../data/train_data_mmini/2/Train_0005.jpg	2	1.0,-1.0,1.0,-1.0,1.0,-1.0,1.0,-1.0	2.4702008,-0.5706865,9.044777,-7.453479,8.580513,-5.36661,8.421011,-0.27532163
../data/train_data_mmini/2/Train_0006.jpg	2	1.0,-1.0,1.0,-1.0,1.0,-1.0,1.0,-1.0	2.1798732,-1.5018785,7.67241,-6.229268,9.758063,-5.4711905,8.398083,-0.4520735
../data/train_data_mmini/2/Train_0007.jpg	2	1.0,-1.0,1.0,-1.0,1.0,-1.0,1.0,-1.0	0.40068614,-0.50592345,0.8366047,-2.324313,1.6371143,-1.9891378,4.676152,-2.1899204
../data/train_data_mmini/2/Train_0008.jpg	2	1.0,-1.0,1.0,-1.0,1.0,-1.0,1.0,-1.0	1.3180768,-1.7320596,3.8334734,-4.516619,8.963569,-5.2794957,9.082864,-1.3610585
../data/train_data_mmini/2/Train_0009.jpg	2	1.0,-1.0,1.0,-1.0,1.0,-1.0,1.0,-1.0	3.0863209,-0.70011806,11.482474,-8.338332,9.721991,-5.6408234,9.369764,-0.042257972
../data/train_data_mmini/3/Train_0010.jpg	3	1.0,-1.0,1.0,-1.0,1.0,-1.0,1.0,-1.0	1.3503995,-1.2250309,4.2366595,-4.4408216,6.0764046,-4.0982523,8.751833,-2.4156408
../data/train_data_mmini/3/Train_0011.jpg	3	1.0,1.0,1.0,-1.0,1.0,-1.0,1.0,-1.0	2.8832858,2.3081958,9.177253,-13.977437,11.918886,-10.090967,21.81524,-6.296324
../data/train_data_mmini/3/Train_0012.jpg	3	1.0,1.0,1.0,-1.0,1.0,-1.0,1.0,-1.0	3.638578,1.2523583,12.288132,-11.42003,10.63324,-7.1765614,13.201936,-1.340867
../data/train_data_mmini/3/Train_0013.jpg	3	1.0,-1.0,1.0,-1.0,1.0,-1.0,1.0,-1.0	2.7199485,-2.759664,8.493884,-7.3056765,14.346218,-7.7341275,11.650335,-0.25923133
../data/train_data_mmini/3/Train_0014.jpg	3	1.0,-1.0,1.0,-1.0,1.0,-1.0,1.0,-1.0	1.9068471,-0.09530747,5.811476,-7.4066234,8.416211,-5.8253117,11.864407,-3.1217628
../data/train_data_mmini/4/Train_0015.jpg	4	1.0,-1.0,1.0,-1.0,1.0,-1.0,1.0,-1.0	2.0186353,-1.1386257,7.4548397,-7.691169,10.8704195,-6.3064013,10.894325,-0.95588607
../data/train_data_mmini/4/Train_0016.jpg	4	1.0,-1.0,1.0,-1.0,1.0,-1.0,1.0,1.0	1.8471667,-0.00092399237,6.30489,-4.542968,4.721614,-3.0441945,4.403433,0.5753147
../data/train_data_mmini/4/Train_0017.jpg	4	1.0,1.0,1.0,-1.0,1.0,-1.0,1.0,-1.0	3.7220054,0.029721243,14.173259,-11.979544,14.794695,-8.959455,14.12102,-0.34952983
../data/train_data_mmini/4/Train_0018.jpg	4	1.0,-1.0,1.0,-1.0,1.0,-1.0,1.0,-1.0	1.249663,-0.7369713,4.561605,-4.714875,5.524558,-3.8810134,7.514986,-1.3653973
../data/train_data_mmini/4/Train_0019.jpg	4	1.0,-1.0,1.0,-1.0,1.0,-1.0,1.0,-1.0	2.424329,-1.0233296,8.515884,-7.147222,10.440223,-5.925162,9.430984,-0.67848265
../data/train_data_mmini/5/Train_0020.jpg	5	1.0,-1.0,1.0,-1.0,1.0,-1.0,1.0,-1.0	0.71782696,-0.40293053,1.8918897,-2.0482204,1.0018623,-1.2650943,2.655661,-0.8519105
../data/train_data_mmini/5/Train_0021.jpg	5	1.0,-1.0,1.0,-1.0,1.0,-1.0,1.0,-1.0	1.4539624,-1.419153,5.845965,-7.4234343,10.917667,-6.499932,12.530302,-2.2633111
../data/train_data_mmini/5/Train_0022.jpg	5	1.0,-1.0,1.0,-1.0,1.0,-1.0,1.0,-1.0	0.7195578,-1.0014153,2.13319,-2.4714544,3.6271222,-2.2170496,4.4240904,-1.1640809
../data/train_data_mmini/5/Train_0023.jpg	5	1.0,-1.0,1.0,-1.0,1.0,-1.0,1.0,-1.0	0.2430001,-0.95963913,0.46985403,-0.39478773,0.39329964,-0.4414801,0.9967073,-0.46310416
../data/train_data_mmini/5/Train_0024.jpg	5	1.0,1.0,1.0,-1.0,1.0,-1.0,1.0,-1.0	1.7173111,0.037334703,6.4917703,-7.961068,7.58389,-5.6702795,11.468505,-2.325739
../data/train_data_mmini/6/Train_0025.jpg	6	1.0,1.0,1.0,-1.0,1.0,-1.0,1.0,-1.0	3.863897,0.2116621,13.5663395,-12.413797,12.836201,-8.530809,15.210935,-2.1416848
../data/train_data_mmini/6/Train_0026.jpg	6	1.0,1.0,1.0,-1.0,1.0,-1.0,1.0,-1.0	2.1547608,0.90715337,6.8450465,-8.191428,5.0218873,-5.159091,11.319078,-3.2432492
../data/train_data_mmini/6/Train_0027.jpg	6	1.0,1.0,1.0,-1.0,1.0,-1.0,1.0,-1.0	3.2697203,0.6331268,10.996748,-10.094219,8.876333,-6.8082743,13.460798,-3.0196223
../data/train_data_mmini/6/Train_0028.jpg	6	1.0,1.0,1.0,-1.0,1.0,-1.0,1.0,-1.0	1.5759434,0.09189032,3.9728222,-8.440921,8.920748,-6.9736185,16.167671,-5.1180105
../data/train_data_mmini/6/Train_0029.jpg	6	1.0,-1.0,1.0,-1.0,1.0,-1.0,1.0,1.0	5.0776224,-3.355977,17.37382,-10.305272,17.562948,-9.116451,11.1584425,2.5315118
../data/train_data_mmini/7/Train_0030.jpg	7	1.0,-1.0,1.0,-1.0,1.0,-1.0,1.0,1.0	2.6303802,-0.18180713,9.723709,-7.008313,7.8646483,-4.5856085,6.6325,0.43297112
../data/train_data_mmini/7/Train_0031.jpg	7	1.0,-1.0,1.0,-1.0,1.0,-1.0,1.0,1.0	2.7117383,-1.7090864,9.62286,-7.523816,10.637669,-6.053787,9.878394,0.10871976
../data/train_data_mmini/7/Train_0032.jpg	7	1.0,1.0,1.0,-1.0,1.0,-1.0,1.0,-1.0	3.3096032,0.78570276,12.441127,-13.559823,14.637621,-9.991979,19.145145,-3.4282486
../data/train_data_mmini/7/Train_0033.jpg	7	1.0,1.0,1.0,-1.0,1.0,-1.0,1.0,-1.0	2.4416585,1.1060588,8.947843,-7.7919436,5.1960335,-4.6175127,8.412034,-1.4888052
../data/train_data_mmini/7/Train_0034.jpg	7	1.0,1.0,1.0,-1.0,1.0,-1.0,1.0,-1.0	2.5381615,1.1679131,6.283517,-12.171418,9.923603,-9.320582,22.683863,-8.248059
../data/train_data_mmini/8/Train_0035.jpg	8	1.0,-1.0,1.0,-1.0,1.0,-1.0,1.0,-1.0	2.8228438,-2.0735645,10.601093,-9.091594,14.529801,-8.067346,13.377469,-1.0792826
../data/train_data_mmini/8/Train_0036.jpg	8	1.0,-1.0,1.0,-1.0,1.0,-1.0,1.0,-1.0	3.590816,-0.9469283,12.96134,-11.149166,13.938364,-8.569638,14.579337,-1.3525109
../data/train_data_mmini/8/Train_0037.jpg	8	1.0,1.0,1.0,-1.0,1.0,-1.0,1.0,-1.0	3.5640244,1.1814283,13.347437,-14.703437,14.351761,-10.502667,20.894928,-4.3021765
../data/train_data_mmini/8/Train_0038.jpg	8	1.0,-1.0,1.0,-1.0,1.0,-1.0,1.0,-1.0	2.4919596,-1.815686,9.2979765,-7.548613,11.747617,-6.33131,10.351509,-0.18367217
../data/train_data_mmini/8/Train_0039.jpg	8	1.0,-1.0,1.0,-1.0,1.0,-1.0,1.0,-1.0	4.5900173,-1.2596995,17.057156,-14.486387,20.096062,-11.930742,19.80098,-1.7020793
../data/train_data_mmini/9/Train_0040.jpg	9	1.0,-1.0,1.0,-1.0,1.0,-1.0,1.0,-1.0	1.7850533,-0.8241822,6.4824967,-8.219939,10.534938,-6.5737267,13.444415,-2.7052603
../data/train_data_mmini/9/Train_0041.jpg	9	1.0,1.0,1.0,-1.0,1.0,-1.0,1.0,-1.0	2.187421,0.82445115,6.86367,-7.2289352,5.286715,-4.9569383,9.916682,-2.6538854
../data/train_data_mmini/9/Train_0042.jpg	9	1.0,-1.0,1.0,-1.0,1.0,-1.0,1.0,-1.0	2.178353,-0.83285195,7.3955216,-9.025634,11.4783125,-7.1670127,14.208414,-2.392731
../data/train_data_mmini/9/Train_0043.jpg	9	1.0,-1.0,1.0,-1.0,1.0,-1.0,1.0,-1.0	1.9150418,-1.8119725,6.7461944,-6.2046046,10.396431,-5.9126906,9.9464855,-1.3977364
../data/train_data_mmini/9/Train_0044.jpg	9	1.0,-1.0,1.0,-1.0,1.0,-1.0,1.0,1.0	4.0532684,-1.9247625,14.090407,-10.125338,14.39706,-7.895493,11.768513,0.63310355
../data/train_data_mmini/10/Train_0045.jpg	10	1.0,-1.0,1.0,-1.0,1.0,-1.0,1.0,-1.0	5.895696,-1.0305272,21.301445,-18.502356,24.035795,-14.948347,25.775387,-2.8690581
../data/train_data_mmini/10/Train_0046.jpg	10	1.0,1.0,1.0,-1.0,1.0,-1.0,1.0,-1.0	4.2220564,0.1061413,15.452423,-13.90257,17.023912,-10.682444,18.309801,-1.8232418
../data/train_data_mmini/10/Train_0047.jpg	10	1.0,-1.0,1.0,-1.0,1.0,-1.0,1.0,-1.0	4.180381,-1.3887322,15.435767,-15.388756,21.028063,-12.913642,22.903263,-3.3126652
../data/train_data_mmini/10/Train_0048.jpg	10	1.0,-1.0,1.0,-1.0,1.0,-1.0,1.0,-1.0	5.389629,-1.4377645,18.967733,-14.291892,19.457958,-11.1167755,16.865007,-0.11523242
../data/train_data_mmini/10/Train_0049.jpg	10	1.0,-1.0,1.0,-1.0,1.0,-1.0,1.0,-1.0	4.2704663,-0.8030006,15.638313,-15.054974,19.389355,-11.935781,21.61983,-3.12465
