../data/train_data_mmini/1/Train_0000.jpg	1	-1.0,1.0,-1.0,-1.0,1.0,1.0,1.0,-1.0,-1.0,1.0,-1.0,-1.0,1.0,1.0,-1.0,-1.0,-1.0,-1.0,1.0,1.0,1.0,-1.0,-1.0,1.0	-0.31863338,0.4097585,-0.34452286,-0.230314,0.53480214,0.07684441,0.24827334,-0.16657017,-0.17804408,0.061347023,-0.26336122,-0.12354741,0.05071926,0.25635314,-0.16259775,-0.28809887,-0.2936695,-0.069220096,0.033589993,0.014255333,0.29457897,-0.069716655,-0.2723207,0.1452892
../data/train_data_mmini/1/Train_0001.jpg	1	-1.0,1.0,-1.0,-1.0,1.0,1.0,1.0,-1.0,-1.0,1.0,-1.0,-1.0,1.0,1.0,-1.0,-1.0,-1.0,-1.0,1.0,1.0,1.0,-1.0,-1.0,1.0	-0.123445,0.41873306,-0.34770867,-0.3494835,0.6716287,0.10684201,0.17853972,-0.3197442,-0.107960045,0.038098983,-0.47998342,-0.2536534,0.16696145,0.43542317,-0.16056576,-0.4436178,-0.3527933,-0.039197285,0.2276005,0.2250585,0.4259398,-0.10912741,-0.3073342,0.33253726
../data/train_data_mmini/1/Train_0002.jpg	1	-1.0,1.0,1.0,-1.0,1.0,-1.0,1.0,-1.0,1.0,1.0,-1.0,-1.0,-1.0,1.0,-1.0,-1.0,-1.0,-1.0,-1.0,1.0,1.0,-1.0,-1.0,1.0	-0.5267668,0.15079215,0.18203515,-0.21962233,0.31942636,-0.11298944,0.05090875,-0.060245622,0.08810515,0.26705432,-0.31403035,-0.16406882,-0.23574075,0.2655791,-0.27412066,-0.004304441,-0.3997768,-0.0693748,-0.069045186,0.22375806,0.27216154,-0.06488764,-0.1287402,0.039717726
../data/train_data_mmini/1/Train_0003.jpg	1	-1.0,1.0,-1.0,-1.0,1.0,1.0,1.0,-1.0,-1.0,1.0,-1.0,-1.0,1.0,1.0,-1.0,-1.0,-1.0,-1.0,-1.0,-1.0,1.0,-1.0,-1.0,-1.0	-0.33457714,0.30724528,-0.24100381,-0.30071306,0.4139622,0.10739358,0.0055940575,-0.0798836,-0.10085338,0.09432243,-0.119627714,-0.14007026,0.018048512,0.24308786,-0.13643128,-0.18369024,-0.31635258,-0.27695468,-0.04663172,-0.044767346,0.25030372,-0.008695589,-0.008437065,-0.03279768
../data/train_data_mmini/1/Train_0004.jpg	1	-1.0,1.0,-1.0,-1.0,1.0,1.0,1.0,-1.0,-1.0,1.0,1.0,-1.0,-1.0,1.0,-1.0,-1.0,-1.0,-1.0,-1.0,-1.0,1.0,-1.0,1.0,-1.0	-0.37500742,0.028642453,-0.1731006,-0.3960597,0.13236839,0.079517394,0.019216144,-0.07279129,-0.07469879,0.16959335,0.13068168,-0.13005283,-0.022074101,0.25821292,-0.07840938,-0.13132083,-0.27453417,-0.4227697,-0.044074085,-0.18459976,0.18877989,-0.054321926,0.08529876,-0.19652152
../data/train_data_mmini/2/Train_0005.jpg	2	-1.0,1.0,-1.0,-1.0,1.0,1.0,1.0,-1.0,-1.0,1.0,-1.0,-1.0,1.0,1.0,-1.0,-1.0,-1.0,1.0,-1.0,1.0,1.0,-1.0,-1.0,1.0	-0.23989807,0.46653733,-0.36973983,-0.30187514,0.45259494,0.13183065,0.21723415,-0.28169933,-0.18371181,0.06484834,-0.45951584,-0.24685577,0.124231696,0.3530564,-0.08413353,-0.40821087,-0.21424562,0.027494442,-0.07588843,0.33176637,0.35703993,-0.023245128,-0.23038158,0.31501704
../data/train_data_mmini/2/Train_0006.jpg	2	1.0,1.0,1.0,-1.0,1.0,-1.0,1.0,1.0,1.0,1.0,-1.0,-1.0,-1.0,1.0,-1.0,-1.0,-1.0,1.0,1.0,1.0,-1.0,1.0,-1.0,1.0	0.051927164,0.47606695,0.24000399,-0.08589366,0.84297514,-0.2711675,0.3983022,0.38433993,0.14443691,0.55782753,-0.5167597,-0.38823718,-0.4223831,0.20600873,-0.2547049,-0.5480868,-0.26435718,0.16466637,0.28740537,0.40475535,-0.045896966,0.019131904,-0.95265704,0.9186095
../data/train_data_mmini/2/Train_0007.jpg	2	-1.0,-1.0,1.0,-1.0,1.0,1.0,-1.0,-1.0,1.0,1.0,1.0,-1.0,-1.0,1.0,-1.0,-1.0,-1.0,-1.0,-1.0,-1.0,1.0,1.0,1.0,-1.0	-0.38511568,-0.019772045,0.02370311,-0.37484878,0.14505285,0.008422142,-0.20889646,-0.00094884133,0.049028236,0.28007668,0.14281605,-0.13480201,-0.2923232,0.19617268,-0.114523284,-0.018943185,-0.34411526,-0.5419433,-0.0962477,-0.3462975,0.09641712,0.027271098,0.09746447,-0.23206526
../data/train_data_mmini/2/Train_0008.jpg	2	-1.0,1.0,1.0,-1.0,1.0,-1.0,-1.0,1.0,1.0,1.0,-1.0,-1.0,-1.0,1.0,-1.0,-1.0,-1.0,-1.0,1.0,1.0,-1.0,-1.0,-1.0,1.0	-0.33457187,0.2989816,0.3312565,-0.06618339,0.44726464,-0.27166352,-0.028621303,0.347506,0.22381015,0.58700526,-0.35893044,-0.022038281,-0.5163823,0.09126851,-0.11221319,-0.03272022,-0.4590131,-0.07121147,0.10110806,0.02249776,-0.01054742,-0.102818035,-0.49876645,0.22405663
../data/train_data_mmini/2/Train_0009.jpg	2	-1.0,1.0,-1.0,-1.0,1.0,1.0,1.0,-1.0,-1.0,-1.0,-1.0,-1.0,1.0,1.0,-1.0,-1.0,-1.0,1.0,1.0,1.0,1.0,-1.0,-1.0,1.0	-0.11871894,0.5478,-0.34874153,-0.26208052,0.6911376,0.061967015,0.4373071,-0.36182907,-0.18576857,-0.0649771,-0.60783964,-0.17920168,0.27620262,0.16496117,-0.13726251,-0.19365263,-0.54666245,0.06855312,0.121623024,0.09526953,0.43016407,-0.32665917,-0.38476682,0.4455828
../data/train_data_mmini/3/Train_0010.jpg	3	-1.0,-1.0,1.0,-1.0,-1.0,-1.0,-1.0,1.0,1.0,1.0,-1.0,-1.0,-1.0,-1.0,-1.0,1.0,-1.0,-1.0,1.0,1.0,1.0,-1.0,-1.0,-1.0	-0.27117008,-0.19178839,1.0868824,-0.048253167,-0.2194927,-0.42270803,-0.63284266,0.7103971,0.5882193,0.74879897,-0.29104635,-0.12278095,-0.6292192,-0.1746844,-0.109167196,0.61742824,-0.68846965,-0.57055396,0.0942931,0.206718,0.050170805,-0.30480364,-0.14166002,-0.0670079
../data/train_data_mmini/3/Train_0011.jpg	3	-1.0,-1.0,-1.0,-1.0,1.0,1.0,1.0,-1.0,-1.0,-1.0,1.0,-1.0,1.0,1.0,-1.0,-1.0,-1.0,-1.0,-1.0,-1.0,1.0,-1.0,1.0,-1.0	-0.37864378,-0.09298532,-0.36994454,-0.2645019,0.021591187,0.4384842,0.18657692,-0.50870484,-0.33316213,-0.14206247,0.028941156,-0.06648568,0.26956972,0.5407604,-0.058415104,-0.3717212,-0.24379298,-0.19213976,-0.20785435,-0.21523972,0.54332083,-0.13539824,0.35317016,-0.16776654
../data/train_data_mmini/3/Train_0012.jpg	3	1.0,-1.0,-1.0,-1.0,1.0,1.0,1.0,-1.0,-1.0,-1.0,1.0,-1.0,1.0,1.0,1.0,-1.0,-1.0,-1.0,1.0,-1.0,1.0,-1.0,1.0,1.0	0.005116417,-0.093194954,-0.9253065,-0.5141779,0.6545683,0.55124515,0.65880185,-0.6120425,-0.51955295,-0.49488863,0.2422843,-0.28693783,0.60094917,0.8361502,0.22496969,-0.7434855,-0.10908542,-0.085189044,0.15290835,-0.0060023787,0.6704788,-0.07338261,0.17419218,0.115043014
../data/train_data_mmini/3/Train_0013.jpg	3	-1.0,1.0,1.0,-1.0,1.0,-1.0,1.0,1.0,1.0,1.0,-1.0,-1.0,-1.0,1.0,-1.0,-1.0,-1.0,-1.0,1.0,1.0,-1.0,-1.0,-1.0,1.0	-0.05672223,0.25675917,0.2485509,-0.13276312,0.8562612,-0.23111083,0.16787133,0.57160926,0.44787684,0.6899318,-0.32385385,-0.30727184,-0.59342974,0.20469326,-0.25676468,-0.4558959,-0.31852445,-0.039161596,0.32829845,0.28216702,-0.21249963,-0.01978139,-0.7799473,0.73450404
../data/train_data_mmini/3/Train_0014.jpg	3	-1.0,1.0,-1.0,-1.0,1.0,1.0,1.0,-1.0,1.0,1.0,-1.0,-1.0,-1.0,1.0,-1.0,-1.0,-1.0,-1.0,-1.0,-1.0,1.0,-1.0,-1.0,1.0	-0.3091089,0.25299966,-0.14258425,-0.17765827,0.25143507,0.16136357,0.122299455,-0.089455985,0.012783068,0.24169295,-0.31834146,-0.06066761,-0.16400163,0.29099736,-0.08860061,-0.22532319,-0.36616567,-0.19389208,-0.026711194,-0.019916622,0.1734574,-0.15847771,-0.15712698,0.2631988
../data/train_data_mmini/4/Train_0015.jpg	4	-1.0,1.0,-1.0,-1.0,1.0,-1.0,1.0,-1.0,1.0,1.0,1.0,-1.0,-1.0,1.0,-1.0,-1.0,-1.0,-1.0,1.0,1.0,1.0,1.0,-1.0,1.0	-0.32189327,0.077041335,-0.060856756,-0.29852062,0.6715367,-0.05290808,0.2703326,-0.0697374,0.038616437,0.29648763,0.07164635,-0.2793853,-0.23756774,0.47747615,-0.1473986,-0.5031221,-0.17567885,-0.14122197,0.096604526,0.100089446,0.12105786,0.063201495,-0.27451083,0.42765322
../data/train_data_mmini/4/Train_0016.jpg	4	-1.0,1.0,-1.0,-1.0,1.0,1.0,1.0,-1.0,1.0,1.0,-1.0,-1.0,1.0,1.0,-1.0,-1.0,-1.0,1.0,1.0,1.0,1.0,-1.0,-1.0,1.0	-0.18019821,0.6360344,-0.49175918,-0.21329817,0.74595857,0.33431655,0.14949462,-0.12412231,0.014807778,0.03694251,-0.5332941,-0.17525293,0.020174326,0.30157733,-0.15325877,-0.52044284,-0.16287977,0.20703517,0.07689644,0.13805656,0.49946484,-0.06204124,-0.22976671,0.25248837
../data/train_data_mmini/4/Train_0017.jpg	4	1.0,1.0,-1.0,-1.0,1.0,1.0,1.0,-1.0,-1.0,-1.0,-1.0,-1.0,1.0,1.0,1.0,-1.0,-1.0,1.0,1.0,1.0,1.0,-1.0,-1.0,1.0	0.1530931,0.5176324,-0.14138514,-0.35789612,1.1022961,0.16100867,0.7377229,-0.08808855,-0.08389736,-0.014894376,-0.53844684,-0.41951045,0.017604994,0.6033036,0.013281751,-0.8843444,-0.21191943,0.55915517,0.41380268,0.4959265,0.6118262,-0.31369436,-0.8714957,1.0453088
../data/train_data_mmini/4/Train_0018.jpg	4	-1.0,1.0,1.0,-1.0,1.0,1.0,1.0,-1.0,-1.0,1.0,-1.0,-1.0,-1.0,1.0,-1.0,-1.0,-1.0,1.0,1.0,1.0,1.0,-1.0,-1.0,1.0	-0.20152265,0.24257714,0.08715426,-0.18228064,0.26732618,0.00236362,0.090698324,-0.13989326,-0.07615162,0.1124775,-0.27940342,-0.22606194,-0.095018536,0.29980445,-0.043755826,-0.27789897,-0.19935796,0.053304818,0.04261231,0.36887485,0.24186902,-0.011136474,-0.32322058,0.30062753
../data/train_data_mmini/4/Train_0019.jpg	4	-1.0,1.0,1.0,-1.0,1.0,-1.0,-1.0,1.0,1.0,1.0,-1.0,-1.0,-1.0,1.0,-1.0,-1.0,-1.0,-1.0,1.0,-1.0,-1.0,1.0,-1.0,1.0	-0.18360174,0.13821289,0.32480255,-0.18473458,0.5963812,-0.19967067,-0.097294845,0.57943094,0.5937525,0.8005999,-0.33064532,-0.37582257,-0.46836507,0.23025957,-0.305084,-0.4952357,-0.28188518,-0.4314335,0.10113922,-0.0417605,-0.24998881,0.028400144,-0.4077105,0.5938697
../data/train_data_mmini/5/Train_0020.jpg	5	-1.0,1.0,-1.0,-1.0,1.0,-1.0,-1.0,-1.0,-1.0,1.0,-1.0,-1.0,-1.0,1.0,-1.0,-1.0,-1.0,-1.0,-1.0,-1.0,1.0,1.0,-1.0,-1.0	-0.40512323,0.14903872,-0.11062602,-0.3903225,0.28375393,-0.011831457,-0.094367705,-0.085566945,-0.004008983,0.11592772,-0.14595143,-0.22893727,-0.16230918,0.3311958,-0.11667017,-0.12761472,-0.3751648,-0.3687569,-0.043604087,-0.080516085,0.25972188,0.0058528986,-0.037108347,-0.041751586
../data/train_data_mmini/5/Train_0021.jpg	5	-1.0,1.0,-1.0,-1.0,1.0,-1.0,1.0,-1.0,-1.0,1.0,-1.0,-1.0,-1.0,1.0,-1.0,-1.0,-1.0,-1.0,-1.0,-1.0,1.0,-1.0,-1.0,1.0	-0.41983122,0.22167403,-0.096182145,-0.25237417,0.50412923,-0.038270373,0.33543366,-0.22144358,-0.11185388,0.2040933,-0.073987946,-0.23080081,-0.12273313,0.33991095,-0.17548555,-0.3344139,-0.38431868,-0.23031376,-0.100068375,-0.05994312,0.0191715,-0.068067126,-0.13073003,0.27969924
../data/train_data_mmini/5/Train_0022.jpg	5	-1.0,1.0,-1.0,-1.0,1.0,-1.0,-1.0,-1.0,-1.0,1.0,-1.0,-1.0,-1.0,1.0,-1.0,-1.0,-1.0,-1.0,1.0,-1.0,1.0,-1.0,-1.0,1.0	-0.18323156,0.16802444,-0.053421687,-0.2847758,0.31950203,-0.06348113,-0.04592688,-0.02263006,-0.059427332,0.27694356,-0.17959383,-0.110374704,-0.14806092,0.1412772,-0.06516413,-0.030719059,-0.37609872,-0.25579116,0.0057756035,-0.11662662,0.1575161,-0.025808776,-0.13781561,0.0005144847
../data/train_data_mmini/5/Train_0023.jpg	5	-1.0,1.0,-1.0,-1.0,1.0,-1.0,-1.0,-1.0,-1.0,1.0,-1.0,-1.0,-1.0,1.0,-1.0,1.0,-1.0,-1.0,-1.0,-1.0,1.0,-1.0,1.0,-1.0	-0.34354842,0.17533013,-0.070985325,-0.34165218,0.32715645,-0.06185775,-0.07559726,-0.23948431,-0.09926713,0.1285597,-0.10300967,-0.25015628,-0.0804876,0.16476157,-0.15063421,0.0021656656,-0.47512028,-0.27155143,-0.0533699,-0.043547075,0.16840138,-0.0016273503,0.028534846,-0.050465457
../data/train_data_mmini/5/Train_0024.jpg	5	-1.0,1.0,-1.0,-1.0,1.0,1.0,1.0,-1.0,-1.0,1.0,1.0,-1.0,-1.0,1.0,-1.0,-1.0,-1.0,-1.0,-1.0,-1.0,1.0,-1.0,1.0,-1.0	-0.672141,0.074941956,-0.14714082,-0.40514493,0.023521263,0.22070034,0.062323175,-0.2327109,-0.009613332,0.09224511,0.37892544,-0.21163592,-0.16945767,0.35430694,-0.10309496,-0.15047641,-0.23869947,-0.5551445,-0.33975834,-0.39556915,0.014756108,-0.006860519,0.31543872,-0.25225732
../data/train_data_mmini/6/Train_0025.jpg	6	-1.0,-1.0,1.0,-1.0,-1.0,1.0,-1.0,1.0,1.0,1.0,1.0,-1.0,-1.0,1.0,-1.0,1.0,-1.0,-1.0,-1.0,-1.0,1.0,-1.0,1.0,-1.0	-0.4387958,-0.23428023,0.029240191,-0.48173487,-0.21484402,0.4279214,-0.26129547,0.0969318,0.47716233,0.30444935,0.06371616,-0.1643839,-0.20278144,0.22122462,-0.14876343,0.007737232,-0.18311563,-0.6166211,-0.40345243,-0.35030025,0.22284076,-0.06745327,0.432125,-0.22099866
../data/train_data_mmini/6/Train_0026.jpg	6	-1.0,1.0,1.0,-1.0,1.0,1.0,-1.0,-1.0,1.0,-1.0,-1.0,-1.0,-1.0,1.0,-1.0,-1.0,-1.0,-1.0,1.0,1.0,1.0,-1.0,-1.0,1.0	-0.107184514,0.2963506,0.18481264,-0.32039547,0.49854904,0.11966206,-0.0005212749,-0.03146368,0.077708445,-0.0665574,-0.24686155,-0.18718779,-0.10432905,0.36354092,-0.06518682,-0.26807708,-0.26943806,-0.13510463,0.28398424,0.26643825,0.3097332,-0.24276233,-0.610811,0.49414712
../data/train_data_mmini/6/Train_0027.jpg	6	-1.0,1.0,-1.0,-1.0,-1.0,1.0,1.0,-1.0,-1.0,-1.0,-1.0,-1.0,1.0,1.0,-1.0,-1.0,-1.0,-1.0,-1.0,1.0,1.0,-1.0,1.0,1.0	-0.27997577,0.24262068,-0.3828664,-0.104493275,-0.063489206,0.172434,0.06811472,-0.39222085,-0.24938749,-0.07511229,-0.55511886,-0.085860476,0.17389345,0.23522037,-0.2050733,-0.03221638,-0.4667056,-0.066059545,-0.10418827,0.29404458,0.5476568,-0.17669404,0.29251453,0.074201785
../data/train_data_mmini/6/Train_0028.jpg	6	-1.0,1.0,1.0,-1.0,1.0,1.0,1.0,-1.0,1.0,1.0,1.0,-1.0,-1.0,1.0,-1.0,-1.0,-1.0,-1.0,-1.0,-1.0,1.0,-1.0,-1.0,-1.0	-0.51065046,0.12954119,0.025481287,-0.23313078,0.012889466,0.15967432,0.0013672162,-0.07265419,0.10485585,0.28358003,0.028343191,-0.020750783,-0.2661186,0.1898481,-0.13157715,-0.16499253,-0.30983227,-0.26955146,-0.12815519,-0.33776462,0.16144568,-0.15670294,-0.047305796,-0.09200622
../data/train_data_mmini/6/Train_0029.jpg	6	-1.0,1.0,1.0,-1.0,1.0,-1.0,1.0,1.0,1.0,1.0,-1.0,-1.0,-1.0,1.0,-1.0,1.0,-1.0,-1.0,1.0,1.0,1.0,-1.0,-1.0,1.0	-0.29665256,0.013411187,0.17995772,-0.1862907,0.28900832,-0.019010453,0.009069187,0.22095537,0.3676526,0.3674347,-0.3112231,-0.12589598,-0.3111465,0.0990189,-0.25632355,0.10337582,-0.3768786,-0.2663528,0.001264843,0.32069468,0.06877185,-0.041762386,-0.20495512,0.16172063
../data/train_data_mmini/7/Train_0030.jpg	7	1.0,1.0,-1.0,-1.0,1.0,1.0,1.0,-1.0,-1.0,1.0,-1.0,-1.0,1.0,1.0,-1.0,-1.0,-1.0,1.0,1.0,1.0,1.0,-1.0,-1.0,1.0	0.011090963,0.68035114,-0.60379,-0.3264428,1.0207793,0.18905035,0.49573308,-0.3673788,-0.21376328,0.016242733,-0.5618839,-0.30795944,0.24019822,0.48201606,-0.16555618,-0.729312,-0.28321108,0.16589801,0.100872785,0.1291487,0.4657311,-0.11239753,-0.346573,0.5485757
../data/train_data_mmini/7/Train_0031.jpg	7	-1.0,1.0,-1.0,-1.0,1.0,1.0,1.0,1.0,1.0,1.0,-1.0,-1.0,-1.0,1.0,1.0,-1.0,-1.0,-1.0,1.0,1.0,1.0,-1.0,-1.0,1.0	-0.026178971,0.28340128,-0.057506893,-0.36254764,0.55868846,0.12980871,0.24917045,0.03566246,0.012731875,0.073815934,-0.2543095,-0.17797576,-0.13567166,0.3546016,0.072050266,-0.2833634,-0.22366567,-0.011746558,0.26357308,0.1559916,0.30806774,-0.19624382,-0.62434626,0.47184628
../data/train_data_mmini/7/Train_0032.jpg	7	-1.0,1.0,-1.0,-1.0,1.0,1.0,1.0,-1.0,-1.0,-1.0,-1.0,-1.0,1.0,1.0,-1.0,-1.0,-1.0,1.0,-1.0,1.0,1.0,-1.0,1.0,1.0	-0.41383767,0.46989772,-0.56175405,-0.2763421,0.18510523,0.30255124,0.62377745,-0.61434925,-0.34037012,-0.24863726,-0.38401654,-0.27680182,0.42876914,0.56420296,-0.065608986,-0.6716634,-0.2553728,0.14964034,-0.20736559,0.011599409,0.49577704,-0.2741492,0.13713668,0.3942825
../data/train_data_mmini/7/Train_0033.jpg	7	-1.0,1.0,-1.0,-1.0,1.0,1.0,1.0,-1.0,-1.0,-1.0,-1.0,-1.0,1.0,1.0,-1.0,-1.0,-1.0,-1.0,-1.0,-1.0,1.0,-1.0,1.0,1.0	-0.37683335,0.56090343,-0.2562083,-0.3810885,0.37628165,0.14384554,0.23491713,-0.44556502,-0.1742327,-0.15811771,-0.39016038,-0.23780337,0.085182734,0.29773912,-0.14321429,-0.23365858,-0.3113221,-0.13319413,-0.15583606,-0.07488038,0.38040915,-0.13721861,0.007855037,0.18450415
../data/train_data_mmini/7/Train_0034.jpg	7	-1.0,-1.0,-1.0,-1.0,-1.0,1.0,-1.0,-1.0,1.0,1.0,1.0,-1.0,-1.0,1.0,1.0,1.0,-1.0,-1.0,-1.0,-1.0,1.0,-1.0,1.0,-1.0	-0.81626976,-0.6590245,-0.10426928,-0.36015543,-0.80835116,0.3591875,-0.57840997,-0.31858575,0.12103564,0.4111348,0.42503926,-0.2383399,-0.22418572,0.399598,0.018218119,0.2611561,-0.45171946,-0.7789542,-0.45179293,-0.7648774,0.22626485,-0.072379306,1.1804183,-0.61899465
../data/train_data_mmini/8/Train_0035.jpg	8	-1.0,1.0,-1.0,-1.0,1.0,1.0,1.0,-1.0,-1.0,1.0,-1.0,-1.0,-1.0,1.0,-1.0,-1.0,-1.0,-1.0,1.0,1.0,1.0,-1.0,-1.0,1.0	-0.328483,0.2832312,-0.222167,-0.27968168,0.36007023,0.03171314,0.2691722,-0.1933646,-0.056803454,0.114440784,-0.27229434,-0.020802014,-0.011822141,0.20322704,-0.12799503,-0.14685829,-0.43396792,-0.041982625,0.0018699941,0.02251363,0.21142992,-0.25861707,-0.29676792,0.33414876
../data/train_data_mmini/8/Train_0036.jpg	8	-1.0,1.0,1.0,-1.0,1.0,1.0,1.0,-1.0,1.0,1.0,-1.0,-1.0,-1.0,1.0,-1.0,-1.0,-1.0,-1.0,-1.0,-1.0,1.0,-1.0,-1.0,1.0	-0.16576928,0.17570792,0.10432886,-0.3725216,0.32388535,0.11235701,0.028827453,-0.07367333,0.11219463,0.19803964,-0.26136184,-0.1600871,-0.091916345,0.21327583,-0.06176847,-0.14098588,-0.33386698,-0.24098316,-0.03990526,-0.029822899,0.29852268,-0.14543587,-0.30631483,0.23016946
../data/train_data_mmini/8/Train_0037.jpg	8	-1.0,1.0,1.0,-1.0,1.0,1.0,1.0,-1.0,1.0,1.0,-1.0,-1.0,-1.0,1.0,-1.0,-1.0,-1.0,-1.0,-1.0,-1.0,1.0,-1.0,-1.0,1.0	-0.3096909,0.115390666,0.18329443,-0.29905188,0.28903815,0.28890204,0.11693983,-0.07912474,0.08135166,0.044953518,-0.119026706,-0.19107129,-0.09539627,0.3972565,-0.045914497,-0.38312736,-0.16977194,-0.3241853,-0.040963735,-0.06301725,0.26020136,-0.17521933,-0.12245802,0.24453536
../data/train_data_mmini/8/Train_0038.jpg	8	-1.0,1.0,-1.0,-1.0,1.0,-1.0,1.0,-1.0,1.0,1.0,-1.0,-1.0,-1.0,1.0,-1.0,-1.0,-1.0,-1.0,1.0,1.0,1.0,-1.0,-1.0,1.0	-0.2563737,0.21864314,-0.10778382,-0.23523125,0.43909648,-0.016343756,0.04930926,-0.1014374,0.09595179,0.18887278,-0.32162988,-0.052281268,-0.18194322,0.29262125,-0.13783012,-0.090878166,-0.45708114,-0.12383729,0.0781115,0.100817695,0.21092658,-0.058827605,-0.21936038,0.3733121
../data/train_data_mmini/8/Train_0039.jpg	8	-1.0,1.0,-1.0,-1.0,1.0,1.0,1.0,-1.0,-1.0,1.0,-1.0,-1.0,1.0,1.0,-1.0,-1.0,-1.0,-1.0,-1.0,1.0,1.0,-1.0,-1.0,1.0	-0.34342957,0.23447452,-0.25600654,-0.32050204,0.41957062,0.12462288,0.43944523,-0.41046402,-0.15561272,0.08576202,-0.2956292,-0.13582242,0.13180023,0.2750803,-0.11605159,-0.22556454,-0.31350592,-0.02303468,-0.07964513,0.22072886,0.29111436,-0.21131301,-0.098370835,0.29370576
../data/train_data_mmini/9/Train_0040.jpg	9	-1.0,1.0,1.0,-1.0,1.0,-1.0,-1.0,1.0,1.0,1.0,1.0,-1.0,-1.0,1.0,-1.0,-1.0,-1.0,-1.0,1.0,-1.0,1.0,-1.0,-1.0,1.0	-0.38497853,0.046807967,0.03471482,-0.35232645,0.3261344,-0.03479095,-0.0030275646,0.038355637,0.07462391,0.25725132,0.08594154,-0.14397125,-0.30767345,0.370625,-0.069526635,-0.20434712,-0.3213983,-0.37344936,0.0048632203,-0.17474617,0.09204868,-0.017569507,-0.06795922,0.01168935
../data/train_data_mmini/9/Train_0041.jpg	9	-1.0,1.0,-1.0,-1.0,1.0,1.0,1.0,-1.0,-1.0,-1.0,-1.0,-1.0,1.0,1.0,-1.0,-1.0,-1.0,-1.0,-1.0,-1.0,1.0,-1.0,1.0,-1.0	-0.2865312,0.25153494,-0.32230625,-0.28882203,0.18104601,0.28347802,0.099028654,-0.36039445,-0.12515084,-0.12233456,-0.40915844,-0.1244619,0.1796346,0.31730098,-0.04836412,-0.27636287,-0.2831609,-0.20893829,-0.12698436,-0.022447286,0.38867405,-0.1969584,0.053281307,-0.015831925
../data/train_data_mmini/9/Train_0042.jpg	9	-1.0,-1.0,1.0,-1.0,1.0,1.0,-1.0,1.0,1.0,1.0,1.0,-1.0,-1.0,1.0,-1.0,-1.0,-1.0,-1.0,-1.0,-1.0,-1.0,1.0,1.0,-1.0	-0.51306325,-0.2973473,0.2929483,-0.31503743,0.14020413,0.04422625,-0.112707995,0.18138394,0.24575146,0.37926817,0.51239747,-0.12714121,-0.53493094,0.37878177,-0.043031033,-0.13176015,-0.17679206,-0.5398355,-0.040131655,-0.21335424,-0.09020161,0.07373937,0.109293,-0.17289257
../data/train_data_mmini/9/Train_0043.jpg	9	-1.0,1.0,1.0,-1.0,1.0,-1.0,1.0,1.0,1.0,1.0,-1.0,-1.0,-1.0,1.0,-1.0,-1.0,-1.0,-1.0,1.0,1.0,1.0,-1.0,-1.0,1.0	-0.30111003,0.19032052,0.16263334,-0.22346178,0.48841664,-0.2842421,0.13278103,0.100031815,0.09298675,0.45474923,-0.32236725,-0.19201484,-0.3678208,0.19346419,-0.2031218,-0.19544122,-0.46591544,-0.22899646,0.11413315,0.15632765,0.017691622,-0.0394559,-0.4819018,0.43241173
../data/train_data_mmini/9/Train_0044.jpg	9	-1.0,1.0,1.0,-1.0,1.0,-1.0,1.0,-1.0,1.0,1.0,-1.0,-1.0,-1.0,1.0,-1.0,-1.0,-1.0,-1.0,1.0,1.0,1.0,-1.0,-1.0,1.0	-0.3113823,0.20411433,0.01869215,-0.2900774,0.4896736,-0.08048583,0.27327165,-0.0043163844,0.07857883,0.22558945,-0.21156834,-0.23454283,-0.1523424,0.27590677,-0.20276332,-0.110399805,-0.3074468,-0.2011419,0.066501245,0.26217616,0.16246648,-0.03080141,-0.23725879,0.32505047
../data/train_data_mmini/10/Train_0045.jpg	10	-1.0,1.0,-1.0,-1.0,1.0,1.0,1.0,-1.0,-1.0,1.0,-1.0,-1.0,1.0,1.0,-1.0,-1.0,-1.0,-1.0,-1.0,1.0,1.0,-1.0,1.0,1.0	-0.2559061,0.15033923,-0.2540584,-0.15776539,0.10776544,0.29098848,0.29738668,-0.2829174,-0.0655046,0.0046846624,-0.36989972,-0.10875045,0.17599024,0.26157787,-0.044433285,-0.18528087,-0.19042967,-0.16372618,-0.14681076,0.10701961,0.23712179,-0.21434462,0.13457632,0.23242529
../data/train_data_mmini/10/Train_0046.jpg	10	-1.0,1.0,-1.0,-1.0,1.0,1.0,1.0,-1.0,1.0,1.0,-1.0,-1.0,-1.0,1.0,-1.0,-1.0,-1.0,-1.0,-1.0,1.0,1.0,-1.0,1.0,1.0	-0.46589196,0.19284226,-0.05729071,-0.08534084,0.080541015,0.15679525,0.17076224,-0.034926575,0.02292711,0.18107063,-0.44919813,-0.13754404,-0.07129852,0.27013436,-0.17445768,-0.1923609,-0.27339885,-0.09020631,-0.11673222,0.23840088,0.30987787,-0.14029886,0.0796956,0.13399169
../data/train_data_mmini/10/Train_0047.jpg	10	-1.0,1.0,1.0,-1.0,1.0,1.0,1.0,-1.0,1.0,1.0,-1.0,-1.0,-1.0,1.0,-1.0,-1.0,-1.0,-1.0,-1.0,1.0,1.0,-1.0,1.0,1.0	-0.46299344,0.13493949,0.00044638306,-0.25263822,0.17379858,0.19483034,0.1831795,-0.06639328,0.09914997,0.38820094,-0.21284692,-0.19306163,-0.13043475,0.25940743,-0.15564093,-0.23513852,-0.2109721,-0.26883054,-0.24081443,0.039437223,0.17306116,-0.22658049,0.059573866,0.22651091
../data/train_data_mmini/10/Train_0048.jpg	10	-1.0,-1.0,-1.0,-1.0,-1.0,1.0,1.0,-1.0,-1.0,1.0,-1.0,-1.0,1.0,1.0,-1.0,1.0,-1.0,-1.0,-1.0,-1.0,1.0,-1.0,1.0,-1.0	-0.56530565,-0.04598599,-0.6525237,-0.41010135,-0.17502616,0.43408394,0.10339719,-0.49428874,-0.020541597,0.0478988,-0.11218086,-0.10326458,0.16892488,0.34223858,-0.023875948,0.13065825,-0.33718827,-0.3019916,-0.46223974,-0.14600113,0.40841317,-0.1512751,0.81141293,-0.3017525
../data/train_data_mmini/10/Train_0049.jpg	10	-1.0,1.0,1.0,-1.0,1.0,1.0,1.0,-1.0,1.0,1.0,-1.0,-1.0,-1.0,1.0,-1.0,-1.0,-1.0,-1.0,-1.0,-1.0,1.0,-1.0,1.0,1.0	-0.45714232,0.05391539,0.003289305,-0.36563733,0.08957251,0.14017288,0.12928405,-0.23383173,0.015488277,0.15187144,-0.1391797,-0.10106086,-0.12173148,0.35397223,-0.06788372,-0.14166908,-0.37686437,-0.2712729,-0.20570597,-0.060404357,0.19901384,-0.16573423,0.015916863,0.12414289
