../data/train_data_mmini/1/Train_0000.jpg	1	1.0,-1.0,1.0,-1.0,1.0,-1.0,-1.0,1.0	0.2216214,-0.3731504,0.27631906,-0.004241338,0.16499604,-0.23758784,-0.09589735,0.095592335
../data/train_data_mmini/1/Train_0001.jpg	1	1.0,-1.0,1.0,1.0,1.0,-1.0,-1.0,1.0	0.16871399,-0.3434072,0.27068964,0.013061809,0.17528065,-0.14030544,-0.12832718,0.12284488
../data/train_data_mmini/1/Train_0002.jpg	1	1.0,-1.0,1.0,1.0,1.0,-1.0,-1.0,1.0	0.20633869,-0.2728296,0.1586397,0.12343709,0.17579721,-0.2556739,-0.10115624,0.114387125
../data/train_data_mmini/1/Train_0003.jpg	1	1.0,-1.0,1.0,1.0,1.0,-1.0,-1.0,1.0	0.21966805,-0.438947,0.29512265,0.0448185,0.1675679,-0.25329435,-0.13931078,0.04716564
../data/train_data_mmini/1/Train_0004.jpg	1	1.0,-1.0,1.0,1.0,1.0,-1.0,-1.0,1.0	0.29895824,-0.36262327,0.2790805,0.05051907,0.1449654,-0.23170671,-0.11467732,0.060161278
../data/train_data_mmini/2/Train_0005.jpg	2	1.0,-1.0,1.0,1.0,1.0,-1.0,-1.0,1.0	0.131105,-0.26923057,0.17628813,0.11173636,0.06699038,-0.1466843,-0.09350673,0.07668734
../data/train_data_mmini/2/Train_0006.jpg	2	1.0,-1.0,1.0,1.0,1.0,-1.0,-1.0,1.0	0.11139347,-0.30541685,0.16080841,0.08440919,0.076626495,-0.14467894,-0.27681217,0.25655937
../data/train_data_mmini/2/Train_0007.jpg	2	1.0,-1.0,1.0,1.0,1.0,-1.0,-1.0,1.0	0.29095036,-0.3675683,0.30954915,0.033891987,0.23039074,-0.31142536,-0.0656971,0.006365275
../data/train_data_mmini/2/Train_0008.jpg	2	1.0,-1.0,1.0,1.0,1.0,-1.0,-1.0,1.0	0.22361784,-0.2919279,0.25565,0.047933146,0.10211173,-0.27871573,-0.08022168,0.10200306
../data/train_data_mmini/2/Train_0009.jpg	2	1.0,-1.0,1.0,1.0,1.0,-1.0,-1.0,1.0	0.15196578,-0.38769063,0.27009523,0.047218002,0.086957835,-0.20340517,-0.12503217,0.04668607
../data/train_data_mmini/3/Train_0010.jpg	3	1.0,-1.0,1.0,1.0,1.0,-1.0,-1.0,1.0	0.12017225,-0.2185569,0.12363785,0.13737944,0.08032461,-0.17821698,-0.0941414,0.11082298
../data/train_data_mmini/3/Train_0011.jpg	3	1.0,-1.0,1.0,1.0,1.0,-1.0,-1.0,1.0	0.17460662,-0.24771804,0.15472697,0.105827235,0.17517424,-0.15333273,-0.023476405,0.0870717
../data/train_data_mmini/3/Train_0012.jpg	3	1.0,-1.0,1.0,1.0,1.0,-1.0,-1.0,1.0	0.2872777,-0.35748726,0.22910054,0.060856096,0.15372738,-0.1251444,-0.108902104,0.12652375
../data/train_data_mmini/3/Train_0013.jpg	3	1.0,-1.0,1.0,1.0,1.0,-1.0,-1.0,1.0	0.062188055,-0.20193385,0.1958137,0.07671695,0.054495256,-0.17183758,-0.12751786,0.20760506
../data/train_data_mmini/3/Train_0014.jpg	3	1.0,-1.0,1.0,1.0,1.0,-1.0,-1.0,1.0	0.14353518,-0.28781924,0.20982373,0.098877236,0.15116057,-0.15202056,-0.14608383,0.06498353
../data/train_data_mmini/4/Train_0015.jpg	4	1.0,-1.0,1.0,1.0,1.0,-1.0,-1.0,1.0	0.3434383,-0.34163314,0.23244666,0.03199944,0.18190533,-0.21127841,-0.0763294,0.1182927
../data/train_data_mmini/4/Train_0016.jpg	4	1.0,-1.0,1.0,1.0,1.0,-1.0,-1.0,1.0	0.08618987,-0.2026904,0.1808235,0.015268421,0.096538715,-0.13871448,-0.07349797,0.056681924
../data/train_data_mmini/4/Train_0017.jpg	4	1.0,-1.0,1.0,1.0,1.0,-1.0,-1.0,1.0	0.074186735,-0.28969112,0.16958208,0.044099983,0.099889554,-0.08393494,-0.23909415,0.24216643
../data/train_data_mmini/4/Train_0018.jpg	4	1.0,-1.0,1.0,1.0,1.0,-1.0,-1.0,1.0	0.118724115,-0.21700785,0.18314905,0.10936695,0.10175348,-0.1797721,-0.07434843,0.07802886
../data/train_data_mmini/4/Train_0019.jpg	4	1.0,-1.0,1.0,1.0,1.0,-1.0,-1.0,1.0	0.07761659,-0.26691607,0.13923901,0.1283964,0.056597505,-0.14671953,-0.23104863,0.19257934
../data/train_data_mmini/5/Train_0020.jpg	5	1.0,-1.0,1.0,1.0,1.0,-1.0,-1.0,1.0	0.28239268,-0.42198783,0.28609946,0.07306687,0.1994158,-0.2819581,-0.10758325,0.06952722
../data/train_data_mmini/5/Train_0021.jpg	5	1.0,-1.0,1.0,1.0,1.0,-1.0,-1.0,1.0	0.30703542,-0.4254153,0.3217312,0.06363141,0.18023135,-0.31031808,-0.12960678,0.12556621
../data/train_data_mmini/5/Train_0022.jpg	5	1.0,-1.0,1.0,1.0,1.0,-1.0,-1.0,1.0	0.25894126,-0.33272514,0.25420362,0.049990196,0.17532395,-0.2745729,-0.108516484,0.061203424
../data/train_data_mmini/5/Train_0023.jpg	5	1.0,-1.0,1.0,1.0,1.0,-1.0,-1.0,1.0	0.2588738,-0.42986885,0.28653482,0.06414613,0.18222524,-0.2681543,-0.11998514,0.015069054
../data/train_data_mmini/5/Train_0024.jpg	5	1.0,-1.0,1.0,1.0,1.0,-1.0,-1.0,1.0	0.282085,-0.29653597,0.31377462,0.023040524,0.17341046,-0.31304336,-0.021561459,0.0812612
../data/train_data_mmini/6/Train_0025.jpg	6	1.0,-1.0,1.0,1.0,1.0,-1.0,-1.0,1.0	0.037711803,-0.23587318,0.17123903,0.077485666,0.13757533,-0.1576859,-0.20360667,0.049431104
../data/train_data_mmini/6/Train_0026.jpg	6	1.0,-1.0,1.0,1.0,1.0,-1.0,-1.0,1.0	0.09373902,-0.3358453,0.22212996,0.036452997,0.15678981,-0.19596463,-0.096114956,0.040099736
../data/train_data_mmini/6/Train_0027.jpg	6	1.0,-1.0,1.0,1.0,1.0,-1.0,-1.0,1.0	0.0040257643,-0.19957417,0.16644095,0.115470454,0.1423656,-0.052682295,-0.02985372,0.014829648
../data/train_data_mmini/6/Train_0028.jpg	6	1.0,-1.0,1.0,1.0,1.0,-1.0,-1.0,1.0	0.15034412,-0.23390302,0.28399384,0.08308784,0.1838712,-0.25798842,-0.05181124,0.053056624
../data/train_data_mmini/6/Train_0029.jpg	6	1.0,-1.0,1.0,1.0,1.0,-1.0,-1.0,1.0	0.14993994,-0.22373326,0.19827476,0.053186905,0.08752528,-0.20341544,-0.16420981,0.12430385
../data/train_data_mmini/7/Train_0030.jpg	7	1.0,-1.0,1.0,1.0,1.0,-1.0,-1.0,1.0	0.17638725,-0.45732725,0.2461912,0.097643204,0.119495936,-0.20897608,-0.18246123,0.13110411
../data/train_data_mmini/7/Train_0031.jpg	7	1.0,-1.0,1.0,1.0,1.0,-1.0,-1.0,1.0	0.06842631,-0.2969494,0.2522731,0.09344783,0.16866428,-0.26867327,-0.19100127,0.109303184
../data/train_data_mmini/7/Train_0032.jpg	7	1.0,-1.0,1.0,1.0,1.0,-1.0,-1.0,1.0	0.061998807,-0.16874965,0.24422008,0.10484553,0.15377279,-0.14106101,-0.02444266,0.08860812
../data/train_data_mmini/7/Train_0033.jpg	7	1.0,-1.0,1.0,1.0,1.0,-1.0,-1.0,1.0	0.11625582,-0.29946274,0.21018004,0.10859469,0.10717829,-0.14910083,-0.12759623,0.025768345
../data/train_data_mmini/7/Train_0034.jpg	7	1.0,-1.0,1.0,1.0,1.0,-1.0,-1.0,1.0	0.14735833,-0.09236752,0.18165568,0.1823418,0.15333946,-0.11200954,-0.015715433,0.0022818155
../data/train_data_mmini/8/Train_0035.jpg	8	1.0,-1.0,1.0,1.0,1.0,-1.0,-1.0,1.0	0.19856083,-0.23426351,0.249822,0.06354035,0.10945841,-0.17466678,-0.09235192,0.08450988
../data/train_data_mmini/8/Train_0036.jpg	8	1.0,-1.0,1.0,1.0,1.0,-1.0,-1.0,1.0	0.14165911,-0.25207287,0.2549457,0.065983996,0.15858607,-0.20797235,-0.11021732,0.04595909
../data/train_data_mmini/8/Train_0037.jpg	8	1.0,-1.0,1.0,1.0,1.0,-1.0,-1.0,1.0	0.13609125,-0.2523911,0.24724618,0.0629677,0.1736918,-0.14903319,-0.10520734,0.09866726
../data/train_data_mmini/8/Train_0038.jpg	8	1.0,-1.0,1.0,1.0,1.0,-1.0,-1.0,1.0	0.20368859,-0.2941442,0.25280502,0.0445369,0.19715783,-0.22248597,-0.084402874,0.05941266
../data/train_data_mmini/8/Train_0039.jpg	8	1.0,-1.0,1.0,1.0,1.0,-1.0,-1.0,1.0	0.16915157,-0.27142146,0.28728992,0.066427864,0.13345647,-0.18164949,-0.13319655,0.108707674
../data/train_data_mmini/9/Train_0040.jpg	9	1.0,-1.0,1.0,1.0,1.0,-1.0,-1.0,1.0	0.3517369,-0.41027275,0.3371254,0.051705334,0.20318319,-0.30397302,-0.09516963,0.09348952
../data/train_data_mmini/9/Train_0041.jpg	9	1.0,-1.0,1.0,1.0,1.0,-1.0,-1.0,1.0	0.084899455,-0.20480001,0.1586831,0.10617266,0.15523526,-0.13425927,-0.098294765,0.10813686
../data/train_data_mmini/9/Train_0042.jpg	9	1.0,-1.0,1.0,1.0,1.0,-1.0,-1.0,1.0	0.33422232,-0.34565955,0.2848995,0.04035386,0.20472124,-0.32304576,-0.06807358,0.12272046
../data/train_data_mmini/9/Train_0043.jpg	9	1.0,-1.0,1.0,1.0,1.0,-1.0,-1.0,1.0	0.2586341,-0.39909646,0.2950326,0.03168122,0.109625965,-0.29576135,-0.10450427,0.1025676
../data/train_data_mmini/9/Train_0044.jpg	9	1.0,-1.0,1.0,1.0,1.0,-1.0,-1.0,1.0	0.24527912,-0.4070296,0.28218442,0.06621126,0.091762654,-0.2294443,-0.18163268,0.16967718
../data/train_data_mmini/10/Train_0045.jpg	10	1.0,-1.0,1.0,1.0,1.0,-1.0,-1.0,1.0	0.072410956,-0.053198937,0.24597701,0.054867957,0.1171463,-0.1286006,-0.03321686,0.025268
../data/train_data_mmini/10/Train_0046.jpg	10	1.0,-1.0,1.0,1.0,1.0,-1.0,-1.0,1.0	0.11995364,-0.21747035,0.128512,0.07909461,0.064193055,-0.14255263,-0.06524025,0.08364942
../data/train_data_mmini/10/Train_0047.jpg	10	1.0,-1.0,1.0,1.0,1.0,-1.0,-1.0,1.0	0.08897171,-0.16472669,0.29332635,0.104269765,0.13258666,-0.18724044,-0.07374862,0.086463384
../data/train_data_mmini/10/Train_0048.jpg	10	1.0,-1.0,1.0,1.0,1.0,-1.0,-1.0,1.0	0.13173066,-0.18000105,0.24068789,0.14499535,0.15176645,-0.1318084,-0.13935468,0.07853914
../data/train_data_mmini/10/Train_0049.jpg	10	1.0,-1.0,1.0,1.0,1.0,-1.0,-1.0,1.0	0.17255922,-0.1958573,0.27057445,0.05982309,0.17919675,-0.15886436,-0.0846702,0.0316792
