../data/train_data_mmini/1/Train_0000.jpg	1	-1.0,-1.0,1.0,1.0,-1.0,-1.0,-1.0,1.0,-1.0,-1.0,1.0,1.0,1.0,-1.0,1.0,1.0,-1.0,-1.0,-1.0,-1.0,-1.0,1.0,1.0,-1.0	-0.9709845,-0.99436665,0.23805553,0.98465157,-1.0144055,-0.5748626,-1.7273641,0.18573378,-0.25196522,-0.61967653,1.0817022,0.83032906,3.4207096,-1.4010183,0.6284826,0.31120387,-3.3190978,-0.7847832,-0.15916131,-0.5901592,-1.3177431,1.1622292,2.2595868,-1.3079263
../data/train_data_mmini/1/Train_0001.jpg	1	-1.0,-1.0,1.0,1.0,1.0,1.0,-1.0,1.0,-1.0,1.0,1.0,1.0,1.0,-1.0,1.0,-1.0,-1.0,-1.0,1.0,1.0,-1.0,1.0,1.0,1.0	-2.6329455,-3.891103,2.4794877,0.6591023,0.15419675,0.8236734,-2.3599973,0.61966187,-1.2239792,0.35394832,1.1527587,1.6589314,6.3362074,-1.7900801,0.058079753,-1.6518462,-4.779835,-1.6992713,0.8974811,1.4015368,-0.30276832,2.3925316,4.14232,0.039216276
../data/train_data_mmini/1/Train_0002.jpg	1	-1.0,1.0,1.0,1.0,1.0,1.0,-1.0,-1.0,-1.0,1.0,1.0,1.0,1.0,-1.0,1.0,1.0,-1.0,1.0,-1.0,1.0,-1.0,1.0,1.0,1.0	-1.540262,1.5922786,0.91874367,0.5814383,0.8283471,2.3104854,-2.827763,-2.7456672,-1.1672708,0.42970836,1.9604598,0.664564,7.048016,-2.6310644,4.0019593,0.112348184,-2.427113,0.44981134,-2.2453113,0.59465635,-4.0131874,3.0485733,1.6464461,0.8763487
../data/train_data_mmini/1/Train_0003.jpg	1	-1.0,-1.0,1.0,1.0,1.0,1.0,-1.0,1.0,-1.0,-1.0,1.0,1.0,1.0,-1.0,-1.0,-1.0,-1.0,-1.0,-1.0,1.0,-1.0,1.0,1.0,-1.0	-2.656941,-2.949351,2.4301572,0.89240164,1.105629,0.22829343,-2.0061078,0.7635321,-1.5370736,-1.548725,0.61291987,2.286029,1.854979,-1.4025939,-1.2465298,-1.5800111,-2.0018308,-2.3004487,-0.82573575,0.15607977,-1.3619088,1.980966,2.2624848,-2.830575
../data/train_data_mmini/1/Train_0004.jpg	1	-1.0,-1.0,1.0,1.0,-1.0,-1.0,-1.0,1.0,1.0,1.0,1.0,1.0,1.0,-1.0,1.0,-1.0,-1.0,-1.0,-1.0,-1.0,-1.0,1.0,1.0,1.0	-1.5172263,-1.4588743,2.105588,1.7112918,-2.588198,-2.459626,-1.2811266,0.70536494,0.16410322,1.5887859,0.21454962,0.86573404,2.4170835,-2.089469,1.2332813,-0.015336748,-5.5976014,-1.1982038,-1.9381293,-1.0215005,-0.14795119,1.5092658,3.0577102,0.6060858
../data/train_data_mmini/2/Train_0005.jpg	2	1.0,1.0,1.0,-1.0,-1.0,-1.0,-1.0,1.0,-1.0,-1.0,-1.0,-1.0,1.0,-1.0,1.0,1.0,-1.0,1.0,1.0,1.0,-1.0,1.0,1.0,-1.0	1.5119389,0.20796867,1.0541843,-0.14321776,-0.5249187,-0.11804247,-1.1783031,0.5303319,-3.0852337,-2.055809,-0.014146845,-1.8015461,6.7752557,-0.9365426,2.337697,0.5514833,-9.65996,0.5298817,1.7613229,1.6218039,-0.96984404,0.70003855,1.271627,-0.20818548
../data/train_data_mmini/2/Train_0006.jpg	2	-1.0,1.0,1.0,1.0,1.0,1.0,-1.0,1.0,-1.0,1.0,-1.0,1.0,1.0,-1.0,-1.0,-1.0,-1.0,-1.0,-1.0,1.0,-1.0,1.0,-1.0,-1.0	-0.82275456,3.7699714,1.098081,1.3350655,4.5862083,0.50162137,-1.3265729,0.9457517,-2.4045532,1.4418906,-2.127366,1.5500352,4.421841,-2.3309731,-0.2524803,-0.5926361,-7.6646,-0.58105785,-3.152484,1.0052398,-1.8595227,0.6190942,-3.350158,-1.4616455
../data/train_data_mmini/2/Train_0007.jpg	2	1.0,-1.0,-1.0,1.0,-1.0,-1.0,-1.0,1.0,-1.0,-1.0,1.0,-1.0,-1.0,-1.0,-1.0,1.0,-1.0,1.0,-1.0,-1.0,-1.0,1.0,1.0,-1.0	0.48283222,-2.1585917,-1.6005988,0.2531972,-0.51324135,-1.8970418,-1.3621784,0.6551921,-0.2502423,-1.0045313,0.0124035785,-0.0486451,-0.06860331,-2.068732,-0.21423516,2.6883805,-3.5742066,0.6330004,-1.332682,-3.3752716,-0.44399422,1.410928,2.1530216,-2.044162
../data/train_data_mmini/2/Train_0008.jpg	2	1.0,1.0,-1.0,1.0,-1.0,-1.0,-1.0,-1.0,-1.0,1.0,-1.0,1.0,1.0,-1.0,1.0,1.0,-1.0,1.0,1.0,1.0,-1.0,1.0,1.0,-1.0	0.09459399,3.4237914,-1.313978,1.9647586,-1.5922512,-1.3835468,-1.7663145,-0.7503343,-1.5683079,2.2643287,-0.56186694,4.926706,6.226193,-1.6988304,3.764129,2.5179021,-6.076394,2.1634057,0.53212917,0.276245,-1.1302823,0.7466206,0.28294846,-1.9496292
../data/train_data_mmini/2/Train_0009.jpg	2	1.0,-1.0,-1.0,-1.0,-1.0,1.0,1.0,1.0,-1.0,-1.0,1.0,-1.0,1.0,1.0,1.0,1.0,-1.0,1.0,1.0,-1.0,-1.0,-1.0,1.0,-1.0	3.0319436,-0.4373636,-0.27272758,-1.2864507,-1.3316393,0.050841153,0.7321075,1.1328279,-2.2773664,-3.630076,0.1419798,-1.8661599,7.212165,1.1218339,0.7921033,1.0271131,-10.998728,1.7725419,3.6540997,-0.20612484,-0.015523989,-0.74811405,0.70958924,-1.2808036
../data/train_data_mmini/3/Train_0010.jpg	3	-1.0,-1.0,1.0,-1.0,1.0,-1.0,1.0,1.0,-1.0,1.0,-1.0,1.0,1.0,-1.0,-1.0,1.0,-1.0,1.0,1.0,-1.0,1.0,1.0,1.0,-1.0	-0.31361732,-0.68501365,1.0922734,-0.7035291,2.0775142,-0.452938,0.3358998,0.50830406,-2.5575025,1.0806795,-2.2011046,4.560926,5.1391287,-0.7663626,-0.98157716,0.0287625,-8.919968,1.4672867,0.45491582,-1.0861129,1.4287525,1.4820493,1.3246639,-2.247621
../data/train_data_mmini/3/Train_0011.jpg	3	1.0,-1.0,1.0,-1.0,-1.0,1.0,-1.0,-1.0,1.0,1.0,1.0,-1.0,1.0,-1.0,1.0,1.0,-1.0,-1.0,-1.0,-1.0,-1.0,1.0,1.0,1.0	0.19949949,-0.12730885,2.173676,-0.44709745,-1.7180784,0.111982286,-2.115809,-3.5716558,0.44800997,2.3348763,1.6329137,-0.39819252,8.444921,-3.0908535,3.7291806,0.834047,-6.3398876,-0.30143523,-2.4996703,-0.5999765,-0.69337523,4.739855,4.572048,4.4843645
../data/train_data_mmini/3/Train_0012.jpg	3	-1.0,-1.0,1.0,1.0,-1.0,1.0,-1.0,1.0,1.0,1.0,1.0,-1.0,1.0,-1.0,1.0,-1.0,-1.0,-1.0,-1.0,1.0,-1.0,1.0,1.0,1.0	-1.663572,-2.934187,5.021212,1.0672483,-1.5268176,0.9323742,-1.3573261,0.7664234,0.4391383,0.8513617,2.3972383,-3.5257075,7.019697,-0.405218,0.3892002,-4.017828,-8.265909,-3.448527,-1.4658415,2.2606435,-1.2212422,1.7218736,3.2605484,4.3758736
../data/train_data_mmini/3/Train_0013.jpg	3	-1.0,1.0,1.0,1.0,1.0,1.0,-1.0,1.0,-1.0,1.0,-1.0,1.0,1.0,-1.0,1.0,-1.0,-1.0,1.0,-1.0,1.0,-1.0,-1.0,-1.0,-1.0	-1.8314053,4.1597767,1.3619573,1.6735631,3.2131822,1.5196029,-1.4633614,0.6603082,-2.7549915,2.1535406,-0.7856353,2.382175,8.290672,-1.2369833,1.0898902,-1.3839046,-9.052133,0.14371821,-1.1725441,1.8630421,-1.6779056,-0.2216051,-2.1872776,-0.7991101
../data/train_data_mmini/3/Train_0014.jpg	3	1.0,1.0,1.0,-1.0,-1.0,-1.0,-1.0,-1.0,-1.0,-1.0,-1.0,1.0,1.0,-1.0,1.0,1.0,-1.0,1.0,1.0,1.0,-1.0,1.0,1.0,-1.0	1.1220545,1.1815649,0.8591272,-0.34306118,-0.92295265,-1.5936981,-1.6456404,-0.3839959,-2.7438788,-0.29273707,-1.1150736,0.9445581,7.1293654,-1.8007498,3.116949,1.6208533,-9.559738,1.0621854,0.40964568,0.383835,-0.68196553,1.3783642,1.6423753,-0.24822931
../data/train_data_mmini/4/Train_0015.jpg	4	-1.0,1.0,1.0,1.0,-1.0,-1.0,-1.0,-1.0,-1.0,1.0,1.0,1.0,1.0,-1.0,1.0,-1.0,-1.0,-1.0,1.0,1.0,-1.0,1.0,1.0,1.0	-0.2512351,1.9599639,1.1274177,1.7812955,-3.0148337,-0.37125257,-1.7446024,-0.9907976,-0.12555332,0.7004311,1.64998,1.0063399,8.0497675,-0.09740872,3.0338166,-0.5125894,-5.478896,-0.59303063,0.44973135,2.1487148,-1.2566838,0.2527829,1.2355257,1.0734864
../data/train_data_mmini/4/Train_0016.jpg	4	-1.0,-1.0,1.0,-1.0,1.0,1.0,-1.0,-1.0,-1.0,-1.0,1.0,1.0,1.0,-1.0,1.0,-1.0,-1.0,-1.0,1.0,1.0,-1.0,1.0,1.0,-1.0	-0.61091816,-1.2736361,0.34696817,-0.592535,0.86131555,2.4729517,-2.7135553,-1.5482737,-3.880206,-3.5031188,1.6520725,1.3916899,8.018584,-0.69192386,2.4834259,-0.058973428,-3.0603101,-0.11629214,3.8216681,2.9735441,-2.6199656,2.1436667,2.8988225,-2.317765
../data/train_data_mmini/4/Train_0017.jpg	4	-1.0,1.0,1.0,-1.0,1.0,1.0,-1.0,-1.0,-1.0,-1.0,1.0,-1.0,1.0,-1.0,1.0,-1.0,-1.0,-1.0,-1.0,1.0,-1.0,1.0,1.0,1.0	-0.28361067,1.4338642,2.9361923,-0.3988929,3.6639442,3.391693,-1.3830799,-1.5461749,-2.2412922,-0.5263447,1.1103749,-0.6313109,10.38876,-1.1586552,0.98636055,-2.2938511,-8.060895,-1.4366912,-0.7476815,2.9796414,-2.6367426,2.7390182,0.36777,1.4898237
../data/train_data_mmini/4/Train_0018.jpg	4	1.0,1.0,-1.0,-1.0,-1.0,-1.0,-1.0,-1.0,-1.0,-1.0,-1.0,1.0,1.0,-1.0,1.0,1.0,-1.0,1.0,1.0,1.0,-1.0,1.0,1.0,-1.0	2.2997324,0.37793148,-0.974949,-1.1936321,-2.9466884,-1.095386,-0.98296404,-1.3006874,-2.757164,-2.7633877,-0.14747952,1.0801772,7.254763,-0.030893153,3.4201758,2.3161268,-6.839331,2.4778013,4.1525536,0.2770803,-0.29788476,0.7852221,2.8325903,-1.8788308
../data/train_data_mmini/4/Train_0019.jpg	4	-1.0,1.0,1.0,1.0,1.0,1.0,-1.0,1.0,-1.0,1.0,-1.0,-1.0,1.0,-1.0,1.0,-1.0,-1.0,-1.0,-1.0,1.0,-1.0,1.0,-1.0,1.0	-2.920563,2.1852305,4.874495,2.4245605,3.9332545,0.83130616,-1.8587277,1.5638443,-3.047055,2.3709755,-1.5281363,-0.82227373,3.8539474,-3.7779248,1.3574555,-2.365703,-8.955905,-1.7996467,-5.9303393,2.015947,-2.8625886,1.6472028,-2.5912516,1.6461844
../data/train_data_mmini/5/Train_0020.jpg	5	-1.0,-1.0,1.0,1.0,-1.0,-1.0,-1.0,1.0,-1.0,-1.0,1.0,1.0,1.0,-1.0,1.0,-1.0,-1.0,-1.0,-1.0,1.0,-1.0,1.0,1.0,-1.0	-2.6831691,-3.0883431,2.111471,1.450029,-0.2799392,-0.50300425,-2.6992457,1.5482153,-2.1907668,-1.2588402,0.4113734,0.43671054,2.0206556,-2.5028849,2.004713,-0.5329915,-3.483926,-0.66612524,-0.9611014,0.6929066,-2.2013915,1.3046682,2.4558904,-1.1911279
../data/train_data_mmini/5/Train_0021.jpg	5	-1.0,1.0,1.0,1.0,-1.0,-1.0,-1.0,-1.0,-1.0,1.0,-1.0,1.0,1.0,-1.0,1.0,1.0,-1.0,-1.0,-1.0,1.0,-1.0,1.0,1.0,-1.0	-1.0652083,3.3303127,1.5271888,1.3824602,-1.2393241,-1.4745594,-1.9355534,-0.76019734,-0.91771644,1.457254,-0.17741697,3.483397,7.111888,-1.5579249,2.3424797,0.2231173,-6.9379377,-0.021671034,-1.5584437,0.13218307,-1.0462294,0.8187656,0.6596849,-0.5882689
../data/train_data_mmini/5/Train_0022.jpg	5	1.0,-1.0,-1.0,1.0,-1.0,-1.0,-1.0,1.0,-1.0,1.0,-1.0,-1.0,1.0,-1.0,-1.0,1.0,-1.0,1.0,-1.0,-1.0,-1.0,1.0,-1.0,-1.0	1.032168,-0.67485505,-1.2796506,1.33307,-0.10917689,-1.8814235,-0.5964821,2.2339914,-0.5488957,0.31365487,-0.83177155,-0.6384798,0.09500301,-1.9260616,-0.036284734,2.2899718,-6.9009066,0.85192573,-1.6427685,-2.057253,-0.5857934,0.23693405,-0.16892292,-1.5263072
../data/train_data_mmini/5/Train_0023.jpg	5	-1.0,-1.0,1.0,1.0,-1.0,-1.0,-1.0,1.0,-1.0,-1.0,-1.0,1.0,1.0,-1.0,-1.0,1.0,-1.0,1.0,-1.0,-1.0,-1.0,1.0,1.0,-1.0	-1.8992106,-2.3908496,0.5708329,0.9778675,-0.07096817,-0.8097474,-1.4913192,1.5051671,-0.9468581,-0.69910836,-0.14639603,2.4329107,0.71971893,-1.5373313,-0.1113531,0.023410287,-2.1256137,0.12444596,-0.5246631,-1.1813344,-0.9327129,0.6475961,1.4995936,-2.8402193
../data/train_data_mmini/5/Train_0024.jpg	5	-1.0,-1.0,1.0,-1.0,-1.0,-1.0,-1.0,-1.0,1.0,-1.0,1.0,-1.0,1.0,-1.0,-1.0,-1.0,-1.0,-1.0,-1.0,-1.0,-1.0,1.0,1.0,1.0	-0.45015052,-0.77571106,1.8548312,-0.39454252,-0.8532066,-0.7538424,-0.8470918,-0.5081858,0.07337017,-0.43845704,0.9791343,-0.94164985,4.421601,-0.751431,-0.049963396,-0.35346988,-6.776904,-1.1128765,-1.5691656,-1.9508582,-0.030947316,1.9558569,2.8993766,0.6846442
../data/train_data_mmini/6/Train_0025.jpg	6	-1.0,1.0,1.0,-1.0,1.0,1.0,-1.0,-1.0,-1.0,-1.0,-1.0,-1.0,1.0,-1.0,-1.0,-1.0,-1.0,-1.0,-1.0,-1.0,-1.0,1.0,-1.0,1.0	-0.39707553,0.31100956,4.104251,-1.8230897,7.6425543,3.016529,-0.63994974,-0.9074057,-3.205415,-1.1124488,-0.74695224,-2.2990608,6.1695104,-2.2010913,-2.4609854,-3.0504823,-10.479265,-2.1263983,-5.6215515,-0.21233326,-1.8799107,4.3817945,-0.97449476,1.050786
../data/train_data_mmini/6/Train_0026.jpg	6	1.0,-1.0,1.0,-1.0,-1.0,-1.0,-1.0,-1.0,-1.0,-1.0,1.0,1.0,1.0,1.0,1.0,1.0,-1.0,-1.0,1.0,-1.0,1.0,1.0,1.0,-1.0	1.387425,-3.1678362,1.7612382,-2.032639,-2.2319481,-0.36431363,-1.0902735,-1.6494455,-2.486383,-3.7605867,1.016699,0.31093678,6.285783,0.18739696,1.1736811,0.65347934,-6.7005115,-0.47518724,2.4710872,-0.117423005,0.14821988,2.689229,5.570486,-1.1866634
../data/train_data_mmini/6/Train_0027.jpg	6	1.0,-1.0,1.0,-1.0,1.0,1.0,-1.0,-1.0,-1.0,-1.0,-1.0,1.0,1.0,1.0,1.0,-1.0,-1.0,1.0,1.0,1.0,1.0,1.0,1.0,1.0	0.6770276,-1.9320731,2.2177346,-2.7335932,1.025274,0.6824845,-0.37188518,-1.6523886,-3.485623,-1.9883795,-0.9952525,0.9731031,8.335301,0.2670963,0.5822036,-0.32947406,-9.382891,0.22063085,2.4703286,1.1489255,1.179189,2.536611,3.2321026,0.34270778
../data/train_data_mmini/6/Train_0028.jpg	6	1.0,1.0,-1.0,-1.0,1.0,1.0,-1.0,-1.0,-1.0,1.0,-1.0,1.0,1.0,-1.0,1.0,1.0,-1.0,1.0,-1.0,-1.0,-1.0,1.0,1.0,-1.0	0.7554423,0.9347089,-0.6871864,-2.1429515,1.11363,0.47341004,-1.7589571,-3.451072,-2.000593,0.32465842,-0.22439124,1.5508075,5.881607,-3.1095014,2.94989,3.211192,-5.2011957,1.7038763,-1.6323811,-2.5473225,-0.9595642,3.9388523,2.7351725,-0.07855433
../data/train_data_mmini/6/Train_0029.jpg	6	1.0,1.0,1.0,-1.0,1.0,1.0,1.0,1.0,-1.0,-1.0,-1.0,-1.0,1.0,1.0,-1.0,-1.0,-1.0,1.0,1.0,1.0,-1.0,1.0,-1.0,-1.0	1.7214469,3.4209533,0.66826046,-1.1708095,4.506988,3.5691965,1.9743671,0.032635026,-1.9344863,-1.4892129,-0.23842688,-0.6713143,9.476356,1.8942301,-1.9484369,-2.2962365,-11.476596,1.2810212,0.6945884,0.01121024,-0.7901215,0.16745232,-2.3591492,-1.1174154
../data/train_data_mmini/7/Train_0030.jpg	7	1.0,-1.0,1.0,-1.0,1.0,1.0,-1.0,1.0,-1.0,-1.0,1.0,-1.0,1.0,-1.0,1.0,1.0,-1.0,-1.0,1.0,1.0,-1.0,1.0,-1.0,-1.0	1.6614805,-0.3628077,0.45355862,-0.051809233,1.6081984,1.0163041,-0.9720801,1.1050177,-2.6311827,-3.0987866,0.5656093,-2.5588489,5.673884,-0.5494122,0.08627081,0.18122108,-8.254502,-0.23144966,0.8265544,1.053918,-1.6215253,0.6341457,-0.045421727,-0.9538479
../data/train_data_mmini/7/Train_0031.jpg	7	1.0,1.0,-1.0,-1.0,1.0,1.0,-1.0,1.0,-1.0,-1.0,1.0,1.0,1.0,1.0,1.0,1.0,-1.0,1.0,1.0,1.0,-1.0,1.0,1.0,-1.0	1.446043,1.236471,-0.18682104,-0.73748714,2.2385306,1.5502301,-0.8239129,0.50779235,-4.350583,-2.737627,0.16803057,0.5932334,8.544388,0.17715591,1.0203475,0.14639679,-11.0069685,1.804354,1.8302113,0.67101794,-1.5837784,0.3180918,0.68824095,-2.974583
../data/train_data_mmini/7/Train_0032.jpg	7	1.0,1.0,1.0,-1.0,-1.0,-1.0,-1.0,-1.0,-1.0,1.0,1.0,-1.0,1.0,-1.0,1.0,1.0,-1.0,1.0,1.0,1.0,1.0,1.0,1.0,1.0	0.5845489,1.1960977,3.2954135,-0.70068777,-3.6650002,-0.73311216,-1.4180101,-1.9921156,-2.357329,0.18565321,0.54939806,-0.3472942,11.521812,-0.33955997,4.652545,0.1521061,-12.09843,0.037202604,1.3133075,2.1748111,0.5461666,1.7637962,3.9644992,3.4464903
../data/train_data_mmini/7/Train_0033.jpg	7	1.0,-1.0,1.0,-1.0,1.0,1.0,-1.0,1.0,-1.0,-1.0,1.0,-1.0,1.0,-1.0,-1.0,1.0,-1.0,-1.0,1.0,-1.0,-1.0,1.0,1.0,-1.0	1.9982373,-3.0947936,0.8960229,-1.9560353,0.8792622,0.08476356,-0.18531919,0.30884773,-2.33282,-3.6862533,0.31090719,-3.478051,4.173174,-0.6730792,-0.7278685,1.1479943,-9.222186,-0.16014557,0.9859825,-1.4885446,-0.25445175,2.2461402,3.2121775,-0.5786342
../data/train_data_mmini/7/Train_0034.jpg	7	-1.0,-1.0,1.0,-1.0,1.0,-1.0,-1.0,-1.0,-1.0,1.0,-1.0,1.0,1.0,-1.0,1.0,1.0,-1.0,-1.0,-1.0,-1.0,1.0,1.0,1.0,1.0	-0.19162062,-0.31694365,3.7830348,-2.5676942,1.3156749,-0.85860527,-1.3860843,-4.4796576,-1.5324241,3.0630038,-1.3387234,2.2270706,6.410638,-4.5207057,1.9370381,1.5474432,-9.005442,-0.4066428,-5.074339,-3.436342,1.2358482,6.8399844,5.3930674,3.3605459
../data/train_data_mmini/8/Train_0035.jpg	8	1.0,1.0,-1.0,-1.0,1.0,-1.0,1.0,1.0,-1.0,1.0,-1.0,-1.0,1.0,1.0,-1.0,1.0,-1.0,1.0,1.0,-1.0,1.0,-1.0,-1.0,1.0	3.406319,2.374368,-0.99994177,-0.3354608,0.65702635,-0.49290127,1.5950167,1.2428428,-0.8555256,0.40822464,-1.1147377,-1.686112,6.624803,0.11735111,-0.6173395,1.561469,-12.728345,2.0725098,0.5900259,-1.4208221,1.1492193,-0.2502255,-1.3715278,0.019393187
../data/train_data_mmini/8/Train_0036.jpg	8	1.0,1.0,-1.0,-1.0,1.0,1.0,-1.0,-1.0,-1.0,-1.0,1.0,-1.0,1.0,-1.0,1.0,1.0,-1.0,1.0,1.0,-1.0,-1.0,1.0,1.0,-1.0	4.366786,1.3373318,-1.7507379,-2.7106042,3.285705,1.5345482,-0.61993265,-0.7283068,-3.8736656,-4.4157443,0.061048348,-3.3227394,7.6130843,-0.7706476,0.68610406,2.4548426,-11.916262,2.3713186,0.75571203,-1.3560442,-1.8673377,1.7419378,0.16411011,-1.8544838
../data/train_data_mmini/8/Train_0037.jpg	8	1.0,1.0,1.0,-1.0,1.0,1.0,-1.0,-1.0,-1.0,-1.0,1.0,1.0,1.0,1.0,1.0,1.0,-1.0,1.0,1.0,-1.0,1.0,1.0,1.0,1.0	2.2570596,0.15642558,0.9642696,-4.018073,1.3409823,1.8901013,-0.3757403,-3.6454134,-2.409295,-2.1810153,0.73702264,0.61647874,11.988598,0.0771941,0.5590804,0.62165684,-10.495408,0.7599144,1.9363858,-1.1651262,0.73831505,3.5830903,4.404893,0.695989
../data/train_data_mmini/8/Train_0038.jpg	8	1.0,1.0,1.0,1.0,1.0,1.0,-1.0,1.0,-1.0,-1.0,-1.0,1.0,1.0,-1.0,1.0,1.0,-1.0,1.0,1.0,1.0,-1.0,1.0,-1.0,-1.0	0.32017636,1.7309483,0.6664632,0.4753776,1.3484014,1.3804519,-0.5743755,0.07123747,-2.964652,-0.059201747,-0.2041639,2.1940112,7.994942,-0.10215909,0.98862606,0.004103851,-9.462977,0.8103205,0.62164927,1.124744,-0.8072,0.5898945,-0.12386077,-1.6195161
../data/train_data_mmini/8/Train_0039.jpg	8	1.0,1.0,-1.0,-1.0,1.0,1.0,1.0,1.0,-1.0,1.0,-1.0,-1.0,1.0,1.0,-1.0,1.0,-1.0,1.0,-1.0,-1.0,1.0,1.0,-1.0,1.0	4.7877636,2.080609,-0.8924996,-1.5713571,1.8028662,0.64190066,2.516389,0.759365,-0.03962733,0.3961508,-0.49933654,-5.2235036,8.652231,0.057407454,-1.5641183,1.1352789,-15.130153,1.9451317,-0.004747058,-2.6271882,1.2482269,0.7631765,-1.1137314,2.199527
../data/train_data_mmini/9/Train_0040.jpg	9	-1.0,1.0,1.0,1.0,1.0,-1.0,-1.0,-1.0,-1.0,1.0,1.0,1.0,1.0,-1.0,1.0,1.0,-1.0,-1.0,-1.0,-1.0,-1.0,1.0,1.0,1.0	-0.3301208,0.67310905,0.973947,0.6039086,0.02428506,-0.50065756,-1.0100614,-0.49937522,-0.12908567,0.7090563,0.5361301,1.2583731,6.207254,-1.487611,0.5733083,0.32810932,-6.8054,-0.23235841,-1.3951257,-0.7492556,-0.59801865,1.8774276,1.3835471,0.2522746
../data/train_data_mmini/9/Train_0041.jpg	9	1.0,-1.0,1.0,-1.0,1.0,1.0,-1.0,1.0,-1.0,-1.0,1.0,-1.0,1.0,-1.0,1.0,1.0,-1.0,1.0,1.0,-1.0,-1.0,1.0,1.0,1.0	0.29472613,-3.2567124,1.1815727,-1.1815176,0.8804277,0.36321697,-1.5547798,0.8134727,-3.2123528,-1.7822704,0.089363895,-2.7291582,5.745599,-2.7555792,1.9659163,0.96170634,-9.822566,1.3686088,0.4923582,-0.9579884,-1.0527116,2.633838,3.7964272,0.48095393
../data/train_data_mmini/9/Train_0042.jpg	9	-1.0,1.0,1.0,1.0,-1.0,-1.0,-1.0,-1.0,1.0,1.0,1.0,1.0,1.0,-1.0,1.0,-1.0,-1.0,-1.0,-1.0,1.0,-1.0,1.0,1.0,1.0	-2.0891519,1.1428366,2.1935022,1.3841515,-1.3176072,-0.012047066,-2.0510898,-1.9482192,0.091313824,2.118962,1.4388287,3.11565,8.468412,-1.3495708,2.2809331,-1.2445639,-5.169538,-0.6791191,-1.3446143,0.8101614,-1.0352938,2.4355116,2.6022937,1.3920184
../data/train_data_mmini/9/Train_0043.jpg	9	1.0,1.0,-1.0,1.0,1.0,-1.0,-1.0,1.0,-1.0,1.0,-1.0,1.0,1.0,-1.0,1.0,1.0,-1.0,1.0,-1.0,-1.0,-1.0,-1.0,-1.0,-1.0	1.5102892,3.0092642,-1.4678133,0.40583438,0.9017616,-1.3221773,-0.87449384,0.85749084,-1.9227002,0.55443347,-1.4811558,1.0958552,5.416781,-1.6635559,1.5358813,2.3293734,-9.055776,2.0187998,-0.42825025,-0.58000034,-0.60108685,-0.14998199,-1.624915,-1.359104
../data/train_data_mmini/9/Train_0044.jpg	9	-1.0,1.0,1.0,1.0,1.0,1.0,1.0,1.0,-1.0,1.0,1.0,-1.0,1.0,1.0,-1.0,-1.0,-1.0,-1.0,-1.0,1.0,-1.0,1.0,-1.0,1.0	-0.940897,0.91981775,3.4528542,0.8765067,2.899401,1.9595474,0.32725513,0.8839125,-1.2496555,0.6894567,0.1865732,-0.85913616,7.75396,0.06004472,-1.077205,-3.5185452,-9.997616,-1.4539217,-1.7655567,1.8876587,-0.7889375,1.1187851,-1.2067566,1.4358001
../data/train_data_mmini/10/Train_0045.jpg	10	1.0,1.0,1.0,-1.0,1.0,1.0,1.0,1.0,-1.0,-1.0,-1.0,-1.0,1.0,1.0,-1.0,1.0,-1.0,1.0,1.0,-1.0,1.0,1.0,-1.0,1.0	5.590584,1.1607186,0.41876695,-3.5266736,1.0136415,0.60993,3.518197,0.22724591,-1.7898737,-0.8917142,-1.4985526,-5.612348,9.886472,2.0809107,-1.7267395,0.6384798,-19.420698,1.539543,1.6484901,-2.3295271,2.7356095,0.24658267,-0.19042903,2.5503528
../data/train_data_mmini/10/Train_0046.jpg	10	-1.0,1.0,1.0,-1.0,1.0,1.0,1.0,-1.0,-1.0,1.0,1.0,1.0,1.0,-1.0,1.0,-1.0,-1.0,-1.0,-1.0,1.0,1.0,1.0,1.0,1.0	-0.27888593,2.0162413,3.3801692,-0.72591805,1.9883825,1.8827499,0.47032872,-2.5724633,-0.16012369,2.1309674,0.0073199463,0.6060247,9.798995,-0.31025228,0.05603647,-2.4140537,-8.222351,-1.1864564,-1.162374,1.4462293,0.058495503,2.6824255,0.35096288,3.4605722
../data/train_data_mmini/10/Train_0047.jpg	10	1.0,1.0,1.0,-1.0,1.0,1.0,1.0,-1.0,-1.0,1.0,-1.0,-1.0,1.0,-1.0,1.0,1.0,-1.0,1.0,-1.0,-1.0,1.0,1.0,-1.0,1.0	3.3697858,4.222556,1.0079099,-2.609683,3.1584778,1.0524334,0.58533585,-1.7725581,-2.7511568,0.48974112,-1.3478398,-0.7394613,11.18134,-0.4799743,0.4088755,0.7837832,-15.541706,1.5033594,-1.4119929,-1.5741731,0.4215766,2.1165266,-0.27610433,1.1022737
../data/train_data_mmini/10/Train_0048.jpg	10	1.0,1.0,1.0,1.0,1.0,1.0,1.0,1.0,-1.0,1.0,-1.0,-1.0,1.0,-1.0,1.0,-1.0,-1.0,-1.0,-1.0,1.0,-1.0,1.0,-1.0,1.0	1.9103398,1.662336,3.9540124,2.0885708,1.1920749,0.33362457,1.9378581,3.115224,-1.5953391,1.9218568,-0.63244146,-7.3874497,5.502142,-0.70122176,0.021078166,-1.7695258,-17.530834,-0.8187965,-4.340883,1.1932254,-0.6785406,0.90575397,-3.0182748,4.4271455
../data/train_data_mmini/10/Train_0049.jpg	10	1.0,1.0,1.0,-1.0,1.0,1.0,1.0,-1.0,-1.0,1.0,-1.0,-1.0,1.0,-1.0,-1.0,1.0,-1.0,1.0,-1.0,-1.0,1.0,1.0,-1.0,1.0	3.461242,2.2347682,0.13978133,-2.3741496,2.1083856,0.5493667,1.9027417,-0.8275902,-0.24730058,0.98320055,-0.87407476,-2.163233,9.472968,-0.28191113,-1.4479511,0.88041914,-14.197153,1.8260769,-0.7345456,-2.95125,1.9375739,1.8869122,-0.14862171,2.1545274
