../data/train_data_mmini/1/Train_0000.jpg	1	-1.0,1.0,1.0,1.0,-1.0,-1.0,1.0,1.0,1.0,1.0,1.0,1.0	-3.883271,4.4515414,8.729971,0.20178215,-2.928131,-1.3114985,6.551453,3.2007723,7.2640767,1.4557018,0.9832562,8.538418
../data/train_data_mmini/1/Train_0001.jpg	1	-1.0,1.0,1.0,-1.0,-1.0,1.0,1.0,-1.0,1.0,1.0,-1.0,1.0	-2.5350904,3.6304953,7.423546,-1.5034109,-4.8140364,3.1977324,2.489784,-0.5966264,6.105015,1.8183677,-3.4928787,8.273496
../data/train_data_mmini/1/Train_0002.jpg	1	1.0,1.0,1.0,-1.0,-1.0,1.0,-1.0,-1.0,1.0,-1.0,-1.0,1.0	3.2344658,1.5585144,2.56567,-3.6248407,-6.9704022,6.7968497,-1.035447,-4.7105474,2.7823427,-0.9273246,-7.7366934,5.1825805
../data/train_data_mmini/1/Train_0003.jpg	1	-1.0,1.0,1.0,1.0,-1.0,-1.0,1.0,1.0,1.0,1.0,1.0,1.0	-5.840094,4.8503475,10.706217,1.1203223,-2.2437353,-3.4397779,8.219382,5.2722507,8.301536,2.7209585,3.5770087,9.167764
../data/train_data_mmini/1/Train_0004.jpg	1	-1.0,1.0,1.0,-1.0,-1.0,-1.0,1.0,1.0,1.0,1.0,-1.0,1.0	-4.0022306,4.929952,8.985895,-0.3071155,-3.3802502,-0.39072305,5.9737954,3.195845,8.163324,1.6515338,-0.3953353,9.7411375
../data/train_data_mmini/2/Train_0005.jpg	2	1.0,1.0,1.0,-1.0,-1.0,1.0,-1.0,-1.0,1.0,1.0,-1.0,1.0	1.7935263,1.228229,4.604075,-3.0804586,-6.815201,4.5929356,-0.015448476,-2.5753086,2.5628786,0.97023034,-5.1581135,4.0684843
../data/train_data_mmini/2/Train_0006.jpg	2	1.0,1.0,1.0,-1.0,-1.0,1.0,1.0,-1.0,1.0,-1.0,-1.0,1.0	3.7807198,1.4812263,3.77467,-2.7815375,-7.178309,4.096306,1.0500683,-2.1090107,2.5528743,-1.0030751,-5.4324694,3.597817
../data/train_data_mmini/2/Train_0007.jpg	2	-1.0,1.0,1.0,1.0,-1.0,-1.0,1.0,1.0,1.0,1.0,1.0,1.0	-6.628513,5.5922036,11.274512,1.7461855,-1.5467299,-4.477457,9.210696,6.6281796,8.973146,2.561535,4.1633244,9.931866
../data/train_data_mmini/2/Train_0008.jpg	2	1.0,1.0,1.0,-1.0,-1.0,1.0,1.0,-1.0,1.0,-1.0,-1.0,1.0	3.2177181,2.6623294,4.9313893,-2.361529,-7.11874,3.570267,2.3270643,-0.65886444,4.5006504,-1.2440412,-4.652575,5.194318
../data/train_data_mmini/2/Train_0009.jpg	2	-1.0,1.0,1.0,-1.0,-1.0,1.0,1.0,1.0,1.0,1.0,-1.0,1.0	-0.004733215,2.8482685,7.337769,-1.1842304,-5.5934024,1.4460241,3.7229836,0.28157905,4.6208286,1.2774093,-1.7517015,5.6473737
../data/train_data_mmini/3/Train_0010.jpg	3	1.0,1.0,1.0,-1.0,-1.0,1.0,1.0,-1.0,1.0,1.0,-1.0,1.0	0.8663746,2.3104773,4.269604,-1.9122969,-4.975075,3.6235456,0.5309174,-0.52359486,3.9629986,0.59030926,-4.4653172,4.354886
../data/train_data_mmini/3/Train_0011.jpg	3	1.0,1.0,1.0,-1.0,-1.0,1.0,-1.0,-1.0,1.0,-1.0,-1.0,1.0	3.6194892,1.5193365,1.413489,-5.320357,-7.154785,10.22649,-4.4033093,-7.0054984,2.7611108,-0.71405673,-11.69482,6.2161684
../data/train_data_mmini/3/Train_0012.jpg	3	1.0,1.0,1.0,-1.0,-1.0,1.0,-1.0,-1.0,1.0,1.0,-1.0,1.0	3.185288,1.0758002,2.7496321,-4.588482,-7.74954,8.525122,-2.9441655,-6.503507,2.2812428,0.5834896,-9.007929,5.375209
../data/train_data_mmini/3/Train_0013.jpg	3	1.0,1.0,1.0,-1.0,-1.0,1.0,-1.0,-1.0,1.0,-1.0,-1.0,1.0	7.5494266,1.1428053,1.8212229,-4.2976713,-9.804862,7.112699,-1.0528094,-5.043443,1.1060442,-2.0802195,-8.399131,2.1321077
../data/train_data_mmini/3/Train_0014.jpg	3	1.0,1.0,1.0,-1.0,-1.0,1.0,1.0,-1.0,1.0,1.0,-1.0,1.0	1.6018616,2.723212,5.688838,-3.051497,-6.987244,4.316571,1.5524004,-1.3742172,4.9349027,0.030983673,-5.584396,6.488619
../data/train_data_mmini/4/Train_0015.jpg	4	1.0,1.0,1.0,-1.0,-1.0,1.0,1.0,-1.0,1.0,-1.0,-1.0,1.0	3.1652622,2.257983,3.6992521,-3.4057178,-7.246856,5.162672,0.49385375,-3.2664328,3.467361,-0.61924076,-6.401559,5.1805177
../data/train_data_mmini/4/Train_0016.jpg	4	1.0,1.0,1.0,-1.0,-1.0,1.0,-1.0,-1.0,1.0,1.0,-1.0,1.0	0.93400055,0.80613047,4.5712223,-2.4663432,-5.7007623,4.1319914,-0.045128945,-2.318087,2.0823786,1.3143604,-3.7308996,3.8551314
../data/train_data_mmini/4/Train_0017.jpg	4	1.0,1.0,1.0,-1.0,-1.0,1.0,-1.0,-1.0,1.0,-1.0,-1.0,1.0	6.1937585,0.17398079,1.1962272,-5.22694,-9.146716,10.03586,-4.3274083,-7.853843,0.23597068,-0.912009,-11.092087,3.2471733
../data/train_data_mmini/4/Train_0018.jpg	4	1.0,1.0,1.0,-1.0,-1.0,1.0,1.0,-1.0,1.0,1.0,-1.0,1.0	0.26422778,2.004599,4.681803,-1.5004786,-4.4920826,2.5374322,1.3022081,-0.39370564,3.7133484,0.7612004,-2.9344065,4.5848937
../data/train_data_mmini/4/Train_0019.jpg	4	1.0,1.0,1.0,-1.0,-1.0,1.0,-1.0,-1.0,1.0,-1.0,-1.0,1.0	4.020756,1.2052792,3.4283621,-3.8453903,-8.039897,6.613863,-1.1750731,-4.0237627,2.2967777,-0.17231332,-7.828588,3.8509526
../data/train_data_mmini/5/Train_0020.jpg	5	-1.0,1.0,1.0,1.0,-1.0,-1.0,1.0,1.0,1.0,1.0,1.0,1.0	-6.5417547,5.0842624,12.064951,0.93530923,-2.753637,-3.2250502,8.451968,5.695569,8.940465,3.405259,3.5912898,9.74318
../data/train_data_mmini/5/Train_0021.jpg	5	1.0,1.0,1.0,-1.0,-1.0,1.0,1.0,-1.0,1.0,-1.0,-1.0,1.0	1.868028,4.0475235,6.972162,-2.6107845,-7.4468417,3.1536305,3.9619358,-0.32590795,6.5622654,-0.9077307,-4.874587,8.407937
../data/train_data_mmini/5/Train_0022.jpg	5	-1.0,1.0,1.0,1.0,-1.0,-1.0,1.0,1.0,1.0,1.0,1.0,1.0	-3.910911,4.7045217,9.706959,0.868528,-2.8445673,-3.2602837,7.7802362,5.362717,7.504938,1.7929584,2.9538755,7.6486325
../data/train_data_mmini/5/Train_0023.jpg	5	-1.0,1.0,1.0,1.0,-1.0,-1.0,1.0,1.0,1.0,1.0,1.0,1.0	-6.324056,5.2899537,11.553978,1.9670662,-1.6797707,-5.347966,9.75659,7.186074,9.003362,2.671811,5.276071,9.271824
../data/train_data_mmini/5/Train_0024.jpg	5	-1.0,1.0,1.0,-1.0,-1.0,1.0,1.0,1.0,1.0,1.0,-1.0,1.0	-1.9165779,4.061721,7.343627,-1.2922933,-4.4634013,1.3107256,4.106431,1.0076432,6.367371,1.1831,-2.093481,8.654775
../data/train_data_mmini/6/Train_0025.jpg	6	1.0,1.0,1.0,-1.0,-1.0,1.0,-1.0,-1.0,1.0,-1.0,-1.0,1.0	4.468204,0.38950148,1.3736182,-4.6435633,-7.600574,8.080396,-3.7871811,-5.6685333,0.5976775,-0.24608667,-9.0756645,3.1095135
../data/train_data_mmini/6/Train_0026.jpg	6	-1.0,1.0,1.0,-1.0,-1.0,1.0,1.0,-1.0,1.0,1.0,-1.0,1.0	-4.3723674,3.9324174,7.915682,-0.95115286,-3.0901434,2.9538043,2.6058793,-0.26307097,6.467079,2.831988,-3.0922875,9.473765
../data/train_data_mmini/6/Train_0027.jpg	6	1.0,1.0,1.0,-1.0,-1.0,1.0,-1.0,-1.0,1.0,1.0,-1.0,1.0	2.1819274,0.98554015,2.4227393,-3.6942596,-6.2269626,7.2511964,-2.8974557,-4.3684716,2.3448033,0.8146526,-7.70606,4.093302
../data/train_data_mmini/6/Train_0028.jpg	6	1.0,1.0,1.0,-1.0,-1.0,1.0,1.0,-1.0,1.0,-1.0,-1.0,1.0	0.3125957,3.6059155,5.274675,-2.3813202,-5.3429837,4.5800567,1.7156887,-1.2920561,5.9643283,-0.63665307,-6.0619364,8.575171
../data/train_data_mmini/6/Train_0029.jpg	6	1.0,-1.0,1.0,-1.0,-1.0,1.0,-1.0,-1.0,-1.0,-1.0,-1.0,1.0	6.7541084,-0.020411149,1.7655143,-3.6804104,-8.647845,5.7556834,-1.2701466,-4.5593114,-0.10238576,-0.619802,-6.0741854,0.21620584
../data/train_data_mmini/7/Train_0030.jpg	7	-1.0,1.0,1.0,-1.0,-1.0,1.0,1.0,-1.0,1.0,1.0,-1.0,1.0	-0.4595137,2.586705,7.418688,-1.4937159,-5.888857,1.7743366,3.3795354,-0.13323493,4.4049897,1.3431176,-2.108927,5.885284
../data/train_data_mmini/7/Train_0031.jpg	7	1.0,1.0,1.0,-1.0,-1.0,1.0,1.0,-1.0,1.0,-1.0,-1.0,1.0	3.3418515,1.824484,5.6624594,-3.1437244,-8.322569,4.603415,1.0427016,-2.1117878,3.6379619,-0.023551835,-5.1440067,4.677042
../data/train_data_mmini/7/Train_0032.jpg	7	1.0,1.0,1.0,-1.0,-1.0,1.0,-1.0,-1.0,1.0,-1.0,-1.0,1.0	6.614519,0.7434141,1.0291344,-6.400029,-9.423785,11.322614,-5.198579,-8.162028,1.2754594,-1.3049953,-12.811231,4.420387
../data/train_data_mmini/7/Train_0033.jpg	7	-1.0,1.0,1.0,-1.0,-1.0,1.0,1.0,1.0,1.0,1.0,-1.0,1.0	-2.9020855,2.5930753,7.174498,-1.0468104,-3.5425391,1.7991107,2.6711156,0.52662873,4.8402076,2.738129,-1.5299017,6.906585
../data/train_data_mmini/7/Train_0034.jpg	7	1.0,1.0,1.0,-1.0,-1.0,1.0,-1.0,-1.0,1.0,-1.0,-1.0,1.0	2.8117568,2.1780078,1.5690653,-5.390438,-6.4499536,9.486444,-4.3257327,-5.0484614,4.0631423,-0.975847,-12.094751,7.3226385
../data/train_data_mmini/8/Train_0035.jpg	8	1.0,1.0,1.0,-1.0,-1.0,1.0,1.0,-1.0,1.0,-1.0,-1.0,1.0	4.2572293,2.3186467,3.8121946,-2.3679342,-6.986696,2.8801525,1.8528031,-1.0991675,2.8736987,-1.1664287,-4.4326754,3.3724592
../data/train_data_mmini/8/Train_0036.jpg	8	1.0,1.0,1.0,-1.0,-1.0,1.0,1.0,-1.0,1.0,1.0,-1.0,1.0	2.6199157,1.5615438,4.6517506,-2.903531,-7.0314293,4.066471,0.6459373,-2.0707154,2.3958175,0.23017786,-4.8524837,4.0180817
../data/train_data_mmini/8/Train_0037.jpg	8	1.0,1.0,1.0,-1.0,-1.0,1.0,-1.0,-1.0,1.0,-1.0,-1.0,1.0	3.4178593,1.8079287,2.900689,-4.7614145,-8.008111,9.761838,-3.7321818,-6.382732,2.7771509,-0.13114281,-11.057625,6.374901
../data/train_data_mmini/8/Train_0038.jpg	8	1.0,1.0,1.0,-1.0,-1.0,1.0,1.0,-1.0,1.0,-1.0,-1.0,1.0	3.855249,2.0805757,4.6720395,-2.9824185,-7.7783546,3.9128594,1.4833426,-1.7654612,3.2468586,-0.5995952,-4.6432543,3.8999724
../data/train_data_mmini/8/Train_0039.jpg	8	1.0,1.0,1.0,-1.0,-1.0,1.0,-1.0,-1.0,1.0,-1.0,-1.0,1.0	6.222156,1.0302615,1.5516098,-3.6525428,-8.299377,6.5321054,-1.7946992,-4.768788,0.65773135,-1.321334,-8.04904,2.1665068
../data/train_data_mmini/9/Train_0040.jpg	9	-1.0,1.0,1.0,-1.0,-1.0,1.0,1.0,1.0,1.0,1.0,-1.0,1.0	-0.20962912,4.1215577,7.493631,-1.9029204,-6.316459,2.6717484,3.9552302,0.20673606,6.522915,0.4457093,-3.8212419,8.570396
../data/train_data_mmini/9/Train_0041.jpg	9	-1.0,1.0,1.0,-1.0,-1.0,1.0,1.0,-1.0,1.0,1.0,-1.0,1.0	-1.3870195,2.552509,6.6122413,-2.2057076,-5.3000174,4.04585,0.8289076,-0.96622527,4.8456078,2.1092834,-4.1787295,6.8809237
../data/train_data_mmini/9/Train_0042.jpg	9	1.0,1.0,1.0,-1.0,-1.0,1.0,-1.0,-1.0,1.0,-1.0,-1.0,1.0	3.5245235,2.4909651,3.6542413,-4.2776923,-8.129087,7.277875,-0.9025334,-4.193088,4.152383,-0.7063031,-8.653861,6.629542
../data/train_data_mmini/9/Train_0043.jpg	9	1.0,1.0,1.0,-1.0,-1.0,1.0,1.0,1.0,1.0,-1.0,-1.0,1.0	1.0678344,3.6051137,7.4426866,-1.6302537,-6.644944,1.05906,4.9996,1.4551381,5.5486345,-0.12708636,-2.3006797,6.3758793
../data/train_data_mmini/9/Train_0044.jpg	9	1.0,1.0,1.0,-1.0,-1.0,1.0,-1.0,-1.0,1.0,-1.0,-1.0,1.0	5.1506157,0.95741713,3.1924486,-4.0413413,-8.746322,6.483981,-1.1532984,-4.591961,1.6487236,-0.1560419,-7.2357025,2.9208949
../data/train_data_mmini/10/Train_0045.jpg	10	1.0,-1.0,-1.0,-1.0,-1.0,1.0,-1.0,-1.0,-1.0,-1.0,-1.0,1.0	7.286863,-0.4127155,-1.0849596,-4.758108,-7.791175,9.299612,-5.1156473,-7.5467815,-1.2011291,-1.1346173,-10.1514015,0.905793
../data/train_data_mmini/10/Train_0046.jpg	10	1.0,-1.0,-1.0,-1.0,-1.0,1.0,-1.0,-1.0,-1.0,-1.0,-1.0,1.0	7.2940607,-0.47641993,-0.8210012,-5.1239495,-8.090301,9.916908,-5.380169,-8.068599,-1.1028651,-1.0404788,-10.823537,1.4440964
../data/train_data_mmini/10/Train_0047.jpg	10	1.0,1.0,1.0,-1.0,-1.0,1.0,-1.0,-1.0,1.0,-1.0,-1.0,1.0	8.450694,0.91227895,0.4530044,-6.2085,-10.360301,10.586502,-4.36888,-7.5482855,0.46800205,-2.0862389,-12.629123,2.9257283
../data/train_data_mmini/10/Train_0048.jpg	10	1.0,-1.0,1.0,-1.0,-1.0,1.0,-1.0,-1.0,-1.0,-1.0,-1.0,1.0	7.9328227,-0.48860183,0.21122243,-4.9756584,-9.324704,8.321927,-3.6704557,-6.6495066,-0.98100466,-0.8954359,-8.728495,0.02872874
../data/train_data_mmini/10/Train_0049.jpg	10	1.0,1.0,1.0,-1.0,-1.0,1.0,-1.0,-1.0,1.0,-1.0,-1.0,1.0	6.416098,1.4076664,1.0019926,-4.5462065,-8.564655,8.283468,-3.0990775,-5.871322,0.9689496,-1.4863225,-10.121945,3.2429616
