../data/train_data_mmini/1/Train_0000.jpg	1	1.0,1.0,-1.0,-1.0,-1.0,-1.0,-1.0,-1.0,-1.0,-1.0,1.0,-1.0,-1.0,1.0,-1.0,1.0,-1.0,-1.0,1.0,1.0,-1.0,-1.0,1.0,1.0	0.3800074,0.19572899,-0.091027394,-0.005153116,-0.21744773,-0.007499499,-0.24916631,-0.08411692,-0.058823258,-0.11902317,0.21598837,-0.028814742,-0.12572193,0.12571666,-0.10832158,0.037242223,-0.014501203,-0.052346457,0.06728142,0.24252534,-0.037978064,-0.019474449,0.06020536,0.12723652
../data/train_data_mmini/1/Train_0001.jpg	1	1.0,1.0,-1.0,1.0,-1.0,-1.0,-1.0,1.0,-1.0,1.0,1.0,1.0,-1.0,1.0,-1.0,1.0,1.0,-1.0,1.0,1.0,-1.0,1.0,-1.0,1.0	0.45826337,0.34074435,-0.24605621,0.055240292,-0.275728,-0.1575715,-0.47709534,0.07088219,-0.0634823,0.15131775,0.22040778,0.018043851,-0.13325116,0.055811785,-0.2583049,0.10573367,0.010829497,-0.012841945,0.022152264,0.35327214,-0.13693625,0.023210643,-0.14963679,0.15192388
../data/train_data_mmini/1/Train_0002.jpg	1	-1.0,1.0,1.0,-1.0,-1.0,1.0,-1.0,-1.0,1.0,1.0,1.0,1.0,-1.0,1.0,-1.0,1.0,1.0,-1.0,-1.0,-1.0,1.0,1.0,1.0,1.0	-0.089339085,0.128191,7.540162e-06,-0.14110622,-0.09911898,0.28708568,-0.26094845,-0.07853438,0.24647509,0.07486463,0.10746014,0.053923167,-0.050339494,0.10968738,-0.1746409,0.044458345,0.28448048,-0.07256108,-0.010441895,-0.10384202,0.14919895,0.045609206,0.099297926,0.30361944
../data/train_data_mmini/1/Train_0003.jpg	1	1.0,1.0,1.0,1.0,-1.0,1.0,-1.0,-1.0,-1.0,-1.0,1.0,-1.0,-1.0,1.0,-1.0,1.0,1.0,-1.0,1.0,1.0,1.0,1.0,1.0,1.0	0.31785604,0.15001701,0.0667018,0.07802148,-0.1891815,0.020262854,-0.09342936,-0.15452798,-0.03276685,-0.18523246,0.09972525,-0.08290478,-0.2668024,0.009189702,-0.100525826,0.018589936,0.059246335,-0.05519994,0.038459677,0.25758076,0.010955983,0.0045426176,0.101682775,0.06329158
../data/train_data_mmini/1/Train_0004.jpg	1	1.0,1.0,1.0,1.0,-1.0,1.0,1.0,-1.0,1.0,-1.0,-1.0,1.0,-1.0,-1.0,-1.0,-1.0,1.0,1.0,1.0,1.0,1.0,1.0,1.0,1.0	0.14813203,0.12944098,0.32620955,0.10453228,-0.1536754,0.081945494,0.19876182,-0.3035196,0.13391672,-0.30253765,-0.079526305,0.01606088,-0.29616335,-0.19611856,-0.046635713,-0.07441461,0.14687835,0.02242976,0.02432156,0.21548426,0.24225765,0.024014054,0.24041744,0.040143237
../data/train_data_mmini/2/Train_0005.jpg	2	1.0,1.0,-1.0,1.0,-1.0,1.0,-1.0,1.0,1.0,1.0,1.0,-1.0,-1.0,1.0,-1.0,-1.0,-1.0,-1.0,1.0,1.0,-1.0,-1.0,-1.0,1.0	0.38713712,0.18972136,-0.12238133,0.16485238,-0.16511616,0.013827594,-0.3362849,0.05361359,0.021381013,0.105692156,0.17159748,-0.043907702,-0.05107436,0.25173068,-0.28987885,-0.0047341757,-0.10934909,-0.17873591,0.02562702,0.32874316,-0.06772029,-0.036564484,-0.23669776,0.30612367
../data/train_data_mmini/2/Train_0006.jpg	2	-1.0,1.0,-1.0,1.0,-1.0,-1.0,-1.0,1.0,1.0,-1.0,1.0,1.0,1.0,1.0,-1.0,1.0,-1.0,-1.0,1.0,-1.0,-1.0,-1.0,-1.0,1.0	-0.008154321,0.8185394,-0.8686796,0.12936094,-0.17192455,-0.61311364,-1.0578675,0.49141896,0.47516656,-0.023257546,0.3456789,0.12272288,0.14544779,0.21442056,-0.2109752,0.3687156,-0.02181622,-0.19493018,0.31998682,-0.18297714,-0.07521655,-0.1873728,-0.4599596,0.17278367
../data/train_data_mmini/2/Train_0007.jpg	2	-1.0,1.0,1.0,1.0,-1.0,1.0,1.0,-1.0,1.0,-1.0,-1.0,-1.0,-1.0,-1.0,-1.0,-1.0,1.0,1.0,1.0,1.0,1.0,1.0,1.0,1.0	-0.0043107364,0.043393057,0.47540087,0.10531396,-0.1251709,0.12361781,0.30825862,-0.33495754,0.16076148,-0.32490107,-0.17538993,-0.11612333,-0.3032488,-0.09964887,-0.07012248,-0.13831209,0.07518936,0.015685957,0.00017817784,0.14365941,0.1935028,0.019622026,0.3739891,0.043713503
../data/train_data_mmini/2/Train_0008.jpg	2	-1.0,1.0,-1.0,-1.0,-1.0,-1.0,-1.0,1.0,1.0,1.0,1.0,-1.0,-1.0,1.0,-1.0,1.0,1.0,-1.0,1.0,1.0,1.0,-1.0,-1.0,1.0	-0.1973918,0.1503684,-0.050961256,-0.11837885,-0.17371888,-0.10055491,-0.21015336,0.19900446,0.4150689,0.015238203,0.1251405,-0.28714195,-0.081210405,0.04625208,-0.16827554,0.31446838,0.09205636,-0.3292135,0.0030506598,0.16888559,0.28928766,-0.1653117,-0.012736979,0.061730992
../data/train_data_mmini/2/Train_0009.jpg	2	1.0,1.0,-1.0,1.0,-1.0,-1.0,-1.0,1.0,-1.0,1.0,1.0,1.0,1.0,1.0,-1.0,1.0,-1.0,-1.0,1.0,1.0,-1.0,-1.0,-1.0,1.0	0.6044005,0.41451442,-0.5220379,0.1823721,-0.11634672,-0.44845796,-0.7558769,0.084502295,-0.23711485,0.13651444,0.51601696,0.25083828,0.0012488626,0.5371947,-0.10812509,0.10146993,-0.017428678,-0.092361175,0.29087248,0.2736101,-0.24594852,-0.24780424,-0.3818309,0.08516431
../data/train_data_mmini/3/Train_0010.jpg	3	-1.0,1.0,1.0,-1.0,-1.0,-1.0,-1.0,-1.0,1.0,1.0,1.0,1.0,-1.0,-1.0,-1.0,1.0,1.0,1.0,-1.0,-1.0,1.0,-1.0,1.0,1.0	-0.59543693,0.028826293,0.02570197,-0.021021616,-0.09024194,-0.17033951,-0.24745212,-0.015165464,0.74905187,0.12897496,0.07825406,0.18433249,-0.003209982,-0.30354202,-0.39816952,0.58878624,0.6201489,0.07660081,-0.23405473,-0.3007018,0.5664903,-0.24130781,0.2450964,0.03136112
../data/train_data_mmini/3/Train_0011.jpg	3	1.0,-1.0,1.0,-1.0,1.0,1.0,1.0,-1.0,-1.0,1.0,-1.0,1.0,-1.0,-1.0,-1.0,-1.0,1.0,1.0,-1.0,1.0,1.0,1.0,1.0,1.0	0.43853623,-0.028053937,0.5025197,-0.12538981,0.04748687,0.45228133,0.2355881,-0.6449074,-0.20887138,0.10430517,-0.2777052,0.11492193,-0.27245215,-0.049405195,-0.11076403,-0.12936965,0.16803962,0.21163256,-0.049878817,0.5302875,0.11798288,0.14649883,0.088063106,0.22975014
../data/train_data_mmini/3/Train_0012.jpg	3	1.0,1.0,-1.0,1.0,-1.0,1.0,-1.0,-1.0,-1.0,1.0,-1.0,1.0,1.0,-1.0,-1.0,-1.0,-1.0,1.0,1.0,1.0,-1.0,1.0,-1.0,1.0	0.9226164,0.5716678,-0.0051983,0.13741785,-0.1836046,0.19538139,-0.3017455,-0.86568,-0.3513228,0.0397818,-0.13489726,0.45188814,0.07271752,-0.07654794,-0.16371837,-0.5131801,-0.16404614,0.573782,0.33102435,0.40276262,-0.29304376,0.12297517,-0.055918943,0.6824944
../data/train_data_mmini/3/Train_0013.jpg	3	-1.0,1.0,-1.0,1.0,-1.0,-1.0,-1.0,1.0,1.0,-1.0,-1.0,-1.0,-1.0,-1.0,-1.0,1.0,-1.0,-1.0,1.0,-1.0,1.0,-1.0,-1.0,1.0	-0.23855942,0.4630968,-0.7038397,0.15265805,-0.29168382,-0.33623314,-0.6284159,0.53482443,0.674064,-0.056232415,-0.0019860107,-0.05311265,-0.052303378,-0.0990557,-0.107336074,0.26466557,-0.035714608,-0.49006847,0.18899047,-0.115487486,0.22383794,-0.19746727,-0.42983526,0.12219168
../data/train_data_mmini/3/Train_0014.jpg	3	1.0,1.0,-1.0,1.0,-1.0,-1.0,-1.0,-1.0,1.0,1.0,1.0,1.0,-1.0,1.0,-1.0,-1.0,1.0,-1.0,1.0,1.0,1.0,-1.0,-1.0,1.0	0.11376929,0.18931766,-0.055993155,0.14431572,-0.04603514,-0.08078125,-0.26036665,-0.07153486,0.17460643,0.015630074,0.026291342,0.0720672,-0.066779524,0.14816205,-0.10742867,-0.0079125045,0.045718435,-0.05694214,0.16727924,0.14429536,0.070664145,-0.10661517,-0.06988943,0.13776761
../data/train_data_mmini/4/Train_0015.jpg	4	1.0,1.0,-1.0,1.0,-1.0,1.0,-1.0,-1.0,1.0,-1.0,-1.0,-1.0,-1.0,1.0,-1.0,-1.0,1.0,-1.0,1.0,1.0,-1.0,-1.0,1.0,1.0	0.06308038,0.24076249,-0.042451292,0.0667149,-0.14144213,0.092227206,-0.13463259,-0.055873886,0.24423823,-0.093829,-0.24147126,-0.012068281,-0.15450463,0.051864915,-0.21737276,-0.2737917,0.0032636784,-0.09367394,0.1517726,0.016743721,-0.069595,-0.05335425,0.11239473,0.19909543
../data/train_data_mmini/4/Train_0016.jpg	4	1.0,1.0,-1.0,-1.0,-1.0,1.0,-1.0,1.0,-1.0,1.0,1.0,-1.0,-1.0,1.0,-1.0,1.0,-1.0,-1.0,1.0,1.0,-1.0,1.0,-1.0,1.0	0.41874534,0.073262975,-0.06402586,-0.046082836,-0.33125332,0.010201411,-0.24601449,0.1220987,-0.36329556,0.25765622,0.1562925,-0.34176147,-0.051146735,0.26624236,-0.17217833,0.18113336,-0.20188642,-0.2669305,0.008906771,0.7715701,-0.1538238,0.10950792,-0.18217154,0.10707442
../data/train_data_mmini/4/Train_0017.jpg	4	1.0,1.0,-1.0,1.0,-1.0,-1.0,-1.0,1.0,1.0,1.0,1.0,1.0,1.0,1.0,-1.0,1.0,1.0,-1.0,1.0,-1.0,-1.0,1.0,-1.0,1.0	0.45961043,0.8728649,-1.1257553,0.17103182,-0.2707637,-0.50097644,-1.420438,0.25233632,0.054239973,0.38062388,0.14705895,0.5441271,0.21783096,0.3364581,-0.3288716,0.32728434,0.03629217,-0.01649252,0.1603143,-0.13182661,-0.34690177,0.027312009,-0.5512877,0.22254115
../data/train_data_mmini/4/Train_0018.jpg	4	1.0,1.0,-1.0,1.0,-1.0,-1.0,-1.0,-1.0,1.0,-1.0,1.0,1.0,1.0,1.0,-1.0,1.0,1.0,1.0,-1.0,-1.0,-1.0,-1.0,-1.0,1.0	0.16802216,0.297301,-0.16443613,0.11637903,-0.04173349,-0.10692203,-0.29106775,-0.0259514,0.30296627,-0.034611307,0.15232128,0.22953387,0.022704419,0.10968029,-0.31452382,0.09908038,0.09040187,0.08734084,-0.04265174,-0.16102201,-0.044504225,-0.079217374,-0.015725782,0.3221029
../data/train_data_mmini/4/Train_0019.jpg	4	-1.0,1.0,-1.0,1.0,-1.0,-1.0,-1.0,1.0,1.0,-1.0,-1.0,-1.0,-1.0,-1.0,-1.0,1.0,-1.0,-1.0,1.0,1.0,1.0,-1.0,-1.0,-1.0	-0.27509797,0.43766654,-0.44580203,0.2076062,-0.11699088,-0.31801164,-0.43878523,0.5138492,0.5156912,-0.18886763,-0.23239277,-0.2604994,-0.36909947,-0.005175643,-0.024951546,0.11421656,-0.006139215,-0.3943965,0.28564346,0.01473281,0.22033043,-0.09454447,-0.5064918,-0.048959754
../data/train_data_mmini/5/Train_0020.jpg	5	1.0,1.0,1.0,1.0,-1.0,1.0,-1.0,-1.0,1.0,-1.0,1.0,1.0,-1.0,1.0,-1.0,-1.0,1.0,1.0,-1.0,1.0,1.0,1.0,1.0,1.0	0.23028262,0.26981512,0.15150262,0.13461994,-0.2194352,0.014569851,-0.104061455,-0.19989209,0.0922778,-0.12596178,0.11731051,0.05736114,-0.18106571,0.035490073,-0.18607596,-0.0049954266,0.1918488,0.007681544,-0.030283134,0.17797264,0.04434342,0.10252926,0.21112764,0.12563002
../data/train_data_mmini/5/Train_0021.jpg	5	1.0,1.0,1.0,1.0,-1.0,1.0,-1.0,-1.0,1.0,-1.0,-1.0,-1.0,-1.0,1.0,-1.0,-1.0,-1.0,-1.0,1.0,1.0,1.0,-1.0,-1.0,1.0	0.21949445,0.17360923,0.04301116,0.12852342,-0.025798261,0.069799736,-0.091725364,-0.045801744,0.14273368,-0.20495453,-0.030512793,-0.058688432,-0.29633328,0.08526429,-0.03756031,-0.1482498,-0.040494043,-0.22346264,0.088044114,0.1008029,0.07225337,-0.17815377,-0.08136261,0.14605659
../data/train_data_mmini/5/Train_0022.jpg	5	1.0,1.0,1.0,1.0,-1.0,-1.0,1.0,-1.0,1.0,-1.0,1.0,-1.0,-1.0,1.0,-1.0,-1.0,1.0,-1.0,1.0,1.0,1.0,1.0,1.0,1.0	0.07462547,0.20289952,0.12909861,0.121076114,-0.19797453,-0.091125816,0.01062152,-0.163235,0.17343652,-0.194558,0.07548204,-0.174572,-0.22045806,0.06375881,-0.1509538,-0.033180617,0.034601282,-0.03427011,0.04890785,0.24160722,0.050542258,0.022863118,0.16727073,0.03671533
../data/train_data_mmini/5/Train_0023.jpg	5	1.0,1.0,1.0,1.0,-1.0,-1.0,-1.0,-1.0,1.0,-1.0,1.0,1.0,-1.0,1.0,-1.0,-1.0,1.0,1.0,-1.0,1.0,1.0,-1.0,1.0,1.0	0.17523278,0.23427242,0.09078257,0.099859424,-0.07364841,-0.10037285,-0.09692033,-0.19600905,0.10254381,-0.20355746,0.112551495,0.07586086,-0.16500783,0.10397742,-0.05894297,-0.09574567,0.12487119,0.09818595,-0.009033765,0.014611157,0.0067782337,-0.03901106,0.17598356,0.046867505
../data/train_data_mmini/5/Train_0024.jpg	5	1.0,1.0,1.0,1.0,1.0,1.0,1.0,-1.0,1.0,-1.0,-1.0,1.0,-1.0,-1.0,-1.0,-1.0,1.0,1.0,1.0,-1.0,1.0,-1.0,1.0,1.0	0.17153825,0.074995995,0.6236682,0.1746374,0.01117818,0.45989016,0.41400883,-0.5773336,0.07926096,-0.3596088,-0.27092686,0.15106915,-0.20955515,-0.2087535,-0.08580455,-0.3206264,0.13771905,0.06290627,0.1914322,-0.06580418,0.2226473,-0.05924225,0.28988513,0.26315078
../data/train_data_mmini/6/Train_0025.jpg	6	1.0,1.0,1.0,1.0,-1.0,1.0,1.0,-1.0,1.0,1.0,-1.0,1.0,-1.0,-1.0,1.0,-1.0,1.0,-1.0,1.0,1.0,1.0,1.0,-1.0,1.0	0.0802771,0.0021094438,0.46301237,0.10384743,-0.12482157,0.37066898,0.38687912,-0.4525497,0.08916228,0.001776434,-0.3905141,0.11523473,-0.10147101,-0.21188547,0.011342051,-0.079894096,0.24427924,-0.10288196,0.2197506,0.19322789,0.29007939,0.033289462,-0.036024686,0.2184151
../data/train_data_mmini/6/Train_0026.jpg	6	1.0,1.0,-1.0,1.0,-1.0,-1.0,-1.0,1.0,1.0,1.0,1.0,1.0,1.0,1.0,-1.0,1.0,1.0,1.0,-1.0,-1.0,-1.0,-1.0,-1.0,1.0	0.29939705,0.42276463,-0.5121394,0.15706235,-0.12176348,-0.40514877,-0.76578176,0.09098579,0.2611652,0.044286795,0.18485624,0.51448894,0.07425219,0.08259424,-0.26692665,0.32478756,0.20489028,0.060225036,-0.02343167,-0.14400494,-0.107999556,-0.15335163,-0.0037824162,0.04940796
../data/train_data_mmini/6/Train_0027.jpg	6	1.0,1.0,1.0,1.0,-1.0,-1.0,-1.0,-1.0,-1.0,1.0,1.0,1.0,-1.0,1.0,-1.0,1.0,1.0,1.0,-1.0,1.0,1.0,-1.0,-1.0,1.0	0.4640356,0.20649466,0.21252394,0.05189574,-0.053147778,-0.13609388,-0.22992305,-0.2691533,-0.16326909,0.30292815,0.35040978,0.16257744,-0.13318309,0.29995608,-0.30939686,0.1742643,0.23245947,0.09163772,-0.090797015,0.5354488,0.03283368,-0.02083561,-0.07645635,0.19217156
../data/train_data_mmini/6/Train_0028.jpg	6	1.0,-1.0,1.0,-1.0,-1.0,1.0,1.0,-1.0,1.0,-1.0,-1.0,-1.0,-1.0,-1.0,-1.0,1.0,1.0,-1.0,-1.0,1.0,1.0,1.0,1.0,1.0	0.07570825,-0.074125655,0.44713432,-0.037959885,-0.10553798,0.27059367,0.30801392,-0.17832284,0.101697646,-0.10460963,-0.09983134,-0.15478618,-0.2005932,-0.02255831,-0.05142289,0.13653375,0.11426546,-0.09555287,-0.0028221859,0.27865708,0.3787909,0.05297956,0.2009279,0.054110505
../data/train_data_mmini/6/Train_0029.jpg	6	-1.0,1.0,-1.0,1.0,-1.0,-1.0,-1.0,-1.0,1.0,1.0,1.0,1.0,1.0,-1.0,-1.0,1.0,1.0,-1.0,1.0,-1.0,1.0,-1.0,-1.0,1.0	-0.1864311,0.24328455,-0.4164521,0.11039343,-0.15404947,-0.24747214,-0.5420761,-0.01545106,0.3522418,0.06700752,0.08079317,0.12934104,0.13041282,-0.019213133,-0.055108007,0.0719286,0.16593714,-0.19933145,0.11190321,-0.12867662,0.049920034,-0.15827422,-0.12444707,0.22429
../data/train_data_mmini/7/Train_0030.jpg	7	1.0,1.0,-1.0,1.0,-1.0,-1.0,-1.0,1.0,-1.0,1.0,1.0,-1.0,-1.0,1.0,-1.0,-1.0,-1.0,-1.0,1.0,1.0,-1.0,-1.0,-1.0,1.0	0.7094609,0.43741497,-0.44351166,0.24317041,-0.27656588,-0.36808527,-0.59176844,0.120267674,-0.43543956,0.11368295,0.2820257,-0.23861308,-0.14495033,0.47114882,-0.20173033,-0.011786637,-0.35855982,-0.23197345,0.24889898,0.7587998,-0.42448026,-0.060231864,-0.511475,0.19558515
../data/train_data_mmini/7/Train_0031.jpg	7	1.0,1.0,-1.0,1.0,-1.0,-1.0,-1.0,1.0,1.0,1.0,1.0,1.0,1.0,1.0,-1.0,1.0,1.0,-1.0,1.0,-1.0,-1.0,-1.0,-1.0,1.0	0.24509206,0.48074964,-0.6407439,0.23054798,-0.34878796,-0.25691354,-0.7384077,0.012976511,0.3384609,0.07872669,0.18662126,0.48904434,0.27207565,0.12516038,-0.21863437,0.2028356,0.034090023,-0.053416256,0.16372639,-0.033422858,-0.18577641,-0.15549624,-0.17648187,0.17791238
../data/train_data_mmini/7/Train_0032.jpg	7	1.0,1.0,1.0,1.0,-1.0,1.0,-1.0,-1.0,-1.0,1.0,1.0,1.0,-1.0,1.0,-1.0,-1.0,-1.0,-1.0,1.0,1.0,-1.0,-1.0,-1.0,1.0	0.60988766,0.15234779,0.060506076,0.036006752,-0.045352027,0.2408656,-0.20996083,-0.19675012,-0.16215302,0.24946266,0.08245145,0.36266026,-0.08808184,0.35461944,-0.2310752,-0.04586901,-0.06641453,-0.18156579,0.18048012,0.20921889,-0.014392447,-0.18193407,-0.20161138,0.49075058
../data/train_data_mmini/7/Train_0033.jpg	7	1.0,1.0,-1.0,1.0,-1.0,-1.0,-1.0,-1.0,-1.0,-1.0,1.0,1.0,1.0,1.0,-1.0,-1.0,-1.0,1.0,1.0,1.0,-1.0,-1.0,-1.0,1.0	0.64506894,0.2795636,-0.10185613,0.18141937,-0.12658915,-0.05237266,-0.38198736,-0.187113,-0.18651521,-0.00078686373,0.3983339,0.24755783,0.005782988,0.41790363,-0.23790754,-0.026042178,-0.0027033873,0.18459485,0.20610806,0.16565776,-0.19770655,-0.049635038,-0.029949265,0.30471897
../data/train_data_mmini/7/Train_0034.jpg	7	1.0,-1.0,1.0,-1.0,1.0,1.0,1.0,-1.0,1.0,-1.0,-1.0,-1.0,-1.0,-1.0,-1.0,-1.0,1.0,-1.0,-1.0,1.0,1.0,1.0,1.0,1.0	0.027977157,-0.48821178,1.493584,-0.1422577,0.11654509,0.63513416,1.530027,-1.1610969,0.04722336,-0.10460787,-0.7218617,-0.20303617,-0.5849238,-0.33656225,-0.13380535,-0.16131368,0.5934947,-0.009582196,-0.108516715,0.35935408,0.88795644,0.046727,0.30505076,0.17814536
../data/train_data_mmini/8/Train_0035.jpg	8	1.0,1.0,-1.0,1.0,-1.0,-1.0,-1.0,-1.0,1.0,-1.0,1.0,1.0,1.0,1.0,-1.0,1.0,-1.0,-1.0,1.0,1.0,-1.0,-1.0,-1.0,1.0	0.27977383,0.23679486,-0.15892851,0.16146879,-0.15773197,-0.19773507,-0.36907306,-0.024300173,0.03643114,-0.004614674,0.19647114,0.089048296,0.035243656,0.2291222,-0.10315722,0.041173417,-0.020557176,-0.14961194,0.15290534,0.160564,-0.09582606,-0.21089527,-0.1573034,0.086496584
../data/train_data_mmini/8/Train_0036.jpg	8	1.0,1.0,-1.0,1.0,-1.0,-1.0,-1.0,-1.0,1.0,-1.0,1.0,1.0,1.0,1.0,-1.0,1.0,1.0,-1.0,1.0,1.0,-1.0,-1.0,-1.0,1.0	0.1771252,0.23347929,-0.16240901,0.25227192,-0.13989477,-0.09102371,-0.2801795,-0.10170026,0.16283216,-0.018709444,0.065049484,0.2586711,0.02170771,0.17468578,-0.19102338,0.0639332,0.112704255,-0.024118725,0.26555008,0.08680001,-0.031202594,-0.09311929,-0.11466175,0.17416705
../data/train_data_mmini/8/Train_0037.jpg	8	1.0,1.0,1.0,1.0,-1.0,1.0,-1.0,-1.0,1.0,1.0,-1.0,1.0,-1.0,1.0,-1.0,1.0,1.0,-1.0,1.0,1.0,1.0,-1.0,1.0,1.0	0.2021362,0.1261884,0.008042231,0.1892153,-0.07200608,0.039894927,-0.25394025,-0.107024476,0.15624644,0.05808223,-0.14740781,0.30292824,-0.19263458,0.020008154,-0.23356555,0.014559845,0.09063359,-0.005267401,0.0072255777,0.09067708,0.072694,-0.11279704,0.05657683,0.08710302
../data/train_data_mmini/8/Train_0038.jpg	8	1.0,1.0,-1.0,1.0,-1.0,-1.0,-1.0,1.0,1.0,1.0,1.0,-1.0,-1.0,1.0,-1.0,1.0,-1.0,-1.0,1.0,1.0,1.0,-1.0,-1.0,1.0	0.15542941,0.20654166,-0.15863325,0.039995108,-0.24516961,-0.15160212,-0.2535691,0.041492894,0.09465993,0.051488616,0.18155421,-0.16359839,-0.02203158,0.27095568,-0.14582095,0.1275187,-0.012970913,-0.3041379,0.0044231163,0.34936255,0.06645335,-0.031068387,-0.13838503,0.042805463
../data/train_data_mmini/8/Train_0039.jpg	8	1.0,1.0,-1.0,1.0,-1.0,-1.0,-1.0,-1.0,1.0,1.0,1.0,1.0,1.0,1.0,-1.0,-1.0,1.0,-1.0,1.0,1.0,-1.0,-1.0,-1.0,1.0	0.3100763,0.2771957,-0.17012751,0.28205672,-0.14619331,-0.12977245,-0.39078182,-0.09811588,0.018303595,0.022280402,0.16550319,0.24102788,0.022202637,0.15121159,-0.18123317,-0.041816115,0.010489274,-0.024508018,0.15299037,0.14122885,-0.15700755,-0.15504232,-0.18489002,0.25634843
../data/train_data_mmini/9/Train_0040.jpg	9	1.0,1.0,1.0,1.0,-1.0,1.0,1.0,-1.0,1.0,-1.0,-1.0,-1.0,-1.0,-1.0,-1.0,-1.0,-1.0,-1.0,1.0,1.0,1.0,-1.0,1.0,1.0	0.075575076,0.14451152,0.18133795,0.16115625,-0.088348,0.09768982,0.00722258,-0.13725518,0.24722742,-0.27283522,-0.18593355,-0.07350616,-0.34319854,-0.08175748,-0.12257287,-0.09927786,-0.005003419,-0.14256224,0.076411165,0.11045495,0.15153736,-0.083722144,0.13130914,0.06080889
../data/train_data_mmini/9/Train_0041.jpg	9	1.0,1.0,1.0,1.0,-1.0,1.0,-1.0,-1.0,-1.0,1.0,1.0,1.0,-1.0,1.0,-1.0,1.0,1.0,1.0,1.0,1.0,1.0,1.0,1.0,1.0	0.36179847,0.19248046,0.15161066,0.19995962,-0.24675138,0.04493426,-0.10980779,-0.22752495,-0.07670164,0.09710499,0.14569668,0.29026425,-0.07389188,0.057276912,-0.23707597,0.036128785,0.12698795,0.19336632,0.028941873,0.26692405,0.0376332,0.103581786,0.032103736,0.28900155
../data/train_data_mmini/9/Train_0042.jpg	9	-1.0,1.0,1.0,1.0,-1.0,1.0,1.0,-1.0,1.0,-1.0,-1.0,1.0,-1.0,-1.0,-1.0,-1.0,1.0,-1.0,1.0,-1.0,1.0,1.0,1.0,1.0	-0.22117008,0.054082893,0.46787298,0.08803952,-0.05837661,0.44110134,0.30760223,-0.3536515,0.47101164,-0.23236716,-0.5025087,0.057431437,-0.3357731,-0.4535546,-0.09007892,-0.25008124,0.19331595,-0.016405303,0.027363736,-0.15551984,0.31179312,0.010191529,0.34551358,0.15650669
../data/train_data_mmini/9/Train_0043.jpg	9	-1.0,1.0,-1.0,1.0,-1.0,-1.0,-1.0,1.0,1.0,-1.0,1.0,-1.0,-1.0,1.0,-1.0,1.0,1.0,-1.0,1.0,1.0,1.0,-1.0,-1.0,1.0	-0.0038688409,0.29625532,-0.18878713,0.17108357,-0.10127339,-0.2316519,-0.35003212,0.15155281,0.35359457,-0.12094735,0.15263627,-0.020549448,-0.1610952,0.13730037,-0.19379716,0.05974994,0.06320375,-0.25586733,0.043797288,0.08075738,0.056547597,-0.15533768,-0.044183318,0.12582918
../data/train_data_mmini/9/Train_0044.jpg	9	1.0,1.0,-1.0,1.0,-1.0,-1.0,-1.0,1.0,1.0,1.0,1.0,1.0,1.0,-1.0,-1.0,1.0,1.0,-1.0,1.0,-1.0,-1.0,-1.0,-1.0,1.0	0.16879648,0.40325764,-0.2909718,0.266355,-0.19367197,-0.10364249,-0.5381629,0.0049055656,0.22383834,0.07857213,0.06314181,0.27862757,0.0039965473,-0.019656114,-0.18513614,0.044418428,0.10895573,-0.15833518,0.2179955,-0.021770833,-0.10182796,-0.13453977,-0.148676,0.13386266
../data/train_data_mmini/10/Train_0045.jpg	10	1.0,1.0,-1.0,1.0,-1.0,-1.0,-1.0,-1.0,1.0,1.0,-1.0,1.0,1.0,1.0,-1.0,-1.0,1.0,-1.0,1.0,1.0,-1.0,-1.0,-1.0,1.0	0.25121137,0.025901489,-0.090738796,0.26094007,-0.008166582,-0.03514355,-0.26612097,-0.11986731,0.087328546,0.2986307,-0.04037775,0.46643266,0.13161129,0.29038486,-0.10276967,-0.045718294,0.021537442,-0.06145807,0.15947959,0.1646916,-0.025697403,-0.25858083,-0.2508194,0.13645977
../data/train_data_mmini/10/Train_0046.jpg	10	-1.0,1.0,1.0,-1.0,-1.0,1.0,-1.0,-1.0,1.0,1.0,1.0,1.0,-1.0,1.0,-1.0,1.0,1.0,-1.0,-1.0,1.0,1.0,1.0,-1.0,1.0	-0.0016363413,0.064615056,0.10755802,-0.07125445,-0.032569826,0.30721837,-0.22431137,-0.097521946,0.10917255,0.31488168,0.032896727,0.035547115,-0.026813868,0.13898481,-0.10752532,0.15407446,0.21811242,-0.12041814,-0.024225216,0.14772943,0.20997186,0.0134884855,-0.084694624,0.1844297
../data/train_data_mmini/10/Train_0047.jpg	10	-1.0,-1.0,1.0,1.0,-1.0,1.0,1.0,-1.0,1.0,1.0,-1.0,1.0,-1.0,1.0,-1.0,-1.0,1.0,-1.0,1.0,1.0,1.0,-1.0,-1.0,1.0	-0.03963393,-0.14064983,0.19086257,0.06781717,-0.071595624,0.19706343,0.077578366,-0.13170777,0.38273308,0.15069172,-0.21216895,0.13362403,-0.123788774,0.08237808,-0.113343015,-0.029554589,0.18518665,-0.23071331,0.11507518,0.10824028,0.2578638,-0.1697241,-0.028542431,0.0972594
../data/train_data_mmini/10/Train_0048.jpg	10	1.0,1.0,1.0,1.0,-1.0,1.0,1.0,-1.0,-1.0,1.0,-1.0,1.0,-1.0,1.0,1.0,-1.0,1.0,1.0,1.0,1.0,1.0,-1.0,-1.0,1.0	0.20866016,0.0074217618,0.5015471,0.2244986,-0.17112386,0.28950915,0.28958836,-0.64897436,-0.17482193,0.1029732,-0.13265222,0.11441166,-0.01612455,0.088603355,0.108670324,-0.29740876,0.12954462,0.020435374,0.256648,0.40390798,0.11275741,-0.013081581,-0.13257991,0.301805
../data/train_data_mmini/10/Train_0049.jpg	10	1.0,1.0,1.0,1.0,-1.0,1.0,-1.0,-1.0,1.0,1.0,-1.0,1.0,-1.0,1.0,-1.0,1.0,1.0,-1.0,1.0,1.0,1.0,-1.0,-1.0,1.0	0.12173019,0.09292185,0.044152513,0.17004701,-0.05753246,0.019170852,-0.18256314,-0.15580527,0.19894828,0.10597745,-0.10633434,0.18362974,-0.009277288,0.10777026,-0.10776162,0.025118914,0.071056865,-0.110520594,0.12113363,0.0412423,0.036741793,-0.17839162,-0.06026775,0.09152324
