../data/train_data_mmini/1/Train_0000.jpg	1	1.0,1.0,-1.0,-1.0,-1.0,1.0,1.0,-1.0,1.0,-1.0,1.0,-1.0,1.0,-1.0,1.0,-1.0,1.0,-1.0,1.0,1.0,-1.0,-1.0,1.0,1.0	0.6287484,1.3128023,-0.7649278,-0.5893182,-0.24514955,0.80160725,0.30321202,-0.63339,0.23490137,-0.48868448,0.28531218,-1.0030533,0.44576284,-0.89068323,0.43858036,-0.051672272,0.5281317,-0.46833175,0.3589907,0.4246751,-0.5837841,-1.5691706,0.17364213,0.6208398
../data/train_data_mmini/1/Train_0001.jpg	1	1.0,1.0,-1.0,-1.0,-1.0,1.0,1.0,-1.0,-1.0,1.0,1.0,-1.0,-1.0,1.0,1.0,-1.0,1.0,-1.0,1.0,-1.0,-1.0,-1.0,-1.0,1.0	0.32127535,0.09992127,-0.04701859,-0.14784361,-0.0968474,0.7392052,0.15500897,-0.6658147,-0.1983917,0.026357014,0.237501,-0.88044274,-0.05738302,0.15491773,0.2238339,-0.10050746,0.33305946,-0.07722823,0.29356518,-0.07626566,-0.65973276,-0.85562336,-0.22595222,0.5794538
../data/train_data_mmini/1/Train_0002.jpg	1	-1.0,-1.0,1.0,1.0,1.0,1.0,-1.0,-1.0,-1.0,1.0,1.0,-1.0,-1.0,1.0,1.0,-1.0,1.0,1.0,1.0,-1.0,-1.0,1.0,-1.0,-1.0	-0.10268755,-1.067836,0.74067116,0.4192357,0.1950674,0.13525636,-0.46834636,-0.26248905,-0.9495839,0.6047975,0.10614789,-0.63335997,-0.4124046,1.0929081,0.13799535,-0.50222087,0.24981984,0.49785307,0.33415347,-0.6187113,-0.7441466,0.00063661067,-0.342823,-0.072950974
../data/train_data_mmini/1/Train_0003.jpg	1	1.0,1.0,-1.0,-1.0,-1.0,1.0,1.0,-1.0,1.0,-1.0,1.0,-1.0,1.0,-1.0,1.0,1.0,1.0,-1.0,1.0,1.0,-1.0,-1.0,1.0,1.0	0.8307302,1.7486942,-1.0719826,-0.65043324,-0.28469923,1.0684278,0.50499356,-0.7808665,0.43608922,-0.6764209,0.31530863,-1.1281003,0.5031367,-1.2502003,0.44909486,0.16878146,0.52783173,-0.6573412,0.3818852,0.5944502,-0.64256835,-1.9334882,0.18819834,0.7035168
../data/train_data_mmini/1/Train_0004.jpg	1	1.0,1.0,-1.0,-1.0,-1.0,1.0,1.0,-1.0,1.0,-1.0,1.0,-1.0,1.0,-1.0,1.0,1.0,1.0,-1.0,1.0,1.0,-1.0,-1.0,-1.0,1.0	0.7204895,0.9477673,-0.68546456,-0.42626107,-0.23577915,0.97455263,0.3506299,-0.65336674,0.1958546,-0.50317276,0.32455078,-1.012894,0.353267,-0.786095,0.5016465,0.23246744,0.5559153,-0.5443898,0.53541905,0.40985787,-0.6200967,-1.549737,-0.1440133,0.5712919
../data/train_data_mmini/2/Train_0005.jpg	2	1.0,-1.0,1.0,1.0,1.0,1.0,1.0,-1.0,-1.0,1.0,1.0,-1.0,-1.0,1.0,-1.0,-1.0,-1.0,1.0,-1.0,-1.0,-1.0,-1.0,1.0,-1.0	0.0074301213,-0.38295075,0.2539672,0.336403,0.22614513,0.6628971,0.013790745,-0.2357062,-0.75399643,0.6878962,0.26184508,-0.48673224,-0.4439581,0.83789927,-0.009235961,-0.36975595,-0.18469778,0.5939754,-0.33633748,-0.5390437,-0.68999916,-0.07224041,0.19065191,-0.07851641
../data/train_data_mmini/2/Train_0006.jpg	2	-1.0,-1.0,1.0,-1.0,-1.0,-1.0,-1.0,-1.0,-1.0,1.0,1.0,-1.0,-1.0,1.0,1.0,-1.0,1.0,1.0,1.0,-1.0,-1.0,-1.0,-1.0,-1.0	-0.17818803,-0.89797634,0.583611,-0.054626323,-0.034338888,-0.0711359,-0.4502012,-0.20150068,-0.8932575,0.4785756,0.19873765,-0.61565363,-0.016390663,0.80994165,0.3357868,-1.029836,0.51313496,0.47057664,0.29204178,-0.4002427,-0.6777987,-0.04865436,-0.010366598,-0.08190806
../data/train_data_mmini/2/Train_0007.jpg	2	1.0,1.0,-1.0,-1.0,-1.0,1.0,1.0,-1.0,1.0,-1.0,1.0,-1.0,1.0,-1.0,1.0,1.0,1.0,-1.0,1.0,1.0,-1.0,-1.0,1.0,1.0	1.054186,2.2198012,-1.3482665,-0.6779854,-0.33638778,1.1166611,0.6702791,-0.7886221,0.73152596,-1.0000502,0.2960416,-1.1927655,0.54078776,-1.7502292,0.4837588,0.19866437,0.6124458,-0.8751993,0.3930745,0.80423796,-0.44205162,-2.200104,0.2605695,0.5614408
../data/train_data_mmini/2/Train_0008.jpg	2	1.0,-1.0,1.0,-1.0,1.0,1.0,-1.0,-1.0,-1.0,1.0,1.0,-1.0,1.0,1.0,1.0,-1.0,1.0,1.0,-1.0,-1.0,-1.0,-1.0,1.0,-1.0	0.14250863,-0.069736674,0.23155051,-0.26735044,0.07551766,0.19197023,-0.14500828,-0.094914846,-0.7555473,0.46604633,0.45114002,-0.73649627,0.012657533,0.40386498,0.4565898,-0.82002336,0.293951,0.3977297,-0.08963815,-0.20427771,-0.57829,-0.3062043,0.3754078,-0.30481097
../data/train_data_mmini/2/Train_0009.jpg	2	1.0,1.0,-1.0,-1.0,1.0,1.0,1.0,-1.0,-1.0,1.0,1.0,-1.0,1.0,-1.0,1.0,-1.0,1.0,-1.0,-1.0,1.0,-1.0,-1.0,1.0,1.0	0.38146684,0.88818806,-0.45605963,-0.45573235,0.10676351,0.72488576,0.3030296,-0.5282969,-0.025375577,0.113579854,0.21442753,-0.9067453,0.1342092,-0.28378236,0.19321276,-0.18094587,0.21613073,-0.06105113,-0.16818772,0.19751526,-0.57289946,-0.92153114,0.36884367,0.21585162
../data/train_data_mmini/3/Train_0010.jpg	3	-1.0,-1.0,1.0,1.0,1.0,1.0,-1.0,-1.0,-1.0,1.0,1.0,-1.0,-1.0,1.0,1.0,-1.0,1.0,1.0,1.0,-1.0,-1.0,1.0,-1.0,-1.0	-0.06414847,-1.1961633,0.7716195,0.63497007,0.25260004,0.2160486,-0.10821089,-0.12252682,-0.6575216,0.54769534,0.11910533,-0.51144904,-0.7249394,0.7692556,0.09474826,-0.19617954,0.22851802,0.27213737,0.189953,-0.37718105,-0.25071576,0.20790465,-0.53409386,-0.27581707
../data/train_data_mmini/3/Train_0011.jpg	3	-1.0,-1.0,1.0,1.0,1.0,1.0,-1.0,1.0,-1.0,1.0,1.0,-1.0,-1.0,1.0,-1.0,1.0,1.0,1.0,1.0,-1.0,-1.0,1.0,-1.0,-1.0	-0.32323238,-2.7123582,1.1526347,1.5234722,0.37657556,0.45594952,-0.56596893,0.0035396498,-1.3728073,0.7962044,0.10502268,-0.1698826,-1.2245193,1.9418644,-0.038933195,0.09938135,0.013826858,0.5861754,0.6673769,-1.2897229,-0.76168585,0.29368398,-1.2970648,-0.46534595
../data/train_data_mmini/3/Train_0012.jpg	3	-1.0,-1.0,1.0,1.0,1.0,1.0,-1.0,-1.0,-1.0,1.0,1.0,-1.0,-1.0,1.0,-1.0,1.0,-1.0,1.0,1.0,-1.0,-1.0,1.0,-1.0,-1.0	-0.12934421,-1.6897372,0.7616429,1.0231246,0.4040674,0.8920693,-0.35799423,-0.291754,-1.1280253,0.9240601,0.0077683404,-0.41716993,-1.0465963,1.7847286,-0.22428177,0.17754775,-0.21131425,0.7886693,0.1878389,-0.88767976,-0.97722846,0.059207667,-0.88084906,-0.08711167
../data/train_data_mmini/3/Train_0013.jpg	3	-1.0,-1.0,1.0,1.0,1.0,-1.0,-1.0,1.0,-1.0,1.0,1.0,-1.0,-1.0,1.0,1.0,-1.0,1.0,1.0,-1.0,-1.0,-1.0,1.0,1.0,-1.0	-0.45788562,-1.4147257,1.1338711,0.23022626,0.33480737,-0.3664466,-0.86402637,0.21917687,-1.4952928,1.18899,0.25862217,-0.48642004,-0.30823112,1.4887424,0.22011174,-1.5644348,0.12660143,1.1052343,-0.05739914,-0.8511435,-0.8026829,0.521481,0.40378916,-0.84455746
../data/train_data_mmini/3/Train_0014.jpg	3	-1.0,-1.0,1.0,1.0,1.0,1.0,-1.0,-1.0,-1.0,1.0,1.0,-1.0,-1.0,1.0,1.0,-1.0,1.0,1.0,1.0,-1.0,-1.0,-1.0,-1.0,-1.0	-0.004549563,-1.0640811,0.51977974,0.29638213,0.18144603,0.4070161,-0.24233857,-0.059078224,-0.99068964,0.57790965,0.3413349,-0.53212863,-0.3545825,1.0544758,0.25643915,-0.49613985,0.18958426,0.5390765,0.10693998,-0.5335508,-0.7071563,-0.022617202,-0.19528745,-0.25966737
../data/train_data_mmini/4/Train_0015.jpg	4	1.0,-1.0,1.0,-1.0,1.0,1.0,-1.0,-1.0,-1.0,1.0,1.0,-1.0,-1.0,1.0,1.0,-1.0,1.0,1.0,1.0,-1.0,-1.0,-1.0,1.0,-1.0	0.15912127,-0.04256936,0.116505265,-0.16855103,0.12285708,0.51823926,-0.16638905,-0.31446972,-0.6344512,0.6179609,0.29428205,-0.81164575,-0.09374779,0.5216595,0.26825538,-0.37893674,0.13413543,0.3875596,0.05095312,-0.28382605,-0.781152,-0.42876944,0.24130996,-0.0063575823
../data/train_data_mmini/4/Train_0016.jpg	4	-1.0,-1.0,1.0,1.0,1.0,1.0,-1.0,-1.0,-1.0,1.0,1.0,-1.0,-1.0,1.0,-1.0,-1.0,-1.0,1.0,-1.0,-1.0,-1.0,1.0,1.0,-1.0	-0.19279766,-0.5608306,0.51327115,0.4157644,0.33269358,0.32175332,-0.13152874,-0.11240488,-0.81350505,1.0120066,0.08444234,-0.36617923,-0.55477303,1.0952845,-0.22821076,-0.60001975,-0.3235313,0.75355893,-0.41022065,-0.76062876,-0.57958215,0.14803834,0.2250604,-0.21245445
../data/train_data_mmini/4/Train_0017.jpg	4	-1.0,-1.0,1.0,1.0,1.0,-1.0,-1.0,1.0,-1.0,1.0,-1.0,-1.0,-1.0,1.0,-1.0,-1.0,-1.0,1.0,1.0,-1.0,-1.0,1.0,-1.0,-1.0	-0.68073475,-2.8991446,1.4333901,1.5677215,0.5486579,-0.0184839,-0.7574405,0.11602898,-1.6368237,1.2824711,-0.18878621,-0.019124456,-1.3478267,2.34939,-0.4122606,-0.67216706,-0.038555797,1.119594,0.2703734,-1.4408431,-0.75542897,0.8538041,-0.92403895,-0.68744373
../data/train_data_mmini/4/Train_0018.jpg	4	1.0,-1.0,1.0,1.0,1.0,1.0,1.0,-1.0,-1.0,1.0,1.0,-1.0,-1.0,1.0,1.0,-1.0,1.0,1.0,-1.0,-1.0,-1.0,-1.0,1.0,-1.0	0.020569034,-0.38601795,0.2651386,0.15850335,0.17721252,0.41724762,0.020416778,-0.115913056,-0.57155246,0.7252567,0.10373036,-0.4961325,-0.37409824,0.6317181,0.019516757,-0.36011675,0.019597594,0.45683426,-0.1735354,-0.3301165,-0.46825108,-0.010725077,0.15147233,-0.18001214
../data/train_data_mmini/4/Train_0019.jpg	4	-1.0,-1.0,1.0,1.0,1.0,1.0,-1.0,-1.0,-1.0,1.0,1.0,-1.0,-1.0,1.0,1.0,-1.0,1.0,1.0,1.0,-1.0,-1.0,1.0,-1.0,-1.0	-0.24484144,-1.7016064,0.9971817,0.59472567,0.28985608,0.077495955,-0.46876156,-0.19464836,-1.1172488,0.7736347,0.18276465,-0.46803916,-0.62337923,1.3053261,0.07346383,-0.5634401,0.21119328,0.5577384,0.3178831,-0.8631826,-0.5898973,0.25232878,-0.441676,-0.24213128
../data/train_data_mmini/5/Train_0020.jpg	5	1.0,1.0,-1.0,-1.0,-1.0,1.0,1.0,-1.0,1.0,-1.0,1.0,-1.0,1.0,-1.0,1.0,1.0,1.0,-1.0,1.0,1.0,-1.0,-1.0,1.0,1.0	0.86319697,1.6511344,-0.9867372,-0.56662273,-0.23903836,1.0993152,0.608829,-0.843802,0.4729475,-0.64720786,0.3446811,-1.0908484,0.3754774,-1.1916353,0.3285386,0.13877699,0.48313203,-0.6034879,0.27806836,0.5328155,-0.6180779,-1.7996616,0.2234617,0.67320067
../data/train_data_mmini/5/Train_0021.jpg	5	1.0,1.0,-1.0,-1.0,-1.0,1.0,-1.0,-1.0,-1.0,1.0,1.0,-1.0,1.0,-1.0,1.0,-1.0,1.0,-1.0,1.0,1.0,-1.0,-1.0,1.0,1.0	0.3910465,0.42644092,-0.3371898,-0.5730779,-0.12405832,0.6500342,-0.14533353,-0.27855232,-0.4933542,0.10198237,0.44895554,-1.0057259,0.37357932,-0.15350485,0.62330604,-0.46304357,0.5982506,-0.016262352,0.3363132,0.08499178,-0.77704644,-1.098194,0.1724784,0.02637062
../data/train_data_mmini/5/Train_0022.jpg	5	1.0,1.0,-1.0,-1.0,-1.0,1.0,1.0,-1.0,1.0,-1.0,1.0,-1.0,1.0,-1.0,1.0,-1.0,1.0,-1.0,1.0,1.0,-1.0,-1.0,1.0,1.0	0.84725785,1.8686638,-1.0714996,-0.72477937,-0.29686314,0.95103407,0.58712673,-0.716728,0.48078358,-0.7438723,0.32171914,-1.0949179,0.5151257,-1.3883408,0.44227874,-0.03993013,0.5369044,-0.64824086,0.26508942,0.6600989,-0.47391033,-1.8471293,0.35273525,0.51903063
../data/train_data_mmini/5/Train_0023.jpg	5	1.0,1.0,-1.0,-1.0,-1.0,1.0,1.0,-1.0,1.0,-1.0,1.0,-1.0,1.0,-1.0,1.0,1.0,1.0,-1.0,1.0,1.0,-1.0,-1.0,1.0,1.0	1.0226363,2.212857,-1.352071,-0.7506414,-0.3102838,1.1089379,0.66705537,-0.81518954,0.6744328,-0.9447056,0.18289644,-1.2643329,0.5621355,-1.6984406,0.45553374,0.119747795,0.6674748,-0.84332675,0.34021553,0.8407075,-0.48864037,-2.1921444,0.2772058,0.603963
../data/train_data_mmini/5/Train_0024.jpg	5	1.0,1.0,-1.0,-1.0,-1.0,1.0,1.0,-1.0,1.0,-1.0,1.0,-1.0,1.0,-1.0,1.0,1.0,1.0,-1.0,1.0,1.0,-1.0,-1.0,1.0,1.0	0.5880749,0.76870453,-0.57962435,-0.27838528,-0.09685823,0.9852095,0.1729627,-0.4497663,0.010405945,-0.17331347,0.34302,-0.8643818,0.26374435,-0.5215199,0.37616363,0.22711122,0.34014753,-0.33768886,0.33587506,0.22028199,-0.711811,-1.2871339,0.01587279,0.37159538
../data/train_data_mmini/6/Train_0025.jpg	6	-1.0,-1.0,1.0,1.0,1.0,1.0,-1.0,1.0,-1.0,1.0,1.0,-1.0,-1.0,1.0,-1.0,-1.0,-1.0,1.0,1.0,-1.0,-1.0,1.0,-1.0,-1.0	-0.35692737,-2.41274,1.1918217,1.4476156,0.49105734,0.18222155,-0.6931846,0.15432589,-1.3346331,1.0567659,0.22010708,-0.107557625,-1.0023549,1.6425484,-0.2637678,-0.27786347,-0.18909928,0.73579144,0.46131694,-1.1874996,-0.8044514,0.43275684,-0.8890308,-0.7048704
../data/train_data_mmini/6/Train_0026.jpg	6	1.0,-1.0,1.0,1.0,-1.0,1.0,1.0,-1.0,1.0,1.0,-1.0,-1.0,-1.0,-1.0,1.0,1.0,1.0,-1.0,1.0,-1.0,-1.0,-1.0,-1.0,1.0	0.29133406,-0.34456676,0.09344735,0.110193595,-0.045316588,0.5826165,0.24696304,-0.6675795,0.109709114,0.06189009,-0.033062004,-0.8151099,-0.24817474,-0.03111338,0.030268742,0.37550753,0.2861914,-0.4088546,0.66621184,-0.1287428,-0.3731539,-0.7732318,-0.68437654,0.7928758
../data/train_data_mmini/6/Train_0027.jpg	6	-1.0,-1.0,1.0,1.0,1.0,1.0,-1.0,1.0,-1.0,1.0,1.0,-1.0,-1.0,1.0,-1.0,-1.0,-1.0,1.0,1.0,-1.0,-1.0,1.0,-1.0,-1.0	-0.33493617,-1.9536245,1.0466177,1.047267,0.4896238,0.45159838,-0.31358507,0.066724695,-1.1026661,1.0760167,0.09556868,-0.33758223,-1.0838009,1.554505,-0.180399,-0.17802967,-0.09883638,0.6795418,0.22402522,-0.90683687,-0.50390494,0.4072477,-0.7966392,-0.52484494
../data/train_data_mmini/6/Train_0028.jpg	6	1.0,-1.0,1.0,1.0,-1.0,1.0,-1.0,-1.0,-1.0,1.0,1.0,-1.0,-1.0,1.0,1.0,-1.0,1.0,-1.0,1.0,-1.0,-1.0,-1.0,-1.0,1.0	0.20638259,-1.0216087,0.37402615,0.29995602,-0.0010039245,0.4187123,-0.18410006,-0.14439075,-0.76787776,0.09431261,0.26537007,-0.6119291,-0.20725062,0.64413035,0.35953656,-0.08419565,0.5426825,-0.056587897,0.69679713,-0.377303,-0.73152196,-0.49656174,-0.7156566,0.12442492
../data/train_data_mmini/6/Train_0029.jpg	6	-1.0,-1.0,1.0,1.0,1.0,1.0,-1.0,1.0,-1.0,1.0,1.0,-1.0,-1.0,1.0,-1.0,-1.0,-1.0,1.0,-1.0,-1.0,-1.0,1.0,1.0,-1.0	-0.33295345,-0.8558124,0.7620637,0.54093933,0.5744076,0.173184,-0.48466408,0.21091115,-1.0748148,1.2479367,0.17374256,-0.390835,-0.5371652,1.0838183,-0.15515111,-0.8551371,-0.3133393,0.93757415,-0.34908095,-0.7589321,-0.5777068,0.33572325,0.31440827,-0.9435677
../data/train_data_mmini/7/Train_0030.jpg	7	1.0,1.0,-1.0,-1.0,-1.0,1.0,1.0,-1.0,-1.0,-1.0,1.0,-1.0,1.0,-1.0,1.0,-1.0,1.0,-1.0,-1.0,1.0,-1.0,-1.0,1.0,1.0	0.41490337,1.0438219,-0.57749903,-0.6073675,-0.09442766,0.7757185,0.2892429,-0.63240397,-0.033065617,-0.008219268,0.39967185,-0.898727,0.30149686,-0.28438118,0.276527,-0.30037755,0.22292858,-0.023044389,-0.05561576,0.084830806,-0.758342,-1.133026,0.46399403,0.4770226
../data/train_data_mmini/7/Train_0031.jpg	7	-1.0,-1.0,1.0,1.0,1.0,1.0,-1.0,1.0,-1.0,1.0,1.0,-1.0,-1.0,1.0,1.0,-1.0,1.0,1.0,-1.0,-1.0,-1.0,1.0,1.0,-1.0	-0.17092039,-0.56955606,0.5181714,0.040621027,0.32387784,0.18888995,-0.32101706,0.017076423,-0.97580314,0.91834575,0.22647756,-0.6079889,-0.21231921,0.9437151,0.06243305,-0.8966369,0.0037179398,0.7524939,-0.21590348,-0.4362592,-0.75361896,0.09115528,0.325496,-0.37628564
../data/train_data_mmini/7/Train_0032.jpg	7	-1.0,-1.0,1.0,1.0,1.0,1.0,-1.0,1.0,-1.0,1.0,-1.0,1.0,-1.0,1.0,-1.0,-1.0,-1.0,1.0,1.0,-1.0,-1.0,1.0,-1.0,-1.0	-0.63948226,-3.1048188,1.6426021,1.9400406,0.6704723,0.17332704,-0.83685374,0.37892795,-1.8206592,1.5884054,-0.057526134,0.0044831336,-1.5949975,2.3671896,-0.39742035,-0.444169,-0.2933522,1.1552658,0.23694085,-1.6046721,-0.68818784,0.93463415,-0.9993516,-1.0351629
../data/train_data_mmini/7/Train_0033.jpg	7	1.0,1.0,-1.0,1.0,1.0,1.0,1.0,-1.0,-1.0,1.0,1.0,-1.0,-1.0,1.0,-1.0,1.0,1.0,-1.0,1.0,-1.0,-1.0,-1.0,-1.0,1.0	0.31797618,0.014316296,-0.09091614,0.2625166,0.07516189,0.8651821,0.3243027,-0.5236607,-0.04742994,0.051533084,0.108109035,-0.56038177,-0.22231705,0.12784873,-0.08201985,0.3160967,0.13065183,-0.105987385,0.14507608,-0.08662577,-0.5496045,-0.679689,-0.34989262,0.54484814
../data/train_data_mmini/7/Train_0034.jpg	7	-1.0,-1.0,1.0,1.0,1.0,1.0,-1.0,1.0,-1.0,1.0,1.0,1.0,-1.0,1.0,-1.0,1.0,-1.0,1.0,1.0,-1.0,-1.0,1.0,-1.0,-1.0	-0.48632544,-3.743324,1.5088996,2.4184077,0.49123728,0.44899818,-0.8431796,0.4932368,-1.6979923,0.9174162,0.23367462,0.24340217,-1.6546565,2.1880643,-0.053790286,0.2876151,-0.048328552,0.6005926,0.8082615,-1.7995846,-0.5366883,0.48481056,-1.716153,-1.1045276
../data/train_data_mmini/8/Train_0035.jpg	8	1.0,1.0,-1.0,-1.0,1.0,1.0,-1.0,-1.0,-1.0,1.0,1.0,-1.0,1.0,1.0,1.0,-1.0,1.0,1.0,-1.0,-1.0,-1.0,-1.0,1.0,-1.0	0.15129893,0.20813483,-0.07385519,-0.36142844,0.09507443,0.46551073,-0.12416987,-0.14930022,-0.6473699,0.45527458,0.42096767,-0.77627516,0.09965591,0.31176835,0.3756916,-0.66937864,0.2175472,0.3830529,-0.18264656,-0.08592559,-0.7057519,-0.47049722,0.45209852,-0.26887706
../data/train_data_mmini/8/Train_0036.jpg	8	-1.0,-1.0,1.0,1.0,1.0,1.0,-1.0,-1.0,-1.0,1.0,1.0,-1.0,-1.0,1.0,1.0,-1.0,-1.0,1.0,-1.0,-1.0,-1.0,1.0,1.0,-1.0	-0.08711922,-0.48679975,0.372349,0.16216297,0.21251318,0.33967128,-0.17238115,-0.05822736,-0.809658,0.8049554,0.24577945,-0.49529094,-0.2865591,0.82830125,0.012614841,-0.59569097,-0.1171719,0.6596561,-0.2459046,-0.48200494,-0.7033581,0.045239795,0.2695227,-0.17901601
../data/train_data_mmini/8/Train_0037.jpg	8	-1.0,-1.0,1.0,1.0,1.0,1.0,-1.0,1.0,-1.0,1.0,1.0,-1.0,-1.0,1.0,-1.0,-1.0,-1.0,1.0,1.0,-1.0,-1.0,1.0,-1.0,-1.0	-0.34974334,-1.9720346,1.0382807,0.94283605,0.42196178,0.31725746,-0.41877916,0.122042626,-1.2102518,1.118243,0.06502863,-0.31948924,-0.9443601,1.5754623,-0.18110774,-0.23149064,-0.06968371,0.6784769,0.25654608,-1.0220872,-0.60500365,0.42711303,-0.6755189,-0.40913215
../data/train_data_mmini/8/Train_0038.jpg	8	-1.0,-1.0,1.0,-1.0,1.0,1.0,-1.0,-1.0,-1.0,1.0,1.0,-1.0,-1.0,1.0,1.0,-1.0,1.0,1.0,-1.0,-1.0,-1.0,-1.0,1.0,-1.0	-0.049224794,-0.27029565,0.31957403,-0.19951637,0.21551456,0.2695654,-0.3194282,-0.03154868,-0.91730905,0.8495294,0.42283887,-0.69307876,-0.10187527,0.732555,0.24503292,-0.92701817,0.058559727,0.6795828,-0.1973007,-0.45374095,-0.7442337,-0.15215372,0.47159287,-0.4528444
../data/train_data_mmini/8/Train_0039.jpg	8	-1.0,-1.0,1.0,1.0,1.0,1.0,-1.0,1.0,-1.0,1.0,1.0,-1.0,-1.0,1.0,1.0,-1.0,-1.0,1.0,-1.0,-1.0,-1.0,1.0,1.0,-1.0	-0.1992397,-0.89093405,0.5964067,0.26487958,0.31565425,0.2546195,-0.39941156,0.035472013,-1.0299776,0.9091462,0.19496003,-0.4879142,-0.37140766,1.1138852,0.06805436,-0.6919464,-0.01114719,0.7668933,-0.14828959,-0.56130415,-0.71153134,0.22645131,0.115558505,-0.5179832
../data/train_data_mmini/9/Train_0040.jpg	9	1.0,1.0,-1.0,-1.0,-1.0,1.0,1.0,-1.0,-1.0,-1.0,1.0,-1.0,1.0,-1.0,1.0,-1.0,1.0,-1.0,1.0,1.0,-1.0,-1.0,1.0,1.0	0.5917009,0.916393,-0.5560457,-0.58049965,-0.124157324,0.823095,0.23832165,-0.4995915,-0.049527064,-0.16590244,0.42408216,-1.0162481,0.35401282,-0.51571447,0.4919375,-0.08728602,0.46642908,-0.26397637,0.24111564,0.2498896,-0.6967145,-1.3173198,0.21771443,0.35631773
../data/train_data_mmini/9/Train_0041.jpg	9	1.0,-1.0,1.0,1.0,1.0,1.0,1.0,-1.0,-1.0,1.0,1.0,-1.0,-1.0,1.0,-1.0,1.0,-1.0,1.0,-1.0,-1.0,-1.0,-1.0,-1.0,1.0	0.03294377,-1.1584907,0.54181,0.816841,0.33948854,0.94388473,0.08933531,-0.2907159,-0.7490227,0.57348377,0.19974881,-0.41300035,-0.80934465,1.2320307,-0.14958824,0.11067606,-0.12730676,0.3941383,-0.07682819,-0.6631533,-0.58060586,-0.061632473,-0.5690343,0.021259231
../data/train_data_mmini/9/Train_0042.jpg	9	1.0,-1.0,1.0,1.0,1.0,1.0,-1.0,-1.0,-1.0,1.0,1.0,-1.0,-1.0,1.0,1.0,-1.0,1.0,1.0,1.0,-1.0,-1.0,-1.0,-1.0,-1.0	0.066507354,-0.76249796,0.4741571,0.12581104,0.2200218,0.48578706,-0.3130276,-0.107016616,-0.87512434,0.8601638,0.33338335,-0.76191115,-0.30706677,0.83249307,0.2696417,-0.2854687,0.13841553,0.43685406,0.27516583,-0.46436924,-0.7212222,-0.1484709,-0.07700942,-0.28513172
../data/train_data_mmini/9/Train_0043.jpg	9	1.0,1.0,-1.0,-1.0,-1.0,1.0,1.0,-1.0,-1.0,1.0,1.0,-1.0,1.0,-1.0,1.0,-1.0,1.0,-1.0,1.0,1.0,-1.0,-1.0,1.0,1.0	0.43429145,0.9659579,-0.49883357,-0.69147986,-0.13225754,0.57413864,0.16631304,-0.40887514,-0.13237707,0.0066064857,0.41749153,-0.9656367,0.38371766,-0.5015584,0.46416515,-0.6222818,0.48045108,-0.069333136,0.0066885464,0.2139742,-0.58919275,-1.088585,0.56376183,0.1525884
../data/train_data_mmini/9/Train_0044.jpg	9	-1.0,-1.0,1.0,1.0,1.0,1.0,-1.0,-1.0,-1.0,1.0,1.0,-1.0,-1.0,1.0,1.0,-1.0,1.0,1.0,1.0,-1.0,-1.0,1.0,1.0,-1.0	-0.1733846,-0.7956032,0.6223049,0.15106212,0.32056075,0.2791579,-0.34840328,-0.18798561,-0.9374448,1.0361778,0.18214566,-0.71209484,-0.38340127,0.97968656,0.06323277,-0.71136504,0.033489365,0.69841504,0.031554878,-0.5131169,-0.690155,0.13553624,0.021953942,-0.3498375
../data/train_data_mmini/10/Train_0045.jpg	10	-1.0,-1.0,1.0,1.0,1.0,-1.0,-1.0,1.0,-1.0,1.0,-1.0,1.0,-1.0,1.0,-1.0,-1.0,-1.0,1.0,-1.0,-1.0,-1.0,1.0,-1.0,-1.0	-0.90706706,-3.389419,1.9296209,2.4455066,0.80621886,-0.3471552,-0.9529837,0.6364028,-1.8417144,1.7694187,-0.44725212,0.3702352,-1.9187007,2.5595934,-0.9903801,-0.67135966,-0.4166815,1.2671776,-0.05066175,-1.7600981,-0.3318493,1.3368973,-1.0795071,-1.3454012
../data/train_data_mmini/10/Train_0046.jpg	10	-1.0,-1.0,1.0,1.0,1.0,-1.0,-1.0,1.0,-1.0,1.0,-1.0,1.0,-1.0,1.0,-1.0,-1.0,-1.0,1.0,1.0,-1.0,-1.0,1.0,-1.0,-1.0	-0.89813447,-2.8265057,1.7816936,1.8264008,0.6523099,-0.40087742,-0.837817,0.34408972,-1.6919595,1.615653,-0.25505763,0.08047022,-1.5027354,2.1326754,-0.5528505,-0.9297691,-0.25248966,1.2278315,0.022607936,-1.6390797,-0.3329497,1.2119089,-0.68268263,-1.183285
../data/train_data_mmini/10/Train_0047.jpg	10	-1.0,-1.0,1.0,1.0,1.0,-1.0,-1.0,1.0,-1.0,1.0,1.0,-1.0,-1.0,1.0,-1.0,-1.0,-1.0,1.0,1.0,-1.0,-1.0,1.0,-1.0,-1.0	-0.6445781,-2.681111,1.4801452,1.4849209,0.50590104,-0.20567004,-0.9039257,0.5177054,-1.8234664,1.4624062,0.10655231,-0.007452801,-1.1276628,2.001977,-0.20848398,-0.99123675,-0.20810565,1.1813347,0.10642622,-1.503329,-0.71320146,0.9520344,-0.424804,-1.151485
../data/train_data_mmini/10/Train_0048.jpg	10	-1.0,-1.0,1.0,1.0,1.0,-1.0,-1.0,1.0,-1.0,1.0,-1.0,1.0,-1.0,1.0,-1.0,-1.0,-1.0,1.0,-1.0,-1.0,-1.0,1.0,-1.0,-1.0	-0.68143606,-2.3601916,1.5516846,1.6368881,0.76332414,-0.034120295,-0.7481378,0.37404832,-1.6905903,1.7266587,-0.060528643,0.011358008,-1.4200057,2.126037,-0.6102498,-0.9588158,-0.5696797,1.4662938,-0.30823082,-1.4817926,-0.55626726,1.0809993,-0.285001,-1.2031405
../data/train_data_mmini/10/Train_0049.jpg	10	-1.0,-1.0,1.0,1.0,1.0,1.0,-1.0,1.0,-1.0,1.0,1.0,-1.0,-1.0,1.0,1.0,-1.0,1.0,1.0,1.0,-1.0,-1.0,1.0,-1.0,-1.0	-0.23487493,-1.2524545,0.74908024,0.47700733,0.3487104,0.13992842,-0.47881216,0.09723838,-1.0910217,0.83689225,0.2042695,-0.45087153,-0.48762006,1.1250675,0.085649654,-0.57619435,0.11719748,0.62758195,0.14235385,-0.62117827,-0.6329696,0.23870747,-0.22501396,-0.5878604
