../data/train_data_mmini/1/Train_0000.jpg	1	1.0,-1.0,-1.0,-1.0,-1.0,-1.0,1.0,-1.0,1.0,-1.0,1.0,-1.0,-1.0,-1.0,-1.0,-1.0,1.0,1.0,1.0,-1.0,1.0,-1.0,1.0,-1.0	3.1309736,-0.41654485,-2.5862978,-2.4340374,-0.16967699,-0.90652364,2.4828086,-2.4238935,0.3302469,-9.124914,2.0267382,-3.8136582,-1.7645657,-0.09739531,-0.18371531,-0.19229108,1.5372387,9.399112,4.5599346,-2.0769887,3.1365848,-0.75364095,4.0695767,-2.5865247
../data/train_data_mmini/1/Train_0001.jpg	1	1.0,-1.0,-1.0,-1.0,1.0,-1.0,1.0,-1.0,-1.0,-1.0,1.0,-1.0,-1.0,1.0,1.0,1.0,1.0,1.0,1.0,-1.0,1.0,-1.0,1.0,-1.0	2.6061096,-1.3524339,-4.940517,-1.6789868,0.03712399,-0.277839,3.7676637,-1.6801931,-0.5986824,-10.634963,2.3270183,-5.571285,-3.4892373,1.4299974,0.33055782,1.1484531,0.9318766,11.634003,4.6538634,-1.4538924,5.542927,-1.1100289,3.7576864,-3.9437997
../data/train_data_mmini/1/Train_0002.jpg	1	1.0,-1.0,-1.0,1.0,-1.0,-1.0,1.0,-1.0,-1.0,-1.0,1.0,-1.0,-1.0,-1.0,1.0,-1.0,1.0,1.0,1.0,1.0,1.0,1.0,1.0,-1.0	3.081664,-1.8055743,-6.5952983,1.5208949,-1.1643919,-0.87046695,0.6713886,-1.5907061,-4.075801,-11.226341,3.3055415,-1.0206205,-2.29128,-2.3750515,2.7759333,-3.4495203,4.2906504,7.7432327,2.1627672,0.047951043,6.0922775,1.7584293,3.317402,-1.0207032
../data/train_data_mmini/1/Train_0003.jpg	1	1.0,-1.0,-1.0,-1.0,1.0,-1.0,1.0,-1.0,1.0,-1.0,1.0,-1.0,-1.0,1.0,-1.0,1.0,-1.0,1.0,1.0,-1.0,1.0,-1.0,1.0,-1.0	3.6424925,-0.9264516,-1.0573984,-5.41637,2.0146592,-0.677259,2.6298892,-1.5129887,2.313986,-7.3668714,1.5351751,-5.8262024,-2.2884274,1.1271443,-0.75772345,2.664953,-0.34147376,11.227047,6.023237,-5.1765924,2.1908684,-2.8915305,4.5654383,-3.3851063
../data/train_data_mmini/1/Train_0004.jpg	1	1.0,1.0,-1.0,-1.0,-1.0,-1.0,1.0,-1.0,1.0,-1.0,1.0,-1.0,-1.0,1.0,-1.0,-1.0,1.0,1.0,1.0,-1.0,1.0,-1.0,1.0,-1.0	2.7094984,0.059399784,-2.2687063,-2.3652697,-1.2684939,-0.7880782,3.2359934,-3.5296495,1.4018759,-11.301263,2.2239738,-3.290545,-2.5444038,0.74530435,-1.3794408,-0.31334865,1.5002044,9.611449,5.4533463,-0.78371876,2.9082875,-1.10185,4.9880557,-2.8846862
../data/train_data_mmini/2/Train_0005.jpg	2	1.0,-1.0,-1.0,-1.0,1.0,1.0,1.0,1.0,-1.0,-1.0,1.0,-1.0,-1.0,-1.0,1.0,1.0,1.0,1.0,1.0,-1.0,1.0,-1.0,1.0,-1.0	1.525187,-3.1813498,-6.3251195,-2.0080147,1.1496177,0.8377659,1.1208868,0.8512944,-1.3544189,-11.8687525,1.9979887,-0.8377376,-5.891262,-0.27660224,1.3552154,1.6736637,2.5697303,8.165014,5.164671,-1.7414227,6.487168,-1.0477402,3.3813882,-0.90759385
../data/train_data_mmini/2/Train_0006.jpg	2	1.0,-1.0,-1.0,-1.0,1.0,-1.0,-1.0,1.0,-1.0,-1.0,1.0,1.0,-1.0,-1.0,-1.0,-1.0,1.0,1.0,1.0,-1.0,1.0,-1.0,1.0,1.0	1.2447236,-3.4486663,-5.2397337,-3.2855134,1.5647904,-0.6798471,-0.5129879,0.05344123,-2.0214717,-12.369209,1.4058506,2.850846,-4.9298263,-2.0349624,-0.17215909,-1.134931,4.0397983,5.4074936,4.6881957,-2.6938632,5.9413705,-0.87358814,3.5286734,2.5939333
../data/train_data_mmini/2/Train_0007.jpg	2	1.0,1.0,-1.0,-1.0,-1.0,-1.0,1.0,-1.0,1.0,-1.0,1.0,-1.0,-1.0,1.0,-1.0,1.0,1.0,1.0,1.0,-1.0,1.0,-1.0,1.0,-1.0	3.1900454,0.84080327,-1.0814683,-3.00965,-1.917864,-0.79596734,3.8426533,-4.0293074,3.5484924,-9.840441,1.5621665,-4.355253,-2.2001293,2.0406103,-0.99006873,1.0903254,0.39689407,10.167127,5.829622,-0.72483176,1.7504841,-1.2567388,5.950284,-4.687316
../data/train_data_mmini/2/Train_0008.jpg	2	1.0,-1.0,-1.0,-1.0,-1.0,-1.0,1.0,-1.0,1.0,-1.0,1.0,1.0,-1.0,-1.0,-1.0,-1.0,1.0,1.0,1.0,1.0,1.0,-1.0,1.0,1.0	2.9066787,-0.7348036,-2.748736,-1.8275026,-1.6830794,-2.358568,1.5724992,-4.505631,0.5632921,-13.955168,0.61170626,2.328442,-2.0141563,-1.3529667,-1.7907034,-4.31213,3.7686179,6.2005677,4.899799,1.0114858,3.735653,-0.06882574,5.8692513,0.6049298
../data/train_data_mmini/2/Train_0009.jpg	2	1.0,-1.0,-1.0,-1.0,1.0,1.0,1.0,1.0,-1.0,-1.0,1.0,-1.0,-1.0,1.0,1.0,1.0,1.0,1.0,1.0,-1.0,1.0,-1.0,1.0,-1.0	1.0744182,-3.0273476,-7.2054715,-2.5126705,1.2660712,1.2008089,1.8474191,0.7335064,-1.8068594,-13.421532,1.6932871,-0.7820627,-6.595931,0.46193767,0.76418495,1.7899522,2.5051026,8.437126,6.0970316,-1.0823572,7.504378,-1.0749109,2.6447763,-0.8023335
../data/train_data_mmini/3/Train_0010.jpg	3	1.0,-1.0,-1.0,-1.0,-1.0,1.0,1.0,-1.0,1.0,-1.0,1.0,-1.0,-1.0,1.0,-1.0,1.0,1.0,1.0,1.0,1.0,1.0,-1.0,1.0,-1.0	0.6630669,-0.66351336,-3.5492244,-1.6815349,-1.4181052,0.27772322,3.4356112,-2.309007,1.7670821,-12.729088,0.66425073,-0.06964649,-4.6624455,1.6774518,-1.8694074,0.5758837,1.0842673,6.2737293,6.206293,1.6540703,4.1430206,-1.4502785,4.723007,-1.9496373
../data/train_data_mmini/3/Train_0011.jpg	3	1.0,-1.0,-1.0,1.0,-1.0,1.0,1.0,-1.0,-1.0,-1.0,1.0,-1.0,-1.0,-1.0,1.0,-1.0,1.0,1.0,1.0,1.0,1.0,1.0,1.0,-1.0	0.7944745,-0.57127887,-8.884942,5.861185,-4.611839,1.3059876,2.9818845,-1.7369165,-4.713054,-14.27027,5.16849,-2.7756171,-3.868541,-1.3452313,2.0778275,-2.655826,4.4553638,7.841158,2.336247,5.325643,7.027362,3.2083132,2.4022524,-3.828361
../data/train_data_mmini/3/Train_0012.jpg	3	1.0,-1.0,-1.0,1.0,1.0,1.0,1.0,1.0,-1.0,-1.0,1.0,-1.0,-1.0,-1.0,1.0,-1.0,1.0,1.0,1.0,-1.0,1.0,1.0,-1.0,-1.0	0.79099464,-4.45839,-10.266721,1.0724542,1.8081849,1.0625904,1.6689786,1.7279432,-7.599797,-12.930873,4.9821944,-3.0019581,-5.6101418,-2.3653984,1.3105664,-0.45483884,4.124181,8.428061,2.1040967,-0.7237294,9.537751,0.29430848,-0.38077116,-0.5559724
../data/train_data_mmini/3/Train_0013.jpg	3	1.0,-1.0,-1.0,-1.0,1.0,-1.0,-1.0,-1.0,-1.0,-1.0,1.0,1.0,-1.0,-1.0,-1.0,-1.0,1.0,1.0,1.0,-1.0,1.0,-1.0,1.0,1.0	2.53131,-4.2463336,-6.6180844,-2.7849076,2.1738365,-1.9515895,-0.46090195,-0.80950177,-3.5947926,-15.370886,1.1072056,4.443391,-4.5531173,-3.6337562,-0.6607806,-3.9619043,5.9723806,5.1268654,3.9599106,-1.9672159,7.7961364,-0.1501908,3.5334325,4.3461347
../data/train_data_mmini/3/Train_0014.jpg	3	1.0,-1.0,-1.0,-1.0,-1.0,1.0,1.0,-1.0,1.0,-1.0,1.0,1.0,-1.0,1.0,1.0,-1.0,1.0,1.0,1.0,1.0,1.0,1.0,1.0,-1.0	1.4638875,-0.8143113,-4.963475,-0.69180804,-2.563902,0.07310842,2.132875,-2.1902306,0.1633068,-14.487186,1.9091095,0.36958268,-4.831417,1.1567993,0.4320203,-0.7448201,3.3665378,7.663102,5.769119,1.5730429,5.762117,0.20470592,5.274567,-1.7445633
../data/train_data_mmini/4/Train_0015.jpg	4	1.0,-1.0,-1.0,-1.0,-1.0,-1.0,1.0,-1.0,-1.0,-1.0,1.0,-1.0,-1.0,-1.0,-1.0,-1.0,1.0,1.0,1.0,-1.0,1.0,1.0,1.0,1.0	1.8609414,-2.4508557,-6.277376,-0.1863476,-0.03834935,-1.6042572,1.4900078,-1.821715,-4.4199686,-13.150349,3.1791124,-0.019005375,-3.0649257,-3.485705,-1.1440896,-3.5129492,4.905139,6.926719,3.1650078,-0.33393043,5.7361236,0.38120106,1.9730489,1.4412804
../data/train_data_mmini/4/Train_0016.jpg	4	1.0,-1.0,-1.0,-1.0,1.0,1.0,1.0,1.0,-1.0,-1.0,1.0,-1.0,-1.0,1.0,1.0,1.0,1.0,1.0,1.0,-1.0,1.0,-1.0,1.0,-1.0	1.8894068,-2.9248207,-6.6910267,-1.4134762,1.2447481,1.1494759,0.9452533,1.3167508,-2.4526417,-8.949718,2.1405714,-3.2518537,-4.751897,0.4515952,3.3783376,1.7495991,1.5949327,9.278072,3.9630954,-2.3816643,6.889506,-0.68596125,2.7149334,-2.3090804
../data/train_data_mmini/4/Train_0017.jpg	4	1.0,-1.0,-1.0,1.0,1.0,1.0,1.0,1.0,-1.0,-1.0,1.0,1.0,-1.0,-1.0,1.0,-1.0,1.0,1.0,1.0,1.0,1.0,1.0,1.0,1.0	0.17352569,-4.6196437,-10.958606,1.7806177,0.53718257,0.6099314,0.44262472,2.1361768,-7.698378,-14.155259,4.2228923,0.4109467,-6.7636127,-3.0838852,2.1547656,-1.6827995,5.5852485,6.726442,2.7210083,0.3031808,9.919275,1.5096992,0.7116602,1.332367
../data/train_data_mmini/4/Train_0018.jpg	4	1.0,-1.0,-1.0,-1.0,-1.0,1.0,1.0,-1.0,1.0,-1.0,1.0,-1.0,-1.0,1.0,1.0,1.0,1.0,1.0,1.0,1.0,1.0,1.0,1.0,-1.0	0.9879827,-0.07366865,-3.5398211,-0.3205908,-2.3811798,0.27669817,2.2874806,-1.6165848,0.756426,-10.617793,1.438284,-0.8094805,-3.9429471,1.3037877,0.41332442,0.60548425,1.9649143,6.199221,4.66883,1.7031884,3.8922422,0.057414424,4.0686064,-2.045352
../data/train_data_mmini/4/Train_0019.jpg	4	1.0,-1.0,-1.0,-1.0,1.0,-1.0,-1.0,1.0,-1.0,-1.0,1.0,1.0,-1.0,-1.0,1.0,-1.0,1.0,1.0,1.0,-1.0,1.0,-1.0,1.0,1.0	1.9615285,-4.3861365,-6.5679536,-3.377813,2.6715913,-0.54025215,-0.9363783,0.64024943,-3.3831804,-13.599983,2.078033,2.8792372,-5.7696004,-2.4854765,0.7666653,-1.3738729,4.739328,6.6777887,4.6086483,-3.7174065,7.4539022,-1.2214708,3.6979918,2.7855275
../data/train_data_mmini/5/Train_0020.jpg	5	1.0,-1.0,-1.0,-1.0,1.0,-1.0,1.0,-1.0,1.0,-1.0,1.0,-1.0,-1.0,1.0,1.0,1.0,-1.0,1.0,1.0,-1.0,1.0,-1.0,1.0,-1.0	4.485589,-0.7341132,-0.38340387,-6.115927,1.3397671,-0.7084401,2.8098445,-2.535181,4.5343885,-8.15783,0.7916251,-5.153498,-2.6687124,3.0360007,0.39398462,3.1368382,-0.54485804,12.583628,6.284914,-5.038501,2.1810744,-3.078399,6.713875,-4.3916
../data/train_data_mmini/5/Train_0021.jpg	5	1.0,-1.0,-1.0,-1.0,-1.0,-1.0,1.0,-1.0,-1.0,-1.0,1.0,1.0,-1.0,-1.0,-1.0,-1.0,1.0,1.0,1.0,-1.0,1.0,-1.0,1.0,1.0	3.0622087,-0.8052856,-4.167193,-1.6131876,-1.4056172,-2.0987427,2.1063733,-3.7290425,-0.9999327,-15.707109,2.4635286,0.43581006,-2.8816414,-2.1125722,-1.8002666,-3.5351775,4.6782813,8.781505,5.621677,-0.026567325,4.754399,-0.03173918,5.1015353,0.45987794
../data/train_data_mmini/5/Train_0022.jpg	5	1.0,-1.0,-1.0,-1.0,1.0,-1.0,1.0,-1.0,1.0,-1.0,1.0,-1.0,-1.0,1.0,-1.0,1.0,1.0,1.0,1.0,-1.0,1.0,-1.0,1.0,-1.0	3.1551545,-1.0742768,-1.2121273,-4.826663,0.48398563,-1.3458475,2.0239272,-3.1893804,3.055418,-10.534235,0.2752101,-0.36338282,-2.950931,0.9857677,-1.4266447,0.40547436,1.0960375,8.390101,5.768394,-2.198431,2.742665,-1.9969516,5.7724743,-1.2624336
../data/train_data_mmini/5/Train_0023.jpg	5	1.0,-1.0,1.0,-1.0,1.0,-1.0,1.0,-1.0,1.0,-1.0,1.0,-1.0,-1.0,1.0,-1.0,1.0,-1.0,1.0,1.0,-1.0,1.0,-1.0,1.0,-1.0	3.7664707,-0.01846996,0.9682641,-6.070854,1.0692457,-1.0631372,2.9892688,-3.1291761,4.90663,-7.438275,0.26758048,-4.068245,-1.8013694,2.341759,-1.6252352,2.4978852,-0.7522389,10.1926,6.015295,-4.0772204,0.8337284,-2.9115903,5.9252095,-3.3110352
../data/train_data_mmini/5/Train_0024.jpg	5	1.0,-1.0,-1.0,-1.0,-1.0,1.0,1.0,-1.0,-1.0,-1.0,1.0,-1.0,-1.0,-1.0,-1.0,-1.0,1.0,1.0,1.0,-1.0,1.0,-1.0,1.0,-1.0	1.9839019,-0.88758856,-5.531669,-0.10646061,-1.1500876,0.075873874,2.9282093,-1.6881181,-1.9609102,-12.47705,3.5854125,-3.7495375,-3.454247,-1.151481,-0.22893658,-0.124720104,2.9192474,9.356391,4.849865,-0.018466651,4.741602,-0.12877965,2.9710882,-2.6572096
../data/train_data_mmini/6/Train_0025.jpg	6	-1.0,-1.0,-1.0,1.0,1.0,1.0,1.0,1.0,-1.0,-1.0,1.0,-1.0,-1.0,-1.0,1.0,1.0,1.0,1.0,1.0,-1.0,1.0,-1.0,1.0,-1.0	-0.30215073,-4.2017508,-10.41286,0.56876355,1.2187246,2.228601,0.7162511,2.801287,-5.217838,-13.421974,4.4117284,-1.3716192,-7.241341,-1.7234722,1.8584584,1.5833082,3.1653075,6.889495,5.00893,-0.6202794,8.658035,-0.0331322,1.1419836,-0.95336896
../data/train_data_mmini/6/Train_0026.jpg	6	1.0,1.0,-1.0,-1.0,-1.0,1.0,1.0,-1.0,1.0,-1.0,1.0,-1.0,-1.0,1.0,1.0,1.0,1.0,1.0,1.0,1.0,1.0,-1.0,1.0,-1.0	1.0547223,1.1137652,-4.4047794,-0.026070114,-3.0456827,0.8848731,4.846613,-1.3904634,0.7437579,-9.632275,3.686647,-7.8775163,-4.1667733,3.0894089,0.47308066,4.024885,0.2569112,11.8486395,6.1088953,0.35303688,3.4885619,-1.034751,4.2034273,-6.239612
../data/train_data_mmini/6/Train_0027.jpg	6	-1.0,-1.0,-1.0,1.0,-1.0,1.0,1.0,1.0,-1.0,-1.0,1.0,-1.0,-1.0,1.0,1.0,1.0,1.0,1.0,1.0,1.0,1.0,-1.0,1.0,-1.0	-0.84138316,-1.9546403,-7.8747764,0.94423985,-1.4557406,2.6327841,3.1948519,0.6898518,-1.9164822,-12.712912,2.3900516,-2.6737537,-6.8498416,1.9725524,0.6817665,2.3396037,1.3817656,7.563971,5.412845,2.4268892,6.9227204,-0.10829538,2.3340225,-3.4616866
../data/train_data_mmini/6/Train_0028.jpg	6	1.0,1.0,-1.0,1.0,-1.0,-1.0,1.0,-1.0,1.0,-1.0,1.0,-1.0,-1.0,1.0,1.0,-1.0,1.0,1.0,1.0,1.0,1.0,1.0,1.0,-1.0	2.1701741,1.9427087,-3.678762,2.3647766,-6.184405,-0.3957354,2.6600206,-4.682367,0.8755477,-13.410809,3.0127783,-1.2083721,-2.5072312,1.1197852,1.483073,-2.245292,3.2421885,8.017457,4.931787,4.6833067,3.6646636,2.2020576,6.5335,-4.164086
../data/train_data_mmini/6/Train_0029.jpg	6	1.0,-1.0,-1.0,-1.0,1.0,1.0,-1.0,1.0,-1.0,-1.0,1.0,1.0,-1.0,-1.0,1.0,-1.0,1.0,1.0,1.0,-1.0,1.0,-1.0,1.0,1.0	1.1530273,-6.443895,-9.5478525,-3.6463974,5.711686,0.55950934,-0.9465989,2.6268003,-5.569244,-13.123937,1.4164801,3.142315,-6.485149,-4.1288424,0.5508818,-0.58560246,4.182072,4.405687,4.6662087,-3.955877,9.485631,-1.5734508,0.7154637,3.9624205
../data/train_data_mmini/7/Train_0030.jpg	7	1.0,-1.0,-1.0,-1.0,1.0,1.0,1.0,1.0,-1.0,-1.0,1.0,-1.0,-1.0,-1.0,1.0,1.0,1.0,1.0,1.0,-1.0,1.0,-1.0,1.0,-1.0	1.8273591,-4.2811003,-7.4388514,-3.2903256,2.9265544,0.7248474,0.72066617,1.6416146,-2.6451483,-11.841937,2.2789721,-1.554336,-6.087,-0.61323166,1.7695068,2.0214128,2.605795,9.552356,5.054256,-3.5920517,7.8431664,-1.4737706,2.613183,-0.4113558
../data/train_data_mmini/7/Train_0031.jpg	7	1.0,-1.0,-1.0,-1.0,1.0,1.0,1.0,-1.0,-1.0,-1.0,1.0,1.0,-1.0,-1.0,1.0,1.0,1.0,1.0,1.0,-1.0,1.0,-1.0,1.0,1.0	1.9179133,-4.0335503,-7.3971667,-3.4624233,1.6692169,0.16069889,1.0308813,-0.10662308,-1.6226851,-15.904753,1.4898753,1.1369128,-6.7999864,-0.5122843,1.2917064,0.5905421,3.5533242,8.983446,6.535242,-1.60531,8.484476,-1.3390323,4.206067,0.22224098
../data/train_data_mmini/7/Train_0032.jpg	7	1.0,-1.0,-1.0,1.0,-1.0,1.0,1.0,-1.0,-1.0,-1.0,1.0,-1.0,-1.0,-1.0,1.0,-1.0,1.0,1.0,1.0,1.0,1.0,1.0,1.0,-1.0	0.49412826,-2.4266813,-9.72432,3.719485,-2.8228636,0.9797642,2.3209355,-0.62725186,-5.369182,-17.00172,4.25044,-0.13920112,-6.144774,-1.4915441,1.4537746,-2.501035,5.6005163,7.759905,4.278651,4.1382337,8.660208,2.1915824,2.3789134,-0.9692518
../data/train_data_mmini/7/Train_0033.jpg	7	1.0,-1.0,-1.0,-1.0,-1.0,1.0,1.0,1.0,-1.0,-1.0,1.0,-1.0,-1.0,1.0,1.0,1.0,1.0,1.0,1.0,-1.0,1.0,-1.0,1.0,-1.0	0.6438118,-1.5427732,-6.732712,-1.0685264,-0.26201335,2.5707014,2.7032633,0.96935713,-0.7823953,-10.470676,2.462828,-4.7120676,-6.310411,2.198104,2.4402199,4.539921,0.89614135,9.636888,5.6721535,-0.51189107,6.1251154,-0.9170949,2.9072886,-4.331942
../data/train_data_mmini/7/Train_0034.jpg	7	1.0,1.0,-1.0,1.0,-1.0,1.0,1.0,-1.0,-1.0,-1.0,1.0,-1.0,-1.0,1.0,1.0,-1.0,1.0,1.0,1.0,1.0,1.0,1.0,1.0,-1.0	0.17170247,1.3866183,-7.3142567,6.2288194,-6.9747953,2.3297987,4.1601467,-3.4510438,-1.9303397,-16.125366,5.003161,-2.80635,-4.619269,0.53670216,0.9843455,-1.7620846,3.354296,7.719196,5.0518036,7.6808515,5.578295,2.9213994,4.621859,-5.8500237
../data/train_data_mmini/8/Train_0035.jpg	8	1.0,-1.0,-1.0,-1.0,1.0,-1.0,1.0,-1.0,-1.0,-1.0,1.0,1.0,-1.0,-1.0,-1.0,-1.0,1.0,1.0,1.0,1.0,1.0,-1.0,1.0,1.0	0.92743534,-3.2745829,-6.549398,-1.6908302,1.0484668,-0.18213502,1.3300227,-0.66430515,-1.7004633,-14.838648,0.8505289,3.5546346,-5.716382,-1.8188924,-1.4140451,-1.4028704,3.9991765,4.6371346,4.678131,0.891615,7.0339804,-0.21711625,2.7398605,2.1363537
../data/train_data_mmini/8/Train_0036.jpg	8	1.0,-1.0,-1.0,-1.0,-1.0,1.0,1.0,1.0,-1.0,-1.0,1.0,1.0,-1.0,-1.0,1.0,1.0,1.0,1.0,1.0,1.0,1.0,1.0,1.0,-1.0	0.73008865,-3.462012,-8.806329,-0.92804694,-0.06069428,1.4563957,0.94437283,0.98920435,-2.1540225,-14.771061,2.1251454,0.8676625,-7.5770006,-0.16890387,2.2413511,1.5135057,3.3144705,7.216226,5.9009333,0.3817461,8.377481,0.10476689,3.2911375,-0.841838
../data/train_data_mmini/8/Train_0037.jpg	8	-1.0,-1.0,-1.0,1.0,-1.0,1.0,1.0,1.0,-1.0,-1.0,1.0,-1.0,-1.0,-1.0,1.0,-1.0,1.0,1.0,1.0,1.0,1.0,1.0,1.0,-1.0	-0.3162049,-1.802759,-10.872411,4.531257,-3.482833,2.1445842,3.1592066,0.124365345,-5.4753523,-16.93155,4.9474163,-2.7013803,-7.00091,-0.73489964,1.597528,-0.65452665,4.3770113,9.086253,4.9194593,4.3831444,8.843428,2.1299994,1.997125,-3.1074164
../data/train_data_mmini/8/Train_0038.jpg	8	1.0,-1.0,-1.0,-1.0,1.0,-1.0,1.0,-1.0,-1.0,-1.0,1.0,1.0,-1.0,-1.0,-1.0,-1.0,1.0,1.0,1.0,-1.0,1.0,-1.0,1.0,1.0	2.1573138,-4.003299,-6.587718,-3.095449,2.05216,-0.8722324,1.029852,-0.89176714,-2.1598024,-14.556915,1.1321893,2.0668135,-5.3510795,-1.8752714,-0.31172007,-1.2417965,3.5760875,7.5232706,5.1170654,-1.4154212,7.471066,-1.1198618,3.4962542,1.3532736
../data/train_data_mmini/8/Train_0039.jpg	8	-1.0,-1.0,-1.0,1.0,1.0,1.0,1.0,1.0,-1.0,-1.0,1.0,1.0,-1.0,-1.0,1.0,-1.0,1.0,1.0,1.0,1.0,1.0,1.0,1.0,1.0	-0.03927297,-4.6168113,-10.383093,0.6644907,1.0169995,1.4124843,1.011923,1.276231,-5.1595364,-15.987446,2.3034327,3.5834107,-7.642663,-2.5534394,0.33350256,-1.2390001,5.543956,4.102878,4.1135216,2.0710151,9.768546,0.95427424,0.97095484,2.0898082
../data/train_data_mmini/9/Train_0040.jpg	9	1.0,-1.0,-1.0,-1.0,-1.0,-1.0,1.0,-1.0,-1.0,-1.0,1.0,-1.0,-1.0,-1.0,-1.0,-1.0,1.0,1.0,1.0,1.0,1.0,1.0,1.0,-1.0	2.3115292,-1.7205828,-6.109127,-0.9068671,-1.1481841,-1.1217998,2.3413424,-2.5358813,-2.3594577,-15.378923,2.9202192,-0.8645753,-3.8828785,-1.7048953,-0.99219316,-2.5051343,4.0535564,9.034602,5.307659,0.32308584,5.924621,0.08938959,3.9386234,-0.5380057
../data/train_data_mmini/9/Train_0041.jpg	9	1.0,-1.0,-1.0,-1.0,-1.0,1.0,1.0,-1.0,1.0,-1.0,1.0,-1.0,-1.0,1.0,1.0,1.0,1.0,1.0,1.0,1.0,1.0,-1.0,1.0,-1.0	1.8261274,-1.330999,-6.3503127,-0.9837563,-1.2691318,1.8083961,2.7225292,-0.7729928,0.84190154,-12.541255,1.5948129,-2.9530537,-6.1843414,3.2831283,3.1716769,3.0815709,1.2830675,10.37859,5.6389217,0.7698256,6.9965405,-0.35350576,5.247835,-5.0780845
../data/train_data_mmini/9/Train_0042.jpg	9	1.0,-1.0,-1.0,1.0,-1.0,-1.0,1.0,-1.0,-1.0,-1.0,1.0,-1.0,-1.0,-1.0,-1.0,-1.0,1.0,1.0,1.0,1.0,1.0,1.0,1.0,1.0	2.057024,-2.2111697,-7.2735634,0.8783194,-1.0584646,-1.5094047,2.2123768,-2.4847445,-4.8098497,-15.013994,3.9742508,-1.0749652,-3.0384727,-3.443083,-1.0477021,-4.177944,5.0194235,8.238456,3.6986666,0.6570492,6.1809397,0.70987386,2.4245837,0.19936943
../data/train_data_mmini/9/Train_0043.jpg	9	1.0,-1.0,-1.0,-1.0,1.0,-1.0,1.0,-1.0,1.0,-1.0,1.0,1.0,-1.0,-1.0,-1.0,-1.0,1.0,1.0,1.0,-1.0,1.0,-1.0,1.0,1.0	2.3109999,-2.284282,-4.62617,-3.4739745,0.04658294,-1.3741192,1.2377343,-2.3921297,0.40434942,-15.231052,0.96186674,2.4273195,-4.736185,-1.1069157,-1.496226,-1.7332414,3.7216244,7.195548,6.1355286,-0.9697375,5.3086424,-0.9777923,5.519664,1.2290633
../data/train_data_mmini/9/Train_0044.jpg	9	1.0,-1.0,-1.0,-1.0,1.0,1.0,1.0,1.0,-1.0,-1.0,1.0,1.0,-1.0,-1.0,-1.0,-1.0,1.0,1.0,1.0,-1.0,1.0,-1.0,1.0,1.0	1.0038176,-6.255494,-9.899819,-2.9941468,4.577667,0.054372516,0.41628227,1.9403228,-6.3486075,-14.517573,2.7514381,1.224754,-6.6037235,-3.9486754,-0.4316368,-1.1165037,4.638298,6.7652755,4.404903,-3.4190202,9.472056,-1.2082363,0.42056364,3.2588165
../data/train_data_mmini/10/Train_0045.jpg	10	-1.0,-1.0,-1.0,1.0,-1.0,1.0,1.0,1.0,-1.0,-1.0,1.0,1.0,-1.0,-1.0,1.0,-1.0,1.0,1.0,1.0,1.0,1.0,1.0,1.0,1.0	-1.505016,-4.3805456,-11.004329,2.5885727,-0.045420755,2.6773293,1.240893,2.1255145,-5.764405,-15.733278,2.7936194,3.2966435,-8.605133,-1.6925449,0.6401442,-0.5830762,5.4145074,2.9510255,4.389809,3.7535088,9.867752,1.4554449,0.44635037,1.3866042
../data/train_data_mmini/10/Train_0046.jpg	10	-1.0,-1.0,-1.0,1.0,1.0,1.0,1.0,1.0,-1.0,-1.0,1.0,1.0,-1.0,-1.0,1.0,-1.0,1.0,1.0,1.0,1.0,1.0,1.0,-1.0,1.0	-0.27734065,-3.7662115,-9.562625,2.7647152,0.1288839,0.72725004,1.3753879,1.2638955,-6.8548975,-12.138658,3.6107206,0.5356616,-5.21067,-3.1548622,0.3152446,-2.3148952,4.993685,4.3062234,2.385005,1.8749186,7.9792247,1.6074476,-0.14776088,1.0017569
../data/train_data_mmini/10/Train_0047.jpg	10	-1.0,-1.0,-1.0,1.0,-1.0,1.0,1.0,1.0,-1.0,-1.0,1.0,1.0,-1.0,-1.0,1.0,-1.0,1.0,1.0,1.0,1.0,1.0,1.0,1.0,1.0	-0.0797346,-3.8425338,-11.10756,2.4412143,-1.3644774,1.1126679,1.2219298,0.17325291,-5.4359994,-19.499651,3.7378962,3.1646686,-8.088444,-2.970259,0.35364383,-2.5992856,6.6120477,5.6402655,5.6866093,3.3203309,9.804029,1.5483702,2.682457,1.3532146
../data/train_data_mmini/10/Train_0048.jpg	10	-1.0,-1.0,-1.0,-1.0,1.0,1.0,-1.0,1.0,-1.0,-1.0,1.0,1.0,-1.0,-1.0,1.0,1.0,1.0,1.0,1.0,-1.0,1.0,-1.0,1.0,1.0	-0.19886243,-6.709473,-10.989085,-1.3835791,4.124157,1.9545888,-0.10238047,3.2531312,-6.009122,-15.01993,2.1234467,4.0578437,-8.424502,-3.1601079,0.46932107,0.35044944,4.8332376,3.8939526,4.588175,-0.706839,10.879769,-0.7587668,0.38471234,3.0794847
../data/train_data_mmini/10/Train_0049.jpg	10	-1.0,-1.0,-1.0,1.0,-1.0,1.0,1.0,1.0,-1.0,-1.0,1.0,1.0,-1.0,-1.0,-1.0,-1.0,1.0,1.0,1.0,1.0,1.0,1.0,1.0,1.0	-0.41548732,-3.7406917,-10.215806,2.268662,-0.7920291,1.1623805,1.9151078,0.12918375,-5.2281303,-17.209398,3.266438,2.5892787,-7.245354,-2.3821247,-0.28314084,-2.0483658,5.594132,4.6188974,4.3012156,3.6063664,9.196268,1.3756958,1.4102714,1.1517916
