../data/train_data_mmini/1/Train_0000.jpg	1	-1.0,-1.0,-1.0,-1.0,1.0,-1.0,1.0,1.0,-1.0,1.0,1.0,-1.0	-0.68032014,-0.032640874,-0.20399639,-0.12422767,0.570974,-0.18511674,0.7616771,0.022962898,-0.44276434,1.1894712,1.1789945,-1.4596069
../data/train_data_mmini/1/Train_0001.jpg	1	1.0,-1.0,-1.0,-1.0,1.0,1.0,1.0,1.0,-1.0,-1.0,-1.0,-1.0	0.009223869,-0.57134193,-0.07585314,-0.50749516,0.7110559,0.5243837,0.2404332,0.020565122,-0.27533904,-0.3303933,-0.04399921,-0.60238594
../data/train_data_mmini/1/Train_0002.jpg	1	1.0,-1.0,1.0,1.0,1.0,-1.0,1.0,1.0,1.0,-1.0,-1.0,1.0	0.5295097,-0.2920194,0.05958268,0.06556466,0.45615134,-0.47876838,0.48743963,0.3341408,0.5721627,-0.6457653,-0.81495726,0.8234417
../data/train_data_mmini/1/Train_0003.jpg	1	-1.0,1.0,-1.0,-1.0,1.0,-1.0,1.0,-1.0,-1.0,1.0,1.0,-1.0	-0.7884945,0.08241385,-0.347765,-0.2682928,0.62254703,-0.048997916,0.51318973,-0.080625325,-0.8143878,1.1466625,1.3804069,-1.8241882
../data/train_data_mmini/1/Train_0004.jpg	1	-1.0,-1.0,-1.0,-1.0,1.0,-1.0,1.0,-1.0,-1.0,1.0,1.0,-1.0	-0.772781,-0.041719556,-0.48757264,-0.051180393,0.56876576,-0.45636854,0.7292673,-0.11892158,-0.46043247,0.9759502,1.3409535,-1.6711762
../data/train_data_mmini/2/Train_0005.jpg	2	1.0,-1.0,-1.0,-1.0,1.0,1.0,-1.0,-1.0,1.0,-1.0,-1.0,1.0	0.47858042,-0.24511433,-0.18302867,-0.70452976,0.5878502,0.61676675,-0.4455464,-0.1087535,0.32912666,-1.0518495,-0.8740187,0.2519222
../data/train_data_mmini/2/Train_0006.jpg	2	1.0,-1.0,-1.0,1.0,1.0,1.0,1.0,-1.0,1.0,-1.0,-1.0,1.0	0.27698362,-0.12121147,-0.5414939,0.056610107,0.6397221,0.0065056607,0.020509616,-0.16318181,0.09270533,-0.5017567,-0.13650607,0.44877204
../data/train_data_mmini/2/Train_0007.jpg	2	-1.0,1.0,-1.0,-1.0,1.0,-1.0,1.0,-1.0,-1.0,1.0,1.0,-1.0	-1.2344792,0.055620372,-0.49830332,-0.09453723,0.63040185,-0.3244937,0.8596095,-0.32485878,-0.91713536,1.430454,1.9505186,-2.3947926
../data/train_data_mmini/2/Train_0008.jpg	2	-1.0,-1.0,-1.0,-1.0,1.0,-1.0,1.0,-1.0,1.0,1.0,1.0,-1.0	-0.08235092,-0.15696013,-0.25557956,-0.101638705,0.3108892,-0.64326763,0.5875783,-0.09426798,0.65553635,0.1922775,0.009013668,-0.0058234483
../data/train_data_mmini/2/Train_0009.jpg	2	1.0,-1.0,-1.0,-1.0,1.0,1.0,-1.0,1.0,-1.0,-1.0,1.0,-1.0	0.038201235,-0.20868826,-0.24720481,-0.75916934,0.86938,0.5395965,-0.04361488,0.17819953,-0.051171012,-0.06671597,0.35145813,-0.83999157
../data/train_data_mmini/3/Train_0010.jpg	3	1.0,-1.0,-1.0,-1.0,1.0,-1.0,-1.0,-1.0,1.0,-1.0,-1.0,1.0	0.7560539,-0.24267274,-0.40474674,-0.21241134,0.18647799,-0.18941396,-0.080263,-0.13300341,0.12734118,-1.6642821,-0.71384424,0.0676803
../data/train_data_mmini/3/Train_0011.jpg	3	1.0,-1.0,1.0,1.0,1.0,-1.0,1.0,1.0,1.0,-1.0,-1.0,1.0	1.0706022,-0.6376809,0.27752665,0.073536485,0.3045936,-0.68432397,0.49802506,0.59928787,1.3048307,-1.7984926,-2.0199122,1.6246667
../data/train_data_mmini/3/Train_0012.jpg	3	1.0,-1.0,1.0,-1.0,1.0,1.0,-1.0,1.0,1.0,-1.0,-1.0,1.0	0.98541504,-0.48063612,0.093042046,-0.8146094,0.966879,0.9451172,-0.5146416,0.60290754,0.6525699,-1.2529545,-1.4049665,0.72991526
../data/train_data_mmini/3/Train_0013.jpg	3	1.0,-1.0,-1.0,-1.0,1.0,-1.0,-1.0,-1.0,1.0,-1.0,-1.0,1.0	1.1297913,-0.07738793,-0.31116208,-0.21792367,0.51408553,-0.026552655,-0.3571902,-0.1803672,0.7487636,-1.4390079,-1.1238061,1.2742032
../data/train_data_mmini/3/Train_0014.jpg	3	1.0,-1.0,-1.0,-1.0,1.0,-1.0,1.0,1.0,1.0,-1.0,-1.0,1.0	0.40977997,-0.26541483,-0.28886697,-0.089048654,0.5258765,-0.25848657,0.22265519,0.055817008,0.5777135,-1.0471286,-0.5760107,0.4672183
../data/train_data_mmini/4/Train_0015.jpg	4	-1.0,-1.0,-1.0,-1.0,1.0,-1.0,1.0,1.0,1.0,1.0,1.0,-1.0	-0.009121755,-0.13876712,-0.09663144,-0.20069289,0.6109452,-0.25611034,0.3902037,0.196625,0.45044303,0.4100418,0.15320705,-0.15364078
../data/train_data_mmini/4/Train_0016.jpg	4	1.0,-1.0,1.0,-1.0,1.0,1.0,-1.0,1.0,1.0,-1.0,-1.0,1.0	0.43532258,-0.38122064,0.37278086,-0.8808328,0.26232836,0.7537882,-0.068554774,0.025152296,0.30300903,-0.62775296,-1.2250078,0.2530488
../data/train_data_mmini/4/Train_0017.jpg	4	1.0,-1.0,1.0,-1.0,1.0,1.0,-1.0,1.0,1.0,-1.0,-1.0,1.0	1.3625139,-0.43124723,0.32255772,-0.35888585,0.47661468,0.49478385,-0.24353276,0.47006068,0.935284,-1.6849294,-2.1177862,1.7683955
../data/train_data_mmini/4/Train_0018.jpg	4	1.0,-1.0,1.0,-1.0,1.0,1.0,1.0,1.0,1.0,-1.0,-1.0,-1.0	0.26808292,-0.23352298,0.18222257,-0.54686403,0.27214983,0.1414187,0.23045354,0.00090658665,0.47195804,-0.4060585,-0.7020964,-0.12749948
../data/train_data_mmini/4/Train_0019.jpg	4	1.0,-1.0,-1.0,-1.0,1.0,1.0,-1.0,-1.0,1.0,-1.0,-1.0,1.0	0.55967987,-0.20909399,-0.850898,-0.12259075,0.6012323,0.16969696,-0.23742507,-0.253105,0.03117112,-1.4194168,-0.4913649,0.6688195
../data/train_data_mmini/5/Train_0020.jpg	5	-1.0,-1.0,-1.0,-1.0,1.0,1.0,1.0,-1.0,-1.0,1.0,1.0,-1.0	-0.938947,-0.094566464,-0.5276482,-0.30536094,0.7749044,0.119420014,0.5276158,-0.26682305,-0.9639346,0.9479885,1.549972,-2.0439303
../data/train_data_mmini/5/Train_0021.jpg	5	-1.0,1.0,-1.0,1.0,1.0,-1.0,1.0,1.0,1.0,1.0,1.0,-1.0	-0.30806231,0.055076122,-0.43855903,0.13758579,0.71807706,-0.9359925,0.68567294,0.098252475,0.24363768,0.8409353,0.938873,-0.7641538
../data/train_data_mmini/5/Train_0022.jpg	5	-1.0,1.0,-1.0,-1.0,1.0,-1.0,1.0,-1.0,-1.0,1.0,1.0,-1.0	-0.9728921,0.09378141,-0.70934534,-0.078832775,0.7007024,-0.16771251,0.6537863,-0.29375035,-0.7770064,1.0057747,1.6246128,-1.8364037
../data/train_data_mmini/5/Train_0023.jpg	5	-1.0,1.0,-1.0,-1.0,1.0,-1.0,1.0,-1.0,-1.0,1.0,1.0,-1.0	-1.1619904,0.17569906,-0.5684526,-0.16889194,0.6986691,-0.15702218,0.7194085,-0.21473655,-0.964594,1.5942297,2.026339,-2.3089664
../data/train_data_mmini/5/Train_0024.jpg	5	-1.0,-1.0,-1.0,-1.0,1.0,-1.0,1.0,1.0,-1.0,1.0,1.0,-1.0	-0.14345326,-0.060286105,-0.3219364,-0.15882221,0.664714,-0.42826864,0.1701933,0.060967803,-0.012008674,0.19609897,0.5028679,-0.85036725
../data/train_data_mmini/6/Train_0025.jpg	6	1.0,1.0,-1.0,-1.0,1.0,1.0,-1.0,1.0,1.0,-1.0,-1.0,1.0	1.4796722,0.09238207,-0.3699083,-0.62729263,0.765525,0.69454837,-1.1061214,0.26112935,0.43183172,-2.597547,-1.9913784,1.3168626
../data/train_data_mmini/6/Train_0026.jpg	6	-1.0,-1.0,1.0,-1.0,1.0,1.0,1.0,1.0,-1.0,-1.0,-1.0,-1.0	-0.049453117,-0.77093786,0.24487188,-0.36212978,0.3566731,0.29959896,0.6391591,0.18023112,-0.34110755,-0.260176,-0.11163826,-0.8976498
../data/train_data_mmini/6/Train_0027.jpg	6	1.0,-1.0,1.0,-1.0,1.0,1.0,-1.0,1.0,1.0,-1.0,-1.0,1.0	1.1811438,-0.50091493,0.024926513,-0.718279,0.5015421,0.5155999,-0.31929535,0.36636347,0.7226259,-2.1598833,-1.764261,0.7783875
../data/train_data_mmini/6/Train_0028.jpg	6	1.0,-1.0,1.0,1.0,1.0,-1.0,1.0,1.0,1.0,-1.0,-1.0,1.0	0.16578366,-0.3945856,0.005844325,0.31243113,0.37763587,-1.0261496,0.9518684,0.12012167,0.69729745,-0.5564994,-0.48311108,0.35887566
../data/train_data_mmini/6/Train_0029.jpg	6	1.0,1.0,-1.0,-1.0,1.0,1.0,-1.0,1.0,1.0,-1.0,-1.0,1.0	1.4184692,0.26367882,-0.482711,-0.7400048,0.6399952,0.3434819,-1.0605595,0.13481933,0.44454443,-1.9024343,-1.3691446,0.8595114
../data/train_data_mmini/7/Train_0030.jpg	7	-1.0,-1.0,-1.0,-1.0,1.0,1.0,1.0,-1.0,-1.0,1.0,1.0,-1.0	-0.26219058,-0.23136693,-0.2999467,-0.67118394,0.8815421,0.7391878,0.036776975,-0.05471036,-0.30645457,0.1340696,0.2978499,-0.7425337
../data/train_data_mmini/7/Train_0031.jpg	7	1.0,-1.0,-1.0,-1.0,1.0,1.0,-1.0,1.0,1.0,-1.0,-1.0,1.0	0.65757966,-0.13691214,-0.1767728,-0.67696047,0.71053636,0.33140165,-0.40249532,0.016107231,0.45807058,-1.0733567,-0.70489854,0.20807032
../data/train_data_mmini/7/Train_0032.jpg	7	1.0,-1.0,1.0,-1.0,1.0,1.0,-1.0,1.0,1.0,-1.0,-1.0,1.0	1.4684653,-0.35817897,0.2548882,-0.38331452,0.43923596,0.028106414,-0.10435428,0.6224952,1.6180943,-2.2619433,-2.358523,1.7714211
../data/train_data_mmini/7/Train_0033.jpg	7	1.0,-1.0,-1.0,-1.0,1.0,1.0,-1.0,-1.0,-1.0,-1.0,-1.0,-1.0	0.03950631,-0.4916644,-0.09429827,-0.7024684,0.7297975,0.64662343,-0.145927,-0.023210213,-0.32676458,-0.68928987,-0.24641211,-0.7069404
../data/train_data_mmini/7/Train_0034.jpg	7	1.0,-1.0,-1.0,1.0,1.0,-1.0,1.0,1.0,1.0,-1.0,-1.0,1.0	1.4601426,-0.43756568,-0.06096986,0.30822095,0.15662602,-1.263844,0.20840381,0.22860044,1.5509433,-2.9596083,-2.3970437,1.8619428
../data/train_data_mmini/8/Train_0035.jpg	8	1.0,-1.0,-1.0,-1.0,1.0,-1.0,-1.0,1.0,1.0,-1.0,1.0,1.0	0.28034228,-0.03509149,-0.48130032,-0.33386937,0.8251567,-0.023913778,-0.10593884,0.020396441,0.31181028,-0.41022676,0.007982448,0.04580624
../data/train_data_mmini/8/Train_0036.jpg	8	1.0,-1.0,-1.0,-1.0,1.0,1.0,-1.0,1.0,1.0,-1.0,-1.0,1.0	0.5385591,-0.12016308,-0.15761086,-0.6512048,0.8323349,0.484722,-0.422733,0.017339274,0.29053643,-1.1749197,-0.79139465,0.32153347
../data/train_data_mmini/8/Train_0037.jpg	8	1.0,-1.0,1.0,-1.0,1.0,-1.0,1.0,1.0,1.0,-1.0,-1.0,1.0	0.899809,-0.5499537,0.32486644,-0.43592945,0.4544996,-0.23896602,0.050401732,0.18601125,0.76391274,-1.5485057,-1.5000446,0.73928934
../data/train_data_mmini/8/Train_0038.jpg	8	1.0,-1.0,-1.0,-1.0,1.0,-1.0,-1.0,1.0,1.0,-1.0,-1.0,1.0	0.6504295,-0.048874617,-0.34962973,-0.47440246,0.76664245,-0.033669986,-0.27752155,0.08731973,0.4420392,-0.94850737,-0.49687302,0.50681645
../data/train_data_mmini/8/Train_0039.jpg	8	1.0,-1.0,-1.0,-1.0,1.0,1.0,-1.0,1.0,1.0,-1.0,-1.0,1.0	0.90479606,-0.13315266,-0.3608767,-0.38329962,0.76069236,0.10318782,-0.35261136,0.20119268,0.63652265,-1.2570512,-0.787577,0.73950267
../data/train_data_mmini/9/Train_0040.jpg	9	-1.0,-1.0,-1.0,-1.0,1.0,-1.0,1.0,-1.0,-1.0,1.0,1.0,-1.0	-0.60852164,-0.010576367,-0.51816165,-0.021288544,0.64024067,-0.6682916,0.66380966,-0.10249224,-0.13271043,0.7073092,1.0319617,-1.2005143
../data/train_data_mmini/9/Train_0041.jpg	9	1.0,-1.0,-1.0,-1.0,1.0,1.0,-1.0,-1.0,1.0,-1.0,-1.0,1.0	0.58955574,-0.7033665,-0.0623686,-0.757666,0.6456511,0.7833581,-0.16321148,-0.02276805,0.3012221,-1.8683834,-1.3253051,0.19603866
../data/train_data_mmini/9/Train_0042.jpg	9	1.0,-1.0,-1.0,-1.0,1.0,-1.0,1.0,1.0,1.0,-1.0,-1.0,-1.0	0.189238,-0.16638684,-0.0946081,-0.16190296,0.41144267,-0.7717311,0.27279353,0.04507783,0.55510616,-0.16816728,-0.17607923,-0.08846378
../data/train_data_mmini/9/Train_0043.jpg	9	-1.0,-1.0,-1.0,-1.0,1.0,-1.0,1.0,-1.0,-1.0,1.0,1.0,-1.0	-0.4535265,-0.046773076,-0.6988243,-0.14057079,0.8471774,-0.24479309,0.347921,-0.27610773,-0.13307777,0.3758487,0.94834954,-0.83812827
../data/train_data_mmini/9/Train_0044.jpg	9	1.0,-1.0,-1.0,-1.0,1.0,1.0,-1.0,1.0,1.0,-1.0,-1.0,1.0	0.9659599,-0.12152362,-0.33632818,-0.6621746,0.7626585,0.49086782,-0.7017292,0.21416381,0.3126993,-1.0245271,-0.777735,0.6277239
../data/train_data_mmini/10/Train_0045.jpg	10	1.0,-1.0,1.0,-1.0,1.0,1.0,-1.0,1.0,1.0,-1.0,-1.0,1.0	1.9775115,-0.02515456,0.09009507,-0.8438182,0.2991951,0.72776943,-1.0216442,0.40852037,1.5157694,-2.8659353,-2.7125645,1.8614206
../data/train_data_mmini/10/Train_0046.jpg	10	1.0,-1.0,1.0,-1.0,1.0,-1.0,-1.0,1.0,1.0,-1.0,-1.0,1.0	1.8433894,-0.16898948,0.15652555,-0.30485052,0.06995678,-0.13486385,-0.6160308,0.5025469,1.1761476,-2.1616406,-2.5562413,2.2048304
../data/train_data_mmini/10/Train_0047.jpg	10	1.0,-1.0,-1.0,-1.0,1.0,-1.0,-1.0,1.0,1.0,-1.0,-1.0,1.0	1.6188844,-0.0031177402,-0.08965674,-0.30679658,0.4651471,-0.14054468,-0.5562668,0.2272009,1.4626538,-2.2940257,-2.034444,1.8384105
../data/train_data_mmini/10/Train_0048.jpg	10	1.0,1.0,-1.0,-1.0,1.0,1.0,-1.0,1.0,1.0,-1.0,-1.0,1.0	1.9668088,0.38125375,-0.72955656,-1.1035205,0.79544806,1.0591515,-1.875763,0.18007472,1.1611375,-3.0950527,-2.5264716,2.0201259
../data/train_data_mmini/10/Train_0049.jpg	10	1.0,-1.0,-1.0,-1.0,1.0,-1.0,-1.0,1.0,1.0,-1.0,-1.0,1.0	0.9929092,-0.087750256,-0.2615082,-0.22452068,0.5760571,-0.21988389,-0.12091227,0.36583427,0.87017775,-1.4380448,-1.0500711,0.97232515
