../data/train_data_mmini/1/Train_0000.jpg	1	-1.0,-1.0,-1.0,-1.0,1.0,1.0,1.0,1.0	-1.1560787,-0.37434614,-1.2045578,-0.44934127,0.7529684,0.40650913,0.15498628,2.6291428
../data/train_data_mmini/1/Train_0001.jpg	1	-1.0,-1.0,-1.0,-1.0,1.0,1.0,-1.0,1.0	-0.35936433,-0.2744406,-0.88293046,-0.16490847,0.16114163,0.44018856,-0.15822484,0.66542935
../data/train_data_mmini/1/Train_0002.jpg	1	1.0,-1.0,-1.0,1.0,-1.0,1.0,-1.0,-1.0	0.74909616,-0.43301648,-0.31152976,0.196079,-0.07401031,0.11995897,-0.6593732,-1.728906
../data/train_data_mmini/1/Train_0003.jpg	1	-1.0,-1.0,-1.0,-1.0,1.0,1.0,1.0,1.0	-1.5424184,-0.33200544,-1.4627026,-0.7689676,0.7524099,0.3864868,0.44138032,3.7218711
../data/train_data_mmini/1/Train_0004.jpg	1	-1.0,-1.0,-1.0,-1.0,1.0,1.0,1.0,1.0	-1.3741127,-0.14792311,-1.3281767,-0.29766694,1.000154,0.68403095,0.24490848,1.9655592
../data/train_data_mmini/2/Train_0005.jpg	2	1.0,-1.0,-1.0,1.0,1.0,1.0,-1.0,-1.0	0.7380409,-0.4704044,-0.34548303,0.24009033,0.16168612,0.40433306,-0.5568163,-2.0347779
../data/train_data_mmini/2/Train_0006.jpg	2	1.0,1.0,-1.0,-1.0,-1.0,1.0,1.0,-1.0	0.34001815,0.28297722,-0.7137809,-0.021849146,-0.5524072,0.022158515,0.37605235,-0.8111337
../data/train_data_mmini/2/Train_0007.jpg	2	-1.0,-1.0,-1.0,-1.0,1.0,1.0,1.0,1.0	-1.5879303,-0.25255683,-1.3663847,-0.4981381,1.1920991,0.47029284,0.53196555,3.3813686
../data/train_data_mmini/2/Train_0008.jpg	2	-1.0,-1.0,-1.0,-1.0,1.0,1.0,-1.0,-1.0	-0.045945965,-0.7748807,-0.6252493,-0.012577897,0.3735839,0.5728775,-0.5963645,-0.59124255
../data/train_data_mmini/2/Train_0009.jpg	2	1.0,-1.0,-1.0,-1.0,1.0,1.0,-1.0,-1.0	0.58630604,-0.6837571,-0.557769,-0.055004705,0.33474517,0.35154653,-0.32911512,-1.2402266
../data/train_data_mmini/3/Train_0010.jpg	3	1.0,-1.0,-1.0,1.0,-1.0,-1.0,-1.0,-1.0	0.82427037,-0.021309957,-0.37763488,0.19801657,-0.6614394,-0.011988688,-0.026289048,-1.7636439
../data/train_data_mmini/3/Train_0011.jpg	3	1.0,1.0,-1.0,1.0,-1.0,1.0,-1.0,-1.0	1.0480304,0.7716406,-0.09326072,0.99426895,-1.2385709,0.05158335,-0.37599635,-4.1576595
../data/train_data_mmini/3/Train_0012.jpg	3	1.0,-1.0,-1.0,1.0,-1.0,1.0,-1.0,-1.0	0.7346512,-0.08187348,-0.42413554,0.41342345,-0.29099938,0.51150304,-0.38837585,-2.78412
../data/train_data_mmini/3/Train_0013.jpg	3	1.0,-1.0,-1.0,1.0,-1.0,1.0,-1.0,-1.0	1.1348878,-0.3195603,-0.053507727,0.3984921,-0.70131093,0.05835114,-0.36124256,-2.6521385
../data/train_data_mmini/3/Train_0014.jpg	3	1.0,-1.0,-1.0,1.0,-1.0,1.0,-1.0,-1.0	0.75363916,-0.23265485,-0.42016935,0.29958358,-0.4261333,0.22157417,-0.35389715,-1.7703867
../data/train_data_mmini/4/Train_0015.jpg	4	-1.0,-1.0,-1.0,1.0,1.0,1.0,-1.0,-1.0	-0.15551737,-0.8145538,-0.8855407,0.024096662,0.66061884,0.570561,-0.5520747,-0.40440434
../data/train_data_mmini/4/Train_0016.jpg	4	1.0,-1.0,-1.0,1.0,1.0,1.0,-1.0,-1.0	0.6257584,-1.236629,-0.32878408,0.032044612,0.3126971,0.31284353,-1.097117,-1.0079905
../data/train_data_mmini/4/Train_0017.jpg	4	1.0,1.0,1.0,1.0,-1.0,-1.0,-1.0,-1.0	1.319523,0.25742865,0.082020685,0.93603873,-1.0804074,-0.05562948,-0.6011633,-4.1029925
../data/train_data_mmini/4/Train_0018.jpg	4	1.0,-1.0,-1.0,1.0,1.0,1.0,-1.0,-1.0	0.8918369,-0.7612744,-0.23407966,0.37461776,0.16770492,0.3901793,-1.0885063,-1.9564321
../data/train_data_mmini/4/Train_0019.jpg	4	1.0,1.0,-1.0,-1.0,-1.0,-1.0,1.0,-1.0	0.009849623,0.75891024,-1.0547761,-0.07088777,-0.30172795,-0.015316721,0.9495081,-1.0928715
../data/train_data_mmini/5/Train_0020.jpg	5	-1.0,-1.0,-1.0,-1.0,1.0,1.0,1.0,1.0	-1.8821555,-0.12501705,-1.48423,-0.5498756,1.3375089,0.5653798,0.5588841,4.0615187
../data/train_data_mmini/5/Train_0021.jpg	5	-1.0,-1.0,-1.0,-1.0,1.0,1.0,1.0,1.0	-0.9345766,-0.38979715,-1.2554402,-0.48399407,0.5603287,0.4248102,0.068972066,1.8163329
../data/train_data_mmini/5/Train_0022.jpg	5	-1.0,-1.0,-1.0,-1.0,1.0,1.0,1.0,1.0	-1.1720054,-0.040019415,-1.2545184,-0.38773966,0.7672546,0.46095577,0.39252546,2.04211
../data/train_data_mmini/5/Train_0023.jpg	5	-1.0,-1.0,-1.0,-1.0,1.0,1.0,1.0,1.0	-1.8530836,-0.36026865,-1.4787637,-0.69844484,1.2401037,0.47377196,0.5138717,4.2783933
../data/train_data_mmini/5/Train_0024.jpg	5	-1.0,-1.0,-1.0,-1.0,1.0,1.0,1.0,1.0	-0.50578034,-0.4614522,-0.98770154,-0.30684835,0.5550225,0.4162881,0.110092506,0.4615185
../data/train_data_mmini/6/Train_0025.jpg	6	1.0,1.0,-1.0,1.0,-1.0,-1.0,1.0,-1.0	1.3734412,0.53008914,-0.14275692,0.7001716,-1.309001,-0.34319863,0.53392404,-4.1416483
../data/train_data_mmini/6/Train_0026.jpg	6	1.0,1.0,-1.0,1.0,-1.0,1.0,1.0,-1.0	0.19963472,0.7246964,-0.80868345,0.48648068,-0.20265882,0.021651782,0.00012303749,-1.2334399
../data/train_data_mmini/6/Train_0027.jpg	6	1.0,1.0,-1.0,1.0,-1.0,1.0,-1.0,-1.0	1.2917372,0.068466455,-0.23078197,0.7962541,-0.8469636,0.06382212,-0.22699308,-3.5316415
../data/train_data_mmini/6/Train_0028.jpg	6	1.0,1.0,-1.0,1.0,-1.0,1.0,-1.0,-1.0	0.7684661,0.13969937,-0.28224564,0.30724242,-0.84161395,0.11127187,-0.39218965,-2.11756
../data/train_data_mmini/6/Train_0029.jpg	6	1.0,-1.0,-1.0,1.0,-1.0,-1.0,-1.0,-1.0	1.4305091,-0.33724022,-0.005818533,0.5625678,-0.55376256,-0.20515463,-0.33205518,-4.140009
../data/train_data_mmini/7/Train_0030.jpg	7	1.0,-1.0,-1.0,-1.0,1.0,1.0,-1.0,-1.0	0.40419602,-0.512426,-0.6851816,-0.10448741,0.23189442,0.3476741,-0.20200133,-0.90424746
../data/train_data_mmini/7/Train_0031.jpg	7	1.0,-1.0,-1.0,1.0,-1.0,1.0,-1.0,-1.0	1.0672417,-0.69443333,-0.2212594,0.23282541,-0.27115685,0.21425112,-0.44791836,-2.0323954
../data/train_data_mmini/7/Train_0032.jpg	7	1.0,1.0,-1.0,1.0,-1.0,1.0,-1.0,-1.0	1.2024213,0.5018601,-0.07258779,0.99371415,-0.9527445,0.047317587,-0.39476183,-4.531553
../data/train_data_mmini/7/Train_0033.jpg	7	1.0,-1.0,-1.0,1.0,-1.0,1.0,-1.0,-1.0	0.6598252,-0.14447875,-0.39646903,0.34520048,-0.15393153,0.2989403,-0.19863658,-1.7101438
../data/train_data_mmini/7/Train_0034.jpg	7	1.0,1.0,-1.0,1.0,-1.0,-1.0,1.0,-1.0	1.1663452,1.060619,-0.1267278,1.1242431,-1.8058152,-0.26813748,0.17644326,-4.3899894
../data/train_data_mmini/8/Train_0035.jpg	8	1.0,-1.0,-1.0,1.0,-1.0,1.0,-1.0,-1.0	0.99272704,-0.43081945,-0.26961556,0.20135738,-0.44348976,0.23243321,-0.4313824,-2.4636726
../data/train_data_mmini/8/Train_0036.jpg	8	1.0,-1.0,-1.0,1.0,-1.0,1.0,-1.0,-1.0	1.2907058,-0.6055181,-0.10636845,0.4984559,-0.41657975,0.17445539,-0.70131195,-2.9725945
../data/train_data_mmini/8/Train_0037.jpg	8	1.0,1.0,-1.0,1.0,-1.0,1.0,-1.0,-1.0	1.2613391,0.17424707,-0.05640151,0.97082514,-0.7703082,0.053401854,-0.48652497,-3.6390283
../data/train_data_mmini/8/Train_0038.jpg	8	1.0,-1.0,-1.0,1.0,-1.0,1.0,-1.0,-1.0	0.8363851,-0.72922677,-0.4124354,0.0562597,-0.18562073,0.21640041,-0.37372005,-1.6874489
../data/train_data_mmini/8/Train_0039.jpg	8	1.0,1.0,-1.0,1.0,-1.0,1.0,-1.0,-1.0	1.34773,0.024136275,-0.051224668,0.7054626,-0.8308042,0.04077694,-0.41587177,-4.2795577
../data/train_data_mmini/9/Train_0040.jpg	9	-1.0,-1.0,-1.0,-1.0,1.0,1.0,-1.0,1.0	-0.3913352,-0.49109948,-1.0853292,-0.2692571,0.4933363,0.49669865,-0.013684457,0.41368404
../data/train_data_mmini/9/Train_0041.jpg	9	1.0,-1.0,-1.0,1.0,-1.0,1.0,-1.0,-1.0	0.83882034,-0.20122246,-0.3051427,0.44637483,-0.26736352,0.36152562,-0.3093738,-2.2788918
../data/train_data_mmini/9/Train_0042.jpg	9	-1.0,-1.0,-1.0,1.0,1.0,1.0,-1.0,-1.0	-0.08671753,-1.0829749,-0.8877479,0.10352161,0.67897445,0.6261226,-0.72446734,-0.44853455
../data/train_data_mmini/9/Train_0043.jpg	9	-1.0,-1.0,-1.0,-1.0,1.0,1.0,-1.0,-1.0	-0.10020945,-0.49358207,-0.79386747,-0.09663134,0.50561726,0.40009508,-0.26521766,-0.023334894
../data/train_data_mmini/9/Train_0044.jpg	9	1.0,-1.0,-1.0,1.0,-1.0,1.0,-1.0,-1.0	0.9741413,-0.28889865,-0.40199095,0.1300311,-0.2971225,0.20781547,-0.1300397,-2.318981
../data/train_data_mmini/10/Train_0045.jpg	10	1.0,1.0,1.0,1.0,-1.0,-1.0,-1.0,-1.0	1.6021374,0.78260493,0.2851769,1.4761349,-1.5560582,-0.30229297,-0.42020512,-7.2899942
../data/train_data_mmini/10/Train_0046.jpg	10	1.0,1.0,1.0,1.0,-1.0,-1.0,-1.0,-1.0	1.1522455,0.5833933,0.25070384,0.96154565,-1.1573496,-0.28803918,-0.50795007,-4.7310085
../data/train_data_mmini/10/Train_0047.jpg	10	1.0,1.0,1.0,1.0,-1.0,-1.0,-1.0,-1.0	1.4911375,0.3239938,0.14840665,1.0287144,-1.2061973,-0.21825199,-0.5351254,-5.115765
../data/train_data_mmini/10/Train_0048.jpg	10	1.0,1.0,1.0,1.0,-1.0,-1.0,-1.0,-1.0	1.3115884,0.14508314,0.088692114,0.7101899,-0.9259852,-0.041964594,-0.016960422,-5.778955
../data/train_data_mmini/10/Train_0049.jpg	10	1.0,1.0,-1.0,1.0,-1.0,-1.0,-1.0,-1.0	1.2872047,0.30178046,-0.10380128,0.7925041,-0.9432031,-0.046633486,-0.27122793,-4.109936
