../data/train_data_mmini/1/Train_0000.jpg	1	1.0,1.0,1.0,-1.0,-1.0,1.0,1.0,-1.0,1.0,-1.0,1.0,-1.0,1.0,-1.0,-1.0,1.0,1.0,-1.0,-1.0,1.0,1.0,-1.0,1.0,-1.0	3.7231393,1.4719564,4.075644,-3.5116632,-4.1646905,0.3386595,2.6992216,-0.50093096,3.1351683,-2.640599,4.22309,-2.468986,1.1303594,-0.3257762,-1.4906945,2.448447,0.18719773,-4.207195,-15.879415,0.44660348,0.07371278,-10.853067,4.7086124,-4.119366
../data/train_data_mmini/1/Train_0001.jpg	1	1.0,1.0,1.0,-1.0,-1.0,1.0,1.0,1.0,1.0,-1.0,1.0,-1.0,-1.0,1.0,-1.0,1.0,1.0,-1.0,-1.0,-1.0,-1.0,-1.0,1.0,-1.0	3.1051219,1.097675,2.9344418,-7.081981,-0.694728,2.5540838,2.160476,1.3844162,4.414869,-0.2983936,5.552528,-5.403491,-1.4161955,1.3214346,-1.1225137,2.265818,0.5689281,-3.366144,-19.742273,-2.276501,-0.60606915,-12.230686,1.6809937,-5.9666705
../data/train_data_mmini/1/Train_0002.jpg	1	1.0,1.0,1.0,-1.0,-1.0,1.0,1.0,-1.0,-1.0,-1.0,-1.0,-1.0,1.0,-1.0,-1.0,1.0,1.0,-1.0,-1.0,-1.0,1.0,-1.0,1.0,-1.0	3.8187697,4.796404,4.0755477,-3.0507255,-1.2382945,1.8373218,1.3435448,-2.4599805,-1.7196819,-3.4436607,-0.80432093,-4.5409346,0.87646526,-1.2347932,-2.1607969,3.4629173,3.086697,-0.2081648,-10.999942,-0.37183964,0.028686214,-6.922273,2.9600322,-4.0583253
../data/train_data_mmini/1/Train_0003.jpg	1	1.0,-1.0,1.0,-1.0,-1.0,-1.0,1.0,1.0,1.0,-1.0,1.0,-1.0,1.0,1.0,-1.0,1.0,-1.0,-1.0,-1.0,1.0,1.0,-1.0,1.0,-1.0	5.7747836,-0.7154607,3.6035988,-2.892781,-2.855727,-1.3018824,0.6064067,0.7180319,6.6572337,-0.5511785,6.8461456,-1.859774,1.1488374,1.4653089,-2.0122442,1.2676158,-0.09364355,-6.6060944,-17.623737,1.3022795,1.2116534,-13.029203,5.1715684,-4.167282
../data/train_data_mmini/1/Train_0004.jpg	1	1.0,1.0,1.0,-1.0,-1.0,1.0,1.0,-1.0,1.0,-1.0,1.0,-1.0,1.0,-1.0,-1.0,1.0,-1.0,-1.0,-1.0,-1.0,1.0,-1.0,1.0,-1.0	3.0135143,1.707104,4.579216,-6.4767923,-6.6054244,0.7022084,1.9298595,-0.77156836,3.3462007,-2.4251792,6.650861,-2.7773108,0.41969302,-0.5807335,-0.41300675,2.406456,-1.5335904,-3.8663912,-17.754816,-0.673057,0.17301159,-10.508476,4.2045193,-3.7887986
../data/train_data_mmini/2/Train_0005.jpg	2	1.0,1.0,-1.0,-1.0,-1.0,1.0,-1.0,-1.0,-1.0,1.0,1.0,-1.0,-1.0,-1.0,1.0,-1.0,1.0,1.0,-1.0,-1.0,1.0,-1.0,1.0,-1.0	0.09875091,2.810657,-0.02696924,-9.845594,-1.2723863,1.1233213,-2.563602,-1.1139574,-1.4929465,1.1352553,5.3605843,-8.83615,-1.685326,-1.0491108,0.4725185,-0.39782366,1.3003768,0.100423336,-14.880155,-2.9143844,2.3908732,-8.156761,3.5904963,-5.6081786
../data/train_data_mmini/2/Train_0006.jpg	2	1.0,1.0,-1.0,-1.0,-1.0,1.0,-1.0,-1.0,-1.0,-1.0,1.0,-1.0,1.0,1.0,-1.0,-1.0,1.0,-1.0,-1.0,-1.0,1.0,-1.0,1.0,-1.0	1.1820323,1.9028808,-0.31903806,-6.7960696,-3.7550442,0.14808895,-4.4194107,-3.6918397,-1.0793896,-0.26243934,7.126284,-4.5543594,2.0937233,1.5016885,-1.9039651,-4.246521,1.8775381,-0.7310875,-10.728761,-2.4679747,6.374067,-7.6999407,1.9590144,-1.9238088
../data/train_data_mmini/2/Train_0007.jpg	2	1.0,1.0,1.0,-1.0,-1.0,-1.0,1.0,-1.0,1.0,-1.0,1.0,-1.0,1.0,-1.0,-1.0,1.0,-1.0,-1.0,-1.0,1.0,-1.0,-1.0,1.0,-1.0	5.088404,0.910771,5.2615566,-5.6916795,-4.456376,-0.5300726,3.1587007,-0.44336236,2.8915613,-2.3057818,5.601175,-3.8871753,1.0337459,-1.0196613,-1.0289665,4.564767,-0.82524705,-3.4953272,-17.557327,1.3414783,-1.0974635,-10.831187,5.48667,-3.4364638
../data/train_data_mmini/2/Train_0008.jpg	2	-1.0,1.0,1.0,-1.0,-1.0,1.0,1.0,-1.0,-1.0,-1.0,1.0,-1.0,-1.0,-1.0,1.0,1.0,-1.0,1.0,-1.0,-1.0,-1.0,-1.0,1.0,-1.0	-0.08830849,5.3969345,3.1910784,-9.040315,-8.683297,2.0456173,2.8647034,-2.5141594,-2.1075466,-4.4999485,5.775533,-5.7322254,-1.52591,-1.7321346,0.76684254,3.1500478,-1.6004292,1.041126,-17.179497,-0.38212833,-0.5083082,-5.455613,2.531308,-2.9044566
../data/train_data_mmini/2/Train_0009.jpg	2	-1.0,1.0,-1.0,-1.0,-1.0,1.0,-1.0,-1.0,-1.0,1.0,1.0,-1.0,-1.0,-1.0,-1.0,-1.0,1.0,-1.0,-1.0,-1.0,1.0,-1.0,1.0,-1.0	-1.1307855,2.8506029,-0.7389421,-9.3387,-0.30162388,2.557151,-1.6417484,-2.760413,-2.6312149,0.6573606,4.8614264,-9.772976,-0.26640746,-0.86858326,-0.46290556,-1.7572227,2.3785002,-0.54364043,-16.205074,-3.638659,4.113135,-12.43574,3.107933,-6.848034
../data/train_data_mmini/3/Train_0010.jpg	3	-1.0,1.0,-1.0,-1.0,-1.0,1.0,-1.0,1.0,1.0,1.0,1.0,-1.0,-1.0,1.0,1.0,1.0,-1.0,1.0,-1.0,-1.0,1.0,-1.0,1.0,-1.0	-1.4114937,2.5089664,-1.3010845,-11.65914,-2.430576,1.4807196,-2.1083229,0.45691317,0.2518085,1.2310615,8.017962,-8.458409,-3.7542093,0.036665156,2.3007417,0.16360185,-2.3092039,0.7967315,-16.047964,-3.5124292,1.5014455,-6.1031523,0.14411801,-4.740597
../data/train_data_mmini/3/Train_0011.jpg	3	-1.0,1.0,1.0,-1.0,-1.0,1.0,1.0,-1.0,-1.0,-1.0,-1.0,-1.0,-1.0,-1.0,1.0,1.0,1.0,1.0,-1.0,-1.0,-1.0,-1.0,1.0,-1.0	-0.17334631,5.6959786,2.880392,-6.1090345,-1.6090341,5.018625,3.573407,-0.7728129,-1.7903965,-3.5467198,-1.1102096,-6.363217,-1.3634582,-2.9266422,0.77459604,3.534797,1.8097647,0.12423456,-12.979211,-3.8757198,-0.9374958,-7.327332,1.4391567,-6.155742
../data/train_data_mmini/3/Train_0012.jpg	3	1.0,1.0,1.0,-1.0,-1.0,1.0,1.0,-1.0,1.0,-1.0,1.0,-1.0,1.0,1.0,-1.0,-1.0,1.0,-1.0,-1.0,-1.0,1.0,-1.0,1.0,-1.0	1.5256335,3.1978083,2.1713457,-2.811055,-0.48967317,4.8827624,0.5714962,-2.4202964,2.7608273,-0.5958354,2.3402789,-3.1498902,1.3392868,0.47142592,-2.2220144,-2.637281,4.5382524,-3.810872,-14.612692,-4.7109637,4.5265265,-13.857046,0.2057836,-6.879204
../data/train_data_mmini/3/Train_0013.jpg	3	-1.0,1.0,-1.0,-1.0,-1.0,1.0,-1.0,-1.0,-1.0,-1.0,1.0,-1.0,-1.0,1.0,-1.0,-1.0,1.0,1.0,-1.0,-1.0,1.0,-1.0,-1.0,-1.0	-0.7402121,5.212998,-0.7627298,-9.464478,-4.3567414,2.9125266,-2.5109317,-3.9585564,-3.5803723,-1.9944551,6.754176,-7.733697,-0.54588157,1.2302095,-1.0172673,-2.623286,1.9350276,1.4953235,-14.974114,-3.2436318,4.848217,-6.992409,-0.7650886,-3.5548093
../data/train_data_mmini/3/Train_0014.jpg	3	-1.0,1.0,1.0,-1.0,-1.0,1.0,-1.0,-1.0,-1.0,-1.0,1.0,-1.0,-1.0,-1.0,1.0,1.0,-1.0,1.0,-1.0,-1.0,1.0,-1.0,1.0,-1.0	-0.16044912,2.7399175,1.022778,-12.648076,-4.4229803,0.6067288,-1.1672319,-1.3740063,-4.3711057,-1.2818291,6.765009,-9.22573,-1.5878154,-1.5432614,0.9232461,1.8806039,-1.1575465,1.3670496,-15.873939,-1.797876,0.0698431,-5.6879277,3.791651,-3.2890346
../data/train_data_mmini/4/Train_0015.jpg	4	1.0,1.0,1.0,-1.0,-1.0,1.0,1.0,-1.0,-1.0,-1.0,1.0,-1.0,1.0,-1.0,-1.0,1.0,1.0,-1.0,-1.0,-1.0,1.0,-1.0,1.0,-1.0	0.8740179,5.826568,3.4996994,-3.5932348,-7.0365934,2.6516242,3.4680834,-3.4157348,-1.1128167,-4.8811765,2.6599162,-3.4920676,0.31679067,-1.8663092,-0.9278858,1.3150374,1.9104213,-0.80885696,-13.186448,-1.1697198,1.6359456,-8.184022,3.1942303,-4.2842183
../data/train_data_mmini/4/Train_0016.jpg	4	1.0,1.0,1.0,-1.0,1.0,1.0,-1.0,1.0,1.0,1.0,1.0,-1.0,-1.0,1.0,-1.0,1.0,1.0,-1.0,-1.0,-1.0,-1.0,-1.0,1.0,-1.0	3.441359,1.3907037,0.40446687,-5.253866,3.1365569,1.4371485,-0.88348913,1.2965183,0.9035334,0.7992128,1.8823602,-7.3683443,-1.6423132,1.2532837,-0.9925009,1.8943489,1.820857,-0.9110059,-13.913384,-0.6110304,-0.27671522,-8.379039,2.451874,-5.2741838
../data/train_data_mmini/4/Train_0017.jpg	4	1.0,1.0,-1.0,-1.0,1.0,1.0,-1.0,-1.0,-1.0,-1.0,1.0,-1.0,1.0,-1.0,-1.0,-1.0,1.0,-1.0,-1.0,-1.0,1.0,-1.0,1.0,-1.0	0.5304273,4.630961,-0.46540353,-4.2224107,1.0387545,3.5160139,-2.6603782,-3.539183,-2.7689917,-0.7051719,1.0376656,-6.696733,1.2162058,-0.23372519,-2.0868914,-3.7761343,5.3973904,-0.64200884,-10.180915,-4.49749,5.7967405,-9.365892,0.67244333,-6.1198215
../data/train_data_mmini/4/Train_0018.jpg	4	-1.0,1.0,1.0,-1.0,-1.0,1.0,1.0,1.0,-1.0,-1.0,1.0,-1.0,-1.0,-1.0,1.0,1.0,-1.0,1.0,-1.0,-1.0,-1.0,-1.0,1.0,-1.0	-0.9105064,3.298552,0.0052637197,-10.574068,-2.7265716,0.6571772,0.53433746,0.82207966,-2.5125823,-1.1667519,4.048886,-8.879505,-3.3324625,-1.8776925,2.0286882,3.4808311,-1.6097872,1.301227,-13.9799185,-1.4265794,-1.7658144,-5.115603,3.5299516,-4.904991
../data/train_data_mmini/4/Train_0019.jpg	4	1.0,1.0,1.0,-1.0,-1.0,-1.0,-1.0,-1.0,-1.0,1.0,1.0,-1.0,1.0,1.0,-1.0,-1.0,1.0,-1.0,-1.0,-1.0,1.0,-1.0,1.0,-1.0	3.7938526,2.5725331,0.93539476,-6.8782353,-3.7410681,-0.065802805,-6.7911925,-5.0399947,-1.669963,0.1052724,7.5597234,-4.8723593,2.4737697,1.9922277,-3.02754,-4.395935,2.8811154,-0.23319969,-10.90135,-3.0858767,7.1153903,-7.142975,1.2758352,-1.344447
../data/train_data_mmini/5/Train_0020.jpg	5	1.0,-1.0,1.0,-1.0,-1.0,-1.0,-1.0,1.0,1.0,1.0,1.0,-1.0,1.0,1.0,-1.0,1.0,1.0,-1.0,-1.0,1.0,-1.0,-1.0,1.0,-1.0	7.582248,-1.4670203,5.205407,-7.0329413,-1.8198676,-2.3418481,-0.17541365,0.033913627,3.431797,0.32860738,7.5060143,-4.3373504,1.47686,1.491753,-2.9918456,3.3910527,0.13952719,-3.4668684,-18.150614,2.3701718,-1.0157607,-11.435035,5.912754,-2.3692923
../data/train_data_mmini/5/Train_0021.jpg	5	1.0,1.0,1.0,-1.0,-1.0,1.0,1.0,-1.0,-1.0,-1.0,1.0,-1.0,-1.0,-1.0,-1.0,1.0,-1.0,-1.0,-1.0,-1.0,1.0,-1.0,1.0,-1.0	0.027103774,5.2583733,2.9271996,-7.6105123,-8.959551,1.8260659,2.523468,-2.6069214,-0.8297556,-5.485719,5.716526,-5.5141764,-0.14736739,-2.1558387,-0.12478083,1.6272987,-0.25012276,-2.278069,-18.26848,-1.7304406,2.0575736,-10.009942,4.3951273,-4.528817
../data/train_data_mmini/5/Train_0022.jpg	5	1.0,1.0,1.0,-1.0,-1.0,-1.0,1.0,-1.0,-1.0,-1.0,1.0,-1.0,1.0,-1.0,-1.0,1.0,1.0,-1.0,-1.0,1.0,1.0,-1.0,1.0,-1.0	2.82299,2.0670013,3.5393374,-7.9755025,-5.9782124,-0.3412064,0.035243392,-3.209967,-0.06351486,-1.4906505,8.049291,-4.7782984,1.3514932,-0.013910918,-1.69988,0.4758795,0.09263163,-1.3501849,-16.447456,0.3509046,2.0142117,-9.136629,4.075544,-2.2283316
../data/train_data_mmini/5/Train_0023.jpg	5	1.0,-1.0,1.0,-1.0,-1.0,-1.0,1.0,1.0,1.0,-1.0,1.0,-1.0,1.0,1.0,-1.0,1.0,-1.0,-1.0,-1.0,1.0,-1.0,-1.0,1.0,-1.0	6.1159406,-1.2665017,4.6799273,-4.279648,-4.299864,-2.492177,1.715085,0.35900724,5.2383165,-1.5620472,7.7071037,-2.1899207,1.5623554,1.166566,-2.3279853,3.0918388,-0.98628426,-5.1295824,-17.301579,2.92961,-0.46009803,-11.794665,5.938012,-2.2835364
../data/train_data_mmini/5/Train_0024.jpg	5	1.0,1.0,1.0,-1.0,-1.0,1.0,1.0,-1.0,1.0,-1.0,1.0,-1.0,1.0,-1.0,-1.0,1.0,1.0,-1.0,-1.0,-1.0,1.0,-1.0,1.0,-1.0	1.5965129,3.9336329,3.1425571,-4.5865664,-3.7373338,2.5041573,2.4010124,-1.3544974,2.4584866,-2.229347,3.376147,-4.632446,0.066131584,-1.6407746,-0.40525466,1.1710336,1.3784148,-3.6150918,-16.316078,-2.8842442,2.1999743,-12.658535,3.4241564,-6.8594456
../data/train_data_mmini/6/Train_0025.jpg	6	1.0,1.0,-1.0,-1.0,1.0,1.0,-1.0,-1.0,-1.0,1.0,1.0,-1.0,-1.0,1.0,-1.0,-1.0,1.0,-1.0,-1.0,-1.0,1.0,-1.0,1.0,-1.0	2.2688465,2.939356,-2.2582748,-5.285278,3.526752,2.58483,-6.9733224,-2.4426289,-0.9249418,3.623828,3.6345499,-8.142858,-0.016805165,0.7998179,-0.9353112,-4.764003,4.515256,-0.9851795,-10.570109,-6.0762606,7.6105437,-9.579911,1.2372066,-5.931784
../data/train_data_mmini/6/Train_0026.jpg	6	1.0,1.0,1.0,-1.0,1.0,1.0,1.0,1.0,1.0,1.0,1.0,-1.0,-1.0,-1.0,1.0,1.0,-1.0,-1.0,-1.0,-1.0,-1.0,-1.0,1.0,-1.0	3.1436143,0.31773278,2.379084,-9.5870905,0.29921317,0.010315128,0.075411856,2.3191276,1.5768665,2.0359688,4.799885,-9.074649,-3.168526,-1.323981,1.0522027,4.3412657,-1.4341472,-1.890372,-17.226004,-2.4390886,-2.2589238,-10.688291,5.8641653,-7.7154384
../data/train_data_mmini/6/Train_0027.jpg	6	-1.0,1.0,-1.0,-1.0,1.0,1.0,-1.0,1.0,-1.0,1.0,1.0,-1.0,-1.0,-1.0,1.0,1.0,1.0,1.0,-1.0,-1.0,1.0,-1.0,1.0,-1.0	-0.40083954,1.4236637,-1.4826792,-10.172917,2.829192,2.8164628,-1.5890993,0.7441318,-1.0883634,2.6846519,4.1682434,-9.425962,-3.1069863,-0.30199838,1.3343171,0.6017646,0.12954651,1.5292363,-14.307707,-4.436536,0.44905478,-8.19635,0.27769068,-5.972075
../data/train_data_mmini/6/Train_0028.jpg	6	1.0,1.0,1.0,-1.0,-1.0,1.0,1.0,-1.0,-1.0,-1.0,1.0,-1.0,-1.0,-1.0,1.0,1.0,-1.0,1.0,-1.0,-1.0,-1.0,-1.0,1.0,-1.0	2.6209197,4.770289,3.966396,-9.560033,-2.776374,1.5262543,1.8255811,-1.3847815,-3.8147957,-3.317181,2.0372992,-7.845757,-1.324014,-3.1334634,0.6561412,6.0561643,-1.1295573,1.5153685,-15.122417,-0.9214557,-2.3399146,-4.7387958,3.160451,-4.1339216
../data/train_data_mmini/6/Train_0029.jpg	6	-1.0,1.0,-1.0,-1.0,-1.0,1.0,-1.0,-1.0,-1.0,1.0,1.0,-1.0,1.0,1.0,-1.0,-1.0,1.0,-1.0,-1.0,-1.0,1.0,-1.0,-1.0,-1.0	-0.5647325,5.0218596,-3.0313678,-4.6337004,-0.3661444,3.1629822,-5.1843405,-4.6848364,-1.6041946,1.1913571,4.5550823,-7.7713137,0.7025088,1.6905509,-2.1658707,-6.293851,4.9143424,-0.8652896,-13.156982,-4.429322,8.618319,-12.12905,-0.24237262,-5.8497286
../data/train_data_mmini/7/Train_0030.jpg	7	1.0,1.0,1.0,-1.0,1.0,1.0,-1.0,-1.0,-1.0,1.0,1.0,-1.0,1.0,1.0,-1.0,-1.0,1.0,-1.0,-1.0,-1.0,1.0,-1.0,1.0,-1.0	2.5507836,2.0327392,0.21557286,-6.21985,0.6678188,1.7335266,-2.0403144,-2.678281,-0.55281204,0.75526613,4.5070925,-7.7833376,1.292576,0.8954993,-2.46907,-2.1729443,4.2745533,-2.1714976,-15.666827,-2.181583,4.45466,-12.904396,3.8912013,-5.833751
../data/train_data_mmini/7/Train_0031.jpg	7	-1.0,1.0,-1.0,-1.0,1.0,1.0,-1.0,-1.0,-1.0,1.0,1.0,-1.0,-1.0,1.0,-1.0,-1.0,1.0,1.0,-1.0,-1.0,1.0,-1.0,1.0,-1.0	-0.12960717,3.7195172,-0.9966851,-11.8836,0.2611891,1.9731041,-3.668327,-2.5362368,-2.9288037,2.5325482,6.875095,-11.483742,-1.8106929,0.132404,-0.058362037,-1.6234369,1.6722176,1.3927068,-18.292376,-3.4564145,3.5628645,-9.927183,2.4487295,-6.959925
../data/train_data_mmini/7/Train_0032.jpg	7	-1.0,1.0,1.0,-1.0,-1.0,1.0,1.0,-1.0,-1.0,-1.0,1.0,-1.0,-1.0,-1.0,1.0,1.0,1.0,1.0,-1.0,-1.0,1.0,-1.0,1.0,-1.0	-3.3395205,6.2691727,0.3052751,-12.251067,-3.0354984,4.50409,1.3111312,-2.0911674,-5.1771464,-2.0502048,2.6511648,-10.210422,-2.8077378,-3.3379521,2.1516273,1.4999024,0.6936339,3.2951152,-15.67422,-5.0529747,0.5360725,-6.718136,0.72322845,-6.4231577
../data/train_data_mmini/7/Train_0033.jpg	7	1.0,1.0,-1.0,-1.0,1.0,1.0,-1.0,1.0,1.0,1.0,1.0,-1.0,-1.0,-1.0,1.0,-1.0,1.0,-1.0,-1.0,-1.0,1.0,-1.0,1.0,-1.0	1.0874873,0.90180945,-0.34575954,-8.657652,2.6218135,1.9608798,-2.2425761,0.0041650757,1.1069503,3.001125,4.5098085,-8.665362,-1.299463,-0.39916363,0.05515776,-0.8703193,1.4949677,-1.7048953,-15.564875,-4.115065,2.7795055,-12.681836,2.8746912,-7.255368
../data/train_data_mmini/7/Train_0034.jpg	7	-1.0,1.0,1.0,-1.0,-1.0,1.0,1.0,1.0,-1.0,-1.0,1.0,-1.0,-1.0,-1.0,1.0,1.0,-1.0,1.0,-1.0,-1.0,-1.0,-1.0,1.0,-1.0	-1.6568393,4.8529506,0.58774203,-10.995098,-1.6011205,3.5518785,0.8166405,0.9377519,-1.1831441,-0.89286685,2.8762686,-9.094081,-4.2499313,-3.7117677,3.7952073,3.4607964,-1.6726507,1.1185328,-15.303454,-5.5849648,-1.0632788,-5.8201413,0.67671335,-6.785486
../data/train_data_mmini/8/Train_0035.jpg	8	-1.0,1.0,-1.0,-1.0,-1.0,1.0,-1.0,-1.0,-1.0,-1.0,1.0,-1.0,-1.0,-1.0,1.0,-1.0,1.0,1.0,-1.0,-1.0,1.0,-1.0,-1.0,-1.0	-4.092799,6.6016617,-1.2559885,-10.465309,-4.6424065,4.66254,-0.7318394,-4.9882607,-5.192254,-1.9288477,5.527255,-9.002809,-1.0402049,-1.4863964,0.4826727,-2.996566,2.2580702,2.2386694,-15.426119,-5.1260757,5.388743,-9.071295,-0.12917227,-5.411467
../data/train_data_mmini/8/Train_0036.jpg	8	-1.0,1.0,-1.0,-1.0,1.0,1.0,-1.0,-1.0,-1.0,1.0,1.0,-1.0,-1.0,-1.0,1.0,-1.0,1.0,1.0,-1.0,-1.0,1.0,-1.0,1.0,-1.0	-1.1763518,5.1312146,-1.5264276,-10.957242,1.6491715,2.4912922,-3.916136,-3.9708717,-6.303823,2.1257434,3.7658246,-12.3117,-1.3058436,-2.1459987,0.49507526,-1.7795368,3.2401645,2.9253962,-13.871311,-4.5095196,4.434051,-8.698496,3.0056107,-7.1956143
../data/train_data_mmini/8/Train_0037.jpg	8	-1.0,1.0,-1.0,-1.0,1.0,1.0,1.0,-1.0,-1.0,-1.0,1.0,-1.0,-1.0,-1.0,1.0,1.0,1.0,1.0,-1.0,-1.0,1.0,-1.0,1.0,-1.0	-2.139994,5.7092724,-0.9135329,-8.988958,1.2810315,5.078767,1.0554439,-0.24565567,-1.8424091,-0.6726317,0.89262676,-11.226907,-3.1875844,-3.0217764,2.3367178,1.0330504,1.7217242,0.41644365,-16.215065,-6.6762094,1.9172882,-10.685697,1.0007911,-9.850715
../data/train_data_mmini/8/Train_0038.jpg	8	1.0,1.0,1.0,-1.0,-1.0,1.0,-1.0,-1.0,-1.0,1.0,1.0,-1.0,-1.0,-1.0,-1.0,-1.0,1.0,1.0,-1.0,-1.0,1.0,-1.0,1.0,-1.0	0.0006515011,4.8884273,0.99734986,-8.7749405,-2.519239,2.986946,-1.2692106,-4.1749797,-2.278392,0.37380332,5.7991037,-8.125511,-0.6585983,-0.21707821,-1.0600661,-1.8241236,2.598341,0.9429942,-17.235144,-3.1451168,3.3413172,-9.679611,1.0266749,-5.5938406
../data/train_data_mmini/8/Train_0039.jpg	8	-1.0,1.0,-1.0,-1.0,-1.0,1.0,-1.0,-1.0,-1.0,-1.0,1.0,-1.0,-1.0,-1.0,1.0,-1.0,1.0,1.0,-1.0,-1.0,1.0,-1.0,-1.0,-1.0	-5.219957,7.459125,-2.2309873,-10.140113,-1.6684071,6.6650395,-2.0991092,-5.7616973,-6.025651,-1.0654238,3.5031557,-10.036563,-0.6886204,-2.020858,0.458196,-4.998172,4.20798,2.3305824,-14.237855,-8.420836,7.859637,-10.89478,-2.0637462,-7.1366177
../data/train_data_mmini/9/Train_0040.jpg	9	1.0,1.0,1.0,-1.0,-1.0,1.0,1.0,-1.0,1.0,-1.0,1.0,-1.0,1.0,-1.0,-1.0,1.0,1.0,-1.0,-1.0,-1.0,1.0,-1.0,1.0,-1.0	0.8453137,5.6771216,3.3594494,-5.2071075,-6.6903925,3.4250603,3.0215287,-2.9106805,0.31841022,-4.7208033,4.2518406,-4.9745774,0.26388052,-1.7066886,-0.54918694,0.82383174,1.579193,-2.656951,-17.64322,-2.8971763,3.09672,-11.508267,2.7071083,-5.776272
../data/train_data_mmini/9/Train_0041.jpg	9	1.0,1.0,-1.0,-1.0,1.0,1.0,-1.0,1.0,-1.0,1.0,1.0,-1.0,-1.0,1.0,1.0,1.0,1.0,1.0,-1.0,-1.0,-1.0,-1.0,1.0,-1.0	1.5535192,1.8484622,-0.07942707,-13.609824,2.6210685,1.8221939,-2.8406718,0.557499,-1.6971664,2.611425,5.8132253,-11.267663,-3.061474,0.27747318,0.6054986,2.2355428,0.11481043,1.9062445,-17.885859,-3.4542136,-0.15795113,-8.54066,1.0254589,-5.6278534
../data/train_data_mmini/9/Train_0042.jpg	9	1.0,1.0,1.0,-1.0,-1.0,1.0,1.0,-1.0,1.0,-1.0,1.0,-1.0,-1.0,-1.0,-1.0,1.0,1.0,-1.0,-1.0,-1.0,1.0,-1.0,1.0,-1.0	1.0282556,5.936314,3.3658698,-3.7793972,-5.944379,4.020989,3.8589594,-1.5734254,1.3179945,-5.01526,2.4797373,-4.0343275,-0.5138794,-1.4952097,-0.39431337,1.6441634,1.8430111,-2.5159671,-15.849783,-2.8088534,1.8675385,-9.936505,1.6561757,-5.7408504
../data/train_data_mmini/9/Train_0043.jpg	9	1.0,1.0,1.0,-1.0,-1.0,1.0,1.0,-1.0,-1.0,-1.0,1.0,-1.0,1.0,-1.0,-1.0,1.0,1.0,1.0,-1.0,-1.0,1.0,-1.0,1.0,-1.0	0.24272788,4.5162787,1.6383032,-9.914898,-7.331959,0.9197858,0.31352836,-4.4871426,-4.220509,-3.6485696,7.4358034,-7.734273,0.5157531,-1.0586122,-0.85070354,0.26047257,0.7675468,1.0123384,-16.378136,-1.0318364,3.0834239,-8.199198,3.4586415,-2.6497605
../data/train_data_mmini/9/Train_0044.jpg	9	1.0,1.0,1.0,-1.0,-1.0,1.0,-1.0,-1.0,1.0,-1.0,1.0,-1.0,1.0,1.0,-1.0,-1.0,1.0,-1.0,-1.0,-1.0,1.0,-1.0,-1.0,-1.0	0.85797507,4.6639166,0.096690506,-4.172012,-2.2790122,4.06647,-2.6264157,-4.796951,0.41479936,-0.4642611,4.705361,-5.049988,1.7734914,1.1348597,-2.6780965,-5.5524282,5.0769486,-2.341821,-14.906076,-4.9251204,8.086691,-13.20092,-0.18984568,-5.6210504
../data/train_data_mmini/10/Train_0045.jpg	10	-1.0,1.0,-1.0,-1.0,-1.0,1.0,-1.0,-1.0,-1.0,1.0,1.0,-1.0,-1.0,-1.0,1.0,-1.0,1.0,1.0,-1.0,-1.0,1.0,-1.0,-1.0,-1.0	-6.5496516,6.713671,-3.891845,-12.624564,-0.32437745,5.8908916,-3.8515666,-4.451814,-7.10339,1.2687132,4.1551185,-11.690886,-2.6352794,-2.777046,2.7750375,-4.2667155,2.0189114,4.3415327,-12.694058,-9.10202,6.68614,-7.0048523,-2.239376,-6.962526
../data/train_data_mmini/10/Train_0046.jpg	10	-1.0,1.0,-1.0,-1.0,-1.0,1.0,1.0,-1.0,-1.0,-1.0,-1.0,-1.0,-1.0,-1.0,-1.0,-1.0,1.0,-1.0,-1.0,-1.0,1.0,-1.0,-1.0,-1.0	-1.6522934,4.7787766,-0.24562985,-2.4913192,-0.6310592,5.1724997,0.084570765,-1.8970149,-0.3692431,-1.8861632,-0.09446399,-4.1411033,-0.42234024,-1.3534901,-0.08987807,-2.6326468,3.3336437,-1.3904366,-9.309074,-5.798418,4.648757,-8.14314,-1.5790983,-5.6939473
../data/train_data_mmini/10/Train_0047.jpg	10	-1.0,1.0,-1.0,-1.0,-1.0,1.0,-1.0,-1.0,-1.0,-1.0,1.0,-1.0,-1.0,-1.0,1.0,-1.0,1.0,1.0,-1.0,-1.0,1.0,-1.0,1.0,-1.0	-4.7522335,8.0639515,-2.1230052,-12.328095,-2.555073,4.752864,-3.5884812,-4.991641,-6.8361654,-0.42446178,4.677361,-12.149312,-2.3190153,-3.2398736,2.0957515,-3.4851496,2.531901,2.94999,-15.009877,-7.789036,6.7839108,-7.8772674,0.46876007,-7.607265
../data/train_data_mmini/10/Train_0048.jpg	10	-1.0,1.0,-1.0,-1.0,-1.0,1.0,-1.0,-1.0,-1.0,1.0,1.0,-1.0,1.0,-1.0,-1.0,-1.0,1.0,1.0,-1.0,-1.0,1.0,-1.0,-1.0,-1.0	-2.1646066,6.1033525,-1.6189115,-9.496902,-1.9348189,5.7961116,-6.805131,-7.2331176,-3.8395205,2.2389054,5.7490454,-7.4367614,0.7126463,-0.05019036,-0.71194875,-7.990684,5.334728,1.9248114,-13.113249,-8.483671,10.41056,-10.471021,-2.0314422,-4.8852777
../data/train_data_mmini/10/Train_0049.jpg	10	-1.0,1.0,-1.0,-1.0,-1.0,1.0,-1.0,-1.0,-1.0,-1.0,1.0,-1.0,-1.0,-1.0,1.0,-1.0,1.0,1.0,-1.0,-1.0,1.0,-1.0,-1.0,-1.0	-4.5027943,7.3596535,-1.7680457,-9.105681,-1.5987515,6.4678116,-1.134212,-4.80096,-5.5187645,-1.1939509,2.7996955,-10.046854,-1.1538743,-2.2460585,0.7001747,-3.6601956,3.767735,2.0215704,-13.856605,-8.174916,6.705415,-10.227692,-1.7291975,-7.647699
