../data/train_data_mmini/1/Train_0000.jpg	1	1.0,1.0,-1.0,-1.0,-1.0,-1.0,-1.0,-1.0	1.7058437,4.7428536,-3.4468765,-4.065379,-7.81411,-7.670813,-2.8329132,-0.23501241
../data/train_data_mmini/1/Train_0001.jpg	1	1.0,1.0,-1.0,-1.0,-1.0,-1.0,-1.0,-1.0	1.3961489,4.509128,-3.4235036,-3.9918382,-7.3311596,-7.182936,-2.546336,-0.413244
../data/train_data_mmini/1/Train_0002.jpg	1	1.0,1.0,-1.0,-1.0,-1.0,-1.0,-1.0,1.0	1.3731427,3.8463328,-2.5624042,-3.2532332,-6.114139,-6.2440553,-1.5714452,0.20539288
../data/train_data_mmini/1/Train_0003.jpg	1	1.0,1.0,-1.0,-1.0,-1.0,-1.0,-1.0,-1.0	1.5093088,4.925985,-3.685671,-4.1261578,-8.447901,-7.7510605,-3.1774008,-0.6295243
../data/train_data_mmini/1/Train_0004.jpg	1	1.0,1.0,-1.0,-1.0,-1.0,-1.0,-1.0,-1.0	1.6485441,4.7493644,-3.4589698,-3.9521618,-8.30041,-7.768364,-3.2720118,-0.47748676
../data/train_data_mmini/2/Train_0005.jpg	2	1.0,1.0,-1.0,-1.0,-1.0,-1.0,-1.0,-1.0	1.402718,3.96805,-2.9914825,-3.2827604,-7.2118187,-6.486852,-2.6854467,-0.762466
../data/train_data_mmini/2/Train_0006.jpg	2	1.0,1.0,-1.0,-1.0,-1.0,-1.0,-1.0,-1.0	1.3021396,3.7834568,-2.8767335,-3.5026824,-6.4067388,-6.3126335,-1.942807,-0.3055956
../data/train_data_mmini/2/Train_0007.jpg	2	1.0,1.0,-1.0,-1.0,-1.0,-1.0,-1.0,-1.0	1.5798274,5.082007,-3.9012222,-4.333272,-9.157056,-8.265777,-3.7510698,-0.6953775
../data/train_data_mmini/2/Train_0008.jpg	2	1.0,1.0,-1.0,-1.0,-1.0,-1.0,-1.0,-1.0	1.5323088,3.9207025,-2.8041673,-3.2769623,-6.731126,-6.541325,-2.4995425,-0.11629885
../data/train_data_mmini/2/Train_0009.jpg	2	1.0,1.0,-1.0,-1.0,-1.0,-1.0,-1.0,-1.0	2.0233352,5.0461497,-3.913648,-4.4797,-8.929819,-8.515043,-3.2703178,-0.6542682
../data/train_data_mmini/3/Train_0010.jpg	3	1.0,1.0,-1.0,-1.0,-1.0,-1.0,-1.0,-1.0	0.89040023,3.6807907,-2.5989735,-2.9093184,-6.1840796,-5.7103724,-2.3902082,-0.5919402
../data/train_data_mmini/3/Train_0011.jpg	3	1.0,1.0,-1.0,-1.0,-1.0,-1.0,-1.0,1.0	1.4743481,3.2752635,-2.6269288,-3.0645273,-5.316292,-5.799091,-1.4308467,0.21434736
../data/train_data_mmini/3/Train_0012.jpg	3	1.0,1.0,-1.0,-1.0,-1.0,-1.0,-1.0,-1.0	1.4306062,3.561485,-3.115795,-3.3876362,-7.21757,-6.4937973,-2.340517,-0.61764586
../data/train_data_mmini/3/Train_0013.jpg	3	1.0,1.0,-1.0,-1.0,-1.0,-1.0,-1.0,-1.0	1.3878124,3.7398045,-2.6570835,-3.213342,-6.625216,-6.1235332,-2.2944236,-0.49590942
../data/train_data_mmini/3/Train_0014.jpg	3	1.0,1.0,-1.0,-1.0,-1.0,-1.0,-1.0,-1.0	1.6361815,4.163873,-3.2548463,-3.556999,-7.7534704,-7.1354504,-2.8462622,-0.6168915
../data/train_data_mmini/4/Train_0015.jpg	4	1.0,1.0,-1.0,-1.0,-1.0,-1.0,-1.0,-1.0	1.5307275,3.9374554,-3.0287962,-3.5461411,-7.1287527,-6.82548,-2.5797148,-0.20735449
../data/train_data_mmini/4/Train_0016.jpg	4	1.0,1.0,-1.0,-1.0,-1.0,-1.0,-1.0,-1.0	0.896157,3.3163638,-2.5233653,-2.8486497,-5.827794,-5.3374243,-1.858662,-0.35749826
../data/train_data_mmini/4/Train_0017.jpg	4	1.0,1.0,-1.0,-1.0,-1.0,-1.0,-1.0,-1.0	1.0618536,3.5441542,-3.068515,-3.4598446,-5.815909,-6.0260534,-1.2118397,-0.1457779
../data/train_data_mmini/4/Train_0018.jpg	4	1.0,1.0,-1.0,-1.0,-1.0,-1.0,-1.0,-1.0	1.3174324,3.3074603,-2.4816477,-3.1478128,-5.684033,-5.8419657,-2.0521495,-0.193802
../data/train_data_mmini/4/Train_0019.jpg	4	1.0,1.0,-1.0,-1.0,-1.0,-1.0,-1.0,-1.0	0.8091938,3.7870648,-2.7268167,-3.1327183,-6.9258347,-5.8191357,-2.4550834,-0.8860171
../data/train_data_mmini/5/Train_0020.jpg	5	1.0,1.0,-1.0,-1.0,-1.0,-1.0,-1.0,-1.0	1.4002528,5.128294,-3.90875,-4.316948,-9.265449,-8.177654,-3.5305555,-0.88980013
../data/train_data_mmini/5/Train_0021.jpg	5	1.0,1.0,-1.0,-1.0,-1.0,-1.0,-1.0,-1.0	2.2171884,4.843824,-3.648863,-4.2285433,-8.805579,-8.354561,-3.290904,-0.38314095
../data/train_data_mmini/5/Train_0022.jpg	5	1.0,1.0,-1.0,-1.0,-1.0,-1.0,-1.0,-1.0	1.6933753,4.748889,-3.517341,-3.93651,-8.563548,-7.7535377,-3.5598812,-0.75713915
../data/train_data_mmini/5/Train_0023.jpg	5	1.0,1.0,-1.0,-1.0,-1.0,-1.0,-1.0,-1.0	1.7398062,4.9766088,-3.6477678,-4.2054768,-8.865571,-8.041742,-3.5207908,-0.6990441
../data/train_data_mmini/5/Train_0024.jpg	5	1.0,1.0,-1.0,-1.0,-1.0,-1.0,-1.0,-1.0	1.7898065,4.7796435,-3.6410062,-3.982731,-9.02459,-7.885003,-3.5719054,-0.7170188
../data/train_data_mmini/6/Train_0025.jpg	6	1.0,1.0,-1.0,-1.0,-1.0,-1.0,-1.0,-1.0	1.1404135,3.8187575,-2.8128748,-2.7152393,-7.6300397,-5.7488174,-2.7148426,-1.137763
../data/train_data_mmini/6/Train_0026.jpg	6	1.0,1.0,-1.0,-1.0,-1.0,-1.0,-1.0,-1.0	0.97967565,4.5803742,-4.0547996,-4.616415,-7.2309527,-7.4333315,-2.242819,-0.33209968
../data/train_data_mmini/6/Train_0027.jpg	6	1.0,1.0,-1.0,-1.0,-1.0,-1.0,-1.0,-1.0	1.278928,3.5192268,-2.6503346,-3.0933337,-6.343074,-5.793932,-2.2730696,-0.5764426
../data/train_data_mmini/6/Train_0028.jpg	6	1.0,1.0,-1.0,-1.0,-1.0,-1.0,-1.0,-1.0	1.4329234,3.9208689,-3.1997354,-3.6340232,-6.73189,-6.7478347,-2.2238307,-0.10031771
../data/train_data_mmini/6/Train_0029.jpg	6	1.0,1.0,-1.0,-1.0,-1.0,-1.0,-1.0,-1.0	1.2068695,4.3083153,-2.7741363,-3.2364864,-7.705199,-6.5683465,-2.9518402,-0.8382203
../data/train_data_mmini/7/Train_0030.jpg	7	1.0,1.0,-1.0,-1.0,-1.0,-1.0,-1.0,-1.0	1.8110309,4.7221894,-3.7643032,-4.3028564,-8.587045,-7.995906,-3.1434462,-0.72795594
../data/train_data_mmini/7/Train_0031.jpg	7	1.0,1.0,-1.0,-1.0,-1.0,-1.0,-1.0,-1.0	1.6554298,4.543125,-3.7411602,-4.1408687,-8.767873,-7.854529,-3.0782897,-0.82245946
../data/train_data_mmini/7/Train_0032.jpg	7	1.0,1.0,-1.0,-1.0,-1.0,-1.0,-1.0,-1.0	1.8740826,3.5339172,-2.8834596,-3.2414446,-6.881667,-6.552896,-2.310717,-0.27457914
../data/train_data_mmini/7/Train_0033.jpg	7	1.0,1.0,-1.0,-1.0,-1.0,-1.0,-1.0,-1.0	1.3909154,4.660562,-3.6373277,-4.158692,-8.275983,-7.6197057,-3.0409977,-0.74958265
../data/train_data_mmini/7/Train_0034.jpg	7	1.0,1.0,-1.0,-1.0,-1.0,-1.0,-1.0,-1.0	1.4172702,3.2759812,-2.4690285,-2.5515597,-6.240463,-5.6268535,-2.4757655,-0.31304425
../data/train_data_mmini/8/Train_0035.jpg	8	1.0,1.0,-1.0,-1.0,-1.0,-1.0,-1.0,-1.0	2.1530025,4.3691025,-3.272843,-3.6853724,-8.208163,-7.5513744,-3.3477213,-0.7133948
../data/train_data_mmini/8/Train_0036.jpg	8	1.0,1.0,-1.0,-1.0,-1.0,-1.0,-1.0,-1.0	1.6208674,4.575373,-3.8594666,-3.9469354,-8.86382,-7.8349996,-3.2726846,-1.1081965
../data/train_data_mmini/8/Train_0037.jpg	8	1.0,1.0,-1.0,-1.0,-1.0,-1.0,-1.0,-1.0	1.2573441,4.3955917,-3.8161883,-4.114693,-7.7049584,-7.530979,-2.488735,-0.47974655
../data/train_data_mmini/8/Train_0038.jpg	8	1.0,1.0,-1.0,-1.0,-1.0,-1.0,-1.0,-1.0	1.843515,4.4522476,-3.3470433,-3.6745782,-8.268926,-7.3520455,-3.258266,-0.7181884
../data/train_data_mmini/8/Train_0039.jpg	8	1.0,1.0,-1.0,-1.0,-1.0,-1.0,-1.0,-1.0	2.0900214,4.5187144,-3.4852457,-3.94458,-8.337744,-7.9563,-3.2801251,-0.761723
../data/train_data_mmini/9/Train_0040.jpg	9	1.0,1.0,-1.0,-1.0,-1.0,-1.0,-1.0,-1.0	1.6253736,5.015865,-3.8866684,-4.3419385,-9.042385,-8.365038,-3.4185936,-0.58382344
../data/train_data_mmini/9/Train_0041.jpg	9	1.0,1.0,-1.0,-1.0,-1.0,-1.0,-1.0,-1.0	1.1936327,4.2272716,-3.3610673,-3.6674714,-7.866355,-7.0474477,-2.7927573,-0.98029923
../data/train_data_mmini/9/Train_0042.jpg	9	1.0,1.0,-1.0,-1.0,-1.0,-1.0,-1.0,-1.0	1.2758387,4.190984,-3.162236,-3.5824313,-7.7732124,-7.062624,-2.8853443,-0.32746825
../data/train_data_mmini/9/Train_0043.jpg	9	1.0,1.0,-1.0,-1.0,-1.0,-1.0,-1.0,-1.0	1.8213307,5.0411506,-3.8299112,-4.2767253,-8.872479,-8.325932,-3.4165874,-0.6306148
../data/train_data_mmini/9/Train_0044.jpg	9	1.0,1.0,-1.0,-1.0,-1.0,-1.0,-1.0,-1.0	1.3731792,4.5958304,-3.3143957,-3.6938493,-8.378409,-7.344885,-3.0317583,-0.8374143
../data/train_data_mmini/10/Train_0045.jpg	10	1.0,1.0,-1.0,-1.0,-1.0,-1.0,-1.0,-1.0	1.4301296,3.0627363,-2.4601457,-2.5677037,-6.210795,-5.442556,-2.54837,-0.9003809
../data/train_data_mmini/10/Train_0046.jpg	10	1.0,1.0,-1.0,-1.0,-1.0,-1.0,-1.0,-1.0	0.9955322,2.7977262,-1.7120894,-2.0535014,-4.438054,-4.3880196,-1.3015643,-0.002408125
../data/train_data_mmini/10/Train_0047.jpg	10	1.0,1.0,-1.0,-1.0,-1.0,-1.0,-1.0,-1.0	1.8535587,4.3310995,-3.3336344,-3.4095166,-8.388004,-7.450448,-3.242319,-0.9490146
../data/train_data_mmini/10/Train_0048.jpg	10	1.0,1.0,-1.0,-1.0,-1.0,-1.0,-1.0,-1.0	1.9660488,3.6612077,-2.1912763,-2.3824928,-8.40823,-6.015256,-3.7854033,-1.355872
../data/train_data_mmini/10/Train_0049.jpg	10	1.0,1.0,-1.0,-1.0,-1.0,-1.0,-1.0,-1.0	1.8628331,4.4398994,-3.3722541,-3.7427967,-8.149954,-7.542644,-3.2716434,-0.66971385
