../data/train_data_mmini/1/Train_0000.jpg	1	-1.0,-1.0,1.0,1.0,1.0,-1.0,1.0,1.0,1.0,1.0,1.0,1.0	-4.1680317,-1.0024219,2.0789144,2.560362,1.7557497,-0.24646762,2.2087195,2.0824013,0.87370473,0.48840085,2.2551327,0.8455864
../data/train_data_mmini/1/Train_0001.jpg	1	-1.0,1.0,-1.0,-1.0,1.0,-1.0,1.0,-1.0,1.0,1.0,-1.0,1.0	-1.46321,0.33343917,-2.0549252,-0.59754443,1.5444645,-0.9011053,3.1657043,-2.2742357,0.70891875,2.9193316,-0.5743669,0.7275523
../data/train_data_mmini/1/Train_0002.jpg	1	-1.0,-1.0,1.0,-1.0,-1.0,-1.0,1.0,1.0,1.0,-1.0,1.0,-1.0	-2.3789263,-1.4115326,2.464802,-4.0226316,-0.8377836,-2.499939,2.504061,1.9247652,2.5345385,-0.2562245,3.7299914,-2.0164864
../data/train_data_mmini/1/Train_0003.jpg	1	-1.0,1.0,1.0,1.0,1.0,-1.0,1.0,-1.0,1.0,1.0,1.0,1.0	-4.251748,1.7400892,1.3278776,3.1274133,3.4575822,-1.3212485,3.2175355,-0.015044448,0.11120768,3.2984428,0.39057717,1.0568316
../data/train_data_mmini/1/Train_0004.jpg	1	-1.0,-1.0,1.0,1.0,1.0,-1.0,-1.0,-1.0,1.0,1.0,-1.0,1.0	-2.4905329,-1.3622959,1.8178359,3.7013674,3.5054476,-1.6239793,-1.2282714,-0.3567952,0.48494112,0.019702509,-1.4580467,3.2951558
../data/train_data_mmini/2/Train_0005.jpg	2	1.0,1.0,1.0,-1.0,-1.0,1.0,1.0,-1.0,-1.0,-1.0,1.0,1.0	2.1489131,0.68112975,0.69262964,-1.7245433,-1.6165506,3.2474275,0.841244,-0.952814,-0.48080614,-0.57884794,1.5117418,0.66293865
../data/train_data_mmini/2/Train_0006.jpg	2	1.0,-1.0,-1.0,1.0,1.0,1.0,-1.0,1.0,-1.0,1.0,-1.0,-1.0	1.8969554,-0.5579558,-0.27976045,3.477839,0.14141414,1.2482611,-2.4048722,3.2593248,-1.8164773,1.0892136,-1.5793786,-2.3402407
../data/train_data_mmini/2/Train_0007.jpg	2	-1.0,-1.0,1.0,1.0,1.0,1.0,1.0,1.0,1.0,-1.0,1.0,1.0	-3.3306558,-2.6981835,0.42342296,6.3163924,3.116272,0.6083847,2.217318,2.6358824,1.5797647,-1.1580291,1.8007005,3.9125886
../data/train_data_mmini/2/Train_0008.jpg	2	-1.0,-1.0,-1.0,-1.0,-1.0,-1.0,-1.0,1.0,1.0,-1.0,1.0,1.0	-0.9503289,-3.6480978,-0.7698832,-0.061145708,-0.36057022,-1.6985686,-2.8458717,1.6087185,0.6677782,-3.0961185,1.0387167,1.0996482
../data/train_data_mmini/2/Train_0009.jpg	2	1.0,-1.0,1.0,1.0,-1.0,1.0,1.0,1.0,-1.0,-1.0,1.0,1.0	0.076199986,-0.4034488,0.6644053,1.6958632,-1.5665486,6.343263,2.7150798,2.0398364,-0.71299475,-0.1495007,1.784302,0.8415866
../data/train_data_mmini/3/Train_0010.jpg	3	1.0,-1.0,-1.0,1.0,1.0,1.0,-1.0,-1.0,-1.0,1.0,-1.0,1.0	3.0656583,-1.2280937,-3.7583158,2.30733,2.524297,0.92939454,-1.0581089,-1.8313136,-1.065386,0.19011746,-4.0391603,4.1186004
../data/train_data_mmini/3/Train_0011.jpg	3	1.0,-1.0,1.0,-1.0,1.0,-1.0,1.0,-1.0,1.0,-1.0,1.0,1.0	0.24459915,-2.7443964,4.7512403,-3.8924732,0.7513084,-0.74034005,2.3832068,-1.2648392,2.4082913,-1.1665819,0.9964443,3.8829153
../data/train_data_mmini/3/Train_0012.jpg	3	-1.0,1.0,1.0,-1.0,1.0,1.0,1.0,-1.0,1.0,1.0,1.0,-1.0	-2.5905337,1.7466911,6.5448017,-2.794947,1.2312511,2.1695225,2.6348338,-1.293669,0.2488553,4.3436327,0.109061725,-1.5050323
../data/train_data_mmini/3/Train_0013.jpg	3	1.0,-1.0,-1.0,-1.0,-1.0,-1.0,-1.0,1.0,-1.0,-1.0,-1.0,-1.0	1.4970291,-1.5955921,-1.7963184,-2.5385714,-2.4518452,-0.7211289,-2.1883526,1.9051617,-1.607859,-0.15332551,-0.07096492,-4.6324315
../data/train_data_mmini/3/Train_0014.jpg	3	1.0,-1.0,-1.0,-1.0,-1.0,1.0,-1.0,-1.0,1.0,-1.0,-1.0,1.0	2.7439828,-0.95388234,-0.15915544,-1.2546179,-1.0706239,0.029621674,-1.3325055,-2.0579734,0.093832776,-1.6849009,-0.79831624,2.6912384
../data/train_data_mmini/4/Train_0015.jpg	4	-1.0,-1.0,1.0,-1.0,-1.0,-1.0,-1.0,1.0,1.0,-1.0,1.0,-1.0	-4.3213387,-1.7202718,5.594264,-1.6235276,-0.42611304,-1.024001,-0.4053446,2.166634,1.2377518,-0.28877202,2.588834,-1.6643934
../data/train_data_mmini/4/Train_0016.jpg	4	-1.0,1.0,-1.0,-1.0,-1.0,-1.0,1.0,-1.0,1.0,1.0,1.0,-1.0	-0.7261745,1.8314899,-1.87873,-5.058841,-2.2141268,-0.8806977,5.276147,-1.2622975,1.6382036,1.0774655,3.8868794,-1.4547052
../data/train_data_mmini/4/Train_0017.jpg	4	1.0,1.0,1.0,-1.0,-1.0,1.0,1.0,1.0,-1.0,1.0,1.0,-1.0	0.58554333,1.2535048,3.8934665,-3.7932456,-1.4259571,2.0439165,2.7091882,1.1209198,-0.12635778,3.2215574,1.2036499,-3.7828467
../data/train_data_mmini/4/Train_0018.jpg	4	1.0,-1.0,1.0,-1.0,-1.0,1.0,1.0,-1.0,1.0,-1.0,1.0,1.0	0.8130616,-1.2854267,0.4033495,-2.2241454,-1.4116682,2.3278043,0.7774637,-1.1683581,0.66302454,-1.6893396,2.054559,2.6641386
../data/train_data_mmini/4/Train_0019.jpg	4	1.0,1.0,1.0,1.0,-1.0,-1.0,-1.0,1.0,-1.0,1.0,-1.0,-1.0	2.1715162,1.1325352,0.6355919,1.6317124,-0.64160156,-0.267847,-3.6082504,1.6452235,-1.7304219,1.6305165,-2.1221519,-4.536047
../data/train_data_mmini/5/Train_0020.jpg	5	-1.0,1.0,-1.0,1.0,1.0,-1.0,1.0,-1.0,1.0,1.0,1.0,1.0	-2.8937366,0.9770827,-2.5761268,2.217702,1.5241007,-2.778165,1.8427105,-1.0224264,1.676446,1.8185959,0.16204879,0.5654894
../data/train_data_mmini/5/Train_0021.jpg	5	-1.0,-1.0,1.0,-1.0,1.0,-1.0,-1.0,1.0,-1.0,-1.0,-1.0,1.0	-1.500416,-1.8458256,3.4568167,-1.3566779,0.7340501,-3.1222003,-2.1588218,0.068153776,-0.4751616,-0.89103186,-0.52493775,0.62909824
../data/train_data_mmini/5/Train_0022.jpg	5	-1.0,-1.0,-1.0,1.0,1.0,1.0,-1.0,1.0,1.0,-1.0,1.0,1.0	-1.3089992,-1.9217722,-0.4630213,5.4334483,1.3022729,2.1964076,-0.51205164,2.5368416,0.36812887,-1.2062744,0.6656251,1.6928414
../data/train_data_mmini/5/Train_0023.jpg	5	-1.0,-1.0,-1.0,1.0,1.0,-1.0,1.0,1.0,1.0,1.0,1.0,1.0	-4.528579,-0.5339606,-1.3372049,5.2951784,3.0139844,-1.2847476,1.8402649,0.8617861,1.1673341,1.6940334,0.30551308,1.5209298
../data/train_data_mmini/5/Train_0024.jpg	5	-1.0,-1.0,1.0,1.0,1.0,1.0,1.0,1.0,-1.0,-1.0,1.0,1.0	-1.9799042,-1.4682733,4.7603292,2.0087707,2.8284028,1.3201698,1.9293156,1.1037512,-0.16339116,-0.061731845,0.8793608,2.9791408
../data/train_data_mmini/6/Train_0025.jpg	6	1.0,1.0,1.0,1.0,1.0,1.0,1.0,1.0,-1.0,1.0,-1.0,-1.0	4.690575,2.0585666,2.2556894,0.8505589,2.3371897,2.2549558,2.2554264,0.30492938,-1.4739262,3.1134415,-2.412592,-0.4286339
../data/train_data_mmini/6/Train_0026.jpg	6	-1.0,1.0,1.0,-1.0,1.0,1.0,1.0,-1.0,1.0,1.0,1.0,1.0	-0.63926584,0.86035347,1.5043874,-0.9309632,0.18058914,2.4631467,4.1647263,-1.5191464,0.90092325,0.8127354,1.5633748,3.0403357
../data/train_data_mmini/6/Train_0027.jpg	6	1.0,1.0,-1.0,1.0,1.0,1.0,1.0,-1.0,1.0,1.0,-1.0,1.0	2.9147303,0.28782335,-2.1798382,0.06837739,0.7183744,1.6737179,2.4593563,-2.0188806,0.48275062,0.99425423,-1.6540496,3.6467626
../data/train_data_mmini/6/Train_0028.jpg	6	1.0,-1.0,1.0,-1.0,1.0,-1.0,1.0,1.0,1.0,-1.0,1.0,1.0	0.47604167,-2.5905738,1.4301497,-1.8654789,0.22445947,-1.1999297,1.912537,0.45734867,2.0532064,-2.4624043,2.6134331,3.2980878
../data/train_data_mmini/6/Train_0029.jpg	6	1.0,-1.0,1.0,1.0,1.0,1.0,1.0,1.0,-1.0,1.0,-1.0,-1.0	2.5871594,-1.254892,3.2865672,0.71784455,0.3201533,5.6806107,1.6701974,3.5572438,-2.4662223,0.98718226,-0.40069646,-0.8452378
../data/train_data_mmini/7/Train_0030.jpg	7	-1.0,1.0,1.0,1.0,-1.0,1.0,1.0,1.0,1.0,1.0,1.0,-1.0	-0.99720734,1.1290952,1.0999117,1.1577083,-1.6343558,4.5660944,3.495986,2.560508,0.291632,1.2406116,2.9493427,-1.9491897
../data/train_data_mmini/7/Train_0031.jpg	7	1.0,1.0,-1.0,-1.0,-1.0,1.0,1.0,-1.0,-1.0,-1.0,1.0,-1.0	2.5620053,0.4712174,-3.072039,-2.5232177,-2.1191854,2.5080483,1.5912734,-0.13289651,-1.12221,-0.5227117,1.4723194,-1.1254017
../data/train_data_mmini/7/Train_0032.jpg	7	1.0,-1.0,1.0,-1.0,-1.0,-1.0,-1.0,-1.0,1.0,-1.0,-1.0,1.0	3.3515694,-0.65379906,2.4963403,-5.8963265,-1.7983927,-0.13805933,-1.2636348,-3.8327265,0.46734372,-2.2352977,-0.40212545,3.0051956
../data/train_data_mmini/7/Train_0033.jpg	7	1.0,1.0,1.0,1.0,1.0,1.0,1.0,1.0,-1.0,1.0,1.0,1.0	1.2203751,0.3621688,1.0976964,2.6282125,1.0530045,5.781742,3.6644416,1.0775664,-0.8851535,0.61448324,1.5182642,3.1687388
../data/train_data_mmini/7/Train_0034.jpg	7	1.0,-1.0,1.0,-1.0,1.0,-1.0,-1.0,-1.0,1.0,-1.0,-1.0,1.0	4.6633205,-2.2759953,2.6100254,-1.3095412,4.3328657,-2.9944568,-0.37246552,-4.2415986,0.31109023,-2.0355089,-3.393046,8.544034
../data/train_data_mmini/8/Train_0035.jpg	8	1.0,-1.0,1.0,1.0,-1.0,1.0,1.0,1.0,-1.0,-1.0,1.0,1.0	2.3890798,-2.505217,2.431649,1.6643482,-0.7608977,6.5689955,0.102808855,2.7272444,-1.5136257,-1.2760916,0.12361053,1.1318043
../data/train_data_mmini/8/Train_0036.jpg	8	1.0,-1.0,1.0,-1.0,-1.0,1.0,1.0,1.0,-1.0,-1.0,1.0,1.0	3.3107865,-0.5188513,2.029372,-0.31415495,-1.8292003,7.3360453,3.2205086,2.6635413,-0.4913494,-1.6240466,3.3008335,0.8588583
../data/train_data_mmini/8/Train_0037.jpg	8	1.0,-1.0,1.0,-1.0,-1.0,1.0,1.0,-1.0,1.0,-1.0,1.0,1.0	1.9190239,-1.7103628,2.4763334,-3.4856148,-0.32688218,2.9761364,4.9568205,-0.22642429,0.37370908,-1.091227,2.3447306,3.851422
../data/train_data_mmini/8/Train_0038.jpg	8	1.0,-1.0,-1.0,-1.0,-1.0,1.0,1.0,1.0,-1.0,-1.0,1.0,-1.0	1.3853203,-1.2224928,-1.1848289,-0.5453561,-1.0834304,1.9539204,0.5635385,1.2218684,-1.0270644,-0.3428928,0.060558964,-0.89898944
../data/train_data_mmini/8/Train_0039.jpg	8	1.0,-1.0,1.0,1.0,-1.0,1.0,1.0,1.0,-1.0,-1.0,1.0,1.0	3.465894,-2.3752294,5.261215,0.288384,-1.7176825,9.861048,1.4351158,4.004281,-2.164242,-1.5182335,1.6409183,0.86880505
../data/train_data_mmini/9/Train_0040.jpg	9	-1.0,-1.0,1.0,1.0,1.0,1.0,1.0,1.0,1.0,-1.0,1.0,1.0	-2.2268858,-2.5696363,5.3389688,0.7339174,1.3241957,0.68211776,0.4081788,2.3258312,0.45376912,-0.53067297,1.118784,1.1387581
../data/train_data_mmini/9/Train_0041.jpg	9	1.0,-1.0,-1.0,-1.0,-1.0,1.0,1.0,-1.0,1.0,-1.0,1.0,1.0	3.8855512,-0.07949808,-3.4138978,-1.2052585,-0.69089663,3.2377088,2.9022012,-1.9499663,0.22717512,-0.4311937,0.825805,2.3213627
../data/train_data_mmini/9/Train_0042.jpg	9	-1.0,-1.0,1.0,-1.0,1.0,-1.0,-1.0,-1.0,1.0,1.0,-1.0,1.0	-2.6140165,-2.4731889,4.8893676,-2.810051,1.6269344,-2.867483,-0.121372394,-0.13559727,0.784461,0.17357676,-0.0041539483,0.7664062
../data/train_data_mmini/9/Train_0043.jpg	9	-1.0,-1.0,-1.0,1.0,-1.0,1.0,-1.0,1.0,1.0,-1.0,1.0,1.0	-0.09785264,-3.0262828,-0.10690469,2.9922853,-0.86881816,2.1452167,-1.2377793,3.4210207,0.08875094,-1.9133745,0.8452594,0.18901101
../data/train_data_mmini/9/Train_0044.jpg	9	1.0,1.0,1.0,1.0,1.0,1.0,1.0,1.0,-1.0,1.0,-1.0,-1.0	0.036324494,0.7207476,3.9491262,0.2660555,0.1615122,3.34744,0.6825566,2.4845462,-1.9339571,3.8792408,-1.5620425,-3.9768476
../data/train_data_mmini/10/Train_0045.jpg	10	1.0,-1.0,1.0,-1.0,-1.0,1.0,1.0,1.0,-1.0,-1.0,1.0,1.0	5.9619713,-1.5515267,4.705678,-0.021574527,-1.1988063,10.705726,1.0175147,2.5832582,-2.8421044,-2.487875,0.88997257,2.9702694
../data/train_data_mmini/10/Train_0046.jpg	10	1.0,-1.0,1.0,-1.0,-1.0,1.0,1.0,1.0,-1.0,1.0,-1.0,-1.0	1.3831036,-1.0892702,5.1300974,-3.171959,-0.22605075,1.5961237,1.0598857,1.0086657,-1.3066783,1.747474,-1.3456601,-1.0044034
../data/train_data_mmini/10/Train_0047.jpg	10	1.0,-1.0,1.0,-1.0,-1.0,1.0,-1.0,1.0,-1.0,-1.0,1.0,1.0	5.7839985,-1.2412285,4.623168,-2.574403,-1.2126571,4.979577,-0.93495303,0.6175105,-2.3204448,-2.399563,0.11309831,1.8511033
../data/train_data_mmini/10/Train_0048.jpg	10	1.0,1.0,1.0,1.0,-1.0,1.0,-1.0,1.0,-1.0,1.0,-1.0,-1.0	5.033073,0.88354576,5.5001945,0.48261946,-1.486632,8.121431,-2.1620772,1.8247815,-2.8792877,0.60379845,-1.8251607,-2.3548086
../data/train_data_mmini/10/Train_0049.jpg	10	1.0,-1.0,1.0,1.0,-1.0,1.0,1.0,1.0,-1.0,-1.0,-1.0,1.0	4.260497,-3.0606966,3.3903267,0.4110745,-0.33315074,6.9345493,0.447372,2.1888866,-1.7003033,-1.4741409,-1.2303181,2.1288426
