../data/train_data_mmini/1/Train_0000.jpg	1	1.0,1.0,1.0,1.0,1.0,-1.0,1.0,-1.0	0.46955475,0.12365358,0.22606096,0.06980093,0.02683853,-0.22961342,0.16847633,-0.07262807
../data/train_data_mmini/1/Train_0001.jpg	1	1.0,1.0,1.0,1.0,1.0,-1.0,1.0,-1.0	0.5645467,0.070937,0.3847549,0.12674996,0.17116347,-0.3297912,0.43643782,-0.22394592
../data/train_data_mmini/1/Train_0002.jpg	1	1.0,1.0,1.0,1.0,1.0,-1.0,1.0,-1.0	0.3420915,0.21775992,0.20786375,0.029548302,0.109709576,-0.4508101,0.30987453,-0.18567222
../data/train_data_mmini/1/Train_0003.jpg	1	1.0,1.0,1.0,1.0,1.0,-1.0,1.0,-1.0	0.5624263,0.16894688,0.19766387,0.07406351,0.0041540847,-0.29050434,0.17653774,-0.11314432
../data/train_data_mmini/1/Train_0004.jpg	1	1.0,1.0,1.0,1.0,1.0,-1.0,1.0,-1.0	0.46817636,0.05296963,0.2592923,0.111572534,0.003625928,-0.27290937,0.27614745,-0.054705575
../data/train_data_mmini/2/Train_0005.jpg	2	1.0,1.0,1.0,1.0,1.0,-1.0,1.0,-1.0	0.69554466,0.07839444,0.4972824,0.09037062,0.24239713,-0.43448192,0.6706569,-0.18575527
../data/train_data_mmini/2/Train_0006.jpg	2	1.0,1.0,1.0,1.0,1.0,-1.0,1.0,-1.0	0.55671185,0.006786708,0.4082695,0.12474637,0.17696436,-0.39298582,0.6182565,-0.19068602
../data/train_data_mmini/2/Train_0007.jpg	2	1.0,1.0,1.0,1.0,-1.0,-1.0,1.0,1.0	0.56699216,0.06373032,0.30035427,0.09208006,-0.010500165,-0.23415926,0.15692683,0.0580437
../data/train_data_mmini/2/Train_0008.jpg	2	1.0,1.0,1.0,1.0,1.0,-1.0,1.0,-1.0	0.37659714,0.08106523,0.29783875,0.091161445,0.12617983,-0.32682195,0.3869366,-0.2235059
../data/train_data_mmini/2/Train_0009.jpg	2	1.0,-1.0,1.0,1.0,1.0,-1.0,1.0,-1.0	0.81099325,-0.016257009,0.5654266,0.19885726,0.22984648,-0.48276693,0.6415514,-0.11746972
../data/train_data_mmini/3/Train_0010.jpg	3	1.0,-1.0,1.0,1.0,1.0,-1.0,1.0,-1.0	0.55528766,-0.06822995,0.33819473,0.19062829,0.18565343,-0.30425006,0.7860613,-0.23467502
../data/train_data_mmini/3/Train_0011.jpg	3	1.0,1.0,1.0,-1.0,1.0,-1.0,1.0,-1.0	0.30568832,0.18386286,0.28035015,-0.00015612574,0.26970333,-0.4149512,0.38192388,-0.21822086
../data/train_data_mmini/3/Train_0012.jpg	3	1.0,1.0,1.0,1.0,1.0,-1.0,1.0,-1.0	0.5079958,0.09577969,0.2611361,0.11474211,0.10201726,-0.40901595,0.42278937,-0.12736729
../data/train_data_mmini/3/Train_0013.jpg	3	1.0,1.0,1.0,1.0,1.0,-1.0,1.0,-1.0	0.6802729,0.05501234,0.48898283,0.26572442,0.2535603,-0.4658359,0.7977704,-0.20520699
../data/train_data_mmini/3/Train_0014.jpg	3	1.0,1.0,1.0,1.0,1.0,-1.0,1.0,-1.0	0.6851472,0.05101262,0.5692923,0.11618525,0.28102607,-0.45676604,0.7503792,-0.21299876
../data/train_data_mmini/4/Train_0015.jpg	4	1.0,1.0,1.0,1.0,-1.0,-1.0,1.0,-1.0	0.31491908,0.0915114,0.20448996,0.013230981,-0.006775876,-0.23195197,0.16902266,-0.0878061
../data/train_data_mmini/4/Train_0016.jpg	4	1.0,1.0,1.0,1.0,1.0,-1.0,1.0,-1.0	0.5217464,0.09923323,0.31890985,0.06928293,0.14180456,-0.4432966,0.36759746,-0.208483
../data/train_data_mmini/4/Train_0017.jpg	4	1.0,1.0,1.0,1.0,1.0,-1.0,1.0,-1.0	0.61059827,0.1259124,0.42182022,0.13339834,0.2889248,-0.4636562,0.67406285,-0.3006492
../data/train_data_mmini/4/Train_0018.jpg	4	1.0,1.0,1.0,1.0,1.0,-1.0,1.0,-1.0	0.5145413,0.07587736,0.39896336,0.061922856,0.21571599,-0.43630925,0.54331225,-0.3004362
../data/train_data_mmini/4/Train_0019.jpg	4	1.0,1.0,1.0,1.0,1.0,-1.0,1.0,-1.0	0.6121096,0.030991493,0.41915435,0.16011398,0.18197986,-0.37037775,0.702332,-0.18163648
../data/train_data_mmini/5/Train_0020.jpg	5	1.0,1.0,1.0,1.0,1.0,-1.0,1.0,1.0	0.6408683,0.031946074,0.34600776,0.08448176,0.02223569,-0.3549519,0.3311587,0.0021635634
../data/train_data_mmini/5/Train_0021.jpg	5	1.0,1.0,1.0,1.0,1.0,-1.0,1.0,-1.0	0.58151567,0.05592208,0.46022424,0.15953493,0.21585046,-0.35834128,0.47005075,-0.16186698
../data/train_data_mmini/5/Train_0022.jpg	5	1.0,-1.0,1.0,1.0,1.0,-1.0,1.0,-1.0	0.6301071,-0.020265928,0.37385842,0.15143494,0.07996654,-0.3035031,0.3477593,-0.05528015
../data/train_data_mmini/5/Train_0023.jpg	5	1.0,1.0,1.0,1.0,-1.0,-1.0,1.0,1.0	0.5852312,0.029906983,0.2757327,0.09227991,-0.02108514,-0.2606666,0.1431685,0.027215796
../data/train_data_mmini/5/Train_0024.jpg	5	1.0,1.0,1.0,1.0,-1.0,-1.0,1.0,-1.0	0.5748903,0.13279168,0.30554503,0.1521565,-0.005053585,-0.32032123,0.33786845,-0.03022258
../data/train_data_mmini/6/Train_0025.jpg	6	1.0,1.0,1.0,1.0,1.0,-1.0,1.0,-1.0	0.7935007,0.070245154,0.42259204,0.17927095,0.21389191,-0.5950483,0.9555886,-0.15805668
../data/train_data_mmini/6/Train_0026.jpg	6	1.0,1.0,1.0,1.0,1.0,-1.0,1.0,-1.0	0.63693297,0.0402845,0.33293095,0.15526925,0.16419245,-0.3580845,0.45430326,-0.16030914
../data/train_data_mmini/6/Train_0027.jpg	6	1.0,-1.0,1.0,1.0,1.0,-1.0,1.0,-1.0	0.6144064,-0.053369995,0.37088025,0.16538857,0.25152224,-0.4292701,0.6937497,-0.15254718
../data/train_data_mmini/6/Train_0028.jpg	6	1.0,1.0,1.0,1.0,1.0,-1.0,1.0,-1.0	0.40647134,0.11092984,0.29085565,0.12424795,0.23282813,-0.4187563,0.4572977,-0.16228701
../data/train_data_mmini/6/Train_0029.jpg	6	1.0,1.0,1.0,1.0,1.0,-1.0,1.0,-1.0	0.77651596,0.19278853,0.45135972,0.25484282,0.1875555,-0.46882686,0.7361452,-0.1846098
../data/train_data_mmini/7/Train_0030.jpg	7	1.0,1.0,1.0,1.0,1.0,-1.0,1.0,-1.0	0.771043,0.030008057,0.39377102,0.17556794,0.11579,-0.46359143,0.5088407,-0.045803025
../data/train_data_mmini/7/Train_0031.jpg	7	1.0,1.0,1.0,1.0,1.0,-1.0,1.0,-1.0	0.8572256,0.033183116,0.58697194,0.27574116,0.26257992,-0.5719856,0.95156264,-0.2546885
../data/train_data_mmini/7/Train_0032.jpg	7	1.0,1.0,1.0,1.0,1.0,-1.0,1.0,-1.0	0.5600061,0.042949133,0.53035843,0.16374151,0.44618127,-0.43082342,0.9084524,-0.26362035
../data/train_data_mmini/7/Train_0033.jpg	7	1.0,1.0,1.0,1.0,1.0,-1.0,1.0,-1.0	0.73338515,0.08051418,0.4396846,0.18161407,0.133006,-0.42762342,0.6336241,-0.13520856
../data/train_data_mmini/7/Train_0034.jpg	7	1.0,1.0,1.0,1.0,1.0,-1.0,1.0,-1.0	0.5499506,0.06832729,0.31075096,0.18798134,0.41413313,-0.4422772,0.7612672,-0.2039342
../data/train_data_mmini/8/Train_0035.jpg	8	1.0,-1.0,1.0,1.0,1.0,-1.0,1.0,-1.0	0.71772027,-0.0073503726,0.5360884,0.2261288,0.16500945,-0.45901385,0.6448184,-0.122060396
../data/train_data_mmini/8/Train_0036.jpg	8	1.0,-1.0,1.0,1.0,1.0,-1.0,1.0,-1.0	0.9350208,-0.00957352,0.5837849,0.21751544,0.24901673,-0.58473915,0.8864277,-0.1412465
../data/train_data_mmini/8/Train_0037.jpg	8	1.0,1.0,1.0,1.0,1.0,-1.0,1.0,-1.0	0.70688325,0.16670965,0.48800847,0.16571124,0.36543784,-0.43966538,0.67043257,-0.230492
../data/train_data_mmini/8/Train_0038.jpg	8	1.0,-1.0,1.0,1.0,1.0,-1.0,1.0,-1.0	0.72591853,-0.0032898304,0.49746954,0.20554863,0.2153768,-0.42594,0.6486778,-0.17561251
../data/train_data_mmini/8/Train_0039.jpg	8	1.0,1.0,1.0,1.0,1.0,-1.0,1.0,-1.0	0.7893485,0.04890968,0.67744654,0.2488391,0.31467414,-0.5031806,0.8294678,-0.13979153
../data/train_data_mmini/9/Train_0040.jpg	9	1.0,1.0,1.0,1.0,-1.0,-1.0,1.0,-1.0	0.5185716,0.081542,0.28136617,0.116754346,-0.0021174117,-0.2930181,0.29402146,-0.058418166
../data/train_data_mmini/9/Train_0041.jpg	9	1.0,-1.0,1.0,1.0,1.0,-1.0,1.0,-1.0	0.8467485,-0.00031037387,0.59922844,0.20229326,0.30661464,-0.5484421,0.86428744,-0.1856579
../data/train_data_mmini/9/Train_0042.jpg	9	1.0,1.0,1.0,-1.0,1.0,-1.0,1.0,-1.0	0.4063131,0.16049048,0.27964672,-0.003158971,0.092433944,-0.3590759,0.315046,-0.18270136
../data/train_data_mmini/9/Train_0043.jpg	9	1.0,1.0,1.0,1.0,1.0,-1.0,1.0,-1.0	0.6367669,0.036738876,0.48018557,0.12434678,0.18116103,-0.3742229,0.5366369,-0.1194158
../data/train_data_mmini/9/Train_0044.jpg	9	1.0,1.0,1.0,1.0,1.0,-1.0,1.0,-1.0	0.6641836,0.13917604,0.3375949,0.19585434,0.10235372,-0.3542657,0.57505774,-0.11586932
../data/train_data_mmini/10/Train_0045.jpg	10	1.0,1.0,1.0,1.0,1.0,-1.0,1.0,-1.0	0.96594554,0.030627152,0.6119651,0.28909168,0.4254911,-0.6448092,1.2264104,-0.16604048
../data/train_data_mmini/10/Train_0046.jpg	10	1.0,1.0,1.0,1.0,1.0,-1.0,1.0,-1.0	0.3317287,0.16355143,0.30053148,0.07092157,0.29958525,-0.24945323,0.41658306,-0.13605092
../data/train_data_mmini/10/Train_0047.jpg	10	1.0,1.0,1.0,1.0,1.0,-1.0,1.0,-1.0	1.0010525,0.08617305,0.6645835,0.23768646,0.4346289,-0.662407,1.1746986,-0.20613067
../data/train_data_mmini/10/Train_0048.jpg	10	1.0,1.0,1.0,1.0,1.0,-1.0,1.0,-1.0	0.943776,0.03930217,0.66245806,0.35668182,0.28636938,-0.6016552,1.1148505,-0.12454905
../data/train_data_mmini/10/Train_0049.jpg	10	1.0,1.0,1.0,1.0,1.0,-1.0,1.0,-1.0	0.83253664,0.028853098,0.60407466,0.20391117,0.3386194,-0.4692024,0.833499,-0.16348009
