../data/train_data_mmini/1/Train_0000.jpg	1	1.0,-1.0,1.0,-1.0,-1.0,-1.0,1.0,-1.0	0.12105114,-0.84596926,2.5560277,-0.4056294,-1.2388318,-0.13932899,2.1431413,-0.5706949
../data/train_data_mmini/1/Train_0001.jpg	1	1.0,-1.0,-1.0,1.0,-1.0,-1.0,1.0,1.0	5.1299872,-2.2461956,-0.3245058,0.7092649,-2.505886,-2.1354055,1.0817678,1.4847258
../data/train_data_mmini/1/Train_0002.jpg	1	-1.0,1.0,-1.0,-1.0,-1.0,-1.0,1.0,-1.0	-0.44754913,1.1095532,-0.68038243,-2.0280457,-3.420906,-1.3958524,1.0422443,-2.3941321
../data/train_data_mmini/1/Train_0003.jpg	1	1.0,-1.0,1.0,1.0,-1.0,-1.0,1.0,-1.0	1.1602979,-1.4042938,4.605615,0.76850754,-2.893708,-0.50571597,4.071078,-1.3603139
../data/train_data_mmini/1/Train_0004.jpg	1	-1.0,-1.0,-1.0,1.0,-1.0,-1.0,1.0,-1.0	-1.4179571,-1.8728158,-0.1695187,2.2309837,-1.7242367,-0.5184672,3.4364982,-0.6123971
../data/train_data_mmini/2/Train_0005.jpg	2	-1.0,-1.0,-1.0,1.0,-1.0,-1.0,1.0,-1.0	-2.895811,-2.3087666,-0.5778279,1.7050815,-3.079956,-5.2933693,0.16520005,-2.0570455
../data/train_data_mmini/2/Train_0006.jpg	2	-1.0,-1.0,1.0,1.0,-1.0,1.0,-1.0,-1.0	-4.323729,-1.2215103,4.3284073,0.83535016,-5.8753824,0.31054917,-2.7531214,-0.13893954
../data/train_data_mmini/2/Train_0007.jpg	2	-1.0,-1.0,1.0,1.0,1.0,1.0,1.0,-1.0	-0.5603307,-0.5077221,2.3913555,1.1084167,0.24555323,1.583107,2.408648,-0.5374768
../data/train_data_mmini/2/Train_0008.jpg	2	-1.0,-1.0,-1.0,1.0,-1.0,-1.0,-1.0,1.0	-4.8370695,-3.0872896,-1.930678,2.902871,-2.6133451,-2.7442763,-0.3267709,0.8861513
../data/train_data_mmini/2/Train_0009.jpg	2	1.0,-1.0,-1.0,-1.0,-1.0,-1.0,1.0,-1.0	0.88279283,-6.7641044,-0.061352238,-0.30413902,-2.4790165,-3.085768,2.2631545,-3.8593776
../data/train_data_mmini/3/Train_0010.jpg	3	-1.0,-1.0,-1.0,1.0,-1.0,-1.0,-1.0,-1.0	-1.2905276,-5.428608,-1.0797981,3.0089402,-2.6752503,-3.792113,-1.9496356,-3.8206227
../data/train_data_mmini/3/Train_0011.jpg	3	1.0,-1.0,-1.0,1.0,-1.0,-1.0,-1.0,-1.0	1.2885813,-0.086551815,-1.5652138,1.78168,-4.272537,-3.3472483,-1.6780857,-1.6409281
../data/train_data_mmini/3/Train_0012.jpg	3	1.0,-1.0,-1.0,1.0,-1.0,-1.0,-1.0,1.0	7.4720583,-0.87761974,-0.32538056,1.6500455,-3.1236413,-0.75165844,-1.8561593,3.4485574
../data/train_data_mmini/3/Train_0013.jpg	3	-1.0,-1.0,1.0,-1.0,-1.0,-1.0,-1.0,-1.0	-1.4180444,-2.3227997,1.4858147,-3.3442557,-7.3289332,-2.836081,-3.5845957,-2.6461282
../data/train_data_mmini/3/Train_0014.jpg	3	-1.0,-1.0,-1.0,1.0,-1.0,-1.0,1.0,-1.0	-1.9448612,-2.192908,-2.2200496,1.9806026,-3.6237617,-6.9656067,0.15004373,-2.9895334
../data/train_data_mmini/4/Train_0015.jpg	4	1.0,-1.0,-1.0,-1.0,-1.0,1.0,1.0,1.0	2.8116877,-1.5911728,-1.5769073,-0.2524114,-1.0440338,0.2945364,0.7990221,0.3426732
../data/train_data_mmini/4/Train_0016.jpg	4	-1.0,-1.0,1.0,-1.0,-1.0,-1.0,-1.0,-1.0	-0.49514678,-1.8952768,0.8680815,-1.5782701,-3.1620364,-7.5023417,-1.6530005,-3.978056
../data/train_data_mmini/4/Train_0017.jpg	4	1.0,1.0,1.0,1.0,-1.0,-1.0,-1.0,1.0	0.09425276,0.10511553,1.9145945,1.221859,-6.906768,-3.4517899,-3.1210165,0.9064782
../data/train_data_mmini/4/Train_0018.jpg	4	-1.0,-1.0,-1.0,1.0,1.0,-1.0,-1.0,-1.0	-0.62243205,-3.964959,-3.2271805,2.5477583,0.3552904,-5.506687,-2.2765841,-4.074753
../data/train_data_mmini/4/Train_0019.jpg	4	-1.0,1.0,1.0,-1.0,-1.0,-1.0,-1.0,1.0	-2.8250456,1.3149068,2.4626002,-0.009050567,-8.609644,-0.6173059,-0.69330686,1.0084505
../data/train_data_mmini/5/Train_0020.jpg	5	-1.0,-1.0,1.0,1.0,-1.0,-1.0,1.0,-1.0	-0.34582195,-0.7436593,1.17575,0.59700227,-2.5262008,-1.8851047,6.420489,-0.067739695
../data/train_data_mmini/5/Train_0021.jpg	5	-1.0,-1.0,1.0,-1.0,-1.0,-1.0,1.0,-1.0	-1.8371469,-2.0329015,2.371543,-2.0172498,-6.051726,-1.0554328,6.028216,-4.1321344
../data/train_data_mmini/5/Train_0022.jpg	5	-1.0,-1.0,1.0,1.0,-1.0,1.0,1.0,1.0	-1.4569888,-2.611929,1.1107398,2.4897945,-0.045298964,1.278111,0.25619954,1.121227
../data/train_data_mmini/5/Train_0023.jpg	5	-1.0,-1.0,1.0,1.0,-1.0,1.0,1.0,-1.0	-0.89561105,-3.0577867,3.0511346,0.9318913,-1.7097697,0.5815271,4.753349,-2.1879501
../data/train_data_mmini/5/Train_0024.jpg	5	1.0,-1.0,1.0,-1.0,-1.0,1.0,1.0,-1.0	0.19812775,-1.8520025,2.3776264,-0.8854065,-3.138729,0.42195058,2.3803449,-4.3355217
../data/train_data_mmini/6/Train_0025.jpg	6	-1.0,-1.0,1.0,-1.0,-1.0,-1.0,-1.0,-1.0	-0.89537716,-0.046738986,5.379535,-3.7733345,-8.875543,-2.940514,-1.3845403,-6.440151
../data/train_data_mmini/6/Train_0026.jpg	6	1.0,-1.0,-1.0,1.0,-1.0,-1.0,1.0,-1.0	1.828512,-1.9771456,-0.5678599,2.05653,-2.5610645,-4.8494287,3.9266257,-2.1126544
../data/train_data_mmini/6/Train_0027.jpg	6	-1.0,-1.0,1.0,1.0,-1.0,-1.0,-1.0,-1.0	-0.8642486,-3.9063768,0.002073899,0.45189974,-4.1873846,-6.8394356,-1.0105197,-5.986869
../data/train_data_mmini/6/Train_0028.jpg	6	-1.0,-1.0,1.0,1.0,-1.0,-1.0,1.0,-1.0	-2.49466,-0.36639178,0.11443545,0.14608757,-4.5663805,-3.338801,1.1303662,-3.6181376
../data/train_data_mmini/6/Train_0029.jpg	6	1.0,-1.0,1.0,-1.0,-1.0,1.0,-1.0,-1.0	1.5148971,-4.4491606,3.1325119,-3.3611677,-5.7498384,0.41364,-1.2269758,-4.8407726
../data/train_data_mmini/7/Train_0030.jpg	7	-1.0,-1.0,1.0,-1.0,-1.0,-1.0,-1.0,1.0	-0.25947973,-1.0455996,3.7263012,-0.16051367,-2.062904,-1.5713391,-1.1984249,0.7937121
../data/train_data_mmini/7/Train_0031.jpg	7	1.0,-1.0,1.0,-1.0,-1.0,-1.0,-1.0,-1.0	0.87038726,-3.6449814,0.4498598,-2.8730824,-5.482817,-5.441085,-1.7921565,-3.7495177
../data/train_data_mmini/7/Train_0032.jpg	7	1.0,-1.0,-1.0,1.0,-1.0,-1.0,-1.0,-1.0	0.26252636,-2.4848688,-3.786861,0.61674,-6.5732365,-7.580294,-1.7674865,-5.343265
../data/train_data_mmini/7/Train_0033.jpg	7	1.0,-1.0,1.0,1.0,-1.0,-1.0,-1.0,-1.0	0.15995908,-2.4509451,2.065437,2.435456,-0.28328836,-2.7179143,-2.4990935,-1.4124763
../data/train_data_mmini/7/Train_0034.jpg	7	-1.0,-1.0,-1.0,1.0,-1.0,-1.0,-1.0,-1.0	-3.551114,-1.2278584,-0.8483884,1.6236448,-5.5544076,-6.4901624,-0.8078852,-6.956232
../data/train_data_mmini/8/Train_0035.jpg	8	1.0,-1.0,1.0,1.0,-1.0,1.0,-1.0,-1.0	0.24790385,-5.00756,0.3552115,0.08977571,-2.0079353,0.273183,-2.7174997,-2.904786
../data/train_data_mmini/8/Train_0036.jpg	8	-1.0,-1.0,1.0,-1.0,-1.0,-1.0,-1.0,-1.0	-1.5948862,-1.0532386,1.7657334,-1.821536,-3.4574933,-5.832729,-1.7760314,-4.850769
../data/train_data_mmini/8/Train_0037.jpg	8	-1.0,-1.0,-1.0,-1.0,-1.0,-1.0,1.0,-1.0	-1.0567745,-1.8156589,-0.018571958,-1.0322818,-5.670732,-7.682877,2.1387105,-6.164735
../data/train_data_mmini/8/Train_0038.jpg	8	-1.0,-1.0,1.0,-1.0,-1.0,-1.0,1.0,-1.0	-0.31025168,-3.667696,0.6240262,-2.142981,-4.691157,-3.3781214,0.19937181,-2.921948
../data/train_data_mmini/8/Train_0039.jpg	8	1.0,-1.0,1.0,1.0,-1.0,1.0,-1.0,-1.0	3.5896769,-4.5058894,2.1243777,0.22874117,-3.9091232,1.2095246,-4.783972,-2.1508298
../data/train_data_mmini/9/Train_0040.jpg	9	-1.0,-1.0,1.0,1.0,-1.0,-1.0,1.0,1.0	-1.5440301,-0.809465,0.38859302,1.2553483,-2.9593847,-0.89400256,2.8615136,0.5056024
../data/train_data_mmini/9/Train_0041.jpg	9	1.0,-1.0,-1.0,1.0,-1.0,-1.0,-1.0,-1.0	0.829291,-2.6337745,-1.8310679,0.2944447,-4.4199843,-5.269867,-1.1761755,-4.216606
../data/train_data_mmini/9/Train_0042.jpg	9	1.0,-1.0,-1.0,1.0,-1.0,-1.0,1.0,-1.0	1.2532471,-2.1041152,-2.1382098,0.55240387,-3.8140748,-2.1537664,2.5505915,-1.7958738
../data/train_data_mmini/9/Train_0043.jpg	9	-1.0,-1.0,1.0,1.0,-1.0,-1.0,1.0,-1.0	-4.908652,-3.8884566,1.1210423,1.1089987,-3.1597035,-0.43686602,2.104537,-1.0179422
../data/train_data_mmini/9/Train_0044.jpg	9	1.0,-1.0,1.0,-1.0,-1.0,-1.0,1.0,1.0	3.4411356,-0.93821794,2.7657359,-0.59229183,-7.006366,-1.0328729,0.31808382,1.2303778
../data/train_data_mmini/10/Train_0045.jpg	10	1.0,-1.0,1.0,1.0,-1.0,-1.0,-1.0,-1.0	2.8388112,-4.782493,0.337269,0.095324606,-5.6421833,-3.7151005,-6.2692103,-5.801033
../data/train_data_mmini/10/Train_0046.jpg	10	1.0,-1.0,1.0,1.0,-1.0,-1.0,-1.0,-1.0	0.09473089,-1.8687503,1.226236,0.9500496,-6.9324737,-3.357335,-1.0146174,-2.370528
../data/train_data_mmini/10/Train_0047.jpg	10	-1.0,-1.0,1.0,-1.0,-1.0,-1.0,-1.0,-1.0	-3.0490832,-2.8798606,0.11014737,-0.97766376,-8.38589,-5.377495,-1.2424384,-7.3372316
../data/train_data_mmini/10/Train_0048.jpg	10	1.0,-1.0,1.0,-1.0,-1.0,-1.0,-1.0,-1.0	2.96241,-0.90527177,0.08288027,-0.24856383,-6.2066545,-2.7691212,-4.3303137,-0.248392
../data/train_data_mmini/10/Train_0049.jpg	10	1.0,-1.0,1.0,1.0,-1.0,-1.0,-1.0,-1.0	0.6919208,-3.8091333,0.7506476,0.4187106,-6.175967,-1.4798234,-1.1105908,-5.491756
