../data/train_data_mmini/1/Train_0000.jpg	1	1.0,1.0,-1.0,1.0,1.0,-1.0,1.0,1.0,-1.0,1.0,1.0,1.0,-1.0,1.0,1.0,1.0,1.0,1.0,1.0,1.0,-1.0,1.0,1.0,1.0	1.4188731,2.66781,-0.5093656,11.425575,2.0943916,-0.18282558,0.5170567,0.049942844,-0.6938051,1.3780581,2.4362278,0.3153957,-3.5421941,0.5427358,0.23424374,1.5903896,1.2679527,2.3015344,0.0032744154,2.0941489,-0.24359027,1.6669834,1.0927083,0.5095983
../data/train_data_mmini/1/Train_0001.jpg	1	-1.0,1.0,1.0,1.0,-1.0,-1.0,1.0,-1.0,-1.0,1.0,1.0,1.0,-1.0,-1.0,-1.0,-1.0,1.0,1.0,-1.0,1.0,1.0,-1.0,-1.0,-1.0	-0.33483437,3.124132,0.28254715,9.6790695,-0.75326174,-0.30063134,1.1167102,-1.4907798,-0.79592276,0.52931595,0.07092496,2.058816,-2.690224,-0.38164887,-0.3542002,-1.5822142,3.18853,1.5897397,-0.16813157,0.93461186,0.9295936,-2.8771842,-2.635171,-0.83349913
../data/train_data_mmini/1/Train_0002.jpg	1	-1.0,1.0,-1.0,1.0,1.0,-1.0,1.0,-1.0,-1.0,-1.0,-1.0,1.0,1.0,-1.0,1.0,1.0,1.0,1.0,-1.0,-1.0,1.0,-1.0,-1.0,1.0	-1.5305746,1.8470229,-2.6278987,7.7912955,0.9457628,-0.59341425,2.344872,-0.17564912,-0.9604844,-0.35278144,-1.180655,1.0002147,0.81061715,-2.435864,1.766665,1.317136,0.494696,2.3890889,-2.624749,-1.1503077,3.0119464,-1.7191365,-0.044928513,0.70070326
../data/train_data_mmini/1/Train_0003.jpg	1	1.0,1.0,-1.0,1.0,1.0,1.0,-1.0,-1.0,1.0,1.0,1.0,-1.0,-1.0,1.0,-1.0,1.0,1.0,1.0,-1.0,1.0,-1.0,1.0,1.0,-1.0	1.6945268,2.9650888,-0.23413341,9.537037,1.5477332,0.23241208,-0.52520955,-0.51116675,0.9539358,0.8958828,2.2515056,-1.3787416,-4.0021186,0.2978575,-0.4396412,2.272211,2.541014,2.6493866,-0.11468496,3.6405516,-3.7369218,0.23073219,1.3749833,-0.31018296
../data/train_data_mmini/1/Train_0004.jpg	1	1.0,1.0,1.0,1.0,-1.0,1.0,1.0,1.0,1.0,1.0,1.0,1.0,-1.0,1.0,-1.0,1.0,1.0,-1.0,-1.0,1.0,-1.0,1.0,-1.0,-1.0	1.3415931,1.7159421,0.9291903,10.275689,-0.48716754,1.3462481,0.9373778,0.8451207,0.09948604,3.1887124,3.5592802,1.4852978,-3.7105596,1.0054767,-0.04157933,0.08263272,0.6732663,-0.01903566,-0.123971604,0.7452867,-1.4073528,2.1158745,-0.06811073,-1.6598862
../data/train_data_mmini/2/Train_0005.jpg	2	1.0,1.0,1.0,1.0,1.0,-1.0,-1.0,1.0,1.0,-1.0,-1.0,-1.0,-1.0,1.0,-1.0,1.0,-1.0,1.0,1.0,-1.0,1.0,1.0,1.0,1.0	0.9788493,0.8470993,1.2417014,6.3007364,0.24759942,-0.67605186,-0.5708569,0.18672784,1.5917029,-3.2954557,-0.4767154,-0.861947,-2.1654768,0.28066805,-0.22964244,1.1440288,-1.5076565,0.36814755,1.191254,-0.13738035,0.24711685,0.63062215,1.210191,0.07107751
../data/train_data_mmini/2/Train_0006.jpg	2	-1.0,-1.0,1.0,1.0,1.0,1.0,-1.0,-1.0,1.0,-1.0,1.0,-1.0,-1.0,1.0,-1.0,-1.0,-1.0,1.0,-1.0,-1.0,-1.0,1.0,1.0,-1.0	-0.93964744,-0.9570082,2.240211,8.293052,2.829923,1.539355,-0.6311575,-1.7901196,3.2802875,-3.9514914,1.4544165,-3.3142052,-0.5952941,1.1445143,-0.36271852,-1.3014082,-0.049251482,2.7866616,-0.11817854,-0.3494378,-0.061779916,3.4402275,1.5081004,-1.6502911
../data/train_data_mmini/2/Train_0007.jpg	2	1.0,1.0,1.0,1.0,1.0,-1.0,-1.0,1.0,-1.0,1.0,1.0,-1.0,-1.0,1.0,-1.0,1.0,-1.0,-1.0,-1.0,1.0,-1.0,1.0,1.0,1.0	3.081159,1.7030102,0.7576215,15.250265,0.63866013,-0.83591783,-0.32061663,0.41323245,-0.9551749,1.2297518,4.4787917,-0.36098057,-1.4646449,1.254954,-0.63454044,0.075745106,-0.2546442,-0.91345376,-0.41373822,2.8906343,-0.7029879,4.1657624,2.0006678,0.89126056
../data/train_data_mmini/2/Train_0008.jpg	2	1.0,-1.0,1.0,1.0,1.0,-1.0,1.0,1.0,-1.0,1.0,1.0,1.0,-1.0,1.0,1.0,1.0,-1.0,-1.0,-1.0,-1.0,1.0,1.0,-1.0,1.0	0.33144554,-0.06390891,0.3630894,7.000195,1.024019,-0.9484461,0.82292515,1.6377174,-0.21208483,3.5629177,1.1217644,0.4596476,-0.7727988,2.2863684,2.7076132,1.1147507,-2.4499824,-2.48738,-1.9082811,-0.27743778,1.4597223,1.6988788,-0.09558984,0.5108374
../data/train_data_mmini/2/Train_0009.jpg	2	1.0,1.0,1.0,1.0,1.0,-1.0,-1.0,1.0,-1.0,-1.0,1.0,-1.0,1.0,-1.0,-1.0,1.0,-1.0,1.0,-1.0,1.0,1.0,1.0,1.0,1.0	3.2606719,1.8156321,2.431941,8.838605,1.6816546,-1.6974787,-3.5253792,2.4065425,-1.3374554,-2.2177331,1.484279,-1.5674342,0.33326262,-0.492622,-2.363227,0.55913013,-1.4924754,2.7462118,-0.58598626,3.4568026,1.4667318,5.1600223,2.4379756,1.1393965
../data/train_data_mmini/3/Train_0010.jpg	3	1.0,1.0,1.0,1.0,-1.0,-1.0,-1.0,-1.0,-1.0,1.0,1.0,1.0,-1.0,1.0,-1.0,-1.0,-1.0,-1.0,1.0,1.0,-1.0,1.0,-1.0,-1.0	1.4828649,0.83366746,2.9461768,4.921509,-0.29949996,-0.64544207,-2.4044745,-0.22265084,-0.6081005,0.23756726,0.93379784,1.5192801,-1.0643561,1.3133919,-1.565197,-3.6267292,-0.29645255,-3.059583,1.2248834,0.6280566,-0.1898566,1.7364199,-2.140881,-1.282317
../data/train_data_mmini/3/Train_0011.jpg	3	-1.0,1.0,-1.0,1.0,-1.0,-1.0,1.0,1.0,-1.0,1.0,-1.0,1.0,1.0,-1.0,-1.0,-1.0,-1.0,1.0,-1.0,-1.0,1.0,1.0,1.0,1.0	-2.0141332,1.2945323,-0.3449069,6.2681475,-1.4487497,-2.0181584,1.645188,1.0221008,-2.4813383,0.30271968,-0.7537715,1.6966488,1.0212302,-2.0468001,-0.038968958,-1.047018,-0.35968122,1.1026378,-1.1401417,-1.3524214,2.2095675,0.42003876,2.0280101,1.1712462
../data/train_data_mmini/3/Train_0012.jpg	3	-1.0,1.0,1.0,1.0,-1.0,-1.0,1.0,1.0,-1.0,-1.0,-1.0,1.0,-1.0,-1.0,1.0,1.0,1.0,1.0,-1.0,-1.0,1.0,-1.0,-1.0,1.0	-2.3520198,2.302746,0.32088026,6.053573,-2.7976732,-0.9805393,1.2220994,2.23325,-0.8518846,-0.81336045,-0.20403154,0.10723235,-1.2326442,-1.4040192,0.15351951,1.1969796,2.803547,5.0815716,-1.2277503,-0.21777378,0.096994296,-1.1839547,-0.6073469,0.97855264
../data/train_data_mmini/3/Train_0013.jpg	3	-1.0,1.0,-1.0,1.0,1.0,-1.0,1.0,1.0,1.0,1.0,-1.0,1.0,-1.0,1.0,1.0,1.0,-1.0,1.0,-1.0,-1.0,1.0,1.0,-1.0,-1.0	-0.46190995,0.70768267,-0.03086599,5.281764,1.0195165,-0.76671326,1.2166833,1.117674,0.3537965,0.29047626,-1.5111234,0.506487,-0.7207604,0.15781178,0.9069742,0.969765,-1.4570862,1.5036141,-0.883752,-1.2713052,2.95404,0.7280947,-2.6343231,-0.92893165
../data/train_data_mmini/3/Train_0014.jpg	3	1.0,-1.0,1.0,1.0,1.0,1.0,-1.0,-1.0,1.0,-1.0,-1.0,1.0,-1.0,1.0,-1.0,-1.0,-1.0,-1.0,-1.0,1.0,1.0,1.0,1.0,-1.0	0.6329716,-0.97468513,0.62124395,7.113071,3.06059,0.029227968,-0.85129637,-1.1464266,0.47844565,-0.46443313,-0.7944306,0.69867414,-2.1164389,0.2194932,-1.409011,-1.4945271,-2.059806,-0.8332416,-0.4769638,0.24132274,0.38559052,0.93052447,2.7781029,-1.5931495
../data/train_data_mmini/4/Train_0015.jpg	4	-1.0,1.0,-1.0,1.0,-1.0,-1.0,1.0,1.0,1.0,1.0,1.0,-1.0,-1.0,1.0,1.0,1.0,-1.0,1.0,1.0,-1.0,-1.0,1.0,1.0,1.0	-1.0588018,0.6498197,-0.008094244,8.6599,-1.217217,-0.8339385,2.2026021,2.6163082,1.0408218,0.21089314,2.424876,-1.8834616,-1.827745,0.17835204,2.7367902,2.7976165,-0.95744836,0.51922786,0.15376985,-0.3318437,-0.7611487,2.7405603,2.143562,2.2780151
../data/train_data_mmini/4/Train_0016.jpg	4	1.0,-1.0,-1.0,1.0,-1.0,-1.0,-1.0,-1.0,-1.0,-1.0,-1.0,1.0,1.0,-1.0,-1.0,1.0,1.0,1.0,-1.0,1.0,-1.0,-1.0,1.0,1.0	0.067944564,-0.011758233,-1.7029368,4.6050906,-0.06193755,-1.0754024,-0.15399747,-0.03571985,-0.5097592,-1.6911851,-1.442685,0.1718349,0.8731547,-1.7770529,-0.91334194,2.0190628,1.6954678,1.3776773,-2.200618,0.76378995,-0.8175178,-2.411278,1.678811,2.357758
../data/train_data_mmini/4/Train_0017.jpg	4	-1.0,-1.0,1.0,1.0,-1.0,-1.0,1.0,1.0,1.0,-1.0,1.0,-1.0,1.0,-1.0,1.0,1.0,1.0,1.0,-1.0,-1.0,1.0,1.0,1.0,1.0	-2.479288,-0.33584726,1.0997412,6.2804737,-0.6979048,-0.5996896,0.46337983,0.0015920316,1.080123,-4.3283443,0.24434212,-2.0151,1.253188,-1.0230979,0.7651559,0.44792253,1.0309895,3.339501,-1.0756953,-0.38112026,1.426877,1.0121381,1.9102569,1.7800448
../data/train_data_mmini/4/Train_0018.jpg	4	1.0,-1.0,1.0,1.0,-1.0,-1.0,-1.0,1.0,-1.0,-1.0,1.0,1.0,-1.0,1.0,-1.0,-1.0,-1.0,-1.0,-1.0,1.0,-1.0,1.0,1.0,-1.0	1.7728791,-0.6098401,1.4079578,5.093789,-0.110825606,-0.9232571,-0.525863,0.25822803,-0.27521637,-0.96707726,0.66434294,0.119637385,-2.4524457,0.4387143,-0.99100405,-0.17158765,-1.9340105,-1.0236981,-0.56631535,0.9811197,-0.49313286,1.3668809,2.6122603,-1.1995239
../data/train_data_mmini/4/Train_0019.jpg	4	-1.0,-1.0,-1.0,1.0,-1.0,1.0,1.0,1.0,1.0,-1.0,1.0,-1.0,1.0,-1.0,1.0,-1.0,-1.0,1.0,-1.0,-1.0,-1.0,1.0,-1.0,-1.0	-1.9350837,-0.98265046,-0.18600087,8.411529,-0.5176633,2.2433405,0.69173396,0.9796252,2.5860367,-3.9620318,0.9004666,-2.093962,2.1545355,-0.9910374,0.5384586,-0.13551202,-0.37940294,1.3601532,-1.6260544,-2.2148955,-0.20631038,1.5723052,-1.6526427,-1.8372054
../data/train_data_mmini/5/Train_0020.jpg	5	1.0,1.0,-1.0,1.0,1.0,1.0,1.0,-1.0,1.0,1.0,1.0,1.0,-1.0,-1.0,-1.0,1.0,1.0,-1.0,-1.0,1.0,-1.0,-1.0,-1.0,-1.0	1.6029356,1.7752639,-0.67969847,12.281731,0.30579308,1.3953977,0.18902636,-1.3326862,0.8213723,0.045482624,1.4241513,0.3802825,-1.3273233,-0.4942582,-1.0050273,0.87170583,1.7442869,-0.24072002,-2.1254861,1.7049212,-2.132311,-1.648834,-1.2145363,-0.87286943
../data/train_data_mmini/5/Train_0021.jpg	5	-1.0,1.0,-1.0,1.0,1.0,1.0,1.0,1.0,1.0,1.0,1.0,-1.0,-1.0,1.0,1.0,1.0,-1.0,1.0,1.0,1.0,-1.0,1.0,1.0,-1.0	-0.009107929,0.021256883,-1.0877814,8.157808,2.8615172,0.35141307,1.8577851,1.3775672,0.83139277,1.8136845,2.481893,-2.7181044,-3.4112973,0.5713424,2.3804474,1.8202394,-1.9707805,1.4309144,0.098770894,0.9191176,-1.592969,3.8972373,4.66817,-1.0471406
../data/train_data_mmini/5/Train_0022.jpg	5	1.0,1.0,1.0,1.0,1.0,-1.0,-1.0,-1.0,1.0,1.0,1.0,-1.0,-1.0,1.0,-1.0,-1.0,-1.0,-1.0,-1.0,1.0,1.0,1.0,-1.0,1.0	2.637847,1.2040206,1.6492915,12.764248,2.2115,-0.90084964,-2.085978,-0.5044367,0.6817611,0.28832817,2.5155523,-1.8312497,-0.4219374,2.7885096,-0.005724928,-0.058129672,-0.8553827,-1.2635087,-0.22046787,2.1214585,0.79676723,4.217918,-0.4999033,0.675708
../data/train_data_mmini/5/Train_0023.jpg	5	1.0,1.0,1.0,1.0,1.0,1.0,-1.0,-1.0,1.0,1.0,1.0,-1.0,-1.0,1.0,-1.0,1.0,1.0,1.0,-1.0,1.0,-1.0,1.0,1.0,-1.0	2.8276055,2.4273953,0.5389198,10.978049,2.1135929,0.4232692,-0.66214705,-0.96642834,0.51465863,2.0871215,2.7432528,-1.3610784,-3.5428312,1.6606368,-1.3025131,1.3428497,1.6234556,0.32319033,-0.4476916,4.140761,-3.965795,1.70581,1.7759374,-0.78873485
../data/train_data_mmini/5/Train_0024.jpg	5	1.0,1.0,1.0,1.0,-1.0,-1.0,1.0,1.0,-1.0,1.0,1.0,-1.0,-1.0,-1.0,-1.0,1.0,-1.0,1.0,1.0,1.0,-1.0,1.0,1.0,1.0	2.3527915,3.0260344,1.4489715,9.996735,-0.28592518,-1.3231945,0.0008554547,3.1431565,-0.5596887,1.2128989,3.2131107,-0.26604044,-3.6588278,-0.11422481,-0.13578244,2.201108,-1.1178919,1.1151888,0.02072126,2.2388837,-0.82858694,4.3623977,2.8340254,0.6570174
../data/train_data_mmini/6/Train_0025.jpg	6	1.0,-1.0,1.0,1.0,-1.0,-1.0,-1.0,1.0,-1.0,-1.0,-1.0,-1.0,1.0,-1.0,-1.0,1.0,-1.0,1.0,1.0,1.0,1.0,1.0,1.0,1.0	0.06043001,-0.33648318,1.512576,5.4850535,-0.9833783,-0.611953,-1.6181672,0.6076958,-0.13147491,-4.3393693,-0.87858254,-1.405121,1.1479903,-1.5444384,-1.144424,0.90417933,-0.30198696,3.183286,1.3709831,0.19606663,1.2434537,2.265069,1.8066839,1.2026439
../data/train_data_mmini/6/Train_0026.jpg	6	1.0,1.0,1.0,1.0,-1.0,1.0,-1.0,1.0,1.0,-1.0,1.0,1.0,-1.0,-1.0,-1.0,-1.0,-1.0,-1.0,-1.0,1.0,-1.0,-1.0,1.0,-1.0	0.7338309,0.9514045,2.9866297,9.882011,-2.9336174,0.08084093,-1.1901101,1.2980198,1.1125841,-3.609411,2.6975818,1.2034391,-2.0721986,-1.0179708,-1.5657264,-1.8252343,-0.13209058,-1.2801014,-1.6574476,2.326062,-0.8711034,-0.41385445,3.0314052,-0.04667886
../data/train_data_mmini/6/Train_0027.jpg	6	1.0,-1.0,1.0,1.0,-1.0,-1.0,-1.0,1.0,-1.0,-1.0,1.0,1.0,1.0,-1.0,-1.0,-1.0,1.0,-1.0,-1.0,1.0,1.0,1.0,1.0,1.0	0.7841712,-0.7406773,2.0273285,5.024269,-1.1014646,-0.68905556,-2.202349,0.75544214,-1.3924024,-2.1920948,0.4978719,0.98601955,0.5724596,-0.44405857,-2.413809,-2.4553177,0.27588555,-0.36135557,-0.107236095,0.6450783,0.4716837,0.8259566,0.57280076,0.3992782
../data/train_data_mmini/6/Train_0028.jpg	6	1.0,-1.0,-1.0,1.0,1.0,-1.0,1.0,-1.0,-1.0,1.0,1.0,1.0,1.0,-1.0,1.0,-1.0,-1.0,-1.0,-1.0,1.0,1.0,1.0,1.0,-1.0	0.9545299,-0.8357033,-0.22263636,8.464855,2.7492292,-1.190536,0.734973,-0.9051753,-1.3725625,0.9729328,0.49915302,1.6495676,0.22148614,-0.38063368,0.31498352,-1.8261378,-2.6633995,-0.38977912,-3.4364393,0.47611424,2.2925823,1.4214938,3.9770107,-0.45400074
../data/train_data_mmini/6/Train_0029.jpg	6	1.0,1.0,1.0,1.0,-1.0,-1.0,-1.0,1.0,1.0,-1.0,1.0,-1.0,1.0,-1.0,-1.0,1.0,-1.0,1.0,1.0,-1.0,1.0,1.0,-1.0,1.0	0.4123565,3.0141623,2.5431106,3.574371,-0.21305135,-1.8166248,-2.435597,4.201124,0.30357355,-2.7372956,0.09125199,-1.8668383,2.4452527,-0.45565897,-0.37277606,1.2250154,-1.8763258,1.8046774,0.010453199,-0.06418592,1.7115713,5.045757,-1.8148531,0.7618491
../data/train_data_mmini/7/Train_0030.jpg	7	1.0,1.0,1.0,1.0,1.0,-1.0,-1.0,-1.0,1.0,-1.0,1.0,-1.0,1.0,-1.0,-1.0,1.0,1.0,1.0,-1.0,1.0,1.0,1.0,1.0,1.0	1.1691318,0.30247074,0.39031762,10.988515,2.3811,-0.80866015,-1.3188137,-0.40740317,0.3062963,-5.1744533,0.9305355,-3.5215516,0.057670534,-0.5146958,-0.5975413,1.2484308,1.2380087,4.752302,-0.49369368,2.4117367,0.44690338,1.5849315,2.7714813,1.6107035
../data/train_data_mmini/7/Train_0031.jpg	7	1.0,1.0,1.0,1.0,1.0,-1.0,-1.0,1.0,1.0,-1.0,-1.0,1.0,-1.0,1.0,-1.0,1.0,-1.0,1.0,-1.0,1.0,1.0,1.0,-1.0,1.0	1.9987323,1.7176459,1.2479832,5.98857,1.7762771,-2.031014,-1.6454817,1.204153,0.21429397,-1.0645711,-0.9225119,0.41550666,-1.9962022,0.7984342,-1.1564733,2.3072755,-1.1523083,1.5253278,-1.152882,1.2486557,1.8545563,0.38074723,-0.53562,0.91650945
../data/train_data_mmini/7/Train_0032.jpg	7	-1.0,1.0,1.0,1.0,-1.0,-1.0,-1.0,1.0,-1.0,1.0,1.0,1.0,-1.0,-1.0,1.0,-1.0,-1.0,-1.0,1.0,1.0,1.0,1.0,1.0,1.0	-0.3205857,0.9911127,0.930385,2.80998,-0.43082187,-1.0433706,-0.47761893,1.6627915,-0.72288483,0.5216212,0.43546757,1.1551902,-0.37559012,-0.25219694,0.1338676,-1.1027063,-1.5949527,-0.5683216,0.03624356,0.12587847,1.6028574,2.1703236,2.3876843,0.30583307
../data/train_data_mmini/7/Train_0033.jpg	7	1.0,1.0,1.0,1.0,1.0,-1.0,-1.0,1.0,1.0,-1.0,1.0,-1.0,-1.0,-1.0,-1.0,-1.0,-1.0,1.0,-1.0,1.0,1.0,1.0,1.0,1.0	2.2066205,1.4033036,3.261816,9.075747,0.34333047,-0.34407276,-3.2510388,1.1318921,0.3274982,-3.65337,2.077561,-0.25879577,-1.1770338,-1.225989,-3.0985317,-0.7877616,-0.4448081,2.1484845,-0.90735495,2.0686872,0.4197652,2.7768514,2.859631,0.8156604
../data/train_data_mmini/7/Train_0034.jpg	7	-1.0,1.0,1.0,1.0,-1.0,-1.0,1.0,1.0,-1.0,1.0,1.0,1.0,-1.0,1.0,-1.0,-1.0,-1.0,-1.0,-1.0,-1.0,1.0,1.0,1.0,-1.0	-0.16240485,0.14985903,1.1672318,4.6708007,-1.5328279,-0.7199788,0.42843196,1.107205,-1.1238899,0.084420174,1.3010552,2.0055184,-0.05505058,0.06027429,-0.66398746,-2.3895268,-2.0994537,-2.008176,-0.5266316,-0.14477076,0.3990931,1.383482,3.5929115,-0.61556834
../data/train_data_mmini/8/Train_0035.jpg	8	1.0,1.0,1.0,1.0,1.0,-1.0,-1.0,1.0,-1.0,-1.0,-1.0,-1.0,-1.0,1.0,-1.0,-1.0,-1.0,1.0,1.0,1.0,1.0,1.0,1.0,1.0	1.8478032,1.7539598,3.940646,8.007493,2.7584927,-2.950159,-1.2471457,1.3550562,-0.15700632,-0.7591417,-0.41253677,-1.5722114,-2.3662968,2.3686965,-1.0063541,-0.92396504,-3.4775295,1.4126537,2.0669572,1.5515097,3.6767092,7.1889496,0.6619159,0.8280829
../data/train_data_mmini/8/Train_0036.jpg	8	1.0,-1.0,1.0,1.0,1.0,-1.0,-1.0,1.0,-1.0,-1.0,-1.0,-1.0,1.0,-1.0,-1.0,1.0,-1.0,1.0,-1.0,1.0,1.0,1.0,1.0,1.0	2.5161855,-0.055579703,3.4934301,9.063629,2.4230871,-3.3044567,-2.4774241,0.7492815,-0.29782385,-4.970754,-1.43135,-0.87457997,0.40163764,-0.1548818,-2.1401703,0.78346354,-4.4269423,2.5074751,-1.0835321,1.4132823,5.0125017,4.7976713,3.011808,2.214325
../data/train_data_mmini/8/Train_0037.jpg	8	1.0,1.0,1.0,1.0,-1.0,-1.0,-1.0,1.0,-1.0,-1.0,1.0,-1.0,1.0,-1.0,-1.0,-1.0,-1.0,1.0,-1.0,1.0,1.0,1.0,1.0,1.0	0.98421574,2.0167959,2.013202,5.9611044,-2.0142016,-3.562661,-0.88468796,2.9202995,-2.3829193,-2.0359082,0.7466418,-0.16488908,0.3305296,-0.9893786,-1.2487352,-0.494422,-2.6623654,0.24628247,-0.28613988,1.3317178,1.5570992,3.2998643,4.95607,1.6211828
../data/train_data_mmini/8/Train_0038.jpg	8	1.0,1.0,1.0,1.0,1.0,-1.0,-1.0,1.0,-1.0,1.0,-1.0,-1.0,-1.0,1.0,-1.0,1.0,-1.0,1.0,1.0,1.0,1.0,1.0,-1.0,1.0	2.0253887,2.4222994,2.0119789,6.9202156,2.5826778,-2.5981064,-1.788047,1.0501267,-0.540415,0.36639905,-1.0642918,-0.2418346,-0.47000968,1.838848,-0.006509355,0.37429315,-1.2725075,0.8755423,0.051756684,1.7617162,3.7840412,2.0356998,-0.45171037,2.1803474
../data/train_data_mmini/8/Train_0039.jpg	8	1.0,1.0,1.0,1.0,-1.0,-1.0,-1.0,1.0,-1.0,-1.0,-1.0,-1.0,1.0,-1.0,-1.0,-1.0,-1.0,1.0,1.0,1.0,1.0,1.0,1.0,1.0	0.66009015,1.5003133,5.2237673,7.5523615,-0.10150651,-3.1157722,-0.56984067,3.5848572,-0.9055134,-2.623488,-1.0721247,-0.40706182,1.1223165,-0.6717714,-1.7872251,-1.4669906,-4.3206544,3.0972998,1.1840644,0.3737762,5.0806155,8.608953,0.23101404,0.66794145
../data/train_data_mmini/9/Train_0040.jpg	9	1.0,1.0,1.0,1.0,-1.0,-1.0,1.0,1.0,1.0,1.0,1.0,-1.0,-1.0,-1.0,1.0,1.0,-1.0,1.0,-1.0,1.0,-1.0,1.0,1.0,1.0	0.11794781,0.36859065,0.08784247,10.950937,-0.86043346,-0.1785504,1.8664626,2.756051,0.28875738,0.411413,3.722414,-2.1374896,-1.2711976,-0.03876208,1.5676041,2.4828234,-1.1946725,0.9839025,-0.43020445,0.45819876,-0.62237966,4.1873527,1.9457655,1.1762097
../data/train_data_mmini/9/Train_0041.jpg	9	1.0,1.0,1.0,1.0,1.0,-1.0,-1.0,1.0,-1.0,-1.0,-1.0,1.0,-1.0,-1.0,-1.0,-1.0,-1.0,1.0,-1.0,-1.0,1.0,-1.0,-1.0,-1.0	1.195771,0.7166627,1.0477152,7.5266333,0.64703304,-0.13123731,-0.297445,0.19674487,-0.79967076,-1.309239,-1.1349618,2.269222,-1.1782671,-0.80731946,-2.1581686,-1.4549552,-0.29943207,0.49655184,-2.191122,-0.13873146,1.616053,-1.9572718,-1.839617,-1.5399687
../data/train_data_mmini/9/Train_0042.jpg	9	-1.0,1.0,-1.0,1.0,-1.0,-1.0,1.0,1.0,-1.0,1.0,1.0,1.0,-1.0,-1.0,1.0,1.0,-1.0,1.0,-1.0,-1.0,-1.0,1.0,1.0,1.0	-1.4001329,1.0944844,-0.8038954,7.686081,-3.1478193,-0.3917485,3.0306456,3.8018067,-0.6672727,1.8755336,2.2613225,0.429077,-1.7048396,-0.95054775,1.5522033,2.662432,-0.5712501,0.07337866,-0.07839396,-1.0896796,-1.7062263,0.66947806,0.3192254,1.4332734
../data/train_data_mmini/9/Train_0043.jpg	9	1.0,-1.0,1.0,1.0,1.0,-1.0,-1.0,-1.0,1.0,-1.0,1.0,-1.0,-1.0,1.0,1.0,-1.0,-1.0,-1.0,1.0,1.0,1.0,1.0,1.0,-1.0	0.64547855,-1.21577,1.2692912,12.50339,2.427823,-0.56373894,-0.42578357,-0.6965788,1.2929244,-1.3510661,1.8050215,-2.9243808,-0.58169115,1.9521267,0.78030217,-0.41210347,-2.9894564,-0.94698995,0.32294703,0.25604674,1.0817778,6.0000896,1.7245414,-0.46583793
../data/train_data_mmini/9/Train_0044.jpg	9	-1.0,1.0,1.0,1.0,-1.0,1.0,-1.0,1.0,1.0,-1.0,1.0,-1.0,1.0,-1.0,1.0,1.0,1.0,1.0,1.0,-1.0,1.0,1.0,-1.0,1.0	-1.1322026,1.505192,1.5734745,6.948642,-0.86697704,0.20119376,-0.45278758,1.9268044,0.8542452,-1.9821501,1.109217,-1.2346741,1.163322,-0.31061104,0.22170785,0.26715022,1.3429064,3.8612492,0.87906086,-0.115627035,0.9919921,3.3551352,-2.362414,1.0714806
../data/train_data_mmini/10/Train_0045.jpg	10	-1.0,1.0,1.0,1.0,-1.0,-1.0,-1.0,1.0,-1.0,-1.0,-1.0,1.0,1.0,-1.0,-1.0,-1.0,-1.0,1.0,1.0,-1.0,1.0,1.0,1.0,1.0	-0.14129741,0.64262265,5.7305317,2.9032454,-1.8561684,-3.3539524,-1.9851414,4.3861756,-0.733687,-2.7390578,-0.8884239,0.4772286,3.018216,-0.6438095,-2.346668,-3.2391586,-4.5756016,0.21238633,0.07319746,-0.17310871,4.6924806,7.9390674,1.9399599,1.7307373
../data/train_data_mmini/10/Train_0046.jpg	10	-1.0,1.0,1.0,1.0,-1.0,-1.0,1.0,1.0,-1.0,-1.0,-1.0,1.0,1.0,-1.0,-1.0,-1.0,-1.0,1.0,1.0,-1.0,1.0,1.0,1.0,1.0	-2.3604977,0.75039244,1.3829005,2.2483077,-3.1006646,-0.48127818,0.7768337,2.3849814,-0.44517514,-0.7647536,-0.855706,0.2270259,2.2889462,-1.401766,-0.037792735,-1.0444459,-0.41481957,1.3556758,1.1569685,-1.4620978,1.0186834,3.0096447,1.280929,0.75153357
../data/train_data_mmini/10/Train_0047.jpg	10	-1.0,1.0,1.0,1.0,1.0,-1.0,-1.0,1.0,1.0,-1.0,-1.0,-1.0,1.0,-1.0,-1.0,-1.0,-1.0,1.0,1.0,1.0,1.0,1.0,1.0,1.0	-0.2974928,0.3104746,3.3929243,4.8387775,0.2076272,-2.428771,-0.79000145,2.1866298,0.069277614,-1.885165,-1.1272576,-0.29632342,1.0306331,-0.4148021,-0.4707798,-0.8795356,-4.357349,0.8904848,0.41089225,0.13352421,4.0819664,6.2124376,2.862483,1.1483196
../data/train_data_mmini/10/Train_0048.jpg	10	-1.0,1.0,1.0,1.0,-1.0,-1.0,-1.0,1.0,-1.0,-1.0,-1.0,-1.0,1.0,-1.0,-1.0,-1.0,-1.0,1.0,1.0,-1.0,1.0,1.0,-1.0,1.0	-0.30132672,1.5692616,2.9030454,3.6337395,-1.8983328,-1.7824279,-1.0121068,5.038716,-0.8540073,-2.5914342,-1.4668168,-0.6216132,1.8547474,-0.4892719,-1.4678816,-0.103013635,-2.950651,1.7151675,0.6547531,-1.2213054,3.1864436,4.69799,-2.6836529,1.0477034
../data/train_data_mmini/10/Train_0049.jpg	10	-1.0,1.0,1.0,1.0,-1.0,-1.0,-1.0,1.0,-1.0,-1.0,-1.0,-1.0,1.0,-1.0,-1.0,-1.0,-1.0,1.0,1.0,1.0,1.0,1.0,1.0,1.0	-0.14475687,1.0929425,4.620163,6.1688237,-0.5588205,-2.357691,-0.90891176,2.528798,-0.97052705,-1.8527902,-0.74077547,-0.7401292,1.7926868,-0.49125963,-0.8622668,-2.0839648,-3.3282583,2.1606302,1.9600694,0.918227,3.6860895,7.924548,2.4097795,0.68542176
