../data/train_data_mmini/1/Train_0000.jpg	1	1.0,-1.0,1.0,1.0,-1.0,1.0,-1.0,-1.0,1.0,-1.0,-1.0,1.0,1.0,1.0,-1.0,1.0,1.0,-1.0,1.0,-1.0,-1.0,1.0,-1.0,-1.0	2.2626338,-1.0237727,0.102140374,0.4157533,-1.5237486,2.4003968,-2.7332017,-1.4194955,0.014636241,-1.5250671,-2.3302805,0.4138964,0.5451153,0.12372001,-10.357563,0.50734156,0.4697849,-2.8294895,0.74273324,-2.716421,-0.4126799,1.6962935,-2.2838955,-1.0462989
../data/train_data_mmini/1/Train_0001.jpg	1	1.0,1.0,-1.0,1.0,1.0,1.0,1.0,-1.0,-1.0,1.0,-1.0,-1.0,-1.0,-1.0,-1.0,-1.0,-1.0,-1.0,-1.0,-1.0,-1.0,1.0,-1.0,-1.0	0.80381155,0.9007332,-0.799209,0.111713186,1.6842108,2.8468504,0.8389092,-5.3751345,-0.49627897,1.5395007,-2.0076249,-0.46863192,-1.0302598,-1.8886547,-11.52763,-2.0243647,-5.087089,-2.5317435,-1.2024393,-1.4216291,-0.48322845,0.5818566,-0.49192387,-1.2756042
../data/train_data_mmini/1/Train_0002.jpg	1	-1.0,-1.0,1.0,1.0,1.0,1.0,-1.0,-1.0,-1.0,-1.0,-1.0,-1.0,1.0,1.0,-1.0,-1.0,1.0,-1.0,-1.0,-1.0,-1.0,1.0,-1.0,-1.0	-1.0114093,-2.5099387,0.14285725,2.7836895,0.06237923,0.026437197,-1.1027546,-3.3167455,-3.7994583,-1.9213575,-0.6649709,-1.8349433,0.27404276,0.73995364,-8.594592,-0.76830024,0.0033181608,-2.0000856,-2.0887,-0.7906424,-1.1090944,1.1043134,-3.0658312,-0.3863895
../data/train_data_mmini/1/Train_0003.jpg	1	1.0,-1.0,1.0,-1.0,-1.0,1.0,-1.0,-1.0,1.0,1.0,-1.0,-1.0,-1.0,-1.0,-1.0,1.0,1.0,-1.0,1.0,-1.0,-1.0,1.0,-1.0,-1.0	4.4842954,-0.7628822,0.36562848,-1.5219824,-0.7015261,2.874288,-3.226112,-2.1216328,1.4158888,1.6626205,-1.6782118,-0.0043307543,-0.39296088,-0.7222586,-12.103572,2.010281,0.026584387,-0.9065707,1.5496169,-4.26818,-2.1348302,1.5323167,-2.8554423,-2.2025805
../data/train_data_mmini/1/Train_0004.jpg	1	1.0,1.0,-1.0,1.0,-1.0,1.0,1.0,-1.0,-1.0,-1.0,-1.0,-1.0,1.0,-1.0,-1.0,-1.0,1.0,-1.0,1.0,-1.0,-1.0,1.0,1.0,-1.0	4.000341,2.2766194,-0.84896815,0.9475409,-0.47415453,0.31055892,0.52813435,-1.5883261,-0.56752557,-2.1687927,-0.80188036,-0.09143862,0.5666105,-1.1439114,-13.108338,-0.34279677,0.94024515,-0.37899408,2.7921698,-3.8858588,-1.6728055,2.5386295,0.17352381,-0.1828577
../data/train_data_mmini/2/Train_0005.jpg	2	-1.0,-1.0,-1.0,-1.0,1.0,-1.0,-1.0,1.0,1.0,1.0,1.0,1.0,1.0,-1.0,-1.0,1.0,-1.0,1.0,-1.0,-1.0,-1.0,1.0,1.0,1.0	-0.84422714,-1.276911,-0.07016384,-1.7054907,0.9835193,-1.4953481,-0.98102796,1.5841879,2.675548,3.09088,0.06843737,0.2616655,0.78891975,-2.0038419,-10.857681,0.19695218,-0.97431564,0.70597214,-1.0907314,-0.17837828,-1.6109002,0.66232157,1.8943988,1.6176827
../data/train_data_mmini/2/Train_0006.jpg	2	1.0,-1.0,1.0,-1.0,-1.0,1.0,1.0,1.0,1.0,1.0,1.0,-1.0,1.0,-1.0,-1.0,-1.0,-1.0,1.0,-1.0,-1.0,-1.0,1.0,1.0,1.0	0.36820966,-0.6871608,2.25009,-1.0293509,-1.229136,1.5257548,0.26061973,0.91284883,0.20837578,0.3550032,0.882723,-3.0817277,0.823675,-0.60160446,-6.7682104,-0.37991688,-0.5684391,0.75647223,-1.5563506,-0.1462712,-3.5683482,0.46746728,0.35736272,0.38621128
../data/train_data_mmini/2/Train_0007.jpg	2	1.0,-1.0,1.0,1.0,-1.0,1.0,-1.0,1.0,1.0,-1.0,-1.0,1.0,1.0,-1.0,-1.0,-1.0,1.0,-1.0,1.0,-1.0,1.0,1.0,-1.0,-1.0	2.6565313,-0.04377815,0.16077256,0.23822747,-0.7682322,3.112295,-0.008609634,0.5564338,1.9084212,-3.26025,-2.230131,0.72210765,1.2205582,-0.9109749,-10.518987,-0.06029173,2.0765193,-3.5067973,2.0027363,-3.3342283,0.763391,3.2210612,-1.4371667,-2.1646578
../data/train_data_mmini/2/Train_0008.jpg	2	-1.0,1.0,-1.0,1.0,1.0,-1.0,1.0,-1.0,-1.0,1.0,-1.0,-1.0,1.0,-1.0,-1.0,-1.0,-1.0,-1.0,-1.0,-1.0,1.0,1.0,-1.0,-1.0	-2.9302166,0.31182802,-1.4103795,2.739589,0.71126795,-0.16066138,1.4931363,-1.9033977,-0.0025154129,1.3930466,-2.1972594,-3.0611992,0.23309019,-2.786048,-11.015809,-4.7081585,-1.5589584,-2.548352,-0.60058594,-2.253771,0.773408,0.16575895,-0.28682324,-0.27326596
../data/train_data_mmini/2/Train_0009.jpg	2	-1.0,-1.0,1.0,-1.0,-1.0,1.0,-1.0,1.0,1.0,-1.0,-1.0,1.0,1.0,-1.0,-1.0,1.0,-1.0,-1.0,-1.0,1.0,1.0,-1.0,1.0,-1.0	-1.6499078,-0.22387506,1.3543794,-2.7562506,-1.8281906,2.4089262,-1.9785123,3.1000435,4.0402117,-0.29224077,-1.0110762,2.4236634,1.0908396,-0.251626,-14.042617,3.8493133,-1.5420121,-0.82605815,-0.8300302,2.7039485,4.2212815,-1.3950888,1.0507553,-2.2406023
../data/train_data_mmini/3/Train_0010.jpg	3	1.0,1.0,-1.0,-1.0,1.0,1.0,1.0,1.0,1.0,1.0,-1.0,-1.0,-1.0,-1.0,-1.0,-1.0,-1.0,1.0,-1.0,-1.0,-1.0,1.0,1.0,1.0	0.51105034,1.9417177,-1.4552144,-0.22067206,2.3858387,0.20277843,4.1607056,0.44777825,0.7804578,2.4585216,-1.5498229,-1.724085,-0.3731325,-1.6741704,-9.693051,-1.8055452,-3.4848733,0.14171545,-0.0037266165,-0.9758213,-0.39642352,2.1053681,1.6744602,0.57649684
../data/train_data_mmini/3/Train_0011.jpg	3	-1.0,1.0,-1.0,1.0,1.0,-1.0,-1.0,-1.0,-1.0,-1.0,-1.0,1.0,1.0,1.0,-1.0,-1.0,-1.0,-1.0,-1.0,1.0,1.0,-1.0,-1.0,1.0	-1.4362614,0.7191936,-1.0137786,1.6134704,1.7671217,-1.8175243,-1.3880819,-3.9378374,-1.9146565,-0.10500923,-1.4625729,0.48498288,1.0590738,0.3666949,-9.125978,-1.2871532,-0.91877186,-2.4917514,-0.5443869,2.429658,1.8840098,-0.16881241,-1.2361941,0.8869861
../data/train_data_mmini/3/Train_0012.jpg	3	1.0,1.0,-1.0,-1.0,1.0,-1.0,-1.0,-1.0,-1.0,1.0,-1.0,-1.0,1.0,-1.0,-1.0,1.0,-1.0,-1.0,-1.0,1.0,-1.0,-1.0,-1.0,-1.0	0.31913468,3.0559905,-0.0813949,-0.24742968,0.43141118,-1.5704546,-3.1706407,-4.161749,-1.9980251,0.4603479,-0.462805,-0.061308187,1.1150081,-0.8668357,-9.588115,3.7891889,-1.6024047,-1.083907,-0.83700156,1.3468692,-0.706062,-0.3563827,-1.8206568,-1.3862273
../data/train_data_mmini/3/Train_0013.jpg	3	-1.0,-1.0,1.0,1.0,1.0,1.0,1.0,-1.0,-1.0,1.0,-1.0,-1.0,1.0,1.0,-1.0,-1.0,-1.0,-1.0,-1.0,1.0,-1.0,-1.0,1.0,1.0	-2.3467145,-1.4826523,1.5537962,0.19503815,0.17379966,1.7686306,0.7899491,-0.31925902,-1.5653051,0.923471,-0.2449924,-3.9172375,0.7115982,0.4240381,-9.589613,-3.2263114,-1.6121656,-1.6022226,-2.4589307,1.0348616,-1.9707439,-2.3563685,0.016141884,0.29413068
../data/train_data_mmini/3/Train_0014.jpg	3	1.0,-1.0,-1.0,-1.0,1.0,-1.0,1.0,1.0,-1.0,1.0,-1.0,1.0,-1.0,-1.0,-1.0,-1.0,-1.0,1.0,-1.0,-1.0,1.0,1.0,1.0,1.0	1.2376285,-0.17599697,-1.9370501,-0.5139871,0.09349495,-2.1674764,1.2242335,0.69973946,-0.70052433,1.1334152,-0.020954043,2.3104873,-0.99469835,-0.33318081,-11.871713,-0.057631694,-1.7608402,1.3476956,-0.23913519,-0.23378137,0.23162225,0.56198883,1.9378164,1.8041114
../data/train_data_mmini/4/Train_0015.jpg	4	-1.0,-1.0,1.0,1.0,-1.0,-1.0,-1.0,-1.0,1.0,1.0,-1.0,-1.0,1.0,-1.0,-1.0,-1.0,1.0,-1.0,1.0,-1.0,1.0,-1.0,-1.0,1.0	-3.0323133,-0.062110692,0.24145964,1.1943985,-1.9783486,-0.26198813,-4.771721,-2.350777,0.9180595,1.6736012,-0.57418895,-0.4446603,0.41429272,-1.2902545,-10.477378,-0.5670945,0.013622671,-1.2617785,0.055765614,-0.19901353,0.85827875,-2.145082,-1.5855602,0.23528516
../data/train_data_mmini/4/Train_0016.jpg	4	-1.0,-1.0,1.0,-1.0,1.0,1.0,-1.0,-1.0,-1.0,1.0,-1.0,-1.0,-1.0,1.0,-1.0,-1.0,-1.0,-1.0,-1.0,1.0,-1.0,-1.0,-1.0,-1.0	-1.0022984,-5.0353866,0.54259664,-1.1790726,3.3106744,0.9082454,-0.5831777,-2.5272791,-0.34985134,4.4770446,-0.6811974,-0.17922497,-2.1169305,0.49820632,-8.077638,-1.7526956,-2.4220395,-1.9173833,-2.762969,0.16448808,-0.15233296,-1.6711779,-1.6016726,-1.0427163
../data/train_data_mmini/4/Train_0017.jpg	4	-1.0,-1.0,1.0,-1.0,-1.0,1.0,-1.0,-1.0,1.0,1.0,-1.0,-1.0,1.0,1.0,-1.0,1.0,-1.0,-1.0,-1.0,1.0,1.0,-1.0,-1.0,-1.0	-3.7701597,-0.8468925,2.497208,-1.374643,-0.15628685,0.030310784,-3.539553,-1.3640249,0.13380593,2.6370993,-0.5639256,-1.5528415,0.8366568,0.5190435,-9.575002,1.6883283,-1.5740696,-1.7692884,-2.9519768,3.7507083,0.39790505,-2.1512287,-1.8466974,-0.19165874
../data/train_data_mmini/4/Train_0018.jpg	4	-1.0,-1.0,-1.0,-1.0,1.0,-1.0,-1.0,1.0,1.0,1.0,-1.0,1.0,-1.0,-1.0,-1.0,-1.0,-1.0,-1.0,1.0,-1.0,1.0,-1.0,1.0,1.0	-0.46766847,-1.0596718,-2.1652012,-0.39525124,0.76553303,-0.8748737,-0.7754084,0.17284663,1.8807541,2.8029733,-1.1420983,2.585454,-0.37014034,-0.6756715,-8.607261,-1.6266742,-1.8771373,-0.185221,0.5400123,-0.010710128,1.7096393,-0.5714608,1.9617119,2.61404
../data/train_data_mmini/4/Train_0019.jpg	4	1.0,-1.0,1.0,1.0,-1.0,1.0,1.0,-1.0,-1.0,-1.0,1.0,-1.0,-1.0,-1.0,-1.0,-1.0,-1.0,1.0,-1.0,-1.0,-1.0,1.0,1.0,1.0	0.59537596,-0.19067119,1.1141872,0.11238401,-2.4545867,0.45182845,1.0516706,-0.8601858,-2.225714,-0.41681954,2.6932898,-2.596401,-0.0041957274,-0.9664191,-10.132923,-1.237717,-0.8048717,2.6693468,-2.224313,-0.22642285,-4.756995,0.2048431,0.64838636,0.68467474
../data/train_data_mmini/5/Train_0020.jpg	5	1.0,-1.0,1.0,1.0,-1.0,1.0,-1.0,-1.0,1.0,-1.0,1.0,1.0,-1.0,-1.0,-1.0,1.0,-1.0,1.0,1.0,-1.0,-1.0,1.0,-1.0,-1.0	3.1350007,-0.69208276,0.5836257,0.699982,-0.8096621,2.8732245,-0.579846,-4.2880173,1.0476722,-1.6917717,0.1745201,1.7359523,-1.3116657,-2.1628876,-16.740448,0.73222375,-1.319913,0.0125130005,0.2569067,-4.597142,-1.4725277,2.751922,-0.30674443,-2.167082
../data/train_data_mmini/5/Train_0021.jpg	5	1.0,-1.0,1.0,1.0,-1.0,1.0,-1.0,1.0,-1.0,-1.0,-1.0,-1.0,1.0,1.0,-1.0,-1.0,1.0,-1.0,1.0,-1.0,-1.0,-1.0,-1.0,1.0	0.31326234,-1.7710586,0.36380026,0.52403456,-3.610022,0.8539448,-3.6729147,0.6080228,-0.20249495,-0.7572628,-0.09316674,-0.9111948,0.53915226,0.70390165,-18.731937,-1.0971016,2.5613747,-0.44734156,2.0992532,-1.8745682,-0.90975815,-1.7206254,-1.3389351,1.9055609
../data/train_data_mmini/5/Train_0022.jpg	5	1.0,1.0,-1.0,-1.0,-1.0,1.0,1.0,1.0,1.0,-1.0,-1.0,-1.0,1.0,-1.0,-1.0,1.0,-1.0,-1.0,1.0,-1.0,1.0,1.0,-1.0,-1.0	0.65817463,2.0940375,-1.1203012,-0.2711067,-1.531662,1.6236101,1.3422288,2.8006883,1.4887064,-1.0579505,-2.2134304,-1.3386903,1.211657,-2.4617794,-9.104772,0.9927277,-1.0081221,-1.4527935,0.4790324,-2.7123368,0.026046809,2.3186362,-0.10327601,-1.7355652
../data/train_data_mmini/5/Train_0023.jpg	5	1.0,-1.0,-1.0,-1.0,-1.0,1.0,-1.0,-1.0,1.0,-1.0,-1.0,1.0,-1.0,-1.0,-1.0,1.0,-1.0,-1.0,1.0,-1.0,-1.0,1.0,-1.0,-1.0	3.9415753,-0.5831148,-0.4938519,-0.34548905,-2.2790847,3.9438825,-1.2556924,-1.0283732,1.6186489,-0.9346713,-1.4136046,1.1493031,-0.86060125,-0.4494125,-12.395301,0.40472424,-0.116565645,-0.6544772,2.672946,-4.87915,-0.501525,1.3529173,-1.3824401,-1.3219972
../data/train_data_mmini/5/Train_0024.jpg	5	1.0,1.0,1.0,-1.0,-1.0,1.0,-1.0,1.0,1.0,-1.0,-1.0,1.0,1.0,-1.0,-1.0,1.0,1.0,-1.0,1.0,-1.0,-1.0,1.0,-1.0,1.0	1.9767113,0.63209355,0.8852768,-0.66435146,-1.1245835,0.8419308,-3.5725496,1.3121399,1.406722,-2.109025,-1.5710672,0.1705091,2.5064538,-0.030332617,-13.5977335,2.328333,3.579678,-1.8889815,3.119555,-1.4256436,-0.70756894,1.9590036,-1.0552005,0.38579518
../data/train_data_mmini/6/Train_0025.jpg	6	1.0,-1.0,1.0,-1.0,1.0,-1.0,1.0,1.0,-1.0,-1.0,1.0,-1.0,1.0,1.0,-1.0,1.0,1.0,1.0,-1.0,1.0,-1.0,1.0,-1.0,-1.0	0.6202761,-1.4024625,3.0010142,-2.0210817,0.9021133,-1.4669043,0.93878055,2.518976,-1.6958796,-1.5545347,3.1283438,-2.315416,1.0478712,0.8073195,-9.381223,4.824978,2.2559483,2.5062125,-2.5292668,2.6179001,-3.5047147,2.4888215,-0.5052235,-0.43318057
../data/train_data_mmini/6/Train_0026.jpg	6	-1.0,1.0,-1.0,-1.0,1.0,1.0,-1.0,-1.0,1.0,1.0,-1.0,1.0,1.0,-1.0,-1.0,1.0,-1.0,-1.0,1.0,1.0,1.0,1.0,1.0,1.0	-0.055128884,1.0002695,-0.49757946,-0.82571536,1.5014075,1.4171021,-2.8870196,-2.964378,4.822462,2.7653005,-2.7398152,3.9501576,1.2723875,-2.8837662,-13.04231,0.6067375,-3.250709,-0.9328322,0.11526336,0.6003783,1.9435914,3.0814834,1.6444333,1.1190233
../data/train_data_mmini/6/Train_0027.jpg	6	1.0,-1.0,-1.0,-1.0,1.0,-1.0,1.0,-1.0,-1.0,1.0,1.0,1.0,-1.0,-1.0,-1.0,-1.0,-1.0,1.0,-1.0,1.0,1.0,1.0,1.0,-1.0	0.23859446,-0.30263174,-0.38116053,-0.9011931,3.0593908,-1.4052523,3.076703,-0.8846788,-0.5104812,1.6162887,0.5955061,1.2590333,-1.3808509,-0.18053776,-8.307749,-0.17078622,-2.6650774,0.58341354,-1.7860109,2.1818533,0.8455095,0.44080704,1.5239089,-0.13713212
../data/train_data_mmini/6/Train_0028.jpg	6	-1.0,-1.0,-1.0,1.0,1.0,-1.0,1.0,1.0,-1.0,-1.0,-1.0,-1.0,1.0,1.0,-1.0,-1.0,1.0,-1.0,1.0,-1.0,1.0,1.0,-1.0,1.0	-0.98273414,-1.309305,-1.6505284,1.6037165,0.35391086,-0.89588666,1.1853868,1.3034228,-1.9303389,-1.2890532,-2.785848,-0.21197146,1.2145448,0.4279276,-10.890839,-1.8070631,0.70450926,-2.3205192,0.3858506,-0.9753,0.9495425,2.3010511,-0.93364716,1.8326198
../data/train_data_mmini/6/Train_0029.jpg	6	-1.0,1.0,1.0,-1.0,-1.0,1.0,-1.0,1.0,1.0,1.0,1.0,-1.0,1.0,1.0,-1.0,1.0,1.0,1.0,-1.0,1.0,1.0,-1.0,-1.0,-1.0	-2.006357,0.50540096,3.6682434,-3.114966,-0.28216797,1.687984,-1.477052,3.1503096,1.8414713,1.7292126,0.96074724,-3.7003841,1.0224065,2.00347,-10.011568,2.8896976,1.0803722,0.15775286,-0.42158568,3.5184855,0.89177287,-4.5066166,-0.25458705,-1.523885
../data/train_data_mmini/7/Train_0030.jpg	7	-1.0,-1.0,1.0,-1.0,-1.0,1.0,-1.0,1.0,1.0,1.0,1.0,1.0,1.0,-1.0,-1.0,1.0,-1.0,-1.0,-1.0,1.0,1.0,-1.0,1.0,-1.0	-1.9627559,-1.7058443,2.6886382,-2.7620072,-0.5252362,2.7534537,-2.873577,0.4435825,3.7241988,1.1948775,0.15502253,0.83365226,0.9500156,-1.724692,-10.149373,2.8733103,-1.6176571,-1.3659066,-2.7807035,2.3841805,1.0505056,-0.5025759,0.23780385,-2.527789
../data/train_data_mmini/7/Train_0031.jpg	7	-1.0,-1.0,1.0,-1.0,1.0,1.0,-1.0,1.0,1.0,1.0,-1.0,-1.0,1.0,-1.0,-1.0,1.0,-1.0,-1.0,-1.0,1.0,1.0,-1.0,1.0,-1.0	-2.891695,-1.8010057,0.2506528,-1.1329291,0.6931647,1.3418108,-0.5133252,1.3033236,1.0590048,1.4237682,-2.709056,-1.0856737,1.0769689,-0.8994853,-14.271971,1.0057158,-3.6901636,-2.2322495,-3.321046,0.85414875,1.2238281,-0.7995429,0.6757852,-0.9243067
../data/train_data_mmini/7/Train_0032.jpg	7	-1.0,1.0,-1.0,1.0,1.0,-1.0,-1.0,-1.0,-1.0,1.0,-1.0,1.0,-1.0,1.0,-1.0,-1.0,-1.0,1.0,-1.0,1.0,1.0,-1.0,1.0,1.0	-2.3122988,0.66690654,-2.6077187,0.52746487,1.3102331,-5.702981,-0.11426133,-1.4400533,-2.012732,1.4952567,-0.69389653,2.140476,-0.32262447,0.23539504,-13.238217,-0.45968434,-1.54356,0.05006044,-1.0540738,2.6822228,1.8361292,-1.626901,1.2872082,2.6750104
../data/train_data_mmini/7/Train_0033.jpg	7	1.0,1.0,1.0,-1.0,1.0,1.0,1.0,1.0,1.0,-1.0,-1.0,1.0,1.0,-1.0,-1.0,1.0,-1.0,-1.0,-1.0,1.0,1.0,1.0,1.0,-1.0	1.4885303,0.33865654,1.1486098,-2.3788345,1.9390512,1.4454875,0.38689253,1.2440203,3.2836294,-0.00887656,-1.4020942,0.8026711,1.8321577,-2.0962105,-9.769759,3.1301408,-1.3545259,-1.0806657,-1.2419868,0.76768935,0.46007866,2.9796774,1.3576807,-2.398058
../data/train_data_mmini/7/Train_0034.jpg	7	1.0,1.0,-1.0,-1.0,1.0,-1.0,1.0,1.0,-1.0,1.0,-1.0,-1.0,1.0,1.0,-1.0,-1.0,1.0,-1.0,1.0,1.0,-1.0,1.0,1.0,1.0	1.7078481,0.5121446,-1.8296739,-0.17000495,4.1736765,-4.382709,4.4965243,1.6333779,-2.6180797,0.55745417,-0.53344613,-1.0953656,0.43783963,0.6317653,-11.327266,-1.4927527,1.9064711,-0.1437513,1.8409547,0.27233556,-0.853636,2.934826,0.16723323,2.818835
../data/train_data_mmini/8/Train_0035.jpg	8	-1.0,1.0,1.0,-1.0,-1.0,1.0,-1.0,1.0,1.0,1.0,-1.0,-1.0,1.0,-1.0,-1.0,1.0,-1.0,-1.0,1.0,1.0,1.0,-1.0,1.0,1.0	-3.7686732,2.0995007,0.38226798,-2.26678,-1.816722,1.4865465,-0.43314463,6.165541,2.8627808,0.13851355,-2.1176794,-1.852185,2.0131395,-0.13002297,-11.832974,2.211733,-0.7874378,-1.936875,0.70381093,3.0606816,2.4248552,-1.2216362,0.25051263,0.19583738
../data/train_data_mmini/8/Train_0036.jpg	8	-1.0,-1.0,1.0,-1.0,1.0,-1.0,-1.0,1.0,1.0,-1.0,-1.0,-1.0,1.0,-1.0,-1.0,1.0,1.0,-1.0,-1.0,1.0,1.0,1.0,-1.0,-1.0	-3.1656685,-2.6788323,0.98881125,-3.2571645,0.03436369,-0.46820074,-0.83719116,7.135445,2.3164058,-0.007085813,-0.97259593,-0.0872232,2.069265,-0.7514746,-12.482165,5.461725,0.6912055,-1.3687733,-3.2970204,2.3853111,1.7164745,1.2097298,-0.28044677,-1.9313035
../data/train_data_mmini/8/Train_0037.jpg	8	-1.0,-1.0,1.0,-1.0,1.0,-1.0,-1.0,1.0,1.0,1.0,-1.0,1.0,1.0,1.0,-1.0,1.0,1.0,-1.0,-1.0,1.0,1.0,-1.0,-1.0,1.0	-2.6843848,-1.7969154,1.6094202,-2.0355148,4.063138,-1.1241177,-1.1007423,1.679415,2.656128,1.6164675,-1.2910663,0.26762182,2.0737631,0.33685586,-14.599247,0.6466122,1.8302326,-2.8580277,-0.05851318,3.3222003,2.2074342,-0.2025007,-0.40574667,0.26343447
../data/train_data_mmini/8/Train_0038.jpg	8	-1.0,1.0,-1.0,-1.0,1.0,1.0,1.0,1.0,-1.0,1.0,-1.0,-1.0,-1.0,-1.0,-1.0,1.0,-1.0,-1.0,-1.0,1.0,1.0,-1.0,-1.0,-1.0	-4.041999,0.086072885,-0.7755921,-0.5993435,0.61417884,0.55581003,1.6225265,1.9297392,-0.36614963,1.5851631,-2.5644906,-3.0091696,-0.19453385,-1.7853216,-12.412408,0.7715315,-3.9652348,-2.5507677,-2.865575,0.5382713,1.4799036,-0.6412722,-1.6502349,-2.6749485
../data/train_data_mmini/8/Train_0039.jpg	8	-1.0,1.0,1.0,-1.0,-1.0,1.0,-1.0,1.0,1.0,-1.0,-1.0,-1.0,1.0,1.0,-1.0,1.0,1.0,-1.0,1.0,1.0,1.0,-1.0,1.0,-1.0	-3.2221718,3.5089881,2.1505222,-3.5925493,-1.7420259,1.5629679,-1.0245761,6.1862454,2.1110544,-2.1017554,-0.8025012,-1.5450933,3.6220677,1.0509515,-12.811641,4.713637,0.40019026,-2.1499684,0.34583002,6.613172,2.7466087,-2.0975838,0.40147427,-0.62460154
../data/train_data_mmini/9/Train_0040.jpg	9	-1.0,1.0,1.0,1.0,-1.0,1.0,-1.0,-1.0,1.0,-1.0,-1.0,-1.0,1.0,-1.0,-1.0,1.0,1.0,-1.0,1.0,-1.0,-1.0,1.0,-1.0,-1.0	-0.76801634,1.891053,1.6168725,0.6279295,-0.10441077,0.3053921,-2.8408866,-0.44812018,1.9013624,-0.9258756,-0.85131526,-1.4384434,2.5525842,-1.8947386,-14.434123,0.4559014,2.57273,-2.4374602,1.2053132,-0.2920168,-0.12840354,1.5075867,-1.0656677,-1.1460205
../data/train_data_mmini/9/Train_0041.jpg	9	1.0,-1.0,-1.0,-1.0,1.0,1.0,1.0,-1.0,-1.0,-1.0,-1.0,1.0,1.0,1.0,-1.0,-1.0,-1.0,-1.0,-1.0,1.0,-1.0,1.0,1.0,1.0	2.3387423,-0.06734292,-0.30564922,-1.1532583,2.6296732,1.1565009,3.1141288,-1.0141867,-1.1496546,-1.2388368,-0.32231322,1.4593533,0.49102506,0.14432028,-12.354861,-0.81743866,-3.1366951,-0.7599707,-1.306539,1.3233962,-0.9619626,1.5324221,3.0790339,1.1404351
../data/train_data_mmini/9/Train_0042.jpg	9	-1.0,1.0,1.0,1.0,1.0,-1.0,-1.0,-1.0,1.0,1.0,1.0,-1.0,1.0,-1.0,-1.0,-1.0,1.0,-1.0,1.0,-1.0,-1.0,-1.0,-1.0,1.0	-0.5666906,1.6430876,0.2288258,1.3328953,1.1560558,-1.3870634,-2.5568163,-3.2800999,0.0896421,1.6263645,0.19509947,-2.476878,0.8015271,-1.5863394,-13.905448,-1.0852386,2.357494,-1.0740888,2.9085684,-1.709555,-1.414642,-0.5790973,-1.8470099,0.6606138
../data/train_data_mmini/9/Train_0043.jpg	9	-1.0,-1.0,1.0,1.0,-1.0,1.0,-1.0,1.0,1.0,-1.0,1.0,-1.0,1.0,-1.0,-1.0,-1.0,1.0,-1.0,-1.0,-1.0,1.0,1.0,1.0,-1.0	-2.986727,-0.8284161,1.7441715,0.17713954,-3.2742484,2.175081,-0.36587292,3.6484816,3.2804222,-2.2938793,0.13039458,-0.5502161,1.3082275,-2.1993208,-14.381352,-0.26739624,1.2768459,-0.8803374,-0.3131035,-0.6814947,0.9709159,0.8593032,1.1634383,-0.43711892
../data/train_data_mmini/9/Train_0044.jpg	9	-1.0,1.0,1.0,-1.0,-1.0,1.0,-1.0,-1.0,1.0,-1.0,1.0,-1.0,1.0,-1.0,-1.0,1.0,-1.0,1.0,-1.0,1.0,-1.0,-1.0,-1.0,-1.0	-0.6912775,3.5257716,2.9742002,-1.882845,-2.0059557,1.4473454,-3.5205946,-0.8089012,0.32057357,-0.10362604,0.4664136,-1.8009884,1.8041058,-0.33557904,-12.87169,4.2372746,-0.62019825,0.035907198,-0.8228576,2.9800243,-1.288734,-0.951115,-0.9609407,-1.178342
../data/train_data_mmini/10/Train_0045.jpg	10	-1.0,1.0,1.0,-1.0,1.0,-1.0,1.0,1.0,1.0,-1.0,-1.0,-1.0,1.0,1.0,-1.0,1.0,1.0,-1.0,1.0,1.0,1.0,-1.0,1.0,1.0	-2.4947495,2.8757553,1.497423,-4.386913,1.0076137,-2.0594976,1.2986233,7.8460445,1.1615942,-0.38226935,-0.5130739,-0.71435785,3.4163246,1.5381323,-12.980139,4.213672,1.1208318,-0.21484579,0.40115064,6.4096003,1.4374211,-1.3198358,1.6102355,1.1801955
../data/train_data_mmini/10/Train_0046.jpg	10	-1.0,1.0,1.0,-1.0,1.0,-1.0,-1.0,-1.0,-1.0,1.0,1.0,-1.0,1.0,1.0,-1.0,1.0,1.0,-1.0,1.0,1.0,-1.0,-1.0,-1.0,1.0	-1.6732671,2.8502262,2.160268,-1.1205981,1.3551722,-1.6229362,-1.3048772,-0.627897,-0.4175,0.5013004,0.6600969,-1.7676508,1.4771703,0.9953605,-9.128445,1.4157796,0.8100009,-0.3862878,0.17749374,4.9933515,-0.041867796,-1.0991691,-1.1852804,0.27136898
../data/train_data_mmini/10/Train_0047.jpg	10	-1.0,-1.0,1.0,-1.0,1.0,-1.0,-1.0,1.0,1.0,1.0,-1.0,-1.0,1.0,1.0,-1.0,1.0,1.0,-1.0,-1.0,1.0,-1.0,-1.0,-1.0,1.0	-3.9007032,-0.27731347,1.6387671,-3.0962672,0.23679164,-3.0700514,-0.52069354,8.346185,0.64399487,0.5099916,-0.7562492,-2.8737636,3.3860803,1.2203513,-15.77518,2.9447956,3.026015,-0.6527067,-0.1166393,3.6083865,-0.50734997,-0.46143255,-0.29266673,2.4699
../data/train_data_mmini/10/Train_0048.jpg	10	-1.0,1.0,1.0,-1.0,-1.0,-1.0,1.0,1.0,-1.0,-1.0,1.0,-1.0,1.0,-1.0,-1.0,1.0,-1.0,1.0,-1.0,1.0,-1.0,-1.0,1.0,-1.0	-1.863642,5.491232,0.4455086,-3.3271782,-1.4957013,-2.59705,0.3992207,5.9606547,-1.1300347,-1.4686114,1.4477798,-2.6095464,2.6470914,-0.5000496,-13.568476,7.8573556,-0.11724588,1.531073,-0.5159411,4.868623,-1.1668503,-0.2641957,0.09747326,-1.0840218
../data/train_data_mmini/10/Train_0049.jpg	10	-1.0,1.0,1.0,-1.0,1.0,-1.0,1.0,1.0,1.0,-1.0,-1.0,-1.0,1.0,1.0,-1.0,1.0,1.0,-1.0,1.0,1.0,1.0,-1.0,1.0,-1.0	-3.6363907,3.8155413,2.2596548,-2.8117251,0.49479684,-0.05172014,0.62551844,5.7745814,2.3475106,-1.4792817,-0.09261006,-2.0902102,3.0794656,0.315891,-14.72618,3.6864934,1.9021538,-1.3226403,1.3600138,6.0291176,2.2884672,-0.38718066,0.6225386,-0.13624188
