../data/train_data_mmini/1/Train_0000.jpg	1	-1.0,1.0,1.0,1.0,-1.0,1.0,1.0,1.0,1.0,-1.0,-1.0,-1.0	-0.3961801,0.14703786,0.32016,0.26668155,-0.31452882,0.050625414,0.1483312,0.5658103,0.5270037,-0.09401019,-0.5325208,-0.067655206
../data/train_data_mmini/1/Train_0001.jpg	1	-1.0,1.0,1.0,1.0,-1.0,1.0,1.0,1.0,1.0,-1.0,-1.0,1.0	-0.30157468,0.27322254,0.40262493,0.4022958,-0.24773395,0.025190301,0.222892,0.57451236,0.60564417,-0.19025621,-0.5399295,0.0006510018
../data/train_data_mmini/1/Train_0002.jpg	1	-1.0,1.0,1.0,1.0,-1.0,1.0,1.0,1.0,1.0,-1.0,-1.0,-1.0	-0.2570869,0.06583804,0.19947064,0.252968,-0.068850234,0.08008983,0.12899166,0.41214955,0.41439387,-0.19604923,-0.40797892,-0.13225268
../data/train_data_mmini/1/Train_0003.jpg	1	-1.0,1.0,1.0,1.0,-1.0,1.0,1.0,1.0,1.0,-1.0,-1.0,-1.0	-0.4160777,0.20630582,0.3855357,0.3469011,-0.42079628,0.010772291,0.17396861,0.6297866,0.6078822,-0.069558136,-0.57272476,-0.032715548
../data/train_data_mmini/1/Train_0004.jpg	1	-1.0,1.0,1.0,1.0,-1.0,1.0,1.0,1.0,1.0,-1.0,-1.0,-1.0	-0.37028992,0.16997308,0.34044746,0.3447896,-0.26254356,0.07782629,0.12729311,0.61770964,0.57281,-0.12773536,-0.6111327,-0.0940592
../data/train_data_mmini/2/Train_0005.jpg	2	-1.0,1.0,1.0,1.0,-1.0,1.0,1.0,1.0,1.0,-1.0,-1.0,-1.0	-0.20693703,0.0901043,0.19104432,0.28502825,-0.06364132,0.079808146,0.23251106,0.5293858,0.39731362,-0.21389581,-0.39590052,-0.12626158
../data/train_data_mmini/2/Train_0006.jpg	2	-1.0,1.0,1.0,1.0,-1.0,1.0,1.0,1.0,1.0,-1.0,-1.0,1.0	-0.28438765,0.14724596,0.2675345,0.24945848,-0.11152934,0.03645301,0.22469866,0.42866164,0.53359896,-0.3276826,-0.39686614,0.014525775
../data/train_data_mmini/2/Train_0007.jpg	2	-1.0,1.0,1.0,1.0,-1.0,-1.0,1.0,1.0,1.0,-1.0,-1.0,-1.0	-0.33804289,0.13115329,0.22784375,0.30999738,-0.2088153,-0.016501628,0.110518016,0.5694464,0.5610064,-0.16889267,-0.6262795,-0.1908752
../data/train_data_mmini/2/Train_0008.jpg	2	-1.0,1.0,1.0,1.0,-1.0,1.0,1.0,1.0,1.0,-1.0,-1.0,-1.0	-0.24249433,0.058728486,0.23239031,0.28655848,-0.07816909,0.010225738,0.13602951,0.49014598,0.4667821,-0.2661849,-0.5187442,-0.11848629
../data/train_data_mmini/2/Train_0009.jpg	2	-1.0,1.0,1.0,1.0,-1.0,1.0,1.0,1.0,1.0,-1.0,-1.0,-1.0	-0.38979614,0.16458021,0.3319858,0.28679672,-0.27354294,0.017419953,0.16232686,0.47955367,0.56062526,-0.23450382,-0.44139442,-0.09302908
../data/train_data_mmini/3/Train_0010.jpg	3	-1.0,1.0,1.0,1.0,-1.0,1.0,1.0,1.0,1.0,-1.0,-1.0,-1.0	-0.09580533,0.14097276,0.14109725,0.23802757,-0.021016916,0.06567794,0.16570148,0.3641844,0.37441954,-0.3227321,-0.5184017,-0.22846146
../data/train_data_mmini/3/Train_0011.jpg	3	-1.0,1.0,1.0,1.0,1.0,1.0,1.0,1.0,1.0,-1.0,-1.0,-1.0	-0.16278212,0.04305928,0.10705315,0.33007145,0.107561566,0.15509368,0.10582786,0.3828296,0.4430419,-0.25237808,-0.33033052,-0.16745669
../data/train_data_mmini/3/Train_0012.jpg	3	-1.0,1.0,1.0,1.0,-1.0,1.0,1.0,1.0,1.0,-1.0,-1.0,1.0	-0.2916058,0.14699714,0.4693561,0.4859797,-0.25191626,0.21422267,0.119590946,0.5038308,0.5478679,-0.016070224,-0.2896652,0.051308796
../data/train_data_mmini/3/Train_0013.jpg	3	-1.0,1.0,1.0,1.0,-1.0,1.0,1.0,1.0,1.0,-1.0,-1.0,-1.0	-0.21078901,0.06004932,0.32796103,0.30691838,-0.06554516,0.08615917,0.15625948,0.49712703,0.39848986,-0.3645362,-0.49301174,-0.015593376
../data/train_data_mmini/3/Train_0014.jpg	3	-1.0,1.0,1.0,1.0,-1.0,1.0,1.0,1.0,1.0,-1.0,-1.0,-1.0	-0.23123464,0.07061562,0.23269618,0.3223993,-0.12613223,0.043953385,0.17258017,0.5638951,0.45389467,-0.33653745,-0.421143,-0.103368334
../data/train_data_mmini/4/Train_0015.jpg	4	-1.0,1.0,1.0,1.0,-1.0,1.0,1.0,1.0,1.0,-1.0,-1.0,-1.0	-0.26489684,0.092308074,0.39562234,0.3803137,-0.16779919,0.06583454,0.0991734,0.5468363,0.59322214,-0.19796385,-0.5048544,-0.12721774
../data/train_data_mmini/4/Train_0016.jpg	4	-1.0,1.0,1.0,1.0,-1.0,-1.0,1.0,1.0,1.0,-1.0,-1.0,-1.0	-0.23933432,0.050574075,0.21031015,0.33688644,-0.07961446,-0.018009942,0.15754193,0.4263091,0.42547613,-0.18263215,-0.38095903,-0.08549958
../data/train_data_mmini/4/Train_0017.jpg	4	-1.0,1.0,1.0,1.0,-1.0,1.0,1.0,1.0,1.0,-1.0,-1.0,1.0	-0.2425938,0.173693,0.37983707,0.3915572,-0.12675309,0.14949033,0.2409291,0.4157803,0.46240503,-0.23718056,-0.35200083,0.044648785
../data/train_data_mmini/4/Train_0018.jpg	4	-1.0,1.0,1.0,1.0,-1.0,1.0,1.0,1.0,1.0,-1.0,-1.0,-1.0	-0.17341839,0.13238719,0.17515446,0.24479179,-0.046445478,0.10735263,0.1147789,0.3941695,0.3596714,-0.20560232,-0.36565602,-0.18202488
../data/train_data_mmini/4/Train_0019.jpg	4	-1.0,1.0,1.0,1.0,-1.0,-1.0,1.0,1.0,1.0,-1.0,-1.0,-1.0	-0.24452436,0.12169203,0.3627757,0.35825226,-0.08121988,-0.042770896,0.20744643,0.5160253,0.506094,-0.45479128,-0.52136153,-0.07081433
../data/train_data_mmini/5/Train_0020.jpg	5	-1.0,1.0,1.0,1.0,-1.0,-1.0,1.0,1.0,1.0,-1.0,-1.0,-1.0	-0.37084842,0.23045363,0.32721123,0.34879765,-0.27574885,-0.055212844,0.22641212,0.7108319,0.6576,-0.17974088,-0.6870269,-0.12339151
../data/train_data_mmini/5/Train_0021.jpg	5	-1.0,1.0,1.0,1.0,-1.0,1.0,1.0,1.0,1.0,-1.0,-1.0,-1.0	-0.4121634,0.10572754,0.41297057,0.4392092,-0.30727613,0.019018184,0.18278158,0.6872272,0.6511293,-0.19870718,-0.5979868,-0.13390234
../data/train_data_mmini/5/Train_0022.jpg	5	-1.0,1.0,1.0,1.0,-1.0,1.0,1.0,1.0,1.0,-1.0,-1.0,-1.0	-0.3466094,0.14792797,0.21707016,0.2983482,-0.21965635,0.01522339,0.15239573,0.54219043,0.58261955,-0.18504627,-0.527225,-0.14275376
../data/train_data_mmini/5/Train_0023.jpg	5	-1.0,1.0,1.0,1.0,-1.0,1.0,1.0,1.0,1.0,-1.0,-1.0,-1.0	-0.40868515,0.18019292,0.37079135,0.34160736,-0.35436225,0.0053113434,0.12728345,0.6207562,0.6028301,-0.13529047,-0.59548914,-0.101692855
../data/train_data_mmini/5/Train_0024.jpg	5	-1.0,1.0,1.0,1.0,-1.0,1.0,1.0,1.0,1.0,-1.0,-1.0,-1.0	-0.33945355,0.059237592,0.23796786,0.32746473,-0.2106352,0.1177599,0.12040455,0.61236316,0.48191866,-0.124483965,-0.5747493,-0.16797853
../data/train_data_mmini/6/Train_0025.jpg	6	-1.0,1.0,1.0,1.0,1.0,1.0,1.0,1.0,1.0,-1.0,-1.0,-1.0	-0.17593701,0.02162765,0.07655285,0.3351055,0.021779086,0.18811479,0.20677173,0.45167476,0.3761179,-0.26511312,-0.40916386,-0.14290076
../data/train_data_mmini/6/Train_0026.jpg	6	-1.0,1.0,1.0,1.0,-1.0,1.0,1.0,1.0,1.0,-1.0,-1.0,-1.0	-0.26090953,0.1996248,0.26718226,0.25880432,-0.18699607,0.11788304,0.16399597,0.5025127,0.5552026,-0.23180978,-0.46733817,-0.002220061
../data/train_data_mmini/6/Train_0027.jpg	6	-1.0,1.0,1.0,1.0,1.0,1.0,1.0,1.0,1.0,-1.0,-1.0,-1.0	-0.105733484,0.07315501,0.11013433,0.316204,0.047949452,0.0099502085,0.14697056,0.3259063,0.3841398,-0.20154124,-0.3069495,-0.21714762
../data/train_data_mmini/6/Train_0028.jpg	6	-1.0,1.0,1.0,1.0,-1.0,1.0,1.0,1.0,1.0,-1.0,-1.0,-1.0	-0.24444534,0.05136404,0.04923178,0.2330514,-0.014383579,0.10231886,0.17436168,0.4877889,0.41423324,-0.22777042,-0.4356993,-0.1443238
../data/train_data_mmini/6/Train_0029.jpg	6	-1.0,1.0,1.0,1.0,-1.0,1.0,1.0,1.0,1.0,-1.0,-1.0,-1.0	-0.26839143,0.022105549,0.18723983,0.24162716,-0.11795688,0.098088704,0.17727137,0.41495353,0.34994343,-0.22333585,-0.3516166,-0.09497179
../data/train_data_mmini/7/Train_0030.jpg	7	-1.0,1.0,1.0,1.0,-1.0,1.0,1.0,1.0,1.0,-1.0,-1.0,-1.0	-0.36589888,0.17630658,0.3560075,0.3632302,-0.27881673,0.008424251,0.14898643,0.4880637,0.576965,-0.20314352,-0.4288147,-0.018283475
../data/train_data_mmini/7/Train_0031.jpg	7	-1.0,1.0,1.0,1.0,-1.0,1.0,1.0,1.0,1.0,-1.0,-1.0,-1.0	-0.20304197,0.16639523,0.3050268,0.34286636,-0.2276542,0.15693547,0.27149475,0.55649304,0.5347654,-0.24957496,-0.4705301,-0.0819111
../data/train_data_mmini/7/Train_0032.jpg	7	-1.0,1.0,1.0,1.0,1.0,1.0,1.0,1.0,1.0,-1.0,-1.0,-1.0	-0.15769751,0.025260871,0.14645188,0.3816591,0.03019865,0.1760764,0.22174726,0.5752097,0.42532364,-0.2982911,-0.34373444,-0.21533433
../data/train_data_mmini/7/Train_0033.jpg	7	-1.0,1.0,1.0,1.0,-1.0,1.0,1.0,1.0,1.0,-1.0,-1.0,-1.0	-0.32152706,0.15315728,0.25201192,0.26961926,-0.19608323,0.10375357,0.17101362,0.41857442,0.42314392,-0.1037616,-0.3703249,-0.16111207
../data/train_data_mmini/7/Train_0034.jpg	7	-1.0,-1.0,-1.0,1.0,1.0,1.0,1.0,1.0,1.0,-1.0,-1.0,-1.0	-0.018589899,-0.08611618,-0.1610001,0.359163,0.2596602,0.09627524,0.14821033,0.395154,0.30624303,-0.33836785,-0.38537207,-0.35121924
../data/train_data_mmini/8/Train_0035.jpg	8	-1.0,1.0,1.0,1.0,-1.0,1.0,1.0,1.0,1.0,-1.0,-1.0,-1.0	-0.27078962,0.10405323,0.20684986,0.2713429,-0.16604199,0.0779897,0.16476682,0.4278471,0.42601404,-0.23334278,-0.31659228,-0.13130796
../data/train_data_mmini/8/Train_0036.jpg	8	-1.0,1.0,1.0,1.0,-1.0,1.0,1.0,1.0,1.0,-1.0,-1.0,-1.0	-0.22297424,0.059584893,0.11912383,0.29311752,-0.08144548,0.1772092,0.18711053,0.46454605,0.3819125,-0.25016555,-0.32048514,-0.1671085
../data/train_data_mmini/8/Train_0037.jpg	8	-1.0,1.0,1.0,1.0,1.0,1.0,1.0,1.0,1.0,-1.0,-1.0,-1.0	-0.25800905,0.052307025,0.107971616,0.3554476,0.013162903,0.13826531,0.22191371,0.5097827,0.4402019,-0.33713755,-0.48517027,-0.20323713
../data/train_data_mmini/8/Train_0038.jpg	8	-1.0,1.0,1.0,1.0,-1.0,1.0,1.0,1.0,1.0,-1.0,-1.0,-1.0	-0.21908796,0.07857483,0.2899866,0.3336225,-0.15856162,0.008540145,0.22382031,0.45616105,0.48064753,-0.26930314,-0.47720608,-0.15057853
../data/train_data_mmini/8/Train_0039.jpg	8	-1.0,1.0,1.0,1.0,-1.0,1.0,1.0,1.0,1.0,-1.0,-1.0,-1.0	-0.31504592,0.08729836,0.13465665,0.27913997,-0.084097475,0.14843102,0.14348647,0.41789883,0.36464405,-0.23626912,-0.2952968,-0.14613643
../data/train_data_mmini/9/Train_0040.jpg	9	-1.0,1.0,1.0,1.0,-1.0,1.0,1.0,1.0,1.0,-1.0,-1.0,-1.0	-0.40422067,0.15834974,0.37578103,0.36862627,-0.25524217,0.0137520945,0.18100812,0.6124915,0.63477707,-0.17981899,-0.60962695,-0.13398628
../data/train_data_mmini/9/Train_0041.jpg	9	-1.0,1.0,1.0,1.0,1.0,1.0,1.0,1.0,1.0,-1.0,-1.0,-1.0	-0.17095949,0.1550387,0.0460157,0.3079855,0.04262736,0.11111357,0.20229584,0.5351477,0.40224943,-0.26602313,-0.43864062,-0.21671382
../data/train_data_mmini/9/Train_0042.jpg	9	-1.0,1.0,1.0,1.0,-1.0,1.0,1.0,1.0,1.0,-1.0,-1.0,-1.0	-0.29430863,0.03499562,0.3373421,0.43901375,-0.06984801,0.115251616,0.10527851,0.6377884,0.58414847,-0.22817613,-0.629382,-0.17806926
../data/train_data_mmini/9/Train_0043.jpg	9	-1.0,1.0,1.0,1.0,-1.0,-1.0,1.0,1.0,1.0,-1.0,-1.0,-1.0	-0.37117505,0.15839666,0.25576547,0.30265924,-0.19806749,-0.042935092,0.17233181,0.6532587,0.5448058,-0.3644024,-0.5707913,-0.14679234
../data/train_data_mmini/9/Train_0044.jpg	9	-1.0,1.0,1.0,1.0,-1.0,1.0,1.0,1.0,1.0,-1.0,-1.0,-1.0	-0.33291656,0.107857734,0.3860234,0.40780592,-0.28725466,0.0819291,0.23988774,0.57837296,0.56320477,-0.23831882,-0.4742154,-0.048967388
../data/train_data_mmini/10/Train_0045.jpg	10	-1.0,-1.0,-1.0,1.0,1.0,1.0,1.0,1.0,1.0,-1.0,-1.0,-1.0	-0.13976163,-0.06643279,-0.0662065,0.19895309,0.19092959,0.16959782,0.11558765,0.29152176,0.15046751,-0.23612179,-0.07874348,-0.16310011
../data/train_data_mmini/10/Train_0046.jpg	10	-1.0,-1.0,1.0,1.0,1.0,1.0,1.0,1.0,1.0,-1.0,-1.0,-1.0	-0.19491139,-0.03323918,0.14999036,0.24882202,0.05788144,0.04623584,0.114842795,0.2664191,0.25196633,-0.27186853,-0.23833378,-0.079774566
../data/train_data_mmini/10/Train_0047.jpg	10	-1.0,-1.0,1.0,1.0,1.0,1.0,1.0,1.0,1.0,-1.0,-1.0,-1.0	-0.2037092,-0.07864705,0.07601623,0.35170677,0.04576559,0.14457163,0.21002857,0.5494289,0.36128104,-0.40474302,-0.4591787,-0.19785726
../data/train_data_mmini/10/Train_0048.jpg	10	-1.0,-1.0,1.0,1.0,-1.0,1.0,1.0,1.0,1.0,-1.0,-1.0,-1.0	-0.1444638,-0.020077437,0.1508813,0.31264344,-0.02476064,0.14925298,0.1636888,0.31668591,0.28355077,-0.19610618,-0.21869457,-0.2019884
../data/train_data_mmini/10/Train_0049.jpg	10	-1.0,1.0,1.0,1.0,-1.0,1.0,1.0,1.0,1.0,-1.0,-1.0,-1.0	-0.26346305,0.015650822,0.096554846,0.29185727,-0.027060779,0.13259229,0.19471027,0.38735458,0.3741124,-0.30419323,-0.38853332,-0.24308741
