../data/train_data_mmini/1/Train_0000.jpg	1	1.0,1.0,1.0,1.0,-1.0,1.0,1.0,1.0	3.8585398,2.022925,1.7391112,0.023723759,-1.7836217,5.39374,1.4362953,0.092730716
../data/train_data_mmini/1/Train_0001.jpg	1	1.0,1.0,1.0,1.0,1.0,1.0,1.0,-1.0	3.7163413,1.3329377,1.4475733,2.3275902,1.0653056,6.778822,2.854873,-0.09555219
../data/train_data_mmini/1/Train_0002.jpg	1	1.0,-1.0,1.0,-1.0,1.0,1.0,1.0,-1.0	3.0026264,-0.656966,0.06768713,-1.5034359,0.3596503,10.483699,3.6865745,-1.5897913
../data/train_data_mmini/1/Train_0003.jpg	1	1.0,1.0,1.0,1.0,-1.0,1.0,1.0,1.0	2.7646875,2.830674,1.6106801,1.772874,-1.3164622,3.3172674,0.30247,0.22466907
../data/train_data_mmini/1/Train_0004.jpg	1	1.0,1.0,1.0,-1.0,-1.0,1.0,1.0,1.0	5.7353587,2.3655114,2.9938931,-0.24402712,-2.1892185,5.8091965,2.045141,1.3000915
../data/train_data_mmini/2/Train_0005.jpg	2	-1.0,1.0,-1.0,-1.0,1.0,1.0,1.0,-1.0	-0.5155463,0.16262828,-0.54985565,-0.06859173,0.32373193,8.070556,2.5022762,-0.78714114
../data/train_data_mmini/2/Train_0006.jpg	2	-1.0,-1.0,-1.0,-1.0,-1.0,1.0,1.0,1.0	-1.7504948,-0.28972185,-2.487782,-4.7238927,-0.20932402,8.147475,4.2713456,0.6960434
../data/train_data_mmini/2/Train_0007.jpg	2	1.0,1.0,1.0,-1.0,-1.0,1.0,1.0,1.0	6.1757035,2.8697774,3.0342202,-0.5733582,-2.376556,0.3589144,0.9758945,0.84662026
../data/train_data_mmini/2/Train_0008.jpg	2	1.0,1.0,-1.0,-1.0,-1.0,1.0,1.0,1.0	2.7870188,0.48905993,-0.4088122,-6.663923,-2.385332,6.1773596,5.085785,1.8999346
../data/train_data_mmini/2/Train_0009.jpg	2	-1.0,1.0,-1.0,1.0,-1.0,1.0,1.0,1.0	-0.8772774,1.8005099,-0.64533675,0.42436185,-0.17733386,8.92023,2.534151,0.5901241
../data/train_data_mmini/3/Train_0010.jpg	3	1.0,1.0,1.0,-1.0,-1.0,1.0,1.0,1.0	2.3913596,1.5953718,0.42573103,-3.4692714,-1.0225008,4.4693494,4.492086,3.440037
../data/train_data_mmini/3/Train_0011.jpg	3	1.0,-1.0,1.0,1.0,1.0,1.0,1.0,-1.0	8.457735,-0.87409836,3.048871,0.67336756,0.8260595,13.976351,4.5523033,-1.9989198
../data/train_data_mmini/3/Train_0012.jpg	3	1.0,1.0,1.0,1.0,1.0,1.0,1.0,-1.0	1.8765178,0.62928504,0.526334,4.1181946,3.1970417,15.41222,2.7645216,-0.9738781
../data/train_data_mmini/3/Train_0013.jpg	3	-1.0,-1.0,-1.0,-1.0,-1.0,1.0,1.0,1.0	-1.1288629,-0.07898254,-3.164053,-6.3281293,-0.20796514,10.004342,6.064076,1.5894825
../data/train_data_mmini/3/Train_0014.jpg	3	1.0,-1.0,1.0,-1.0,-1.0,1.0,1.0,1.0	3.1289132,-0.048306305,0.30103883,-3.040361,-1.0588369,7.372581,4.2960687,0.122930065
../data/train_data_mmini/4/Train_0015.jpg	4	1.0,1.0,1.0,-1.0,-1.0,1.0,1.0,1.0	1.6925199,0.885592,0.16643487,-2.5741553,-1.3817351,12.2089615,4.375154,0.79237646
../data/train_data_mmini/4/Train_0016.jpg	4	-1.0,-1.0,-1.0,1.0,1.0,1.0,1.0,-1.0	-0.3504788,-0.2650809,-1.0347184,1.5361986,1.8942499,5.913849,1.4917204,-2.362637
../data/train_data_mmini/4/Train_0017.jpg	4	-1.0,-1.0,-1.0,-1.0,1.0,1.0,1.0,-1.0	-1.0069824,-1.1957908,-1.5662053,-0.39618403,2.147439,13.54791,4.1856995,-1.478932
../data/train_data_mmini/4/Train_0018.jpg	4	1.0,1.0,1.0,-1.0,-1.0,1.0,1.0,1.0	1.9768002,0.5354014,0.83392096,-1.7708759,-1.0296756,4.8046894,2.6211858,0.8537618
../data/train_data_mmini/4/Train_0019.jpg	4	-1.0,-1.0,-1.0,-1.0,1.0,1.0,1.0,1.0	-1.7119809,-0.32061893,-2.3277245,-3.1895182,0.473088,10.274106,4.5113297,0.3622519
../data/train_data_mmini/5/Train_0020.jpg	5	1.0,1.0,1.0,1.0,1.0,1.0,1.0,-1.0	3.1821036,2.4776304,0.8120698,1.4100403,0.122681595,2.1555576,0.93854433,-0.22625229
../data/train_data_mmini/5/Train_0021.jpg	5	1.0,1.0,1.0,-1.0,-1.0,1.0,1.0,1.0	3.8557513,1.8112155,1.5474373,-4.423236,-3.8493896,9.529377,4.0127063,1.4789361
../data/train_data_mmini/5/Train_0022.jpg	5	1.0,1.0,-1.0,-1.0,-1.0,1.0,1.0,1.0	2.0788105,2.5439782,-0.070405565,-2.9452722,-1.7904505,1.4254303,2.361507,1.3612225
../data/train_data_mmini/5/Train_0023.jpg	5	1.0,1.0,1.0,-1.0,-1.0,1.0,1.0,1.0	3.0278392,3.3960698,1.2965428,-0.5535605,-1.8981822,0.104170635,0.5833217,1.5176349
../data/train_data_mmini/5/Train_0024.jpg	5	1.0,1.0,1.0,1.0,-1.0,1.0,1.0,1.0	5.097793,2.1956346,3.1977808,0.8408882,-2.052807,9.79044,1.8810085,0.62754285
../data/train_data_mmini/6/Train_0025.jpg	6	1.0,1.0,1.0,1.0,1.0,1.0,1.0,-1.0	0.1118147,0.008226778,0.2311007,1.3566024,1.2018303,13.079656,3.5225375,-0.7259194
../data/train_data_mmini/6/Train_0026.jpg	6	1.0,1.0,1.0,1.0,1.0,1.0,1.0,-1.0	5.347325,1.5558571,3.6398075,3.691379,0.44852468,7.353119,2.1588233,-0.18937787
../data/train_data_mmini/6/Train_0027.jpg	6	1.0,1.0,1.0,1.0,1.0,1.0,1.0,-1.0	1.703448,0.4250414,0.66445714,2.097026,1.7307591,10.579817,3.9558246,-0.23998159
../data/train_data_mmini/6/Train_0028.jpg	6	1.0,-1.0,1.0,-1.0,-1.0,1.0,1.0,-1.0	7.467003,-1.4317518,2.1929743,-3.6751018,-1.7402124,7.676683,4.405167,-0.71385646
../data/train_data_mmini/6/Train_0029.jpg	6	-1.0,1.0,-1.0,-1.0,1.0,1.0,1.0,1.0	-4.019716,1.0036092,-2.9484408,-2.1629221,0.94365895,12.856432,4.080186,2.470543
../data/train_data_mmini/7/Train_0030.jpg	7	-1.0,1.0,-1.0,1.0,1.0,1.0,1.0,-1.0	-1.7175703,0.6046359,-1.4003953,0.7623908,1.1253352,8.742871,2.17685,-1.4709088
../data/train_data_mmini/7/Train_0031.jpg	7	-1.0,1.0,-1.0,-1.0,-1.0,1.0,1.0,1.0	-0.64578295,0.84671485,-1.4632512,-1.9422832,-0.13237059,7.989524,3.2687387,0.9558545
../data/train_data_mmini/7/Train_0032.jpg	7	1.0,-1.0,1.0,-1.0,-1.0,1.0,1.0,-1.0	3.6613975,-0.0410108,1.382303,-0.92551136,-0.051277492,14.442686,4.6831226,-0.32716498
../data/train_data_mmini/7/Train_0033.jpg	7	1.0,1.0,1.0,1.0,1.0,1.0,1.0,-1.0	1.9149641,1.3899444,0.833903,3.9753487,1.5063009,7.161741,1.0743,-1.5546168
../data/train_data_mmini/7/Train_0034.jpg	7	1.0,-1.0,1.0,-1.0,-1.0,1.0,1.0,1.0	10.456115,-0.57838744,4.5804667,-0.5324275,-1.4482338,10.383643,4.4510117,0.06453678
../data/train_data_mmini/8/Train_0035.jpg	8	-1.0,1.0,-1.0,-1.0,-1.0,1.0,1.0,1.0	-0.40171403,1.177693,-1.6364635,-5.0933485,-1.5028094,9.046301,5.316182,2.3271315
../data/train_data_mmini/8/Train_0036.jpg	8	-1.0,-1.0,-1.0,-1.0,1.0,1.0,1.0,-1.0	-0.633022,-0.14529675,-1.0455188,-1.5890778,0.124889605,9.2738,3.4861784,-0.65081024
../data/train_data_mmini/8/Train_0037.jpg	8	1.0,-1.0,1.0,1.0,1.0,1.0,1.0,-1.0	4.8041773,-0.04258788,2.416663,1.0749688,0.08204415,13.584486,4.2993207,-0.94565016
../data/train_data_mmini/8/Train_0038.jpg	8	-1.0,1.0,-1.0,-1.0,-1.0,1.0,1.0,1.0	-0.5844528,0.8863657,-1.8582771,-3.7259343,-0.8976206,9.38422,4.7537975,1.1123427
../data/train_data_mmini/8/Train_0039.jpg	8	-1.0,1.0,-1.0,-1.0,-1.0,1.0,1.0,1.0	-0.68546176,0.6658045,-1.3508719,-3.0291822,-0.040688682,13.3822,5.39968,1.6533848
../data/train_data_mmini/9/Train_0040.jpg	9	1.0,1.0,1.0,-1.0,-1.0,1.0,1.0,1.0	4.467042,1.4605591,1.7400585,-2.4531527,-2.2755415,9.761956,4.073335,0.8563921
../data/train_data_mmini/9/Train_0041.jpg	9	1.0,1.0,1.0,1.0,1.0,1.0,1.0,-1.0	3.2063465,0.728221,0.68876714,1.897618,1.9427248,4.6580377,2.5055833,-1.0884804
../data/train_data_mmini/9/Train_0042.jpg	9	1.0,1.0,1.0,-1.0,-1.0,1.0,1.0,1.0	4.6086583,1.0537156,1.8011817,-1.9619141,-1.3975807,12.908226,4.463298,1.1371157
../data/train_data_mmini/9/Train_0043.jpg	9	1.0,1.0,-1.0,-1.0,-1.0,1.0,1.0,1.0	0.8046036,0.9391828,-1.0402278,-6.5137606,-2.3225644,6.5244093,4.8660264,1.5538603
../data/train_data_mmini/9/Train_0044.jpg	9	-1.0,1.0,-1.0,-1.0,1.0,1.0,1.0,1.0	-2.1351388,1.1651164,-1.7998943,-0.7947977,1.0609276,14.432022,4.1758575,1.6567067
../data/train_data_mmini/10/Train_0045.jpg	10	-1.0,-1.0,-1.0,-1.0,1.0,1.0,1.0,1.0	-0.75537777,-0.114285,-1.064105,-2.0816796,0.7107228,14.591072,5.1614695,1.5972258
../data/train_data_mmini/10/Train_0046.jpg	10	1.0,-1.0,-1.0,-1.0,1.0,1.0,1.0,1.0	0.7233408,-0.20597136,-0.23485409,-0.70003146,1.1508832,15.264844,4.827526,0.11497852
../data/train_data_mmini/10/Train_0047.jpg	10	1.0,-1.0,-1.0,-1.0,-1.0,1.0,1.0,1.0	1.3968745,-0.4410458,-0.3690728,-4.684464,-1.5870013,14.431643,5.912202,0.6270111
../data/train_data_mmini/10/Train_0048.jpg	10	-1.0,1.0,-1.0,-1.0,1.0,1.0,1.0,1.0	-4.0237074,0.52783555,-2.920418,-1.8153322,1.189321,13.937345,4.5672107,1.5999484
../data/train_data_mmini/10/Train_0049.jpg	10	1.0,1.0,1.0,-1.0,-1.0,1.0,1.0,1.0	1.7016315,0.5974354,0.04777516,-3.0261357,-1.0886034,13.956597,5.8256245,1.5403919
