../data/train_data_mmini/1/Train_0000.jpg	1	-1.0,-1.0,1.0,-1.0,1.0,-1.0,-1.0,1.0,-1.0,-1.0,1.0,-1.0,-1.0,-1.0,1.0,1.0,1.0,-1.0,1.0,-1.0,1.0,-1.0,1.0,1.0	-0.8853804,-1.8989366,2.0071163,-6.8706436,1.6189097,-0.4919375,-6.222707,2.4633417,-4.324482,-0.47751343,1.1437894,-3.4578884,-0.96838266,-3.3323581,0.1347321,1.7959021,4.309503,-3.180633,2.569959,-4.4036703,0.84263843,-2.9131877,2.98133,3.4376729
../data/train_data_mmini/1/Train_0001.jpg	1	-1.0,-1.0,1.0,-1.0,1.0,-1.0,-1.0,1.0,-1.0,1.0,1.0,-1.0,-1.0,-1.0,1.0,1.0,1.0,-1.0,1.0,-1.0,1.0,-1.0,1.0,1.0	-1.67915,-2.2306006,2.593424,-5.6712995,0.29871845,-1.5690651,-5.338113,2.5378966,-4.870017,0.3985267,0.9463495,-3.4436579,-0.4176232,-2.625605,0.07320463,1.9141561,4.032556,-3.5574334,2.4387429,-4.0750093,0.4110168,-1.9982945,1.6766857,3.660164
../data/train_data_mmini/1/Train_0002.jpg	1	-1.0,-1.0,1.0,-1.0,1.0,-1.0,-1.0,1.0,-1.0,-1.0,1.0,-1.0,-1.0,-1.0,-1.0,1.0,1.0,-1.0,1.0,-1.0,1.0,-1.0,1.0,1.0	-0.8910477,-1.9087731,2.2679143,-9.209866,2.3999565,-0.19064955,-8.394684,3.3308768,-5.273509,-1.1049706,1.7322971,-4.6380525,-2.1565306,-4.6757007,-0.048178338,2.3659678,5.9757686,-4.116848,3.4932067,-5.7708163,0.9765641,-4.2655034,4.140816,4.6349573
../data/train_data_mmini/1/Train_0003.jpg	1	-1.0,-1.0,1.0,-1.0,1.0,-1.0,-1.0,1.0,-1.0,1.0,1.0,-1.0,-1.0,-1.0,1.0,1.0,1.0,-1.0,1.0,-1.0,1.0,-1.0,1.0,1.0	-1.3360366,-1.9167992,2.039683,-4.7753367,1.0354272,-0.67026144,-4.2661037,2.336833,-4.0414286,0.26272592,0.8645581,-3.020125,-0.046326913,-2.498507,0.05727824,1.5644542,3.1766062,-2.871259,1.9370726,-3.5718255,0.5219331,-1.3398193,1.6921468,3.1270535
../data/train_data_mmini/1/Train_0004.jpg	1	-1.0,-1.0,1.0,-1.0,1.0,-1.0,-1.0,1.0,-1.0,-1.0,1.0,-1.0,-1.0,-1.0,1.0,1.0,1.0,-1.0,1.0,-1.0,1.0,-1.0,1.0,1.0	-0.85718584,-2.0712109,2.2389002,-7.6708803,1.4761881,-0.98280615,-7.1014776,2.1954296,-4.269612,-0.9896751,1.1258099,-3.2849422,-1.1950938,-3.2484713,0.044655822,2.0379515,4.585709,-3.3778539,2.8541565,-4.775581,0.9972511,-3.7174902,3.2039616,3.1374123
../data/train_data_mmini/2/Train_0005.jpg	2	-1.0,-1.0,1.0,-1.0,1.0,-1.0,-1.0,1.0,-1.0,-1.0,1.0,-1.0,-1.0,-1.0,1.0,1.0,1.0,-1.0,1.0,-1.0,1.0,-1.0,1.0,1.0	-1.0341113,-1.4382002,1.5881855,-5.746523,1.9286337,-0.077548824,-4.7147074,2.7301548,-3.4130068,-0.4634577,0.9255308,-3.463021,-0.81550735,-3.3084807,0.32415852,1.3124067,3.3824944,-2.5721934,1.6358179,-3.62532,0.0020186915,-2.2657652,2.680126,3.133467
../data/train_data_mmini/2/Train_0006.jpg	2	-1.0,-1.0,1.0,-1.0,1.0,1.0,-1.0,1.0,-1.0,-1.0,1.0,-1.0,-1.0,-1.0,1.0,1.0,1.0,-1.0,1.0,-1.0,-1.0,-1.0,1.0,1.0	-0.07389504,-0.7727912,1.0812093,-7.397374,2.866058,1.1024926,-5.1677465,4.0195694,-2.3820462,-1.8704796,1.5640359,-4.227032,-1.8213724,-5.2307453,1.0308259,1.2503792,3.3996246,-1.2752688,1.5842646,-3.6915703,-0.9817813,-2.6767445,4.9274244,3.5000777
../data/train_data_mmini/2/Train_0007.jpg	2	-1.0,-1.0,1.0,-1.0,1.0,-1.0,-1.0,1.0,-1.0,-1.0,1.0,-1.0,-1.0,-1.0,-1.0,1.0,1.0,-1.0,1.0,-1.0,1.0,-1.0,1.0,1.0	-0.8860112,-1.7321783,1.9920468,-6.363708,1.1647853,-1.0472977,-6.0800285,1.4282936,-3.696522,-0.6914276,0.64797014,-2.497478,-0.91849023,-2.4631586,-0.06501382,1.717251,3.8696287,-3.2327986,2.5320058,-4.167399,1.2620423,-3.4302235,2.160718,2.5115235
../data/train_data_mmini/2/Train_0008.jpg	2	1.0,-1.0,1.0,-1.0,1.0,-1.0,-1.0,1.0,-1.0,-1.0,1.0,-1.0,-1.0,-1.0,1.0,1.0,1.0,-1.0,1.0,-1.0,1.0,-1.0,1.0,1.0	0.62474585,-1.353498,1.2087835,-9.40203,2.5271819,-0.022046452,-7.7365685,2.5255504,-2.717613,-2.6478345,1.7457255,-3.907794,-2.969843,-4.9687853,0.08112139,2.198022,4.646064,-2.1260655,3.061174,-4.4412084,0.25792632,-5.2854595,5.097776,3.2097619
../data/train_data_mmini/2/Train_0009.jpg	2	-1.0,-1.0,1.0,-1.0,1.0,-1.0,-1.0,1.0,-1.0,-1.0,1.0,-1.0,-1.0,-1.0,1.0,1.0,1.0,-1.0,1.0,-1.0,-1.0,-1.0,1.0,1.0	-1.1322607,-2.0991552,2.1847036,-5.9315996,1.5133191,-0.44458854,-4.795681,3.5888958,-3.966255,-0.19710319,1.2636856,-3.7687602,-0.40780526,-3.9370277,0.17988448,2.0163026,3.5513828,-2.577528,2.1593785,-4.1943445,-0.43202832,-1.5998349,3.0910358,3.9181979
../data/train_data_mmini/3/Train_0010.jpg	3	-1.0,-1.0,1.0,-1.0,1.0,-1.0,-1.0,1.0,-1.0,-1.0,1.0,-1.0,-1.0,-1.0,1.0,1.0,1.0,-1.0,1.0,-1.0,-1.0,-1.0,1.0,1.0	-0.009755482,-1.1089839,1.4111024,-4.8714824,0.45644018,-1.2031665,-4.3018456,1.3923445,-1.6295265,-1.1026214,0.960821,-1.7612587,-1.2717183,-2.35356,0.13330512,1.8971128,2.2636669,-1.5045775,2.0965664,-2.6723118,-0.2944545,-2.706114,2.6356878,1.4447001
../data/train_data_mmini/3/Train_0011.jpg	3	-1.0,-1.0,1.0,-1.0,1.0,-1.0,-1.0,1.0,-1.0,-1.0,1.0,-1.0,-1.0,-1.0,-1.0,1.0,1.0,-1.0,1.0,-1.0,1.0,-1.0,1.0,1.0	-2.1034126,-2.8724875,3.6617177,-10.8851185,1.5021143,-2.0407763,-11.284842,2.786217,-7.3154583,-0.4334754,1.2245486,-4.6496997,-1.9301593,-4.189378,-0.7426042,3.036054,7.5451007,-6.4591794,4.858962,-7.5086427,2.3317711,-5.927708,2.7945933,5.0383105
../data/train_data_mmini/3/Train_0012.jpg	3	-1.0,-1.0,1.0,-1.0,1.0,-1.0,-1.0,1.0,-1.0,1.0,1.0,-1.0,-1.0,-1.0,-1.0,1.0,1.0,-1.0,1.0,-1.0,1.0,-1.0,1.0,1.0	-2.3004575,-2.6992655,3.7299516,-7.854128,1.2837803,-1.2538438,-7.124416,4.665469,-7.4986134,0.79869187,2.188478,-5.9203577,-0.7292577,-4.5475407,-0.064770855,2.5334392,5.9568315,-4.9324584,3.4521255,-6.3841734,0.22430488,-2.0723102,2.4918437,6.0082
../data/train_data_mmini/3/Train_0013.jpg	3	1.0,-1.0,1.0,-1.0,1.0,1.0,-1.0,1.0,-1.0,-1.0,1.0,-1.0,-1.0,-1.0,1.0,1.0,1.0,-1.0,1.0,-1.0,-1.0,-1.0,1.0,1.0	0.5936788,-0.7773962,1.206504,-10.009243,2.9948308,1.1103284,-7.507643,4.537402,-2.7492993,-2.8392124,2.3272154,-4.8906393,-3.1621308,-6.5615196,0.98436904,2.029076,4.2624817,-1.8729247,2.5061703,-4.403988,-0.646713,-4.4140005,6.2189703,4.4884233
../data/train_data_mmini/3/Train_0014.jpg	3	-1.0,-1.0,1.0,-1.0,1.0,-1.0,-1.0,1.0,-1.0,-1.0,1.0,-1.0,-1.0,-1.0,1.0,1.0,1.0,-1.0,1.0,-1.0,1.0,-1.0,1.0,1.0	-0.30362415,-1.6398293,1.4705366,-7.8381352,1.7539406,-0.7473217,-6.7801847,2.2588854,-3.098334,-1.4406419,1.0602626,-3.309378,-1.8241593,-3.8032904,0.3249559,1.9446328,3.9671848,-2.856434,2.5234869,-4.480671,0.80100316,-3.8751159,3.708533,2.9356327
../data/train_data_mmini/4/Train_0015.jpg	4	-1.0,-1.0,1.0,-1.0,1.0,-1.0,-1.0,1.0,-1.0,-1.0,1.0,-1.0,-1.0,-1.0,1.0,1.0,1.0,-1.0,1.0,-1.0,1.0,-1.0,1.0,1.0	-0.48879614,-2.3568587,2.1622212,-11.345626,3.4648547,-0.0590003,-9.739902,3.5912573,-5.7427,-1.9809943,2.3398583,-5.5794625,-2.8913064,-6.0301023,0.26790693,2.896247,6.875522,-4.203393,4.0174203,-6.5212336,0.36858717,-5.1799397,5.7351437,5.170438
../data/train_data_mmini/4/Train_0016.jpg	4	-1.0,-1.0,1.0,-1.0,1.0,-1.0,-1.0,1.0,-1.0,1.0,1.0,-1.0,1.0,-1.0,-1.0,1.0,1.0,-1.0,1.0,-1.0,1.0,-1.0,1.0,1.0	-1.3629164,-1.1314651,2.0936792,-3.5413625,0.5996284,-0.34425673,-3.1343029,2.7675123,-3.9506502,0.8841349,0.3398719,-2.9831648,0.18254638,-2.2892995,-0.0058296095,1.0975543,2.8709297,-2.4493864,1.3807555,-3.0199776,0.38165668,-0.7162879,0.94877243,3.1037178
../data/train_data_mmini/4/Train_0017.jpg	4	-1.0,-1.0,1.0,-1.0,1.0,1.0,-1.0,1.0,-1.0,-1.0,1.0,-1.0,-1.0,-1.0,1.0,1.0,1.0,-1.0,1.0,-1.0,-1.0,-1.0,1.0,1.0	-1.3302263,-1.3652817,2.4551795,-7.3309045,2.0643055,0.33859456,-6.10581,4.918272,-5.2830057,-0.23213902,1.7923822,-5.491856,-1.1786991,-5.2671375,0.50243616,1.9384054,4.9379296,-3.2247488,2.529433,-5.22701,-0.8378871,-2.2274098,3.863689,5.341293
../data/train_data_mmini/4/Train_0018.jpg	4	-1.0,-1.0,1.0,-1.0,1.0,-1.0,-1.0,1.0,-1.0,-1.0,1.0,-1.0,-1.0,-1.0,-1.0,1.0,1.0,-1.0,1.0,-1.0,1.0,-1.0,1.0,1.0	-0.5033402,-1.1906224,1.1110537,-5.115031,1.2258329,-0.78135014,-4.476922,1.3624374,-2.5574727,-0.94081724,0.46611968,-2.302683,-0.9146775,-2.210179,-0.10216364,1.3506632,2.848068,-2.1446633,1.8546101,-2.9457233,0.44440636,-2.7778869,2.1337495,1.8812462
../data/train_data_mmini/4/Train_0019.jpg	4	-1.0,-1.0,1.0,-1.0,1.0,1.0,-1.0,1.0,-1.0,-1.0,1.0,-1.0,-1.0,-1.0,1.0,1.0,1.0,-1.0,1.0,-1.0,-1.0,-1.0,1.0,1.0	-0.022994474,-1.0133315,1.5796454,-8.330569,2.8083065,1.0220716,-6.2226815,4.6970477,-2.8251452,-2.1059592,1.8677684,-4.5852213,-2.424553,-5.770258,0.96288854,1.7211868,3.9032724,-1.9733129,1.9180317,-4.29918,-0.7374349,-3.1385036,5.293297,4.070184
../data/train_data_mmini/5/Train_0020.jpg	5	-1.0,-1.0,1.0,-1.0,1.0,-1.0,-1.0,1.0,-1.0,1.0,1.0,-1.0,-1.0,-1.0,-1.0,1.0,1.0,-1.0,1.0,-1.0,1.0,-1.0,1.0,1.0	-1.3060225,-1.742809,2.0195544,-4.7347884,0.68602425,-0.9957312,-4.3233495,2.2847226,-3.7806535,0.13272129,0.6646548,-2.9123719,-0.017583806,-2.2351882,-0.03907173,1.5081491,3.214618,-2.790387,1.9133412,-3.4776812,0.5158184,-1.7087944,1.7118486,2.850891
../data/train_data_mmini/5/Train_0021.jpg	5	-1.0,-1.0,1.0,-1.0,1.0,-1.0,-1.0,1.0,-1.0,-1.0,1.0,-1.0,-1.0,-1.0,1.0,1.0,1.0,-1.0,1.0,-1.0,1.0,-1.0,1.0,1.0	-0.25234854,-2.4590535,2.0913694,-11.288137,3.3971772,-0.29418895,-9.66326,3.1207855,-4.683686,-2.3391156,1.9568702,-4.8064084,-2.722467,-5.5609,0.20044479,2.5437312,6.19915,-3.858405,3.6721752,-6.1651034,0.8487517,-5.5624404,5.813189,4.309168
../data/train_data_mmini/5/Train_0022.jpg	5	-1.0,-1.0,1.0,-1.0,1.0,-1.0,-1.0,1.0,-1.0,-1.0,1.0,-1.0,-1.0,-1.0,1.0,1.0,1.0,-1.0,1.0,-1.0,1.0,-1.0,1.0,1.0	-0.26143098,-1.3446783,1.279056,-6.0072684,1.4998145,-0.5008786,-4.9819603,2.125484,-2.6953292,-1.3212751,1.2742423,-2.8592174,-1.517861,-3.434248,0.4257487,1.6594733,3.1998353,-2.0301838,2.021952,-3.5141153,0.04073088,-2.7639446,3.4231048,2.5998023
../data/train_data_mmini/5/Train_0023.jpg	5	-1.0,-1.0,1.0,-1.0,1.0,-1.0,-1.0,1.0,-1.0,-1.0,1.0,-1.0,-1.0,-1.0,1.0,1.0,1.0,-1.0,1.0,-1.0,1.0,-1.0,1.0,1.0	-0.86467427,-1.7761643,1.7612618,-4.6472664,0.8548254,-0.8589129,-4.0856276,1.6778134,-2.9653866,-0.39878374,0.77972317,-2.367335,-0.256657,-2.0987058,0.16850743,1.4797746,2.8126128,-2.1273718,1.8037537,-3.0336168,0.47131935,-1.8034623,2.040132,2.236561
../data/train_data_mmini/5/Train_0024.jpg	5	-1.0,-1.0,1.0,-1.0,1.0,-1.0,-1.0,1.0,-1.0,-1.0,1.0,-1.0,-1.0,-1.0,-1.0,1.0,1.0,-1.0,1.0,-1.0,1.0,-1.0,1.0,1.0	-1.2282481,-2.5197117,2.5847595,-8.744544,1.9753814,-0.9619258,-8.183778,2.723911,-5.528925,-0.7949048,1.3272965,-4.0942583,-1.1035732,-3.7854676,-0.42207754,2.3714128,5.502419,-4.170366,3.3253355,-5.760849,1.3596634,-4.0127354,3.2066925,4.0761976
../data/train_data_mmini/6/Train_0025.jpg	6	-1.0,-1.0,1.0,-1.0,1.0,-1.0,-1.0,1.0,-1.0,1.0,1.0,-1.0,-1.0,-1.0,1.0,1.0,1.0,-1.0,1.0,-1.0,-1.0,-1.0,1.0,1.0	-1.4806021,-1.8573313,2.2710915,-6.542986,1.555598,-0.5023913,-5.868885,3.4365058,-5.098078,0.111326,1.0672468,-4.2480216,-0.5594044,-3.7303169,0.25671676,2.0264125,4.2662005,-3.5480397,2.453233,-4.8015623,-0.004934503,-2.0602527,2.5773208,4.3986397
../data/train_data_mmini/6/Train_0026.jpg	6	-1.0,-1.0,1.0,-1.0,1.0,-1.0,-1.0,1.0,-1.0,1.0,1.0,-1.0,1.0,-1.0,-1.0,1.0,1.0,-1.0,1.0,-1.0,1.0,-1.0,1.0,1.0	-1.7795006,-2.2253964,2.4371676,-5.0622835,0.44893685,-1.6589582,-4.895424,1.9016948,-4.862217,0.6152602,0.6032991,-3.058215,0.33701143,-2.0421414,-0.45024347,1.9355464,3.6929536,-3.61395,2.379684,-4.1067657,0.9679777,-1.8420315,0.76061034,3.3857708
../data/train_data_mmini/6/Train_0027.jpg	6	-1.0,-1.0,1.0,-1.0,1.0,-1.0,-1.0,1.0,-1.0,1.0,1.0,-1.0,1.0,-1.0,-1.0,1.0,1.0,-1.0,1.0,-1.0,1.0,-1.0,1.0,1.0	-1.5910364,-2.2925322,2.3557365,-5.5092006,0.33750647,-1.8531026,-5.1814737,2.1719441,-4.399812,0.34261832,0.5110605,-3.0396664,0.1401725,-2.278577,-0.4134191,2.262095,3.5945425,-3.3520718,2.4351213,-4.208279,0.2796035,-2.0054967,1.1108754,3.0758052
../data/train_data_mmini/6/Train_0028.jpg	6	-1.0,-1.0,1.0,-1.0,1.0,-1.0,-1.0,1.0,-1.0,-1.0,1.0,-1.0,-1.0,-1.0,-1.0,1.0,1.0,-1.0,1.0,-1.0,1.0,-1.0,1.0,1.0	-0.7799076,-1.6395596,2.3803945,-8.921314,1.6314613,-1.1457242,-8.575167,1.9254037,-4.2678347,-1.3593216,0.6558411,-3.2296631,-1.9078574,-3.802121,-0.55015016,2.1786966,5.3027773,-3.9957225,3.4489598,-5.326195,1.9287236,-5.4829555,2.9617348,3.3707614
../data/train_data_mmini/6/Train_0029.jpg	6	-1.0,-1.0,1.0,-1.0,1.0,1.0,-1.0,1.0,-1.0,-1.0,1.0,-1.0,-1.0,-1.0,1.0,1.0,1.0,-1.0,1.0,-1.0,-1.0,-1.0,1.0,1.0	-0.5509769,-1.192117,1.893841,-7.1962376,2.409317,0.60093707,-5.31908,4.8213162,-3.5170374,-1.2661262,2.2711825,-4.64986,-1.6049979,-5.833336,0.86404365,2.0090146,3.7544768,-1.9465992,2.2151132,-4.369105,-1.424921,-2.1127326,5.1756763,4.6018934
../data/train_data_mmini/7/Train_0030.jpg	7	-1.0,-1.0,1.0,-1.0,1.0,1.0,-1.0,1.0,-1.0,1.0,1.0,-1.0,-1.0,-1.0,1.0,1.0,1.0,-1.0,1.0,-1.0,-1.0,-1.0,1.0,1.0	-1.3340315,-1.6579047,2.280584,-5.545946,1.8059127,0.14332025,-4.6048374,4.043733,-4.6687827,0.30236465,1.0254892,-4.274624,-0.45990717,-4.069918,0.4236971,1.492891,3.6710262,-2.8997338,1.8574029,-4.291264,-0.4463039,-1.3401732,2.5321279,4.452616
../data/train_data_mmini/7/Train_0031.jpg	7	-1.0,-1.0,1.0,-1.0,1.0,-1.0,-1.0,1.0,-1.0,-1.0,1.0,-1.0,-1.0,-1.0,1.0,1.0,1.0,-1.0,1.0,-1.0,-1.0,-1.0,1.0,1.0	-0.52263796,-1.0173368,1.4031504,-5.6074653,1.6403908,-0.10037163,-4.187112,3.425779,-3.1025143,-0.605232,1.3136379,-3.5569036,-0.8095914,-4.0052123,0.7472999,1.6180934,3.2122715,-1.9322184,1.9753935,-3.3792024,-0.66145694,-1.964755,3.5713942,3.5362935
../data/train_data_mmini/7/Train_0032.jpg	7	-1.0,-1.0,1.0,-1.0,1.0,-1.0,-1.0,1.0,-1.0,-1.0,1.0,-1.0,-1.0,-1.0,-1.0,1.0,1.0,-1.0,1.0,-1.0,1.0,-1.0,1.0,1.0	-1.2812623,-2.4749234,2.5123215,-10.163951,2.1795213,-1.2251377,-9.559494,2.9817672,-5.7521877,-1.2956612,1.3166078,-4.690976,-2.0315578,-4.476004,-0.56863725,2.7203393,6.3462505,-4.7197533,4.0264564,-6.3919406,1.2355102,-5.255361,3.9313233,4.508825
../data/train_data_mmini/7/Train_0033.jpg	7	-1.0,-1.0,1.0,-1.0,1.0,-1.0,-1.0,1.0,-1.0,1.0,1.0,-1.0,1.0,-1.0,-1.0,1.0,1.0,-1.0,1.0,-1.0,1.0,-1.0,1.0,1.0	-1.7232943,-2.1398864,2.2147455,-3.8749285,0.47981384,-1.0183321,-3.5508938,2.589645,-4.2299685,1.1329684,0.41001868,-2.877897,1.1577839,-1.9952152,-0.5609436,1.5735554,2.7835438,-2.8574004,1.7434244,-3.380354,0.7489163,-0.52977854,0.65696496,3.133569
../data/train_data_mmini/7/Train_0034.jpg	7	-1.0,-1.0,1.0,-1.0,1.0,-1.0,-1.0,1.0,-1.0,-1.0,1.0,-1.0,-1.0,-1.0,-1.0,1.0,1.0,-1.0,1.0,-1.0,1.0,-1.0,1.0,1.0	-1.8008002,-2.0644653,3.5499349,-9.7496,0.68304473,-2.789367,-10.163092,1.3925493,-5.6509457,-0.82898283,0.29425412,-2.976596,-1.9250468,-3.389626,-1.1330113,2.4454787,6.4623485,-5.309317,4.190352,-6.7016397,2.6934636,-6.7849927,1.4479936,3.2829797
../data/train_data_mmini/8/Train_0035.jpg	8	-1.0,-1.0,1.0,-1.0,1.0,-1.0,-1.0,1.0,-1.0,-1.0,1.0,-1.0,-1.0,-1.0,1.0,1.0,1.0,-1.0,1.0,-1.0,-1.0,-1.0,1.0,1.0	-0.15966724,-1.5556899,1.5198299,-8.595682,2.5530365,-0.08421915,-6.9739604,3.0847056,-3.3840582,-2.210252,2.085032,-4.0592256,-2.3895187,-5.248078,0.5032408,2.279349,4.452099,-2.4303653,2.744772,-4.664046,-0.4058139,-3.8710628,5.1914463,3.7330601
../data/train_data_mmini/8/Train_0036.jpg	8	-1.0,-1.0,1.0,-1.0,1.0,1.0,-1.0,1.0,-1.0,-1.0,1.0,-1.0,-1.0,-1.0,1.0,1.0,1.0,-1.0,1.0,-1.0,-1.0,-1.0,1.0,1.0	-0.8302667,-1.287194,1.6974123,-6.460805,2.011731,0.043938626,-5.184734,3.1216495,-3.7517626,-0.6298033,1.2812223,-3.7342584,-0.9940133,-4.020557,0.4382526,1.6931419,3.7456706,-2.7127879,2.0998852,-4.16,-0.06499213,-2.5470881,3.2365425,3.8350215
../data/train_data_mmini/8/Train_0037.jpg	8	-1.0,-1.0,1.0,-1.0,1.0,-1.0,-1.0,1.0,-1.0,-1.0,1.0,-1.0,-1.0,-1.0,-1.0,1.0,1.0,-1.0,1.0,-1.0,1.0,-1.0,1.0,1.0	-1.8931459,-2.804016,3.174447,-9.406741,1.5760725,-1.68423,-9.179529,3.0294068,-6.4019017,-0.45589584,1.3497884,-4.7338057,-1.1030219,-4.0913453,-0.59698343,2.689761,6.3689127,-5.2604723,3.992853,-6.6057587,1.4293867,-4.5383906,2.923675,4.8504963
../data/train_data_mmini/8/Train_0038.jpg	8	-1.0,-1.0,1.0,-1.0,1.0,-1.0,-1.0,1.0,-1.0,-1.0,1.0,-1.0,-1.0,-1.0,1.0,1.0,1.0,-1.0,1.0,-1.0,-1.0,-1.0,1.0,1.0	-0.43996125,-1.4800045,1.8109776,-8.114117,2.2434857,-0.12024291,-6.555602,3.4825292,-3.9175212,-1.5310618,2.0413122,-4.467985,-2.0969365,-5.1787133,0.54496604,2.2395093,4.6756554,-2.6753552,2.7754576,-4.6941085,-0.41656503,-3.4066658,4.7666206,4.151087
../data/train_data_mmini/8/Train_0039.jpg	8	-1.0,-1.0,1.0,-1.0,1.0,-1.0,-1.0,1.0,-1.0,-1.0,1.0,-1.0,-1.0,-1.0,1.0,1.0,1.0,-1.0,1.0,-1.0,-1.0,-1.0,1.0,1.0	-0.5987817,-1.8920717,2.0686276,-9.2340975,2.642259,-0.091784306,-7.513927,3.8060129,-4.1304073,-1.9472371,2.2665431,-4.629617,-2.1740394,-5.6766276,0.5908654,2.3855174,4.9732533,-3.032605,2.9065585,-5.2660766,-0.48230153,-3.7464542,5.40364,4.5640244
../data/train_data_mmini/9/Train_0040.jpg	9	-1.0,-1.0,1.0,-1.0,1.0,-1.0,-1.0,1.0,-1.0,-1.0,1.0,-1.0,-1.0,-1.0,1.0,1.0,1.0,-1.0,1.0,-1.0,1.0,-1.0,1.0,1.0	-0.67903244,-2.443008,2.346802,-10.773647,2.7911417,-0.5993872,-9.57609,3.1430566,-5.3742256,-1.9232017,2.0591898,-4.818032,-2.5795112,-5.265095,0.15747227,2.857908,6.2560406,-4.3013163,3.718803,-6.4122825,0.6751776,-5.1502657,5.1798086,4.584823
../data/train_data_mmini/9/Train_0041.jpg	9	-1.0,-1.0,1.0,-1.0,-1.0,-1.0,-1.0,1.0,-1.0,1.0,1.0,-1.0,1.0,-1.0,-1.0,1.0,1.0,-1.0,1.0,-1.0,1.0,-1.0,1.0,1.0	-1.481937,-1.5271547,1.920774,-3.4679773,-0.3187216,-1.5528698,-3.6447334,1.9791179,-3.2187934,0.8939958,0.14169465,-1.9584335,0.35856852,-1.357478,-0.2975474,1.2931938,2.4622154,-2.911272,1.7541994,-2.882253,0.92004204,-1.2585152,0.44773498,2.4520507
../data/train_data_mmini/9/Train_0042.jpg	9	-1.0,-1.0,1.0,-1.0,1.0,-1.0,-1.0,1.0,-1.0,-1.0,1.0,-1.0,-1.0,-1.0,1.0,1.0,1.0,-1.0,1.0,-1.0,1.0,-1.0,1.0,1.0	-0.7177728,-2.6317863,2.5900953,-11.978304,2.8267534,-0.7881984,-10.83084,3.164371,-6.0438714,-2.0209553,2.2818086,-5.248958,-2.9759095,-5.6110954,0.13943747,3.1915402,7.2811294,-4.8714333,4.410136,-7.0229917,0.97432715,-6.033823,5.3731785,4.988389
../data/train_data_mmini/9/Train_0043.jpg	9	1.0,-1.0,1.0,-1.0,1.0,1.0,-1.0,1.0,-1.0,-1.0,1.0,-1.0,-1.0,-1.0,1.0,1.0,1.0,-1.0,1.0,-1.0,-1.0,-1.0,1.0,1.0	0.0016185336,-1.579971,1.3931042,-9.62913,3.0908465,0.23587874,-7.676284,3.0388868,-3.1675718,-2.6115067,1.9274021,-4.273207,-2.8148887,-5.4280934,0.5831097,2.1540494,4.5272217,-2.5161724,2.907509,-4.90536,-0.14014482,-4.7541585,5.458978,3.4691446
../data/train_data_mmini/9/Train_0044.jpg	9	-1.0,-1.0,1.0,-1.0,1.0,1.0,-1.0,1.0,-1.0,-1.0,1.0,-1.0,-1.0,-1.0,1.0,1.0,1.0,-1.0,1.0,-1.0,-1.0,-1.0,1.0,1.0	-1.0254301,-1.9392546,2.4719243,-8.772154,2.7538595,0.28329894,-6.915592,4.8945274,-5.060617,-1.1156642,2.3887553,-5.555908,-1.7025933,-6.170761,0.9224415,2.366745,5.1236043,-3.014519,2.85408,-5.5092525,-1.2331777,-2.7168295,5.263524,5.561253
../data/train_data_mmini/10/Train_0045.jpg	10	-1.0,-1.0,1.0,-1.0,1.0,-1.0,-1.0,1.0,-1.0,-1.0,1.0,-1.0,-1.0,-1.0,1.0,1.0,1.0,-1.0,1.0,-1.0,-1.0,-1.0,1.0,1.0	-0.35613233,-1.5601419,1.7241017,-7.544707,1.8447676,-0.3633881,-6.07521,3.2017343,-3.2213557,-1.446317,1.7174855,-3.6904273,-1.4698755,-4.5797105,0.215622,2.1628518,4.1140428,-2.4084275,2.5839944,-4.153996,-0.4172245,-3.1918333,4.274689,3.4820793
../data/train_data_mmini/10/Train_0046.jpg	10	-1.0,-1.0,1.0,-1.0,1.0,-1.0,-1.0,1.0,-1.0,-1.0,1.0,-1.0,-1.0,-1.0,1.0,1.0,1.0,-1.0,1.0,-1.0,-1.0,-1.0,1.0,1.0	-1.2079172,-2.2727737,2.5422397,-9.571052,2.3362176,-0.36740112,-8.412148,3.702363,-5.241278,-1.2076002,2.1998272,-5.06775,-1.870024,-5.286504,0.04871402,2.691431,5.979541,-3.8713202,3.5490465,-6.0551105,-0.14565024,-3.7446024,4.7758484,4.878735
../data/train_data_mmini/10/Train_0047.jpg	10	-1.0,-1.0,1.0,-1.0,1.0,-1.0,-1.0,1.0,-1.0,-1.0,1.0,-1.0,-1.0,-1.0,1.0,1.0,1.0,-1.0,1.0,-1.0,1.0,-1.0,1.0,1.0	-0.20456156,-1.880131,1.9996576,-11.339561,3.3833592,-0.015855286,-9.584423,3.5189185,-4.3215647,-2.5268478,2.1711152,-5.0546,-2.8765874,-6.1101365,0.34718844,2.6628127,6.196347,-3.752461,3.654041,-6.092117,0.45725638,-5.7546825,6.025932,4.635632
../data/train_data_mmini/10/Train_0048.jpg	10	-1.0,-1.0,1.0,-1.0,1.0,1.0,-1.0,1.0,-1.0,-1.0,1.0,-1.0,-1.0,-1.0,1.0,1.0,1.0,-1.0,1.0,-1.0,-1.0,-1.0,1.0,1.0	-0.57550275,-1.1813505,1.877908,-7.5889454,2.456831,0.6863091,-5.686737,4.645192,-3.5218756,-1.4758033,2.2007728,-4.686347,-1.846915,-5.986042,0.9573459,1.9978831,4.0070972,-2.2094274,2.2689855,-4.5642343,-1.2206373,-2.4567144,5.1499205,4.7300067
../data/train_data_mmini/10/Train_0049.jpg	10	-1.0,-1.0,1.0,-1.0,1.0,-1.0,-1.0,1.0,-1.0,-1.0,1.0,-1.0,-1.0,-1.0,1.0,1.0,1.0,-1.0,1.0,-1.0,1.0,-1.0,1.0,1.0	-0.5954963,-2.107029,2.2521856,-10.224435,2.4468956,-0.79369605,-8.905277,3.4229524,-4.773802,-2.0679793,2.2451944,-4.7266507,-2.5400126,-5.6139483,0.1815405,2.88727,5.8401914,-3.7365313,3.4940288,-5.9702406,0.0077859475,-4.739497,5.3948293,4.580944
