../data/train_data_mmini/1/Train_0000.jpg	1	-1.0,-1.0,-1.0,-1.0,-1.0,1.0,1.0,1.0	-0.21993527,-0.81263906,-0.3537936,-0.76544666,-1.0605271,0.4731664,0.87441486,0.04808854
../data/train_data_mmini/1/Train_0001.jpg	1	1.0,-1.0,-1.0,-1.0,-1.0,1.0,1.0,-1.0	0.19005746,-1.1890029,-0.3013554,-0.7907294,-1.3381621,0.90562874,0.6342447,-0.61094457
../data/train_data_mmini/1/Train_0002.jpg	1	-1.0,-1.0,-1.0,-1.0,-1.0,-1.0,1.0,1.0	-0.36262926,-1.1009189,-0.98346025,-0.9985092,-1.2056066,-0.07037325,1.0769836,0.36562556
../data/train_data_mmini/1/Train_0003.jpg	1	1.0,-1.0,1.0,-1.0,-1.0,1.0,1.0,-1.0	0.87854046,-0.7553369,0.20671597,-0.21038562,-1.3691769,1.1611836,0.6081796,-0.647629
../data/train_data_mmini/1/Train_0004.jpg	1	-1.0,-1.0,1.0,-1.0,-1.0,1.0,1.0,1.0	-0.15600938,-0.28256822,0.13492244,-0.58784235,-0.8995876,0.015104219,0.6669928,0.2934119
../data/train_data_mmini/2/Train_0005.jpg	2	-1.0,-1.0,1.0,1.0,1.0,1.0,-1.0,-1.0	-0.027470294,-0.087063074,0.06788728,0.05983365,0.51794094,0.26466787,-0.4482985,-0.20396867
../data/train_data_mmini/2/Train_0006.jpg	2	1.0,1.0,1.0,-1.0,-1.0,-1.0,-1.0,1.0	0.2435064,0.25892815,0.3952741,-0.11275216,-0.010313972,-0.45958197,-0.24185602,0.0036174245
../data/train_data_mmini/2/Train_0007.jpg	2	1.0,-1.0,-1.0,-1.0,-1.0,1.0,1.0,1.0	0.25222933,-0.30464232,-0.27731442,-0.2865212,-0.49793833,0.6713497,0.27051762,0.09597798
../data/train_data_mmini/2/Train_0008.jpg	2	-1.0,-1.0,-1.0,-1.0,-1.0,-1.0,1.0,1.0	-1.1415385,-0.42192885,-0.42289037,-1.0882388,-0.3010617,-0.7206866,0.44916707,0.69322574
../data/train_data_mmini/2/Train_0009.jpg	2	-1.0,-1.0,-1.0,-1.0,1.0,1.0,-1.0,1.0	-0.21129414,-0.17923631,-0.0370121,-0.22042435,0.71041554,0.11825161,-0.36967728,0.07488985
../data/train_data_mmini/3/Train_0010.jpg	3	1.0,-1.0,1.0,1.0,-1.0,1.0,-1.0,-1.0	0.35056773,-0.114538915,0.54499835,0.17435235,-0.020136468,0.33468336,-0.56298935,-0.67767787
../data/train_data_mmini/3/Train_0011.jpg	3	-1.0,-1.0,-1.0,-1.0,1.0,-1.0,1.0,1.0	-1.4641894,-1.2655921,-0.9836975,-1.1224433,0.12659214,-0.11229698,0.7810836,0.60898864
../data/train_data_mmini/3/Train_0012.jpg	3	1.0,-1.0,1.0,-1.0,-1.0,1.0,1.0,-1.0	0.39934573,-0.36340812,0.18843138,-0.122977756,-0.28109598,0.091437206,0.10583876,-0.19174963
../data/train_data_mmini/3/Train_0013.jpg	3	-1.0,1.0,1.0,-1.0,-1.0,-1.0,-1.0,-1.0	-0.24074495,0.021268368,0.14043921,-0.508905,-0.05232822,-1.0768933,-0.20330147,-0.047511023
../data/train_data_mmini/3/Train_0014.jpg	3	-1.0,1.0,-1.0,-1.0,1.0,-1.0,1.0,1.0	-0.9176569,0.060346782,-0.19041684,-0.50806075,0.47486845,-0.5397696,0.023211373,0.121471584
../data/train_data_mmini/4/Train_0015.jpg	4	-1.0,-1.0,-1.0,-1.0,-1.0,-1.0,1.0,1.0	-0.9499085,-0.5880387,-0.5823286,-0.9627603,-0.43036443,-0.3467505,0.623256,0.66110003
../data/train_data_mmini/4/Train_0016.jpg	4	1.0,-1.0,-1.0,-1.0,-1.0,1.0,1.0,-1.0	0.34727034,-1.311779,-0.70685405,-0.20545961,-0.6297398,1.4526451,0.39498544,-0.74347514
../data/train_data_mmini/4/Train_0017.jpg	4	-1.0,-1.0,-1.0,-1.0,-1.0,1.0,1.0,-1.0	-0.056777615,-0.7709651,-0.055765063,-0.16943474,-0.013702526,0.5993548,0.026384307,-0.47172737
../data/train_data_mmini/4/Train_0018.jpg	4	-1.0,-1.0,-1.0,-1.0,1.0,1.0,1.0,1.0	-0.92782825,-0.7730646,-0.6923099,-0.47600803,0.50664306,0.5785902,0.077191815,0.33110535
../data/train_data_mmini/4/Train_0019.jpg	4	1.0,1.0,1.0,1.0,-1.0,-1.0,-1.0,-1.0	0.864501,0.57693595,0.79000074,0.29342923,-0.22063087,-0.99165165,-0.6233695,-0.34105492
../data/train_data_mmini/5/Train_0020.jpg	5	1.0,-1.0,-1.0,-1.0,-1.0,1.0,1.0,-1.0	0.73943365,-0.46173584,-0.22160885,-0.1782186,-0.99688005,0.6576188,0.34076366,-0.32593042
../data/train_data_mmini/5/Train_0021.jpg	5	-1.0,-1.0,-1.0,-1.0,-1.0,-1.0,1.0,1.0	-0.8391841,-0.21876687,-0.056574672,-0.9346396,-0.25458273,-0.503706,0.47566095,0.5276301
../data/train_data_mmini/5/Train_0022.jpg	5	1.0,1.0,1.0,-1.0,-1.0,-1.0,-1.0,1.0	0.098446704,0.16936725,0.2726395,-0.2423706,-0.0037816232,-0.26936167,-0.23085754,0.05347756
../data/train_data_mmini/5/Train_0023.jpg	5	1.0,-1.0,-1.0,-1.0,-1.0,1.0,1.0,-1.0	0.43878815,-0.42870793,-0.1602795,-0.4362748,-0.99236554,0.49538368,0.5090883,-0.026847523
../data/train_data_mmini/5/Train_0024.jpg	5	1.0,-1.0,-1.0,-1.0,-1.0,1.0,1.0,1.0	0.15913126,-0.2200156,-0.04954928,-0.13873975,-0.18956646,0.40581095,0.22471793,0.011092205
../data/train_data_mmini/6/Train_0025.jpg	6	1.0,1.0,1.0,1.0,1.0,1.0,-1.0,-1.0	1.7002977,0.664943,1.1245985,1.607021,0.78719264,0.25917894,-1.4607544,-1.4489053
../data/train_data_mmini/6/Train_0026.jpg	6	-1.0,-1.0,-1.0,-1.0,-1.0,1.0,1.0,-1.0	-0.13678178,-1.5938724,-0.58661133,-0.55178624,-0.51707166,1.9238281,0.8205797,-0.31623355
../data/train_data_mmini/6/Train_0027.jpg	6	1.0,-1.0,-1.0,1.0,1.0,1.0,-1.0,-1.0	0.1630066,-0.45419723,-0.01454884,0.0525308,0.29791215,0.48234075,-0.30189916,-0.5497359
../data/train_data_mmini/6/Train_0028.jpg	6	-1.0,-1.0,-1.0,-1.0,-1.0,1.0,1.0,1.0	-0.92650366,-0.9105398,-1.0298854,-0.8214955,-0.10520365,0.4868812,0.6794803,0.48002404
../data/train_data_mmini/6/Train_0029.jpg	6	1.0,-1.0,1.0,1.0,1.0,1.0,-1.0,-1.0	0.9418752,-0.05396522,0.59164,0.60130686,0.42196378,0.06111543,-0.8895324,-0.5728812
../data/train_data_mmini/7/Train_0030.jpg	7	1.0,-1.0,-1.0,-1.0,1.0,1.0,-1.0,-1.0	0.3544974,-0.30620104,-0.042549282,-0.13448304,0.034582146,0.1834357,-0.17574279,-0.098157525
../data/train_data_mmini/7/Train_0031.jpg	7	1.0,-1.0,-1.0,1.0,1.0,1.0,-1.0,-1.0	0.029191744,-0.22656246,-0.015800925,0.3341402,0.9268049,0.47900748,-0.55633086,-0.26309395
../data/train_data_mmini/7/Train_0032.jpg	7	-1.0,-1.0,-1.0,-1.0,1.0,-1.0,1.0,1.0	-1.7996624,-0.3645929,-0.36254674,-0.96868277,0.8455823,-1.2219251,0.00285287,0.30769688
../data/train_data_mmini/7/Train_0033.jpg	7	1.0,-1.0,1.0,1.0,1.0,1.0,-1.0,-1.0	0.7447238,-0.5775887,0.014835058,0.27891874,0.27567196,1.1450005,-0.3560393,-0.45874763
../data/train_data_mmini/7/Train_0034.jpg	7	-1.0,-1.0,-1.0,-1.0,1.0,1.0,-1.0,-1.0	-0.7730611,-0.31220114,-0.025380613,-0.1460208,0.79693526,0.39612108,-0.17459442,-0.0776791
../data/train_data_mmini/8/Train_0035.jpg	8	-1.0,1.0,1.0,-1.0,1.0,-1.0,-1.0,1.0	-0.5390805,0.520669,0.2694218,-0.16184318,1.3302941,-1.1211656,-0.826295,0.26110464
../data/train_data_mmini/8/Train_0036.jpg	8	-1.0,1.0,-1.0,1.0,1.0,1.0,-1.0,-1.0	-0.032386158,0.104901716,-0.10735786,0.71903986,1.84659,0.5041065,-1.0927812,-0.23448318
../data/train_data_mmini/8/Train_0037.jpg	8	-1.0,-1.0,-1.0,-1.0,1.0,1.0,-1.0,-1.0	-0.43923387,-1.1665189,-0.6049898,-0.083987825,0.8508179,1.7302349,-0.1614521,-0.33197033
../data/train_data_mmini/8/Train_0038.jpg	8	-1.0,-1.0,1.0,-1.0,1.0,-1.0,-1.0,1.0	-0.1192052,-0.06195146,0.2609705,-0.15943193,0.31710413,-0.65143055,-0.44577792,0.0327026
../data/train_data_mmini/8/Train_0039.jpg	8	-1.0,1.0,1.0,-1.0,1.0,-1.0,-1.0,1.0	-0.5177012,0.43095547,0.2760234,-0.040766027,1.8024323,-1.1387999,-1.2728941,0.09514253
../data/train_data_mmini/9/Train_0040.jpg	9	-1.0,-1.0,-1.0,-1.0,-1.0,1.0,1.0,1.0	-0.24279568,-0.38347417,-0.2143021,-0.54203147,-0.4203035,0.09065978,0.29179943,0.1298831
../data/train_data_mmini/9/Train_0041.jpg	9	1.0,-1.0,-1.0,1.0,1.0,1.0,-1.0,-1.0	0.33795664,-0.3816691,-0.38354513,0.3142073,0.5890494,0.85669756,-0.6213249,-0.6339847
../data/train_data_mmini/9/Train_0042.jpg	9	-1.0,-1.0,-1.0,-1.0,-1.0,1.0,1.0,1.0	-0.45710889,-0.6101755,-0.35694468,-0.9165943,-0.7960383,0.16824774,0.6317435,0.11228359
../data/train_data_mmini/9/Train_0043.jpg	9	-1.0,1.0,-1.0,-1.0,1.0,-1.0,-1.0,1.0	-0.521392,0.17911008,-0.13812083,-0.484617,0.21252578,-0.42648774,-0.15211825,0.37118208
../data/train_data_mmini/9/Train_0044.jpg	9	1.0,1.0,1.0,1.0,-1.0,-1.0,-1.0,-1.0	0.75514024,0.033104338,0.59638935,0.03505409,-0.3761709,-0.30559343,-0.297643,-0.72501814
../data/train_data_mmini/10/Train_0045.jpg	10	-1.0,1.0,1.0,1.0,1.0,-1.0,-1.0,-1.0	-0.40950015,1.0379264,0.95974004,0.86370367,3.342188,-1.3786564,-2.523727,-0.17248258
../data/train_data_mmini/10/Train_0046.jpg	10	-1.0,-1.0,1.0,-1.0,-1.0,-1.0,-1.0,-1.0	-0.019393101,-0.2606871,0.5155079,-0.47785798,-0.24969348,-0.67231756,-0.24162896,-0.5301597
../data/train_data_mmini/10/Train_0047.jpg	10	-1.0,1.0,1.0,1.0,1.0,-1.0,-1.0,-1.0	-0.6089249,0.5698712,0.5604884,0.30853167,1.9364796,-0.7824164,-1.1858214,-0.044381466
../data/train_data_mmini/10/Train_0048.jpg	10	1.0,1.0,1.0,1.0,1.0,-1.0,-1.0,-1.0	0.65675867,2.1454716,2.0258381,1.2090425,2.4590096,-3.3286486,-2.5089543,-0.42006186
../data/train_data_mmini/10/Train_0049.jpg	10	-1.0,1.0,1.0,1.0,1.0,-1.0,-1.0,-1.0	-0.5153955,0.36217284,0.41538107,0.06640885,1.7153416,-0.94946504,-1.2433949,-0.028663065
