../data/train_data_mmini/1/Train_0000.jpg	1	1.0,1.0,-1.0,-1.0,1.0,-1.0,1.0,1.0	0.15388963,0.025163222,-0.041966423,-0.14645393,0.17791462,-0.23352653,0.18577075,0.27810013
../data/train_data_mmini/1/Train_0001.jpg	1	1.0,1.0,1.0,-1.0,1.0,-1.0,1.0,1.0	0.13704087,0.1290637,0.003293884,-0.23543857,0.119503126,-0.28609866,0.11597047,0.25192785
../data/train_data_mmini/1/Train_0002.jpg	1	1.0,1.0,-1.0,-1.0,1.0,-1.0,1.0,1.0	0.08892471,0.12733123,-0.029883213,-0.1043908,0.19818853,-0.2285805,0.13363287,0.16392599
../data/train_data_mmini/1/Train_0003.jpg	1	1.0,1.0,-1.0,-1.0,1.0,-1.0,1.0,1.0	0.12753478,0.033457186,-0.061246216,-0.20258689,0.18141752,-0.21072553,0.22035691,0.34995636
../data/train_data_mmini/1/Train_0004.jpg	1	1.0,1.0,-1.0,-1.0,1.0,-1.0,1.0,1.0	0.123517804,0.05805212,-0.065421045,-0.15084088,0.16164637,-0.21319358,0.17554747,0.3227576
../data/train_data_mmini/2/Train_0005.jpg	2	1.0,1.0,-1.0,-1.0,1.0,-1.0,1.0,1.0	0.04273174,0.12798965,-0.039077204,-0.1914267,0.1599474,-0.2112342,0.10294971,0.24495105
../data/train_data_mmini/2/Train_0006.jpg	2	1.0,1.0,-1.0,-1.0,1.0,-1.0,1.0,1.0	0.05162121,0.103420325,-0.061653078,-0.1279049,0.10685876,-0.3059276,0.14837103,0.13257548
../data/train_data_mmini/2/Train_0007.jpg	2	1.0,1.0,-1.0,-1.0,1.0,-1.0,1.0,1.0	0.1895215,0.011639574,-0.07813612,-0.17957307,0.2057495,-0.22376716,0.21266097,0.36150283
../data/train_data_mmini/2/Train_0008.jpg	2	1.0,1.0,-1.0,-1.0,1.0,-1.0,1.0,1.0	0.07674894,0.12482706,-0.078383796,-0.18157008,0.2083857,-0.26866737,0.12627105,0.1933555
../data/train_data_mmini/2/Train_0009.jpg	2	1.0,1.0,-1.0,-1.0,1.0,-1.0,1.0,1.0	0.21650153,0.059666157,-0.092944875,-0.18882824,0.167404,-0.30776265,0.16759963,0.3131951
../data/train_data_mmini/3/Train_0010.jpg	3	1.0,1.0,-1.0,-1.0,1.0,-1.0,1.0,1.0	0.0550083,0.1456592,-0.07833453,-0.16540377,0.20306812,-0.24578397,0.07501289,0.23932686
../data/train_data_mmini/3/Train_0011.jpg	3	1.0,1.0,-1.0,-1.0,1.0,-1.0,1.0,1.0	0.068067305,0.046605986,-0.043937124,-0.15634823,0.21377756,-0.26209235,0.06664985,0.15939884
../data/train_data_mmini/3/Train_0012.jpg	3	1.0,1.0,1.0,-1.0,1.0,-1.0,1.0,1.0	0.080662146,0.08939495,0.009267849,-0.16561231,0.16063055,-0.29554972,0.12911217,0.23937877
../data/train_data_mmini/3/Train_0013.jpg	3	1.0,1.0,-1.0,-1.0,1.0,-1.0,1.0,1.0	0.06281478,0.19531822,-0.029672079,-0.18572399,0.1942214,-0.3145096,0.13457632,0.17026764
../data/train_data_mmini/3/Train_0014.jpg	3	1.0,1.0,-1.0,-1.0,1.0,-1.0,1.0,1.0	0.12474232,0.10721648,-0.01738093,-0.18342158,0.13128671,-0.19396654,0.12961414,0.18543363
../data/train_data_mmini/4/Train_0015.jpg	4	1.0,1.0,-1.0,-1.0,1.0,-1.0,1.0,1.0	0.07100271,0.07987718,-0.055464864,-0.1213493,0.14259012,-0.23994367,0.14519586,0.2534214
../data/train_data_mmini/4/Train_0016.jpg	4	1.0,1.0,-1.0,-1.0,1.0,-1.0,1.0,1.0	0.04764441,0.14880979,-0.0039356574,-0.19287677,0.12892106,-0.2260865,0.09879271,0.21388425
../data/train_data_mmini/4/Train_0017.jpg	4	1.0,1.0,-1.0,-1.0,1.0,-1.0,1.0,1.0	0.0034313325,0.119824246,-0.0138273155,-0.14359522,0.1273749,-0.2550749,0.11424329,0.17435044
../data/train_data_mmini/4/Train_0018.jpg	4	1.0,1.0,-1.0,-1.0,1.0,-1.0,1.0,1.0	0.06394323,0.1836598,-0.043216925,-0.13221572,0.17278735,-0.23229258,0.06186689,0.18791887
../data/train_data_mmini/4/Train_0019.jpg	4	1.0,1.0,-1.0,-1.0,1.0,-1.0,1.0,1.0	0.015016665,0.10668288,-0.020458557,-0.18136404,0.0832316,-0.27949986,0.18675296,0.20020448
../data/train_data_mmini/5/Train_0020.jpg	5	1.0,1.0,-1.0,-1.0,1.0,-1.0,1.0,1.0	0.15238966,0.08224464,-0.014204614,-0.2449457,0.22807217,-0.21153177,0.26229855,0.4014514
../data/train_data_mmini/5/Train_0021.jpg	5	1.0,1.0,-1.0,-1.0,1.0,-1.0,1.0,1.0	0.12741542,0.049183283,-0.032357305,-0.2356577,0.20347527,-0.28850606,0.21182258,0.3464479
../data/train_data_mmini/5/Train_0022.jpg	5	1.0,1.0,-1.0,-1.0,1.0,-1.0,1.0,1.0	0.16760601,0.03106396,-0.067122705,-0.18831715,0.14118166,-0.20648211,0.22861291,0.33872345
../data/train_data_mmini/5/Train_0023.jpg	5	1.0,1.0,-1.0,-1.0,1.0,-1.0,1.0,1.0	0.18581514,0.029569138,-0.05589386,-0.21321562,0.22684786,-0.20956671,0.27101916,0.36087623
../data/train_data_mmini/5/Train_0024.jpg	5	1.0,1.0,-1.0,-1.0,1.0,-1.0,1.0,1.0	0.15963481,0.01162955,-0.05370741,-0.1987893,0.22737867,-0.22629444,0.14032607,0.36499363
../data/train_data_mmini/6/Train_0025.jpg	6	1.0,1.0,-1.0,-1.0,1.0,-1.0,1.0,1.0	0.08730255,0.08281499,-0.042099107,-0.08424411,0.088434905,-0.32796195,0.08554013,0.21601307
../data/train_data_mmini/6/Train_0026.jpg	6	1.0,1.0,-1.0,-1.0,1.0,-1.0,1.0,1.0	0.115827486,0.11600761,-0.043861683,-0.15578537,0.1886011,-0.27324596,0.14779757,0.31580868
../data/train_data_mmini/6/Train_0027.jpg	6	1.0,1.0,-1.0,-1.0,1.0,-1.0,1.0,1.0	0.06277239,0.20840175,-0.02615316,-0.16115442,0.079699785,-0.30561635,0.03163609,0.18984768
../data/train_data_mmini/6/Train_0028.jpg	6	1.0,1.0,-1.0,-1.0,1.0,-1.0,1.0,1.0	0.12349754,0.09266147,-0.058884595,-0.1341192,0.17050809,-0.22584799,0.071636446,0.17714097
../data/train_data_mmini/6/Train_0029.jpg	6	1.0,1.0,-1.0,-1.0,1.0,-1.0,1.0,1.0	0.092164285,0.11115913,-0.11133325,-0.1271031,0.1546298,-0.29213765,0.17410046,0.23176605
../data/train_data_mmini/7/Train_0030.jpg	7	1.0,1.0,-1.0,-1.0,1.0,-1.0,1.0,1.0	0.14944309,0.07056953,-0.064571366,-0.21575192,0.12747613,-0.28255835,0.19481811,0.2751542
../data/train_data_mmini/7/Train_0031.jpg	7	1.0,1.0,-1.0,-1.0,1.0,-1.0,1.0,1.0	0.13129535,0.16184266,-0.01740409,-0.22776768,0.15402867,-0.29266337,0.08685905,0.2700139
../data/train_data_mmini/7/Train_0032.jpg	7	1.0,1.0,-1.0,-1.0,1.0,-1.0,1.0,1.0	0.069937825,0.123034865,-0.011484184,-0.18156505,0.16692266,-0.29585978,0.04504342,0.23906848
../data/train_data_mmini/7/Train_0033.jpg	7	1.0,1.0,-1.0,-1.0,1.0,-1.0,1.0,1.0	0.15374324,0.034688458,-0.047011416,-0.19941051,0.19111851,-0.27745026,0.10613802,0.22933689
../data/train_data_mmini/7/Train_0034.jpg	7	1.0,1.0,-1.0,-1.0,1.0,-1.0,-1.0,1.0	0.003914975,0.07419656,-0.029330451,-0.13604614,0.18425024,-0.28267112,-0.0064656297,0.26520792
../data/train_data_mmini/8/Train_0035.jpg	8	1.0,1.0,-1.0,-1.0,1.0,-1.0,1.0,1.0	0.15946448,0.046466313,-0.046280064,-0.17413193,0.1673914,-0.2659954,0.1205566,0.26876587
../data/train_data_mmini/8/Train_0036.jpg	8	1.0,1.0,-1.0,-1.0,1.0,-1.0,1.0,1.0	0.17552152,0.09304025,-0.04522925,-0.121395946,0.15789582,-0.2688133,0.15818122,0.25378975
../data/train_data_mmini/8/Train_0037.jpg	8	1.0,1.0,-1.0,-1.0,1.0,-1.0,1.0,1.0	0.1325584,0.087222256,-0.06189604,-0.1687229,0.20886609,-0.3129735,0.07310372,0.31204998
../data/train_data_mmini/8/Train_0038.jpg	8	1.0,1.0,-1.0,-1.0,1.0,-1.0,1.0,1.0	0.09983546,0.120660365,-0.04470587,-0.22146583,0.16068345,-0.26860175,0.1806097,0.26673034
../data/train_data_mmini/8/Train_0039.jpg	8	1.0,1.0,-1.0,-1.0,1.0,-1.0,1.0,1.0	0.13554808,0.09357976,-0.07641868,-0.15790041,0.17947572,-0.25666738,0.15176822,0.23441719
../data/train_data_mmini/9/Train_0040.jpg	9	1.0,1.0,-1.0,-1.0,1.0,-1.0,1.0,1.0	0.1398217,0.052031353,-0.069831006,-0.21743786,0.1710026,-0.27568024,0.2042606,0.36718562
../data/train_data_mmini/9/Train_0041.jpg	9	1.0,1.0,1.0,-1.0,1.0,-1.0,1.0,1.0	0.089159206,0.1726386,0.0145008685,-0.22310384,0.18913707,-0.27876583,0.074919,0.26228496
../data/train_data_mmini/9/Train_0042.jpg	9	1.0,1.0,-1.0,-1.0,1.0,-1.0,1.0,1.0	0.103515916,0.09836107,-0.068358295,-0.12410113,0.19034925,-0.2640243,0.17819674,0.30006987
../data/train_data_mmini/9/Train_0043.jpg	9	1.0,1.0,-1.0,-1.0,1.0,-1.0,1.0,1.0	0.17014937,0.062008113,-0.083085515,-0.18993519,0.16308369,-0.293595,0.17714953,0.30954883
../data/train_data_mmini/9/Train_0044.jpg	9	1.0,1.0,-1.0,-1.0,1.0,-1.0,1.0,1.0	0.11097388,0.12232448,-0.09095646,-0.18787135,0.14909068,-0.2645037,0.1342471,0.2652073
../data/train_data_mmini/10/Train_0045.jpg	10	1.0,1.0,-1.0,-1.0,1.0,-1.0,1.0,1.0	0.047623772,0.17754216,-0.113158226,-0.05458712,0.11127752,-0.2111291,0.04112161,0.20523603
../data/train_data_mmini/10/Train_0046.jpg	10	1.0,1.0,-1.0,-1.0,1.0,-1.0,1.0,1.0	0.03139316,0.094250076,-0.059476074,-0.09308162,0.13481513,-0.16276187,0.06192455,0.11717431
../data/train_data_mmini/10/Train_0047.jpg	10	1.0,1.0,-1.0,-1.0,1.0,-1.0,1.0,1.0	0.08872226,0.09922611,-0.076076835,-0.12883876,0.17450291,-0.24354094,0.0505132,0.29900852
../data/train_data_mmini/10/Train_0048.jpg	10	1.0,1.0,-1.0,-1.0,1.0,-1.0,1.0,1.0	0.08396042,0.10108636,-0.080115356,-0.10812638,0.14641774,-0.17919044,0.14218082,0.21137044
../data/train_data_mmini/10/Train_0049.jpg	10	1.0,1.0,-1.0,-1.0,1.0,-1.0,1.0,1.0	0.14132312,0.051418178,-0.08789876,-0.15653643,0.19024967,-0.3069449,0.13005537,0.2185177
