../data/train_data_mmini/1/Train_0000.jpg	1	-1.0,-1.0,-1.0,-1.0,1.0,-1.0,1.0,1.0,-1.0,-1.0,1.0,1.0	-0.23891875,-0.53251815,-4.0771275,-1.320428,1.9277714,-1.6128033,2.423513,1.2556791,-0.9021402,-1.7649515,1.2023667,1.1884165
../data/train_data_mmini/1/Train_0001.jpg	1	-1.0,1.0,-1.0,-1.0,1.0,-1.0,-1.0,-1.0,1.0,-1.0,1.0,-1.0	-4.68396,1.0411603,-0.47453254,-2.2336671,1.7475656,-0.86440307,-0.84284157,-0.51233685,0.47246173,-2.48593,0.17327179,-1.7401854
../data/train_data_mmini/1/Train_0002.jpg	1	1.0,1.0,1.0,-1.0,1.0,-1.0,1.0,1.0,-1.0,-1.0,1.0,1.0	3.733891,2.5018604,1.4842292,-0.88104594,1.0306569,-2.0149682,0.303141,1.4451381,-1.1945777,-2.6192563,1.0035392,2.0511324
../data/train_data_mmini/1/Train_0003.jpg	1	-1.0,1.0,-1.0,-1.0,1.0,-1.0,1.0,1.0,1.0,-1.0,-1.0,-1.0	-0.68853116,0.23534125,-5.6925755,-1.2116446,2.5334997,-1.6951709,0.59916687,0.17921242,1.9940325,-2.8225002,-0.08503933,-1.6046231
../data/train_data_mmini/1/Train_0004.jpg	1	-1.0,-1.0,-1.0,-1.0,1.0,-1.0,1.0,1.0,-1.0,-1.0,1.0,1.0	-0.02708412,-1.5949248,-3.653087,-2.0283759,1.6620017,-0.34623197,0.879044,2.7129781,-1.7298578,-0.670452,2.1277697,0.6295386
../data/train_data_mmini/2/Train_0005.jpg	2	-1.0,-1.0,-1.0,-1.0,-1.0,-1.0,1.0,-1.0,1.0,1.0,1.0,1.0	-0.50744593,-0.0012089536,-0.6987364,-1.4905895,-2.6859386,-0.36896932,2.1790652,-1.8684982,2.004026,2.0755873,0.29933614,0.75261676
../data/train_data_mmini/2/Train_0006.jpg	2	1.0,-1.0,-1.0,-1.0,-1.0,-1.0,1.0,-1.0,-1.0,1.0,1.0,1.0	2.1980882,-0.93072647,-0.99086493,-0.5353542,-1.111256,-0.13928151,3.525093,-3.7330024,-0.58484685,1.7126838,2.3348744,0.83578825
../data/train_data_mmini/2/Train_0007.jpg	2	-1.0,-1.0,-1.0,1.0,-1.0,1.0,1.0,1.0,-1.0,-1.0,1.0,1.0	-1.4137354,-1.2508733,-4.1589665,0.11986066,-0.005075846,1.6135495,1.2356222,0.65687346,-1.2195803,-3.4356432,2.310243,1.4816928
../data/train_data_mmini/2/Train_0008.jpg	2	1.0,-1.0,-1.0,-1.0,1.0,1.0,1.0,1.0,-1.0,1.0,1.0,1.0	2.1113212,-0.9216467,-0.39294356,-1.3956879,0.24957673,1.2399664,0.31929567,2.4282873,-0.25556582,0.8729975,2.6882277,1.5926
../data/train_data_mmini/2/Train_0009.jpg	2	1.0,-1.0,1.0,1.0,-1.0,-1.0,1.0,1.0,-1.0,-1.0,-1.0,-1.0	0.015760966,-3.897325,0.15149169,3.5683942,-2.659882,-0.24956685,1.3584805,0.29573157,-0.28043553,-0.66160953,-3.614287,-0.502944
../data/train_data_mmini/3/Train_0010.jpg	3	-1.0,-1.0,-1.0,1.0,-1.0,1.0,-1.0,1.0,1.0,1.0,1.0,-1.0	-2.0936024,-1.7805655,-0.10002228,0.67672765,-3.2681618,1.7281092,-1.7206109,1.9274081,0.63117564,0.45694664,0.30676782,-0.9482685
../data/train_data_mmini/3/Train_0011.jpg	3	-1.0,1.0,1.0,-1.0,-1.0,1.0,-1.0,1.0,-1.0,-1.0,-1.0,1.0	-1.2932146,3.2477837,1.9280456,-1.2412304,-1.3332585,0.7408196,-1.2494774,0.9119346,-2.982846,-1.4435661,-1.7903562,1.909581
../data/train_data_mmini/3/Train_0012.jpg	3	-1.0,1.0,-1.0,-1.0,1.0,-1.0,1.0,-1.0,-1.0,-1.0,-1.0,1.0	-3.0452826,1.1888232,-1.282611,-2.1111374,2.5299962,-3.7011018,2.342015,-0.4523385,-3.6486554,-1.0168612,-2.406142,0.4008013
../data/train_data_mmini/3/Train_0013.jpg	3	1.0,1.0,1.0,-1.0,1.0,-1.0,1.0,1.0,-1.0,1.0,1.0,1.0	1.9030886,0.9186391,2.4753501,-0.3256999,0.507689,-2.5626628,2.7054803,0.70329267,-0.23633558,3.2564602,1.1898823,1.416122
../data/train_data_mmini/3/Train_0014.jpg	3	-1.0,1.0,-1.0,-1.0,-1.0,1.0,1.0,-1.0,1.0,1.0,1.0,1.0	-2.0624893,0.14999309,-0.93062425,-0.60859954,-2.278497,1.5666295,0.54425246,-0.2554048,0.8752385,3.4557872,0.81876194,0.5236605
../data/train_data_mmini/4/Train_0015.jpg	4	1.0,1.0,-1.0,-1.0,1.0,1.0,1.0,-1.0,-1.0,1.0,-1.0,1.0	1.427737,1.773062,-4.608603,-1.3855356,2.0899494,0.46996278,2.6443205,-0.8008901,-1.635363,1.2810581,-0.5271107,0.18873627
../data/train_data_mmini/4/Train_0016.jpg	4	-1.0,1.0,1.0,-1.0,1.0,-1.0,-1.0,1.0,1.0,-1.0,1.0,1.0	-0.68257713,0.68060094,1.170124,-2.6352224,0.22442023,-2.4020524,-0.043444775,0.28604904,4.3750787,-0.90596795,0.3781812,0.34718168
../data/train_data_mmini/4/Train_0017.jpg	4	-1.0,1.0,1.0,-1.0,1.0,-1.0,1.0,-1.0,-1.0,1.0,-1.0,1.0	-1.3521096,2.9150524,0.4949872,-0.20467652,0.07817073,-1.4760635,1.532696,-3.5146787,-0.6508568,1.2711495,-2.2902792,0.72146034
../data/train_data_mmini/4/Train_0018.jpg	4	-1.0,-1.0,-1.0,-1.0,-1.0,-1.0,1.0,1.0,1.0,1.0,1.0,1.0	-0.028811224,-1.6590031,-2.5488718,-1.2722349,-2.6576505,-0.38346156,2.005699,2.2487686,2.8181348,2.3953602,1.5464677,1.9539478
../data/train_data_mmini/4/Train_0019.jpg	4	1.0,1.0,1.0,1.0,1.0,-1.0,1.0,-1.0,-1.0,1.0,1.0,-1.0	2.7326393,1.6509546,1.1766111,0.76980996,1.069629,-1.0621761,1.552236,-3.052433,-1.5639199,1.7133323,1.9216281,-1.0684019
../data/train_data_mmini/5/Train_0020.jpg	5	-1.0,-1.0,-1.0,-1.0,1.0,-1.0,-1.0,1.0,1.0,-1.0,1.0,-1.0	-1.021422,-0.33635664,-0.83963186,-1.2748375,2.7474935,-0.6158095,-1.4281749,0.0030221082,2.3393602,-2.5348756,2.161061,-0.47463328
../data/train_data_mmini/5/Train_0021.jpg	5	1.0,1.0,-1.0,-1.0,1.0,1.0,1.0,1.0,-1.0,1.0,-1.0,-1.0	3.782483,1.951422,-3.3368785,-0.9612431,0.807422,1.1529758,0.95767623,1.1242663,-0.13520876,2.7599604,-0.7002017,-0.12092994
../data/train_data_mmini/5/Train_0022.jpg	5	-1.0,-1.0,-1.0,1.0,-1.0,1.0,1.0,-1.0,-1.0,-1.0,1.0,1.0	-0.8810497,-2.4448595,-2.320903,2.2151651,-0.88993686,2.774752,1.1322551,-1.5794817,-2.4259417,-2.7993438,2.2967541,0.17110333
../data/train_data_mmini/5/Train_0023.jpg	5	-1.0,-1.0,-1.0,-1.0,1.0,1.0,-1.0,1.0,1.0,-1.0,1.0,-1.0	-1.0639468,-1.9046887,-5.351833,-0.0002643685,1.8215489,0.6272012,-0.18207192,0.9094914,0.4599932,-2.42328,1.1052988,-1.2078723
../data/train_data_mmini/5/Train_0024.jpg	5	1.0,1.0,-1.0,-1.0,1.0,-1.0,1.0,1.0,-1.0,-1.0,-1.0,1.0	1.6123309,0.11946774,-5.255437,-0.77706957,0.18175113,-2.033906,3.335004,2.581741,-1.3183476,-0.2715783,-0.58606565,2.1683767
../data/train_data_mmini/6/Train_0025.jpg	6	-1.0,1.0,1.0,1.0,-1.0,-1.0,1.0,-1.0,-1.0,1.0,-1.0,1.0	-2.880371,1.852299,1.1467419,0.6950141,-1.9836472,-1.991757,3.0934348,-2.0279138,-1.374699,0.1853376,-1.2343992,1.6675868
../data/train_data_mmini/6/Train_0026.jpg	6	1.0,-1.0,-1.0,1.0,-1.0,-1.0,-1.0,1.0,1.0,-1.0,-1.0,-1.0	0.050070517,-1.0029464,-0.24528687,0.5351222,-3.2386687,-0.12669134,-1.7454439,0.6176104,1.9048294,-3.9864683,-2.3669,-1.7682573
../data/train_data_mmini/6/Train_0027.jpg	6	-1.0,-1.0,1.0,1.0,-1.0,1.0,-1.0,1.0,1.0,1.0,-1.0,-1.0	-4.355414,-0.48370868,2.130317,0.36116257,-2.7773993,1.0799954,-1.2914423,0.3441379,0.97904253,1.185311,-1.1684719,-0.17114107
../data/train_data_mmini/6/Train_0028.jpg	6	1.0,1.0,-1.0,1.0,-1.0,1.0,-1.0,1.0,-1.0,-1.0,1.0,1.0	1.3907859,2.2099257,-0.75846845,0.17211498,-2.006119,0.41049466,-0.82451636,1.8433906,-0.14955473,-1.208148,2.4962058,3.8852346
../data/train_data_mmini/6/Train_0029.jpg	6	1.0,-1.0,1.0,1.0,-1.0,-1.0,1.0,1.0,-1.0,1.0,-1.0,1.0	0.25534832,-2.4211476,0.1874776,2.8397012,-2.2755077,-1.9381298,4.1059413,1.3583366,-1.9612932,2.84828,-2.7409568,1.491915
../data/train_data_mmini/7/Train_0030.jpg	7	-1.0,-1.0,-1.0,1.0,-1.0,-1.0,1.0,-1.0,1.0,-1.0,-1.0,-1.0	-2.058806,-0.5994567,-0.9229263,0.5697004,-0.8990791,-0.0033859164,2.484695,-4.6763864,0.14440235,-1.661943,-1.3911625,-0.11732449
../data/train_data_mmini/7/Train_0031.jpg	7	1.0,-1.0,1.0,-1.0,-1.0,-1.0,1.0,1.0,1.0,1.0,1.0,1.0	1.4263473,-2.2196972,2.166685,-0.28125802,-1.3793217,-3.720891,2.7489839,1.7666763,1.4728435,1.4216732,0.031164454,1.9698507
../data/train_data_mmini/7/Train_0032.jpg	7	1.0,1.0,1.0,-1.0,-1.0,-1.0,1.0,1.0,1.0,1.0,-1.0,1.0	0.9467793,1.2920537,2.6301162,-2.7636826,-3.0355504,-0.49735722,0.61704004,2.2939138,0.92950886,3.6884494,-2.3873558,0.7830084
../data/train_data_mmini/7/Train_0033.jpg	7	-1.0,-1.0,-1.0,1.0,-1.0,-1.0,1.0,1.0,1.0,-1.0,-1.0,1.0	-1.274812,-2.8112686,-1.3541762,1.1131002,-2.5961173,-1.8357761,1.9474908,0.45065728,0.12675104,-1.938434,-0.7303827,1.007139
../data/train_data_mmini/7/Train_0034.jpg	7	-1.0,1.0,1.0,-1.0,-1.0,1.0,-1.0,1.0,-1.0,1.0,-1.0,1.0	-1.1882869,2.820955,0.46979088,-1.2719592,-4.2602334,2.552569,-2.7552185,3.0680053,-1.3187956,1.0423037,-0.18103805,1.8351305
../data/train_data_mmini/8/Train_0035.jpg	8	-1.0,-1.0,-1.0,1.0,-1.0,1.0,1.0,-1.0,-1.0,1.0,-1.0,1.0	-1.8526678,-0.8545446,-2.6512399,3.443753,-3.8949785,1.6323245,3.26803,-1.7434682,-2.0793254,3.053333,-2.249454,1.431028
../data/train_data_mmini/8/Train_0036.jpg	8	-1.0,-1.0,1.0,1.0,-1.0,-1.0,1.0,-1.0,-1.0,1.0,-1.0,1.0	-0.79381853,-1.2060895,1.2573164,1.684946,-5.0355654,-0.6493353,3.864861,-1.4804308,-0.07231479,0.53062797,-0.56602186,3.8011649
../data/train_data_mmini/8/Train_0037.jpg	8	-1.0,1.0,1.0,1.0,-1.0,1.0,-1.0,1.0,-1.0,1.0,-1.0,1.0	-0.9262729,1.4066913,1.3473296,0.5186826,-4.7809567,0.37680212,-0.07591868,1.0332222,-0.28668284,0.15322095,-4.894823,2.1297421
../data/train_data_mmini/8/Train_0038.jpg	8	-1.0,1.0,1.0,1.0,-1.0,1.0,-1.0,-1.0,-1.0,1.0,-1.0,-1.0	-0.23832142,0.060362287,1.6189429,2.1016116,-2.2555792,0.8102871,-0.24248022,-0.5800601,-0.3173211,0.35126647,-2.468304,-0.90681964
../data/train_data_mmini/8/Train_0039.jpg	8	-1.0,-1.0,-1.0,1.0,-1.0,-1.0,1.0,-1.0,-1.0,1.0,-1.0,1.0	-3.1117043,-1.0480919,-0.55891746,3.8003073,-3.1168768,-0.29616424,4.3115273,-0.4865407,-4.5497646,2.8336592,-3.8168626,3.1469145
../data/train_data_mmini/9/Train_0040.jpg	9	1.0,1.0,-1.0,-1.0,1.0,1.0,1.0,1.0,-1.0,-1.0,-1.0,1.0	1.8231112,1.8595159,-3.375918,-0.26643535,0.51281995,0.24261075,1.9648271,0.11075994,-2.735365,-0.24628167,-1.1057652,1.9864974
../data/train_data_mmini/9/Train_0041.jpg	9	-1.0,-1.0,1.0,-1.0,-1.0,-1.0,1.0,1.0,1.0,1.0,1.0,1.0	-3.3068938,-0.97281325,0.77314824,-0.74397445,-1.6417723,-3.0880866,1.1910142,2.7841933,0.09014311,0.69254863,1.8263174,2.8906505
../data/train_data_mmini/9/Train_0042.jpg	9	1.0,1.0,-1.0,-1.0,1.0,-1.0,1.0,1.0,-1.0,1.0,-1.0,1.0	1.2858514,2.403391,-2.0295103,-2.9245825,2.4940612,-0.110251404,0.6434288,2.4659774,-1.7973568,1.6080108,-0.24709754,1.4681804
../data/train_data_mmini/9/Train_0043.jpg	9	-1.0,-1.0,-1.0,1.0,-1.0,1.0,1.0,-1.0,-1.0,1.0,1.0,1.0	-0.4867912,-0.044864736,-1.9142138,1.7514652,-1.5533336,3.475365,1.8693738,-2.5531104,-1.10482,2.4154344,1.7382613,2.212471
../data/train_data_mmini/9/Train_0044.jpg	9	-1.0,1.0,-1.0,1.0,1.0,-1.0,1.0,-1.0,-1.0,1.0,-1.0,1.0	-0.9619072,0.9201338,-0.4254614,1.0166336,1.387639,-1.964151,2.7289946,-2.1424963,-3.148221,1.7839732,-3.2271228,0.25050122
../data/train_data_mmini/10/Train_0045.jpg	10	-1.0,-1.0,1.0,1.0,-1.0,-1.0,1.0,1.0,-1.0,1.0,-1.0,1.0	-1.9703002,-2.685974,1.4286737,3.9926872,-6.876917,-0.29268456,3.6921418,1.1039716,-3.715766,2.7629979,-4.8256264,3.5808694
../data/train_data_mmini/10/Train_0046.jpg	10	-1.0,1.0,1.0,1.0,-1.0,1.0,-1.0,1.0,-1.0,1.0,-1.0,1.0	-1.640894,2.893078,2.1247077,1.5779572,-0.82987803,0.5436579,-1.1649346,0.14412682,-3.4806867,1.755673,-5.2000985,0.44146198
../data/train_data_mmini/10/Train_0047.jpg	10	1.0,1.0,1.0,1.0,-1.0,1.0,1.0,-1.0,-1.0,1.0,-1.0,1.0	0.38467318,0.75496894,2.1216226,1.3630952,-5.9934025,0.35544237,2.250533,-0.48114595,-1.6467453,3.5423381,-2.9019651,3.4234397
../data/train_data_mmini/10/Train_0048.jpg	10	-1.0,-1.0,1.0,1.0,-1.0,-1.0,1.0,-1.0,-1.0,1.0,-1.0,1.0	-2.3921525,-0.5907,2.0950332,3.0130482,-1.676299,-1.9429675,4.377511,-1.7228477,-6.134267,2.4292934,-3.8603547,1.4225796
../data/train_data_mmini/10/Train_0049.jpg	10	-1.0,1.0,1.0,1.0,-1.0,1.0,1.0,-1.0,-1.0,1.0,-1.0,1.0	-1.5145144,0.28209108,0.79787153,3.6087935,-5.37006,2.0161967,1.4832087,-0.8330988,-4.143511,1.6092213,-5.248277,1.550008
