../data/train_data_mmini/1/Train_0000.jpg	1	1.0,-1.0,1.0,1.0,-1.0,-1.0,-1.0,1.0,-1.0,1.0,-1.0,-1.0,-1.0,1.0,1.0,-1.0,1.0,-1.0,-1.0,-1.0,1.0,1.0,-1.0,-1.0	0.2910405,-0.110538654,0.084134564,0.29312837,-0.5924658,-0.16100508,-0.23858427,0.3004466,-0.3249726,0.65167534,-0.49276716,-1.718156,-0.096821055,0.55465746,0.07549272,-2.8398852,0.43461236,-0.3100167,-0.3731458,-0.24797961,0.3044371,0.6222033,-0.065185994,-0.32946435
../data/train_data_mmini/1/Train_0001.jpg	1	1.0,-1.0,1.0,1.0,-1.0,-1.0,-1.0,1.0,-1.0,1.0,-1.0,-1.0,-1.0,1.0,-1.0,-1.0,1.0,-1.0,1.0,1.0,-1.0,1.0,-1.0,-1.0	0.007181134,-0.26363933,0.3093582,0.19318022,-0.15296519,-0.19819887,-0.42421135,0.51315683,-0.42067626,0.05743162,-0.6800943,-1.1383247,-0.42767715,0.7688135,-0.35830107,-3.4074247,0.23704574,-0.42858243,0.13353887,0.5287515,-0.0049870815,0.4702125,-0.27910736,-0.5649436
../data/train_data_mmini/1/Train_0002.jpg	1	1.0,-1.0,1.0,-1.0,-1.0,-1.0,1.0,1.0,-1.0,-1.0,-1.0,-1.0,-1.0,1.0,-1.0,-1.0,1.0,1.0,1.0,1.0,-1.0,-1.0,1.0,1.0	0.22191319,-0.86269516,0.40078658,-0.3520637,-0.0055990294,-0.23529935,0.08092704,0.6024401,-0.4465252,-0.33231714,-0.46775314,-0.4017225,-0.92510384,0.8256383,-0.60370064,-2.5339627,0.03968464,0.15095682,0.41947642,1.644845,-0.18653114,-0.18396494,0.20246734,0.06816234
../data/train_data_mmini/1/Train_0003.jpg	1	1.0,-1.0,1.0,1.0,-1.0,-1.0,-1.0,1.0,-1.0,1.0,-1.0,-1.0,-1.0,1.0,1.0,-1.0,1.0,-1.0,-1.0,-1.0,1.0,1.0,-1.0,-1.0	0.2663152,-0.032269195,0.10187126,0.28689358,-0.6615653,-0.07456225,-0.3968438,0.27692667,-0.4555141,0.7615454,-0.5208698,-2.077572,-0.06695779,0.5026281,0.2030092,-3.00807,0.2754871,-0.5079347,-0.4737083,-0.5101479,0.55446756,0.75589234,-0.2986952,-0.487645
../data/train_data_mmini/1/Train_0004.jpg	1	1.0,-1.0,1.0,1.0,-1.0,-1.0,-1.0,1.0,-1.0,1.0,-1.0,-1.0,-1.0,1.0,-1.0,-1.0,1.0,-1.0,-1.0,-1.0,1.0,1.0,1.0,-1.0	0.20581606,-0.25209782,0.2923657,0.17712767,-0.67932296,-0.051577594,-0.29303747,0.5371419,-0.5070126,0.3389939,-0.5400085,-1.6875647,-0.39021468,0.7098658,-0.11116456,-2.9337513,0.110986635,-0.42225647,-0.3356077,-0.09694637,0.51776534,0.5277504,0.23829108,-0.40051338
../data/train_data_mmini/2/Train_0005.jpg	2	-1.0,-1.0,1.0,-1.0,1.0,-1.0,-1.0,1.0,-1.0,-1.0,-1.0,-1.0,-1.0,1.0,-1.0,-1.0,1.0,-1.0,1.0,1.0,-1.0,1.0,1.0,-1.0	-0.045240115,-0.6826619,0.0700628,-0.11616626,0.23851243,-0.5190069,-0.27382496,0.40069535,-0.42708907,-0.061311234,-0.49006468,-0.7919804,-0.6133964,0.7941326,-0.2973924,-3.241452,0.24043515,-0.43050903,0.23961306,0.95497966,-0.23702031,0.2418055,0.0099513335,-0.058522597
../data/train_data_mmini/2/Train_0006.jpg	2	1.0,-1.0,-1.0,-1.0,1.0,-1.0,-1.0,1.0,-1.0,-1.0,-1.0,-1.0,-1.0,1.0,1.0,-1.0,1.0,-1.0,1.0,1.0,-1.0,1.0,1.0,1.0	0.16539088,-0.9455247,-0.1054921,-0.7095387,0.57022405,-0.9662821,-0.24094121,0.27366027,-0.18899317,-0.12977327,-0.76704973,-0.6078181,-0.8851656,0.7984412,0.18081038,-3.120779,0.39642757,-0.0196348,0.5964569,1.4435661,-0.15797114,0.3465021,0.41874292,0.12004359
../data/train_data_mmini/2/Train_0007.jpg	2	1.0,-1.0,-1.0,1.0,-1.0,-1.0,-1.0,1.0,-1.0,1.0,-1.0,-1.0,1.0,1.0,1.0,-1.0,1.0,-1.0,-1.0,-1.0,1.0,1.0,-1.0,-1.0	0.04717635,-0.13570073,-0.14238627,0.29572955,-0.7419597,-0.12989688,-0.39911377,0.2802418,-0.41347143,0.9851386,-0.38781977,-2.3742914,0.24587177,0.32162145,0.38617536,-2.928508,0.3669251,-0.30716825,-0.8926174,-0.8749881,0.54462147,0.6669723,-0.16486385,-0.52538854
../data/train_data_mmini/2/Train_0008.jpg	2	-1.0,-1.0,1.0,-1.0,1.0,-1.0,-1.0,1.0,-1.0,-1.0,-1.0,-1.0,-1.0,1.0,1.0,-1.0,1.0,-1.0,1.0,1.0,-1.0,1.0,1.0,-1.0	-0.19124314,-0.9412559,0.14602388,-0.4785217,0.052650128,-0.62479585,-0.090383105,0.11167288,-0.073898315,-0.09662047,-0.79881674,-0.59977734,-0.7354164,0.72079885,0.056909017,-2.925971,0.20023066,-0.06864243,0.1967716,1.2882804,-0.16956478,0.22293486,0.28551167,-0.20617828
../data/train_data_mmini/2/Train_0009.jpg	2	1.0,-1.0,-1.0,1.0,1.0,-1.0,-1.0,1.0,-1.0,1.0,-1.0,-1.0,-1.0,1.0,1.0,-1.0,1.0,-1.0,-1.0,1.0,-1.0,1.0,-1.0,-1.0	0.26030177,-0.30392104,-0.38529512,0.14056721,0.046247754,-0.24610905,-0.88794595,0.40240803,-0.51031756,0.67247766,-0.78152025,-1.6649946,-0.12165475,0.5600997,0.09621156,-3.798391,0.57197434,-0.63299495,-0.46604955,0.3164432,-0.14086151,0.60346705,-0.18414295,-0.23182549
../data/train_data_mmini/3/Train_0010.jpg	3	-1.0,-1.0,1.0,-1.0,1.0,-1.0,-1.0,1.0,-1.0,1.0,-1.0,-1.0,-1.0,1.0,-1.0,-1.0,-1.0,-1.0,-1.0,1.0,-1.0,-1.0,-1.0,-1.0	-0.34752566,-0.76735663,0.15302779,-0.36037302,0.34497973,-0.25625202,-0.44454607,0.46673065,-0.37762123,0.065164894,-0.7482319,-0.6838351,-0.41071707,0.4593596,-0.1291465,-2.6744142,-0.15150978,-0.35495996,-0.3859629,1.0645003,-0.048683725,-0.054005463,-0.28515136,-0.25828364
../data/train_data_mmini/3/Train_0011.jpg	3	-1.0,-1.0,1.0,-1.0,1.0,1.0,1.0,1.0,-1.0,-1.0,-1.0,1.0,-1.0,1.0,-1.0,-1.0,1.0,1.0,1.0,1.0,-1.0,-1.0,1.0,-1.0	-0.049363717,-1.0822607,0.7528437,-0.065310426,0.002011165,0.038491312,0.0029037343,0.79372424,-0.56912273,-1.1470501,-0.39596483,0.14206317,-0.96407115,1.1827388,-1.4296963,-2.6497662,0.0757809,0.34709206,0.36020175,1.6153135,-0.5545473,-0.62880224,0.29554388,-0.16505165
../data/train_data_mmini/3/Train_0012.jpg	3	1.0,-1.0,1.0,-1.0,-1.0,-1.0,-1.0,1.0,-1.0,-1.0,-1.0,-1.0,-1.0,1.0,-1.0,-1.0,-1.0,-1.0,1.0,1.0,-1.0,-1.0,1.0,-1.0	0.5904332,-0.46017438,0.5647517,-0.041519053,-0.24790803,-0.036028203,-0.15849079,1.2387,-0.8847998,-0.6068044,-0.2580689,-0.38639694,-1.0564911,1.400515,-1.2813996,-3.338483,-0.15180267,-0.61079544,0.60039693,1.420721,-0.21775664,-0.18919101,0.15617874,-0.15806742
../data/train_data_mmini/3/Train_0013.jpg	3	1.0,-1.0,1.0,-1.0,1.0,-1.0,-1.0,1.0,1.0,-1.0,-1.0,1.0,-1.0,1.0,-1.0,-1.0,1.0,1.0,1.0,1.0,-1.0,-1.0,1.0,1.0	0.061374083,-1.2830747,0.050562844,-1.0785664,0.86925,-1.1197246,-0.20526452,0.45274583,0.07113239,-0.5802097,-1.0325806,0.17622282,-1.5493202,1.1717072,-0.14492016,-3.3204846,0.04484329,5.005859e-05,0.99085766,2.7023327,-0.5879082,-0.08118053,0.5564418,0.07414004
../data/train_data_mmini/3/Train_0014.jpg	3	1.0,-1.0,1.0,-1.0,1.0,-1.0,-1.0,1.0,-1.0,-1.0,-1.0,-1.0,-1.0,1.0,-1.0,-1.0,1.0,-1.0,1.0,1.0,-1.0,1.0,1.0,-1.0	0.16631776,-0.8937237,0.23761816,-0.24094214,0.07553926,-0.31824976,-0.38289788,0.3906406,-0.33799553,-0.16537394,-0.6872191,-0.95019746,-0.5194514,0.8906982,-0.26611385,-3.079138,0.16996633,-0.4066224,0.046132185,1.0353503,-0.31422606,0.31545871,0.22119331,-0.20513545
../data/train_data_mmini/4/Train_0015.jpg	4	1.0,-1.0,1.0,-1.0,-1.0,-1.0,-1.0,1.0,-1.0,-1.0,-1.0,-1.0,-1.0,1.0,-1.0,-1.0,-1.0,-1.0,1.0,1.0,-1.0,1.0,1.0,-1.0	0.3944949,-0.73249704,0.19387622,-0.4193048,-0.1784668,-0.5290168,-0.18791586,0.56986904,-0.17458627,-0.20844111,-0.4656968,-0.73763514,-0.915302,0.8153198,-0.37725675,-3.0659215,-0.061691795,-0.1443562,0.32643357,1.378937,-0.16968445,0.18376605,0.30183885,-0.12369256
../data/train_data_mmini/4/Train_0016.jpg	4	1.0,-1.0,1.0,1.0,1.0,-1.0,-1.0,1.0,-1.0,1.0,-1.0,-1.0,-1.0,1.0,-1.0,-1.0,1.0,-1.0,1.0,1.0,-1.0,1.0,-1.0,-1.0	0.04200484,-0.51903003,0.17780964,0.15643434,0.16093548,-0.35774583,-0.21687378,0.026528459,-0.18579407,0.121763945,-0.3841411,-0.70398474,-0.28903392,0.66297185,-0.05099248,-2.4946039,0.13549115,-0.23668177,0.2437875,0.41726536,-0.38142076,0.27533877,-0.62029207,-0.5834356
../data/train_data_mmini/4/Train_0017.jpg	4	1.0,-1.0,1.0,-1.0,1.0,-1.0,-1.0,1.0,-1.0,-1.0,-1.0,1.0,-1.0,1.0,-1.0,-1.0,1.0,-1.0,1.0,1.0,-1.0,-1.0,-1.0,-1.0	0.34081024,-1.021485,0.2625691,-0.54254824,0.61035013,-0.65321857,-0.27013186,0.5489826,-0.25690633,-0.69493294,-0.51248384,0.06265917,-1.2216694,1.2700998,-0.56114393,-3.4478014,0.30879638,-0.22343819,0.8847229,2.2310784,-0.8991419,-0.28913078,-0.031750087,-0.021662584
../data/train_data_mmini/4/Train_0018.jpg	4	-1.0,-1.0,1.0,-1.0,1.0,-1.0,-1.0,1.0,-1.0,1.0,-1.0,-1.0,-1.0,1.0,1.0,-1.0,1.0,-1.0,-1.0,1.0,-1.0,1.0,-1.0,-1.0	-0.28185883,-0.4753245,0.17789367,-0.07991141,0.05765823,-0.411529,-0.2833989,0.22492035,-0.33851054,0.14504582,-0.35779962,-0.62337595,-0.28023306,0.35736915,0.038676806,-2.6547253,0.11192529,-0.36729166,-0.065376826,0.6095735,-0.17519778,0.18259023,-0.09235824,-0.105516836
../data/train_data_mmini/4/Train_0019.jpg	4	1.0,-1.0,1.0,-1.0,1.0,-1.0,-1.0,1.0,-1.0,-1.0,-1.0,-1.0,-1.0,1.0,-1.0,-1.0,-1.0,-1.0,1.0,1.0,-1.0,1.0,1.0,-1.0	0.17193529,-1.1891993,0.054481864,-1.0325074,1.0287886,-0.76275235,-0.3121746,0.49020156,-0.2241127,-0.69784987,-0.9562918,-0.41752434,-1.411895,1.090426,-0.47103673,-3.2251935,-0.0321231,-0.10163916,0.8956823,2.3419728,-0.2643207,0.13208744,0.4906498,-0.10907112
../data/train_data_mmini/5/Train_0020.jpg	5	1.0,-1.0,1.0,1.0,-1.0,-1.0,-1.0,1.0,-1.0,1.0,-1.0,-1.0,-1.0,1.0,1.0,-1.0,1.0,-1.0,-1.0,-1.0,1.0,1.0,-1.0,-1.0	0.26066905,-0.15875652,0.060109988,0.12700216,-0.63128775,-0.13000466,-0.47362822,0.41208038,-0.645955,0.7032073,-0.5765657,-2.1410186,-0.090815574,0.52614045,0.32315585,-3.2625954,0.13733138,-0.66201466,-0.35479337,-0.2824124,0.5705062,0.8259823,-0.09067949,-0.52957827
../data/train_data_mmini/5/Train_0021.jpg	5	1.0,-1.0,1.0,-1.0,-1.0,-1.0,-1.0,1.0,-1.0,-1.0,-1.0,-1.0,-1.0,1.0,-1.0,-1.0,1.0,-1.0,1.0,1.0,1.0,1.0,1.0,-1.0	0.28499705,-1.1040674,0.24230213,-0.57007307,-0.1696453,-0.61246866,-0.34240508,0.5111197,-0.19044726,-0.30263215,-0.813172,-0.89896613,-1.1155035,0.95436966,-0.42110547,-3.7714813,0.12021527,-0.19229226,0.3314233,1.6371533,0.07375347,0.27898926,0.7307175,-0.044704154
../data/train_data_mmini/5/Train_0022.jpg	5	1.0,-1.0,-1.0,1.0,-1.0,-1.0,-1.0,1.0,-1.0,1.0,-1.0,-1.0,-1.0,1.0,1.0,-1.0,1.0,-1.0,-1.0,-1.0,1.0,1.0,1.0,-1.0	0.07640091,-0.094225384,-0.22930498,0.034102708,-0.3963171,-0.3700301,-0.38138103,0.31336007,-0.39795604,0.6698888,-0.587879,-1.9167538,-0.036569543,0.47931334,0.42234176,-2.9867349,0.32045528,-0.44224077,-0.5599248,-0.269979,0.27974197,0.72996134,0.100285664,-0.38765582
../data/train_data_mmini/5/Train_0023.jpg	5	1.0,1.0,-1.0,1.0,-1.0,-1.0,-1.0,1.0,-1.0,1.0,-1.0,-1.0,1.0,1.0,1.0,-1.0,1.0,-1.0,-1.0,-1.0,1.0,1.0,-1.0,-1.0	0.09635066,0.08906564,-0.07917534,0.2154118,-0.6794705,-0.18520312,-0.4944903,0.35022813,-0.5582163,1.0118207,-0.5693782,-2.2171826,0.09523326,0.16529813,0.43186277,-3.0031662,0.28558856,-0.42481872,-0.6472209,-0.6384453,0.74035245,0.8974069,-0.13091475,-0.49531695
../data/train_data_mmini/5/Train_0024.jpg	5	1.0,-1.0,1.0,1.0,-1.0,-1.0,-1.0,1.0,-1.0,1.0,-1.0,-1.0,-1.0,1.0,-1.0,-1.0,-1.0,-1.0,-1.0,1.0,1.0,1.0,1.0,-1.0	0.3714111,-0.70621866,0.27344814,0.0120275,-0.643805,-0.10070869,-0.20262672,0.7076722,-0.6408734,0.1639868,-0.48560137,-1.4484535,-0.5084228,0.71439004,-0.46679002,-2.9429917,-0.12688133,-0.25948507,-0.27509958,0.44232953,0.3294836,0.0718783,0.23592564,-0.15027499
../data/train_data_mmini/6/Train_0025.jpg	6	1.0,-1.0,1.0,-1.0,1.0,-1.0,1.0,1.0,-1.0,-1.0,-1.0,-1.0,-1.0,1.0,-1.0,-1.0,-1.0,-1.0,1.0,1.0,-1.0,-1.0,-1.0,-1.0	0.5627224,-1.1992173,0.2685642,-0.63048416,0.6905018,-0.24256334,0.11747234,0.71051,-0.5078891,-0.7404964,-0.31027734,-0.70766276,-0.94195205,1.2435834,-1.0218976,-2.7208333,-0.2023606,-0.23007084,0.21316443,1.8922739,-0.41406122,-0.35895488,-0.1975565,-0.014830476
../data/train_data_mmini/6/Train_0026.jpg	6	1.0,-1.0,1.0,1.0,-1.0,-1.0,-1.0,1.0,-1.0,1.0,-1.0,-1.0,-1.0,1.0,1.0,-1.0,1.0,-1.0,-1.0,1.0,1.0,1.0,-1.0,-1.0	0.09390461,-0.4263045,0.098623924,0.15979084,-0.20068637,-0.11199154,-0.7629468,0.4268686,-0.34505084,0.62460047,-0.7478434,-1.5088451,-0.09035568,0.51438224,0.04365731,-3.5839329,0.3781057,-0.53532463,-0.56739676,0.16235763,0.0011269245,0.27298507,-0.58329153,-0.5183849
../data/train_data_mmini/6/Train_0027.jpg	6	-1.0,-1.0,1.0,1.0,1.0,1.0,-1.0,1.0,-1.0,-1.0,-1.0,-1.0,-1.0,1.0,-1.0,-1.0,1.0,-1.0,-1.0,1.0,-1.0,-1.0,-1.0,-1.0	-0.047440756,-0.6761532,0.19831185,0.08586589,0.3836362,0.19371687,-0.58746785,0.46577546,-0.6401214,-0.23627953,-0.5533395,-0.67641306,-0.1402896,0.72178113,-0.69463086,-2.7867627,0.002808284,-0.2733366,-0.16888568,0.76084965,-0.40841395,-0.0064932136,-0.33334267,-0.4209094
../data/train_data_mmini/6/Train_0028.jpg	6	-1.0,-1.0,1.0,1.0,-1.0,1.0,-1.0,1.0,-1.0,-1.0,-1.0,-1.0,-1.0,1.0,-1.0,-1.0,1.0,-1.0,-1.0,1.0,-1.0,-1.0,1.0,-1.0	-0.16332373,-0.89764297,0.29859504,0.02676893,-0.31379208,0.0252699,-0.09720606,0.21741103,-0.26353997,-0.18250504,-0.55279887,-0.8362982,-0.50745356,0.6778426,-0.383048,-2.5774326,0.23147483,-0.024080636,-0.14539665,0.6212503,-0.2335591,-0.034013536,0.11347086,-0.2408364
../data/train_data_mmini/6/Train_0029.jpg	6	1.0,-1.0,-1.0,-1.0,1.0,-1.0,-1.0,1.0,-1.0,1.0,-1.0,-1.0,-1.0,1.0,-1.0,-1.0,1.0,-1.0,1.0,1.0,-1.0,-1.0,-1.0,1.0	0.43521276,-0.7863069,-0.1387418,-0.6769646,0.57238215,-0.6683561,-0.18201233,0.79701316,-0.44020572,0.14696893,-0.7551752,-0.75942886,-0.7994961,0.94751406,-0.2655866,-3.1879053,0.08610712,-0.14095457,0.09687576,1.6638077,-0.23292346,-0.14024116,-0.027674586,0.104474396
../data/train_data_mmini/7/Train_0030.jpg	7	1.0,-1.0,-1.0,1.0,1.0,-1.0,-1.0,1.0,-1.0,1.0,-1.0,-1.0,-1.0,1.0,1.0,-1.0,1.0,-1.0,-1.0,1.0,-1.0,1.0,-1.0,-1.0	0.20087636,-0.25988373,-0.3363435,0.054586627,0.0030249096,-0.51266617,-0.4460428,0.2484394,-0.2875641,0.6754812,-0.44811046,-1.6736834,-0.16981328,0.8595371,0.051457465,-3.7009442,0.49913666,-0.47728014,-0.20903553,0.20235461,-0.22659223,0.62512904,-0.30200246,-0.3646134
../data/train_data_mmini/7/Train_0031.jpg	7	1.0,-1.0,-1.0,-1.0,1.0,-1.0,-1.0,1.0,-1.0,1.0,-1.0,-1.0,-1.0,1.0,1.0,-1.0,1.0,-1.0,1.0,1.0,-1.0,1.0,-1.0,1.0	0.26513502,-0.853196,-0.11351692,-0.49515474,0.354571,-0.87808996,-0.2637836,0.5157833,-0.24395524,0.19663085,-0.87098885,-0.9597663,-0.7903158,0.96553385,0.19096346,-3.9852273,0.08542387,-0.7796428,0.15076971,1.6160972,-0.36279353,0.15472509,-0.12400509,0.014172772
../data/train_data_mmini/7/Train_0032.jpg	7	1.0,-1.0,1.0,-1.0,1.0,-1.0,-1.0,1.0,-1.0,-1.0,-1.0,1.0,-1.0,1.0,-1.0,-1.0,-1.0,-1.0,1.0,1.0,-1.0,-1.0,1.0,1.0	0.11353386,-1.5605932,0.6489285,-0.4035989,0.33606124,-0.062200766,-0.17345163,0.7376363,-0.5237753,-1.3525922,-0.61937916,0.565341,-1.3442395,1.2934088,-1.467465,-3.378854,-0.24349466,-0.29394105,0.69184285,2.7686388,-0.92121863,-0.6682031,0.4010026,0.09819188
../data/train_data_mmini/7/Train_0033.jpg	7	1.0,-1.0,-1.0,1.0,-1.0,1.0,-1.0,1.0,-1.0,1.0,-1.0,-1.0,1.0,1.0,-1.0,-1.0,1.0,-1.0,-1.0,-1.0,1.0,1.0,-1.0,-1.0	0.08700879,-0.31953123,-0.23120315,0.43469435,-0.30611005,0.016720224,-0.538943,0.4953601,-0.7812341,0.8243196,-0.2868749,-1.8266096,0.25985438,0.48628435,-0.13658194,-3.057627,0.37329122,-0.53745,-0.60891217,-0.5903068,0.029177824,0.3928906,-0.56368953,-0.3617229
../data/train_data_mmini/7/Train_0034.jpg	7	-1.0,-1.0,1.0,-1.0,1.0,1.0,1.0,1.0,-1.0,-1.0,-1.0,1.0,-1.0,1.0,-1.0,-1.0,-1.0,1.0,1.0,1.0,-1.0,-1.0,1.0,-1.0	-0.5738775,-1.6051089,1.0881926,-0.17597042,0.12974106,0.3232499,0.072716795,0.91932243,-0.83948237,-1.6436332,-0.4574139,0.1832015,-0.8426176,1.1595789,-1.8413056,-2.2691872,-0.4891064,0.22418854,0.11176808,1.720221,-0.25064608,-0.9275758,0.32224253,-0.2281141
../data/train_data_mmini/8/Train_0035.jpg	8	1.0,-1.0,-1.0,-1.0,1.0,-1.0,-1.0,1.0,-1.0,1.0,-1.0,-1.0,-1.0,1.0,-1.0,-1.0,1.0,-1.0,-1.0,1.0,-1.0,1.0,1.0,-1.0	0.023838814,-0.55652404,-0.22570422,-0.19663027,0.080873206,-0.5199149,-0.2651873,0.5290363,-0.37056568,0.19293799,-0.560262,-1.0852069,-0.4189392,0.71100247,-0.15886684,-3.2807899,0.16065693,-0.22612937,-0.2390805,0.90385944,-0.2561862,0.12531161,0.20359886,-0.10686576
../data/train_data_mmini/8/Train_0036.jpg	8	1.0,-1.0,-1.0,-1.0,1.0,-1.0,-1.0,1.0,-1.0,1.0,-1.0,-1.0,-1.0,1.0,-1.0,-1.0,1.0,-1.0,-1.0,1.0,-1.0,1.0,-1.0,1.0	0.119403906,-0.84217626,-0.2958445,-0.19479178,0.23489848,-0.412839,-0.28937218,0.43130493,-0.33310112,0.24413787,-0.4575361,-1.4838959,-0.39571106,0.86230636,-0.049033098,-3.5292492,0.38575038,-0.43295246,-0.29458478,0.8226951,-0.5317414,0.13411517,-0.22250497,0.09563291
../data/train_data_mmini/8/Train_0037.jpg	8	1.0,-1.0,1.0,-1.0,1.0,-1.0,-1.0,1.0,-1.0,-1.0,-1.0,-1.0,-1.0,1.0,-1.0,-1.0,1.0,-1.0,-1.0,1.0,-1.0,-1.0,-1.0,-1.0	0.09148604,-1.2933376,0.15226759,-0.2400264,0.08590764,-0.1607286,-0.43187413,0.5412066,-0.31488097,-0.44276845,-0.70245546,-0.7705015,-0.74442333,1.1015362,-0.7803495,-3.6350074,0.16836455,-0.07218278,-0.017282173,1.4299787,-0.5395351,-0.43006694,-0.12117292,-0.22224547
../data/train_data_mmini/8/Train_0038.jpg	8	1.0,-1.0,-1.0,-1.0,1.0,-1.0,-1.0,1.0,-1.0,-1.0,-1.0,-1.0,-1.0,1.0,-1.0,-1.0,1.0,-1.0,1.0,1.0,-1.0,1.0,1.0,-1.0	0.11032464,-0.7960663,-0.07633618,-0.37074906,0.3212962,-0.64585155,-0.29143235,0.44629124,-0.28058365,-0.16457254,-0.81553346,-0.87408745,-0.7430189,0.94782245,-0.07185351,-3.5085528,0.048000712,-0.27888113,0.11791961,1.5442624,-0.37044793,0.13804832,0.07470931,-0.21715467
../data/train_data_mmini/8/Train_0039.jpg	8	1.0,-1.0,-1.0,-1.0,1.0,-1.0,-1.0,1.0,-1.0,1.0,-1.0,-1.0,-1.0,1.0,-1.0,-1.0,1.0,-1.0,-1.0,1.0,-1.0,-1.0,1.0,1.0	0.08738435,-0.570703,-0.34289154,-0.2428615,0.2699722,-0.5189609,-0.20619585,0.91765696,-0.5493831,0.104472786,-0.4479496,-0.8175943,-0.5845241,1.0041273,-0.5995674,-3.562749,0.3087179,-0.07038047,-0.1234268,1.1834412,-0.55441177,-0.116871566,0.13443398,0.086536154
../data/train_data_mmini/9/Train_0040.jpg	9	1.0,-1.0,1.0,-1.0,-1.0,-1.0,-1.0,1.0,-1.0,1.0,-1.0,-1.0,-1.0,1.0,-1.0,-1.0,1.0,-1.0,-1.0,1.0,1.0,1.0,1.0,-1.0	0.3237198,-0.88409156,0.003996657,-0.30808672,-0.4091737,-0.2619105,-0.34331113,0.4493892,-0.3537313,0.13953358,-0.6376829,-1.6312801,-0.5696021,0.9432639,-0.21962243,-3.457563,0.2114234,-0.20604959,-0.15639691,0.6416246,0.09749741,0.24967352,0.2699252,-0.3227922
../data/train_data_mmini/9/Train_0041.jpg	9	-1.0,-1.0,1.0,1.0,1.0,-1.0,-1.0,1.0,-1.0,1.0,-1.0,-1.0,-1.0,1.0,-1.0,-1.0,1.0,-1.0,-1.0,1.0,-1.0,1.0,-1.0,-1.0	-0.07028538,-0.5641534,0.17921345,0.047781125,0.07460059,-0.05654974,-0.3372394,0.66928446,-0.76811266,0.060134646,-0.55777377,-0.8881049,-0.19947495,0.82411516,-0.53783554,-3.2610896,0.12421034,-0.67613757,-0.079901844,0.7051371,-0.17624418,0.21359286,-0.16113445,-0.30824608
../data/train_data_mmini/9/Train_0042.jpg	9	1.0,-1.0,1.0,-1.0,-1.0,-1.0,-1.0,1.0,-1.0,-1.0,-1.0,-1.0,-1.0,1.0,-1.0,-1.0,-1.0,-1.0,1.0,1.0,-1.0,-1.0,1.0,-1.0	0.33884227,-1.2430719,0.55961186,-0.7262148,-0.24969295,-0.3685814,-0.051728215,0.6989064,-0.2710671,-0.634552,-0.6728636,-0.66343045,-1.2317324,1.0844706,-0.7006093,-3.168209,-0.29330683,-0.005151691,0.41922984,1.8321708,-0.03249889,-0.18504879,0.502766,-0.21756558
../data/train_data_mmini/9/Train_0043.jpg	9	-1.0,-1.0,-1.0,-1.0,1.0,-1.0,-1.0,1.0,-1.0,1.0,-1.0,-1.0,-1.0,1.0,1.0,-1.0,1.0,-1.0,-1.0,1.0,-1.0,1.0,1.0,-1.0	-0.01696286,-0.82287306,-0.24357408,-0.46542683,0.07565051,-0.68524534,-0.462397,0.21334559,-0.24675904,0.17929699,-0.8317638,-1.3837011,-0.54901195,0.79658365,0.15730423,-3.6625876,0.39430806,-0.251911,-0.11038427,0.8191423,-0.058739178,0.48387882,0.35530168,-0.091909066
../data/train_data_mmini/9/Train_0044.jpg	9	1.0,-1.0,1.0,-1.0,1.0,-1.0,-1.0,1.0,-1.0,-1.0,-1.0,-1.0,-1.0,1.0,-1.0,-1.0,-1.0,-1.0,1.0,1.0,-1.0,-1.0,1.0,-1.0	0.62886804,-0.86199266,0.032478876,-0.5790922,0.35085383,-0.5441895,-0.2802378,0.8432355,-0.4561162,-0.28174537,-0.7018187,-0.7812686,-1.180105,1.1559259,-0.6108184,-3.6039073,-0.005729396,-0.31989312,0.3540734,1.9745069,-0.30189326,-0.14106119,0.17571324,-0.07032351
../data/train_data_mmini/10/Train_0045.jpg	10	-1.0,-1.0,-1.0,-1.0,1.0,-1.0,-1.0,1.0,-1.0,-1.0,-1.0,-1.0,-1.0,1.0,-1.0,-1.0,1.0,1.0,1.0,1.0,-1.0,-1.0,1.0,1.0	-0.07708466,-1.0135605,-0.066342436,-0.43421438,0.86363035,-0.24785179,-0.2817786,0.9094076,-0.4513112,-0.7126081,-0.46932095,-0.0037248821,-0.8561011,1.1467783,-1.1005993,-2.9307044,0.00068948045,0.043993868,0.012980829,1.9781508,-0.8913285,-0.7221172,0.067103885,0.14726199
../data/train_data_mmini/10/Train_0046.jpg	10	1.0,-1.0,1.0,-1.0,1.0,-1.0,1.0,1.0,-1.0,-1.0,-1.0,1.0,-1.0,1.0,-1.0,-1.0,-1.0,1.0,1.0,1.0,-1.0,-1.0,1.0,1.0	0.18455029,-1.2072123,0.45079628,-0.4915315,0.7518483,-0.19150856,0.024026278,0.7287873,-0.5043293,-1.2638581,-0.57678753,0.5463094,-1.1258876,1.1539845,-1.3254039,-2.3567255,-0.17428963,0.33618456,0.77873635,2.330116,-0.65602034,-0.774145,0.19491151,0.040509343
../data/train_data_mmini/10/Train_0047.jpg	10	-1.0,-1.0,1.0,-1.0,1.0,-1.0,-1.0,1.0,-1.0,-1.0,-1.0,-1.0,-1.0,1.0,-1.0,-1.0,-1.0,1.0,1.0,1.0,-1.0,-1.0,1.0,1.0	-0.05578794,-1.6229724,0.28175867,-0.8304084,0.6774962,-0.6211062,-0.094884254,0.82344323,-0.35656077,-1.1251571,-0.7849863,-0.09672571,-1.4181042,1.3808272,-1.0294474,-3.7295935,-0.07405087,0.12752339,0.46877277,2.7744853,-0.6786764,-0.50273675,0.42609745,0.20821488
../data/train_data_mmini/10/Train_0048.jpg	10	1.0,-1.0,-1.0,-1.0,1.0,-1.0,1.0,1.0,-1.0,-1.0,-1.0,-1.0,-1.0,1.0,-1.0,-1.0,-1.0,-1.0,1.0,1.0,-1.0,-1.0,1.0,1.0	0.47753406,-0.8934698,-0.012599526,-0.45783898,0.8861957,-0.49198735,0.28066033,1.2267582,-0.938612,-0.77017456,-0.2601785,-0.33662015,-0.95227,1.3856224,-1.1553764,-3.123428,-0.36302656,-0.2222298,0.28724462,2.3618214,-0.60781753,-0.39266285,0.27972806,0.1566317
../data/train_data_mmini/10/Train_0049.jpg	10	1.0,-1.0,-1.0,-1.0,1.0,-1.0,-1.0,1.0,-1.0,-1.0,-1.0,-1.0,-1.0,1.0,-1.0,-1.0,1.0,1.0,-1.0,1.0,-1.0,-1.0,1.0,-1.0	0.16876176,-1.0566353,-0.01378355,-0.47357348,0.35417226,-0.4433015,-0.1751623,0.8448948,-0.40375143,-0.40207413,-0.6168117,-0.5659191,-0.70927066,1.0991392,-0.87437785,-3.2520287,0.028984565,0.116661854,-0.058443855,1.7035335,-0.545498,-0.47359425,0.26193863,-0.048500374
