../data/train_data_mmini/1/Train_0000.jpg	1	1.0,-1.0,-1.0,-1.0,-1.0,-1.0,1.0,1.0,-1.0,-1.0,-1.0,1.0,1.0,1.0,-1.0,1.0,1.0,-1.0,1.0,1.0,-1.0,-1.0,-1.0,-1.0	0.4120627,-0.8981807,-2.397206,-7.6885066,-0.91970813,-0.80301714,1.4280062,1.2133312,-0.6687047,-0.9735077,-0.23042627,0.9531227,5.057605,0.2761912,-12.950771,0.14590634,0.2623803,-3.2397807,2.3803272,0.8193544,-0.43327242,-2.152437,-0.55338955,-1.0437006
../data/train_data_mmini/1/Train_0001.jpg	1	1.0,1.0,-1.0,-1.0,-1.0,1.0,-1.0,1.0,-1.0,-1.0,1.0,-1.0,-1.0,1.0,-1.0,1.0,-1.0,1.0,-1.0,-1.0,-1.0,1.0,-1.0,1.0	3.3918178,1.3481466,-2.0913196,-10.700598,-2.783565,4.320244,-0.27788997,3.6903563,-0.2761809,-0.44501907,0.20837161,-3.5150425,-1.3934233,0.29828677,-11.373313,1.2003443,-1.1551546,3.5981896,-1.2133223,-2.3088095,-2.498499,3.2822084,-2.1971066,2.8522558
../data/train_data_mmini/1/Train_0002.jpg	1	1.0,-1.0,-1.0,-1.0,-1.0,1.0,1.0,-1.0,1.0,1.0,1.0,-1.0,1.0,1.0,-1.0,-1.0,-1.0,1.0,1.0,1.0,1.0,1.0,-1.0,-1.0	2.7927783,-2.0763066,-3.567299,-12.507523,-1.9573414,0.21890676,1.350254,-1.0208228,0.106272385,0.94679075,1.3317109,-0.93586904,3.207807,3.093974,-9.579562,-2.8012025,-0.6054777,1.138659,1.1936535,2.696602,0.59683216,0.11641513,-1.7828969,-0.7525513
../data/train_data_mmini/1/Train_0003.jpg	1	-1.0,-1.0,-1.0,-1.0,1.0,1.0,1.0,1.0,-1.0,1.0,-1.0,-1.0,1.0,-1.0,-1.0,1.0,1.0,-1.0,1.0,-1.0,-1.0,-1.0,1.0,-1.0	-0.8232,-0.67038274,-0.44387275,-8.673344,2.090481,1.4057744,0.9868302,4.351181,-1.4573443,0.38666877,-1.3188672,-1.0842699,4.494572,-1.6831468,-13.811643,3.2473216,0.99959964,-3.029522,0.7230479,-2.8282013,-1.182891,-2.3101478,0.42769322,-1.6040047
../data/train_data_mmini/1/Train_0004.jpg	1	1.0,-1.0,-1.0,-1.0,-1.0,-1.0,1.0,1.0,-1.0,-1.0,-1.0,-1.0,1.0,-1.0,-1.0,-1.0,1.0,-1.0,1.0,1.0,-1.0,-1.0,-1.0,1.0	0.7028245,-2.3525546,-1.2830125,-7.6093316,-0.19353797,-0.5615454,1.0244558,0.2197672,-3.313289,-0.5865777,-0.82109267,-0.9937385,4.128445,-1.6182379,-14.312696,-0.76379293,1.9737659,-3.120126,2.9371078,0.7131232,-1.8113092,-3.3265543,-0.19283678,2.0922737
../data/train_data_mmini/2/Train_0005.jpg	2	-1.0,1.0,-1.0,-1.0,-1.0,1.0,-1.0,1.0,1.0,-1.0,-1.0,1.0,1.0,1.0,-1.0,1.0,1.0,-1.0,-1.0,1.0,-1.0,-1.0,-1.0,1.0	-0.29925638,3.6981487,-0.54174405,-5.4101768,-1.7410612,7.31722,-1.0026097,3.9599135,2.96656,-2.7662342,-2.8489668,0.8646116,1.1939361,2.6118731,-9.405429,0.097344264,0.8773085,-0.78022295,-1.1403172,1.398411,-1.7091277,-2.3682034,-1.250913,0.9095974
../data/train_data_mmini/2/Train_0006.jpg	2	-1.0,1.0,-1.0,-1.0,1.0,1.0,-1.0,1.0,1.0,1.0,1.0,1.0,-1.0,1.0,-1.0,-1.0,1.0,1.0,-1.0,1.0,1.0,-1.0,1.0,1.0	-1.8061036,0.6949167,-1.3070023,-6.4908676,1.0356371,4.6277614,-0.36392862,2.1512878,4.946396,0.23006545,0.8102328,2.2397673,-0.14680044,4.5013156,-9.3782215,-1.9726249,0.995971,1.3494928,-0.59865284,2.645566,1.3644295,-0.75827557,2.1772158,1.1499696
../data/train_data_mmini/2/Train_0007.jpg	2	-1.0,1.0,-1.0,-1.0,-1.0,1.0,-1.0,1.0,-1.0,-1.0,-1.0,-1.0,1.0,-1.0,-1.0,-1.0,1.0,-1.0,1.0,-1.0,-1.0,-1.0,-1.0,-1.0	-0.7388873,1.7303846,-1.0695907,-8.268781,-0.48058987,3.643964,-0.82553446,0.7542531,-1.9416687,-1.144826,-3.1117446,-0.7001103,1.8954905,-2.2753072,-9.34299,-0.74119043,1.4065181,-3.3156075,1.3010563,-2.1688392,-1.8560095,-2.2079506,-0.35534075,-0.27656746
../data/train_data_mmini/2/Train_0008.jpg	2	1.0,1.0,-1.0,-1.0,-1.0,1.0,1.0,-1.0,-1.0,1.0,-1.0,1.0,1.0,-1.0,-1.0,-1.0,-1.0,-1.0,1.0,1.0,1.0,-1.0,1.0,-1.0	1.3913829,1.0641803,-1.2755294,-10.167772,-0.49308705,4.403251,0.21762393,-4.0269675,-2.4787736,1.1587611,-0.81449753,1.0093493,0.73892266,-0.19916216,-8.662164,-5.051928,-0.19998787,-2.312281,1.3223358,3.332679,1.2960587,-3.8043063,0.586405,-1.9703368
../data/train_data_mmini/2/Train_0009.jpg	2	-1.0,-1.0,1.0,-1.0,1.0,1.0,1.0,-1.0,-1.0,1.0,1.0,-1.0,1.0,1.0,-1.0,1.0,-1.0,1.0,-1.0,1.0,-1.0,-1.0,1.0,-1.0	-2.2469263,-2.8465736,1.9237889,-5.6074862,5.3268375,2.7308216,2.324891,-1.9237309,-2.0984933,1.9466703,1.281955,-2.2858064,0.18863316,0.91152877,-7.892517,0.52068347,-1.1362245,0.41813025,-1.1507927,2.6767306,-0.23161778,-3.8415132,0.41813037,-0.2931526
../data/train_data_mmini/3/Train_0010.jpg	3	-1.0,1.0,1.0,-1.0,1.0,1.0,1.0,-1.0,-1.0,1.0,-1.0,-1.0,-1.0,-1.0,-1.0,-1.0,-1.0,1.0,1.0,1.0,1.0,-1.0,1.0,1.0	-0.84571654,0.075223885,1.2872711,-4.9298205,3.0968,7.2082453,1.7793571,-2.67931,-4.85606,0.5514048,-1.8419949,-4.285217,-3.8414376,-2.2311287,-7.6153164,-2.826266,-1.689644,0.013409421,0.070120454,2.2956822,0.4422981,-3.8833957,0.7712588,0.900515
../data/train_data_mmini/3/Train_0011.jpg	3	1.0,-1.0,-1.0,-1.0,-1.0,1.0,1.0,-1.0,1.0,-1.0,-1.0,-1.0,1.0,-1.0,-1.0,-1.0,1.0,1.0,-1.0,1.0,-1.0,1.0,-1.0,1.0	2.3976247,-3.2306378,-3.3638313,-12.592184,-1.9151771,1.5042775,1.9060746,-0.6794265,0.659462,-0.13712104,-1.3875183,-3.7432232,1.9314029,-0.2111477,-4.178774,-2.971626,0.6212987,1.4682109,-0.35091445,0.9957813,-3.4928381,0.3353915,-2.46605,2.2101269
../data/train_data_mmini/3/Train_0012.jpg	3	1.0,-1.0,-1.0,-1.0,-1.0,-1.0,1.0,1.0,-1.0,1.0,1.0,-1.0,1.0,1.0,-1.0,1.0,-1.0,1.0,1.0,1.0,1.0,1.0,-1.0,1.0	4.3759246,-1.9418577,-5.6515493,-10.150642,-2.2165213,-4.2927055,4.2622247,5.203142,-1.4346107,1.0945584,2.4091794,-3.7354615,2.5079503,0.0064426027,-12.24253,3.1278684,-1.5167469,4.645684,2.6768627,0.22759496,0.058773506,3.060945,-0.43646327,0.34676313
../data/train_data_mmini/3/Train_0013.jpg	3	1.0,-1.0,-1.0,-1.0,-1.0,1.0,-1.0,-1.0,1.0,1.0,1.0,1.0,-1.0,1.0,-1.0,-1.0,1.0,1.0,-1.0,1.0,1.0,1.0,-1.0,1.0	2.8642836,-2.1248515,-0.16682991,-6.964115,-1.711913,0.9690735,-0.31165385,-2.2292893,2.7913234,0.6875034,3.457051,1.5848681,-0.8760714,3.8234096,-9.432514,-2.4359677,0.09801796,2.1256661,-0.55708236,2.6505659,1.6417971,1.4473846,-0.51906776,2.1687033
../data/train_data_mmini/3/Train_0014.jpg	3	-1.0,-1.0,-1.0,-1.0,1.0,1.0,1.0,1.0,-1.0,1.0,-1.0,-1.0,1.0,1.0,-1.0,-1.0,-1.0,1.0,-1.0,1.0,-1.0,-1.0,1.0,1.0	-2.050245,-2.1157007,-0.5467225,-9.047112,3.7827604,6.770263,0.45637757,1.6508944,-1.7923753,2.411767,-1.7296622,-2.771035,1.4616035,1.5988386,-6.770756,-3.4956956,-0.812873,0.32229975,-2.0655797,0.50359815,-1.321519,-1.2419645,2.360374,1.8509456
../data/train_data_mmini/4/Train_0015.jpg	4	1.0,1.0,-1.0,-1.0,-1.0,-1.0,1.0,1.0,-1.0,1.0,-1.0,-1.0,1.0,-1.0,-1.0,-1.0,1.0,1.0,1.0,-1.0,1.0,1.0,1.0,1.0	2.9697335,0.0853234,-4.1139646,-11.419522,-2.1435428,-1.1508265,1.8070072,5.9087915,-1.0993958,3.0695863,-0.108132035,-1.3902456,2.2998366,-0.2921113,-11.122467,-1.76055,2.0053446,2.6152792,2.2088184,-0.4672525,2.0482378,1.7335517,3.8841126,0.07882638
../data/train_data_mmini/4/Train_0016.jpg	4	1.0,1.0,-1.0,-1.0,-1.0,1.0,1.0,1.0,1.0,-1.0,-1.0,-1.0,1.0,1.0,-1.0,1.0,-1.0,1.0,1.0,1.0,-1.0,-1.0,-1.0,-1.0	1.0995375,2.8569822,-3.8880723,-9.941251,-0.20810033,3.459299,2.6477344,2.4579196,0.5029198,-0.82179374,-1.0829835,-0.13305582,3.7484622,3.3756769,-9.618822,1.5620296,-2.121605,0.7633373,0.48122662,2.543707,-1.9588145,-1.4508393,-2.1449084,-2.3770716
../data/train_data_mmini/4/Train_0017.jpg	4	1.0,1.0,-1.0,-1.0,-1.0,-1.0,1.0,1.0,1.0,1.0,1.0,-1.0,1.0,1.0,-1.0,1.0,-1.0,1.0,1.0,1.0,1.0,1.0,-1.0,1.0	2.6518009,0.040769015,-3.5723815,-7.3205366,-2.0842316,-0.59891516,2.1098392,3.219241,0.98310155,0.5572127,1.7739232,-0.98848134,1.585844,3.5143747,-9.607863,0.8266089,-1.3901464,3.5848293,0.6346232,2.8290997,0.30750734,1.4624288,-0.97616214,0.79879546
../data/train_data_mmini/4/Train_0018.jpg	4	-1.0,1.0,-1.0,-1.0,-1.0,1.0,-1.0,1.0,-1.0,-1.0,-1.0,-1.0,-1.0,1.0,-1.0,-1.0,1.0,-1.0,-1.0,-1.0,-1.0,-1.0,1.0,1.0	-0.8551313,1.166226,-0.5463953,-3.5587041,-1.3781441,5.3071265,-1.5868367,3.793557,-0.1860904,-0.5451879,-2.7844567,-2.3052058,-0.845633,0.56115955,-6.106336,-1.3342315,1.2245291,-0.19081658,-0.102142334,-0.75198096,-1.1381454,-0.5115402,0.37757865,2.3439794
../data/train_data_mmini/4/Train_0019.jpg	4	-1.0,-1.0,1.0,-1.0,1.0,1.0,-1.0,1.0,1.0,1.0,1.0,1.0,-1.0,1.0,-1.0,-1.0,1.0,1.0,-1.0,1.0,-1.0,1.0,1.0,1.0	-1.2276711,-2.334504,1.2803764,-8.692232,2.8428457,5.050222,-1.0263994,1.0106056,4.938433,1.9516053,2.6654282,0.5670602,-1.0680337,4.8488016,-10.342618,-1.0723846,1.4463022,2.8597074,-2.8833392,0.62756926,-0.4371932,0.73062307,1.2356554,2.676273
../data/train_data_mmini/5/Train_0020.jpg	5	-1.0,1.0,1.0,-1.0,-1.0,1.0,-1.0,1.0,1.0,-1.0,-1.0,-1.0,1.0,1.0,-1.0,1.0,1.0,-1.0,-1.0,-1.0,-1.0,-1.0,-1.0,1.0	-0.42815423,2.93982,0.25461897,-9.786065,-1.4553156,6.595261,-1.5657388,2.7889943,0.04211692,-2.4818025,-2.953976,-0.6357711,1.7343568,0.7172367,-18.457375,0.706449,1.0151188,-1.7631038,-0.013229099,-1.1523745,-3.5318875,-2.4853253,-2.9442508,1.8492436
../data/train_data_mmini/5/Train_0021.jpg	5	-1.0,-1.0,1.0,-1.0,1.0,1.0,-1.0,-1.0,1.0,1.0,-1.0,1.0,1.0,-1.0,-1.0,-1.0,1.0,-1.0,-1.0,-1.0,-1.0,-1.0,1.0,1.0	-0.05063568,-2.5790222,0.42746064,-11.226116,0.78476673,0.97677565,-1.4379617,-0.2438138,1.8308568,0.95554703,-0.78610694,0.8928248,2.7058892,-1.4276608,-12.171568,-2.4269083,5.042398,-2.2991002,-0.08818194,-0.77404225,-0.2318586,-1.7263132,1.7681034,2.1740246
../data/train_data_mmini/5/Train_0022.jpg	5	1.0,1.0,-1.0,-1.0,1.0,1.0,1.0,-1.0,-1.0,1.0,-1.0,-1.0,-1.0,-1.0,-1.0,-1.0,-1.0,1.0,1.0,1.0,1.0,-1.0,1.0,-1.0	0.4888559,2.46797,-0.16767606,-9.449352,1.1111944,5.729254,0.037957687,-1.4590743,-3.5678878,1.5727634,-1.04091,-1.4243964,-1.7020264,-0.9636876,-9.380328,-2.31249,-0.89845836,0.20669153,0.5345751,0.20679758,0.43873578,-1.5298083,0.40874967,-1.1113133
../data/train_data_mmini/5/Train_0023.jpg	5	-1.0,1.0,1.0,-1.0,1.0,1.0,-1.0,1.0,-1.0,-1.0,-1.0,-1.0,1.0,-1.0,-1.0,1.0,1.0,-1.0,1.0,-1.0,-1.0,-1.0,-1.0,1.0	-1.4438412,0.3778201,1.6400058,-7.1077795,0.31701815,3.4283247,-0.9705585,1.9039197,-1.7140732,-1.4305811,-2.4641893,-0.7542334,0.7630418,-3.4969735,-14.578178,1.2114894,3.8147273,-2.6046524,0.19749281,-2.7606893,-4.274047,-2.5962708,-0.70952785,4.252422
../data/train_data_mmini/5/Train_0024.jpg	5	1.0,-1.0,-1.0,-1.0,-1.0,-1.0,1.0,1.0,-1.0,-1.0,-1.0,-1.0,1.0,-1.0,-1.0,-1.0,1.0,-1.0,1.0,-1.0,-1.0,-1.0,1.0,1.0	0.21739955,-3.5625136,-0.9550811,-6.5507092,-0.3451494,-2.4055722,0.48938167,1.026784,-1.1871608,-0.2396213,-1.1832108,-0.52419275,5.9099274,-1.2549906,-9.402683,-0.017243015,3.156991,-4.95712,2.665909,-0.6985625,-0.27365577,-2.8080914,0.59967667,0.13965517
../data/train_data_mmini/6/Train_0025.jpg	6	-1.0,-1.0,-1.0,-1.0,1.0,1.0,1.0,1.0,1.0,1.0,-1.0,-1.0,1.0,1.0,-1.0,-1.0,-1.0,1.0,-1.0,1.0,1.0,1.0,1.0,-1.0	-0.11557169,-0.67084485,-1.9858308,-5.155614,0.46759766,2.9972334,1.0171583,3.2173743,1.1797738,0.8440257,-0.485128,-1.3798901,2.387191,2.6246233,-4.121953,-0.6140555,-1.170455,1.6155902,-1.7489684,0.1399964,0.21765721,0.06764649,0.76930755,-0.09060581
../data/train_data_mmini/6/Train_0026.jpg	6	1.0,-1.0,1.0,-1.0,1.0,1.0,-1.0,1.0,-1.0,1.0,-1.0,-1.0,1.0,-1.0,-1.0,1.0,1.0,-1.0,1.0,-1.0,-1.0,-1.0,1.0,1.0	0.16382314,-0.035975616,0.62105846,-6.067483,1.9433383,2.5568852,-0.5024538,1.6681961,-2.6799142,0.75550514,-0.9034567,-2.583308,1.6550778,-0.88993204,-7.6521635,1.5498158,0.5948129,-1.3031611,0.0051406347,-1.7875395,-1.9617336,-2.3463392,0.45741293,0.92262644
../data/train_data_mmini/6/Train_0027.jpg	6	-1.0,-1.0,-1.0,-1.0,1.0,1.0,1.0,1.0,-1.0,1.0,-1.0,-1.0,-1.0,1.0,-1.0,-1.0,-1.0,1.0,-1.0,1.0,-1.0,-1.0,1.0,1.0	-1.2221103,-1.4272848,-2.1309426,-8.154959,3.601225,7.4908304,2.7571862,2.3581953,-2.191277,1.4896864,-3.4721174,-5.803189,-0.5341612,0.008446779,-6.0263968,-2.0414913,-2.2098393,2.7028973,-1.6592418,0.8569398,-0.6871794,-0.28033534,1.4867833,0.7766788
../data/train_data_mmini/6/Train_0028.jpg	6	1.0,-1.0,-1.0,-1.0,-1.0,1.0,1.0,-1.0,-1.0,-1.0,-1.0,-1.0,1.0,1.0,-1.0,-1.0,-1.0,-1.0,1.0,1.0,-1.0,-1.0,-1.0,1.0	0.6882384,-0.285022,-1.6942445,-8.9545765,-0.62511945,3.7357674,1.4314345,-1.4937694,-1.4512181,-0.8909349,-2.2277539,-1.1192024,3.3092477,0.7793258,-6.520307,-2.7827294,-0.5837272,-2.3635094,0.91008776,2.873705,-3.1240141,-3.811202,-2.381066,0.38986176
../data/train_data_mmini/6/Train_0029.jpg	6	1.0,-1.0,-1.0,-1.0,1.0,-1.0,1.0,-1.0,-1.0,1.0,1.0,-1.0,1.0,1.0,-1.0,-1.0,-1.0,1.0,1.0,1.0,1.0,-1.0,-1.0,-1.0	1.1816244,-1.7538508,-0.3420499,-3.0978742,0.085062854,-0.76819116,0.967741,-1.6161219,-0.33283564,0.9498736,1.3915367,-0.4440017,0.9015489,1.1381019,-3.147648,-0.8175997,-0.73920995,0.5242185,0.222748,1.9212391,1.1064508,-0.18827473,-0.09679129,-0.14565691
../data/train_data_mmini/7/Train_0030.jpg	7	-1.0,1.0,-1.0,-1.0,1.0,1.0,1.0,1.0,1.0,1.0,1.0,-1.0,1.0,1.0,-1.0,1.0,-1.0,1.0,-1.0,-1.0,1.0,1.0,1.0,-1.0	-0.99031234,0.3713114,-1.4904635,-7.5311956,0.84525853,4.3968935,0.8362152,4.052956,2.55322,1.3211863,0.010711505,-0.5945397,0.84956,2.8853838,-7.99687,0.52153623,-0.2748693,2.0171947,-1.9858736,-1.0792164,1.3150208,0.77496505,0.74303067,-1.6860859
../data/train_data_mmini/7/Train_0031.jpg	7	1.0,1.0,-1.0,-1.0,-1.0,1.0,1.0,1.0,-1.0,-1.0,-1.0,1.0,1.0,1.0,-1.0,-1.0,-1.0,-1.0,1.0,1.0,1.0,-1.0,-1.0,-1.0	1.6356163,3.8447244,-1.767979,-4.319249,-1.6500404,2.7295337,1.3128625,0.008656479,-1.7914485,-0.40384018,-0.20713402,1.296228,1.3192048,2.9043994,-10.913801,-0.6141686,-2.3551593,-1.4488769,1.7193992,3.294097,1.0189297,-3.146994,-1.6540979,-1.8371953
../data/train_data_mmini/7/Train_0032.jpg	7	1.0,-1.0,-1.0,-1.0,-1.0,1.0,1.0,-1.0,-1.0,1.0,-1.0,-1.0,1.0,1.0,-1.0,-1.0,1.0,1.0,1.0,1.0,-1.0,-1.0,-1.0,1.0	2.0757272,-0.8734332,-1.854937,-12.167917,-0.6049783,3.7425764,0.7042375,-0.99689376,-1.2009306,0.83181846,-1.2501498,-3.7059042,1.0488591,0.2809851,-7.307973,-3.6221795,0.42086816,1.0016952,0.8302801,2.2368965,-0.46302015,-2.0564158,-0.6876664,0.7796635
../data/train_data_mmini/7/Train_0033.jpg	7	-1.0,-1.0,1.0,-1.0,1.0,1.0,1.0,1.0,-1.0,-1.0,-1.0,-1.0,1.0,1.0,-1.0,1.0,-1.0,-1.0,1.0,1.0,-1.0,-1.0,-1.0,-1.0	-2.7695827,-1.7624723,0.6090807,-3.8720002,3.4074852,2.0221167,1.8835325,0.47570917,-1.6503578,-0.53082615,-1.1925257,-2.0888567,2.837783,0.74004644,-7.041844,1.6624529,-0.7270515,-1.3140227,0.44933686,1.2253373,-1.3377057,-3.3426063,-0.048411332,-0.4889889
../data/train_data_mmini/7/Train_0034.jpg	7	1.0,-1.0,-1.0,-1.0,1.0,1.0,1.0,-1.0,-1.0,1.0,-1.0,-1.0,1.0,-1.0,-1.0,-1.0,1.0,-1.0,-1.0,1.0,-1.0,-1.0,1.0,1.0	0.76464164,-1.3447787,-0.9699594,-12.184873,0.07838189,5.405889,1.7304848,-0.30093253,-1.9811978,0.42626804,-3.887291,-4.660741,3.0016863,-1.8727368,-3.2791312,-3.0400865,1.5573685,-1.9136133,-0.8366352,0.045554865,-5.386468,-3.0789678,0.06533573,1.5127633
../data/train_data_mmini/8/Train_0035.jpg	8	1.0,-1.0,1.0,-1.0,1.0,1.0,1.0,1.0,-1.0,1.0,1.0,-1.0,-1.0,-1.0,-1.0,-1.0,1.0,1.0,-1.0,1.0,1.0,1.0,1.0,1.0	0.28281844,-0.049894992,0.34424922,-4.9741945,0.5955285,2.617007,0.5499946,0.20983429,-0.8745058,1.1141903,0.2551219,-2.031071,-2.411586,-0.6000874,-3.591039,-1.8256463,0.60027593,2.6790755,-0.06545812,0.87876654,0.6644671,0.4077636,1.1366271,1.750449
../data/train_data_mmini/8/Train_0036.jpg	8	-1.0,1.0,-1.0,-1.0,1.0,1.0,1.0,1.0,-1.0,1.0,-1.0,-1.0,1.0,1.0,-1.0,-1.0,-1.0,-1.0,-1.0,1.0,1.0,-1.0,1.0,-1.0	-0.2059265,1.487847,-2.0687463,-4.4507356,0.43386617,3.544278,0.97473425,1.410657,-0.034042526,0.71430326,-1.0448805,-0.466509,1.6975957,2.5243418,-2.7817864,-1.1845446,-1.1011385,-0.042534694,-0.24217312,1.6033053,0.46948087,-1.3332902,0.4018874,-1.5648835
../data/train_data_mmini/8/Train_0037.jpg	8	1.0,-1.0,-1.0,-1.0,1.0,1.0,1.0,-1.0,-1.0,-1.0,-1.0,-1.0,1.0,-1.0,-1.0,-1.0,1.0,-1.0,1.0,1.0,-1.0,-1.0,-1.0,1.0	0.5715038,-0.6744411,-0.9728196,-7.4167976,0.25012112,1.6418025,0.59219986,-0.16250679,-0.5938049,-0.4221021,-1.7068058,-1.925696,3.24998,-0.1097239,-4.4246626,-0.89205784,0.41283768,-1.4426208,0.7578138,0.70051867,-2.2606704,-2.3984098,-1.3057919,0.10621363
../data/train_data_mmini/8/Train_0038.jpg	8	1.0,1.0,-1.0,-1.0,1.0,1.0,1.0,-1.0,-1.0,1.0,1.0,-1.0,1.0,1.0,-1.0,-1.0,-1.0,1.0,1.0,1.0,1.0,-1.0,1.0,-1.0	2.6973999,2.8515291,-1.9637301,-10.874847,1.1738002,2.864993,1.9909817,-0.2304955,-3.040114,2.6996884,0.72714317,-1.205468,0.9487693,1.0951321,-7.899322,-2.7827349,-0.59876716,1.1038034,1.7576195,3.7064788,1.7593516,-2.7425587,1.7578119,-2.4843035
../data/train_data_mmini/8/Train_0039.jpg	8	1.0,-1.0,-1.0,-1.0,-1.0,1.0,1.0,1.0,1.0,1.0,1.0,-1.0,-1.0,1.0,-1.0,-1.0,1.0,1.0,-1.0,1.0,1.0,1.0,1.0,1.0	0.14646538,-1.262623,-0.72151744,-1.5905116,-0.34751254,0.32648373,0.4379372,1.3588685,0.9266415,0.40312526,0.13474281,-0.67309946,-0.47443053,0.62799567,-2.2700562,-0.57222515,0.12111594,1.6568038,-0.38120052,0.06245243,0.46781546,1.0751948,0.57745486,1.505733
../data/train_data_mmini/9/Train_0040.jpg	9	1.0,-1.0,-1.0,-1.0,1.0,1.0,-1.0,1.0,-1.0,1.0,-1.0,-1.0,1.0,1.0,-1.0,-1.0,1.0,-1.0,1.0,-1.0,1.0,-1.0,1.0,1.0	0.4469546,-1.9506253,-0.9682707,-11.1109705,1.0136079,3.0236216,-0.12844856,0.81131065,-1.0579106,1.9501026,-0.6489787,-2.2643142,2.3106391,0.20169082,-11.036592,-1.4157934,0.7906793,-0.25610012,0.29381225,-1.3369422,0.35668296,-0.46159914,0.3283541,0.07157199
../data/train_data_mmini/9/Train_0041.jpg	9	1.0,1.0,1.0,-1.0,-1.0,1.0,1.0,-1.0,1.0,-1.0,-1.0,-1.0,-1.0,1.0,-1.0,-1.0,-1.0,1.0,-1.0,1.0,-1.0,-1.0,-1.0,1.0	0.92894304,0.042116184,0.23214003,-6.3722787,-0.9802402,7.851062,0.55304,-1.2409842,1.4575305,-2.9064286,-2.2824125,-2.9518569,-2.3493903,0.93702775,-8.793419,-0.19695346,-2.2566252,0.79406327,-1.7573174,1.6927712,-3.3621223,-0.3160877,-5.2993417,2.0949008
../data/train_data_mmini/9/Train_0042.jpg	9	1.0,-1.0,-1.0,-1.0,-1.0,-1.0,1.0,1.0,-1.0,1.0,-1.0,-1.0,1.0,-1.0,-1.0,-1.0,1.0,-1.0,1.0,-1.0,1.0,1.0,1.0,1.0	3.6463406,-2.185461,-4.187492,-12.322936,-3.3683639,-1.5461192,1.0783709,2.1784754,-1.6367831,1.6567525,-0.46980056,-1.7564946,3.4760942,-1.6075089,-12.304213,-2.597485,2.4631088,-0.45586792,2.3902428,-0.8296968,0.2964421,0.3214098,1.3545548,1.1235912
../data/train_data_mmini/9/Train_0043.jpg	9	-1.0,1.0,-1.0,-1.0,1.0,1.0,-1.0,1.0,1.0,-1.0,-1.0,1.0,-1.0,1.0,-1.0,-1.0,1.0,1.0,-1.0,1.0,-1.0,-1.0,1.0,1.0	-1.8518921,1.6539855,-0.84622663,-8.412332,0.71297467,7.601422,-0.92070377,2.3152242,2.2682705,-0.039110452,-2.1899805,0.32320705,-1.3137456,0.42619634,-8.79452,-3.6294587,2.1852307,0.19579925,-0.84290236,0.69172585,-0.02485184,-1.3064934,2.4164836,1.9830599
../data/train_data_mmini/9/Train_0044.jpg	9	1.0,-1.0,-1.0,-1.0,1.0,1.0,1.0,1.0,1.0,1.0,1.0,-1.0,1.0,1.0,-1.0,1.0,-1.0,1.0,-1.0,1.0,1.0,1.0,1.0,1.0	0.13125958,-2.3941507,-1.733943,-6.973031,1.3054357,1.6055887,2.4745307,4.4474635,0.068082795,3.1397264,0.7579965,-1.5605571,0.54077536,1.2276794,-10.797685,0.051683735,-0.29857576,3.176578,-0.51903737,0.48892426,2.4352512,0.65568465,2.6724672,0.81028074
../data/train_data_mmini/10/Train_0045.jpg	10	-1.0,-1.0,-1.0,-1.0,1.0,-1.0,1.0,1.0,-1.0,-1.0,-1.0,-1.0,1.0,1.0,-1.0,1.0,-1.0,1.0,1.0,1.0,-1.0,-1.0,1.0,1.0	-0.07444478,-0.0073563852,-0.535667,-0.6265662,0.13105458,-0.0661284,0.8022757,0.23772112,-0.35802123,-0.054862782,-0.07117173,-0.38859728,0.38401285,0.44720575,-0.5667716,0.06742366,-0.17113185,0.38035917,0.40948918,0.668145,-0.17183575,-0.117586024,0.38842204,0.045381837
../data/train_data_mmini/10/Train_0046.jpg	10	1.0,-1.0,-1.0,-1.0,1.0,1.0,1.0,1.0,-1.0,1.0,1.0,-1.0,1.0,1.0,-1.0,-1.0,-1.0,1.0,1.0,1.0,-1.0,-1.0,1.0,1.0	0.23093946,-2.7668285,-1.8007467,-5.7925014,1.10389,0.58804226,2.6510663,0.16037677,-0.30832222,1.2729446,0.105435334,-1.5249093,1.872014,0.96906924,-4.8228703,-2.304619,-0.12198719,1.3756871,0.27376622,4.4558015,-0.0091833575,-2.0094743,0.9380352,1.605288
../data/train_data_mmini/10/Train_0047.jpg	10	1.0,1.0,-1.0,-1.0,-1.0,1.0,1.0,1.0,1.0,1.0,-1.0,1.0,1.0,1.0,-1.0,-1.0,1.0,-1.0,1.0,1.0,-1.0,-1.0,1.0,1.0	0.33071983,1.1945249,-2.6132548,-4.064971,-0.98168314,1.0781143,1.0326862,1.468059,0.33139333,0.08203864,-2.1803463,1.8753368,3.8163323,0.2594355,-4.0673556,-2.7300801,1.5605663,-2.5971115,1.2470428,3.0421968,-0.541837,-3.4264417,2.0860732,0.56993955
../data/train_data_mmini/10/Train_0048.jpg	10	1.0,1.0,-1.0,-1.0,1.0,1.0,1.0,1.0,-1.0,1.0,1.0,-1.0,1.0,1.0,-1.0,-1.0,-1.0,1.0,-1.0,1.0,1.0,-1.0,1.0,-1.0	0.3293414,0.051839095,-1.77268,-2.7122874,1.5869961,1.3524985,2.1428227,1.57416,-0.5521744,1.714059,0.6683028,-0.24767423,1.0080924,2.0604465,-3.558296,-0.8464616,-0.732278,1.7088487,-0.014416215,2.743914,1.4859779,-1.0741038,2.1004264,-0.008070895
../data/train_data_mmini/10/Train_0049.jpg	10	1.0,-1.0,-1.0,-1.0,-1.0,1.0,1.0,-1.0,-1.0,1.0,-1.0,-1.0,-1.0,-1.0,-1.0,-1.0,-1.0,1.0,-1.0,1.0,1.0,1.0,1.0,1.0	0.5398678,-1.3239161,-0.26528823,-4.128066,-0.034870423,1.63637,0.9200129,-0.7472232,-0.82358783,0.88900685,-0.1907952,-1.2481757,-1.0133654,-0.7020262,-1.6542234,-2.794946,-0.094431944,1.4134856,-0.4344169,1.2958472,0.08841978,0.08373596,0.8602306,1.2188038
