../data/train_data_mmini/1/Train_0000.jpg	1	-1.0,1.0,-1.0,1.0,-1.0,-1.0,1.0,-1.0	-1.3746963,1.7911956,-3.857429,2.3001027,-0.28914726,-0.76048493,10.493493,-2.902163
../data/train_data_mmini/1/Train_0001.jpg	1	-1.0,-1.0,-1.0,1.0,-1.0,-1.0,1.0,1.0	-4.4069586,-4.099281,-1.2168741,4.481555,-0.6953097,-1.8708881,11.1049185,0.6342583
../data/train_data_mmini/1/Train_0002.jpg	1	1.0,-1.0,-1.0,1.0,-1.0,-1.0,1.0,-1.0	2.2317083,-4.388814,-3.319968,4.7253137,-2.8961568,-2.894067,8.730735,-1.0148528
../data/train_data_mmini/1/Train_0003.jpg	1	-1.0,1.0,-1.0,1.0,-1.0,1.0,1.0,-1.0	-4.099668,1.7926153,-2.0774026,1.0842576,-1.3255205,0.9996299,12.468496,-4.199588
../data/train_data_mmini/1/Train_0004.jpg	1	-1.0,-1.0,-1.0,-1.0,1.0,1.0,1.0,-1.0	-2.7308075,-0.3799115,-0.8673839,-0.17909934,1.9820529,0.9418337,12.008001,-3.1406944
../data/train_data_mmini/2/Train_0005.jpg	2	-1.0,-1.0,1.0,1.0,-1.0,1.0,1.0,1.0	-1.3847893,-0.72640467,0.24513526,1.3604428,-2.5753481,0.29186064,7.846703,0.32523483
../data/train_data_mmini/2/Train_0006.jpg	2	1.0,-1.0,1.0,1.0,-1.0,-1.0,1.0,1.0	2.0817733,-0.3246805,1.1545618,1.7138536,-1.621759,-0.80589306,6.7669697,1.728649
../data/train_data_mmini/2/Train_0007.jpg	2	-1.0,1.0,-1.0,-1.0,1.0,1.0,1.0,-1.0	-1.6252863,4.2327814,-3.549989,-1.272276,1.3624009,1.8451215,9.359309,-0.02134565
../data/train_data_mmini/2/Train_0008.jpg	2	1.0,-1.0,-1.0,1.0,1.0,-1.0,1.0,1.0	2.8483782,-0.9168099,-0.43143934,0.5071814,2.8364086,-1.4036638,10.297413,0.90097106
../data/train_data_mmini/2/Train_0009.jpg	2	-1.0,1.0,-1.0,1.0,-1.0,-1.0,1.0,1.0	-1.8216732,3.2252855,-0.5255999,0.8724992,-0.68043953,-0.014650464,6.657372,0.7826729
../data/train_data_mmini/3/Train_0010.jpg	3	-1.0,-1.0,1.0,-1.0,1.0,-1.0,1.0,1.0	-2.618745,-2.7535884,2.549471,-0.9030404,2.7060697,-0.13382015,7.575292,3.1281843
../data/train_data_mmini/3/Train_0011.jpg	3	1.0,-1.0,-1.0,1.0,1.0,-1.0,1.0,-1.0	0.6626471,-5.277711,-1.4153695,0.7653293,0.45490468,-0.3498467,6.6906757,-3.0098178
../data/train_data_mmini/3/Train_0012.jpg	3	-1.0,-1.0,1.0,1.0,-1.0,1.0,1.0,-1.0	-2.5295022,-3.5039852,1.1283231,4.106071,-2.5609384,0.38375822,6.773444,-5.3188157
../data/train_data_mmini/3/Train_0013.jpg	3	1.0,-1.0,1.0,1.0,-1.0,-1.0,1.0,1.0	2.8349793,-2.6955385,2.2337255,4.531308,-1.4736407,-3.097524,9.676553,0.9785258
../data/train_data_mmini/3/Train_0014.jpg	3	1.0,-1.0,1.0,-1.0,1.0,-1.0,1.0,1.0	1.6598313,-3.1634922,0.48307523,-1.4605443,0.43095204,-0.23704481,9.819354,1.7755269
../data/train_data_mmini/4/Train_0015.jpg	4	1.0,-1.0,-1.0,1.0,-1.0,-1.0,1.0,-1.0	1.4576766,-1.2395223,-0.031335823,3.3714736,-0.42680874,-1.4716308,7.840301,-3.3290195
../data/train_data_mmini/4/Train_0016.jpg	4	-1.0,-1.0,-1.0,1.0,-1.0,1.0,1.0,1.0	-2.0454152,-3.464325,-0.19486798,2.578621,-2.6549857,0.9108958,7.724715,1.0200448
../data/train_data_mmini/4/Train_0017.jpg	4	1.0,-1.0,-1.0,1.0,-1.0,-1.0,1.0,-1.0	0.38298482,-3.4286041,-1.046566,2.614528,-2.8586383,-0.98942566,5.564844,-0.9039792
../data/train_data_mmini/4/Train_0018.jpg	4	-1.0,-1.0,-1.0,-1.0,1.0,1.0,1.0,1.0	-0.40839154,-0.44943225,-1.3810176,-1.4143629,0.5844659,0.59769446,6.164126,0.63886976
../data/train_data_mmini/4/Train_0019.jpg	4	1.0,-1.0,1.0,1.0,-1.0,-1.0,1.0,1.0	0.22745962,-3.6562903,2.7683623,3.8931363,-2.8799787,-0.964558,9.165318,1.0497198
../data/train_data_mmini/5/Train_0020.jpg	5	-1.0,-1.0,-1.0,1.0,-1.0,1.0,1.0,1.0	-2.8811188,-1.4715523,-1.6288117,1.3514018,-2.08151,0.9695709,14.126995,1.19493
../data/train_data_mmini/5/Train_0021.jpg	5	1.0,-1.0,-1.0,1.0,1.0,-1.0,1.0,-1.0	1.152599,-0.3833331,-0.7182001,0.051538937,2.1839843,-1.8153652,14.187072,-3.8120475
../data/train_data_mmini/5/Train_0022.jpg	5	1.0,1.0,-1.0,-1.0,1.0,1.0,1.0,1.0	0.33589938,4.5985713,-1.4498124,-0.8551716,0.7130296,0.6078038,8.8588,0.26457053
../data/train_data_mmini/5/Train_0023.jpg	5	-1.0,1.0,-1.0,-1.0,1.0,1.0,1.0,-1.0	-2.9563472,2.9568334,-1.1657578,-0.40390944,0.48359683,0.28173536,11.996723,-0.742767
../data/train_data_mmini/5/Train_0024.jpg	5	-1.0,1.0,-1.0,1.0,1.0,1.0,1.0,-1.0	-2.1157038,0.80152255,-1.8623981,1.1679016,0.36647636,1.2744904,9.100795,-4.2083054
../data/train_data_mmini/6/Train_0025.jpg	6	-1.0,-1.0,1.0,1.0,-1.0,1.0,1.0,-1.0	-2.052172,-3.974997,2.625336,0.6267195,-3.1101727,1.4678543,5.7232,-1.4327917
../data/train_data_mmini/6/Train_0026.jpg	6	-1.0,-1.0,-1.0,-1.0,1.0,1.0,1.0,1.0	-5.107585,-2.385396,-4.549232,-0.10398368,0.02195217,0.76036984,8.530902,0.6962639
../data/train_data_mmini/6/Train_0027.jpg	6	-1.0,-1.0,1.0,-1.0,1.0,1.0,1.0,1.0	-3.6434834,-5.331211,3.0317466,-0.6020266,1.1525109,1.9020149,6.312954,1.3360071
../data/train_data_mmini/6/Train_0028.jpg	6	1.0,-1.0,-1.0,-1.0,1.0,-1.0,1.0,-1.0	3.0775697,-2.2455254,-4.0806894,-1.9419944,0.5929213,-0.4452,9.417039,-0.26137248
../data/train_data_mmini/6/Train_0029.jpg	6	-1.0,1.0,1.0,1.0,-1.0,1.0,1.0,-1.0	-0.23621123,1.6883686,3.5411067,2.0835223,-1.9040945,0.66764873,5.7191067,-3.100338
../data/train_data_mmini/7/Train_0030.jpg	7	-1.0,1.0,-1.0,1.0,-1.0,1.0,1.0,1.0	-1.8080317,2.697937,-0.90920377,3.0025218,-2.7239857,0.36878777,7.5346885,0.86963046
../data/train_data_mmini/7/Train_0031.jpg	7	1.0,1.0,-1.0,1.0,-1.0,1.0,1.0,1.0	0.91235864,0.3067626,-0.3210471,0.9975517,-1.374014,0.9378426,10.05691,1.7169477
../data/train_data_mmini/7/Train_0032.jpg	7	1.0,-1.0,1.0,-1.0,1.0,-1.0,1.0,-1.0	1.0036825,-5.61726,0.2710488,-0.05160643,0.8879904,-0.34870416,9.497244,-2.0665588
../data/train_data_mmini/7/Train_0033.jpg	7	-1.0,1.0,-1.0,1.0,-1.0,1.0,1.0,1.0	-3.2011616,0.9438115,-2.3827856,0.5195442,-1.0802561,2.6141376,5.7578907,1.0491133
../data/train_data_mmini/7/Train_0034.jpg	7	-1.0,-1.0,1.0,-1.0,1.0,1.0,1.0,-1.0	-0.32677707,-6.4359555,0.9458862,-3.6242394,3.450395,2.874598,6.758543,-3.5198252
../data/train_data_mmini/8/Train_0035.jpg	8	1.0,1.0,1.0,1.0,1.0,-1.0,1.0,-1.0	1.623177,3.1463225,1.3569062,0.14936452,0.9018994,-1.9757034,4.865215,-0.65167016
../data/train_data_mmini/8/Train_0036.jpg	8	1.0,1.0,-1.0,-1.0,-1.0,1.0,1.0,1.0	0.97800255,2.3116531,-0.86275744,-0.5366213,-2.156902,1.2482582,4.7867613,0.34424162
../data/train_data_mmini/8/Train_0037.jpg	8	-1.0,-1.0,-1.0,-1.0,1.0,1.0,1.0,-1.0	-1.759603,-3.1004455,-1.7497575,-0.65159076,0.45712045,1.4820073,5.9508834,-0.68363756
../data/train_data_mmini/8/Train_0038.jpg	8	1.0,-1.0,1.0,1.0,-1.0,-1.0,1.0,1.0	1.0962098,-0.08276649,1.7585393,2.794239,-0.055475187,-1.0476187,8.658311,0.07933023
../data/train_data_mmini/8/Train_0039.jpg	8	1.0,1.0,1.0,1.0,-1.0,-1.0,1.0,-1.0	1.6323416,2.9499137,0.476536,1.061418,-0.37692353,-0.8669549,3.037743,-1.0390446
../data/train_data_mmini/9/Train_0040.jpg	9	-1.0,1.0,-1.0,1.0,1.0,-1.0,1.0,-1.0	-0.4224281,0.8868958,-1.5625293,0.64267105,1.3121518,-0.3572471,10.46375,-2.6718938
../data/train_data_mmini/9/Train_0041.jpg	9	-1.0,-1.0,-1.0,1.0,-1.0,1.0,1.0,1.0	-1.566288,-2.6502097,-1.6751899,0.5056278,-1.1180917,1.0750302,9.005989,2.9019651
../data/train_data_mmini/9/Train_0042.jpg	9	-1.0,-1.0,1.0,1.0,1.0,-1.0,1.0,-1.0	-0.12170197,-4.485112,1.2427009,2.3735054,0.6177477,-0.1168494,10.4504,-3.7700045
../data/train_data_mmini/9/Train_0043.jpg	9	1.0,1.0,1.0,-1.0,1.0,-1.0,1.0,1.0	2.2889366,1.5731043,0.8884407,-0.6509415,0.4453247,-0.89735544,8.802455,1.4382609
../data/train_data_mmini/9/Train_0044.jpg	9	-1.0,-1.0,1.0,1.0,-1.0,-1.0,1.0,-1.0	-1.2979283,-1.0611842,3.8039217,3.9514928,-2.8895733,-0.9435182,8.115232,-1.782576
../data/train_data_mmini/10/Train_0045.jpg	10	1.0,1.0,1.0,-1.0,1.0,1.0,1.0,1.0	0.67786145,1.430181,0.5657619,-0.03761822,0.305135,0.39374137,1.1653963,0.0330342
../data/train_data_mmini/10/Train_0046.jpg	10	-1.0,-1.0,1.0,1.0,-1.0,-1.0,1.0,-1.0	-0.8094051,-3.812765,1.1920104,2.11861,-0.3708435,-0.79995346,3.7953882,-1.1901655
../data/train_data_mmini/10/Train_0047.jpg	10	1.0,-1.0,1.0,-1.0,1.0,-1.0,1.0,-1.0	2.2034993,-0.57179856,1.1449597,-1.2136362,0.099418744,-0.07356792,6.640679,-1.4260842
../data/train_data_mmini/10/Train_0048.jpg	10	1.0,1.0,1.0,1.0,-1.0,-1.0,1.0,-1.0	0.082583815,1.306974,3.527612,2.6419728,-1.814196,-1.1056726,4.8421755,-1.3359325
../data/train_data_mmini/10/Train_0049.jpg	10	1.0,-1.0,1.0,1.0,1.0,-1.0,1.0,-1.0	0.82569325,-0.010972086,1.9207563,0.0042988244,1.0406249,-0.59002644,3.3275874,-0.2913872
