../data/train_data_mmini/1/Train_0000.jpg	1	-1.0,1.0,-1.0,-1.0,-1.0,-1.0,1.0,-1.0,-1.0,-1.0,1.0,-1.0	-0.17358272,0.12728423,-0.22824794,-0.08747667,-0.011808935,-0.05869226,0.37492132,-0.09373551,-0.23475653,-0.112827666,0.103317596,-0.14044927
../data/train_data_mmini/1/Train_0001.jpg	1	-1.0,1.0,-1.0,-1.0,1.0,-1.0,1.0,-1.0,-1.0,-1.0,1.0,-1.0	-0.06035834,0.12502068,-0.33716515,-0.07183722,0.017230589,-0.19672057,0.4150295,-0.14103763,-0.31489852,-0.11304631,0.11044055,-0.2092832
../data/train_data_mmini/1/Train_0002.jpg	1	-1.0,1.0,-1.0,-1.0,1.0,-1.0,1.0,-1.0,-1.0,1.0,1.0,-1.0	-0.04009018,0.048350014,-0.22656076,-0.08801755,0.1093736,-0.11312728,0.45141166,-0.032158438,-0.20734245,0.009845272,0.089195035,-0.21610151
../data/train_data_mmini/1/Train_0003.jpg	1	-1.0,1.0,-1.0,-1.0,-1.0,-1.0,1.0,-1.0,-1.0,-1.0,1.0,-1.0	-0.12780373,0.108510174,-0.25618213,-0.097806215,-0.026501346,-0.071452044,0.39034665,-0.056772243,-0.30688304,-0.09721642,0.08118768,-0.13992785
../data/train_data_mmini/1/Train_0004.jpg	1	-1.0,1.0,-1.0,-1.0,1.0,-1.0,1.0,-1.0,-1.0,-1.0,1.0,-1.0	-0.1961487,0.15553704,-0.33697274,-0.1405624,0.00037356993,-0.13606189,0.46724415,-0.055166192,-0.33148295,-0.15267213,0.07819045,-0.122874014
../data/train_data_mmini/2/Train_0005.jpg	2	-1.0,1.0,-1.0,-1.0,-1.0,-1.0,1.0,-1.0,-1.0,-1.0,1.0,-1.0	-0.09338035,0.120298,-0.29530567,-0.15624927,-0.031940475,-0.10450467,0.4543778,-0.13224855,-0.27049065,-0.13435565,0.12339126,-0.18534735
../data/train_data_mmini/2/Train_0006.jpg	2	1.0,1.0,-1.0,-1.0,1.0,-1.0,1.0,-1.0,-1.0,-1.0,-1.0,-1.0	0.13029617,0.12631367,-0.28349766,-0.17780277,0.04640857,-0.19406375,0.5013972,-0.104529805,-0.30125192,-0.15495378,-0.023626005,-0.15852837
../data/train_data_mmini/2/Train_0007.jpg	2	-1.0,1.0,-1.0,-1.0,-1.0,-1.0,1.0,-1.0,-1.0,-1.0,1.0,-1.0	-0.19863841,0.12736027,-0.2603712,-0.11053555,-0.016660726,-0.079942465,0.36821234,-0.12860176,-0.2540887,-0.13357192,0.06329578,-0.098095626
../data/train_data_mmini/2/Train_0008.jpg	2	-1.0,1.0,-1.0,-1.0,1.0,-1.0,1.0,-1.0,-1.0,-1.0,1.0,-1.0	-0.11539467,0.22402495,-0.2817744,-0.11427128,0.01856926,-0.24427135,0.47774932,-0.14252669,-0.21439002,-0.20756544,0.056340504,-0.20471062
../data/train_data_mmini/2/Train_0009.jpg	2	-1.0,1.0,-1.0,-1.0,-1.0,-1.0,1.0,-1.0,-1.0,-1.0,1.0,-1.0	-0.1632697,0.15563165,-0.27664313,-0.13710904,-0.02308714,-0.1392636,0.48862296,-0.15947801,-0.299271,-0.21382448,0.10959938,-0.09572816
../data/train_data_mmini/3/Train_0010.jpg	3	-1.0,1.0,-1.0,-1.0,1.0,-1.0,1.0,-1.0,-1.0,-1.0,-1.0,-1.0	-0.09137848,0.10847089,-0.29702607,-0.0996881,0.016979156,-0.2534489,0.41677254,-0.14846085,-0.21586855,-0.13862756,-0.016939493,-0.14105925
../data/train_data_mmini/3/Train_0011.jpg	3	1.0,1.0,-1.0,-1.0,1.0,-1.0,1.0,-1.0,-1.0,1.0,1.0,-1.0	0.013378631,0.06954914,-0.32119486,-0.110336065,0.21600074,-0.12468199,0.519003,-0.19968833,-0.31684056,0.024635287,0.20519759,-0.17621206
../data/train_data_mmini/3/Train_0012.jpg	3	1.0,1.0,-1.0,-1.0,1.0,-1.0,1.0,1.0,-1.0,1.0,1.0,-1.0	0.06812251,0.07817704,-0.38902986,-0.106994286,0.019185167,-0.114957094,0.42518166,0.000682426,-0.41340032,0.06842749,0.061257396,-0.08248108
../data/train_data_mmini/3/Train_0013.jpg	3	1.0,1.0,-1.0,-1.0,1.0,-1.0,1.0,-1.0,-1.0,-1.0,-1.0,-1.0	0.08210597,0.1640359,-0.27468723,-0.12058412,0.08244265,-0.27178258,0.5307788,-0.011216722,-0.29747942,-0.12690309,-0.016708001,-0.29543874
../data/train_data_mmini/3/Train_0014.jpg	3	-1.0,1.0,-1.0,-1.0,1.0,-1.0,1.0,-1.0,-1.0,-1.0,1.0,-1.0	-0.061243113,0.11412569,-0.3178213,-0.14581954,0.06954976,-0.27224538,0.5637061,-0.08262114,-0.18298547,-0.26052296,0.12367827,-0.11968643
../data/train_data_mmini/4/Train_0015.jpg	4	-1.0,1.0,-1.0,-1.0,1.0,-1.0,1.0,-1.0,-1.0,-1.0,1.0,-1.0	-0.10373152,0.17157638,-0.24991824,-0.11010597,0.036032896,-0.080973275,0.5046319,-0.15008472,-0.27407035,-0.056962613,0.14160748,-0.21674195
../data/train_data_mmini/4/Train_0016.jpg	4	1.0,1.0,-1.0,-1.0,1.0,-1.0,1.0,-1.0,-1.0,1.0,1.0,-1.0	0.011608465,0.061308745,-0.12610611,-0.12535332,0.08861215,-0.10843348,0.32826364,-0.10856203,-0.3087271,0.025621442,0.106729314,-0.12906626
../data/train_data_mmini/4/Train_0017.jpg	4	1.0,1.0,-1.0,-1.0,1.0,-1.0,1.0,-1.0,-1.0,-1.0,1.0,-1.0	0.22381583,0.12097978,-0.38364822,-0.11769576,0.20498958,-0.15125553,0.55395347,-0.1541604,-0.43474105,-0.021987459,0.0027375538,-0.20041661
../data/train_data_mmini/4/Train_0018.jpg	4	-1.0,1.0,-1.0,-1.0,1.0,-1.0,1.0,-1.0,-1.0,-1.0,1.0,-1.0	-0.103475176,0.14792134,-0.23121527,-0.15819718,0.072429135,-0.1725189,0.35636905,-0.17417638,-0.13307014,-0.13436976,0.09807441,-0.1502323
../data/train_data_mmini/4/Train_0019.jpg	4	1.0,1.0,-1.0,-1.0,1.0,-1.0,1.0,1.0,-1.0,-1.0,-1.0,-1.0	0.2665653,0.060678873,-0.4098752,-0.18395461,0.016885817,-0.17264783,0.62359476,0.030906161,-0.3444081,-0.047969386,-0.058850706,-0.1820513
../data/train_data_mmini/5/Train_0020.jpg	5	-1.0,1.0,-1.0,-1.0,-1.0,-1.0,1.0,-1.0,-1.0,-1.0,1.0,-1.0	-0.1541676,0.15302438,-0.235235,-0.12417027,-0.03317709,-0.09504778,0.35284927,-0.087075,-0.31031802,-0.13129005,0.10201655,-0.12717167
../data/train_data_mmini/5/Train_0021.jpg	5	-1.0,1.0,-1.0,-1.0,-1.0,-1.0,1.0,-1.0,-1.0,-1.0,1.0,-1.0	-0.123652086,0.17460546,-0.32783923,-0.15628861,-0.00476554,-0.12374374,0.59200186,-0.1655473,-0.2815276,-0.23302217,0.13786794,-0.25432348
../data/train_data_mmini/5/Train_0022.jpg	5	-1.0,1.0,-1.0,-1.0,-1.0,-1.0,1.0,-1.0,-1.0,-1.0,1.0,-1.0	-0.08335391,0.14181548,-0.2802581,-0.09501572,-0.07924211,-0.107275926,0.40880647,-0.06717751,-0.26336712,-0.13900408,0.031115139,-0.09781681
../data/train_data_mmini/5/Train_0023.jpg	5	-1.0,1.0,-1.0,-1.0,-1.0,-1.0,1.0,-1.0,-1.0,-1.0,1.0,-1.0	-0.15751001,0.15994063,-0.23041284,-0.11807978,-0.071561374,-0.066371076,0.32235393,-0.07131188,-0.24466492,-0.10902834,0.03265888,-0.11292706
../data/train_data_mmini/5/Train_0024.jpg	5	-1.0,1.0,-1.0,-1.0,-1.0,-1.0,1.0,-1.0,-1.0,-1.0,1.0,-1.0	-0.154326,0.13787657,-0.28156444,-0.11851045,-0.0031345275,-0.07546698,0.44214433,-0.13317594,-0.31323713,-0.07352385,0.11184615,-0.14603536
../data/train_data_mmini/6/Train_0025.jpg	6	1.0,-1.0,-1.0,-1.0,1.0,-1.0,1.0,-1.0,-1.0,1.0,-1.0,-1.0	0.2610174,-0.008673926,-0.36856678,-0.19914581,0.10164852,-0.11553696,0.5153519,-0.031388886,-0.3127034,0.06519648,-0.09790172,-0.13860911
../data/train_data_mmini/6/Train_0026.jpg	6	-1.0,1.0,-1.0,-1.0,1.0,-1.0,1.0,-1.0,-1.0,-1.0,1.0,-1.0	-0.16522864,0.076164655,-0.27247006,-0.19100128,0.10002836,-0.20027518,0.42619747,-0.22759229,-0.22798038,-0.19963594,0.19716607,-0.14208469
../data/train_data_mmini/6/Train_0027.jpg	6	-1.0,1.0,-1.0,-1.0,1.0,-1.0,1.0,-1.0,-1.0,-1.0,1.0,-1.0	-0.055537354,0.06554706,-0.23505105,-0.16797087,0.039014887,-0.1898133,0.38353875,-0.15345372,-0.24312097,-0.061446894,0.093451135,-0.083445065
../data/train_data_mmini/6/Train_0028.jpg	6	-1.0,1.0,-1.0,-1.0,1.0,-1.0,1.0,-1.0,-1.0,-1.0,1.0,-1.0	-0.114721626,0.12278906,-0.23053676,-0.12244184,0.08528372,-0.1701356,0.43714076,-0.18127576,-0.19602998,-0.13218689,0.117699735,-0.16820347
../data/train_data_mmini/6/Train_0029.jpg	6	1.0,1.0,-1.0,-1.0,-1.0,-1.0,1.0,1.0,-1.0,-1.0,-1.0,-1.0	0.071767144,0.09608758,-0.30731666,-0.13738899,-0.058618296,-0.10535527,0.53634965,0.011492377,-0.38526502,-0.053597514,-0.052773934,-0.15195851
../data/train_data_mmini/7/Train_0030.jpg	7	-1.0,1.0,-1.0,-1.0,-1.0,-1.0,1.0,-1.0,-1.0,-1.0,1.0,-1.0	-0.042683903,0.13051397,-0.24075834,-0.15803446,-0.052388966,-0.06325334,0.46640804,-0.116177164,-0.39994496,-0.13597071,0.096613005,-0.116916075
../data/train_data_mmini/7/Train_0031.jpg	7	-1.0,1.0,-1.0,-1.0,1.0,-1.0,1.0,-1.0,-1.0,-1.0,1.0,-1.0	-0.0673072,0.13440788,-0.26900527,-0.1610518,0.030764222,-0.20402612,0.46713948,-0.14242384,-0.32316807,-0.26301956,0.12550126,-0.24396768
../data/train_data_mmini/7/Train_0032.jpg	7	-1.0,1.0,-1.0,-1.0,1.0,-1.0,1.0,-1.0,-1.0,-1.0,1.0,-1.0	-0.020588426,0.17328295,-0.3092841,-0.15774024,0.17696126,-0.25378639,0.6303032,-0.24129987,-0.24326873,-0.12691909,0.22086813,-0.24470225
../data/train_data_mmini/7/Train_0033.jpg	7	-1.0,1.0,-1.0,-1.0,1.0,-1.0,1.0,-1.0,-1.0,-1.0,1.0,-1.0	-0.18578859,0.09997691,-0.279335,-0.15888292,0.008230868,-0.057506148,0.37885636,-0.12383898,-0.29677793,-0.122658424,0.10427921,-0.10203933
../data/train_data_mmini/7/Train_0034.jpg	7	-1.0,-1.0,-1.0,-1.0,1.0,-1.0,1.0,-1.0,-1.0,-1.0,1.0,-1.0	-0.019402301,-0.015224062,-0.34846276,-0.105238125,0.20799464,-0.22680563,0.6131328,-0.24211198,-0.24220541,-0.049526837,0.2048345,-0.22196317
../data/train_data_mmini/8/Train_0035.jpg	8	-1.0,1.0,-1.0,-1.0,-1.0,-1.0,1.0,-1.0,-1.0,-1.0,1.0,-1.0	-0.09334755,0.24726745,-0.28786013,-0.09600828,-0.055090178,-0.11945425,0.49621823,-0.15780993,-0.28475678,-0.2038402,0.037556544,-0.16179653
../data/train_data_mmini/8/Train_0036.jpg	8	-1.0,1.0,-1.0,-1.0,1.0,-1.0,1.0,-1.0,-1.0,-1.0,1.0,-1.0	-0.094537705,0.13891916,-0.25765935,-0.17034675,0.04609193,-0.12084393,0.4832109,-0.09986609,-0.2856728,-0.20681901,0.093256526,-0.14101884
../data/train_data_mmini/8/Train_0037.jpg	8	-1.0,1.0,-1.0,-1.0,1.0,-1.0,1.0,-1.0,-1.0,-1.0,1.0,-1.0	-0.1841251,0.10059058,-0.3134917,-0.1440726,0.14657606,-0.1775509,0.49913153,-0.28329277,-0.3132982,-0.17356154,0.2336805,-0.19455889
../data/train_data_mmini/8/Train_0038.jpg	8	-1.0,1.0,-1.0,-1.0,-1.0,-1.0,1.0,-1.0,-1.0,-1.0,1.0,-1.0	-0.031810805,0.20096074,-0.2694254,-0.108553216,-0.04923197,-0.19607939,0.48011968,-0.1000386,-0.3283221,-0.14101964,0.07030093,-0.17581199
../data/train_data_mmini/8/Train_0039.jpg	8	-1.0,1.0,-1.0,-1.0,-1.0,-1.0,1.0,-1.0,-1.0,-1.0,1.0,-1.0	-0.068643086,0.1994099,-0.32829598,-0.14340155,-0.073219284,-0.0920902,0.60469353,-0.10990017,-0.40131244,-0.15904357,0.07056421,-0.14407377
../data/train_data_mmini/9/Train_0040.jpg	9	-1.0,1.0,-1.0,-1.0,1.0,-1.0,1.0,-1.0,-1.0,-1.0,1.0,-1.0	-0.13090566,0.200036,-0.35118848,-0.1395566,0.010089518,-0.15488371,0.5452393,-0.15618761,-0.36246395,-0.18349616,0.10018759,-0.18682161
../data/train_data_mmini/9/Train_0041.jpg	9	-1.0,1.0,-1.0,-1.0,1.0,-1.0,1.0,-1.0,-1.0,-1.0,1.0,-1.0	-0.058995582,0.11449585,-0.34707758,-0.15466137,0.004018037,-0.18589215,0.40612873,-0.12206139,-0.301905,-0.11043654,0.10798355,-0.16795705
../data/train_data_mmini/9/Train_0042.jpg	9	-1.0,1.0,-1.0,-1.0,1.0,-1.0,1.0,-1.0,-1.0,-1.0,1.0,-1.0	-0.08913589,0.16783631,-0.35703555,-0.0883211,0.0687887,-0.13994047,0.56545115,-0.18174887,-0.31153467,-0.037673634,0.14793317,-0.26472852
../data/train_data_mmini/9/Train_0043.jpg	9	-1.0,1.0,-1.0,-1.0,-1.0,-1.0,1.0,-1.0,-1.0,-1.0,1.0,-1.0	-0.13063864,0.19046597,-0.2986589,-0.16777231,-0.062319376,-0.17390361,0.5605568,-0.1337877,-0.30319336,-0.20024821,0.05498907,-0.17212836
../data/train_data_mmini/9/Train_0044.jpg	9	1.0,1.0,-1.0,-1.0,-1.0,-1.0,1.0,-1.0,-1.0,-1.0,1.0,-1.0	0.105812065,0.13130058,-0.34129894,-0.18366864,-0.10578778,-0.116196625,0.56344265,-0.04736301,-0.4478003,-0.011730304,0.0010716298,-0.14885318
../data/train_data_mmini/10/Train_0045.jpg	10	1.0,1.0,-1.0,-1.0,1.0,-1.0,1.0,-1.0,-1.0,-1.0,1.0,-1.0	0.04526557,0.17512509,-0.21997397,-0.16540624,0.001115033,-0.21754397,0.6080952,-0.12972766,-0.3154448,-0.13611679,0.1401601,-0.20190488
../data/train_data_mmini/10/Train_0046.jpg	10	1.0,1.0,-1.0,-1.0,1.0,-1.0,1.0,-1.0,-1.0,1.0,1.0,-1.0	0.12926586,0.103768274,-0.27822122,-0.14825295,0.068223394,-0.10856828,0.52590317,-0.17202164,-0.2586848,0.06274041,0.09186447,-0.16808441
../data/train_data_mmini/10/Train_0047.jpg	10	1.0,1.0,-1.0,-1.0,1.0,-1.0,1.0,-1.0,-1.0,-1.0,1.0,-1.0	0.011898712,0.20330925,-0.2975798,-0.17029093,0.046988018,-0.25343364,0.7433402,-0.16804928,-0.38831148,-0.19677153,0.10832889,-0.27661946
../data/train_data_mmini/10/Train_0048.jpg	10	1.0,1.0,-1.0,-1.0,-1.0,-1.0,1.0,1.0,-1.0,1.0,1.0,-1.0	0.1690021,0.09332667,-0.40620053,-0.15750848,-0.13811253,-0.12235052,0.6630558,0.01209114,-0.4131567,0.011455432,0.0057468414,-0.05114901
../data/train_data_mmini/10/Train_0049.jpg	10	-1.0,1.0,-1.0,-1.0,-1.0,-1.0,1.0,-1.0,-1.0,-1.0,1.0,-1.0	-0.035009757,0.19803604,-0.34261057,-0.14662784,-0.006963059,-0.16239223,0.5843978,-0.13538146,-0.3204147,-0.20732819,0.07612663,-0.1652834
