../data/train_data_mmini/1/Train_0000.jpg	1	-1.0,1.0,1.0,-1.0,-1.0,-1.0,1.0,1.0	-0.77207756,0.51272285,0.48743224,-0.5669612,-0.1271422,-0.27769542,0.41022372,0.5097011
../data/train_data_mmini/1/Train_0001.jpg	1	-1.0,1.0,1.0,-1.0,-1.0,-1.0,1.0,1.0	-0.7110834,0.5008689,0.45990202,-0.48955652,-0.2631792,-0.23497185,0.32233998,0.6886228
../data/train_data_mmini/1/Train_0002.jpg	1	-1.0,1.0,1.0,-1.0,-1.0,-1.0,1.0,1.0	-0.71641797,0.4496709,0.37167302,-0.48266676,-0.11616149,-0.27957997,0.18947306,0.4340843
../data/train_data_mmini/1/Train_0003.jpg	1	-1.0,1.0,1.0,-1.0,-1.0,-1.0,1.0,1.0	-0.88431954,0.51155263,0.54237264,-0.577658,-0.1850579,-0.3058521,0.41396406,0.4701728
../data/train_data_mmini/1/Train_0004.jpg	1	-1.0,1.0,1.0,-1.0,-1.0,-1.0,1.0,1.0	-1.2341229,0.55620426,0.6052871,-0.78353876,-0.27422276,-0.14013141,0.59816986,0.3159263
../data/train_data_mmini/2/Train_0005.jpg	2	-1.0,1.0,1.0,-1.0,-1.0,-1.0,1.0,1.0	-0.83026886,0.5191202,0.15627591,-0.59517986,-0.083491586,-0.19768625,0.34214485,0.34873825
../data/train_data_mmini/2/Train_0006.jpg	2	-1.0,1.0,-1.0,-1.0,-1.0,1.0,-1.0,1.0	-0.5072241,0.9286116,-0.16442753,-0.23211321,-0.17321338,0.54894465,-0.06567395,1.8750465
../data/train_data_mmini/2/Train_0007.jpg	2	-1.0,1.0,1.0,-1.0,-1.0,-1.0,1.0,1.0	-1.4974772,0.6763852,0.67383814,-0.69899637,-0.20708467,-0.0008806344,0.65866333,0.3885337
../data/train_data_mmini/2/Train_0008.jpg	2	-1.0,1.0,1.0,-1.0,-1.0,1.0,1.0,1.0	-1.4345894,0.9423884,0.60104334,-0.25386468,-0.21988536,0.67019975,0.3551948,1.087699
../data/train_data_mmini/2/Train_0009.jpg	2	-1.0,1.0,1.0,-1.0,1.0,-1.0,1.0,1.0	-0.54871273,0.580914,0.3928915,-0.69864506,0.102138735,-0.4204728,0.43557227,0.53856057
../data/train_data_mmini/3/Train_0010.jpg	3	-1.0,1.0,1.0,-1.0,1.0,1.0,1.0,1.0	-1.4147769,0.85728335,0.6594964,-0.19908896,0.009543994,0.813673,0.036458984,0.7702896
../data/train_data_mmini/3/Train_0011.jpg	3	-1.0,1.0,1.0,-1.0,-1.0,-1.0,1.0,-1.0	-0.6682326,0.09518587,0.3594435,-0.6735527,-0.23425032,-0.8629387,0.57909894,-0.7867473
../data/train_data_mmini/3/Train_0012.jpg	3	-1.0,-1.0,-1.0,-1.0,-1.0,-1.0,1.0,-1.0	-0.22541547,-0.4084171,-0.056201264,-1.1499944,-0.3185039,-1.3758061,0.3063863,-0.37490982
../data/train_data_mmini/3/Train_0013.jpg	3	-1.0,1.0,1.0,-1.0,-1.0,1.0,1.0,1.0	-1.1618489,1.0012616,0.15348406,-0.2675003,-0.36502412,0.8973158,0.18009822,1.5670174
../data/train_data_mmini/3/Train_0014.jpg	3	-1.0,1.0,1.0,-1.0,-1.0,-1.0,1.0,1.0	-1.0475686,0.61129045,0.48870802,-0.6058331,-0.10692694,-0.016724264,0.4761338,0.47635186
../data/train_data_mmini/4/Train_0015.jpg	4	-1.0,1.0,1.0,-1.0,-1.0,1.0,1.0,1.0	-1.0792197,0.5773466,0.37750274,-0.72394437,-0.2646537,0.020235742,0.34609163,1.0331656
../data/train_data_mmini/4/Train_0016.jpg	4	-1.0,1.0,1.0,-1.0,-1.0,-1.0,1.0,1.0	-0.68444604,0.21607278,0.26769775,-0.21820107,-0.19735374,-0.25826615,0.34131294,0.25626457
../data/train_data_mmini/4/Train_0017.jpg	4	-1.0,1.0,-1.0,-1.0,-1.0,1.0,1.0,1.0	-0.16058147,0.45637816,-0.13777797,-0.2506567,-0.15260531,0.014410609,0.06269361,1.3443422
../data/train_data_mmini/4/Train_0018.jpg	4	-1.0,1.0,1.0,-1.0,-1.0,-1.0,1.0,1.0	-0.80197424,0.561512,0.3475139,-0.59991086,-0.12910827,-0.018969363,0.29102242,0.37508136
../data/train_data_mmini/4/Train_0019.jpg	4	-1.0,1.0,1.0,-1.0,-1.0,1.0,1.0,1.0	-1.0584018,1.1061692,0.10000385,-0.016844241,-0.3807527,0.99767613,0.16630709,1.8058878
../data/train_data_mmini/5/Train_0020.jpg	5	-1.0,1.0,1.0,-1.0,-1.0,-1.0,1.0,1.0	-1.0675132,0.66294295,0.52070177,-0.61630505,-0.18852498,-0.18662389,0.5033376,0.5868566
../data/train_data_mmini/5/Train_0021.jpg	5	-1.0,1.0,1.0,-1.0,-1.0,-1.0,1.0,1.0	-1.1217991,0.8246628,0.46898696,-0.86098737,-0.15515102,-0.1645943,0.5863777,0.52837753
../data/train_data_mmini/5/Train_0022.jpg	5	-1.0,1.0,1.0,-1.0,-1.0,1.0,1.0,1.0	-1.1873758,0.76700455,0.59965765,-0.50209385,-0.14262797,0.0636402,0.55300766,0.73757386
../data/train_data_mmini/5/Train_0023.jpg	5	-1.0,1.0,1.0,-1.0,-1.0,-1.0,1.0,1.0	-0.88435054,0.62652683,0.45379338,-0.76477593,-0.121862434,-0.30899855,0.4483083,0.5580674
../data/train_data_mmini/5/Train_0024.jpg	5	-1.0,1.0,1.0,-1.0,-1.0,-1.0,1.0,-1.0	-1.31974,0.35335004,0.5736876,-1.1929541,-0.08785453,-0.3943655,0.6064841,-0.2187712
../data/train_data_mmini/6/Train_0025.jpg	6	-1.0,1.0,1.0,-1.0,1.0,-1.0,1.0,-1.0	-1.0879012,0.1622449,0.4382864,-0.5811457,0.13567112,-0.30938467,0.39682072,-0.48339346
../data/train_data_mmini/6/Train_0026.jpg	6	-1.0,1.0,1.0,-1.0,-1.0,-1.0,1.0,1.0	-0.7770921,0.5022069,0.48271763,-0.50109905,-0.16292371,-0.11638119,0.31756526,0.719891
../data/train_data_mmini/6/Train_0027.jpg	6	-1.0,1.0,1.0,-1.0,1.0,-1.0,1.0,-1.0	-0.62010396,0.22008531,0.43184865,-0.5881835,0.16437684,-0.6807613,0.3323641,-0.41141728
../data/train_data_mmini/6/Train_0028.jpg	6	-1.0,1.0,1.0,-1.0,-1.0,-1.0,1.0,-1.0	-1.2560068,0.58601403,0.5912529,-0.45610955,-0.23084892,-0.05865764,0.58603114,-0.026296876
../data/train_data_mmini/6/Train_0029.jpg	6	-1.0,1.0,1.0,-1.0,1.0,1.0,1.0,1.0	-0.93755615,0.6215122,0.28675634,-0.5705976,0.067757584,0.24484916,0.10381779,0.914872
../data/train_data_mmini/7/Train_0030.jpg	7	-1.0,1.0,1.0,-1.0,-1.0,-1.0,1.0,1.0	-0.5071635,0.5237186,0.21554129,-0.44962606,-0.14744152,-0.3506902,0.44446763,0.77185136
../data/train_data_mmini/7/Train_0031.jpg	7	-1.0,1.0,1.0,-1.0,-1.0,1.0,1.0,1.0	-1.0662467,0.65256333,0.38087755,-0.6858862,-0.09003522,0.10304008,0.38620478,0.7567106
../data/train_data_mmini/7/Train_0032.jpg	7	-1.0,1.0,1.0,-1.0,1.0,-1.0,1.0,-1.0	-0.6343347,0.3156339,0.37534186,-0.81784123,0.018105367,-0.71471596,0.49999303,-0.41977197
../data/train_data_mmini/7/Train_0033.jpg	7	-1.0,1.0,1.0,-1.0,1.0,-1.0,1.0,1.0	-0.5957657,0.33696055,0.25276572,-0.88752395,0.10312984,-0.5550837,0.35353595,0.13794611
../data/train_data_mmini/7/Train_0034.jpg	7	-1.0,1.0,1.0,-1.0,-1.0,-1.0,1.0,-1.0	-1.7869171,0.44334447,0.5744363,-0.9066178,-0.19472612,-0.24924469,0.744966,-1.4861857
../data/train_data_mmini/8/Train_0035.jpg	8	-1.0,1.0,1.0,-1.0,1.0,1.0,1.0,1.0	-1.1096127,0.7697674,0.5580839,-0.6197086,0.019913772,0.09376825,0.4702943,0.56083053
../data/train_data_mmini/8/Train_0036.jpg	8	-1.0,1.0,1.0,-1.0,1.0,-1.0,1.0,1.0	-1.0672636,0.5331612,0.5157794,-0.69167465,0.11742244,-0.08917151,0.4652792,0.34790805
../data/train_data_mmini/8/Train_0037.jpg	8	-1.0,1.0,1.0,-1.0,-1.0,-1.0,1.0,1.0	-1.2385793,0.47934723,0.5174992,-0.77044123,-0.1438054,-0.19617724,0.61790246,0.09463347
../data/train_data_mmini/8/Train_0038.jpg	8	-1.0,1.0,1.0,-1.0,-1.0,-1.0,1.0,1.0	-1.1036538,0.6550112,0.6158745,-0.5246735,-0.049433134,-0.04567734,0.49806082,0.575784
../data/train_data_mmini/8/Train_0039.jpg	8	-1.0,1.0,1.0,-1.0,1.0,-1.0,1.0,1.0	-0.8584056,0.52851975,0.26887348,-0.8239953,0.1094465,-0.18666229,0.3987396,0.3924229
../data/train_data_mmini/9/Train_0040.jpg	9	-1.0,1.0,1.0,-1.0,-1.0,1.0,1.0,1.0	-1.4936112,0.78480554,0.6513523,-0.73383266,-0.2638401,0.12031128,0.68151724,0.7094839
../data/train_data_mmini/9/Train_0041.jpg	9	-1.0,1.0,1.0,-1.0,-1.0,-1.0,1.0,-1.0	-1.0109293,0.4445446,0.40842167,-0.5835956,-0.07706883,-0.2301774,0.5045342,-0.12789774
../data/train_data_mmini/9/Train_0042.jpg	9	-1.0,1.0,1.0,-1.0,-1.0,1.0,1.0,1.0	-1.761489,0.5948792,0.57845616,-0.8592772,-0.36879542,0.18424375,0.5719075,0.43053555
../data/train_data_mmini/9/Train_0043.jpg	9	-1.0,1.0,1.0,-1.0,-1.0,1.0,1.0,1.0	-1.3377259,1.0683383,0.5061406,-0.44455394,-0.23711361,0.4618768,0.44033718,1.2956705
../data/train_data_mmini/9/Train_0044.jpg	9	-1.0,1.0,1.0,-1.0,-1.0,1.0,1.0,1.0	-0.8907628,0.5378491,0.3002235,-0.6357903,-0.068622254,0.036827855,0.18613067,0.96083814
../data/train_data_mmini/10/Train_0045.jpg	10	-1.0,1.0,1.0,-1.0,1.0,1.0,1.0,-1.0	-1.0567385,0.4640224,0.23893319,-0.769934,0.33622977,0.14707342,0.42073584,-0.14133273
../data/train_data_mmini/10/Train_0046.jpg	10	-1.0,1.0,1.0,-1.0,1.0,-1.0,1.0,1.0	-0.5844209,0.3277369,0.19279493,-0.5405517,0.117181994,-0.22000495,0.14917625,0.07225742
../data/train_data_mmini/10/Train_0047.jpg	10	-1.0,1.0,1.0,-1.0,1.0,1.0,1.0,1.0	-1.4583819,0.7174417,0.47119352,-0.7689701,0.05035863,0.17072058,0.5603288,0.22706807
../data/train_data_mmini/10/Train_0048.jpg	10	-1.0,1.0,1.0,-1.0,1.0,-1.0,1.0,-1.0	-1.0610669,0.20066606,0.36207065,-0.9051116,0.31632867,-0.42512006,0.4874288,-0.5499065
../data/train_data_mmini/10/Train_0049.jpg	10	-1.0,1.0,1.0,-1.0,1.0,-1.0,1.0,1.0	-1.295291,0.61813426,0.5635885,-0.8437827,0.0789691,-0.008125639,0.5609091,0.17707522
