../data/train_data_mmini/1/Train_0000.jpg	1	1.0,1.0,-1.0,1.0,-1.0,1.0,1.0,-1.0,1.0,1.0,-1.0,1.0,1.0,-1.0,1.0,1.0,1.0,-1.0,-1.0,-1.0,1.0,-1.0,-1.0,1.0	0.82916373,3.0023715,-1.5510753,1.492322,-0.14590666,0.1567187,0.6745291,-0.27326572,0.76193196,1.5475672,-0.35329232,0.34262684,0.26101804,-0.6792548,1.2642261,0.24272819,2.147997,-0.83203816,-0.43197381,-1.1080225,0.4131843,-0.74865144,-1.4761525,0.44285616
../data/train_data_mmini/1/Train_0001.jpg	1	1.0,1.0,-1.0,1.0,-1.0,1.0,1.0,1.0,1.0,1.0,1.0,1.0,-1.0,1.0,1.0,1.0,1.0,-1.0,-1.0,-1.0,1.0,-1.0,-1.0,-1.0	0.6840182,1.6976876,-0.2832173,0.40952152,-0.037891477,0.7476841,0.30779332,0.23960419,0.46375757,0.06727351,0.36302045,0.3099498,-0.3739946,0.41183588,0.6142498,0.10749878,2.0130112,-1.3281434,-0.1002204,-0.111040406,0.17671895,-0.7978894,-1.2947667,-0.029200453
../data/train_data_mmini/1/Train_0002.jpg	1	1.0,-1.0,-1.0,1.0,1.0,1.0,1.0,1.0,-1.0,1.0,1.0,1.0,1.0,-1.0,1.0,1.0,1.0,-1.0,1.0,-1.0,1.0,-1.0,-1.0,1.0	0.037827805,-0.042565472,-0.51410884,0.7086974,0.08416727,2.1327226,0.47595626,0.7761064,-0.29693493,0.39903954,0.48176798,0.052859668,0.48419154,-0.42884302,0.22477946,0.7012685,0.49215016,-1.5636888,0.32081777,-0.4931572,0.4059586,-0.17733042,-0.64066523,0.05346338
../data/train_data_mmini/1/Train_0003.jpg	1	1.0,1.0,-1.0,1.0,-1.0,1.0,1.0,-1.0,1.0,1.0,-1.0,1.0,1.0,-1.0,1.0,1.0,1.0,-1.0,-1.0,-1.0,1.0,-1.0,-1.0,1.0	0.88801765,3.2550488,-0.8208393,1.1932676,-0.13735661,0.17708734,0.6486499,-0.24638863,0.65439975,1.2050985,-0.38506564,0.4212278,0.12259044,-0.31572562,1.4104661,0.09429674,2.629418,-0.7809443,-0.8509187,-1.0410286,0.49680573,-0.9926253,-1.6509892,0.39929566
../data/train_data_mmini/1/Train_0004.jpg	1	1.0,1.0,-1.0,1.0,-1.0,1.0,1.0,-1.0,1.0,1.0,-1.0,1.0,1.0,-1.0,1.0,1.0,1.0,-1.0,-1.0,-1.0,1.0,-1.0,-1.0,1.0	0.79599756,2.9300225,-1.9873426,1.177631,-0.32966444,0.15665737,0.8759209,-0.34123376,0.78757,1.5069934,-0.48575494,0.34998205,0.38818324,-0.45311016,1.2787355,0.28636938,2.085647,-0.9033892,-0.49148363,-1.1108257,0.46938068,-0.4909252,-1.4710978,0.40885887
../data/train_data_mmini/2/Train_0005.jpg	2	1.0,1.0,1.0,-1.0,1.0,1.0,-1.0,1.0,-1.0,-1.0,1.0,1.0,-1.0,1.0,-1.0,1.0,1.0,-1.0,-1.0,1.0,1.0,-1.0,-1.0,-1.0	0.34501857,0.19323471,0.60542357,-0.34806597,0.54464257,1.6708997,-0.36321342,0.44554412,-0.21173356,-0.8946577,0.39773902,0.010540608,-0.10821669,0.9023857,-0.2418761,0.46964192,1.9866062,-1.1731603,-0.111072406,0.29301786,0.40814424,-0.5481543,-1.1500508,-0.53347445
../data/train_data_mmini/2/Train_0006.jpg	2	1.0,1.0,-1.0,-1.0,-1.0,1.0,-1.0,1.0,-1.0,-1.0,-1.0,1.0,1.0,1.0,1.0,1.0,1.0,-1.0,-1.0,1.0,1.0,1.0,-1.0,-1.0	0.5010642,0.05662804,-0.0030512437,-0.5778397,-0.5387387,1.5790571,-0.37507585,0.0011822097,-0.29834127,-0.5652791,-0.78244704,0.18054184,0.084440485,0.27766007,0.56988734,0.45859087,1.2914103,-0.789834,-0.3005007,0.38063306,0.42223823,0.53007853,-1.6066536,-0.8404184
../data/train_data_mmini/2/Train_0007.jpg	2	1.0,1.0,-1.0,1.0,-1.0,-1.0,1.0,-1.0,1.0,1.0,-1.0,1.0,1.0,-1.0,1.0,1.0,1.0,-1.0,-1.0,-1.0,1.0,-1.0,-1.0,1.0	0.5692913,3.9471009,-1.6618514,1.5121564,-0.24434862,-0.6213506,0.86750895,-0.5356597,0.8150779,2.0827374,-0.073624805,0.37381932,0.32947874,-0.51162153,1.4963144,0.102589786,2.8594105,-0.56353056,-0.7200212,-1.5627826,0.2058214,-1.0604793,-1.6730028,0.8213005
../data/train_data_mmini/2/Train_0008.jpg	2	1.0,1.0,-1.0,1.0,-1.0,1.0,1.0,1.0,1.0,1.0,-1.0,1.0,1.0,-1.0,1.0,1.0,1.0,-1.0,1.0,-1.0,1.0,1.0,-1.0,1.0	0.529261,0.8831141,-1.6514918,0.83027714,-0.2944834,0.97902936,0.67742205,0.09522785,0.4168382,1.0067841,-0.01840182,0.16800582,1.1543065,-0.90702975,0.4471278,0.5296782,1.5512055,-1.0377073,0.5641674,-0.75393075,0.2658615,0.00873094,-0.72189367,0.1984324
../data/train_data_mmini/2/Train_0009.jpg	2	1.0,1.0,1.0,1.0,1.0,1.0,-1.0,-1.0,1.0,-1.0,1.0,1.0,-1.0,1.0,1.0,1.0,1.0,-1.0,-1.0,-1.0,1.0,-1.0,-1.0,1.0	0.7041953,2.0169797,0.042541884,0.47755378,0.79445314,0.7793234,-0.24999082,-0.080319166,0.28186682,-0.015516745,0.24503534,0.2953248,-0.2850132,0.1654299,0.5559369,0.5564586,2.9276547,-0.6779925,-0.5076961,-0.1674111,0.73285,-0.75035024,-1.7235237,0.05348898
../data/train_data_mmini/3/Train_0010.jpg	3	1.0,-1.0,1.0,-1.0,1.0,1.0,1.0,1.0,-1.0,-1.0,1.0,-1.0,-1.0,1.0,-1.0,1.0,1.0,-1.0,1.0,1.0,1.0,-1.0,-1.0,-1.0	0.070933715,-0.7204123,0.96512765,-1.1477169,0.3937032,1.4400469,0.1867286,0.09282176,-0.43412608,-1.3596084,0.7707076,-0.20532513,-0.06374346,0.5349964,-0.5450217,0.3866896,1.8524235,-0.95792276,0.24049346,0.27438545,0.032108106,-0.63483953,-0.57280046,-0.6695017
../data/train_data_mmini/3/Train_0011.jpg	3	-1.0,-1.0,-1.0,-1.0,1.0,1.0,1.0,1.0,-1.0,-1.0,1.0,-1.0,1.0,1.0,-1.0,1.0,-1.0,-1.0,1.0,-1.0,1.0,-1.0,-1.0,-1.0	-0.0665742,-1.1116549,-0.37133127,-0.03494406,0.36160877,2.9561188,1.1885121,1.3630764,-0.3031507,-0.29981852,0.7779093,-0.30749437,0.20587309,0.14511843,-0.42227337,0.55180764,-0.22215955,-2.3424373,1.4631579,-0.1188534,0.37916434,-0.45185834,-0.37373996,-0.034606624
../data/train_data_mmini/3/Train_0012.jpg	3	1.0,1.0,-1.0,-1.0,1.0,1.0,-1.0,1.0,-1.0,-1.0,1.0,1.0,-1.0,1.0,1.0,1.0,1.0,-1.0,-1.0,1.0,1.0,-1.0,-1.0,-1.0	0.9683723,0.53399163,-0.26455617,-0.17763901,0.08336821,2.4029088,-0.27913922,0.9886526,-0.046285156,-1.018774,0.07689707,0.24046782,-0.76471597,1.1263008,0.71627015,0.62750083,0.74719286,-1.6761883,-0.09993298,0.9253707,1.0904226,-0.06666399,-1.7673655,-0.543745
../data/train_data_mmini/3/Train_0013.jpg	3	1.0,-1.0,1.0,-1.0,-1.0,1.0,-1.0,1.0,-1.0,-1.0,-1.0,1.0,1.0,1.0,-1.0,1.0,1.0,-1.0,1.0,1.0,1.0,1.0,-1.0,-1.0	0.5550825,-1.1385809,0.041115187,-0.6525477,-0.4350153,2.565452,-0.45711768,0.22211964,-0.6274025,-0.9816164,-0.20371135,0.09844345,0.12499507,0.68318295,-0.008395053,0.7797615,0.8853439,-1.532301,0.08068718,0.8446182,0.3277592,0.7082698,-1.423928,-1.3698994
../data/train_data_mmini/3/Train_0014.jpg	3	1.0,1.0,-1.0,-1.0,1.0,1.0,1.0,1.0,1.0,-1.0,1.0,-1.0,1.0,1.0,-1.0,1.0,1.0,-1.0,1.0,-1.0,1.0,-1.0,-1.0,-1.0	0.17307575,0.16550326,-0.20559102,-0.26782644,0.42004362,1.8268892,0.22165474,0.19401738,0.04814471,-0.5464552,0.33302155,-0.18460134,0.1814691,0.3556816,-0.21298882,0.5957382,1.407009,-1.3000257,0.30970156,-0.07290036,0.38482255,-0.4465653,-1.0964073,-0.36670473
../data/train_data_mmini/4/Train_0015.jpg	4	1.0,1.0,-1.0,1.0,-1.0,1.0,1.0,1.0,1.0,1.0,-1.0,1.0,1.0,-1.0,1.0,1.0,1.0,-1.0,1.0,-1.0,1.0,1.0,-1.0,1.0	1.0933396,1.4536699,-1.8396989,1.0544039,-0.64468074,1.3769289,0.53138334,0.37951875,0.43067127,1.0509742,-0.51761985,0.34933567,1.1099848,-0.49707824,1.1276175,0.46014577,1.1522013,-1.2232523,0.08944626,-0.8892708,0.6575994,0.08262717,-1.0779642,0.33820137
../data/train_data_mmini/4/Train_0016.jpg	4	1.0,1.0,1.0,1.0,1.0,1.0,-1.0,1.0,-1.0,-1.0,1.0,1.0,1.0,1.0,-1.0,1.0,1.0,-1.0,1.0,1.0,1.0,-1.0,-1.0,-1.0	0.39228797,0.17802462,1.1741011,0.32678407,0.83063674,1.9933844,-0.24544945,0.9218018,-0.1737955,-0.49344012,1.3875608,0.08423653,0.09078498,0.633517,-0.3226706,0.49143374,1.5153996,-1.461587,0.38371742,0.124490045,0.6126358,-0.91679543,-0.5949147,-0.22084798
../data/train_data_mmini/4/Train_0017.jpg	4	1.0,-1.0,1.0,-1.0,1.0,1.0,-1.0,1.0,-1.0,-1.0,1.0,-1.0,-1.0,1.0,1.0,1.0,1.0,-1.0,1.0,1.0,1.0,1.0,-1.0,-1.0	0.6534728,-1.304237,0.8481837,-1.0529476,0.28878048,3.0251136,-0.40946093,1.0395019,-0.71008426,-1.4692072,0.2695283,-0.06475118,-0.2567917,0.9807804,0.0886923,0.742107,0.32061115,-1.4869039,0.33979392,0.9592358,0.9849968,0.25287968,-1.2930238,-1.1526129
../data/train_data_mmini/4/Train_0018.jpg	4	1.0,-1.0,1.0,1.0,1.0,1.0,-1.0,1.0,-1.0,-1.0,1.0,-1.0,1.0,1.0,-1.0,1.0,1.0,-1.0,1.0,1.0,1.0,-1.0,1.0,-1.0	0.023669377,-0.3182255,0.36065263,0.18479782,0.94765484,1.830921,-0.23282176,0.38626754,-0.12060864,-0.661816,1.2855985,-0.077870995,0.38339645,0.32638237,-0.8657264,0.59515214,1.5515172,-1.259583,0.6139768,0.16159286,0.37483996,-0.8732365,0.047269154,-0.08438485
../data/train_data_mmini/4/Train_0019.jpg	4	1.0,-1.0,1.0,-1.0,-1.0,1.0,-1.0,1.0,-1.0,-1.0,-1.0,-1.0,-1.0,1.0,1.0,1.0,1.0,-1.0,-1.0,1.0,1.0,1.0,-1.0,-1.0	0.22565432,-0.40170085,0.16199985,-1.1829234,-0.47466943,2.2338228,-0.0685519,0.49085677,-0.40308428,-0.87434477,-0.8435119,-0.08238688,-0.14413236,0.8627477,0.4662376,0.54025507,1.1393276,-1.1736835,-0.7662763,0.5678013,0.630513,0.89395124,-1.9663637,-1.0644037
../data/train_data_mmini/5/Train_0020.jpg	5	1.0,1.0,-1.0,1.0,-1.0,-1.0,1.0,-1.0,1.0,1.0,-1.0,1.0,-1.0,-1.0,1.0,1.0,1.0,-1.0,-1.0,-1.0,1.0,-1.0,-1.0,1.0	0.64187694,3.470894,-1.0820075,1.2069039,-0.40295133,-0.29524377,0.52940685,-0.19928886,0.7054413,1.439217,-0.07006158,0.3827726,-0.1052116,-0.16075842,1.4018615,0.15231512,3.0065985,-0.5411296,-1.0082228,-1.1330717,0.34190464,-0.72671765,-1.7458179,0.6173514
../data/train_data_mmini/5/Train_0021.jpg	5	1.0,1.0,-1.0,1.0,-1.0,1.0,1.0,-1.0,1.0,1.0,-1.0,1.0,1.0,-1.0,1.0,1.0,1.0,-1.0,1.0,-1.0,1.0,-1.0,-1.0,1.0	0.9288608,2.4851398,-2.2523572,1.4853992,-0.5551002,0.85273236,0.7776564,-0.3702046,0.6420005,1.6338087,-1.0160916,0.3748031,0.8135376,-0.85543144,1.2823058,0.7882847,1.7323915,-1.1178279,0.007933274,-1.1534264,0.46477395,-0.23989023,-1.5125062,0.40249297
../data/train_data_mmini/5/Train_0022.jpg	5	1.0,1.0,-1.0,1.0,-1.0,-1.0,1.0,-1.0,1.0,1.0,-1.0,1.0,1.0,-1.0,1.0,1.0,1.0,-1.0,-1.0,-1.0,1.0,-1.0,-1.0,1.0	0.672309,3.3119547,-1.5087804,1.1043268,-0.36803696,-0.69506073,0.3746949,-0.44961745,0.72740406,1.4977793,-0.31859526,0.34877452,0.1448809,-0.43222976,1.4222974,0.09000109,3.0211842,-0.15611899,-0.80200607,-1.05946,0.30412441,-0.53245294,-1.8661659,0.523839
../data/train_data_mmini/5/Train_0023.jpg	5	1.0,1.0,-1.0,1.0,-1.0,-1.0,1.0,-1.0,1.0,1.0,-1.0,1.0,1.0,-1.0,1.0,1.0,1.0,-1.0,-1.0,-1.0,1.0,-1.0,-1.0,1.0	0.6826169,3.5967329,-1.5414181,1.5044057,-0.34470293,-0.45307732,0.57768065,-0.41680816,0.81645054,1.5749143,-0.31459484,0.38415125,0.053213846,-0.59178805,1.4710959,0.19169681,2.7178671,-0.5401963,-0.918268,-1.1920024,0.44497555,-0.78276175,-1.6488129,0.5769652
../data/train_data_mmini/5/Train_0024.jpg	5	1.0,1.0,-1.0,1.0,1.0,1.0,1.0,-1.0,1.0,1.0,-1.0,1.0,1.0,1.0,1.0,1.0,1.0,-1.0,-1.0,-1.0,1.0,-1.0,-1.0,1.0	0.6579688,2.5658145,-1.2337593,0.9770501,0.021792084,1.094502,0.6969884,-0.0039603002,0.36431062,1.0531641,-0.3518524,0.2332311,0.19066848,0.12686165,0.88123715,0.5920714,2.0344965,-1.2810745,-0.30213577,-0.9545881,0.44589952,-0.9427282,-1.5561583,0.31115732
../data/train_data_mmini/6/Train_0025.jpg	6	1.0,-1.0,1.0,-1.0,1.0,1.0,-1.0,1.0,-1.0,-1.0,1.0,-1.0,-1.0,1.0,-1.0,1.0,1.0,-1.0,-1.0,1.0,1.0,-1.0,-1.0,-1.0	0.130246,-1.4664807,2.5472097,-2.0539496,0.7578865,3.3657577,-0.66038305,1.0238942,-1.5711768,-2.4213877,0.3733121,-0.24942678,-1.0083288,2.3759782,-0.6635541,0.6854969,1.0182875,-1.7178302,-0.29131734,1.2569773,0.71959907,-0.8114561,-1.92571,-1.7657388
../data/train_data_mmini/6/Train_0026.jpg	6	1.0,1.0,1.0,1.0,1.0,1.0,1.0,1.0,1.0,1.0,1.0,-1.0,1.0,1.0,1.0,1.0,1.0,-1.0,-1.0,-1.0,1.0,-1.0,-1.0,1.0	0.5173325,1.6883419,0.060365893,0.22000527,0.7238482,0.98520964,0.6614406,0.33167753,0.5446004,0.49152958,0.9815563,-0.055597063,0.08308901,0.19604047,0.40690342,0.27234358,2.6184537,-0.8730228,-0.13686784,-0.73397905,0.016146965,-1.3840915,-0.61103463,0.44169736
../data/train_data_mmini/6/Train_0027.jpg	6	1.0,-1.0,1.0,-1.0,1.0,1.0,-1.0,1.0,-1.0,-1.0,1.0,-1.0,-1.0,1.0,-1.0,1.0,1.0,-1.0,1.0,1.0,1.0,-1.0,-1.0,-1.0	0.08833976,-1.3400567,2.0592146,-1.1004179,1.1741518,2.8060408,-0.22510156,0.97924185,-0.52195925,-2.2834573,1.4838086,-0.40989983,-0.59325194,1.2271984,-1.1055111,0.6327246,1.0257322,-1.9026905,0.64811486,0.78254026,0.44679636,-0.8398528,-0.5790736,-0.9439752
../data/train_data_mmini/6/Train_0028.jpg	6	-1.0,1.0,-1.0,1.0,1.0,1.0,1.0,1.0,1.0,1.0,1.0,-1.0,1.0,-1.0,-1.0,1.0,1.0,-1.0,1.0,-1.0,1.0,-1.0,-1.0,1.0	-0.0783454,0.5969142,-0.7934934,0.9139288,0.62591016,1.5418531,0.9703359,0.6210106,0.20219727,0.7376105,0.7877508,-0.22244361,0.49533314,-0.4565081,-0.13713637,0.7185449,1.0519022,-1.6272258,0.8820059,-0.73007846,0.023671485,-0.92407095,-0.564059,0.32913393
../data/train_data_mmini/6/Train_0029.jpg	6	1.0,-1.0,1.0,-1.0,1.0,1.0,-1.0,1.0,-1.0,-1.0,1.0,1.0,-1.0,1.0,-1.0,1.0,1.0,-1.0,-1.0,1.0,1.0,-1.0,-1.0,-1.0	0.49751508,-0.48369712,1.3706058,-1.1553228,0.608356,2.3998642,-0.8396984,0.25973102,-1.0426282,-1.5963455,0.01119135,0.22494856,-0.35795188,1.1699237,-0.13536373,0.6483258,1.6522859,-1.2692724,-0.517194,0.82101464,0.8366028,-0.044003375,-1.6725616,-1.1610861
../data/train_data_mmini/7/Train_0030.jpg	7	1.0,1.0,-1.0,1.0,1.0,1.0,-1.0,1.0,1.0,1.0,-1.0,1.0,-1.0,1.0,1.0,1.0,1.0,-1.0,-1.0,-1.0,1.0,-1.0,-1.0,1.0	0.92688656,2.4862316,-0.015241452,0.647238,0.18134716,0.74962646,-0.31464803,0.10475613,0.35350433,0.36295706,-0.079857185,0.35944918,-0.24566899,0.43365377,1.0394112,0.24305119,2.7822587,-0.72526747,-0.75319153,-0.32048827,0.6115843,-0.6293615,-2.004417,0.059606772
../data/train_data_mmini/7/Train_0031.jpg	7	1.0,1.0,1.0,-1.0,1.0,1.0,-1.0,1.0,-1.0,-1.0,1.0,1.0,-1.0,1.0,-1.0,1.0,1.0,-1.0,-1.0,1.0,1.0,-1.0,-1.0,-1.0	0.5896687,0.32791924,0.80331403,-0.33533353,0.7952421,1.7750751,-1.0027682,0.24155198,-0.37978032,-1.0807704,0.7522641,0.017773453,-0.34109986,0.6505338,-0.1565828,0.66393757,2.384731,-1.1745461,-0.12787326,0.6234731,0.48219684,-0.7106773,-1.4924215,-0.72140485
../data/train_data_mmini/7/Train_0032.jpg	7	1.0,-1.0,1.0,-1.0,1.0,1.0,1.0,1.0,-1.0,-1.0,1.0,-1.0,1.0,1.0,-1.0,1.0,1.0,-1.0,1.0,1.0,1.0,-1.0,-1.0,-1.0	0.28375703,-2.01107,0.43907195,-0.6848055,0.96947646,3.7232738,0.082647085,1.3046906,-0.5717606,-1.6955351,0.72648674,-0.33674783,0.18503626,1.0144243,-0.90036756,1.0352584,0.25974163,-2.4671657,1.2337148,0.7958322,0.7594284,-0.09729118,-0.43105376,-0.9111876
../data/train_data_mmini/7/Train_0033.jpg	7	1.0,1.0,1.0,-1.0,1.0,1.0,-1.0,1.0,1.0,-1.0,1.0,1.0,-1.0,1.0,1.0,1.0,1.0,-1.0,-1.0,-1.0,1.0,-1.0,-1.0,-1.0	0.35564828,1.6861814,0.9801689,-0.1734435,0.9526249,1.2311391,-0.06594062,0.22439532,0.13928695,-0.50469625,0.83571327,0.08759093,-0.58237803,0.89928025,0.2601281,0.4336779,2.8495958,-0.852591,-0.5304623,-0.13838054,0.45362237,-1.161953,-1.5580877,-0.13696267
../data/train_data_mmini/7/Train_0034.jpg	7	-1.0,-1.0,1.0,-1.0,1.0,1.0,1.0,1.0,-1.0,-1.0,1.0,-1.0,1.0,1.0,-1.0,1.0,1.0,-1.0,1.0,1.0,1.0,-1.0,-1.0,-1.0	-0.48978925,-1.9827584,0.9004584,-0.88254714,0.71394587,3.6745927,1.207001,1.5000892,-0.8469723,-1.3209122,0.8617095,-0.6452907,0.014654887,1.0943834,-1.3162223,0.6293203,0.06663303,-2.8496954,1.2998257,0.08322605,0.047163494,-0.9710524,-0.34437633,-0.59513867
../data/train_data_mmini/8/Train_0035.jpg	8	1.0,1.0,-1.0,-1.0,1.0,1.0,-1.0,1.0,-1.0,-1.0,-1.0,1.0,-1.0,1.0,1.0,1.0,1.0,-1.0,1.0,1.0,1.0,-1.0,-1.0,-1.0	0.64194316,0.82703274,-0.2287322,-0.103438914,0.40755454,1.2663177,-0.68135005,0.05000351,-0.1877368,-0.6563559,-0.034102995,0.10957879,-0.15784262,0.51542413,0.036979757,0.5635689,2.2886841,-1.1432421,0.00082443655,0.1912426,0.5517591,-0.53121245,-1.8419489,-0.5415923
../data/train_data_mmini/8/Train_0036.jpg	8	1.0,1.0,1.0,-1.0,1.0,1.0,-1.0,1.0,-1.0,-1.0,1.0,-1.0,-1.0,1.0,-1.0,1.0,1.0,-1.0,-1.0,1.0,1.0,-1.0,-1.0,-1.0	0.17373236,0.067921214,1.5392436,-0.5567208,1.268649,2.009153,-0.8759874,0.5935724,-0.589818,-1.3743573,1.2548087,-0.09230715,-0.37604785,1.1728705,-0.58314145,0.6491294,2.6247077,-1.1995102,-0.13228424,0.44786322,0.43994448,-1.168681,-1.5184082,-0.53745025
../data/train_data_mmini/8/Train_0037.jpg	8	1.0,1.0,1.0,-1.0,1.0,1.0,1.0,1.0,-1.0,-1.0,1.0,-1.0,1.0,1.0,-1.0,1.0,1.0,-1.0,1.0,-1.0,1.0,-1.0,-1.0,-1.0	0.26380593,0.07203596,0.5165526,-0.15376455,1.0829175,2.656792,0.46659902,0.7503791,-0.11002682,-0.48677653,1.0645227,-0.093206674,0.19483615,0.7663472,-0.41897544,0.8387878,1.647213,-1.8427645,0.59251785,-0.22488351,0.17654356,-1.1739365,-0.77521694,-0.0062280195
../data/train_data_mmini/8/Train_0038.jpg	8	1.0,1.0,1.0,1.0,1.0,1.0,-1.0,1.0,-1.0,-1.0,1.0,1.0,-1.0,1.0,1.0,1.0,1.0,-1.0,1.0,1.0,1.0,-1.0,-1.0,-1.0	0.6674866,0.5064859,0.1498253,0.02523559,0.34695902,1.7296293,-0.4216231,0.35478428,-0.1916989,-0.72827595,0.14557211,0.11285418,-0.10079126,0.2577983,0.12980214,0.55419624,2.0661979,-1.3413628,0.05417134,0.12463499,0.47350568,-0.42895862,-1.5508652,-0.43528628
../data/train_data_mmini/8/Train_0039.jpg	8	1.0,1.0,1.0,-1.0,1.0,1.0,-1.0,1.0,-1.0,-1.0,1.0,1.0,-1.0,1.0,-1.0,1.0,1.0,-1.0,-1.0,1.0,1.0,-1.0,-1.0,-1.0	0.48050487,0.03468149,0.5849076,-0.7958607,0.89129686,1.9772153,-0.84225273,0.27430677,-0.69586927,-1.4417281,0.3568652,0.02863026,-0.49367553,1.2108022,-0.35368332,0.7028668,2.2074924,-1.229234,-0.061126396,0.5634725,0.5632719,-0.4761363,-2.000723,-0.93858063
../data/train_data_mmini/9/Train_0040.jpg	9	1.0,1.0,-1.0,1.0,-1.0,1.0,1.0,-1.0,1.0,1.0,-1.0,1.0,1.0,-1.0,1.0,1.0,1.0,-1.0,-1.0,-1.0,1.0,-1.0,-1.0,1.0	0.9399776,3.0258133,-1.900577,1.3367633,-0.46436474,0.45065367,0.80260426,-0.2228039,0.7073884,1.7410511,-0.5112698,0.5126801,0.6545607,-0.5372337,1.4730424,0.38691545,2.4300883,-0.8165591,-0.41673255,-1.373552,0.43065485,-0.505543,-1.73311,0.7603599
../data/train_data_mmini/9/Train_0041.jpg	9	-1.0,-1.0,1.0,-1.0,1.0,1.0,-1.0,1.0,-1.0,-1.0,1.0,-1.0,-1.0,1.0,-1.0,1.0,1.0,-1.0,-1.0,1.0,1.0,-1.0,-1.0,-1.0	-0.20886962,-0.07147724,1.2112145,-0.73918015,1.1180706,1.6684035,-0.22200671,0.5867249,-0.50200033,-1.3442056,1.5273418,-0.2595628,-0.9593475,1.4672098,-0.68803823,0.42749,2.2053845,-1.4776789,-0.00046677887,0.64768285,0.17080352,-0.85943854,-1.1739662,-0.46176326
../data/train_data_mmini/9/Train_0042.jpg	9	1.0,1.0,-1.0,1.0,-1.0,1.0,1.0,1.0,1.0,1.0,-1.0,1.0,1.0,-1.0,1.0,1.0,1.0,-1.0,1.0,-1.0,1.0,-1.0,-1.0,1.0	0.7900375,1.1128223,-1.7183617,0.83727777,-0.51837134,1.8953273,0.88873196,0.4956653,0.1643054,0.98838407,-0.24742527,0.45279023,1.0922929,-0.30627716,0.85783577,0.6232754,1.0324153,-1.6865036,0.3177244,-0.87363845,0.2999586,-0.23551764,-1.0459595,0.4046425
../data/train_data_mmini/9/Train_0043.jpg	9	1.0,1.0,-1.0,1.0,-1.0,1.0,1.0,-1.0,1.0,1.0,-1.0,1.0,1.0,-1.0,1.0,1.0,1.0,-1.0,-1.0,-1.0,1.0,-1.0,-1.0,1.0	0.7182711,2.279908,-1.4490827,0.7960402,-0.55479324,0.18705666,0.34585658,-0.35692307,0.47371462,1.2221682,-0.34151885,0.33469513,0.5058495,-0.3925709,1.0615555,0.43540317,2.6799562,-0.48457882,-0.31941706,-1.0133804,0.14878082,-0.22621344,-1.7419683,0.36029318
../data/train_data_mmini/9/Train_0044.jpg	9	1.0,1.0,1.0,-1.0,-1.0,1.0,-1.0,1.0,-1.0,-1.0,-1.0,1.0,-1.0,1.0,1.0,1.0,1.0,-1.0,-1.0,1.0,1.0,1.0,-1.0,-1.0	1.0600579,0.74368703,0.15114605,-0.52609974,-0.29897174,2.0547848,-0.4623536,0.33831766,-0.42504364,-0.8277035,-0.6436836,0.27381292,-0.17741351,0.559779,0.88270086,0.5301225,1.5986692,-1.1797806,-0.45625585,0.33088794,0.8638834,0.17221229,-2.0655937,-0.75674874
../data/train_data_mmini/10/Train_0045.jpg	10	1.0,-1.0,1.0,-1.0,1.0,1.0,-1.0,1.0,-1.0,-1.0,1.0,-1.0,-1.0,1.0,-1.0,1.0,1.0,-1.0,1.0,1.0,1.0,-1.0,-1.0,-1.0	0.15098839,-3.2656965,2.2381043,-2.3350654,1.8934623,3.4656205,-1.1962278,1.2443469,-1.1034038,-3.5162482,1.377842,-0.4598545,-0.8945541,2.5702736,-1.7701985,0.87662756,0.8010436,-1.7742939,0.30873352,1.8029629,0.5849928,-0.14580376,-1.4532608,-2.0543208
../data/train_data_mmini/10/Train_0046.jpg	10	1.0,-1.0,1.0,-1.0,1.0,1.0,1.0,1.0,-1.0,-1.0,1.0,-1.0,1.0,1.0,-1.0,1.0,-1.0,-1.0,1.0,1.0,1.0,1.0,-1.0,-1.0	0.43394285,-2.1123896,0.88340914,-0.83682615,0.13832048,3.4303231,0.22681323,1.0027367,-0.8880835,-1.6552064,0.26876315,-0.1372366,0.14588644,0.6983385,-0.37709492,0.6904923,-0.2824319,-1.7786148,0.8598742,0.5599864,0.84370995,0.32785028,-0.649692,-1.3222256
../data/train_data_mmini/10/Train_0047.jpg	10	1.0,-1.0,1.0,-1.0,1.0,1.0,-1.0,1.0,-1.0,-1.0,1.0,-1.0,1.0,1.0,-1.0,1.0,1.0,-1.0,1.0,1.0,1.0,-1.0,-1.0,-1.0	0.3236938,-1.7488573,0.87183577,-1.156256,0.870612,3.6260612,-0.5058661,0.8684551,-0.98159784,-1.8663086,0.35673645,-0.3448655,0.1316277,1.3249265,-1.0046138,1.0073466,1.1863116,-2.013345,0.30292356,0.6675394,0.6449022,-0.337521,-1.477992,-1.5365597
../data/train_data_mmini/10/Train_0048.jpg	10	1.0,-1.0,1.0,-1.0,1.0,1.0,-1.0,1.0,-1.0,-1.0,1.0,-1.0,-1.0,1.0,-1.0,1.0,1.0,-1.0,-1.0,1.0,1.0,1.0,-1.0,-1.0	0.38989908,-2.2401552,1.8896177,-2.1200786,0.85928154,3.48434,-1.342704,1.0678539,-1.4202845,-3.2797625,0.24520199,-0.44034314,-1.1325172,2.4103196,-0.8430665,0.7220468,1.0848402,-1.7272227,-0.3031193,1.8426646,1.0988022,0.43899608,-2.2711918,-2.3214064
../data/train_data_mmini/10/Train_0049.jpg	10	1.0,-1.0,1.0,-1.0,1.0,1.0,-1.0,1.0,-1.0,-1.0,1.0,-1.0,-1.0,1.0,-1.0,1.0,1.0,-1.0,1.0,1.0,1.0,-1.0,-1.0,-1.0	0.37371224,-0.34117115,0.32543096,-0.6381665,0.89025223,2.2505906,-0.4533949,0.4038512,-0.45872405,-1.2919042,0.33731762,-0.11299968,-0.28406936,0.99652916,-0.5832615,0.80640924,1.7709016,-1.5219762,0.28650397,0.41184765,0.4927463,-0.5955665,-1.5547307,-0.8060018
