../data/train_data_mmini/1/Train_0000.jpg	1	1.0,1.0,1.0,-1.0,1.0,1.0,-1.0,1.0	0.28726575,0.7507758,0.5407558,-0.36458838,1.9355493,0.28670287,-1.5808935,2.843012
../data/train_data_mmini/1/Train_0001.jpg	1	-1.0,1.0,1.0,-1.0,1.0,1.0,-1.0,-1.0	-1.9546157,2.3484619,2.6800387,-1.0934212,0.25388107,2.655993,-0.8580522,-0.9006012
../data/train_data_mmini/1/Train_0002.jpg	1	1.0,1.0,1.0,-1.0,-1.0,-1.0,-1.0,-1.0	0.1793396,2.34256,2.586484,-2.2430873,-0.6119028,-2.9894705,-1.1816587,-0.71598065
../data/train_data_mmini/1/Train_0003.jpg	1	-1.0,1.0,-1.0,-1.0,1.0,1.0,-1.0,1.0	-0.30578646,0.55102205,-2.6869946,-0.41704708,1.7125815,1.6139683,-2.8134997,0.87558866
../data/train_data_mmini/1/Train_0004.jpg	1	1.0,-1.0,1.0,-1.0,1.0,1.0,-1.0,1.0	0.9179697,-0.6417782,0.84583426,-1.2280357,0.85610676,1.8455583,-1.7273071,3.2654243
../data/train_data_mmini/2/Train_0005.jpg	2	1.0,1.0,-1.0,-1.0,1.0,-1.0,1.0,-1.0	0.122573175,0.8645038,-0.18633674,-0.1063927,0.6212165,-0.7475703,2.5923703,-0.4994164
../data/train_data_mmini/2/Train_0006.jpg	2	1.0,-1.0,1.0,1.0,-1.0,-1.0,-1.0,-1.0	0.8931564,-0.6144391,1.9741493,2.311534,-0.064748585,-1.6429201,-0.28204778,-1.998505
../data/train_data_mmini/2/Train_0007.jpg	2	-1.0,1.0,-1.0,1.0,1.0,1.0,1.0,1.0	-2.371961,0.2468891,-1.1474034,0.13188325,0.37677738,0.10473681,0.27771634,4.272063
../data/train_data_mmini/2/Train_0008.jpg	2	1.0,-1.0,1.0,-1.0,1.0,1.0,1.0,1.0	0.1364222,-0.440719,3.4381661,-1.9086615,0.022256102,0.1670968,0.8317402,1.0772303
../data/train_data_mmini/2/Train_0009.jpg	2	1.0,1.0,-1.0,1.0,1.0,1.0,1.0,1.0	1.340406,1.3646591,-0.25342762,1.5616766,1.3511912,0.041958816,2.476756,1.5312289
../data/train_data_mmini/3/Train_0010.jpg	3	1.0,1.0,1.0,-1.0,1.0,1.0,1.0,-1.0	0.39401034,1.6547524,0.7722664,-0.53501135,0.8067299,4.5147476,2.3380888,-0.18691713
../data/train_data_mmini/3/Train_0011.jpg	3	1.0,1.0,1.0,-1.0,1.0,-1.0,1.0,1.0	1.3565123,2.2306757,2.4212382,-3.411584,1.139552,-0.70702595,0.6325717,0.26505613
../data/train_data_mmini/3/Train_0012.jpg	3	-1.0,1.0,1.0,-1.0,1.0,1.0,-1.0,-1.0	-0.31046554,2.0332944,2.3658597,-0.55532676,1.5577888,0.1552085,-2.3800707,-2.2959447
../data/train_data_mmini/3/Train_0013.jpg	3	1.0,1.0,1.0,-1.0,-1.0,1.0,1.0,-1.0	2.241761,1.7791243,3.697144,-0.66767454,-2.684663,0.35665256,0.0685957,-1.1582667
../data/train_data_mmini/3/Train_0014.jpg	3	1.0,-1.0,-1.0,-1.0,1.0,1.0,1.0,1.0	1.9779738,-0.0006015473,-0.52804106,-1.6310074,1.2140467,1.3475533,3.0619972,0.46719056
../data/train_data_mmini/4/Train_0015.jpg	4	-1.0,-1.0,1.0,-1.0,1.0,-1.0,-1.0,1.0	-0.83257926,-1.90003,2.3441284,-0.19232027,2.360806,-2.8803258,-0.61562586,0.5696868
../data/train_data_mmini/4/Train_0016.jpg	4	-1.0,1.0,1.0,-1.0,1.0,-1.0,1.0,-1.0	-1.416077,3.3906934,0.8223019,-2.2622368,0.9448246,-0.7738781,0.6886186,-1.9668108
../data/train_data_mmini/4/Train_0017.jpg	4	-1.0,1.0,1.0,-1.0,1.0,-1.0,1.0,-1.0	-0.2848691,2.056531,2.570866,-0.4836421,1.7456913,-1.4605937,0.17096315,-4.101472
../data/train_data_mmini/4/Train_0018.jpg	4	1.0,1.0,-1.0,-1.0,1.0,-1.0,1.0,1.0	1.4796966,0.7777389,-0.73601913,-1.758345,1.1441479,-0.60824376,2.2005198,1.8528577
../data/train_data_mmini/4/Train_0019.jpg	4	1.0,-1.0,1.0,1.0,-1.0,-1.0,-1.0,-1.0	2.4881294,-0.44233584,1.4289583,0.9696453,-1.7785349,-0.9335451,-0.9352498,-3.1097798
../data/train_data_mmini/5/Train_0020.jpg	5	-1.0,-1.0,-1.0,-1.0,-1.0,1.0,-1.0,1.0	-2.427678,-0.0064641708,-1.5527318,-0.5217325,-2.201658,0.3255787,-1.3651259,0.69453746
../data/train_data_mmini/5/Train_0021.jpg	5	1.0,-1.0,1.0,-1.0,-1.0,-1.0,-1.0,1.0	1.8793561,-2.3138006,0.15112872,-2.5994413,-0.12256035,-0.693764,-0.39418784,2.2706156
../data/train_data_mmini/5/Train_0022.jpg	5	-1.0,-1.0,1.0,1.0,1.0,1.0,1.0,1.0	-1.7580585,-1.1844591,0.81667066,2.4846206,0.078079015,0.8064653,0.68015546,1.8951263
../data/train_data_mmini/5/Train_0023.jpg	5	-1.0,-1.0,-1.0,1.0,-1.0,1.0,-1.0,1.0	-1.365082,-0.65704584,-1.9125304,0.115635395,-0.21545292,1.1239249,-1.7912148,3.1199374
../data/train_data_mmini/5/Train_0024.jpg	5	1.0,1.0,-1.0,-1.0,1.0,1.0,1.0,1.0	0.5875579,0.5003151,-0.4017731,-0.093781695,2.5459437,0.27379638,0.12516735,3.0904028
../data/train_data_mmini/6/Train_0025.jpg	6	1.0,1.0,-1.0,1.0,1.0,-1.0,1.0,-1.0	1.6829708,2.180687,-0.6125123,0.13601665,1.4330509,-1.1589543,1.1726867,-4.553937
../data/train_data_mmini/6/Train_0026.jpg	6	-1.0,1.0,-1.0,-1.0,1.0,1.0,1.0,1.0	-0.22926742,1.245217,-2.6214206,-1.649666,1.6592156,1.1238095,2.0869043,1.002647
../data/train_data_mmini/6/Train_0027.jpg	6	-1.0,1.0,1.0,-1.0,1.0,1.0,1.0,-1.0	-0.6195404,3.3081393,0.1404973,-1.7391354,0.18655291,1.5415778,3.2388315,-1.5216821
../data/train_data_mmini/6/Train_0028.jpg	6	-1.0,1.0,1.0,-1.0,-1.0,-1.0,1.0,1.0	-0.56547034,2.3781478,1.8947207,-2.4812634,-0.30235842,-0.72275966,1.4113066,1.7038342
../data/train_data_mmini/6/Train_0029.jpg	6	1.0,1.0,1.0,1.0,1.0,1.0,-1.0,-1.0	6.028626,3.3960571,1.4516582,0.38276345,0.09858969,0.23385954,-0.21455611,-1.1864136
../data/train_data_mmini/7/Train_0030.jpg	7	-1.0,1.0,-1.0,1.0,1.0,-1.0,1.0,-1.0	-0.7447303,0.8957971,-0.18478282,1.9437857,0.50189894,-2.4035592,0.74241585,-0.56838346
../data/train_data_mmini/7/Train_0031.jpg	7	1.0,1.0,1.0,-1.0,-1.0,-1.0,1.0,-1.0	0.20606163,2.6467428,1.3387274,-0.03810756,-0.85064393,-0.39255506,2.5483909,-1.4134333
../data/train_data_mmini/7/Train_0032.jpg	7	1.0,1.0,1.0,-1.0,-1.0,1.0,1.0,-1.0	0.9077244,1.0233163,2.1066053,-3.8942804,-0.82556766,0.9313096,2.98117,-0.37738478
../data/train_data_mmini/7/Train_0033.jpg	7	1.0,1.0,-1.0,1.0,1.0,1.0,1.0,1.0	0.32731074,3.291583,-0.1843576,1.463981,1.4878949,0.30714065,1.4859056,0.009655889
../data/train_data_mmini/7/Train_0034.jpg	7	1.0,1.0,1.0,-1.0,1.0,1.0,1.0,1.0	2.0545576,1.566559,0.18771787,-4.308763,0.74234134,2.446747,3.2870958,1.2823874
../data/train_data_mmini/8/Train_0035.jpg	8	1.0,1.0,1.0,1.0,1.0,1.0,1.0,1.0	2.055903,1.0273961,2.1416152,2.4122267,1.8535805,0.7979131,2.9253035,1.7295862
../data/train_data_mmini/8/Train_0036.jpg	8	-1.0,1.0,-1.0,1.0,1.0,-1.0,1.0,-1.0	-0.44205216,2.663221,-0.0024674688,1.7264856,1.932621,-4.1690516,4.5094223,-1.6588873
../data/train_data_mmini/8/Train_0037.jpg	8	1.0,1.0,-1.0,-1.0,1.0,-1.0,1.0,1.0	0.25336695,2.97597,-0.16271143,-2.7547002,1.9020875,-0.06295817,2.974867,0.8667157
../data/train_data_mmini/8/Train_0038.jpg	8	-1.0,1.0,1.0,1.0,1.0,1.0,1.0,-1.0	-0.72735494,1.3099531,3.2384355,0.5866423,0.61464435,0.78016424,2.7980645,-1.1640816
../data/train_data_mmini/8/Train_0039.jpg	8	1.0,1.0,1.0,1.0,1.0,-1.0,1.0,1.0	4.1215158,3.4404044,3.20014,2.698697,2.194958,-0.33617407,2.1961682,0.49465448
../data/train_data_mmini/9/Train_0040.jpg	9	-1.0,-1.0,1.0,-1.0,1.0,-1.0,-1.0,1.0	-0.09712871,-0.37233508,0.10706169,-0.5103403,1.9762976,-1.0451009,-0.5856269,1.9106686
../data/train_data_mmini/9/Train_0041.jpg	9	1.0,1.0,1.0,-1.0,-1.0,1.0,1.0,-1.0	0.99602234,4.5028152,1.0362216,-1.5596744,-2.4104724,0.7440385,2.019675,-0.0974378
../data/train_data_mmini/9/Train_0042.jpg	9	1.0,1.0,1.0,-1.0,1.0,-1.0,-1.0,1.0	0.8132564,0.13142614,1.9249005,-2.7167125,1.7022939,-0.9943409,-1.8049189,0.1863215
../data/train_data_mmini/9/Train_0043.jpg	9	-1.0,-1.0,1.0,1.0,1.0,-1.0,1.0,1.0	-0.53602743,-1.3202313,0.52977306,1.021555,0.030387785,-1.286093,2.3705945,2.143226
../data/train_data_mmini/9/Train_0044.jpg	9	1.0,1.0,1.0,1.0,1.0,1.0,-1.0,-1.0	1.6733693,0.97509694,1.7623098,1.5945266,1.8036969,0.09640441,-1.5236849,-2.9717107
../data/train_data_mmini/10/Train_0045.jpg	10	1.0,1.0,1.0,1.0,1.0,1.0,1.0,1.0	4.8968763,3.903804,2.3374467,1.4966409,1.1236718,1.958022,3.9486196,0.10263306
../data/train_data_mmini/10/Train_0046.jpg	10	1.0,1.0,1.0,-1.0,1.0,1.0,1.0,-1.0	2.08934,1.8489596,3.0543203,-1.5842828,2.6491601,1.450699,0.20535587,-2.692645
../data/train_data_mmini/10/Train_0047.jpg	10	1.0,1.0,1.0,-1.0,1.0,-1.0,1.0,-1.0	3.5059154,1.5262369,1.1513702,-0.92253,1.3556939,-0.28518835,4.1151958,-0.32219177
../data/train_data_mmini/10/Train_0048.jpg	10	1.0,1.0,1.0,1.0,1.0,1.0,1.0,-1.0	4.9974866,1.8435185,3.3375034,3.2477212,0.522941,0.6547891,0.93807673,-3.2059736
../data/train_data_mmini/10/Train_0049.jpg	10	1.0,1.0,1.0,1.0,1.0,1.0,1.0,1.0	3.248297,2.1093311,2.4819243,0.39603716,1.9697394,0.6042416,3.259191,0.85564506
