../data/train_data_mmini/1/Train_0000.jpg	1	-1.0,-1.0,-1.0,1.0,-1.0,-1.0,1.0,-1.0,1.0,-1.0,1.0,1.0,-1.0,-1.0,1.0,1.0,-1.0,-1.0,1.0,1.0,-1.0,-1.0,-1.0,1.0	-3.0656834,-3.8538487,-1.3087698,5.9700327,-1.8041021,-1.5648069,1.4596332,-1.932738,0.40640354,-2.1944013,1.5849931,2.5770903,-3.9554417,-2.864878,1.9061462,2.422478,-1.1741567,-0.37698972,1.6516585,3.4483223,-1.2650672,-0.28839758,-2.410918,0.58544874
../data/train_data_mmini/1/Train_0001.jpg	1	-1.0,-1.0,-1.0,1.0,-1.0,-1.0,1.0,-1.0,1.0,-1.0,1.0,1.0,-1.0,-1.0,1.0,1.0,-1.0,-1.0,1.0,1.0,-1.0,-1.0,-1.0,1.0	-3.3198469,-4.3100595,-1.7042619,6.7723784,-2.1381164,-1.707279,2.0231931,-2.3440151,0.46606427,-2.4038775,1.8684654,2.9868238,-4.5385785,-3.171297,2.133933,2.638473,-1.3890901,-0.4676586,1.9837323,4.0087175,-1.3930818,-0.45772737,-2.9184742,0.7925657
../data/train_data_mmini/1/Train_0002.jpg	1	-1.0,-1.0,-1.0,1.0,-1.0,-1.0,1.0,-1.0,1.0,-1.0,1.0,1.0,-1.0,-1.0,1.0,1.0,-1.0,-1.0,1.0,1.0,-1.0,-1.0,-1.0,1.0	-3.0817163,-3.8269238,-1.0437533,5.5394692,-1.784342,-1.2578204,1.8324177,-1.8204387,0.46657905,-2.1137426,1.7271413,2.612357,-3.9972339,-2.5072424,1.7153584,2.1063125,-1.1302003,-0.37309554,1.5750363,3.2083905,-1.2951843,-0.34798566,-2.2795866,0.6831502
../data/train_data_mmini/1/Train_0003.jpg	1	-1.0,-1.0,-1.0,1.0,-1.0,-1.0,1.0,-1.0,1.0,-1.0,1.0,1.0,-1.0,-1.0,1.0,1.0,-1.0,-1.0,1.0,1.0,-1.0,-1.0,-1.0,1.0	-3.3514805,-4.1596394,-1.4892496,6.3062587,-1.7218789,-1.6981297,1.8177236,-2.1192913,0.54431397,-2.3414202,1.7579023,2.7696507,-4.279918,-2.9946349,2.0191176,2.5709429,-1.248553,-0.38664126,1.7763531,3.7150285,-1.3926511,-0.50338507,-2.502066,0.4999515
../data/train_data_mmini/1/Train_0004.jpg	1	-1.0,-1.0,-1.0,1.0,-1.0,-1.0,1.0,-1.0,1.0,-1.0,1.0,1.0,-1.0,-1.0,1.0,1.0,-1.0,-1.0,1.0,1.0,-1.0,-1.0,-1.0,1.0	-3.6598194,-4.4439926,-1.6456797,6.5449996,-1.9872351,-1.6662313,1.8822159,-2.2096593,0.45072883,-2.3742256,2.120019,2.8438678,-4.3157263,-2.9535697,2.113029,2.7119927,-1.204422,-0.3574278,1.7931418,3.962647,-1.4993129,-0.5848775,-2.7895415,0.38523996
../data/train_data_mmini/2/Train_0005.jpg	2	-1.0,-1.0,-1.0,1.0,-1.0,-1.0,1.0,-1.0,1.0,-1.0,1.0,1.0,-1.0,-1.0,1.0,1.0,-1.0,-1.0,1.0,1.0,-1.0,-1.0,-1.0,1.0	-3.262751,-4.6248527,-1.8827225,7.0027843,-2.10574,-1.8869456,2.095553,-2.509842,0.36774132,-2.3721757,1.9662554,3.034529,-4.7456226,-3.373321,2.2042758,2.786139,-1.3151395,-0.4256861,2.0124629,4.352382,-1.6785451,-0.67578036,-2.8460264,0.8225528
../data/train_data_mmini/2/Train_0006.jpg	2	-1.0,-1.0,-1.0,1.0,-1.0,-1.0,1.0,-1.0,1.0,-1.0,1.0,1.0,-1.0,-1.0,1.0,1.0,-1.0,-1.0,1.0,1.0,-1.0,-1.0,-1.0,1.0	-2.9617033,-4.287371,-1.4414552,6.2967873,-1.9481722,-2.1331959,1.8564053,-2.360347,0.1462442,-2.1437175,1.7198497,2.9225185,-5.1853356,-2.7373188,1.8639334,2.3020487,-1.2364161,-0.8103981,1.6089429,3.6309817,-1.5947137,-0.17302507,-2.423817,0.85167706
../data/train_data_mmini/2/Train_0007.jpg	2	-1.0,-1.0,-1.0,1.0,-1.0,-1.0,1.0,-1.0,1.0,-1.0,1.0,1.0,-1.0,-1.0,1.0,1.0,-1.0,-1.0,1.0,1.0,-1.0,-1.0,-1.0,1.0	-3.4459243,-4.160396,-1.3892974,6.185228,-1.6327397,-1.4042737,1.7584603,-2.124203,0.56582606,-2.4001894,1.9705552,2.6337104,-3.9534192,-2.9625998,2.240178,2.5860677,-1.2216121,-0.22380969,1.744857,3.8021688,-1.3640587,-0.40741083,-2.5803719,0.4303996
../data/train_data_mmini/2/Train_0008.jpg	2	-1.0,-1.0,-1.0,1.0,-1.0,-1.0,1.0,-1.0,1.0,-1.0,1.0,1.0,-1.0,-1.0,1.0,1.0,-1.0,-1.0,1.0,1.0,-1.0,-1.0,-1.0,1.0	-3.1921308,-4.3810573,-1.3818204,6.4595647,-2.079052,-1.8148257,1.9309962,-2.2701705,0.2672336,-2.2830229,1.7372413,3.0905993,-4.677069,-2.8561232,1.9912726,2.3587651,-1.1907648,-0.39025348,2.063006,3.713994,-1.4109229,-0.43416128,-2.3741987,0.82515424
../data/train_data_mmini/2/Train_0009.jpg	2	-1.0,-1.0,-1.0,1.0,-1.0,-1.0,1.0,-1.0,1.0,-1.0,1.0,1.0,-1.0,-1.0,1.0,1.0,-1.0,-1.0,1.0,1.0,-1.0,-1.0,-1.0,1.0	-3.4396114,-4.87638,-1.8395941,7.6418333,-2.388493,-2.07597,1.9235055,-2.7672873,0.16323838,-2.6750224,2.109948,3.3189433,-5.2267127,-3.6451502,2.6337938,3.0153627,-1.4618033,-0.9077284,2.020388,4.397399,-1.441152,-0.4327115,-3.161577,0.9542845
../data/train_data_mmini/3/Train_0010.jpg	3	-1.0,-1.0,-1.0,1.0,-1.0,-1.0,1.0,-1.0,1.0,-1.0,1.0,1.0,-1.0,-1.0,1.0,1.0,-1.0,-1.0,1.0,1.0,-1.0,-1.0,-1.0,1.0	-3.024242,-4.184493,-1.171419,5.576393,-1.7697592,-1.5718231,2.3465717,-2.2968957,0.06816031,-1.9685792,1.93014,2.948259,-4.53853,-2.203824,1.8275045,2.1573393,-0.9619013,-0.5588148,1.9581149,3.7068446,-1.2344445,-0.56185263,-2.248934,0.9215566
../data/train_data_mmini/3/Train_0011.jpg	3	-1.0,-1.0,-1.0,1.0,-1.0,-1.0,1.0,-1.0,1.0,-1.0,1.0,1.0,-1.0,-1.0,1.0,1.0,-1.0,-1.0,1.0,1.0,-1.0,-1.0,-1.0,1.0	-3.1272368,-3.8854358,-1.5003413,6.152427,-1.9757276,-1.1714767,1.8759623,-1.9799945,0.69005835,-2.2026136,2.0089028,2.5465052,-3.6306946,-2.984517,1.9394592,2.4386065,-1.2101448,-0.07932348,1.5509683,3.67505,-1.0948663,-0.48414162,-2.7223644,0.43288103
../data/train_data_mmini/3/Train_0012.jpg	3	-1.0,-1.0,-1.0,1.0,-1.0,-1.0,1.0,-1.0,1.0,-1.0,1.0,1.0,-1.0,-1.0,1.0,1.0,-1.0,-1.0,1.0,1.0,-1.0,-1.0,-1.0,1.0	-3.7379508,-4.5577507,-2.0607886,7.1480536,-2.5372612,-1.466281,2.0190797,-2.4201357,0.44240096,-2.5069807,2.6050835,2.8197165,-4.423127,-3.4404933,2.2585232,3.1870348,-1.4360374,-0.5628669,1.4969999,4.1260605,-1.5634646,-0.5666082,-3.3137805,0.26726004
../data/train_data_mmini/3/Train_0013.jpg	3	-1.0,-1.0,-1.0,1.0,-1.0,-1.0,1.0,-1.0,1.0,-1.0,1.0,1.0,-1.0,-1.0,1.0,1.0,-1.0,-1.0,1.0,1.0,-1.0,-1.0,-1.0,1.0	-3.452593,-4.89103,-1.6986706,7.0380464,-2.4666505,-2.0903058,2.231234,-2.538349,0.24902216,-2.548227,2.1339314,3.365659,-5.6763625,-2.978994,2.1426568,2.5521533,-1.6088355,-0.8084467,1.9139357,4.1893234,-1.6665289,-0.19821867,-2.6015973,0.98586494
../data/train_data_mmini/3/Train_0014.jpg	3	-1.0,-1.0,-1.0,1.0,-1.0,-1.0,1.0,-1.0,1.0,-1.0,1.0,1.0,-1.0,-1.0,1.0,1.0,-1.0,-1.0,1.0,1.0,-1.0,-1.0,-1.0,1.0	-3.4228055,-4.7393036,-1.8159277,7.083098,-2.373284,-1.764582,2.0633955,-2.5898092,0.27522722,-2.4485378,2.0349205,3.1443896,-4.835061,-3.432382,2.164549,2.9147267,-1.3478789,-0.5745536,1.847976,4.424595,-1.472707,-0.53291893,-2.8584545,0.8733236
../data/train_data_mmini/4/Train_0015.jpg	4	-1.0,-1.0,-1.0,1.0,-1.0,-1.0,1.0,-1.0,1.0,-1.0,1.0,1.0,-1.0,-1.0,1.0,1.0,-1.0,-1.0,1.0,1.0,-1.0,-1.0,-1.0,1.0	-3.2792149,-4.2481465,-1.4618273,6.533462,-2.2334092,-1.5880297,1.7760069,-2.034778,0.46682766,-2.415978,1.8638425,2.8256748,-4.3709807,-3.145749,2.05667,2.535051,-1.4401554,-0.54909384,1.6225231,3.6904466,-1.488975,-0.12804475,-2.529612,0.6909512
../data/train_data_mmini/4/Train_0016.jpg	4	-1.0,-1.0,-1.0,1.0,-1.0,-1.0,1.0,-1.0,1.0,-1.0,1.0,1.0,-1.0,-1.0,1.0,1.0,-1.0,-1.0,1.0,1.0,-1.0,-1.0,-1.0,1.0	-2.599418,-3.7214782,-1.4811945,5.932055,-1.8568305,-1.6085366,1.7130116,-1.9598157,0.29815522,-1.8975414,1.4159211,2.6925054,-4.1035423,-2.8200877,1.7669178,2.313119,-1.2232035,-0.43553454,1.7592735,3.4601598,-1.4235024,-0.46131942,-2.0950885,0.90035397
../data/train_data_mmini/4/Train_0017.jpg	4	-1.0,-1.0,-1.0,1.0,-1.0,-1.0,1.0,-1.0,1.0,-1.0,1.0,1.0,-1.0,-1.0,1.0,1.0,-1.0,-1.0,1.0,1.0,-1.0,-1.0,-1.0,1.0	-3.3922493,-4.8229804,-1.7664671,7.3409576,-2.4591725,-2.0934358,1.8645884,-2.58871,0.21793231,-2.3716834,2.0684338,3.233805,-5.423034,-3.2959645,2.1837077,2.933613,-1.5200272,-0.91818595,1.6442062,4.143168,-1.6668396,-0.389684,-2.9440556,0.9259893
../data/train_data_mmini/4/Train_0018.jpg	4	-1.0,-1.0,-1.0,1.0,-1.0,-1.0,1.0,-1.0,1.0,-1.0,1.0,1.0,-1.0,-1.0,1.0,1.0,-1.0,-1.0,1.0,1.0,-1.0,-1.0,-1.0,1.0	-2.3159616,-3.5732622,-1.2595434,5.306235,-1.8095616,-1.5769924,1.5945903,-2.0850885,0.10487503,-1.7170079,1.4781522,2.3611627,-3.6393533,-2.5991342,1.8107548,2.060315,-0.9288082,-0.5642053,1.4876772,3.271193,-1.1677446,-0.45667276,-2.1802416,0.76125973
../data/train_data_mmini/4/Train_0019.jpg	4	-1.0,-1.0,-1.0,1.0,-1.0,-1.0,1.0,-1.0,1.0,-1.0,1.0,1.0,-1.0,-1.0,1.0,1.0,-1.0,-1.0,1.0,1.0,-1.0,-1.0,-1.0,1.0	-3.6433048,-4.8688364,-1.7127359,6.9205337,-2.1219585,-1.919569,2.33876,-2.458072,0.40042564,-2.5738893,2.1428287,3.307676,-5.6239038,-2.860692,2.134795,2.517547,-1.5240366,-0.7167739,2.0000038,4.294759,-1.6502285,-0.43487662,-2.7513216,0.7648448
../data/train_data_mmini/5/Train_0020.jpg	5	-1.0,-1.0,-1.0,1.0,-1.0,-1.0,1.0,-1.0,1.0,-1.0,1.0,1.0,-1.0,-1.0,1.0,1.0,-1.0,-1.0,1.0,1.0,-1.0,-1.0,-1.0,1.0	-3.8012402,-4.810303,-1.6712211,7.1475263,-1.9668242,-1.7564679,2.1099312,-2.506122,0.5315922,-2.5914378,2.2686465,3.0598245,-4.784171,-3.3965194,2.4600763,2.936015,-1.3730218,-0.36499044,2.0331721,4.3837633,-1.6504166,-0.5874899,-2.901635,0.7455957
../data/train_data_mmini/5/Train_0021.jpg	5	-1.0,-1.0,-1.0,1.0,-1.0,-1.0,1.0,-1.0,1.0,-1.0,1.0,1.0,-1.0,-1.0,1.0,1.0,-1.0,-1.0,1.0,1.0,-1.0,-1.0,-1.0,1.0	-4.1044555,-5.4673834,-2.0967135,8.304393,-2.5576732,-2.1430275,2.326791,-2.8172364,0.48151585,-2.9658983,2.5336924,3.5599914,-5.5711956,-3.963251,2.6514642,3.1917012,-1.657052,-0.52599406,2.1836433,4.803324,-1.8026148,-0.53860915,-3.258762,0.667522
../data/train_data_mmini/5/Train_0022.jpg	5	-1.0,-1.0,-1.0,1.0,-1.0,-1.0,1.0,-1.0,1.0,-1.0,1.0,1.0,-1.0,-1.0,1.0,1.0,-1.0,-1.0,1.0,1.0,-1.0,-1.0,-1.0,1.0	-3.4285662,-4.2911415,-1.4118947,6.372922,-1.7788844,-1.6231215,1.8557086,-2.2631502,0.39433098,-2.3630507,1.9533697,2.8162918,-4.4581723,-2.9393902,2.1737146,2.6580672,-1.2190573,-0.46134412,1.8312755,3.9261727,-1.423814,-0.3750299,-2.6961398,0.62562764
../data/train_data_mmini/5/Train_0023.jpg	5	-1.0,-1.0,-1.0,1.0,-1.0,-1.0,1.0,-1.0,1.0,-1.0,1.0,1.0,-1.0,-1.0,1.0,1.0,-1.0,-1.0,1.0,1.0,-1.0,-1.0,-1.0,1.0	-3.1609857,-3.9368958,-1.2579546,5.9169464,-1.5439695,-1.4928786,1.6971056,-2.1542547,0.38523248,-2.2616513,1.7906203,2.4998002,-3.9391212,-2.8394203,2.194019,2.3560627,-1.0458177,-0.47837576,1.6879894,3.5463717,-1.2615938,-0.43907246,-2.5282798,0.50357664
../data/train_data_mmini/5/Train_0024.jpg	5	-1.0,-1.0,-1.0,1.0,-1.0,-1.0,1.0,-1.0,1.0,-1.0,1.0,1.0,-1.0,-1.0,1.0,1.0,-1.0,-1.0,1.0,1.0,-1.0,-1.0,-1.0,1.0	-3.8587184,-4.5656385,-1.6130924,6.907193,-1.9524615,-1.5470705,1.9733096,-2.3490407,0.53957886,-2.5912077,2.4184194,2.9778302,-4.359224,-3.2541971,2.2656767,2.8667347,-1.3737581,-0.25539556,1.795339,4.103891,-1.5346297,-0.44477648,-2.7567017,0.35346797
../data/train_data_mmini/6/Train_0025.jpg	6	-1.0,-1.0,-1.0,1.0,-1.0,-1.0,1.0,-1.0,1.0,-1.0,1.0,1.0,-1.0,-1.0,1.0,1.0,-1.0,-1.0,1.0,1.0,-1.0,-1.0,-1.0,1.0	-3.9970808,-4.8332324,-2.0081284,6.947771,-2.0630271,-1.4762866,2.3760638,-2.3178155,0.41157568,-2.544465,2.558849,3.2468936,-5.0186377,-2.8582132,1.9251012,2.8323076,-1.5206523,-0.26821592,2.039619,4.666856,-1.6692063,-0.67838883,-2.8193996,0.5241401
../data/train_data_mmini/6/Train_0026.jpg	6	-1.0,-1.0,-1.0,1.0,-1.0,-1.0,1.0,-1.0,1.0,-1.0,1.0,1.0,-1.0,-1.0,1.0,1.0,-1.0,-1.0,1.0,1.0,-1.0,-1.0,-1.0,1.0	-3.091928,-4.353457,-1.5292515,6.457778,-2.0367005,-1.8290805,1.7950845,-2.4589095,0.20622498,-2.313618,1.8694912,3.0170546,-4.4932337,-3.108864,2.190309,2.742681,-1.2087045,-0.7516069,1.643018,3.7972775,-1.3247874,-0.40780002,-2.7654243,0.86341286
../data/train_data_mmini/6/Train_0027.jpg	6	-1.0,-1.0,-1.0,1.0,-1.0,-1.0,1.0,-1.0,1.0,-1.0,1.0,1.0,-1.0,-1.0,1.0,1.0,-1.0,-1.0,1.0,1.0,-1.0,-1.0,-1.0,1.0	-2.6820102,-3.814648,-1.6228762,6.08027,-1.8889383,-1.4198394,1.8983511,-2.1820178,0.2030361,-2.1180837,1.8406425,2.664322,-3.88929,-2.9285183,1.9034961,2.3314013,-1.083176,-0.26937413,1.7908845,3.6916595,-1.174224,-0.53665566,-2.621238,0.920792
../data/train_data_mmini/6/Train_0028.jpg	6	-1.0,-1.0,-1.0,1.0,-1.0,-1.0,1.0,-1.0,1.0,-1.0,1.0,1.0,-1.0,-1.0,1.0,1.0,-1.0,-1.0,1.0,1.0,-1.0,-1.0,-1.0,1.0	-3.2010014,-4.087411,-1.4585693,6.1882496,-1.917093,-1.3805177,1.7666793,-2.0575342,0.31208986,-2.1723382,1.9301991,2.6458895,-3.9703903,-2.8271194,1.8787752,2.410829,-1.2336054,-0.23580974,1.6999178,3.6185174,-1.3110973,-0.49715808,-2.4119794,0.59344465
../data/train_data_mmini/6/Train_0029.jpg	6	-1.0,-1.0,-1.0,1.0,-1.0,-1.0,1.0,-1.0,1.0,-1.0,1.0,1.0,-1.0,-1.0,1.0,1.0,-1.0,-1.0,1.0,1.0,-1.0,-1.0,-1.0,1.0	-3.4908936,-4.8105116,-1.4357191,6.6249795,-2.087149,-2.0387368,2.1662233,-2.4275239,0.21015552,-2.4368167,2.0408056,3.3420346,-5.3351483,-2.8656757,2.2221167,2.610701,-1.3323903,-0.83626044,1.8860619,4.0330358,-1.5689294,-0.3232443,-2.6216865,1.0039886
../data/train_data_mmini/7/Train_0030.jpg	7	-1.0,-1.0,-1.0,1.0,-1.0,-1.0,1.0,-1.0,1.0,-1.0,1.0,1.0,-1.0,-1.0,1.0,1.0,-1.0,-1.0,1.0,1.0,-1.0,-1.0,-1.0,1.0	-3.502744,-4.7847147,-2.0286677,7.7787323,-2.4001427,-2.0851882,1.8901378,-2.5564384,0.36499473,-2.6359305,1.9904221,3.2538178,-5.314198,-3.6934748,2.532305,2.9689417,-1.6617833,-0.75632685,2.0669088,4.4695873,-1.6945546,-0.406388,-3.1453671,0.86827344
../data/train_data_mmini/7/Train_0031.jpg	7	-1.0,-1.0,-1.0,1.0,-1.0,-1.0,1.0,-1.0,1.0,-1.0,1.0,1.0,-1.0,-1.0,1.0,1.0,-1.0,-1.0,1.0,1.0,-1.0,-1.0,-1.0,1.0	-3.9001498,-5.6123114,-2.088592,8.289256,-2.7405825,-2.35948,2.4202476,-3.1219275,0.10303232,-2.714831,2.4859347,3.7359164,-6.1615887,-3.7270584,2.5201077,3.534628,-1.6888638,-0.8453609,2.1986935,4.9667373,-1.9635444,-0.5195159,-3.077047,1.0659796
../data/train_data_mmini/7/Train_0032.jpg	7	-1.0,-1.0,-1.0,1.0,-1.0,-1.0,1.0,-1.0,1.0,-1.0,1.0,1.0,-1.0,-1.0,1.0,1.0,-1.0,-1.0,1.0,1.0,-1.0,-1.0,-1.0,1.0	-3.562539,-5.1687846,-2.2600994,8.528977,-2.9389038,-1.9603769,2.1247938,-2.9982138,0.22328076,-2.7916594,2.6812878,3.5501575,-5.1534586,-4.1891193,2.5227604,3.3267407,-1.6125112,-0.092905916,2.2442477,4.834817,-1.7556769,-0.6278788,-3.4470565,0.8795006
../data/train_data_mmini/7/Train_0033.jpg	7	-1.0,-1.0,-1.0,1.0,-1.0,-1.0,1.0,-1.0,1.0,-1.0,1.0,1.0,-1.0,-1.0,1.0,1.0,-1.0,-1.0,1.0,1.0,-1.0,-1.0,-1.0,1.0	-3.1738684,-4.286901,-1.6863252,6.779738,-1.9686118,-1.7170309,1.8835335,-2.346116,0.29119042,-2.3188386,1.9807092,2.8843532,-4.423013,-3.3019283,2.2988374,2.7923727,-1.2733781,-0.54263884,1.8746544,4.075447,-1.4443159,-0.58119094,-2.8710597,0.68090177
../data/train_data_mmini/7/Train_0034.jpg	7	-1.0,-1.0,-1.0,1.0,-1.0,-1.0,1.0,-1.0,1.0,-1.0,1.0,1.0,-1.0,-1.0,1.0,1.0,-1.0,1.0,1.0,1.0,-1.0,-1.0,-1.0,1.0	-3.5318685,-4.422756,-1.9099121,6.761308,-1.9170523,-1.1965178,2.4613388,-2.2420907,0.66514,-2.3536308,2.6681013,2.8150268,-3.7214985,-2.8602855,1.9724473,2.5629997,-1.2455337,0.38584498,2.0908253,4.3650484,-1.3875594,-1.1142762,-2.9148433,0.2485481
../data/train_data_mmini/8/Train_0035.jpg	8	-1.0,-1.0,-1.0,1.0,-1.0,-1.0,1.0,-1.0,1.0,-1.0,1.0,1.0,-1.0,-1.0,1.0,1.0,-1.0,-1.0,1.0,1.0,-1.0,-1.0,-1.0,1.0	-3.4833536,-4.65495,-1.720704,7.1856937,-2.2721062,-1.762832,1.9704809,-2.5411272,0.28671387,-2.518311,2.0807424,3.0764334,-4.8084507,-3.3541565,2.3789926,2.7390163,-1.3565369,-0.5818603,1.995967,4.2669654,-1.5129552,-0.39292207,-2.884362,0.79955727
../data/train_data_mmini/8/Train_0036.jpg	8	-1.0,-1.0,-1.0,1.0,-1.0,-1.0,1.0,-1.0,1.0,-1.0,1.0,1.0,-1.0,-1.0,1.0,1.0,-1.0,-1.0,1.0,1.0,-1.0,-1.0,-1.0,1.0	-3.7259765,-5.0298533,-1.9729183,7.492416,-2.330696,-1.7689874,2.1955645,-2.7020085,0.30570352,-2.5858037,2.3416424,3.2919736,-5.2295065,-3.5072637,2.4780765,3.0750747,-1.5326556,-0.71466833,2.0077233,4.6502643,-1.577863,-0.46377996,-2.9810135,0.8767144
../data/train_data_mmini/8/Train_0037.jpg	8	-1.0,-1.0,-1.0,1.0,-1.0,-1.0,1.0,-1.0,1.0,-1.0,1.0,1.0,-1.0,-1.0,1.0,1.0,-1.0,-1.0,1.0,1.0,-1.0,-1.0,-1.0,1.0	-3.948528,-5.3867793,-2.0814981,8.259405,-2.5114732,-2.0403934,2.4110825,-2.8213918,0.45872575,-2.7945595,2.4230256,3.7499635,-5.43347,-3.8761818,2.6622303,3.194429,-1.7341491,-0.54278237,2.1626048,4.766896,-1.6785378,-0.59322333,-3.147047,0.95960796
../data/train_data_mmini/8/Train_0038.jpg	8	-1.0,-1.0,-1.0,1.0,-1.0,-1.0,1.0,-1.0,1.0,-1.0,1.0,1.0,-1.0,-1.0,1.0,1.0,-1.0,-1.0,1.0,1.0,-1.0,-1.0,-1.0,1.0	-3.625928,-4.879564,-1.739569,7.3858223,-2.3304217,-1.7941561,2.2538447,-2.581486,0.4393935,-2.6654024,2.1365116,3.3808281,-5.1208777,-3.3826573,2.3290875,2.900852,-1.4610283,-0.4936433,2.2063065,4.5057306,-1.6467458,-0.49951196,-2.893111,0.9973411
../data/train_data_mmini/8/Train_0039.jpg	8	-1.0,-1.0,-1.0,1.0,-1.0,-1.0,1.0,-1.0,1.0,-1.0,1.0,1.0,-1.0,-1.0,1.0,1.0,-1.0,-1.0,1.0,1.0,-1.0,-1.0,-1.0,1.0	-3.8700707,-5.115448,-1.92273,7.8453646,-2.4543052,-1.9353951,2.145758,-2.6926382,0.27398896,-2.6845016,2.3151338,3.302031,-5.3232536,-3.6420994,2.686402,3.1576176,-1.4958369,-0.6975159,2.0813792,4.716453,-1.6563517,-0.47353056,-3.2641566,0.82452446
../data/train_data_mmini/9/Train_0040.jpg	9	-1.0,-1.0,-1.0,1.0,-1.0,-1.0,1.0,-1.0,1.0,-1.0,1.0,1.0,-1.0,-1.0,1.0,1.0,-1.0,-1.0,1.0,1.0,-1.0,-1.0,-1.0,1.0	-4.2607613,-5.3587394,-1.8984689,8.015797,-2.3540359,-1.9498621,2.23874,-2.6697345,0.5837162,-2.9931996,2.362974,3.5625548,-5.3915977,-3.7370844,2.6396296,3.1386898,-1.6565425,-0.49606416,2.202955,4.6943913,-1.7194321,-0.50012,-3.095181,0.64141905
../data/train_data_mmini/9/Train_0041.jpg	9	-1.0,-1.0,-1.0,1.0,-1.0,-1.0,1.0,-1.0,1.0,-1.0,1.0,1.0,-1.0,-1.0,1.0,1.0,-1.0,-1.0,1.0,1.0,-1.0,-1.0,-1.0,1.0	-3.5783772,-4.877963,-1.9033692,7.389137,-2.24746,-1.6748089,2.408888,-2.7829907,0.32663232,-2.4443717,2.555543,3.1644042,-4.9042544,-3.3766904,2.467574,3.1194553,-1.3701888,-0.36881888,2.1160555,4.640535,-1.6419823,-0.77754587,-3.0605044,0.8949015
../data/train_data_mmini/9/Train_0042.jpg	9	-1.0,-1.0,-1.0,1.0,-1.0,-1.0,1.0,-1.0,1.0,-1.0,1.0,1.0,-1.0,-1.0,1.0,1.0,-1.0,-1.0,1.0,1.0,-1.0,-1.0,-1.0,1.0	-4.106365,-5.053238,-1.7142254,7.2786136,-2.2053633,-1.7267125,2.3475854,-2.4114494,0.62840754,-2.7831833,2.4272196,3.327827,-4.9084663,-3.3348536,2.297689,2.8734887,-1.4682314,-0.3534832,1.889678,4.266196,-1.6553355,-0.42185062,-2.8407788,0.4768055
../data/train_data_mmini/9/Train_0043.jpg	9	-1.0,-1.0,-1.0,1.0,-1.0,-1.0,1.0,-1.0,1.0,-1.0,1.0,1.0,-1.0,-1.0,1.0,1.0,-1.0,-1.0,1.0,1.0,-1.0,-1.0,-1.0,1.0	-3.8026798,-5.0940433,-1.8023337,7.7028327,-2.2177393,-2.0510266,2.1645913,-2.6829045,0.3831506,-2.7905707,2.1052313,3.3685374,-5.409313,-3.5588663,2.6020117,2.8115442,-1.5838625,-0.6293493,2.128712,4.5324774,-1.6345431,-0.34483007,-2.884916,0.9855644
../data/train_data_mmini/9/Train_0044.jpg	9	-1.0,-1.0,-1.0,1.0,-1.0,-1.0,1.0,-1.0,1.0,-1.0,1.0,1.0,-1.0,-1.0,1.0,1.0,-1.0,-1.0,1.0,1.0,-1.0,-1.0,-1.0,1.0	-4.288347,-5.4766316,-1.8679043,7.8853717,-2.3711119,-2.0184667,2.4055896,-2.7595413,0.41262951,-2.9130018,2.3937747,3.5847402,-5.8137035,-3.5308228,2.5274293,3.1334522,-1.559221,-0.6941417,2.0347075,4.7297826,-1.8816144,-0.39734793,-3.1653512,0.8505668
../data/train_data_mmini/10/Train_0045.jpg	10	-1.0,-1.0,-1.0,1.0,-1.0,-1.0,1.0,-1.0,1.0,-1.0,1.0,1.0,-1.0,-1.0,1.0,1.0,-1.0,-1.0,1.0,1.0,-1.0,-1.0,-1.0,1.0	-2.968355,-4.405727,-1.8779515,6.7547135,-2.2466683,-1.7510006,2.0210712,-2.429047,0.09894693,-2.1642497,2.2748325,2.9442542,-4.7363253,-3.0712888,2.2325475,2.7923713,-1.3543903,-0.5408394,1.8430687,4.2065706,-1.4987484,-0.50099486,-2.7649324,0.72857046
../data/train_data_mmini/10/Train_0046.jpg	10	-1.0,-1.0,-1.0,1.0,-1.0,-1.0,1.0,-1.0,1.0,-1.0,1.0,1.0,-1.0,-1.0,1.0,1.0,-1.0,-1.0,1.0,1.0,-1.0,-1.0,-1.0,1.0	-2.921331,-3.8502808,-1.185594,5.863595,-1.5322834,-1.4057531,1.7006669,-1.9572234,0.4305165,-2.0935369,1.6317979,2.6282833,-3.898528,-2.693503,1.7590709,2.0747385,-1.1134512,-0.21230194,1.5749847,3.5150578,-1.3005236,-0.45880666,-2.3124835,0.70921624
../data/train_data_mmini/10/Train_0047.jpg	10	-1.0,-1.0,-1.0,1.0,-1.0,-1.0,1.0,-1.0,1.0,-1.0,1.0,1.0,-1.0,-1.0,1.0,1.0,-1.0,-1.0,1.0,1.0,-1.0,-1.0,-1.0,1.0	-4.363337,-5.991037,-2.3731875,8.8814535,-2.74021,-2.3498876,2.797587,-3.0582585,0.40758857,-3.0274587,2.8772032,4.002699,-6.3386145,-3.9527383,2.8615623,3.497108,-1.780725,-0.5378846,2.5270452,5.4908724,-2.0842438,-0.78419423,-3.359445,0.79927564
../data/train_data_mmini/10/Train_0048.jpg	10	-1.0,-1.0,-1.0,1.0,-1.0,-1.0,1.0,-1.0,1.0,-1.0,1.0,1.0,-1.0,-1.0,1.0,1.0,-1.0,-1.0,1.0,1.0,-1.0,-1.0,-1.0,1.0	-4.1261315,-5.1960883,-2.1426423,7.6151266,-2.433383,-1.5431509,2.354698,-2.5960627,0.3531975,-2.6313202,2.6692412,3.206644,-5.0825024,-3.3802245,2.2553124,3.2707307,-1.2932763,-0.21207398,2.1056323,4.9516277,-1.7335141,-0.7398841,-3.251907,0.5262712
../data/train_data_mmini/10/Train_0049.jpg	10	-1.0,-1.0,-1.0,1.0,-1.0,-1.0,1.0,-1.0,1.0,-1.0,1.0,1.0,-1.0,-1.0,1.0,1.0,-1.0,-1.0,1.0,1.0,-1.0,-1.0,-1.0,1.0	-4.080323,-5.2700453,-1.9205549,7.955655,-2.3720238,-1.8007503,2.2905653,-2.7437842,0.35305026,-2.8191128,2.4886408,3.5321448,-5.3414164,-3.6000936,2.6917646,3.05475,-1.6126175,-0.49457845,2.195244,4.8833222,-1.6609576,-0.5364889,-3.1877048,0.84673685
