../data/train_data_mmini/1/Train_0000.jpg	1	1.0,1.0,1.0,1.0,1.0,-1.0,1.0,-1.0,1.0,1.0,-1.0,-1.0	0.8376574,0.78850514,0.707782,0.57966244,0.45281228,-0.091160506,0.20805418,-3.3465266,0.66383433,1.3948034,-0.70664304,-0.50983274
../data/train_data_mmini/1/Train_0001.jpg	1	1.0,1.0,1.0,1.0,1.0,-1.0,1.0,-1.0,1.0,1.0,-1.0,-1.0	0.7331971,0.4083997,0.4801715,0.7401527,0.15827799,-0.22825634,0.37404972,-3.189847,0.6721029,1.032679,-0.46122295,-0.20476128
../data/train_data_mmini/1/Train_0002.jpg	1	1.0,-1.0,1.0,1.0,1.0,1.0,-1.0,-1.0,1.0,1.0,-1.0,1.0	0.1031476,-0.20608303,0.9102367,0.13998902,0.29451746,0.2033385,-0.53875935,-1.1901917,0.55196774,0.49140206,-0.4413752,0.11138292
../data/train_data_mmini/1/Train_0003.jpg	1	1.0,1.0,1.0,1.0,1.0,-1.0,1.0,-1.0,1.0,1.0,-1.0,-1.0	0.98789144,1.2138971,0.66482574,0.652159,0.53002506,-0.1358605,0.51384085,-3.9091628,0.61239076,1.6105276,-0.86589205,-0.7400003
../data/train_data_mmini/1/Train_0004.jpg	1	1.0,1.0,1.0,1.0,1.0,-1.0,1.0,-1.0,1.0,1.0,-1.0,-1.0	0.87419945,0.7483757,0.8479661,0.60878885,0.2417331,-0.21129999,0.22794117,-3.1508884,0.7256291,1.5797721,-0.7582209,-0.292705
../data/train_data_mmini/2/Train_0005.jpg	2	1.0,-1.0,1.0,1.0,1.0,1.0,-1.0,-1.0,1.0,-1.0,1.0,1.0	0.120597325,-0.7766757,0.2562101,0.4044807,0.5088066,0.50272363,-0.055105444,-0.6390288,0.31012312,-0.7994853,0.772009,0.08742128
../data/train_data_mmini/2/Train_0006.jpg	2	1.0,-1.0,1.0,1.0,1.0,1.0,1.0,-1.0,1.0,-1.0,1.0,-1.0	0.7654854,-0.5820105,0.33953145,0.16485338,0.7553219,0.49981657,0.30264717,-1.8565413,0.33084172,-0.95759606,0.74286526,-0.12854658
../data/train_data_mmini/2/Train_0007.jpg	2	1.0,1.0,1.0,1.0,1.0,-1.0,1.0,-1.0,1.0,1.0,-1.0,-1.0	0.8420628,0.90245885,0.7113181,0.7085743,0.34695897,-0.17598084,0.28503624,-3.4641788,0.63470125,1.6245383,-0.7924733,-0.37820953
../data/train_data_mmini/2/Train_0008.jpg	2	1.0,-1.0,1.0,1.0,1.0,1.0,-1.0,-1.0,1.0,1.0,1.0,1.0	0.7187184,-0.29279733,0.8807177,0.48113587,0.46643054,0.37075934,-0.11638996,-1.7350854,0.8909278,0.4597718,0.013575681,0.030510468
../data/train_data_mmini/2/Train_0009.jpg	2	-1.0,-1.0,-1.0,1.0,1.0,1.0,-1.0,1.0,-1.0,-1.0,1.0,1.0	-0.7158288,-0.8022599,-0.11316678,0.27635056,0.48002777,0.29144943,-0.88390017,0.084136896,-0.13870826,-1.4542694,0.71681297,0.40350485
../data/train_data_mmini/3/Train_0010.jpg	3	1.0,-1.0,1.0,1.0,1.0,1.0,-1.0,-1.0,1.0,-1.0,1.0,1.0	0.54094774,-0.5426171,0.34709257,0.79443,0.060925454,0.1352082,-0.07733996,-1.3707962,0.72300327,-0.07421867,0.37992322,0.40763432
../data/train_data_mmini/3/Train_0011.jpg	3	-1.0,-1.0,1.0,1.0,-1.0,-1.0,-1.0,1.0,1.0,-1.0,-1.0,1.0	-1.135752,-0.97663486,1.0228786,0.27746874,-0.6201465,-0.28483406,-1.3334002,1.4122571,0.3706094,-0.089662395,-0.5212646,1.0552299
../data/train_data_mmini/3/Train_0012.jpg	3	-1.0,-1.0,1.0,1.0,1.0,-1.0,-1.0,-1.0,-1.0,-1.0,1.0,1.0	-0.18442266,-0.74190843,0.59586746,0.34125808,0.58195496,-0.045477062,-0.1278938,-0.1355311,-0.10240772,-0.7335656,0.25444394,0.311891
../data/train_data_mmini/3/Train_0013.jpg	3	1.0,-1.0,1.0,1.0,1.0,1.0,1.0,-1.0,1.0,-1.0,1.0,-1.0	0.604769,-1.0205288,0.8453559,0.03680331,1.098123,0.8209009,0.08452554,-1.0400451,0.36079893,-1.1299074,0.670452,-0.049250856
../data/train_data_mmini/3/Train_0014.jpg	3	1.0,-1.0,1.0,1.0,1.0,1.0,-1.0,-1.0,1.0,1.0,1.0,1.0	0.0036998643,-0.6136095,0.67776245,0.5513661,0.04631184,0.24705277,-0.393596,-0.7767162,0.66318655,0.002678508,0.1453817,0.35302904
../data/train_data_mmini/4/Train_0015.jpg	4	1.0,-1.0,1.0,1.0,1.0,1.0,-1.0,-1.0,1.0,1.0,-1.0,-1.0	0.4145518,-0.15068822,0.97199076,0.33120635,0.5093322,0.294841,-0.2999318,-1.3774983,0.42461333,0.4821098,-0.26248515,-0.039499685
../data/train_data_mmini/4/Train_0016.jpg	4	1.0,1.0,-1.0,1.0,1.0,1.0,1.0,-1.0,1.0,1.0,1.0,-1.0	0.2065672,0.07592584,-0.1194862,0.6290046,0.25317922,0.22519258,0.4103373,-2.1664019,0.54026127,0.32907942,0.02089002,-0.18671189
../data/train_data_mmini/4/Train_0017.jpg	4	-1.0,-1.0,1.0,1.0,1.0,1.0,1.0,-1.0,-1.0,-1.0,1.0,1.0	-0.020446066,-1.08852,0.091428936,0.05221747,0.93423307,0.6662981,0.18861474,-0.45562485,-0.12055762,-1.809569,1.1089535,0.07446985
../data/train_data_mmini/4/Train_0018.jpg	4	1.0,-1.0,1.0,1.0,-1.0,1.0,-1.0,-1.0,1.0,-1.0,1.0,1.0	0.2083528,-0.6502426,0.12979558,0.62849057,-0.13295558,0.279128,-0.091306776,-1.0926596,0.879328,-0.07626892,0.43400085,0.50389045
../data/train_data_mmini/4/Train_0019.jpg	4	1.0,-1.0,1.0,1.0,1.0,1.0,1.0,-1.0,1.0,-1.0,1.0,-1.0	0.8056214,-0.615975,0.7293281,0.13735336,0.97228074,0.36049357,0.6800083,-1.624311,0.27625483,-0.8725141,0.8153324,-0.17406337
../data/train_data_mmini/5/Train_0020.jpg	5	1.0,1.0,1.0,1.0,1.0,-1.0,1.0,-1.0,1.0,1.0,-1.0,-1.0	0.9828854,1.2892518,0.69566256,0.6982987,0.4949765,-0.18581468,0.61820686,-4.118594,0.64760387,1.8575695,-0.9290993,-0.6997773
../data/train_data_mmini/5/Train_0021.jpg	5	1.0,1.0,1.0,1.0,1.0,1.0,-1.0,-1.0,1.0,1.0,-1.0,-1.0	0.687837,0.2952997,1.1139945,0.49646538,0.28934786,0.049134992,-0.18909618,-2.349951,0.6002482,1.1501856,-0.6338775,-0.2007546
../data/train_data_mmini/5/Train_0022.jpg	5	1.0,1.0,1.0,1.0,1.0,1.0,1.0,-1.0,1.0,1.0,-1.0,-1.0	0.74008405,0.38691562,0.68058854,0.60793614,0.5083737,0.014468415,0.45299357,-2.783609,0.47885734,0.92383707,-0.27393323,-0.28928187
../data/train_data_mmini/5/Train_0023.jpg	5	1.0,1.0,1.0,1.0,1.0,-1.0,1.0,-1.0,1.0,1.0,-1.0,-1.0	1.1513894,1.4083273,0.71506536,0.67471087,0.51517665,-0.11168015,0.6971799,-4.244384,0.7201196,1.93758,-0.94962233,-0.73392963
../data/train_data_mmini/5/Train_0024.jpg	5	1.0,1.0,1.0,1.0,1.0,-1.0,-1.0,-1.0,1.0,1.0,-1.0,1.0	0.09004591,0.05100794,0.9018297,0.42256594,0.06068477,-0.07928092,-0.6211915,-1.1480532,0.2196536,0.63985676,-0.5802764,0.12517841
../data/train_data_mmini/6/Train_0025.jpg	6	-1.0,-1.0,-1.0,1.0,1.0,1.0,-1.0,1.0,-1.0,-1.0,1.0,1.0	-0.94841564,-0.63933885,-0.2063629,0.05634712,0.6753937,0.3834245,-0.36596692,0.559534,-0.6843488,-1.8919082,0.82470477,0.14787929
../data/train_data_mmini/6/Train_0026.jpg	6	-1.0,1.0,1.0,1.0,-1.0,-1.0,-1.0,-1.0,1.0,1.0,-1.0,1.0	-0.1709819,0.1271951,0.14697555,0.37852252,-0.5298829,-0.5104308,-0.750481,-1.4952555,0.47224522,0.4332159,-0.5092341,0.41959393
../data/train_data_mmini/6/Train_0027.jpg	6	-1.0,-1.0,-1.0,1.0,-1.0,1.0,-1.0,-1.0,1.0,-1.0,1.0,1.0	-0.67324674,-0.69636035,-0.22983521,0.7224206,-0.44803634,0.08446936,-0.72304034,-0.07156814,0.270445,-0.7406076,0.306396,0.75803596
../data/train_data_mmini/6/Train_0028.jpg	6	-1.0,-1.0,1.0,1.0,-1.0,1.0,-1.0,1.0,1.0,1.0,-1.0,1.0	-0.28669524,-0.69568956,1.0184492,0.38787603,-0.9411049,0.2361043,-1.0730163,0.2546359,1.0259033,0.5424622,-0.877738,1.0741504
../data/train_data_mmini/6/Train_0029.jpg	6	-1.0,-1.0,1.0,-1.0,1.0,1.0,-1.0,1.0,-1.0,-1.0,1.0,1.0	-0.7031519,-1.2553719,0.11306006,-0.10781239,1.4330839,1.0822031,-1.3934172,1.1829807,-0.50045574,-2.7749324,1.2150254,0.14748414
../data/train_data_mmini/7/Train_0030.jpg	7	-1.0,-1.0,1.0,1.0,1.0,1.0,-1.0,-1.0,-1.0,-1.0,1.0,1.0	-0.05705333,-0.4097662,0.05097945,0.34100065,0.6209236,0.22752552,-0.08640207,-1.1948766,-0.12597305,-0.77399397,0.4737324,0.016980125
../data/train_data_mmini/7/Train_0031.jpg	7	1.0,-1.0,1.0,1.0,1.0,1.0,-1.0,-1.0,1.0,-1.0,1.0,1.0	0.11757576,-0.67426753,0.10691133,0.43831924,0.6243883,0.5871339,-0.089860156,-1.0169104,0.15428719,-0.95122004,0.5654837,0.19496645
../data/train_data_mmini/7/Train_0032.jpg	7	-1.0,-1.0,1.0,1.0,-1.0,1.0,-1.0,1.0,1.0,-1.0,1.0,1.0	-0.3608309,-1.3435831,0.68306047,0.77757716,-0.17900915,0.30879036,-0.54784846,0.37253675,0.65458643,-0.5860273,0.51572895,0.85881835
../data/train_data_mmini/7/Train_0033.jpg	7	-1.0,-1.0,-1.0,1.0,-1.0,-1.0,-1.0,-1.0,-1.0,-1.0,1.0,1.0	-0.7592653,-0.41320264,-0.32569435,0.44755873,-0.11102572,-0.16895999,-0.6121283,-0.52681375,-0.019703642,-0.8755771,0.4288025,0.39295977
../data/train_data_mmini/7/Train_0034.jpg	7	-1.0,-1.0,1.0,1.0,-1.0,-1.0,-1.0,1.0,1.0,1.0,-1.0,1.0	-0.7149756,-0.8187226,1.0575842,0.8878219,-1.0363373,-0.19063795,-1.0131956,0.7772017,0.6776037,0.46969077,-0.39828098,1.0510976
../data/train_data_mmini/8/Train_0035.jpg	8	-1.0,-1.0,1.0,1.0,1.0,1.0,-1.0,1.0,1.0,-1.0,1.0,1.0	-0.60269797,-1.6613768,0.57627857,0.31793928,0.25086012,0.82728714,-1.2225555,1.7648392,0.06636984,-1.9386641,0.6381647,0.96842474
../data/train_data_mmini/8/Train_0036.jpg	8	-1.0,-1.0,-1.0,1.0,1.0,1.0,-1.0,1.0,-1.0,-1.0,1.0,1.0	-1.2803138,-1.5062207,-0.002533419,0.05820266,0.061725438,0.89439726,-1.4616344,2.0308435,-0.107132494,-2.3208165,0.6774756,1.0908092
../data/train_data_mmini/8/Train_0037.jpg	8	-1.0,-1.0,1.0,1.0,-1.0,-1.0,-1.0,1.0,1.0,-1.0,-1.0,1.0	-1.3676142,-1.0110781,0.33681545,0.22512123,-0.82362515,-0.02456394,-1.7453793,1.6210974,0.17769434,-0.89795774,-0.2632159,1.2261107
../data/train_data_mmini/8/Train_0038.jpg	8	-1.0,-1.0,1.0,1.0,1.0,1.0,-1.0,-1.0,1.0,-1.0,1.0,1.0	-0.09542061,-0.779173,0.65658575,0.38047433,0.60641015,0.63583946,-0.6112751,-0.28455898,0.11352386,-0.7898709,0.29093218,0.18817125
../data/train_data_mmini/8/Train_0039.jpg	8	-1.0,-1.0,1.0,-1.0,1.0,1.0,-1.0,1.0,-1.0,-1.0,1.0,1.0	-1.4833126,-2.088896,0.47018227,-0.040711313,0.15863323,0.7212947,-2.0783174,3.286177,-0.25816408,-3.05061,0.7943945,1.4829216
../data/train_data_mmini/9/Train_0040.jpg	9	1.0,-1.0,1.0,1.0,1.0,1.0,-1.0,-1.0,1.0,1.0,-1.0,1.0	0.27779087,-0.36121702,1.0304538,0.42847902,0.053237595,0.16939016,-0.69592947,-0.8257474,0.5333811,0.35413495,-0.49954414,0.3961346
../data/train_data_mmini/9/Train_0041.jpg	9	-1.0,-1.0,1.0,1.0,1.0,1.0,1.0,-1.0,1.0,-1.0,1.0,1.0	-0.39271182,-0.867286,0.046772733,0.68670356,0.047130227,0.12380591,0.12337105,-0.69189996,0.3623967,-0.69469595,0.65356416,0.48275065
../data/train_data_mmini/9/Train_0042.jpg	9	1.0,-1.0,1.0,1.0,1.0,1.0,-1.0,-1.0,1.0,1.0,-1.0,1.0	0.35698217,-0.051450133,1.1753682,0.47494566,0.27148202,0.0727033,-0.6197779,-1.2983999,0.61530113,0.95027643,-0.6464207,0.18725435
../data/train_data_mmini/9/Train_0043.jpg	9	1.0,-1.0,1.0,1.0,1.0,1.0,-1.0,-1.0,1.0,-1.0,-1.0,1.0	0.3125787,-0.51874626,0.69183004,0.3654334,0.35741863,0.65935993,-0.49119303,-1.0695103,0.450094,-0.14919132,-0.025148213,0.15793486
../data/train_data_mmini/9/Train_0044.jpg	9	-1.0,-1.0,1.0,1.0,1.0,1.0,-1.0,1.0,-1.0,-1.0,1.0,1.0	-0.14270636,-0.93525344,0.33802807,0.019397788,1.1513048,0.62848824,-0.71598303,0.14528444,-0.41250902,-1.8326586,0.6794533,0.08533274
../data/train_data_mmini/10/Train_0045.jpg	10	-1.0,-1.0,1.0,1.0,-1.0,1.0,-1.0,1.0,1.0,-1.0,1.0,1.0	-1.3899769,-2.449164,0.24342452,0.36017027,-0.10979539,1.0186467,-1.6499407,3.1866424,0.22342083,-3.296784,1.1830955,1.5432496
../data/train_data_mmini/10/Train_0046.jpg	10	-1.0,-1.0,1.0,-1.0,1.0,1.0,-1.0,1.0,-1.0,-1.0,1.0,1.0	-1.0185504,-0.98270816,0.444423,-0.12320009,0.12859784,0.044028476,-1.6687199,1.4998366,-0.082916535,-1.4267987,0.08022852,0.5765905
../data/train_data_mmini/10/Train_0047.jpg	10	-1.0,-1.0,1.0,1.0,1.0,1.0,-1.0,1.0,1.0,-1.0,1.0,1.0	-0.910774,-1.8884373,0.72525704,0.08230118,0.10658817,1.0789925,-1.5853662,2.3625467,0.23269072,-2.2818244,0.6506306,1.1506108
../data/train_data_mmini/10/Train_0048.jpg	10	-1.0,-1.0,1.0,1.0,1.0,1.0,-1.0,1.0,-1.0,-1.0,1.0,1.0	-0.9791937,-1.9033843,0.56427145,0.14619045,0.915357,0.9053853,-1.0008732,2.675573,-0.5248591,-3.2399423,1.4201444,0.8606258
../data/train_data_mmini/10/Train_0049.jpg	10	-1.0,-1.0,1.0,-1.0,-1.0,1.0,-1.0,1.0,-1.0,-1.0,1.0,1.0	-1.4930522,-1.7532942,0.53587914,-0.009266354,-0.07988764,0.5109155,-2.1940901,3.13189,-0.136561,-2.3310344,0.4038722,1.3932831
