../data/train_data_mmini/1/Train_0000.jpg	1	-1.0,-1.0,-1.0,-1.0,1.0,1.0,-1.0,-1.0	-0.34114295,-1.6134744,-1.1510483,-1.597886,3.9318118,1.2412039,-1.7268164,-2.0662134
../data/train_data_mmini/1/Train_0001.jpg	1	-1.0,-1.0,1.0,-1.0,1.0,-1.0,-1.0,1.0	-0.51103157,-1.0826951,2.793415,-0.94630814,2.6768856,-0.31673777,-2.6849475,0.9441025
../data/train_data_mmini/1/Train_0002.jpg	1	-1.0,-1.0,-1.0,1.0,1.0,-1.0,-1.0,-1.0	-2.3885574,-3.4909062,-1.8313842,1.5313679,1.7395244,-0.15301958,-1.9223151,-1.3232311
../data/train_data_mmini/1/Train_0003.jpg	1	-1.0,1.0,-1.0,-1.0,1.0,-1.0,-1.0,-1.0	-0.5434879,0.11152461,-1.4366798,-2.4196992,5.6742015,-1.5607116,-2.714066,-1.1551437
../data/train_data_mmini/1/Train_0004.jpg	1	-1.0,-1.0,1.0,-1.0,1.0,1.0,-1.0,-1.0	-0.38075763,-1.1764767,2.3802261,-0.63940954,4.1245227,1.9815645,-0.47488168,-2.9894693
../data/train_data_mmini/2/Train_0005.jpg	2	1.0,1.0,1.0,-1.0,-1.0,1.0,-1.0,1.0	0.53015196,1.1711988,0.4623636,-1.9132417,-2.7762086,0.47555393,-1.54413,0.7023119
../data/train_data_mmini/2/Train_0006.jpg	2	1.0,-1.0,-1.0,1.0,-1.0,-1.0,1.0,-1.0	0.7788614,-0.28338727,-2.0161364,1.6418301,-0.33799797,-3.246729,1.2359172,-3.6556568
../data/train_data_mmini/2/Train_0007.jpg	2	1.0,-1.0,-1.0,-1.0,1.0,1.0,-1.0,-1.0	1.0489519,-2.2453077,-1.7388737,-2.255139,5.2599,2.3808188,-1.4848702,-2.2849889
../data/train_data_mmini/2/Train_0008.jpg	2	1.0,-1.0,1.0,1.0,1.0,1.0,1.0,1.0	0.18970577,-2.868168,1.060515,0.27501497,0.45396918,4.499089,1.8218914,0.79539835
../data/train_data_mmini/2/Train_0009.jpg	2	1.0,1.0,-1.0,-1.0,-1.0,1.0,-1.0,1.0	2.8957555,0.6321937,-2.2693696,-3.0912082,-2.635655,1.6790466,-1.549762,0.3189948
../data/train_data_mmini/3/Train_0010.jpg	3	1.0,-1.0,1.0,-1.0,-1.0,1.0,1.0,1.0	3.353549,-2.2596996,1.0718337,-0.45173085,-2.3374221,0.862127,0.058198377,1.9422258
../data/train_data_mmini/3/Train_0011.jpg	3	-1.0,-1.0,1.0,1.0,1.0,1.0,-1.0,-1.0	-2.0058868,-5.0248837,2.9461586,0.5380069,0.015726767,2.0486705,-4.2702727,-2.2447627
../data/train_data_mmini/3/Train_0012.jpg	3	-1.0,1.0,1.0,-1.0,1.0,-1.0,-1.0,-1.0	-1.4137988,0.9875811,4.4324827,-0.18164532,0.3808624,-2.4395237,-4.3321314,-5.8972692
../data/train_data_mmini/3/Train_0013.jpg	3	1.0,-1.0,-1.0,1.0,-1.0,-1.0,1.0,-1.0	0.82935345,-1.193764,-1.0561327,2.7041616,-2.7019851,-1.8109207,2.452072,-0.026906002
../data/train_data_mmini/3/Train_0014.jpg	3	1.0,-1.0,1.0,-1.0,-1.0,1.0,-1.0,1.0	1.6535753,-0.6857078,1.2208576,-0.83009696,-2.5289693,2.7351203,-0.06661137,1.4793206
../data/train_data_mmini/4/Train_0015.jpg	4	-1.0,-1.0,-1.0,1.0,-1.0,1.0,1.0,-1.0	-2.2101548,-1.6207979,-0.109657794,0.119456366,-0.661059,2.251356,0.056596536,-2.3999088
../data/train_data_mmini/4/Train_0016.jpg	4	-1.0,-1.0,-1.0,-1.0,-1.0,-1.0,-1.0,1.0	-2.2578833,-1.6514901,-1.8164356,-1.6205343,-1.5632544,-1.7722611,-3.2449987,5.058088
../data/train_data_mmini/4/Train_0017.jpg	4	-1.0,1.0,1.0,1.0,-1.0,-1.0,-1.0,-1.0	-1.180601,0.10413779,0.31681153,1.3155375,-2.7921624,-4.32483,-2.8617258,-2.3111753
../data/train_data_mmini/4/Train_0018.jpg	4	1.0,-1.0,-1.0,-1.0,-1.0,1.0,-1.0,1.0	1.4361783,-1.5912273,-0.67536116,-2.5354018,-3.2482445,4.048397,-1.4008482,3.5217519
../data/train_data_mmini/4/Train_0019.jpg	4	1.0,1.0,1.0,1.0,1.0,-1.0,1.0,-1.0	0.69770026,2.2921846,0.7242652,2.9691129,0.20177549,-4.92225,1.3642863,-3.8169923
../data/train_data_mmini/5/Train_0020.jpg	5	-1.0,1.0,1.0,-1.0,1.0,-1.0,-1.0,1.0	-0.6677071,1.7329606,0.518254,-0.89305353,5.6074786,-0.09885776,-0.11700802,1.508143
../data/train_data_mmini/5/Train_0021.jpg	5	-1.0,-1.0,1.0,1.0,1.0,1.0,1.0,1.0	-2.6208832,-1.6265181,0.73019767,1.5009397,0.23982403,1.0489657,1.8680305,0.0481791
../data/train_data_mmini/5/Train_0022.jpg	5	1.0,-1.0,-1.0,-1.0,1.0,1.0,1.0,-1.0	2.9652078,-0.1034664,-1.2440841,-1.5076373,3.2576892,1.8606368,0.26387015,-3.040855
../data/train_data_mmini/5/Train_0023.jpg	5	1.0,-1.0,-1.0,-1.0,1.0,1.0,-1.0,1.0	0.530741,-0.056149907,-1.7084738,-1.9017103,6.103387,0.9972476,-0.42540082,0.24765255
../data/train_data_mmini/5/Train_0024.jpg	5	-1.0,-1.0,-1.0,-1.0,1.0,1.0,-1.0,-1.0	-1.407805,-2.0769627,-0.876974,-0.8713454,1.6782664,0.2819568,-1.8027337,-2.3768878
../data/train_data_mmini/6/Train_0025.jpg	6	1.0,-1.0,-1.0,1.0,-1.0,-1.0,-1.0,-1.0	0.33750772,-0.89232224,-2.7214088,1.775857,-2.4092908,-8.182177,-3.2205372,-3.6139462
../data/train_data_mmini/6/Train_0026.jpg	6	-1.0,-1.0,1.0,-1.0,-1.0,1.0,-1.0,1.0	-0.08435089,-0.6888901,0.4624237,-4.0776515,-0.18857518,1.7932056,-3.7537336,1.6320913
../data/train_data_mmini/6/Train_0027.jpg	6	1.0,-1.0,1.0,-1.0,-1.0,-1.0,-1.0,1.0	1.3448979,-1.9263248,0.8699155,-1.4066501,-3.6433094,-0.024210092,-3.1098979,2.0629528
../data/train_data_mmini/6/Train_0028.jpg	6	1.0,-1.0,-1.0,1.0,1.0,1.0,-1.0,1.0	0.024212468,-5.1715193,-1.0693146,0.61627173,1.7600662,2.637566,-1.1646733,0.6500143
../data/train_data_mmini/6/Train_0029.jpg	6	1.0,-1.0,-1.0,1.0,-1.0,-1.0,-1.0,-1.0	0.7379139,-0.7684335,-4.0130467,0.65897864,-3.460833,-3.404911,-1.7272005,-2.1148598
../data/train_data_mmini/7/Train_0030.jpg	7	1.0,1.0,-1.0,-1.0,-1.0,-1.0,-1.0,-1.0	0.96991456,0.50509936,-3.0708857,-1.9081328,-0.73790324,-1.8321506,-2.330668,-1.6501492
../data/train_data_mmini/7/Train_0031.jpg	7	1.0,1.0,-1.0,-1.0,-1.0,-1.0,-1.0,1.0	2.3296747,0.066616885,-1.7811551,-0.87803274,-4.2801685,-0.821926,-0.52052987,3.111556
../data/train_data_mmini/7/Train_0032.jpg	7	-1.0,-1.0,1.0,1.0,-1.0,1.0,-1.0,1.0	-0.38631487,-0.86306685,4.703874,0.59017503,-6.0904865,2.6855626,-1.0127918,1.4715325
../data/train_data_mmini/7/Train_0033.jpg	7	1.0,-1.0,-1.0,-1.0,-1.0,-1.0,-1.0,-1.0	2.0556054,-0.06801213,-1.0739119,-4.141643,-0.2756687,-0.36955407,-4.8472033,-1.485411
../data/train_data_mmini/7/Train_0034.jpg	7	-1.0,-1.0,1.0,1.0,-1.0,1.0,-1.0,-1.0	-0.90112275,-6.498868,3.54419,1.429734,-1.6694227,1.3795426,-3.2412834,-0.32898632
../data/train_data_mmini/8/Train_0035.jpg	8	1.0,-1.0,-1.0,-1.0,-1.0,1.0,1.0,-1.0	3.4851058,-1.7516379,-1.8900317,-0.9132121,-2.8958607,2.4989753,0.28314275,-2.8588736
../data/train_data_mmini/8/Train_0036.jpg	8	1.0,-1.0,-1.0,-1.0,-1.0,-1.0,-1.0,-1.0	3.0439425,-1.1734798,-4.2305393,-2.0278833,-3.5218978,-0.2033849,-2.8902574,-0.9279481
../data/train_data_mmini/8/Train_0037.jpg	8	-1.0,-1.0,1.0,-1.0,-1.0,1.0,-1.0,1.0	-1.2432997,-4.381311,0.14995703,-1.0807227,-4.420864,0.3763874,-4.0201716,2.1630902
../data/train_data_mmini/8/Train_0038.jpg	8	1.0,-1.0,-1.0,1.0,-1.0,-1.0,1.0,1.0	1.4568293,-1.4178045,-1.2488433,0.4450189,-2.8679764,-0.08966706,0.52575827,0.23221198
../data/train_data_mmini/8/Train_0039.jpg	8	1.0,-1.0,-1.0,-1.0,-1.0,1.0,-1.0,-1.0	3.902955,-1.8965645,-1.5646685,-0.9050507,-3.5523913,1.2859285,-1.7439513,-5.056606
../data/train_data_mmini/9/Train_0040.jpg	9	-1.0,-1.0,1.0,-1.0,1.0,1.0,-1.0,-1.0	-1.1526589,-1.4768128,1.3409051,-0.23481031,1.8473403,1.7995385,-1.1712627,-2.8328657
../data/train_data_mmini/9/Train_0041.jpg	9	1.0,-1.0,1.0,-1.0,-1.0,1.0,-1.0,1.0	3.4175217,-0.6256913,1.0138345,-1.6260232,-1.801283,0.46268466,-3.3017058,2.7878482
../data/train_data_mmini/9/Train_0042.jpg	9	-1.0,-1.0,1.0,1.0,1.0,1.0,-1.0,-1.0	-3.602952,-3.1270695,2.0556917,1.408421,0.5211049,0.94695115,-0.71826255,-0.8770268
../data/train_data_mmini/9/Train_0043.jpg	9	1.0,-1.0,-1.0,1.0,-1.0,1.0,1.0,-1.0	1.4246912,-1.5389516,-1.6388516,0.17873366,-0.21127307,2.1128395,1.6323543,-1.6358844
../data/train_data_mmini/9/Train_0044.jpg	9	1.0,1.0,1.0,1.0,-1.0,-1.0,-1.0,-1.0	0.24512134,1.4868269,0.56021065,1.623883,-1.1340547,-4.240015,-1.3088859,-4.2320757
../data/train_data_mmini/10/Train_0045.jpg	10	1.0,-1.0,-1.0,-1.0,-1.0,1.0,-1.0,-1.0	5.3875713,-1.0993243,-0.13109584,-1.5524367,-7.5158806,1.3953409,-1.6407014,-2.7359443
../data/train_data_mmini/10/Train_0046.jpg	10	-1.0,-1.0,1.0,1.0,-1.0,-1.0,-1.0,-1.0	-1.9920297,-1.7730796,2.485054,1.8554147,-2.8333464,-2.6239102,-2.7674022,-3.3006315
../data/train_data_mmini/10/Train_0047.jpg	10	1.0,-1.0,-1.0,1.0,-1.0,-1.0,-1.0,-1.0	1.4755334,-2.342821,-0.5085636,1.4819083,-6.829904,-0.9171954,-0.35501406,-1.1537406
../data/train_data_mmini/10/Train_0048.jpg	10	1.0,1.0,1.0,-1.0,-1.0,-1.0,-1.0,-1.0	5.235484,2.8476,0.5256777,-0.007935659,-4.7743974,-1.3500917,-0.594436,-6.475602
../data/train_data_mmini/10/Train_0049.jpg	10	1.0,-1.0,-1.0,1.0,-1.0,1.0,-1.0,-1.0	2.1118975,-3.2230291,-1.0339029,0.8061033,-4.612571,0.5591676,-0.79105276,-3.6552308
