../data/train_data_mmini/1/Train_0000.jpg	1	1.0,-1.0,1.0,-1.0,-1.0,1.0,-1.0,1.0,-1.0,1.0,1.0,1.0	1.3693261,-0.48806188,2.0984347,-0.2833752,-0.72999585,0.45001164,-0.18920581,1.792032,-2.6293201,1.6710563,2.2035656,2.385212
../data/train_data_mmini/1/Train_0001.jpg	1	1.0,-1.0,-1.0,1.0,-1.0,-1.0,1.0,1.0,-1.0,1.0,1.0,1.0	1.6477951,-0.72823995,-0.7530777,1.6942099,-2.962335,-0.091012344,3.3026853,2.5918202,-0.82714546,0.7523026,3.1302433,0.36036083
../data/train_data_mmini/1/Train_0002.jpg	1	-1.0,1.0,1.0,1.0,1.0,1.0,1.0,1.0,-1.0,-1.0,1.0,1.0	-0.98631495,0.14191037,4.239408,3.1579335,0.8944848,2.4010653,0.5721367,2.4893844,-2.9668689,-0.7722838,2.6131444,0.121557936
../data/train_data_mmini/1/Train_0003.jpg	1	1.0,1.0,-1.0,-1.0,-1.0,1.0,1.0,1.0,1.0,1.0,1.0,1.0	2.008005,1.091169,-0.23574518,-2.4064143,-2.459587,0.22155686,1.2853739,3.260179,0.180555,2.3198225,2.8498986,5.039043
../data/train_data_mmini/1/Train_0004.jpg	1	1.0,-1.0,1.0,-1.0,-1.0,1.0,-1.0,-1.0,-1.0,1.0,1.0,1.0	1.1670923,-1.4430232,2.0194542,-0.6323694,-0.2722341,0.47961402,-1.9459821,-0.19274645,-2.1694224,1.7293285,0.7736096,0.50310904
../data/train_data_mmini/2/Train_0005.jpg	2	-1.0,1.0,-1.0,1.0,1.0,1.0,1.0,-1.0,1.0,-1.0,-1.0,-1.0	-0.63395524,0.11148833,-1.8142325,2.7027245,0.3477516,1.1199424,1.5019412,-0.8649517,0.12892513,-2.49502,-0.31230226,-3.0848033
../data/train_data_mmini/2/Train_0006.jpg	2	-1.0,1.0,-1.0,-1.0,-1.0,1.0,-1.0,-1.0,1.0,1.0,-1.0,-1.0	-1.7188888,0.9951605,-1.8476017,-1.284652,-0.42020908,0.11604821,-2.0325675,-0.47851932,5.0559487,2.146532,-1.5807711,-1.0283155
../data/train_data_mmini/2/Train_0007.jpg	2	1.0,-1.0,1.0,-1.0,-1.0,1.0,-1.0,1.0,-1.0,1.0,1.0,1.0	2.611954,-1.0404522,1.9405038,-2.260265,-0.11719563,0.4382425,-0.8817702,0.71633774,-3.2774265,1.6809736,1.1663579,3.358158
../data/train_data_mmini/2/Train_0008.jpg	2	-1.0,-1.0,1.0,1.0,1.0,1.0,-1.0,-1.0,-1.0,-1.0,-1.0,-1.0	-0.619653,-2.6104808,3.6586318,2.9493217,1.5300044,0.72007227,-2.3995502,-3.4383724,-4.280477,-0.5960227,-0.9371621,-4.266959
../data/train_data_mmini/2/Train_0009.jpg	2	1.0,-1.0,-1.0,1.0,-1.0,1.0,1.0,1.0,-1.0,-1.0,1.0,-1.0	0.10676433,-0.07814689,-1.4926527,1.4963757,-0.63244945,0.9938728,1.4176136,0.24882182,-0.17318021,-0.79386324,0.87678844,-0.8603468
../data/train_data_mmini/3/Train_0010.jpg	3	1.0,-1.0,-1.0,1.0,-1.0,-1.0,1.0,-1.0,1.0,-1.0,-1.0,-1.0	0.340524,-0.9156347,-3.1841435,2.7292082,-1.7783422,-0.46137354,2.4263859,-1.6322107,0.6930162,-1.7650182,-0.55917156,-3.8482008
../data/train_data_mmini/3/Train_0011.jpg	3	-1.0,-1.0,1.0,1.0,1.0,1.0,1.0,1.0,-1.0,-1.0,1.0,-1.0	-0.78217065,-0.8786971,4.068897,6.9412537,0.43432948,1.526864,1.6133293,0.9679185,-5.373256,-1.8128687,3.732097,-1.9539014
../data/train_data_mmini/3/Train_0012.jpg	3	-1.0,1.0,1.0,1.0,-1.0,1.0,1.0,1.0,1.0,1.0,1.0,1.0	-1.2879531,0.15352161,0.8410115,1.2857406,-2.4016755,0.9088823,0.15783904,3.3062441,1.8881168,2.6185956,3.2988229,0.48952383
../data/train_data_mmini/3/Train_0013.jpg	3	-1.0,-1.0,-1.0,1.0,1.0,1.0,-1.0,-1.0,1.0,1.0,-1.0,-1.0	-2.4704156,-0.8613055,-0.57906646,1.9016469,0.44258553,0.688436,-1.0462254,-1.1982739,2.7232554,0.26349485,-1.9469169,-5.162334
../data/train_data_mmini/3/Train_0014.jpg	3	-1.0,-1.0,-1.0,1.0,1.0,1.0,1.0,-1.0,-1.0,-1.0,-1.0,-1.0	-0.15559198,-0.94942,-1.1765342,3.2914896,1.1635433,1.5408378,0.8052453,-2.157077,-1.6930614,-2.5546448,-0.6479031,-4.0796237
../data/train_data_mmini/4/Train_0015.jpg	4	-1.0,-1.0,1.0,1.0,1.0,1.0,-1.0,-1.0,-1.0,1.0,1.0,-1.0	-1.3062147,-1.343458,5.0131865,1.8347557,1.5915904,0.94294757,-3.0465407,-0.7455544,-3.707901,0.87193054,1.0864825,-0.6406364
../data/train_data_mmini/4/Train_0016.jpg	4	1.0,1.0,-1.0,1.0,-1.0,1.0,1.0,1.0,-1.0,-1.0,1.0,1.0	0.73208964,1.1667302,-0.5034976,4.1535196,-1.185966,1.3804684,5.40789,3.9179559,-2.1401334,-2.2557673,4.0691743,0.7770825
../data/train_data_mmini/4/Train_0017.jpg	4	-1.0,1.0,-1.0,1.0,-1.0,1.0,1.0,1.0,1.0,1.0,1.0,-1.0	-3.1720154,1.9058789,-0.48422298,2.8997343,-1.268763,1.5772853,0.9773993,3.209113,4.1454573,0.71614945,2.04317,-1.0225412
../data/train_data_mmini/4/Train_0018.jpg	4	1.0,-1.0,1.0,1.0,1.0,1.0,1.0,-1.0,-1.0,-1.0,1.0,-1.0	0.54667413,-0.9309591,0.35408497,5.330953,0.99047756,1.1014308,2.909056,-1.442477,-4.7169023,-3.8292816,0.95708793,-3.063542
../data/train_data_mmini/4/Train_0019.jpg	4	-1.0,1.0,-1.0,-1.0,1.0,1.0,-1.0,-1.0,1.0,1.0,-1.0,-1.0	-2.6497617,0.61072564,-1.4194283,-1.8117745,0.8559915,1.1478779,-3.3757834,-1.1465728,6.4512653,2.2320023,-2.616789,-2.4396625
../data/train_data_mmini/5/Train_0020.jpg	5	1.0,-1.0,-1.0,-1.0,-1.0,1.0,1.0,1.0,-1.0,1.0,1.0,1.0	2.295954,-0.31097978,-0.29794154,-2.6616912,-0.9679447,0.99331194,0.54274386,1.8603153,-0.6666854,1.40554,1.4113314,3.0187125
../data/train_data_mmini/5/Train_0021.jpg	5	-1.0,-1.0,1.0,1.0,1.0,1.0,-1.0,-1.0,-1.0,1.0,1.0,-1.0	-0.84823763,-1.3332362,2.8648622,1.7810651,0.3020031,0.517366,-2.6466835,-0.9341935,-2.7339795,1.4601716,1.2937186,-0.95132613
../data/train_data_mmini/5/Train_0022.jpg	5	1.0,-1.0,1.0,-1.0,1.0,1.0,-1.0,-1.0,-1.0,1.0,-1.0,1.0	1.0488057,-1.2682091,0.22850108,-2.8607883,0.5815398,0.38046342,-2.3895986,-1.4925704,-0.041542187,1.5098408,-1.4032606,0.42737642
../data/train_data_mmini/5/Train_0023.jpg	5	1.0,-1.0,1.0,-1.0,-1.0,1.0,-1.0,1.0,-1.0,1.0,1.0,1.0	2.601547,-0.2406141,0.78542495,-3.1062996,-1.183213,0.25138104,-0.17765434,1.6839072,-1.435725,2.1500883,1.6147469,4.2327814
../data/train_data_mmini/5/Train_0024.jpg	5	1.0,-1.0,1.0,1.0,-1.0,1.0,-1.0,1.0,-1.0,1.0,1.0,1.0	0.7117771,-0.42052168,2.0726635,0.36916685,-0.72246575,0.46176726,-0.27611306,1.4592901,-2.4410539,1.2472486,2.6495955,2.1733246
../data/train_data_mmini/6/Train_0025.jpg	6	-1.0,1.0,-1.0,1.0,-1.0,1.0,1.0,1.0,1.0,-1.0,1.0,1.0	-1.6601404,3.8827918,-4.8522134,0.7795578,-1.9324237,1.8259821,3.2110772,3.360065,6.8348074,-0.41861004,1.6070162,1.1571501
../data/train_data_mmini/6/Train_0026.jpg	6	1.0,1.0,-1.0,1.0,-1.0,1.0,1.0,1.0,-1.0,-1.0,1.0,1.0	1.7205002,0.2716417,-0.89643383,2.735846,-1.416248,0.8666254,3.8913393,1.5327383,-2.9024668,-2.0522168,3.065298,1.2264488
../data/train_data_mmini/6/Train_0027.jpg	6	1.0,1.0,-1.0,1.0,-1.0,1.0,1.0,1.0,-1.0,-1.0,1.0,-1.0	0.84053826,0.46143034,-3.4207761,3.8861523,-1.5763122,0.7094244,5.1077347,1.046535,-0.3206285,-3.0579255,1.7093647,-1.7693285
../data/train_data_mmini/6/Train_0028.jpg	6	1.0,-1.0,1.0,1.0,1.0,1.0,1.0,-1.0,-1.0,-1.0,1.0,-1.0	1.0079328,-1.3351957,2.6284814,4.2434998,1.3622429,1.6463308,2.2199368,-0.14650011,-5.888186,-2.8115911,1.6287286,-1.3716909
../data/train_data_mmini/6/Train_0029.jpg	6	-1.0,1.0,-1.0,1.0,-1.0,1.0,1.0,1.0,1.0,1.0,1.0,-1.0	-2.948326,1.8442487,-1.9478269,1.7131226,-1.1949391,0.5418041,0.4065881,1.4354869,5.3182607,0.9279594,0.6145297,-1.3478796
../data/train_data_mmini/7/Train_0030.jpg	7	1.0,1.0,-1.0,-1.0,-1.0,1.0,1.0,1.0,1.0,1.0,1.0,1.0	0.11586949,0.85587126,-1.274873,-0.63308245,-0.8293032,1.3928943,1.1822767,2.4611816,1.7026209,0.7670234,1.3002576,1.531047
../data/train_data_mmini/7/Train_0031.jpg	7	-1.0,1.0,-1.0,1.0,-1.0,1.0,1.0,1.0,1.0,-1.0,1.0,-1.0	-0.22908409,0.28989413,-3.3679516,2.6968012,-1.2519808,1.1117213,3.4617233,0.26257432,1.3641728,-2.6071787,0.32569906,-3.0080023
../data/train_data_mmini/7/Train_0032.jpg	7	-1.0,-1.0,1.0,1.0,1.0,1.0,1.0,-1.0,-1.0,-1.0,1.0,-1.0	-1.7484977,-1.7288896,0.20853317,7.556423,0.8737679,1.4944795,2.0032818,-2.812167,-3.549618,-4.055344,0.28846672,-6.923279
../data/train_data_mmini/7/Train_0033.jpg	7	1.0,1.0,-1.0,1.0,-1.0,1.0,1.0,1.0,1.0,-1.0,1.0,1.0	0.9807743,1.0427544,-3.1095388,1.4736489,-2.0985749,0.6520665,3.7753239,1.9208957,0.8575254,-1.0947394,1.9458869,0.5495665
../data/train_data_mmini/7/Train_0034.jpg	7	1.0,-1.0,1.0,1.0,-1.0,1.0,1.0,-1.0,-1.0,-1.0,1.0,-1.0	0.17808254,-1.0098568,0.21305716,6.905198,-0.27694723,0.62176156,3.3384225,-1.2117406,-4.827871,-3.280555,2.558049,-2.9558332
../data/train_data_mmini/8/Train_0035.jpg	8	-1.0,-1.0,-1.0,1.0,1.0,1.0,-1.0,-1.0,1.0,-1.0,-1.0,-1.0	-1.3548385,-1.1388335,-0.6822104,2.3519444,0.8810545,0.37558195,-0.6748732,-2.5309577,0.27054903,-0.97997594,-1.493487,-4.3669395
../data/train_data_mmini/8/Train_0036.jpg	8	-1.0,1.0,-1.0,1.0,1.0,1.0,1.0,-1.0,1.0,-1.0,-1.0,-1.0	-0.7688594,0.78224605,-3.1608026,3.2284443,0.7653987,2.0400085,3.2509034,-0.28309923,0.66754806,-4.053961,-0.45326176,-2.9101393
../data/train_data_mmini/8/Train_0037.jpg	8	1.0,-1.0,1.0,1.0,-1.0,1.0,1.0,1.0,-1.0,-1.0,1.0,-1.0	0.07281385,-0.031788364,0.119488254,6.5929475,-1.1564525,0.9900597,4.690464,1.454577,-3.8547657,-2.807327,4.2191796,-1.1607908
../data/train_data_mmini/8/Train_0038.jpg	8	-1.0,-1.0,-1.0,1.0,-1.0,1.0,1.0,-1.0,1.0,-1.0,-1.0,-1.0	-1.0746858,-0.6582816,-1.2212393,1.8300781,-0.57289547,0.7395572,0.6487721,-0.5134847,0.84782773,-1.0906086,-0.051404867,-2.9874299
../data/train_data_mmini/8/Train_0039.jpg	8	-1.0,-1.0,-1.0,1.0,1.0,1.0,-1.0,-1.0,1.0,-1.0,-1.0,-1.0	-3.017365,-0.5900481,-0.84783155,4.168518,0.5305432,0.8072626,-0.25210205,-1.5193799,1.9453068,-0.86756593,-0.8314797,-5.7249646
../data/train_data_mmini/9/Train_0040.jpg	9	-1.0,-1.0,1.0,1.0,1.0,1.0,-1.0,-1.0,-1.0,1.0,1.0,1.0	-0.41291812,-1.3781064,3.6674702,0.8400238,0.5217678,0.5717316,-2.821466,-0.29381034,-2.7164204,2.0976064,1.449144,0.16807358
../data/train_data_mmini/9/Train_0041.jpg	9	1.0,1.0,-1.0,1.0,-1.0,1.0,1.0,1.0,-1.0,-1.0,1.0,-1.0	1.2709453,0.004871832,-3.8564918,3.6078513,-0.97091603,1.5696659,5.662135,1.3266432,-0.2556034,-3.718852,0.82829964,-2.7913995
../data/train_data_mmini/9/Train_0042.jpg	9	-1.0,-1.0,1.0,1.0,1.0,1.0,-1.0,1.0,-1.0,1.0,1.0,-1.0	-0.93049806,-1.4356415,5.33093,3.8101127,0.035880253,0.6428644,-1.5042522,0.60904104,-4.764422,1.1688108,3.0841143,-0.52745783
../data/train_data_mmini/9/Train_0043.jpg	9	-1.0,-1.0,1.0,-1.0,1.0,1.0,-1.0,-1.0,-1.0,1.0,-1.0,-1.0	-0.25380334,-1.7134856,1.1045154,-0.16356114,2.0508854,0.6898175,-2.7898045,-2.6045313,-1.1629486,0.5002626,-1.720723,-2.1726997
../data/train_data_mmini/9/Train_0044.jpg	9	-1.0,1.0,-1.0,1.0,-1.0,1.0,-1.0,1.0,1.0,1.0,1.0,-1.0	-2.7552543,0.86521703,-0.4150708,0.006397114,-1.4960862,0.5386367,-1.7966554,1.4335856,5.147215,3.29236,1.051918,-0.6543095
../data/train_data_mmini/10/Train_0045.jpg	10	-1.0,-1.0,-1.0,1.0,1.0,1.0,1.0,-1.0,1.0,-1.0,-1.0,-1.0	-3.3428326,-0.14691387,-3.6642942,5.9548483,0.38025132,0.6394883,1.430065,-3.0673766,2.6158028,-3.5263329,-2.0085762,-8.10758
../data/train_data_mmini/10/Train_0046.jpg	10	-1.0,1.0,1.0,1.0,-1.0,1.0,-1.0,1.0,1.0,1.0,1.0,-1.0	-4.110347,0.71130854,1.678815,5.2929616,-1.2406569,0.15989791,-0.8704169,1.3811173,1.5821747,1.6582118,2.8868315,-2.839411
../data/train_data_mmini/10/Train_0047.jpg	10	-1.0,1.0,-1.0,1.0,1.0,1.0,1.0,-1.0,1.0,-1.0,-1.0,-1.0	-3.1342633,0.002385201,-2.2524037,5.2186594,0.71072114,1.3855214,0.8778641,-2.4629395,1.8855906,-3.1786156,-1.0561546,-6.444237
../data/train_data_mmini/10/Train_0048.jpg	10	-1.0,1.0,-1.0,1.0,1.0,1.0,-1.0,-1.0,1.0,1.0,-1.0,-1.0	-5.093906,0.62285024,-2.7225912,2.6264005,0.55382013,1.1018015,-2.968647,-2.2595139,7.7889915,0.58046985,-2.2358794,-7.2486305
../data/train_data_mmini/10/Train_0049.jpg	10	-1.0,-1.0,-1.0,1.0,1.0,1.0,-1.0,-1.0,1.0,-1.0,-1.0,-1.0	-2.5774488,-0.88144535,-0.25230655,4.6704936,0.6369644,0.91116995,-0.020295097,-1.7187548,0.72278726,-1.2182909,-0.0064816,-5.1714134
