../data/train_data_mmini/1/Train_0000.jpg	1	-1.0,1.0,-1.0,1.0,1.0,1.0,-1.0,1.0	-0.09720642,0.17638788,-0.22784862,0.0133585045,0.01614451,0.10793816,-0.27183023,0.25023466
../data/train_data_mmini/1/Train_0001.jpg	1	-1.0,1.0,-1.0,-1.0,1.0,1.0,-1.0,1.0	-0.13021438,0.17057104,-0.3301011,-0.068014294,0.07676952,0.21315534,-0.42598042,0.37121856
../data/train_data_mmini/1/Train_0002.jpg	1	-1.0,1.0,-1.0,-1.0,1.0,1.0,-1.0,1.0	-0.094188616,0.20831774,-0.28504455,-0.026871148,0.01149088,0.22913614,-0.28446674,0.19522478
../data/train_data_mmini/1/Train_0003.jpg	1	-1.0,1.0,-1.0,1.0,1.0,1.0,-1.0,1.0	-0.037858635,0.1708102,-0.24130136,0.023903845,0.007000009,0.08970128,-0.30205223,0.27024454
../data/train_data_mmini/1/Train_0004.jpg	1	-1.0,1.0,-1.0,1.0,1.0,1.0,-1.0,1.0	-0.09497045,0.18445995,-0.32302406,0.02320836,0.060706064,0.12731901,-0.32140553,0.28049526
../data/train_data_mmini/2/Train_0005.jpg	2	-1.0,1.0,-1.0,1.0,1.0,1.0,-1.0,1.0	-0.22515678,0.216068,-0.434687,0.03704898,0.020038696,0.19255674,-0.2777985,0.343228
../data/train_data_mmini/2/Train_0006.jpg	2	-1.0,1.0,-1.0,-1.0,1.0,1.0,-1.0,1.0	-0.07924282,0.2477536,-0.35957682,-0.052732814,0.1400363,0.21547127,-0.31694028,0.24826142
../data/train_data_mmini/2/Train_0007.jpg	2	-1.0,1.0,-1.0,-1.0,1.0,1.0,-1.0,1.0	-0.076589,0.15271606,-0.24211904,-0.0025076787,0.002900649,0.094954744,-0.23771878,0.29132462
../data/train_data_mmini/2/Train_0008.jpg	2	-1.0,1.0,-1.0,-1.0,1.0,1.0,-1.0,1.0	-0.0987778,0.26944715,-0.3442419,-0.116562806,0.10842794,0.20729266,-0.33907282,0.3123935
../data/train_data_mmini/2/Train_0009.jpg	2	-1.0,1.0,-1.0,-1.0,1.0,1.0,-1.0,1.0	-0.18977107,0.22017035,-0.39155546,-0.016169656,0.04197993,0.15189482,-0.36942053,0.38528156
../data/train_data_mmini/3/Train_0010.jpg	3	-1.0,1.0,-1.0,-1.0,1.0,1.0,-1.0,1.0	-0.11183631,0.23355523,-0.43846756,-0.08435139,0.09465791,0.24454667,-0.26166868,0.33113074
../data/train_data_mmini/3/Train_0011.jpg	3	-1.0,1.0,-1.0,1.0,-1.0,1.0,-1.0,1.0	-0.20109853,0.27770782,-0.41760156,0.055916764,-0.03781816,0.19087827,-0.37247196,0.28950176
../data/train_data_mmini/3/Train_0012.jpg	3	-1.0,1.0,-1.0,1.0,-1.0,1.0,-1.0,1.0	-0.23492067,0.17640376,-0.45010865,0.17231642,-0.06297052,0.17428726,-0.39361805,0.3389314
../data/train_data_mmini/3/Train_0013.jpg	3	-1.0,1.0,-1.0,-1.0,1.0,1.0,-1.0,1.0	-0.17873141,0.35477814,-0.37289426,-0.10467937,0.16994569,0.26234803,-0.3750716,0.38326874
../data/train_data_mmini/3/Train_0014.jpg	3	-1.0,1.0,-1.0,-1.0,1.0,1.0,-1.0,1.0	-0.1838998,0.31382266,-0.53823745,-0.031644188,0.12742189,0.17791045,-0.37081477,0.30084738
../data/train_data_mmini/4/Train_0015.jpg	4	-1.0,1.0,-1.0,1.0,1.0,1.0,-1.0,1.0	-0.10981636,0.161976,-0.31076166,0.026248703,0.035012614,0.16605152,-0.26887766,0.24978265
../data/train_data_mmini/4/Train_0016.jpg	4	-1.0,1.0,-1.0,-1.0,1.0,1.0,-1.0,1.0	-0.17429103,0.15026045,-0.4172735,-0.03040949,0.04410152,0.14286736,-0.3451808,0.22211881
../data/train_data_mmini/4/Train_0017.jpg	4	-1.0,1.0,-1.0,1.0,1.0,1.0,-1.0,1.0	-0.2502925,0.3074164,-0.5019651,0.028303422,0.114258364,0.23632498,-0.4272362,0.2690413
../data/train_data_mmini/4/Train_0018.jpg	4	-1.0,1.0,-1.0,1.0,1.0,1.0,-1.0,1.0	-0.16175313,0.16040829,-0.35398,0.064681545,0.092330135,0.19233541,-0.18506525,0.212096
../data/train_data_mmini/4/Train_0019.jpg	4	-1.0,1.0,-1.0,-1.0,1.0,1.0,-1.0,1.0	-0.17296067,0.28096762,-0.4639312,-0.040219765,0.16486712,0.24859215,-0.41060358,0.19999155
../data/train_data_mmini/5/Train_0020.jpg	5	-1.0,1.0,-1.0,-1.0,1.0,1.0,-1.0,1.0	-0.120291546,0.1968195,-0.31554222,-0.0050246073,0.050199095,0.12121611,-0.31963855,0.34564894
../data/train_data_mmini/5/Train_0021.jpg	5	-1.0,1.0,-1.0,-1.0,1.0,1.0,-1.0,1.0	-0.1882417,0.25277048,-0.39200124,-0.0064516054,0.07913788,0.20410773,-0.36944157,0.4055532
../data/train_data_mmini/5/Train_0022.jpg	5	-1.0,1.0,-1.0,-1.0,1.0,1.0,-1.0,1.0	-0.08163384,0.19669026,-0.31718826,-0.027155103,0.05341317,0.1332386,-0.24916497,0.32268023
../data/train_data_mmini/5/Train_0023.jpg	5	-1.0,1.0,-1.0,-1.0,1.0,1.0,-1.0,1.0	-0.08258675,0.121901356,-0.22983934,-0.016243625,0.021588977,0.08548168,-0.25511965,0.3003867
../data/train_data_mmini/5/Train_0024.jpg	5	-1.0,1.0,-1.0,1.0,-1.0,1.0,-1.0,1.0	-0.10782476,0.1922943,-0.28188902,0.0825751,-0.030844519,0.12750049,-0.29811913,0.3256654
../data/train_data_mmini/6/Train_0025.jpg	6	-1.0,1.0,-1.0,1.0,-1.0,1.0,-1.0,1.0	-0.32490748,0.27328143,-0.5198599,0.028023042,-0.040923722,0.46570206,-0.39606872,0.21837425
../data/train_data_mmini/6/Train_0026.jpg	6	-1.0,1.0,-1.0,1.0,-1.0,1.0,-1.0,1.0	-0.21157685,0.17747375,-0.318663,0.07012991,-0.018408116,0.17344669,-0.36208367,0.3656838
../data/train_data_mmini/6/Train_0027.jpg	6	-1.0,1.0,-1.0,-1.0,1.0,1.0,-1.0,1.0	-0.20404369,0.2399467,-0.49991807,-0.07203938,0.030844567,0.24639082,-0.31063592,0.3058224
../data/train_data_mmini/6/Train_0028.jpg	6	-1.0,1.0,-1.0,1.0,1.0,1.0,-1.0,1.0	-0.12391699,0.2745384,-0.32738858,0.0058184755,0.080510326,0.19440196,-0.28514394,0.30348456
../data/train_data_mmini/6/Train_0029.jpg	6	-1.0,1.0,-1.0,-1.0,-1.0,1.0,-1.0,1.0	-0.18864745,0.27764636,-0.4075677,-0.021463305,-0.01703705,0.26099756,-0.39319828,0.29105672
../data/train_data_mmini/7/Train_0030.jpg	7	-1.0,1.0,-1.0,-1.0,1.0,1.0,-1.0,1.0	-0.19986176,0.1892262,-0.4171461,-0.03909169,0.014188224,0.1473232,-0.39944375,0.32212242
../data/train_data_mmini/7/Train_0031.jpg	7	-1.0,1.0,-1.0,-1.0,1.0,1.0,-1.0,1.0	-0.31243697,0.3278759,-0.49238786,-0.017462377,0.10144134,0.28351974,-0.449738,0.45220467
../data/train_data_mmini/7/Train_0032.jpg	7	-1.0,1.0,-1.0,1.0,1.0,1.0,-1.0,1.0	-0.3588023,0.36622626,-0.52777296,0.012405433,0.024936268,0.30515876,-0.3220312,0.42703664
../data/train_data_mmini/7/Train_0033.jpg	7	-1.0,1.0,-1.0,1.0,-1.0,1.0,-1.0,1.0	-0.15171511,0.19956358,-0.38848802,0.011050578,-0.029186873,0.14868791,-0.32976952,0.3106226
../data/train_data_mmini/7/Train_0034.jpg	7	-1.0,1.0,-1.0,1.0,1.0,1.0,-1.0,1.0	-0.21793453,0.34556025,-0.51302636,0.06922053,0.07059177,0.28940246,-0.3915298,0.32560834
../data/train_data_mmini/8/Train_0035.jpg	8	-1.0,1.0,-1.0,-1.0,1.0,1.0,-1.0,1.0	-0.15518962,0.22040713,-0.3767129,-0.07030502,0.085568294,0.13943067,-0.30188936,0.32245252
../data/train_data_mmini/8/Train_0036.jpg	8	-1.0,1.0,-1.0,1.0,1.0,1.0,-1.0,1.0	-0.25026312,0.2422457,-0.4287605,0.008479708,0.04578578,0.23486039,-0.3002258,0.32412916
../data/train_data_mmini/8/Train_0037.jpg	8	-1.0,1.0,-1.0,1.0,1.0,1.0,-1.0,1.0	-0.30275187,0.2868452,-0.4885957,0.033846423,0.014136663,0.22945264,-0.4382872,0.45363307
../data/train_data_mmini/8/Train_0038.jpg	8	-1.0,1.0,-1.0,-1.0,1.0,1.0,-1.0,1.0	-0.2022112,0.24719644,-0.42739314,-0.059505083,0.101567164,0.22717613,-0.33147082,0.33682606
../data/train_data_mmini/8/Train_0039.jpg	8	-1.0,1.0,-1.0,1.0,1.0,1.0,-1.0,1.0	-0.22060405,0.30145594,-0.43232277,0.005373348,0.042437587,0.20313196,-0.35545582,0.34957737
../data/train_data_mmini/9/Train_0040.jpg	9	-1.0,1.0,-1.0,-1.0,1.0,1.0,-1.0,1.0	-0.10480651,0.26484674,-0.38404173,-0.033425286,0.021277493,0.14640468,-0.3729527,0.38442618
../data/train_data_mmini/9/Train_0041.jpg	9	-1.0,1.0,-1.0,1.0,1.0,1.0,-1.0,1.0	-0.27379692,0.28306946,-0.46311188,0.014469302,0.050922174,0.30949873,-0.3514353,0.41187724
../data/train_data_mmini/9/Train_0042.jpg	9	-1.0,1.0,-1.0,1.0,1.0,1.0,-1.0,1.0	-0.100531876,0.2526008,-0.37986368,0.014358025,0.07587843,0.18426283,-0.36460194,0.3662868
../data/train_data_mmini/9/Train_0043.jpg	9	-1.0,1.0,-1.0,-1.0,1.0,1.0,-1.0,1.0	-0.086667925,0.258115,-0.35560727,-0.032577343,0.09326392,0.13721168,-0.29870844,0.36691728
../data/train_data_mmini/9/Train_0044.jpg	9	-1.0,1.0,-1.0,-1.0,1.0,1.0,-1.0,1.0	-0.16916059,0.26804325,-0.40443093,-0.05466807,0.09125003,0.23967908,-0.43468446,0.3422872
../data/train_data_mmini/10/Train_0045.jpg	10	-1.0,1.0,-1.0,1.0,1.0,1.0,-1.0,1.0	-0.3428041,0.29622534,-0.47301668,0.056604557,0.078429915,0.27440757,-0.28688708,0.243519
../data/train_data_mmini/10/Train_0046.jpg	10	-1.0,1.0,-1.0,-1.0,1.0,1.0,-1.0,1.0	-0.107607454,0.26951328,-0.3809063,-0.082735464,0.037804928,0.1630487,-0.36282638,0.2648491
../data/train_data_mmini/10/Train_0047.jpg	10	-1.0,1.0,-1.0,1.0,1.0,1.0,-1.0,1.0	-0.4272228,0.3829954,-0.5759546,0.064728044,0.1262174,0.27686858,-0.4054616,0.4574768
../data/train_data_mmini/10/Train_0048.jpg	10	-1.0,1.0,-1.0,-1.0,1.0,1.0,-1.0,1.0	-0.28425533,0.3280053,-0.57168365,-0.06423779,0.08479248,0.36035568,-0.34720606,0.2764065
../data/train_data_mmini/10/Train_0049.jpg	10	-1.0,1.0,-1.0,-1.0,1.0,1.0,-1.0,1.0	-0.22093657,0.30708143,-0.4496899,-0.025605546,0.059261505,0.2418189,-0.3713828,0.39235318
