../data/train_data_mmini/1/Train_0000.jpg	1	1.0,1.0,-1.0,1.0,-1.0,1.0,-1.0,1.0,1.0,-1.0,-1.0,-1.0,1.0,-1.0,-1.0,-1.0,-1.0,1.0,-1.0,-1.0,1.0,-1.0,-1.0,1.0	0.08065812,0.25149888,-0.019449584,0.17658196,-0.4848295,0.3179152,-0.045029294,0.09053931,0.18242934,-0.07521582,-0.26469126,-0.048477706,0.059902005,-0.0875216,-0.20190468,-0.12688957,-0.010583181,0.10251826,-0.16104887,-0.008276817,0.31931254,-0.011936929,-0.31067607,0.13077033
../data/train_data_mmini/1/Train_0001.jpg	1	-1.0,-1.0,1.0,1.0,-1.0,1.0,-1.0,1.0,-1.0,1.0,-1.0,1.0,1.0,-1.0,-1.0,-1.0,-1.0,-1.0,-1.0,-1.0,1.0,1.0,-1.0,-1.0	-0.32723898,-0.0407804,0.012361293,0.35545638,-0.46050188,0.49786675,-0.20678174,0.16946602,-0.084542744,0.2035852,-0.10982251,0.2953919,0.06947926,-0.095857784,-0.017732602,-0.22712599,-0.31189752,-0.2203698,-0.51754373,-0.20249291,0.22074403,0.26651436,-0.28100413,-0.10526393
../data/train_data_mmini/1/Train_0002.jpg	1	-1.0,-1.0,1.0,1.0,1.0,-1.0,1.0,-1.0,-1.0,-1.0,-1.0,-1.0,-1.0,1.0,1.0,1.0,-1.0,1.0,1.0,1.0,1.0,1.0,-1.0,-1.0	-0.46081075,-0.20714936,0.31320414,0.6327713,0.16228478,-0.06045843,0.28492,-0.2651867,-0.6295093,-0.070541054,-0.10053758,-0.48424375,-0.39855376,0.040063623,0.09950042,0.37987503,-0.61505586,0.059091948,0.62154955,0.005624595,0.19327936,0.1527283,-0.30749077,-0.24424332
../data/train_data_mmini/1/Train_0003.jpg	1	1.0,1.0,-1.0,-1.0,-1.0,1.0,-1.0,1.0,1.0,-1.0,-1.0,-1.0,1.0,-1.0,-1.0,-1.0,1.0,1.0,-1.0,1.0,1.0,1.0,-1.0,1.0	0.44820222,0.25593317,-0.38733435,-0.15979241,-0.7113424,0.45824564,-0.13169435,0.17100981,0.34787372,-0.0025960286,-0.18271843,-0.0072953524,0.25877383,-0.20609215,-0.24857797,-0.2792624,0.30051845,0.18105634,-0.47345462,0.038904313,0.254268,0.07216194,-0.32901782,0.20620348
../data/train_data_mmini/1/Train_0004.jpg	1	1.0,1.0,1.0,1.0,-1.0,1.0,-1.0,1.0,-1.0,-1.0,-1.0,-1.0,1.0,-1.0,-1.0,-1.0,1.0,1.0,-1.0,1.0,1.0,-1.0,-1.0,1.0	0.379082,0.45356062,0.055576768,0.049440917,-0.4515372,0.067885235,-0.1304071,0.33195367,-0.0770553,-0.19930473,-0.15895553,-0.1406477,0.1515685,-0.013744528,-0.15557222,-0.0017872972,0.3055899,0.12457794,-0.1308223,0.38041434,0.20332858,-0.009541888,-0.40302047,0.037607353
../data/train_data_mmini/2/Train_0005.jpg	2	-1.0,-1.0,1.0,1.0,-1.0,1.0,-1.0,-1.0,-1.0,1.0,-1.0,-1.0,-1.0,1.0,1.0,-1.0,-1.0,1.0,-1.0,-1.0,1.0,-1.0,-1.0,-1.0	-0.026040215,-0.1882644,0.1335734,0.68883884,-0.16541949,0.37856588,-0.17137891,-0.088930845,-0.23891215,0.3965115,-0.19423145,-0.25788698,-0.20559497,0.018165369,0.19314115,-0.102201946,-0.3351481,0.2237532,-0.18544278,-0.09263635,0.107479945,-0.18597502,-0.25808203,-0.18400809
../data/train_data_mmini/2/Train_0006.jpg	2	-1.0,-1.0,1.0,1.0,1.0,1.0,1.0,-1.0,-1.0,1.0,-1.0,-1.0,-1.0,1.0,1.0,-1.0,-1.0,1.0,1.0,-1.0,1.0,-1.0,1.0,1.0	-0.24563058,-0.57398313,0.36003348,0.69054866,0.1602228,0.09820823,0.43773884,-0.7670041,-0.35310382,0.40768167,-0.41619256,-0.40446556,-0.39463374,0.33808044,0.09904295,-0.0832308,-0.7383569,0.21630014,0.8136485,-0.38075438,0.11553033,-0.3287898,0.2588207,0.02200554
../data/train_data_mmini/2/Train_0007.jpg	2	1.0,1.0,-1.0,-1.0,-1.0,1.0,-1.0,1.0,1.0,-1.0,1.0,-1.0,1.0,-1.0,-1.0,1.0,1.0,1.0,-1.0,1.0,1.0,1.0,-1.0,1.0	0.68303466,0.437474,-0.17507738,-0.35202944,-0.685135,0.11961206,-0.118333474,0.26635697,0.124074265,-0.16283174,0.01268006,-0.013917384,0.13898674,-0.3513734,-0.27257666,0.10116688,0.55089855,0.34208483,-0.18685292,0.46786854,0.24315082,0.045438293,-0.4070546,0.11314941
../data/train_data_mmini/2/Train_0008.jpg	2	1.0,-1.0,1.0,1.0,1.0,-1.0,1.0,-1.0,-1.0,1.0,-1.0,-1.0,-1.0,-1.0,-1.0,1.0,-1.0,1.0,1.0,1.0,1.0,-1.0,-1.0,-1.0	0.040997595,-0.39742067,0.27921405,0.110932335,0.33976445,-0.03722298,0.6153948,-0.81114054,-0.6332637,0.037429642,-0.09785517,-0.26126912,-0.40906417,-0.38297144,-0.27685487,0.51747113,-0.4228349,0.4111703,1.2840327,0.4991555,0.25411066,-0.19601038,-0.020780254,-0.04215053
../data/train_data_mmini/2/Train_0009.jpg	2	-1.0,1.0,1.0,1.0,-1.0,1.0,-1.0,1.0,-1.0,1.0,-1.0,-1.0,1.0,1.0,1.0,-1.0,-1.0,1.0,-1.0,-1.0,1.0,-1.0,-1.0,1.0	-0.22939436,0.07289658,0.02409016,0.32938394,-0.3412928,0.57755136,-0.39522612,0.19249758,-0.00550438,0.3833917,-0.35647494,-0.03009674,0.08171219,0.010959444,0.17255239,-0.57082653,-0.293465,0.05095343,-0.5820995,-0.40818366,0.19003561,-0.3491421,-0.2643366,0.2939942
../data/train_data_mmini/3/Train_0010.jpg	3	1.0,-1.0,1.0,-1.0,1.0,1.0,1.0,-1.0,-1.0,1.0,1.0,-1.0,1.0,-1.0,-1.0,1.0,-1.0,1.0,1.0,1.0,1.0,-1.0,-1.0,1.0	0.27366033,-0.5648259,0.116043955,-0.056788515,0.31725377,0.14367387,0.3975343,-0.559159,-0.87624556,0.39549613,0.2860393,-0.17005433,0.036611233,-0.21811645,-0.058924954,0.22002526,-0.34408733,0.5228583,0.44485888,0.605049,0.02635257,-0.11746818,-0.171762,0.23022795
../data/train_data_mmini/3/Train_0011.jpg	3	-1.0,1.0,1.0,1.0,1.0,-1.0,-1.0,1.0,-1.0,-1.0,-1.0,-1.0,-1.0,1.0,1.0,1.0,-1.0,-1.0,-1.0,1.0,-1.0,1.0,-1.0,-1.0	-0.9218075,0.48881474,0.8506828,1.1502593,0.2768624,-0.17545466,-0.3890533,0.5588257,-0.56784,-0.49840763,-0.062376052,-0.27798042,-0.5776115,0.31937695,0.49289548,0.51861966,-0.78143835,-0.34677216,-0.0433221,0.25349107,-0.29294673,0.24468228,-0.84285384,-0.69406986
../data/train_data_mmini/3/Train_0012.jpg	3	-1.0,1.0,1.0,1.0,-1.0,1.0,-1.0,1.0,-1.0,-1.0,-1.0,-1.0,-1.0,1.0,1.0,-1.0,-1.0,-1.0,-1.0,-1.0,-1.0,1.0,-1.0,-1.0	-0.8846555,0.5380036,0.5108356,1.3481052,-0.43034893,0.23797205,-0.7001708,0.96417886,-0.26841572,-0.15655024,-0.22979203,-0.23134348,-0.02357667,0.8007581,0.3252975,-0.3382895,-0.70609695,-0.6209765,-1.2471273,-0.4487939,-0.03491061,0.11735368,-0.43440753,-0.32249245
../data/train_data_mmini/3/Train_0013.jpg	3	-1.0,-1.0,1.0,1.0,1.0,-1.0,1.0,-1.0,-1.0,1.0,-1.0,-1.0,-1.0,1.0,1.0,1.0,-1.0,-1.0,1.0,-1.0,1.0,-1.0,1.0,-1.0	-0.4128467,-0.96442425,0.56928056,0.81285644,0.46163344,-0.0376826,0.8101561,-1.2531859,-0.963842,0.08430274,-0.044036843,-0.5379785,-0.9597748,0.2986465,0.042708743,0.47678483,-1.0503856,-0.030749336,1.682104,-0.045770835,0.17208484,-0.21136367,0.4893691,-0.24479568
../data/train_data_mmini/3/Train_0014.jpg	3	-1.0,1.0,1.0,1.0,1.0,1.0,1.0,1.0,-1.0,1.0,-1.0,-1.0,-1.0,1.0,1.0,1.0,-1.0,1.0,1.0,1.0,-1.0,-1.0,-1.0,-1.0	-0.13699137,0.0050760102,0.40151617,0.474426,0.06842723,0.1780071,0.008069735,0.07473402,-0.48684937,0.113930225,-0.2088328,-0.08384408,-0.3283456,0.18110216,0.19803865,0.15136808,-0.33141297,0.1670219,0.18821564,0.29282585,-0.15108211,-0.20450766,-0.28880814,-0.11603334
../data/train_data_mmini/4/Train_0015.jpg	4	-1.0,1.0,1.0,1.0,-1.0,-1.0,1.0,-1.0,-1.0,-1.0,-1.0,-1.0,-1.0,1.0,-1.0,1.0,-1.0,1.0,1.0,-1.0,1.0,-1.0,-1.0,-1.0	-0.30184865,0.08039474,0.4223831,0.7413093,-0.09539662,-0.26735568,0.38478115,-0.2490435,-0.20449556,-0.04460908,-0.07554267,-0.4920595,-0.5052851,0.1736514,-0.12364281,0.23572806,-0.68836105,0.011777674,0.56323975,-0.03891447,0.3313508,-0.24397464,-0.035944264,-0.35196504
../data/train_data_mmini/4/Train_0016.jpg	4	-1.0,-1.0,-1.0,1.0,-1.0,1.0,-1.0,-1.0,-1.0,1.0,-1.0,1.0,-1.0,-1.0,1.0,-1.0,-1.0,-1.0,-1.0,-1.0,1.0,1.0,-1.0,-1.0	-0.33258095,-0.34369,-0.015281755,0.44818312,-0.16363174,0.81470907,-0.070877805,-0.09160037,-0.024236526,0.2543981,-0.27625453,0.05952139,-0.2669657,-0.35666445,0.06487094,-0.069080226,-0.4567174,-0.06693177,-0.49382815,-0.28693792,0.04585226,0.2028242,-0.3407514,-0.14797181
../data/train_data_mmini/4/Train_0017.jpg	4	-1.0,-1.0,1.0,1.0,1.0,1.0,1.0,-1.0,-1.0,1.0,-1.0,-1.0,-1.0,1.0,1.0,-1.0,-1.0,-1.0,1.0,-1.0,-1.0,1.0,-1.0,-1.0	-1.0317278,-0.6931315,0.6182227,1.4770341,0.20769447,0.41717052,0.09582192,-0.31504652,-0.5871909,0.20422561,-0.31951413,-0.36501607,-0.6566286,0.48160285,0.36266097,-0.19186936,-1.4341261,-0.5828945,0.18114868,-0.7679016,-0.033228137,0.06617879,-0.069028996,-0.43760717
../data/train_data_mmini/4/Train_0018.jpg	4	1.0,-1.0,1.0,1.0,-1.0,1.0,-1.0,-1.0,-1.0,1.0,1.0,1.0,-1.0,-1.0,1.0,1.0,-1.0,1.0,-1.0,1.0,1.0,-1.0,-1.0,-1.0	0.06757023,-0.17156957,0.33825466,0.3600994,-0.09636156,0.1754976,-0.11255518,-0.008676534,-0.39524528,0.29459074,0.020041673,0.0659284,-0.059505757,-0.08159086,0.017073404,0.097040914,-0.21553057,0.108068556,-0.05105568,0.14984567,0.17914434,-0.12186384,-0.21948197,-0.055055406
../data/train_data_mmini/4/Train_0019.jpg	4	1.0,-1.0,1.0,1.0,1.0,1.0,1.0,-1.0,-1.0,1.0,-1.0,-1.0,-1.0,1.0,1.0,1.0,-1.0,1.0,1.0,1.0,1.0,-1.0,1.0,-1.0	0.018008757,-0.46946993,0.06957341,0.4430953,0.25536284,0.007091604,0.36902067,-0.7141285,-0.5236351,0.39566863,-0.2920552,-0.5264594,-0.47498247,0.24858555,0.42920816,0.02915623,-0.4911423,0.23100103,0.82963926,0.017895196,0.1311477,-0.34719935,0.2963447,-0.23702145
../data/train_data_mmini/5/Train_0020.jpg	5	1.0,1.0,-1.0,-1.0,-1.0,1.0,-1.0,1.0,1.0,1.0,-1.0,1.0,1.0,-1.0,-1.0,-1.0,1.0,1.0,-1.0,1.0,1.0,-1.0,-1.0,1.0	0.37197837,0.21728764,-0.2109001,-0.12510738,-0.6325553,0.43872038,-0.28498176,0.35690564,0.13561158,0.16779257,-0.19190407,0.021441933,0.21689948,-0.26333037,-0.21141976,-0.24946888,0.4202042,0.15771973,-0.5970627,0.042168308,0.25227195,-0.032514557,-0.44459513,0.14922953
../data/train_data_mmini/5/Train_0021.jpg	5	1.0,1.0,1.0,1.0,-1.0,-1.0,1.0,-1.0,-1.0,-1.0,-1.0,-1.0,-1.0,1.0,1.0,1.0,-1.0,1.0,1.0,1.0,1.0,-1.0,-1.0,-1.0	0.061264444,0.28735703,0.43204576,0.5307186,-0.17117533,-0.18005086,0.045560937,-0.20529458,-0.14101824,-0.13881622,-0.16343883,-0.38510847,-0.34789905,0.25896576,0.03151639,0.18498622,-0.27767873,0.18911342,0.589248,0.12769108,0.26024154,-0.29417926,-0.31586295,-0.075862
../data/train_data_mmini/5/Train_0022.jpg	5	1.0,1.0,-1.0,-1.0,-1.0,1.0,1.0,-1.0,-1.0,1.0,-1.0,1.0,1.0,-1.0,-1.0,-1.0,1.0,1.0,-1.0,1.0,1.0,-1.0,-1.0,1.0	0.36311257,0.10896737,-0.113394305,-0.14867222,-0.47885105,0.24340148,0.047885466,-0.061157487,-0.048787132,0.09072927,-0.22371268,0.013578148,0.11316943,-0.3167417,-0.23098631,-0.15210985,0.19216937,0.33093572,-0.07712517,0.20240131,0.267044,-0.19812518,-0.06689476,0.23204187
../data/train_data_mmini/5/Train_0023.jpg	5	1.0,1.0,-1.0,-1.0,-1.0,1.0,-1.0,1.0,1.0,1.0,-1.0,1.0,1.0,-1.0,-1.0,-1.0,1.0,1.0,-1.0,1.0,1.0,-1.0,-1.0,1.0	0.53456944,0.3949506,-0.13248311,-0.21214537,-0.6773733,0.24371476,-0.17207646,0.21830437,0.34953225,0.1296908,-0.12650752,0.12641668,0.40917274,-0.19276142,-0.30864906,-0.2822252,0.45912635,0.2763907,-0.4364745,0.056852337,0.3283773,-0.11337634,-0.23307192,0.28191942
../data/train_data_mmini/5/Train_0024.jpg	5	1.0,1.0,1.0,1.0,-1.0,-1.0,-1.0,1.0,-1.0,-1.0,-1.0,-1.0,-1.0,1.0,1.0,1.0,1.0,1.0,-1.0,1.0,1.0,-1.0,-1.0,-1.0	0.33128285,0.6720502,0.14553683,0.4084796,-0.6394542,-0.05350955,-0.29055634,0.46832716,-0.050438568,-0.44939587,-0.06617595,-0.4748961,-0.09307893,0.19934143,0.036732916,0.2283519,0.13694945,0.28847548,-0.33029032,0.32058415,0.050397743,-0.08145081,-0.5726762,-0.15501317
../data/train_data_mmini/6/Train_0025.jpg	6	1.0,-1.0,-1.0,1.0,1.0,1.0,1.0,1.0,-1.0,-1.0,1.0,-1.0,-1.0,1.0,1.0,1.0,-1.0,1.0,-1.0,1.0,-1.0,-1.0,-1.0,-1.0	0.074934125,-0.06566548,-0.0014356701,0.66342837,0.039431237,0.26414332,0.03987221,0.18381095,-0.64278096,-0.061184518,0.00794736,-0.7365948,-0.34977436,0.35550082,0.58483434,0.1262341,-0.28732347,0.3040222,-0.23234941,0.23547618,-0.42696235,-0.07961291,-0.29484618,-0.25185394
../data/train_data_mmini/6/Train_0026.jpg	6	-1.0,-1.0,1.0,1.0,-1.0,1.0,-1.0,1.0,-1.0,1.0,1.0,1.0,1.0,-1.0,1.0,-1.0,-1.0,-1.0,-1.0,-1.0,1.0,1.0,-1.0,1.0	-0.26995528,-0.10964982,0.09953335,0.48397842,-0.4739888,0.6269986,-0.52842444,0.37125072,-0.076125,0.06153072,0.08825937,0.24366476,0.22764602,-0.018717583,0.12707008,-0.29220918,-0.42160624,-0.18707684,-0.76786166,-0.25076538,0.10032743,0.1045277,-0.63934785,0.096700154
../data/train_data_mmini/6/Train_0027.jpg	6	-1.0,-1.0,1.0,1.0,1.0,1.0,-1.0,1.0,-1.0,1.0,-1.0,1.0,-1.0,1.0,1.0,-1.0,-1.0,1.0,-1.0,-1.0,-1.0,-1.0,-1.0,-1.0	-0.6160535,-0.07683305,0.22345929,0.39003968,0.40605292,0.54904485,-0.17153844,0.2754822,-0.42331672,0.461048,-0.12982391,0.042570654,-0.05888703,0.0039074575,0.537999,-0.19868216,-0.47318605,0.26529756,-0.8735734,-0.0023761063,-0.25114122,-0.08975683,-0.5221482,-0.14143199
../data/train_data_mmini/6/Train_0028.jpg	6	1.0,1.0,1.0,1.0,1.0,-1.0,1.0,1.0,-1.0,-1.0,-1.0,-1.0,-1.0,-1.0,1.0,1.0,-1.0,1.0,1.0,1.0,-1.0,1.0,-1.0,-1.0	0.023469899,0.12397384,0.45257646,0.43164447,0.13735183,-0.14172195,0.10349688,0.034279518,-0.66242445,-0.6273628,-0.11698013,-0.10858921,-0.5488647,-0.33398563,0.18975064,0.7362002,-0.09766874,0.31526995,0.5686682,0.68481356,-0.13793014,0.068057105,-0.76230514,-0.41762924
../data/train_data_mmini/6/Train_0029.jpg	6	-1.0,-1.0,1.0,1.0,1.0,1.0,1.0,-1.0,-1.0,1.0,-1.0,-1.0,-1.0,1.0,1.0,-1.0,-1.0,1.0,1.0,-1.0,1.0,-1.0,1.0,1.0	-0.33377004,-0.8468354,0.12438059,0.77784383,0.2264928,0.33471146,0.39168432,-0.93122125,-0.6832868,0.6101927,-0.081236064,-0.6901282,-0.29581496,0.45205027,0.04315402,-0.18081912,-1.0756838,0.077384844,0.6992136,-0.5203119,0.11094803,-0.18392193,0.30084455,0.27003115
../data/train_data_mmini/7/Train_0030.jpg	7	-1.0,1.0,-1.0,1.0,-1.0,1.0,-1.0,1.0,1.0,1.0,-1.0,-1.0,-1.0,-1.0,1.0,-1.0,-1.0,-1.0,-1.0,-1.0,1.0,-1.0,-1.0,-1.0	-0.2128979,0.11293023,-0.17962076,0.51177925,-0.34414837,0.6152069,-0.19860631,0.052068874,0.25813043,0.3566319,-0.44794118,-0.14333901,-0.06052674,-0.018302012,0.1820385,-0.5136875,-0.38829198,-0.03548614,-0.61860836,-0.5608216,0.30604792,-0.12539335,-0.04150338,-0.029070389
../data/train_data_mmini/7/Train_0031.jpg	7	-1.0,-1.0,1.0,1.0,-1.0,1.0,-1.0,-1.0,-1.0,1.0,-1.0,-1.0,-1.0,1.0,-1.0,1.0,-1.0,-1.0,1.0,-1.0,1.0,-1.0,-1.0,1.0	-0.13663976,-0.52955997,0.33447605,0.82466054,-0.26049948,0.54010636,-0.11973768,-0.33211425,-0.53456974,0.24877705,-0.113458425,-0.22904517,-0.23530917,0.2080175,-0.0905287,0.07273201,-0.6509183,-0.14983985,0.2150321,-0.28411943,0.21827842,-0.13839649,-0.017083686,0.099961974
../data/train_data_mmini/7/Train_0032.jpg	7	-1.0,-1.0,1.0,1.0,1.0,1.0,-1.0,1.0,-1.0,1.0,-1.0,-1.0,-1.0,1.0,1.0,1.0,-1.0,1.0,-1.0,-1.0,-1.0,-1.0,-1.0,-1.0	-0.86749554,-0.005175497,0.8473804,1.3410945,0.26375115,0.3031787,-0.45396268,0.13568044,-0.6239544,0.067064434,-0.31553572,-0.39429173,-0.8079806,0.43275625,0.762695,0.36769035,-0.8268229,0.005634279,-0.29420406,-0.12281692,-0.32122797,-0.4556069,-0.6209222,-0.38361886
../data/train_data_mmini/7/Train_0033.jpg	7	-1.0,1.0,-1.0,1.0,-1.0,1.0,-1.0,1.0,1.0,1.0,-1.0,-1.0,1.0,1.0,1.0,-1.0,1.0,1.0,-1.0,-1.0,-1.0,-1.0,-1.0,1.0	-0.026744742,0.2500296,-0.17513381,0.34549493,-0.54634666,0.7240175,-0.7438461,0.7242341,0.26961094,0.2637126,-0.4008144,-0.15349178,0.22533783,0.010678534,0.39704096,-0.3742046,0.06657667,0.26728007,-1.2840655,-0.2089052,-0.07283729,-0.06335069,-0.7000341,0.17397267
../data/train_data_mmini/7/Train_0034.jpg	7	1.0,1.0,1.0,1.0,1.0,-1.0,-1.0,1.0,-1.0,-1.0,1.0,-1.0,-1.0,1.0,1.0,1.0,1.0,1.0,1.0,1.0,-1.0,-1.0,-1.0,-1.0	0.055075422,0.58364904,0.6289681,0.6137141,0.341617,-0.26345614,-0.5192384,0.45543385,-1.1130059,-0.6490776,0.25507635,-0.36584198,-0.5465543,0.18988988,0.8693391,1.0105337,0.09961995,0.42208806,0.008199759,1.2771522,-0.93845797,-0.03824319,-1.1527121,-0.6978526
../data/train_data_mmini/8/Train_0035.jpg	8	-1.0,-1.0,1.0,1.0,1.0,1.0,1.0,-1.0,-1.0,1.0,-1.0,-1.0,-1.0,1.0,1.0,-1.0,-1.0,1.0,1.0,-1.0,1.0,-1.0,1.0,1.0	-0.12435153,-0.12647927,0.29021996,0.49123204,0.09759417,0.09030056,0.27046555,-0.38678905,-0.5200465,0.22933593,-0.20420428,-0.38293573,-0.3491214,0.0066607264,0.13599989,-0.13674049,-0.51134294,0.37676573,0.43038312,-0.072590426,0.14334266,-0.34246925,0.024890441,0.050444234
../data/train_data_mmini/8/Train_0036.jpg	8	1.0,-1.0,1.0,1.0,-1.0,1.0,-1.0,-1.0,-1.0,1.0,-1.0,-1.0,-1.0,-1.0,1.0,-1.0,-1.0,1.0,-1.0,-1.0,-1.0,-1.0,-1.0,-1.0	0.031882513,-0.20192875,0.13172781,0.57681036,-0.16538602,0.34181333,-0.049092744,-0.030942395,-0.50592846,0.23161681,-0.15105915,-0.2868808,-0.25276536,-0.031102192,0.21467353,-0.006204567,-0.51517665,0.2275053,-0.09230583,-0.017880406,-0.007923673,-0.14591214,-0.22551239,-0.0094057135
../data/train_data_mmini/8/Train_0037.jpg	8	-1.0,1.0,1.0,1.0,-1.0,1.0,-1.0,1.0,-1.0,-1.0,1.0,-1.0,-1.0,1.0,1.0,1.0,-1.0,-1.0,-1.0,1.0,-1.0,1.0,-1.0,-1.0	-0.33556664,0.10250915,0.5305334,0.951927,-0.09321272,0.31942496,-0.31517893,0.23204792,-0.42252523,-0.12924954,0.122930974,-0.2989907,-0.54233396,0.09148837,0.47763705,0.29239625,-0.8489128,-0.12521698,-0.2899152,0.057353217,-0.293501,0.018915378,-0.74678886,-0.43262467
../data/train_data_mmini/8/Train_0038.jpg	8	-1.0,-1.0,1.0,1.0,1.0,1.0,1.0,-1.0,-1.0,1.0,-1.0,-1.0,-1.0,-1.0,1.0,-1.0,-1.0,1.0,1.0,-1.0,1.0,-1.0,-1.0,-1.0	-0.26509222,-0.24809185,0.100621104,0.409117,0.12078801,0.3346252,0.24627373,-0.3678398,-0.5168238,0.2792631,-0.2760992,-0.22220205,-0.37861955,-0.12258321,0.0992166,-0.15239671,-0.518714,0.3187562,0.24407843,-0.15058076,0.11450478,-0.2922379,-0.004191701,-0.0019863066
../data/train_data_mmini/8/Train_0039.jpg	8	-1.0,-1.0,1.0,1.0,1.0,1.0,1.0,-1.0,-1.0,1.0,-1.0,-1.0,-1.0,1.0,1.0,-1.0,-1.0,1.0,1.0,-1.0,-1.0,-1.0,-1.0,-1.0	-0.43475455,-0.07955479,0.5339751,0.9456816,0.20571092,0.041090325,0.10913,-0.26946,-0.65795714,0.19215527,-0.20342462,-0.627196,-0.38779813,0.30541602,0.24787353,-0.21757029,-0.8400132,0.23313889,0.287883,-0.24973215,-0.0007324063,-0.26040182,-0.14393467,-0.036122072
../data/train_data_mmini/9/Train_0040.jpg	9	1.0,1.0,1.0,1.0,-1.0,-1.0,1.0,-1.0,-1.0,-1.0,1.0,-1.0,-1.0,-1.0,-1.0,1.0,-1.0,1.0,1.0,1.0,1.0,-1.0,-1.0,-1.0	0.2512452,0.27342775,0.21383993,0.2714602,-0.2640242,-0.18989314,0.21091095,-0.11287077,-0.132685,-0.21774814,0.048297063,-0.42293373,-0.26371935,-0.0903923,-0.17698541,0.23425466,-0.14294723,0.20568955,0.43105248,0.25987628,0.28784445,-0.07738422,-0.26376277,-0.17721413
../data/train_data_mmini/9/Train_0041.jpg	9	1.0,-1.0,1.0,1.0,-1.0,1.0,-1.0,1.0,-1.0,1.0,-1.0,1.0,1.0,-1.0,1.0,-1.0,1.0,1.0,-1.0,1.0,-1.0,1.0,-1.0,1.0	0.016763728,-0.10674514,0.020419735,0.1997881,-0.35547197,0.64051026,-0.65617234,0.55199826,-0.24643613,0.35471007,-0.27351308,0.14986946,0.16825937,-0.115134045,0.27767894,-0.0767204,0.2742565,0.082060516,-0.76631427,0.07230122,-0.14080901,0.13318159,-0.6716645,0.056519944
../data/train_data_mmini/9/Train_0042.jpg	9	-1.0,1.0,1.0,1.0,-1.0,-1.0,1.0,-1.0,-1.0,-1.0,1.0,-1.0,-1.0,1.0,-1.0,1.0,-1.0,-1.0,1.0,1.0,1.0,1.0,-1.0,-1.0	-0.0312796,0.28820145,0.54201233,0.70277166,-0.117682,-0.40722248,0.21429291,-0.20065458,-0.44459286,-0.40095583,0.29743925,-0.57566804,-0.47252837,0.19101939,-0.21192907,0.6032656,-0.48776177,-0.00084202294,0.69249904,0.37510672,0.14431028,0.034008738,-0.3206557,-0.47496977
../data/train_data_mmini/9/Train_0043.jpg	9	1.0,-1.0,1.0,1.0,1.0,-1.0,1.0,-1.0,-1.0,1.0,-1.0,-1.0,-1.0,-1.0,-1.0,1.0,-1.0,1.0,1.0,1.0,1.0,-1.0,-1.0,-1.0	0.16435726,-0.12018139,0.21623577,0.21291247,0.10034335,-0.106813364,0.49120972,-0.5808167,-0.27678657,0.20946652,-0.15612212,-0.3151868,-0.39548618,-0.23424695,-0.10988497,0.021345044,-0.31124735,0.44559816,0.77020246,0.21248457,0.31774205,-0.33846542,-0.07859406,-0.077908404
../data/train_data_mmini/9/Train_0044.jpg	9	-1.0,-1.0,1.0,1.0,1.0,1.0,1.0,-1.0,-1.0,1.0,-1.0,-1.0,-1.0,1.0,1.0,-1.0,-1.0,1.0,1.0,-1.0,1.0,-1.0,1.0,-1.0	-0.43163225,-0.30904403,0.37042224,0.85287255,0.04372622,0.17393516,0.25578383,-0.36387527,-0.45575422,0.35001048,-0.11059867,-0.6854232,-0.24782062,0.4147056,0.022869859,-0.22152153,-0.845426,0.032374,0.33485225,-0.39569154,0.05833605,-0.23655924,0.061955806,-0.07827493
../data/train_data_mmini/10/Train_0045.jpg	10	-1.0,-1.0,1.0,1.0,1.0,1.0,-1.0,-1.0,-1.0,1.0,-1.0,-1.0,-1.0,1.0,1.0,1.0,-1.0,1.0,1.0,-1.0,-1.0,-1.0,-1.0,-1.0	-0.38582978,-0.45343438,0.52538556,1.0588549,0.5153365,0.31802237,-0.13431871,-0.2792114,-1.006937,0.26879406,-0.011259734,-0.85841084,-0.76783466,0.34490404,0.80402154,0.11315835,-0.99586004,0.33891076,0.18620203,-0.14175174,-0.7173706,-0.32511422,-0.25478685,-0.100719035
../data/train_data_mmini/10/Train_0046.jpg	10	-1.0,-1.0,1.0,1.0,1.0,1.0,1.0,-1.0,-1.0,1.0,-1.0,-1.0,-1.0,1.0,1.0,1.0,-1.0,-1.0,1.0,-1.0,-1.0,-1.0,-1.0,-1.0	-1.0184633,-0.2928401,0.6328252,1.0634714,0.73781097,0.0067227725,0.22795206,-0.36966664,-0.8400487,0.07764687,-0.11348125,-0.84163874,-0.80395705,0.46054524,0.5282351,0.15489954,-1.1982723,-0.010740488,0.49872428,-0.19051342,-0.5011687,-0.08504021,-0.31715167,-0.43507898
../data/train_data_mmini/10/Train_0047.jpg	10	-1.0,-1.0,1.0,1.0,1.0,-1.0,1.0,-1.0,-1.0,-1.0,1.0,-1.0,-1.0,1.0,1.0,1.0,-1.0,1.0,1.0,1.0,-1.0,-1.0,-1.0,-1.0	-0.15189405,-0.30998507,0.59794086,1.1458902,0.45565993,-0.08538745,0.22246926,-0.55777776,-1.0678527,-0.058799844,0.004400165,-0.8531943,-0.8777456,0.24154437,0.5102704,0.5115378,-0.9638017,0.27655056,0.8374943,0.26390564,-0.32835394,-0.40152538,-0.28518385,-0.42651156
../data/train_data_mmini/10/Train_0048.jpg	10	-1.0,1.0,1.0,1.0,1.0,1.0,-1.0,1.0,-1.0,1.0,-1.0,-1.0,-1.0,1.0,1.0,-1.0,-1.0,1.0,-1.0,-1.0,-1.0,-1.0,1.0,-1.0	-0.41904026,0.049603913,0.17986391,0.8215001,0.30412775,0.23560604,-0.18097997,0.067757435,-0.88958323,0.3816893,-0.3311689,-0.95590466,-0.41454247,0.51572555,0.5039303,-0.3618264,-0.35425773,0.49387655,-0.26704684,-0.06520556,-0.3463204,-0.554833,0.0015461851,-0.014169734
../data/train_data_mmini/10/Train_0049.jpg	10	-1.0,1.0,1.0,1.0,1.0,-1.0,1.0,-1.0,-1.0,-1.0,-1.0,-1.0,-1.0,1.0,1.0,1.0,-1.0,1.0,1.0,1.0,-1.0,-1.0,-1.0,-1.0	-0.32692614,0.031049524,0.5405154,0.8208378,0.2970379,-0.09117937,0.12621734,-0.23851606,-0.7833064,-0.09284827,-0.054227285,-0.6264401,-0.61098194,0.2261571,0.39462304,0.1320222,-0.71502584,0.31161907,0.39973748,0.103364795,-0.12153039,-0.3435867,-0.2874973,-0.2942516
