../data/train_data_mmini/1/Train_0000.jpg	1	1.0,1.0,1.0,-1.0,-1.0,1.0,-1.0,-1.0,1.0,1.0,1.0,-1.0	0.14112623,1.8223004,3.2483556,-0.15715724,-2.347232,0.44643945,-0.45131308,-0.17730579,1.1396344,0.5386476,1.3222843,-0.65057886
../data/train_data_mmini/1/Train_0001.jpg	1	-1.0,1.0,1.0,1.0,-1.0,1.0,-1.0,1.0,1.0,1.0,1.0,-1.0	-0.13659887,1.1861684,2.2778041,0.04900988,-1.6545541,0.8150151,-0.64580154,0.23217796,1.2154654,0.21088073,1.2683542,-0.04989691
../data/train_data_mmini/1/Train_0002.jpg	1	-1.0,1.0,1.0,1.0,1.0,1.0,-1.0,1.0,1.0,-1.0,1.0,1.0	-0.3239202,0.13333847,0.6151326,0.9507668,0.21022825,0.8272399,-0.21854255,1.1323885,0.607898,-0.08915766,0.6143465,0.78873694
../data/train_data_mmini/1/Train_0003.jpg	1	1.0,1.0,1.0,-1.0,-1.0,1.0,-1.0,-1.0,1.0,1.0,1.0,-1.0	0.20841753,2.3699706,3.7689533,-0.38999736,-3.0882506,0.41863725,-0.3341439,-0.66382706,1.3205103,0.48904487,1.5861638,-0.9552578
../data/train_data_mmini/1/Train_0004.jpg	1	-1.0,1.0,1.0,1.0,-1.0,1.0,-1.0,1.0,1.0,1.0,1.0,-1.0	-0.055949997,1.7463408,3.3141801,0.06351586,-2.2745783,0.028253108,-0.017477341,0.0024703927,0.91640025,0.5496775,1.5454805,-0.4890854
../data/train_data_mmini/2/Train_0005.jpg	2	-1.0,-1.0,1.0,1.0,1.0,1.0,-1.0,1.0,1.0,-1.0,1.0,1.0	-0.18030502,-0.042764273,0.9003629,1.06916,0.5756613,1.2360958,-0.81993234,1.32618,0.97028095,-0.111946665,0.8181564,1.2319882
../data/train_data_mmini/2/Train_0006.jpg	2	-1.0,1.0,1.0,1.0,1.0,1.0,-1.0,1.0,1.0,-1.0,1.0,1.0	-0.03303237,0.37056977,0.9270527,0.7990685,0.48860776,0.8303765,-1.184784,1.124094,1.034179,-0.48280814,0.36967424,0.37637118
../data/train_data_mmini/2/Train_0007.jpg	2	-1.0,1.0,1.0,1.0,-1.0,1.0,1.0,-1.0,1.0,1.0,1.0,-1.0	-0.08597912,2.1077387,3.634978,0.2791055,-2.3882215,0.12273094,0.10982422,-0.38281816,0.74949527,0.6483032,1.6262012,-0.4493645
../data/train_data_mmini/2/Train_0008.jpg	2	-1.0,1.0,1.0,1.0,1.0,1.0,1.0,1.0,1.0,-1.0,1.0,1.0	-0.64264256,0.45700583,0.922498,1.4108802,0.32454786,0.52669024,0.19877994,0.47029066,0.42505664,-0.015918784,0.55874807,0.4387209
../data/train_data_mmini/2/Train_0009.jpg	2	1.0,1.0,1.0,1.0,1.0,1.0,-1.0,1.0,1.0,-1.0,1.0,1.0	0.36659923,0.55862635,1.7006782,0.659793,0.07408272,1.6308025,-1.3674778,1.207037,1.6418583,-0.19322985,0.94336104,1.0690784
../data/train_data_mmini/3/Train_0010.jpg	3	-1.0,-1.0,-1.0,1.0,1.0,1.0,1.0,1.0,1.0,-1.0,1.0,1.0	-0.528721,-0.37373024,-0.19067894,1.5558871,1.7008708,0.86627686,0.19983152,0.8886218,0.07141875,-0.87755567,0.5000849,1.8971773
../data/train_data_mmini/3/Train_0011.jpg	3	-1.0,-1.0,-1.0,1.0,1.0,1.0,-1.0,1.0,1.0,-1.0,1.0,1.0	-0.9302504,-0.95830446,-0.6022433,1.3073168,1.9245147,1.0731455,-0.3574195,2.733844,0.5176138,-0.26808298,0.84085953,2.6547527
../data/train_data_mmini/3/Train_0012.jpg	3	1.0,1.0,1.0,1.0,-1.0,1.0,-1.0,1.0,1.0,1.0,1.0,1.0	0.25704727,0.23238596,1.8413609,0.22983159,-0.704666,0.8476263,-1.4092195,2.5581439,1.7405437,0.20962909,1.2412496,1.0239718
../data/train_data_mmini/3/Train_0013.jpg	3	-1.0,-1.0,-1.0,1.0,1.0,1.0,-1.0,1.0,1.0,-1.0,1.0,1.0	-0.78238064,-0.7205383,-0.75694263,1.8494108,2.2669978,0.9174155,-0.97314817,1.9661626,0.95793533,-0.6108036,0.06525626,1.3584417
../data/train_data_mmini/3/Train_0014.jpg	3	-1.0,-1.0,1.0,1.0,1.0,1.0,-1.0,1.0,1.0,-1.0,1.0,1.0	-0.31918213,-0.046702277,0.68540084,0.980433,0.8896396,1.0336558,-0.5038624,1.3760161,0.9419773,-0.20473349,0.8533821,1.3305224
../data/train_data_mmini/4/Train_0015.jpg	4	-1.0,1.0,1.0,1.0,-1.0,1.0,-1.0,1.0,1.0,1.0,1.0,-1.0	-0.056125756,1.0651906,2.2582235,0.75715464,-1.1198432,0.30622157,-0.43717462,0.98325604,0.8963678,0.59877515,0.96001613,-0.24024221
../data/train_data_mmini/4/Train_0016.jpg	4	-1.0,1.0,1.0,1.0,-1.0,1.0,-1.0,1.0,1.0,1.0,1.0,1.0	-0.0001806668,0.4040068,1.058317,0.48724315,-0.56195724,1.5744965,-0.55597657,0.40611455,1.1678873,0.08680738,0.9365626,0.48685232
../data/train_data_mmini/4/Train_0017.jpg	4	-1.0,-1.0,-1.0,1.0,1.0,1.0,-1.0,1.0,1.0,-1.0,1.0,1.0	-0.022870777,-0.73179245,-0.29364604,1.2301996,1.4517076,1.7518079,-1.7511444,2.656514,1.6094528,-0.40068588,0.19765836,1.5687698
../data/train_data_mmini/4/Train_0018.jpg	4	-1.0,-1.0,1.0,1.0,1.0,1.0,-1.0,1.0,1.0,-1.0,1.0,1.0	-0.3099081,-0.0682632,0.5444946,0.9045528,0.61239207,1.1022731,-0.5808451,1.0857254,0.5259295,-0.05531583,0.7162479,1.0299642
../data/train_data_mmini/4/Train_0019.jpg	4	-1.0,1.0,1.0,1.0,1.0,1.0,-1.0,1.0,1.0,-1.0,1.0,1.0	-0.31037953,0.12019549,0.4931116,1.0984808,0.9266612,0.6379055,-1.0134634,1.0285288,0.78328365,-0.6664438,0.37453693,0.46105963
../data/train_data_mmini/5/Train_0020.jpg	5	1.0,1.0,1.0,1.0,-1.0,1.0,-1.0,-1.0,1.0,1.0,1.0,-1.0	0.18678755,2.1426075,3.6095262,0.033097867,-2.7998347,0.3911322,-0.14813966,-0.47308117,1.1001071,0.49159724,1.5342098,-0.7977526
../data/train_data_mmini/5/Train_0021.jpg	5	-1.0,1.0,1.0,1.0,-1.0,1.0,-1.0,1.0,1.0,1.0,1.0,-1.0	-0.048454296,1.3248577,2.6682343,0.67354417,-1.3167738,0.48109907,-0.380372,0.7522092,1.2575873,0.35336438,1.2639544,-0.0626376
../data/train_data_mmini/5/Train_0022.jpg	5	-1.0,1.0,1.0,1.0,-1.0,1.0,-1.0,-1.0,1.0,1.0,1.0,-1.0	-0.09234718,1.5686598,2.9763134,0.39069536,-1.592212,0.3478675,-0.1736488,-0.09403859,0.96792334,0.39504984,1.3252527,-0.10222034
../data/train_data_mmini/5/Train_0023.jpg	5	1.0,1.0,1.0,-1.0,-1.0,1.0,-1.0,-1.0,1.0,1.0,1.0,-1.0	0.28713584,2.4800565,4.1536236,-0.4191871,-3.281309,0.3150916,-0.20337132,-0.93549675,1.0924813,0.66659534,1.7153188,-1.1932734
../data/train_data_mmini/5/Train_0024.jpg	5	-1.0,1.0,1.0,1.0,-1.0,1.0,-1.0,1.0,1.0,1.0,1.0,1.0	-0.044565957,0.8663879,2.4889634,0.8138695,-0.87920636,0.30562577,-0.33336306,1.1720122,0.9747618,0.32821998,1.2778682,0.7307811
../data/train_data_mmini/6/Train_0025.jpg	6	-1.0,-1.0,-1.0,1.0,1.0,1.0,-1.0,1.0,1.0,-1.0,1.0,1.0	-0.3078877,-1.2572694,-0.9109963,1.639029,2.8675842,1.8285314,-1.0049549,3.1244307,1.1458015,-1.223796,0.6092654,3.515608
../data/train_data_mmini/6/Train_0026.jpg	6	1.0,1.0,1.0,1.0,-1.0,1.0,-1.0,1.0,1.0,-1.0,1.0,1.0	0.09710401,0.5511043,1.4660538,0.76738644,-0.2059579,1.094551,-0.9706093,1.2347277,0.88821286,-0.14315754,0.7978229,0.9464096
../data/train_data_mmini/6/Train_0027.jpg	6	-1.0,-1.0,-1.0,1.0,1.0,1.0,-1.0,1.0,1.0,-1.0,1.0,1.0	-0.26640058,-1.0151249,-0.7020022,1.0501863,2.1949506,2.068456,-0.8790954,2.3039308,0.78588754,-0.71019334,0.78641313,2.852695
../data/train_data_mmini/6/Train_0028.jpg	6	-1.0,-1.0,1.0,1.0,1.0,1.0,1.0,1.0,1.0,-1.0,1.0,1.0	-0.78130126,-0.23707242,0.097026885,1.3426895,1.1663074,0.8529469,0.14080656,1.2975215,0.48722503,-0.19932926,0.8704886,1.727156
../data/train_data_mmini/6/Train_0029.jpg	6	-1.0,-1.0,-1.0,1.0,1.0,1.0,-1.0,1.0,1.0,-1.0,1.0,1.0	-0.12569237,-1.0590391,-0.7901343,2.0369756,2.8643873,1.9589056,-1.4427943,2.9044266,1.2767894,-0.97037363,0.2527792,2.8567855
../data/train_data_mmini/7/Train_0030.jpg	7	1.0,1.0,1.0,1.0,-1.0,1.0,-1.0,1.0,1.0,1.0,1.0,1.0	0.21230842,1.0730135,2.3378549,0.27005103,-1.0519755,1.5020828,-1.4365333,0.8374205,1.7791376,0.06598557,1.2493494,0.25107735
../data/train_data_mmini/7/Train_0031.jpg	7	-1.0,-1.0,1.0,1.0,1.0,1.0,-1.0,1.0,1.0,-1.0,1.0,1.0	-0.1454942,-0.22317432,0.58650243,1.4002153,0.99984264,1.4575791,-1.0565917,1.8753053,1.6356505,-0.2732915,0.5824301,1.6169616
../data/train_data_mmini/7/Train_0032.jpg	7	-1.0,-1.0,-1.0,1.0,1.0,1.0,-1.0,1.0,1.0,-1.0,1.0,1.0	-0.50826323,-1.4863083,-0.79118353,1.5605892,2.332092,1.5111121,-0.95538706,3.1328523,1.0348213,-0.42744982,0.74887395,2.7598455
../data/train_data_mmini/7/Train_0033.jpg	7	1.0,1.0,1.0,1.0,1.0,1.0,-1.0,1.0,1.0,-1.0,1.0,1.0	0.3370412,0.1952754,1.4823292,0.67981696,0.16825168,1.5553627,-1.3076465,1.4198102,1.2070427,-0.36510924,0.99123234,1.4621015
../data/train_data_mmini/7/Train_0034.jpg	7	-1.0,-1.0,-1.0,1.0,1.0,1.0,1.0,1.0,-1.0,-1.0,1.0,1.0	-1.4683497,-1.4590118,-1.3069814,1.8061248,2.9709558,1.008929,0.5378436,2.7864223,-0.26618645,-0.6235726,1.0995871,3.767075
../data/train_data_mmini/8/Train_0035.jpg	8	-1.0,-1.0,1.0,1.0,1.0,1.0,-1.0,1.0,1.0,-1.0,1.0,1.0	-0.29545775,-0.35741973,0.49120498,1.4996364,1.5929737,1.3760428,-0.9969911,1.9944137,1.1538529,-0.42880008,0.71208215,2.068876
../data/train_data_mmini/8/Train_0036.jpg	8	-1.0,-1.0,-1.0,1.0,1.0,1.0,-1.0,1.0,1.0,-1.0,1.0,1.0	-0.2627766,-0.8193317,-0.30032334,1.9397326,2.4925494,1.9713539,-1.2003504,2.614177,1.3145925,-0.6095929,0.47396556,2.974358
../data/train_data_mmini/8/Train_0037.jpg	8	-1.0,-1.0,-1.0,1.0,1.0,1.0,-1.0,1.0,1.0,-1.0,1.0,1.0	-0.49577117,-0.7185493,-0.12963623,1.9630994,2.1096754,1.4686822,-0.8015351,2.8501546,0.98307925,-0.4763253,0.64664525,2.8370557
../data/train_data_mmini/8/Train_0038.jpg	8	-1.0,-1.0,1.0,1.0,1.0,1.0,-1.0,1.0,1.0,-1.0,1.0,1.0	-0.39162058,-0.105813935,0.67099595,1.3652545,0.9175433,1.3096483,-0.6158485,1.4671869,1.205847,-0.22832379,0.8096418,1.5609446
../data/train_data_mmini/8/Train_0039.jpg	8	-1.0,-1.0,-1.0,1.0,1.0,1.0,-1.0,1.0,1.0,-1.0,1.0,1.0	-0.3416305,-1.3714641,-0.7613987,2.1366832,3.3439987,1.9853168,-1.7164035,3.5172644,1.4875387,-0.89102095,0.49508625,3.4244213
../data/train_data_mmini/9/Train_0040.jpg	9	-1.0,1.0,1.0,1.0,-1.0,1.0,-1.0,1.0,1.0,1.0,1.0,1.0	-0.28454116,1.3325373,2.5166514,1.0287949,-1.0267041,0.36871818,-0.14888445,0.778654,0.9886238,0.1312272,1.2572777,0.32343715
../data/train_data_mmini/9/Train_0041.jpg	9	-1.0,-1.0,1.0,1.0,1.0,1.0,-1.0,1.0,1.0,-1.0,1.0,1.0	-0.25242043,-0.35374054,0.38291872,1.1670179,1.0544331,1.456476,-0.70605916,1.3588908,0.9449615,-0.39136595,0.90964663,1.9617504
../data/train_data_mmini/9/Train_0042.jpg	9	-1.0,1.0,1.0,1.0,-1.0,1.0,1.0,1.0,1.0,1.0,1.0,1.0	-0.4843821,0.82048374,1.9134092,1.4377367,-0.49262094,0.016853273,0.33543748,1.348211,0.5987,0.28788275,1.0254481,0.6300665
../data/train_data_mmini/9/Train_0043.jpg	9	-1.0,1.0,1.0,1.0,-1.0,1.0,-1.0,1.0,1.0,-1.0,1.0,1.0	-0.3683482,0.8750923,1.7928106,1.3264092,-0.029633809,0.7621001,-0.42313984,0.8575197,0.8918414,-0.0028650388,0.9706625,0.6458051
../data/train_data_mmini/9/Train_0044.jpg	9	1.0,1.0,1.0,1.0,1.0,1.0,-1.0,1.0,1.0,-1.0,1.0,1.0	0.15236948,0.024130676,0.9766425,1.3568184,0.773103,1.1444235,-1.0231884,2.15228,1.3943086,-0.5597967,0.6977294,1.4169575
../data/train_data_mmini/10/Train_0045.jpg	10	-1.0,-1.0,-1.0,1.0,1.0,1.0,-1.0,1.0,1.0,-1.0,1.0,1.0	-0.17194583,-2.81884,-2.9775808,2.8430154,5.336058,2.5370321,-2.1851194,4.7816706,1.1996362,-1.1290905,0.38569978,4.9140477
../data/train_data_mmini/10/Train_0046.jpg	10	-1.0,-1.0,-1.0,1.0,1.0,1.0,-1.0,1.0,1.0,-1.0,1.0,1.0	-0.43763262,-1.5984434,-1.7364521,1.8362648,3.141085,1.5995739,-1.0180486,3.1595082,0.6210613,-0.8968867,0.23755848,2.9573174
../data/train_data_mmini/10/Train_0047.jpg	10	-1.0,-1.0,-1.0,1.0,1.0,1.0,-1.0,1.0,1.0,-1.0,1.0,1.0	-0.81158656,-1.9602071,-1.681474,2.8585773,4.2573514,1.9236004,-1.1171112,3.8091502,1.1036563,-0.87134874,0.45588902,4.033082
../data/train_data_mmini/10/Train_0048.jpg	10	-1.0,-1.0,-1.0,1.0,1.0,1.0,-1.0,1.0,1.0,-1.0,1.0,1.0	-0.13050723,-2.3373647,-1.5500423,2.2257128,4.0579576,2.1520886,-1.7693144,4.2631803,1.2500386,-1.1186465,0.5928602,4.2279344
../data/train_data_mmini/10/Train_0049.jpg	10	-1.0,-1.0,-1.0,1.0,1.0,1.0,-1.0,1.0,1.0,-1.0,1.0,1.0	-0.6045884,-1.3648828,-0.9287149,2.1911464,3.3697138,1.6814699,-1.0675967,3.3255756,1.0602391,-0.96134603,0.548365,3.4761028
