../data/train_data_mmini/1/Train_0000.jpg	1	1.0,1.0,-1.0,-1.0,-1.0,-1.0,1.0,1.0,-1.0,1.0,-1.0,-1.0,-1.0,1.0,-1.0,-1.0,1.0,1.0,-1.0,-1.0,1.0,-1.0,1.0,-1.0	0.50827044,0.9908052,-0.49491256,-1.4279037,-3.876455,-1.8099216,1.5709676,0.5766705,-0.50450706,1.2382911,-0.6037873,-2.0911958,-0.77654934,2.1536083,-0.3486394,-0.5538174,1.4885447,1.1620833,-2.5975707,-1.1487483,0.09930485,-0.18081222,0.9500534,-0.7438199
../data/train_data_mmini/1/Train_0001.jpg	1	-1.0,-1.0,-1.0,-1.0,-1.0,1.0,1.0,1.0,-1.0,-1.0,-1.0,-1.0,1.0,1.0,1.0,1.0,1.0,-1.0,1.0,-1.0,-1.0,-1.0,1.0,1.0	-0.6448513,-0.68126184,-2.791628,-1.2335262,-2.4649801,1.3078476,4.1432757,2.0380466,-0.90621066,-0.21102506,-1.1017001,-1.8434695,0.11516248,0.87744373,0.4455031,1.9200594,0.05603154,-0.5147794,0.48466524,-0.16071865,-1.3892939,-0.03113915,0.48383525,0.7044148
../data/train_data_mmini/1/Train_0002.jpg	1	1.0,-1.0,1.0,-1.0,-1.0,-1.0,1.0,1.0,-1.0,-1.0,1.0,-1.0,1.0,1.0,1.0,1.0,1.0,-1.0,-1.0,1.0,1.0,-1.0,1.0,-1.0	0.7618999,-1.6295866,1.8463966,-3.2375557,-0.68788826,-1.2288208,2.7756474,0.2764716,-0.90636647,-1.1434288,1.3988215,-1.1345443,1.0352588,1.198126,0.46295932,0.51710844,0.71473926,-0.87152416,-0.68229496,0.5143601,1.5567884,-0.4779781,0.5896523,-1.0294535
../data/train_data_mmini/1/Train_0003.jpg	1	1.0,1.0,-1.0,-1.0,-1.0,-1.0,1.0,1.0,-1.0,1.0,-1.0,-1.0,-1.0,1.0,-1.0,-1.0,1.0,1.0,-1.0,-1.0,-1.0,1.0,-1.0,-1.0	0.5384521,2.566414,-2.0079706,-1.3989172,-2.5640225,-1.4454855,1.2419176,1.3175727,-0.50972795,1.40271,-1.8214983,-0.012974281,-1.3498694,3.4281502,-1.2718219,-1.2701149,0.23379369,0.96704763,-1.72788,-2.0009532,-0.3303112,1.3453443,-0.45441738,-1.721962
../data/train_data_mmini/1/Train_0004.jpg	1	1.0,-1.0,1.0,-1.0,-1.0,-1.0,-1.0,1.0,-1.0,1.0,-1.0,1.0,-1.0,1.0,-1.0,-1.0,1.0,1.0,-1.0,-1.0,1.0,-1.0,-1.0,1.0	0.62469506,-1.0117276,1.0689803,-0.43151718,-3.4264638,-2.3724046,-2.0174963,1.6337563,-0.46511674,2.306183,-1.2835473,0.79118335,-0.8743981,1.6434776,-0.61850697,-1.1681299,0.7607978,2.3559158,-2.6338952,-0.6134542,0.2915861,-0.72119117,-0.49396867,0.6829012
../data/train_data_mmini/2/Train_0005.jpg	2	1.0,-1.0,1.0,1.0,-1.0,1.0,-1.0,1.0,1.0,1.0,1.0,1.0,-1.0,-1.0,-1.0,1.0,-1.0,-1.0,1.0,-1.0,1.0,-1.0,1.0,1.0	0.026729362,-0.3743139,0.16405176,1.1944094,-1.5452131,0.4734155,-0.13559344,0.067797974,0.18314108,0.70556545,1.860022,1.5462012,-1.5776278,-0.22313249,-2.9410233,0.80122644,-0.13289446,-1.6716887,0.26407233,-1.2167066,1.1853883,-2.9844103,0.3983068,0.14154968
../data/train_data_mmini/2/Train_0006.jpg	2	-1.0,1.0,-1.0,1.0,-1.0,1.0,-1.0,1.0,-1.0,1.0,1.0,1.0,-1.0,-1.0,-1.0,1.0,-1.0,1.0,-1.0,-1.0,-1.0,1.0,-1.0,1.0	-3.2261093,1.9240881,-0.8134128,1.0830778,-0.44500345,0.881411,-1.441495,2.0462081,-0.6141688,1.2529353,1.3881687,0.6900906,-1.8286777,-1.2366638,-1.4391403,0.34771377,-1.8857516,0.13726516,-3.7174635,-2.9961553,-1.3422886,1.099458,-2.2324383,1.166368
../data/train_data_mmini/2/Train_0007.jpg	2	1.0,1.0,1.0,1.0,-1.0,-1.0,1.0,1.0,-1.0,1.0,-1.0,-1.0,-1.0,1.0,1.0,-1.0,-1.0,1.0,-1.0,-1.0,-1.0,-1.0,1.0,-1.0	1.6941066,1.5002761,0.74797666,1.7318844,-5.141883,-3.7802193,0.14291875,1.0132489,-0.3581358,2.6966815,-1.1966361,-1.1962568,-0.66757315,4.8294635,0.00097532244,-0.36673725,-0.40398997,2.157601,-4.1583323,-0.30789083,-2.3008528,-0.472408,0.73320025,-0.6505736
../data/train_data_mmini/2/Train_0008.jpg	2	1.0,-1.0,1.0,-1.0,-1.0,-1.0,-1.0,1.0,-1.0,1.0,1.0,-1.0,1.0,-1.0,1.0,1.0,1.0,1.0,1.0,1.0,1.0,-1.0,-1.0,1.0	1.2817286,-2.7108016,1.4134886,-1.6941074,-4.6662173,-2.724255,-1.1646737,1.0142636,-0.94744354,1.6227584,1.0785052,-0.6126693,1.432857,-0.010604674,0.10401426,1.9317672,0.9622895,1.519816,1.8170567,0.21850175,1.8862131,-3.1566682,-0.7021868,0.54928976
../data/train_data_mmini/2/Train_0009.jpg	2	1.0,-1.0,1.0,-1.0,1.0,1.0,-1.0,-1.0,1.0,-1.0,1.0,1.0,-1.0,1.0,1.0,1.0,-1.0,1.0,1.0,-1.0,-1.0,-1.0,1.0,-1.0	1.3889338,-0.33682066,1.7341148,-1.2679743,0.6026907,0.23831874,-0.4162539,-2.1921942,0.16169386,-1.9116122,3.0283792,4.0899887,-0.086895555,2.1264906,2.0668466,0.053660043,-1.3414296,0.062409144,0.67167825,-0.5765829,-0.85498846,-0.67641526,0.014160951,-0.32953128
../data/train_data_mmini/3/Train_0010.jpg	3	-1.0,-1.0,-1.0,1.0,-1.0,-1.0,-1.0,1.0,-1.0,1.0,1.0,1.0,1.0,1.0,-1.0,1.0,-1.0,1.0,1.0,-1.0,-1.0,-1.0,1.0,1.0	-0.8171578,-0.56355125,-2.6735861,1.6459539,-4.027833,-1.2550684,-1.2208598,0.083262905,-0.6381615,1.8030425,1.464049,1.3801486,0.56512535,0.7449114,-0.74010926,1.2473038,-2.5069742,1.8040293,0.1676615,-0.9805562,-0.14261606,-1.2586993,0.0033874,1.3938357
../data/train_data_mmini/3/Train_0011.jpg	3	1.0,-1.0,1.0,-1.0,-1.0,-1.0,1.0,1.0,-1.0,-1.0,1.0,-1.0,1.0,1.0,1.0,1.0,1.0,1.0,-1.0,1.0,1.0,1.0,-1.0,-1.0	1.4615427,-1.5244619,0.62445873,-2.1063747,-2.2246008,-1.8746568,2.0108984,1.9003707,-1.1631448,-0.7270659,2.365904,-0.6879849,0.8052829,2.4605832,0.17919728,1.7701077,0.052595623,0.45966488,-1.1284429,1.4085293,2.566356,1.0273808,-1.4459904,-0.53280455
../data/train_data_mmini/3/Train_0012.jpg	3	1.0,-1.0,-1.0,-1.0,-1.0,-1.0,1.0,1.0,-1.0,1.0,1.0,-1.0,-1.0,1.0,-1.0,1.0,1.0,-1.0,-1.0,-1.0,1.0,1.0,-1.0,1.0	0.030381756,-1.9488387,-2.2317677,-3.6837497,-2.8728926,-1.3298247,2.987307,2.5180752,-2.0118732,0.9423525,1.8910165,-0.27143508,-1.6798162,1.150302,-0.43075737,0.1867175,0.8362201,-1.8396033,-1.5166762,-2.4759123,2.1313758,0.15296268,-0.25000012,0.9806941
../data/train_data_mmini/3/Train_0013.jpg	3	-1.0,-1.0,-1.0,-1.0,-1.0,1.0,1.0,1.0,-1.0,-1.0,1.0,-1.0,-1.0,-1.0,-1.0,1.0,1.0,1.0,-1.0,1.0,-1.0,-1.0,1.0,-1.0	-1.8595859,-0.87049603,-2.3611462,-1.8567941,-0.7541549,0.41847432,0.1754774,1.8431875,-1.0245938,-0.98088264,1.9550804,-3.1072724,-0.24595983,-1.3905547,-1.102357,1.2348784,1.1275378,0.65025735,-0.20139547,0.4169358,-0.60807985,-0.935769,1.2282643,-0.2785133
../data/train_data_mmini/3/Train_0014.jpg	3	-1.0,-1.0,1.0,1.0,-1.0,-1.0,-1.0,1.0,-1.0,1.0,1.0,1.0,-1.0,1.0,1.0,1.0,-1.0,1.0,-1.0,1.0,1.0,1.0,-1.0,1.0	-0.6076866,-1.0223744,0.90917116,1.9666588,-1.6972525,-0.4932345,-1.9906778,0.4087713,-1.2298988,0.7624578,1.8482234,1.254114,-0.03258997,1.3310692,0.28688225,1.8555006,-2.6411588,0.5699949,-0.49121043,0.8923927,1.3870227,0.30849487,-1.4192822,0.014257515
../data/train_data_mmini/4/Train_0015.jpg	4	1.0,1.0,1.0,-1.0,-1.0,-1.0,1.0,-1.0,-1.0,1.0,1.0,-1.0,-1.0,1.0,-1.0,1.0,1.0,-1.0,-1.0,-1.0,1.0,-1.0,1.0,-1.0	1.4340615,1.3956541,2.0918558,-0.38651773,-3.3678408,-4.364393,0.8366179,-0.49184772,-0.38918984,2.2617555,3.023081,-1.6209387,-1.0804424,1.8866564,-1.7029035,0.25237277,2.2282064,-2.1110728,-0.62696344,-0.5028307,2.1045728,-1.3874793,0.65096563,-0.13889591
../data/train_data_mmini/4/Train_0016.jpg	4	1.0,-1.0,1.0,-1.0,-1.0,-1.0,1.0,-1.0,-1.0,-1.0,1.0,1.0,1.0,1.0,-1.0,-1.0,-1.0,-1.0,-1.0,-1.0,1.0,-1.0,-1.0,-1.0	0.7164875,-0.507653,0.71871024,-2.2768595,-0.99116117,-0.4968547,4.965549,-0.46842143,-1.345984,-0.39987272,1.4004817,0.1749548,1.8538178,2.5729651,-1.2714468,-0.075447634,-0.20220298,-1.935747,-0.028137896,-0.92715746,2.126565,-1.3352541,-0.4704499,-4.4454393
../data/train_data_mmini/4/Train_0017.jpg	4	-1.0,1.0,-1.0,-1.0,-1.0,-1.0,1.0,1.0,-1.0,1.0,1.0,1.0,-1.0,1.0,-1.0,1.0,1.0,-1.0,-1.0,-1.0,1.0,1.0,-1.0,-1.0	-0.7727261,2.2887795,-0.036793113,-0.24373345,-0.5296074,-0.44270587,2.4688723,1.3021863,-2.6391263,0.6428236,2.8602304,1.0878307,-0.27222776,0.46256238,-0.5459557,0.37715268,0.70011705,-1.0683218,-1.563989,-1.2286807,2.1411755,1.153789,-2.1487327,-0.6783679
../data/train_data_mmini/4/Train_0018.jpg	4	-1.0,-1.0,1.0,1.0,-1.0,-1.0,-1.0,1.0,1.0,1.0,1.0,1.0,-1.0,1.0,-1.0,1.0,-1.0,-1.0,1.0,1.0,1.0,-1.0,1.0,-1.0	-0.51994896,-1.6781214,1.1630739,2.0232902,-4.0579066,-1.0122042,-0.15685791,0.6044692,0.76972866,0.874523,2.3935175,1.038145,-0.007137295,2.227191,-2.7250884,0.3423655,-1.3631265,-0.23619653,0.75045425,0.32074142,0.7465518,-0.9390748,0.16957173,-0.6949557
../data/train_data_mmini/4/Train_0019.jpg	4	-1.0,1.0,1.0,1.0,1.0,-1.0,-1.0,1.0,-1.0,1.0,1.0,1.0,-1.0,-1.0,-1.0,-1.0,-1.0,-1.0,-1.0,-1.0,-1.0,1.0,-1.0,1.0	-1.5171462,0.48588985,1.1979597,1.5206804,2.3770661,-0.46969286,-2.0133693,2.3247354,-2.239666,1.9588403,0.1227489,0.8846666,-1.8245788,-1.1039188,-0.25156015,-0.25242501,-2.15012,-0.82615536,-5.8028665,-1.2184281,-0.6833414,0.49028605,-1.4813297,1.5592058
../data/train_data_mmini/5/Train_0020.jpg	5	1.0,-1.0,1.0,1.0,-1.0,1.0,1.0,1.0,-1.0,1.0,-1.0,1.0,-1.0,1.0,-1.0,-1.0,1.0,-1.0,-1.0,1.0,-1.0,1.0,1.0,-1.0	1.7182709,-0.51888394,0.5219913,1.1639804,-0.18562376,0.12961793,0.5426129,3.5766423,-0.44360802,1.258466,-3.8866997,0.44109058,-1.7277899,4.1964297,-2.7646582,-2.2809517,0.51207757,-0.9781099,-2.772993,0.24244046,-3.1678615,0.064962536,0.48209623,-2.4071736
../data/train_data_mmini/5/Train_0021.jpg	5	-1.0,1.0,1.0,-1.0,-1.0,-1.0,-1.0,-1.0,1.0,-1.0,-1.0,-1.0,-1.0,-1.0,-1.0,1.0,1.0,1.0,-1.0,1.0,-1.0,1.0,1.0,1.0	-1.085979,1.5539094,2.6278586,-0.54784614,-0.10159919,-0.43583983,-2.1194527,-0.07000785,0.6980228,-1.4162651,-1.2850249,-1.2169732,-2.1602898,-0.4341977,-0.6039653,0.39277923,1.000648,1.2403691,-0.95821226,2.413311,-0.9768378,0.56668824,1.7153016,1.4833362
../data/train_data_mmini/5/Train_0022.jpg	5	1.0,1.0,1.0,1.0,-1.0,-1.0,-1.0,1.0,-1.0,1.0,1.0,1.0,-1.0,1.0,-1.0,1.0,-1.0,1.0,-1.0,-1.0,-1.0,-1.0,-1.0,1.0	0.2326376,1.2642493,0.9809958,1.6604838,-3.610466,-0.6538527,-1.6677984,1.1793169,-0.18024988,2.0138888,1.0597712,1.1433458,-0.84769124,0.27812502,-1.7367271,0.11165729,-0.94205385,1.1748587,-1.6672543,-1.698693,-2.9258358,-1.5909938,-1.5581179,0.8239017
../data/train_data_mmini/5/Train_0023.jpg	5	1.0,1.0,-1.0,1.0,-1.0,-1.0,1.0,1.0,-1.0,1.0,-1.0,1.0,-1.0,1.0,-1.0,-1.0,-1.0,1.0,-1.0,-1.0,-1.0,1.0,1.0,-1.0	0.534759,2.5509083,-0.4521735,1.0777187,-2.7354727,-1.623381,0.092408456,2.1692884,-0.19269411,1.7123355,-2.3654578,0.43679756,-1.9180034,4.9325624,-3.3254416,-2.9837666,-0.85830957,0.5275708,-3.7777927,-1.4700513,-2.6914382,1.2024521,0.6968024,-2.68548
../data/train_data_mmini/5/Train_0024.jpg	5	1.0,1.0,-1.0,-1.0,-1.0,-1.0,1.0,-1.0,1.0,1.0,1.0,-1.0,-1.0,1.0,-1.0,-1.0,1.0,1.0,-1.0,-1.0,-1.0,-1.0,1.0,1.0	0.5599359,0.7443184,-0.32915395,-1.4691484,-3.4005082,-2.1799743,0.91887647,-0.59047925,0.8140061,0.24911389,0.65943956,-1.0030079,-1.5801641,1.967712,-0.32223848,-1.0348296,1.160477,2.2109277,-3.0717082,-0.4796182,-0.5779367,-0.23324229,3.2788675,0.88792723
../data/train_data_mmini/6/Train_0025.jpg	6	-1.0,1.0,-1.0,1.0,1.0,1.0,1.0,-1.0,-1.0,-1.0,1.0,1.0,-1.0,1.0,1.0,-1.0,-1.0,-1.0,-1.0,-1.0,1.0,1.0,1.0,1.0	-0.5238975,1.3646576,-0.91541296,1.302915,1.6637516,1.4459115,2.2908015,-1.308345,-1.8475202,-0.2701508,2.974146,0.030592773,-1.4264022,0.70765847,1.6503485,-0.11265154,-0.8238312,-0.5986848,-4.2060533,-0.5475511,0.7093422,1.6727061,0.4671014,0.07684461
../data/train_data_mmini/6/Train_0026.jpg	6	1.0,-1.0,1.0,1.0,-1.0,1.0,-1.0,-1.0,-1.0,-1.0,1.0,1.0,-1.0,1.0,1.0,1.0,-1.0,-1.0,-1.0,1.0,-1.0,-1.0,-1.0,-1.0	1.1756771,-0.16464576,0.7588609,1.3854879,-2.1130557,1.3301553,-0.8075157,-1.4855531,-0.10417628,-0.021896545,1.2784643,2.847224,-2.470537,2.1411314,0.63897794,0.5309173,-1.6435616,-0.08238111,-0.37115824,1.1618762,-0.041606344,-0.3833847,-0.20945594,-0.20236823
../data/train_data_mmini/6/Train_0027.jpg	6	1.0,-1.0,-1.0,1.0,-1.0,-1.0,1.0,-1.0,-1.0,1.0,1.0,1.0,1.0,1.0,-1.0,1.0,-1.0,1.0,-1.0,-1.0,1.0,-1.0,-1.0,-1.0	0.43257934,-0.8768912,-1.4958974,1.1493112,-1.9608523,-1.7216295,1.9869374,-1.2195684,-1.059838,0.29770383,2.268129,1.468674,1.9077743,2.5335453,-0.03475185,0.38113177,-1.6627121,0.0063610626,-1.389471,-0.9329291,0.48109463,-0.41368675,-0.19525495,-0.51243234
../data/train_data_mmini/6/Train_0028.jpg	6	1.0,-1.0,1.0,-1.0,-1.0,-1.0,1.0,1.0,1.0,-1.0,1.0,-1.0,1.0,1.0,1.0,1.0,-1.0,1.0,-1.0,1.0,1.0,-1.0,-1.0,1.0	0.38341874,-1.7686253,2.0616918,-0.3246554,-3.4168363,-0.50441843,1.0026695,0.8957883,0.6716075,-0.64079696,3.036192,-0.009381484,2.1352606,1.1641979,0.27511016,1.5796947,-0.46576098,2.9563074,-2.2128417,0.37605023,0.62995327,-0.87171936,-0.40105036,0.005558515
../data/train_data_mmini/6/Train_0029.jpg	6	1.0,-1.0,-1.0,-1.0,-1.0,-1.0,-1.0,-1.0,-1.0,-1.0,1.0,1.0,-1.0,1.0,1.0,-1.0,1.0,-1.0,1.0,-1.0,1.0,-1.0,1.0,-1.0	0.7575048,-2.3845482,-1.6949342,-3.5630746,-0.34529856,-2.1726143,-0.26344818,-1.339172,-2.5635026,-0.67462087,5.292115,1.7624439,-1.6274381,1.1966021,0.8988246,-1.6884238,0.33462828,-0.7438209,1.2784319,-1.5906794,0.48433548,-1.6756595,1.4772295,-0.7061257
../data/train_data_mmini/7/Train_0030.jpg	7	-1.0,1.0,1.0,1.0,1.0,1.0,1.0,1.0,-1.0,-1.0,1.0,1.0,-1.0,1.0,-1.0,1.0,-1.0,-1.0,-1.0,-1.0,-1.0,-1.0,-1.0,-1.0	-0.97924817,1.8844665,2.1237855,0.24309929,0.35163984,1.9453398,3.7497728,0.34447226,-0.4358065,-0.20102087,2.535526,1.952678,-1.643035,1.1791537,-0.47332528,0.4492278,-1.4257473,-3.1251888,-1.2845516,-2.5448549,-1.2571905,-0.061838806,-0.5002875,-0.48146346
../data/train_data_mmini/7/Train_0031.jpg	7	-1.0,1.0,-1.0,-1.0,-1.0,1.0,1.0,-1.0,-1.0,-1.0,1.0,1.0,-1.0,-1.0,-1.0,1.0,1.0,-1.0,1.0,-1.0,1.0,-1.0,1.0,-1.0	-0.39874572,0.64918774,-2.4466176,-0.63651294,-1.8129206,0.7585818,1.4102515,-1.941741,-1.212532,-0.9382669,2.6920393,0.35162413,-0.4309985,-1.4645765,-0.44874093,0.30669844,1.2768426,-0.02469871,1.7005147,-1.0143982,1.1362226,-3.8300278,1.9387093,-0.3561663
../data/train_data_mmini/7/Train_0032.jpg	7	1.0,-1.0,-1.0,1.0,-1.0,-1.0,1.0,1.0,1.0,-1.0,1.0,-1.0,1.0,1.0,-1.0,1.0,1.0,1.0,-1.0,1.0,1.0,-1.0,1.0,-1.0	1.4127781,-0.80661434,-0.9037039,0.53662753,-1.8461901,-2.3381815,0.05237456,0.2706633,1.0657214,-0.515162,2.7617846,-1.4070398,1.3980486,1.6891441,-4.007165,0.36746705,1.8330349,0.20801932,-0.3238166,2.0599551,2.8234806,-0.26107496,0.37492466,-1.2538139
../data/train_data_mmini/7/Train_0033.jpg	7	1.0,1.0,-1.0,-1.0,-1.0,1.0,-1.0,-1.0,-1.0,1.0,1.0,1.0,-1.0,1.0,1.0,1.0,-1.0,1.0,-1.0,-1.0,1.0,-1.0,-1.0,1.0	0.6681756,0.2777184,-1.6495925,-0.4690224,-3.0002334,0.53758657,-0.12208289,-0.68450165,-0.2784757,0.81883,2.5932484,3.65542,-1.110743,1.290113,0.4758331,0.02487763,-0.9292491,1.099233,-1.4985183,-3.313102,0.523643,-0.7003707,-1.6313359,0.19095041
../data/train_data_mmini/7/Train_0034.jpg	7	1.0,1.0,-1.0,1.0,-1.0,-1.0,1.0,1.0,-1.0,1.0,1.0,1.0,1.0,1.0,-1.0,1.0,-1.0,1.0,-1.0,1.0,1.0,1.0,1.0,1.0	0.08841507,1.1719848,-1.8841865,0.22379772,-3.1257517,-2.4085476,0.49230787,0.59709966,-1.7921215,0.6349298,1.6942611,0.40513313,0.5757874,1.5817014,-2.743262,0.012812637,-0.17294657,2.2967227,-2.8049786,2.2224536,1.8519534,0.6243432,0.37653503,0.5101441
../data/train_data_mmini/8/Train_0035.jpg	8	-1.0,1.0,-1.0,1.0,-1.0,1.0,1.0,-1.0,1.0,-1.0,1.0,1.0,-1.0,-1.0,-1.0,1.0,-1.0,-1.0,1.0,-1.0,-1.0,-1.0,1.0,1.0	-0.31139314,0.95526165,-0.50312996,1.1339574,-2.5180583,0.7799195,0.35129422,-0.9217402,0.72100294,-0.46843526,5.414487,1.6034949,-0.42346025,-0.7235632,-0.46863657,1.6099492,-0.331824,-0.41527233,2.3847644,-0.9857266,-0.9894808,-1.2131301,1.2732877,2.3215067
../data/train_data_mmini/8/Train_0036.jpg	8	1.0,-1.0,1.0,1.0,-1.0,1.0,1.0,-1.0,1.0,-1.0,1.0,1.0,1.0,1.0,1.0,1.0,-1.0,-1.0,-1.0,-1.0,1.0,-1.0,1.0,-1.0	0.94825774,-0.6770032,0.5066417,1.6581132,-1.1210301,1.0570743,1.384929,-2.333713,0.043776613,-1.3929845,6.7381296,2.4313571,0.15355352,0.8107052,0.32016915,1.3067074,-1.2184966,-0.75653803,-0.43452132,-1.5519984,0.5427063,-2.9664652,1.0058694,-0.17456034
../data/train_data_mmini/8/Train_0037.jpg	8	1.0,1.0,1.0,-1.0,-1.0,1.0,1.0,-1.0,-1.0,-1.0,1.0,1.0,1.0,1.0,-1.0,1.0,1.0,1.0,-1.0,1.0,1.0,-1.0,1.0,-1.0	1.0774252,0.30127785,0.12929627,-0.46364188,-2.148156,0.04004234,3.3166792,-0.8308029,-0.027457427,-2.2422242,5.3916616,1.2622128,1.2066121,2.1191242,-0.75633126,1.0901939,0.019823378,0.27044186,-0.7608789,0.7101049,1.8923087,-0.04643245,0.08763181,-1.2740039
../data/train_data_mmini/8/Train_0038.jpg	8	1.0,1.0,-1.0,-1.0,-1.0,-1.0,1.0,-1.0,-1.0,-1.0,1.0,1.0,1.0,-1.0,1.0,1.0,1.0,-1.0,1.0,-1.0,1.0,-1.0,1.0,1.0	1.4125061,0.52169985,-1.9871069,-1.1772822,-0.7354439,-0.42209214,1.8488584,-2.6413426,-1.1145179,-1.2150697,2.756453,0.75126237,0.7157051,-0.5708611,0.2292298,0.56165975,1.5848765,-0.3984702,3.509589,-0.45504624,0.6991845,-3.1464028,2.124809,0.48742747
../data/train_data_mmini/8/Train_0039.jpg	8	1.0,-1.0,-1.0,-1.0,-1.0,-1.0,1.0,1.0,1.0,-1.0,1.0,1.0,1.0,1.0,1.0,1.0,1.0,1.0,-1.0,-1.0,-1.0,-1.0,1.0,1.0	0.41811,-2.2094111,-1.2095193,-2.0895836,-0.47776726,-0.58099616,0.73953944,1.1926851,0.43413273,-2.0740945,7.3655305,1.3430855,0.8440976,1.2762685,0.75644946,0.94523776,0.102962084,1.0713922,-0.6731126,-1.0026002,-0.27875376,-0.10140419,0.5340117,0.9261264
../data/train_data_mmini/9/Train_0040.jpg	9	-1.0,1.0,1.0,-1.0,-1.0,-1.0,1.0,1.0,-1.0,1.0,1.0,-1.0,-1.0,1.0,1.0,1.0,-1.0,1.0,-1.0,1.0,1.0,-1.0,1.0,1.0	-0.29353306,1.0405239,3.163776,-0.6336632,-5.165364,-3.3432438,1.0421811,0.32512793,-2.107628,2.0819054,2.925394,-1.2896824,-1.1726305,1.3295133,1.4180992,0.90534204,-0.07964305,0.021865288,-1.8533173,0.40571964,0.17129222,-0.49467212,0.38276893,1.3512319
../data/train_data_mmini/9/Train_0041.jpg	9	-1.0,-1.0,-1.0,1.0,-1.0,-1.0,1.0,1.0,-1.0,1.0,-1.0,-1.0,1.0,1.0,-1.0,1.0,-1.0,-1.0,-1.0,-1.0,1.0,-1.0,1.0,1.0	-1.1214197,-2.279215,-2.150472,0.4423509,-2.7431672,-0.60010993,1.3171916,0.33114108,-1.0682414,0.60243803,-0.12034098,-0.0372605,0.8147569,1.9605771,-0.7824978,1.2610022,-2.6309638,-0.3772798,-2.7968462,-1.3489894,0.4467703,-1.7417424,0.6607507,0.29057422
../data/train_data_mmini/9/Train_0042.jpg	9	1.0,-1.0,1.0,-1.0,-1.0,-1.0,1.0,1.0,-1.0,1.0,1.0,-1.0,-1.0,1.0,-1.0,1.0,1.0,-1.0,1.0,1.0,1.0,-1.0,1.0,1.0	0.27221006,-0.30511132,0.87824243,-2.050006,-3.6914146,-3.640589,2.7017872,1.3658055,-1.1704566,1.2121487,1.641969,-1.7702054,-0.1411715,1.2010278,-1.0747064,0.6948594,2.2080414,-1.1188315,1.0870361,1.2897642,1.9515429,-0.41537005,1.633741,0.76821446
../data/train_data_mmini/9/Train_0043.jpg	9	-1.0,1.0,1.0,1.0,-1.0,1.0,-1.0,1.0,1.0,-1.0,1.0,1.0,1.0,-1.0,-1.0,1.0,-1.0,1.0,-1.0,-1.0,-1.0,-1.0,-1.0,1.0	-1.516407,0.40538776,3.7401023,2.7002497,-2.024903,0.7856203,-0.8928587,1.1899458,1.3918283,-0.0024969913,2.9963048,0.555672,0.48857045,-1.3103086,-2.1115248,0.74353415,-0.6805909,0.38946447,-0.82914,-0.25820673,-3.66788,-1.3782765,-0.64153886,1.6711751
../data/train_data_mmini/9/Train_0044.jpg	9	-1.0,-1.0,-1.0,-1.0,1.0,-1.0,1.0,1.0,-1.0,-1.0,1.0,1.0,-1.0,-1.0,1.0,-1.0,1.0,-1.0,1.0,-1.0,1.0,1.0,1.0,1.0	-0.52032846,-0.20525835,-1.1463878,-2.3694146,1.0023636,-0.744689,1.9028331,0.6469343,-1.2557755,-0.38404384,2.988958,0.6953852,-0.590287,-0.15003277,0.34093484,-0.93916124,1.2443817,-1.5965291,0.03706106,-1.6045003,0.70377874,0.94817704,0.8744137,1.2308695
../data/train_data_mmini/10/Train_0045.jpg	10	1.0,1.0,-1.0,-1.0,-1.0,-1.0,1.0,-1.0,1.0,-1.0,1.0,-1.0,1.0,1.0,-1.0,-1.0,1.0,1.0,-1.0,-1.0,1.0,-1.0,-1.0,-1.0	2.214593,0.049139798,-3.6386573,-0.20770122,-3.8786836,-2.009449,0.8034237,-1.0997835,1.097858,-0.3745481,9.784449,-0.30150396,1.2984519,1.6440815,-2.56058,-0.66643393,1.3644519,2.6433463,-3.7579186,-1.7058837,1.4742091,-1.5210546,-0.32466528,-1.2791743
../data/train_data_mmini/10/Train_0046.jpg	10	1.0,1.0,-1.0,-1.0,-1.0,-1.0,1.0,1.0,-1.0,-1.0,1.0,1.0,1.0,1.0,-1.0,-1.0,1.0,1.0,-1.0,1.0,1.0,1.0,-1.0,-1.0	1.3952386,0.579809,-1.2298539,-2.327909,-0.5532481,-2.4230754,1.8947101,0.79586524,-1.0900725,-0.87325495,4.131667,0.004821483,1.9868324,2.1109755,-0.8699766,-0.64498764,2.2076974,0.73323137,-0.103550464,0.72779465,3.013349,2.3303487,-2.1404078,-2.242081
../data/train_data_mmini/10/Train_0047.jpg	10	1.0,1.0,-1.0,1.0,-1.0,-1.0,1.0,-1.0,1.0,-1.0,1.0,-1.0,-1.0,-1.0,-1.0,1.0,1.0,1.0,-1.0,1.0,1.0,-1.0,1.0,-1.0	0.5231622,1.4808044,-2.3504682,0.057193346,-0.5054526,-0.23205245,0.14991575,-0.61886954,0.7466298,-1.9107947,6.635758,-0.44603175,-0.003250625,-0.16623047,-3.8630056,0.12985209,2.0508945,1.8797972,-1.589035,0.712843,1.9174646,-1.4951133,1.35887,-0.9462385
../data/train_data_mmini/10/Train_0048.jpg	10	1.0,-1.0,-1.0,-1.0,1.0,-1.0,-1.0,1.0,-1.0,1.0,1.0,1.0,1.0,1.0,1.0,-1.0,1.0,1.0,-1.0,-1.0,1.0,-1.0,1.0,-1.0	2.1246142,-2.1016798,-2.0686407,-0.4228403,0.35194412,-2.6815476,-0.38376126,0.6247537,-0.66797227,0.33101675,6.9244103,0.22068593,0.08751485,1.5562094,0.5150749,-0.80015755,0.8861193,0.30892214,-1.9624554,-0.72080356,1.7525855,-0.37170333,0.3702016,-0.27992696
../data/train_data_mmini/10/Train_0049.jpg	10	1.0,-1.0,-1.0,1.0,-1.0,1.0,1.0,-1.0,1.0,-1.0,1.0,1.0,1.0,1.0,1.0,1.0,-1.0,1.0,1.0,1.0,-1.0,1.0,1.0,1.0	0.31087533,-0.5197309,-0.3306015,0.8353462,-0.6918048,0.31332836,1.2245233,-0.3533422,0.76401645,-1.9911473,7.6858735,1.4970616,0.5216791,1.5568328,0.12558857,0.34515822,-0.80156016,0.4770008,0.07620026,0.468413,-0.37359557,1.3729237,2.1224854,1.7480922
