../data/train_data_mmini/1/Train_0000.jpg	1	1.0,-1.0,-1.0,1.0,1.0,-1.0,1.0,-1.0,1.0,-1.0,1.0,1.0,1.0,1.0,1.0,1.0,-1.0,1.0,1.0,1.0,-1.0,1.0,1.0,1.0	1.4302561,-1.0869299,-0.800658,0.4990984,0.29820418,-0.9367016,0.5654706,-0.57839763,3.58494,-0.3770723,1.7547727,0.18103905,2.3113973,0.92230374,0.9227768,0.9385509,-2.1995556,3.8195033,3.1091616,1.0395424,-0.4119157,1.416951,0.050460294,1.9605451
../data/train_data_mmini/1/Train_0001.jpg	1	1.0,-1.0,-1.0,1.0,-1.0,-1.0,-1.0,-1.0,1.0,1.0,1.0,-1.0,-1.0,-1.0,-1.0,1.0,-1.0,-1.0,1.0,-1.0,-1.0,1.0,-1.0,-1.0	2.1320662,-4.472808,-4.600128,1.090783,-0.7180545,-2.3760784,-3.2889023,-1.3683069,1.7784283,0.24455489,2.406751,-0.9314727,-1.5130819,-0.76216227,-0.68648434,0.3440195,-1.1957214,-0.810637,1.6072406,-1.6158574,-1.1764829,0.2256904,-1.2815964,-1.188358
../data/train_data_mmini/1/Train_0002.jpg	1	1.0,-1.0,1.0,1.0,-1.0,1.0,-1.0,1.0,1.0,1.0,1.0,1.0,1.0,1.0,1.0,1.0,-1.0,1.0,-1.0,-1.0,1.0,-1.0,1.0,-1.0	3.9850686,-1.143025,2.673885,0.25218484,-0.1179105,0.45007175,-0.24402376,0.39005896,2.4078326,0.07384351,0.8757421,0.84399027,2.0417104,0.36064565,1.0112404,1.3506218,-1.893239,4.9349737,-0.72290856,-0.6927816,1.3803135,-2.2566497,0.206865,-1.5244443
../data/train_data_mmini/1/Train_0003.jpg	1	1.0,-1.0,-1.0,-1.0,-1.0,-1.0,-1.0,-1.0,1.0,1.0,1.0,-1.0,1.0,1.0,-1.0,1.0,-1.0,1.0,1.0,1.0,-1.0,1.0,-1.0,1.0	1.2292064,-2.1454253,-1.8397733,-2.0124607,-1.1220481,-0.53098017,-0.20841576,-0.60671693,2.516889,0.3991534,1.140577,-3.1056976,4.5570793,0.72976375,-1.1562011,1.5265862,-0.7634328,1.1981581,2.9784093,1.0586536,-0.29188207,1.5408958,-1.9490153,1.8039378
../data/train_data_mmini/1/Train_0004.jpg	1	-1.0,1.0,-1.0,1.0,1.0,1.0,-1.0,-1.0,1.0,-1.0,1.0,-1.0,1.0,1.0,1.0,1.0,-1.0,1.0,1.0,-1.0,-1.0,1.0,-1.0,1.0	-0.25724798,0.24891356,-1.2816954,3.7145727,1.7112992,1.3639007,-0.5223111,-0.44952598,1.3908281,-1.3195907,2.569875,-0.38790873,0.36717814,0.5729056,1.3038697,0.41806033,-1.2824053,2.6481526,2.875336,-0.21001887,-0.5922111,2.3315241,-0.32408804,0.4013625
../data/train_data_mmini/2/Train_0005.jpg	2	-1.0,1.0,1.0,-1.0,-1.0,-1.0,1.0,1.0,-1.0,-1.0,-1.0,1.0,1.0,1.0,1.0,-1.0,1.0,-1.0,-1.0,-1.0,1.0,1.0,1.0,1.0	-1.1242014,0.18920535,1.152194,-2.2785091,-0.6750749,-4.213773,1.696533,1.1146686,-0.8817787,-1.1533111,-0.24563108,1.0619658,0.052231923,0.19897522,0.20965853,-2.5905492,0.83254564,-1.2649602,-1.0098228,-1.7084965,0.93681663,0.087316334,2.3464634,2.182679
../data/train_data_mmini/2/Train_0006.jpg	2	-1.0,-1.0,1.0,-1.0,-1.0,-1.0,1.0,1.0,1.0,-1.0,-1.0,1.0,1.0,-1.0,1.0,-1.0,1.0,1.0,-1.0,-1.0,1.0,1.0,-1.0,1.0	-0.8395814,-3.5274835,2.565592,-0.55551106,-1.7823843,-0.6430957,1.2657797,0.6790327,0.20516987,-0.013446491,-3.047215,2.7756226,3.5027013,-3.056476,2.2949178,-2.2454393,0.3991962,0.9922014,-0.80101603,-3.5825496,1.4821784,1.0620111,-1.1441495,1.6052812
../data/train_data_mmini/2/Train_0007.jpg	2	1.0,1.0,-1.0,1.0,1.0,-1.0,1.0,-1.0,1.0,-1.0,1.0,1.0,1.0,1.0,1.0,-1.0,1.0,1.0,1.0,-1.0,-1.0,1.0,-1.0,1.0	0.092801735,1.5427166,-2.1853874,0.31193322,1.1588254,-0.28150523,0.92682046,-1.8166511,2.366549,-0.21815099,3.3205435,0.7906612,1.7095042,2.1660101,0.8016558,-0.95208055,0.37063032,1.6123469,5.562613,-0.51838666,-0.70985794,1.6057714,-1.6532402,1.1022304
../data/train_data_mmini/2/Train_0008.jpg	2	1.0,1.0,1.0,-1.0,1.0,-1.0,-1.0,-1.0,-1.0,-1.0,1.0,1.0,-1.0,-1.0,1.0,-1.0,1.0,-1.0,1.0,-1.0,1.0,-1.0,1.0,-1.0	0.63202715,1.0832232,0.8312537,-0.3718893,0.20742716,-1.0845461,-4.44491,-0.26804495,-1.6442013,-3.0396261,0.113671824,4.975444,-1.0761096,-0.7697645,0.153538,-0.8108555,1.927682,-0.5475493,1.187093,-3.449713,1.0858046,-0.49386758,2.4502485,-0.0317784
../data/train_data_mmini/2/Train_0009.jpg	2	-1.0,1.0,-1.0,-1.0,-1.0,-1.0,1.0,1.0,-1.0,-1.0,-1.0,1.0,1.0,1.0,-1.0,1.0,1.0,-1.0,1.0,1.0,-1.0,1.0,1.0,1.0	-1.8155766,1.9989157,-0.3580986,-0.3188615,-1.8881655,-4.052408,3.8281107,0.07499541,-1.3903185,-0.3018147,-0.3269951,1.6195182,1.6360507,1.6087245,-0.23526838,2.2457643,1.2995315,-0.20366856,0.30693877,3.321258,-2.7147899,1.7090263,1.6616772,1.3761259
../data/train_data_mmini/3/Train_0010.jpg	3	1.0,1.0,-1.0,1.0,-1.0,-1.0,-1.0,-1.0,-1.0,-1.0,-1.0,1.0,-1.0,-1.0,-1.0,-1.0,1.0,-1.0,1.0,-1.0,-1.0,1.0,-1.0,-1.0	0.38132,0.86806405,-1.3552942,2.2715766,-1.2735767,-3.2015474,-2.3191977,-1.6534605,-1.4175617,-1.2178673,-2.5231397,0.76770306,-2.5779772,-1.1269904,-1.5832667,-1.6273081,1.8898088,-1.5778036,0.8967899,-1.2127819,-2.5566056,2.0855067,-0.44478756,-1.1682786
../data/train_data_mmini/3/Train_0011.jpg	3	1.0,-1.0,-1.0,1.0,-1.0,-1.0,-1.0,-1.0,-1.0,-1.0,1.0,1.0,-1.0,1.0,-1.0,1.0,1.0,1.0,1.0,-1.0,1.0,-1.0,1.0,-1.0	2.9617684,-0.3659651,-0.8392521,0.5939346,-0.10099849,-2.19169,-2.239504,-0.91990423,-0.76492286,-1.891099,2.593247,0.25640208,-2.1039042,0.23403078,-1.929563,0.015246306,0.95157075,2.1494648,2.4562345,-2.9802291,2.2840145,-0.85227805,3.819281,-2.651228
../data/train_data_mmini/3/Train_0012.jpg	3	1.0,-1.0,-1.0,1.0,-1.0,-1.0,1.0,-1.0,1.0,1.0,1.0,-1.0,-1.0,-1.0,1.0,1.0,-1.0,1.0,1.0,-1.0,1.0,1.0,1.0,-1.0	1.1888037,-7.2632403,-2.323887,2.8278232,-1.2426782,-1.19982,1.8001027,-0.105458274,1.7218941,0.8139644,3.8207085,-2.279653,-0.01964207,-0.652419,1.3141572,0.5661843,-1.154062,3.141405,1.5064636,-2.0521224,0.19899943,1.0641034,0.5637994,-1.5624641
../data/train_data_mmini/3/Train_0013.jpg	3	1.0,-1.0,1.0,-1.0,-1.0,1.0,-1.0,-1.0,1.0,1.0,-1.0,1.0,-1.0,-1.0,1.0,-1.0,-1.0,-1.0,-1.0,-1.0,-1.0,-1.0,1.0,-1.0	0.2758943,-2.3938458,0.39290324,-0.23899174,-1.0813549,1.5773019,-0.4147709,-1.3180816,0.56165516,2.6619637,-2.8298435,1.5494566,-1.065601,-2.5060096,1.1460617,-0.4637306,-0.006112093,-0.14167964,-2.9192836,-1.0108361,-0.14643243,-2.2986903,0.4011588,-1.2969643
../data/train_data_mmini/3/Train_0014.jpg	3	1.0,1.0,1.0,1.0,1.0,-1.0,-1.0,1.0,-1.0,-1.0,-1.0,1.0,-1.0,1.0,-1.0,-1.0,1.0,-1.0,-1.0,-1.0,-1.0,1.0,1.0,1.0	0.65238094,2.2124093,1.0353894,0.97482586,0.6807036,-2.8454309,-1.2301675,1.2647614,-1.4569254,-2.6871417,-1.071001,1.681943,-2.7387984,0.35862583,-0.20962474,-2.029307,0.26900816,-1.1730613,-0.8173683,-1.0534108,-0.43016428,0.99639,1.6208979,0.5869143
../data/train_data_mmini/4/Train_0015.jpg	4	-1.0,-1.0,-1.0,-1.0,1.0,-1.0,1.0,1.0,1.0,1.0,1.0,1.0,1.0,-1.0,1.0,1.0,-1.0,1.0,1.0,1.0,1.0,-1.0,1.0,1.0	-1.129096,-1.729196,-1.1958989,-2.332899,0.78921264,-1.296286,0.19448619,0.19854511,2.3612146,1.1942959,1.2828444,3.9031045,0.1440794,-1.32146,0.9794775,2.7357364,-3.5193765,0.8015513,2.9387903,2.992524,1.2856623,-0.82992274,2.2377212,1.5822992
../data/train_data_mmini/4/Train_0016.jpg	4	1.0,-1.0,1.0,-1.0,-1.0,-1.0,-1.0,-1.0,-1.0,-1.0,-1.0,1.0,1.0,-1.0,-1.0,1.0,1.0,-1.0,-1.0,1.0,1.0,-1.0,-1.0,-1.0	2.7080336,-2.0172436,0.028943473,-3.7778106,-1.330298,-4.942141,-3.754269,-0.06905393,-0.73586094,-0.7622904,-1.8214226,0.7939186,1.9238341,-0.9775035,-2.4692366,0.30432966,0.13468485,-0.99229944,-0.8937637,0.20480166,0.9533335,-1.4514678,-0.28622562,-1.2344255
../data/train_data_mmini/4/Train_0017.jpg	4	1.0,-1.0,1.0,-1.0,-1.0,-1.0,1.0,1.0,-1.0,-1.0,-1.0,-1.0,1.0,-1.0,1.0,-1.0,1.0,1.0,-1.0,-1.0,1.0,-1.0,1.0,-1.0	1.5642618,-3.9894257,2.9014943,-0.8235101,-2.3123825,-0.8986378,0.5148655,0.5087696,-1.1672224,-0.6360466,-2.1052372,-1.0260092,1.468663,-2.2578201,0.21414603,-0.84754056,1.285155,1.7935873,-1.8400345,-2.4062865,2.1241567,-0.25917888,1.9402862,-1.4867862
../data/train_data_mmini/4/Train_0018.jpg	4	1.0,1.0,1.0,-1.0,-1.0,-1.0,-1.0,-1.0,1.0,-1.0,-1.0,1.0,-1.0,1.0,-1.0,-1.0,1.0,-1.0,1.0,-1.0,-1.0,1.0,1.0,1.0	0.812572,3.0902786,0.8132801,-1.7216249,-0.736093,-5.379347,-0.32494804,-0.11459483,0.16716723,-2.63667,-0.93569916,1.7894747,-0.5995435,1.1206578,-0.7967642,-1.5159329,0.32618833,-0.099154025,0.977453,-0.08921345,-0.67642385,1.1047175,3.3029466,2.749275
../data/train_data_mmini/4/Train_0019.jpg	4	-1.0,-1.0,1.0,1.0,-1.0,1.0,1.0,1.0,-1.0,1.0,-1.0,-1.0,1.0,-1.0,1.0,-1.0,1.0,1.0,-1.0,-1.0,1.0,-1.0,-1.0,-1.0	-1.8228805,-2.1060405,1.8145216,1.2268988,-0.9927061,4.8948936,2.8866172,0.85307246,-0.7175177,1.6727082,-0.07465416,-0.8473786,1.6206692,-1.0270604,2.0551546,-1.217318,1.3321202,0.5500459,-3.0617123,-2.6573462,1.1813699,-0.8171507,-1.0134238,-0.8088153
../data/train_data_mmini/5/Train_0020.jpg	5	1.0,-1.0,-1.0,1.0,1.0,1.0,-1.0,1.0,1.0,-1.0,1.0,-1.0,1.0,1.0,-1.0,1.0,-1.0,-1.0,-1.0,1.0,-1.0,1.0,-1.0,1.0	1.2397609,-0.31749842,-0.621968,1.0279613,0.823469,0.989814,-1.3705798,1.6303353,0.9782812,-1.3126795,2.8389812,-2.0614028,1.5982044,2.3018131,-0.18153669,0.57909465,-0.5162987,-0.28917548,-0.21626686,0.34365204,-0.47645494,0.41299585,-1.6840286,0.27257988
../data/train_data_mmini/5/Train_0021.jpg	5	-1.0,1.0,1.0,-1.0,1.0,1.0,-1.0,1.0,1.0,1.0,-1.0,1.0,1.0,-1.0,1.0,1.0,-1.0,1.0,1.0,1.0,1.0,-1.0,1.0,1.0	-0.774351,0.9041128,0.84432364,-0.9268639,0.687127,3.690577,-1.1402062,0.049619406,1.0346445,0.7839598,-1.0933615,0.2109437,1.0768391,-2.3808875,0.9993818,2.0470488,-3.2787976,1.1305332,1.5598197,1.3643559,2.7076538,-0.5784889,0.6855553,2.4538863
../data/train_data_mmini/5/Train_0022.jpg	5	-1.0,1.0,-1.0,1.0,-1.0,-1.0,1.0,-1.0,-1.0,-1.0,1.0,1.0,1.0,1.0,1.0,-1.0,1.0,-1.0,1.0,-1.0,-1.0,1.0,-1.0,1.0	-1.4977994,0.59357846,-1.1682361,2.372458,-0.018341273,-1.2835717,0.9397016,-1.0418369,-0.38531467,-1.7788738,1.9859321,3.078646,1.5860155,0.6255071,1.9587371,-1.4896368,2.256177,-0.52253646,4.413355,-2.0553226,-1.4293408,1.6977714,-2.270732,0.20225945
../data/train_data_mmini/5/Train_0023.jpg	5	1.0,1.0,-1.0,1.0,1.0,1.0,-1.0,-1.0,1.0,-1.0,1.0,-1.0,1.0,1.0,-1.0,1.0,1.0,1.0,1.0,1.0,-1.0,1.0,-1.0,1.0	0.063569285,1.4225308,-1.19209,0.31202462,0.31388983,1.3944093,-0.7398044,-1.0989231,1.0295144,-0.68031824,1.1907672,-0.78992945,3.028008,1.6051428,-0.70501363,0.90123713,0.60093725,0.6534089,2.8614862,1.56982,-2.2371564,2.7291183,-2.6557307,1.0206493
../data/train_data_mmini/5/Train_0024.jpg	5	-1.0,1.0,-1.0,1.0,-1.0,1.0,1.0,-1.0,1.0,1.0,1.0,-1.0,1.0,1.0,1.0,1.0,-1.0,1.0,1.0,1.0,1.0,-1.0,1.0,1.0	-0.12995327,0.8027534,-0.35251266,0.0826373,-0.0967086,1.4022422,4.097711,-0.982227,3.1341052,1.5058844,1.3749865,-2.678936,1.9851829,0.6440814,1.4892093,1.2425177,-2.6433752,3.2685788,4.5921373,2.7740922,1.0025269,-0.4033754,1.3647819,3.084215
../data/train_data_mmini/6/Train_0025.jpg	6	1.0,-1.0,1.0,1.0,-1.0,-1.0,1.0,-1.0,1.0,1.0,-1.0,-1.0,1.0,-1.0,1.0,-1.0,-1.0,1.0,-1.0,-1.0,1.0,1.0,-1.0,-1.0	1.1594857,-4.58926,0.28968516,1.2191389,-2.8396962,-1.3112305,5.507799,-1.5647703,2.390802,3.3543007,-2.8343525,-2.48891,1.044618,-0.59399134,0.3597173,-1.2585071,-1.0138371,2.7515447,-0.87227875,-2.1793861,0.35071447,0.68205655,-1.525218,-0.0010134457
../data/train_data_mmini/6/Train_0026.jpg	6	-1.0,1.0,-1.0,-1.0,1.0,-1.0,1.0,1.0,-1.0,-1.0,1.0,-1.0,1.0,1.0,-1.0,1.0,1.0,-1.0,1.0,1.0,-1.0,1.0,1.0,1.0	-0.172355,2.5016193,-2.6287124,-0.89005363,0.699786,-1.5038017,0.75091946,0.09432818,-0.4690232,-1.0242418,3.1248047,-3.6841755,0.9001947,2.989965,-2.0506475,0.52760804,0.6512969,-1.2879529,2.4548833,2.3030217,-0.15468429,1.1010522,1.7912705,0.9801116
../data/train_data_mmini/6/Train_0027.jpg	6	1.0,1.0,-1.0,-1.0,-1.0,-1.0,1.0,-1.0,-1.0,1.0,-1.0,-1.0,-1.0,1.0,-1.0,1.0,1.0,-1.0,1.0,1.0,-1.0,1.0,1.0,-1.0	0.35393772,0.5196814,-3.0961752,-0.9527605,-0.67079425,-3.8572447,0.21722221,-0.6250579,-0.78240013,1.1681167,-0.3685528,-0.6055886,-2.5750306,0.56940895,-2.6708424,0.5472203,0.5109921,-2.7016356,0.53306717,2.3188617,-1.2755024,0.43119898,0.029287025,-1.7912668
../data/train_data_mmini/6/Train_0028.jpg	6	1.0,1.0,1.0,1.0,-1.0,-1.0,-1.0,-1.0,1.0,-1.0,1.0,1.0,1.0,1.0,-1.0,-1.0,1.0,1.0,1.0,-1.0,1.0,-1.0,1.0,-1.0	4.3397,1.8056533,0.91864824,0.2191608,-0.2653686,-0.7874697,-1.018996,-0.9012612,1.0291617,-0.6238969,0.43334377,0.9074941,0.59298974,0.33706337,-0.038372543,-0.47273913,0.3111628,2.1382365,3.0613568,-2.7201746,1.9493726,-3.2057774,0.44111478,-2.1567817
../data/train_data_mmini/6/Train_0029.jpg	6	1.0,-1.0,1.0,1.0,-1.0,-1.0,1.0,-1.0,-1.0,1.0,-1.0,1.0,1.0,-1.0,-1.0,1.0,1.0,1.0,-1.0,1.0,-1.0,1.0,1.0,1.0	0.23640439,-1.2628776,3.0598512,0.47085723,-3.7433143,-3.4814477,4.7213664,-0.38447842,-1.1157602,0.3948067,-4.5354295,1.2410706,1.9821205,-0.3662498,-0.055781726,2.9481337,0.6270979,4.152941,-2.1484733,3.7853048,-2.4589074,3.000327,3.672515,0.9845516
../data/train_data_mmini/7/Train_0030.jpg	7	-1.0,-1.0,-1.0,-1.0,-1.0,-1.0,1.0,1.0,-1.0,1.0,1.0,1.0,1.0,-1.0,1.0,1.0,1.0,-1.0,1.0,-1.0,1.0,-1.0,-1.0,1.0	-1.1606188,-2.6865695,-0.8216772,-2.47716,-2.1635303,-4.046687,4.03439,0.46024573,-0.0015656166,0.8823253,1.0102386,1.4574497,3.9318838,-0.63974303,0.84742826,0.52560014,0.3933865,-0.52580726,2.4895782,-0.14764221,1.2101973,-1.0308727,-1.0795003,0.2749302
../data/train_data_mmini/7/Train_0031.jpg	7	1.0,-1.0,1.0,1.0,-1.0,-1.0,1.0,-1.0,1.0,-1.0,-1.0,1.0,1.0,-1.0,1.0,-1.0,1.0,1.0,-1.0,-1.0,-1.0,-1.0,-1.0,1.0	1.9781296,-0.7543387,1.8326094,0.09303624,-2.0304809,-3.7534192,0.4914879,-0.84050435,0.33648565,-0.2980833,-3.450542,0.8276883,0.6743498,-0.48234782,0.08973628,-2.4653096,0.6242928,1.1162957,-2.6567235,-1.649235,-1.743073,-0.12213686,-0.09195827,0.3822548
../data/train_data_mmini/7/Train_0032.jpg	7	1.0,1.0,-1.0,-1.0,1.0,-1.0,1.0,-1.0,1.0,1.0,1.0,-1.0,-1.0,1.0,-1.0,-1.0,-1.0,1.0,-1.0,1.0,-1.0,-1.0,1.0,-1.0	1.0517935,1.1493818,-1.2407863,-1.8889574,0.82958853,-0.0010831491,0.058901697,-0.8952549,0.9109558,1.6908349,0.8830548,-2.372196,-5.981524,1.2782795,-1.2928976,-1.1158948,-0.7628166,0.08824514,-3.3988767,1.2272874,-0.18386409,-2.050056,4.2170734,-0.17596729
../data/train_data_mmini/7/Train_0033.jpg	7	1.0,1.0,1.0,-1.0,-1.0,-1.0,1.0,1.0,-1.0,-1.0,1.0,-1.0,1.0,1.0,1.0,-1.0,1.0,1.0,1.0,-1.0,-1.0,1.0,1.0,1.0	0.19443473,0.15558073,0.37192592,-0.1666007,-2.4475992,-4.3114834,3.7146788,0.48596624,-1.1170073,-2.0130162,1.1937426,-1.4594338,3.0739396,1.803168,0.12223065,-0.9752826,1.9575506,0.63559586,2.189446,-1.1781996,-0.080205195,1.5713145,1.2689574,0.6886662
../data/train_data_mmini/7/Train_0034.jpg	7	1.0,1.0,-1.0,1.0,1.0,-1.0,-1.0,-1.0,-1.0,-1.0,-1.0,-1.0,-1.0,1.0,-1.0,-1.0,1.0,1.0,1.0,-1.0,1.0,-1.0,1.0,-1.0	2.1906023,3.5204198,-0.503088,1.0072228,0.7690377,-0.20883483,-1.0321717,-1.0650853,-0.89488506,-0.88253725,-0.23427881,-3.3685255,-4.2022367,0.15261868,-2.790108,-1.6390659,0.7490936,0.25954342,1.3362155,-2.01294,1.9067316,-1.5357063,2.0124998,-2.4557552
../data/train_data_mmini/8/Train_0035.jpg	8	-1.0,1.0,-1.0,-1.0,-1.0,-1.0,1.0,-1.0,-1.0,1.0,-1.0,1.0,-1.0,-1.0,1.0,1.0,1.0,-1.0,1.0,1.0,-1.0,1.0,1.0,1.0	-2.1207325,0.29759464,-0.29871556,-0.13667347,-3.009945,-4.0416884,4.6137714,-1.0058439,-0.3042843,1.1623118,-1.8107537,4.156601,-1.7911474,-1.8031856,1.6610991,1.244048,0.5236388,-0.2529917,3.160785,1.8837199,-0.9830919,0.29570398,2.5836747,1.0301399
../data/train_data_mmini/8/Train_0036.jpg	8	1.0,-1.0,1.0,-1.0,-1.0,-1.0,1.0,1.0,1.0,1.0,-1.0,1.0,1.0,1.0,1.0,-1.0,1.0,1.0,1.0,-1.0,-1.0,-1.0,1.0,-1.0	0.8555621,-0.48225898,1.5118886,-1.8458799,-2.7069438,-6.5188804,6.382407,0.05269985,0.25292,1.6180972,-1.7161264,2.1778505,1.1466132,0.81774586,0.37102422,-1.4095281,1.1073937,0.34160975,0.2368459,-0.6881085,-0.47988135,-1.4302115,0.2184818,-1.015787
../data/train_data_mmini/8/Train_0037.jpg	8	1.0,1.0,-1.0,-1.0,-1.0,-1.0,1.0,-1.0,-1.0,1.0,-1.0,-1.0,-1.0,1.0,-1.0,1.0,-1.0,1.0,1.0,1.0,1.0,-1.0,1.0,-1.0	1.88661,1.5745523,-1.377771,-1.9353418,-1.3471565,-4.2689147,1.9687207,-1.031865,-0.28995883,0.9219434,-0.16363597,-1.2674792,-1.9062699,1.13156,-2.4711812,0.8337395,-0.31026405,1.0971757,1.5037527,1.4727774,0.88161427,-1.2422547,4.1202035,-0.7976665
../data/train_data_mmini/8/Train_0038.jpg	8	-1.0,-1.0,-1.0,-1.0,-1.0,-1.0,-1.0,-1.0,-1.0,1.0,-1.0,1.0,-1.0,-1.0,-1.0,1.0,1.0,-1.0,1.0,1.0,-1.0,-1.0,1.0,-1.0	-1.5558317,-0.47993684,-1.897508,-1.4682946,-0.9354004,-2.0068913,-1.1518879,-0.856425,-2.2724173,1.9004157,-1.385872,2.5256772,-0.58873636,-1.3690983,-1.2471788,2.3248627,0.71587396,-2.3828464,0.16664532,1.7481517,-0.41618544,-1.7514707,0.6444804,-2.3128695
../data/train_data_mmini/8/Train_0039.jpg	8	-1.0,-1.0,1.0,1.0,-1.0,-1.0,1.0,-1.0,-1.0,1.0,-1.0,1.0,-1.0,-1.0,1.0,1.0,1.0,1.0,1.0,1.0,-1.0,1.0,1.0,-1.0	-1.470151,-0.7888475,0.40062502,2.260664,-3.8763096,-4.563939,7.057663,-1.235952,-1.7307562,0.470094,-0.843145,2.5443838,-1.287616,-1.2435988,1.8016882,0.27781072,2.2489903,1.6287955,3.467582,0.37326318,-0.9187064,1.6249784,4.0872073,-0.94826406
../data/train_data_mmini/9/Train_0040.jpg	9	1.0,-1.0,1.0,1.0,-1.0,-1.0,-1.0,-1.0,1.0,-1.0,1.0,1.0,1.0,-1.0,1.0,1.0,1.0,1.0,1.0,-1.0,1.0,1.0,1.0,1.0	1.2220178,-1.5988349,0.08821523,1.2505829,-0.7115864,-1.0745981,-0.28236473,-0.55906695,0.6674795,-2.0172167,2.0798993,2.171594,0.8120047,-0.72208726,1.5835259,0.61617166,0.019483184,3.5121644,4.579337,-1.7560027,1.7387209,0.6370335,2.906218,1.3168937
../data/train_data_mmini/9/Train_0041.jpg	9	1.0,1.0,1.0,1.0,-1.0,-1.0,1.0,-1.0,1.0,-1.0,1.0,-1.0,-1.0,1.0,-1.0,-1.0,1.0,1.0,-1.0,-1.0,-1.0,-1.0,-1.0,-1.0	3.76425,1.2410306,0.19302318,2.7886703,-1.0038525,-3.27396,0.9321385,-0.8064564,0.46903956,-1.6368612,0.5931178,-2.6505363,-2.0890903,1.8531691,-0.16754502,-3.6000266,1.0259817,0.7674261,-1.4137038,-2.8296974,-1.8016393,-0.7148333,-0.09936114,-1.4901005
../data/train_data_mmini/9/Train_0042.jpg	9	1.0,-1.0,1.0,1.0,1.0,1.0,-1.0,-1.0,1.0,-1.0,1.0,-1.0,-1.0,-1.0,1.0,1.0,-1.0,1.0,1.0,1.0,1.0,1.0,1.0,1.0	1.8606348,-1.4936205,0.089805245,0.5484494,0.43047208,0.6633886,-2.9664247,-0.7128334,2.115817,-1.5518199,1.5325313,-0.07011022,-1.3152499,-1.5606768,0.010709335,1.552453,-1.8211612,3.2713463,2.871468,0.28627524,1.8317811,0.8338134,3.564138,1.2793003
../data/train_data_mmini/9/Train_0043.jpg	9	-1.0,1.0,-1.0,-1.0,-1.0,-1.0,1.0,-1.0,1.0,1.0,1.0,1.0,-1.0,-1.0,1.0,1.0,1.0,-1.0,1.0,-1.0,1.0,-1.0,1.0,1.0	-2.2912061,0.5828005,-1.0151831,-1.3984637,-0.89943147,-1.797871,2.0364354,-0.67682934,0.22597432,0.61132735,0.54533505,5.7116976,-0.0075300485,-1.2585821,2.4452677,0.04008529,0.19970386,-2.0524678,4.2282834,-0.71616596,0.70303106,-1.4688922,0.2853006,1.9362161
../data/train_data_mmini/9/Train_0044.jpg	9	-1.0,-1.0,1.0,1.0,-1.0,1.0,1.0,1.0,-1.0,1.0,-1.0,-1.0,1.0,-1.0,1.0,1.0,1.0,1.0,1.0,1.0,1.0,1.0,1.0,-1.0	-1.6143783,-3.6933825,0.19879758,1.2825853,-2.68598,1.4008656,3.111104,0.0631617,-1.5870358,1.1560048,-0.6827303,-1.1341463,0.7511063,-2.0447252,1.5365269,1.6024758,0.8921787,1.5276805,1.4656048,1.2668452,0.6454738,1.0915918,2.0547578,-0.14447147
../data/train_data_mmini/10/Train_0045.jpg	10	-1.0,1.0,-1.0,1.0,-1.0,-1.0,1.0,-1.0,-1.0,1.0,-1.0,1.0,-1.0,-1.0,-1.0,-1.0,1.0,1.0,1.0,1.0,-1.0,1.0,1.0,-1.0	-1.4496578,0.26096007,-1.2644844,3.3388877,-3.2567182,-5.0829144,7.730119,-2.4246016,-1.7701993,2.3542619,-2.0382931,0.3879237,-3.099151,-0.20352097,-0.07481265,-1.0036883,3.2771742,0.98321575,1.1356523,0.23019303,-3.4803667,1.8350849,2.649035,-3.4146943
../data/train_data_mmini/10/Train_0046.jpg	10	-1.0,-1.0,-1.0,1.0,-1.0,1.0,-1.0,-1.0,-1.0,-1.0,-1.0,-1.0,-1.0,-1.0,-1.0,1.0,1.0,-1.0,1.0,1.0,1.0,1.0,1.0,-1.0	-1.095765,-1.649549,-0.41666302,0.11362716,-1.4282746,0.99420935,-1.3686194,-0.9342824,-3.9979541,-0.5127688,-0.68193203,-0.5713497,-2.151052,-2.5934067,-1.2727486,1.9119635,2.5047565,-0.10850882,2.2654276,0.034791477,2.5948288,0.39664552,4.481301,-2.5183325
../data/train_data_mmini/10/Train_0047.jpg	10	-1.0,-1.0,1.0,1.0,-1.0,-1.0,1.0,-1.0,-1.0,1.0,-1.0,1.0,-1.0,-1.0,-1.0,-1.0,1.0,1.0,-1.0,-1.0,1.0,1.0,1.0,-1.0	-0.99388623,-0.38395065,1.0865124,0.07957872,-1.3136501,-3.3464837,3.4573026,-0.71444607,-1.731928,1.8542628,-3.3154,0.7458499,-1.9964483,-1.4461334,-0.530788,-2.1891215,0.8329739,1.1791877,-1.7862773,-1.6727477,0.7316163,0.035224,4.3008966,-1.0855833
../data/train_data_mmini/10/Train_0048.jpg	10	-1.0,-1.0,1.0,1.0,-1.0,1.0,1.0,-1.0,-1.0,1.0,1.0,-1.0,-1.0,-1.0,1.0,-1.0,1.0,1.0,-1.0,-1.0,-1.0,1.0,1.0,-1.0	-3.15633,-1.5893258,1.2757515,2.7113214,-2.658583,0.789852,7.1315145,-0.8250664,-2.4882884,0.877056,0.35128278,-1.0455143,-0.9408973,-0.5558626,2.5838864,-2.2286835,4.440759,0.9156926,-0.9168418,-2.3097699,-0.123097144,0.43302262,3.346861,-1.247662
../data/train_data_mmini/10/Train_0049.jpg	10	-1.0,1.0,-1.0,1.0,-1.0,-1.0,1.0,-1.0,-1.0,1.0,1.0,1.0,-1.0,-1.0,1.0,1.0,1.0,1.0,1.0,1.0,1.0,-1.0,1.0,-1.0	-1.4556835,0.28047332,-1.7573198,0.28139332,-2.0193124,-2.099262,6.063083,-1.3340394,-0.2015774,2.840937,0.32484704,1.504407,-4.191337,-0.60799044,0.6789332,0.87148684,0.59870315,0.79515636,2.255305,1.4071527,0.528783,-1.3801049,4.742428,-1.2057828
