../data/train_data_mmini/1/Train_0000.jpg	1	1.0,1.0,-1.0,-1.0,1.0,1.0,1.0,1.0,-1.0,1.0,-1.0,-1.0	0.6793804,2.600846,-2.216784,-1.244147,0.47706193,0.034453794,6.1918845,2.5426202,-0.059605926,4.3551245,-2.0968513,-2.755573
../data/train_data_mmini/1/Train_0001.jpg	1	-1.0,-1.0,-1.0,1.0,-1.0,1.0,1.0,-1.0,-1.0,1.0,-1.0,-1.0	-2.7791154,-0.64522153,-0.13029146,1.078094,-1.8953993,0.8326767,4.6543736,-0.3384393,-1.7943313,0.3040886,-1.2011701,-0.87232405
../data/train_data_mmini/1/Train_0002.jpg	1	1.0,1.0,1.0,-1.0,-1.0,-1.0,1.0,-1.0,1.0,1.0,-1.0,-1.0	4.4742365,1.2774055,0.10898602,-0.8845182,-0.059149384,-1.2534701,4.8226857,-0.8380873,2.4680436,3.1118257,-0.00075149536,-0.60405076
../data/train_data_mmini/1/Train_0003.jpg	1	-1.0,1.0,1.0,1.0,-1.0,1.0,1.0,1.0,-1.0,1.0,-1.0,-1.0	-1.6215901,3.2796953,0.765875,1.604514,-1.1281903,3.0735533,6.3859773,3.2053416,-2.541756,0.7095756,-3.556908,-1.4775503
../data/train_data_mmini/1/Train_0004.jpg	1	-1.0,1.0,-1.0,-1.0,-1.0,1.0,1.0,1.0,1.0,1.0,-1.0,-1.0	-1.001796,2.0044131,-0.8689996,-0.029280767,-1.4000533,1.1759089,3.8721447,5.654633,0.4567883,2.1048768,-1.4990522,-1.2359499
../data/train_data_mmini/2/Train_0005.jpg	2	-1.0,1.0,-1.0,-1.0,1.0,1.0,1.0,-1.0,1.0,1.0,-1.0,1.0	-1.4365541,0.38378686,-0.41542065,-0.98792905,2.8422675,1.4361858,3.1712215,-4.5004096,1.8031807,2.10631,-2.4293666,1.4839083
../data/train_data_mmini/2/Train_0006.jpg	2	1.0,1.0,1.0,-1.0,1.0,-1.0,1.0,-1.0,1.0,1.0,1.0,-1.0	1.1393136,0.020037591,0.025785357,-2.0925257,3.9096625,-1.7452366,2.6943457,-2.2664678,2.7173553,0.9410021,0.89087677,-3.1760514
../data/train_data_mmini/2/Train_0007.jpg	2	-1.0,1.0,-1.0,1.0,1.0,-1.0,1.0,1.0,1.0,1.0,-1.0,-1.0	-2.514797,2.2243223,-2.2489333,1.7052834,0.5433084,-1.0135672,6.0852714,2.9420245,0.47249126,1.6470188,-5.6733103,-3.2349596
../data/train_data_mmini/2/Train_0008.jpg	2	1.0,-1.0,-1.0,1.0,-1.0,-1.0,-1.0,1.0,1.0,-1.0,-1.0,-1.0	1.8511852,-2.9456742,-0.98916936,1.5710349,-1.1657884,-4.09057,-1.1788224,0.124087185,1.2849363,-1.3211348,-1.548671,-1.6013733
../data/train_data_mmini/2/Train_0009.jpg	2	-1.0,1.0,-1.0,-1.0,1.0,-1.0,-1.0,-1.0,1.0,1.0,1.0,1.0	-3.8336604,1.0818312,-6.791072,-4.383347,3.0241845,-0.9445982,-0.8771089,-0.87739,1.6189063,7.016201,1.6902614,0.538592
../data/train_data_mmini/3/Train_0010.jpg	3	-1.0,-1.0,1.0,-1.0,-1.0,-1.0,-1.0,-1.0,-1.0,1.0,1.0,1.0	-1.4212378,-0.67754275,0.5704359,-0.81315446,-2.4801552,-1.8602442,-0.48409277,-1.9221345,-1.0732763,0.8927029,0.08663452,0.5826754
../data/train_data_mmini/3/Train_0011.jpg	3	1.0,-1.0,-1.0,1.0,-1.0,-1.0,1.0,-1.0,1.0,1.0,1.0,1.0	3.2911375,-0.5438793,-1.900628,0.06470959,-0.9333196,-3.9366295,3.5700295,-2.1292353,2.7617679,5.790385,1.7252363,1.7717115
../data/train_data_mmini/3/Train_0012.jpg	3	1.0,1.0,-1.0,1.0,-1.0,1.0,1.0,-1.0,1.0,1.0,-1.0,1.0	0.99405724,0.43240732,-2.3592882,1.3205913,-1.5292649,2.12321,3.2793076,-4.7675734,2.6054492,3.6883166,-1.283555,0.83911324
../data/train_data_mmini/3/Train_0013.jpg	3	1.0,1.0,1.0,-1.0,1.0,1.0,-1.0,-1.0,1.0,1.0,1.0,-1.0	1.4600147,1.1322978,0.26403528,-1.6600913,2.3818138,2.3694162,-0.24800822,-1.7123986,2.4361613,2.371891,1.5780221,-1.0389129
../data/train_data_mmini/3/Train_0014.jpg	3	-1.0,-1.0,-1.0,-1.0,1.0,-1.0,1.0,-1.0,1.0,1.0,1.0,1.0	-0.2793247,-0.89587253,-0.8011633,-1.2930719,2.7482915,-2.5349267,0.62359697,-0.9767916,0.4533279,2.322785,2.176988,0.2366871
../data/train_data_mmini/4/Train_0015.jpg	4	1.0,1.0,-1.0,-1.0,1.0,1.0,1.0,-1.0,1.0,1.0,-1.0,-1.0	2.8471024,0.044446826,-2.675867,-0.5551481,1.4918041,1.2781433,2.2908764,-2.377369,2.0846775,4.4834085,-3.3127735,-1.9536765
../data/train_data_mmini/4/Train_0016.jpg	4	1.0,1.0,1.0,1.0,1.0,-1.0,1.0,-1.0,-1.0,-1.0,-1.0,1.0	1.2894654,0.75980675,0.60857093,1.0756044,0.004588306,-1.0726004,2.3944764,-2.345125,-1.555445,-1.2752366,-1.8995203,0.912079
../data/train_data_mmini/4/Train_0017.jpg	4	1.0,-1.0,-1.0,1.0,-1.0,-1.0,1.0,-1.0,1.0,1.0,1.0,1.0	0.6034435,-0.56210136,-0.71886504,0.4267729,-0.095863014,-1.0507663,2.440099,-5.100593,3.1711047,0.98350626,0.9850888,2.224135
../data/train_data_mmini/4/Train_0018.jpg	4	-1.0,1.0,1.0,1.0,-1.0,-1.0,1.0,-1.0,1.0,1.0,-1.0,1.0	-0.067073494,0.4428354,0.71797526,0.54743654,-1.5098646,-1.49829,1.1243207,-2.1443727,0.32297713,1.415986,-1.9509128,0.47979134
../data/train_data_mmini/4/Train_0019.jpg	4	1.0,1.0,-1.0,-1.0,1.0,-1.0,1.0,-1.0,1.0,-1.0,-1.0,1.0	0.25890225,1.5432165,-1.6180302,-3.6780918,0.08569279,-0.36646777,1.5026221,-0.37557796,3.1430156,-1.7046946,-0.106801815,0.28027755
../data/train_data_mmini/5/Train_0020.jpg	5	-1.0,1.0,-1.0,1.0,-1.0,-1.0,1.0,1.0,-1.0,-1.0,-1.0,-1.0	-2.5699322,0.50051636,-0.8109516,2.1416743,-1.515717,-0.35834652,4.5312614,2.7841854,-2.1147528,-4.504429,-3.494554,-0.48539695
../data/train_data_mmini/5/Train_0021.jpg	5	1.0,1.0,-1.0,-1.0,1.0,1.0,1.0,1.0,1.0,1.0,1.0,-1.0	0.213408,0.075891554,-4.307228,-0.95821273,4.329696,0.7234662,0.7774408,6.3056064,4.131438,4.7694964,2.049774,-0.829182
../data/train_data_mmini/5/Train_0022.jpg	5	-1.0,1.0,-1.0,-1.0,1.0,-1.0,1.0,1.0,1.0,1.0,-1.0,-1.0	-2.1157446,1.2572211,-2.824504,-1.102126,1.163223,-2.079403,3.581126,1.2021959,0.18372661,2.5803177,-3.2120633,-3.7382963
../data/train_data_mmini/5/Train_0023.jpg	5	-1.0,1.0,-1.0,-1.0,-1.0,-1.0,1.0,1.0,-1.0,-1.0,-1.0,-1.0	-2.24335,2.6608644,-0.09340978,-0.048426285,-0.6852536,-1.3255868,3.7772942,6.2178564,-5.083184,-1.6431571,-2.3591902,-3.4056132
../data/train_data_mmini/5/Train_0024.jpg	5	1.0,1.0,-1.0,-1.0,1.0,1.0,1.0,1.0,1.0,1.0,-1.0,1.0	0.393328,3.8530571,-1.3570491,-0.4821921,1.5365467,4.1690135,4.6883435,2.5100527,4.3008356,7.05925,-1.9498563,0.033175856
../data/train_data_mmini/6/Train_0025.jpg	6	1.0,1.0,-1.0,-1.0,1.0,1.0,1.0,-1.0,1.0,1.0,-1.0,1.0	1.3579621,3.1008966,-1.1583819,-1.0722933,1.8495314,2.4586582,2.964891,-6.450392,4.1515617,5.1606507,-0.18389109,2.5659328
../data/train_data_mmini/6/Train_0026.jpg	6	-1.0,-1.0,-1.0,1.0,-1.0,1.0,1.0,-1.0,1.0,1.0,-1.0,1.0	-4.228466,-0.17468458,-0.14391428,1.7616283,-2.8327115,1.360919,4.714948,-1.3866248,1.332936,0.6229751,-1.4114118,3.2716053
../data/train_data_mmini/6/Train_0027.jpg	6	-1.0,-1.0,1.0,-1.0,-1.0,-1.0,-1.0,-1.0,-1.0,1.0,1.0,1.0	-0.7266816,-0.043567777,0.5624776,-0.85514545,-0.4252597,-1.8142096,-0.26798117,-3.0489724,-2.2684176,0.96533626,1.8894569,2.9162092
../data/train_data_mmini/6/Train_0028.jpg	6	1.0,1.0,1.0,1.0,-1.0,-1.0,1.0,1.0,1.0,1.0,1.0,1.0	0.74817777,0.7321911,2.3625998,3.4252417,-1.4696677,-2.1711144,2.054154,1.1345023,2.932204,0.8447811,1.6618476,0.7920815
../data/train_data_mmini/6/Train_0029.jpg	6	1.0,1.0,-1.0,-1.0,1.0,1.0,1.0,-1.0,1.0,1.0,1.0,1.0	1.1367468,2.893731,-5.4415703,-6.4698668,1.0761416,2.331655,2.3641188,-4.392343,3.9187107,9.668697,1.539849,1.8152939
../data/train_data_mmini/7/Train_0030.jpg	7	-1.0,1.0,-1.0,-1.0,1.0,-1.0,1.0,-1.0,1.0,1.0,-1.0,-1.0	-1.7919648,0.12919709,-4.5864773,-1.9872553,4.652719,-1.4179877,3.2439568,-4.012912,3.0851038,5.113997,-1.1910214,-1.5355427
../data/train_data_mmini/7/Train_0031.jpg	7	-1.0,1.0,-1.0,1.0,1.0,-1.0,1.0,-1.0,1.0,1.0,-1.0,-1.0	-1.6808689,0.34511638,-2.4452763,1.8313113,1.9659874,-0.22108339,1.5781898,-4.6449404,5.04653,0.8414486,-1.4255111,-0.9722135
../data/train_data_mmini/7/Train_0032.jpg	7	1.0,-1.0,-1.0,-1.0,1.0,-1.0,-1.0,-1.0,1.0,1.0,1.0,1.0	2.0305264,-1.0164552,-1.3402103,-1.3399025,1.8659272,-0.07293978,-0.9399692,-3.1007867,0.10712719,2.7890596,3.4529965,2.9999893
../data/train_data_mmini/7/Train_0033.jpg	7	-1.0,1.0,-1.0,1.0,-1.0,-1.0,1.0,-1.0,1.0,1.0,-1.0,-1.0	-1.2527416,1.1200936,-2.3138175,0.29956,-0.50831187,-2.142913,4.1301355,-5.927778,2.9418507,4.2223134,-2.1396508,-0.45623714
../data/train_data_mmini/7/Train_0034.jpg	7	1.0,1.0,1.0,1.0,-1.0,-1.0,1.0,1.0,1.0,1.0,1.0,1.0	3.1916962,0.3636225,2.4948244,1.4788665,-3.572824,-3.0171733,1.1602355,1.0818549,1.796361,2.2241273,1.3309034,3.8748345
../data/train_data_mmini/8/Train_0035.jpg	8	-1.0,1.0,-1.0,-1.0,1.0,1.0,-1.0,-1.0,1.0,1.0,1.0,-1.0	-0.928329,0.110812336,-2.1404839,-3.0553553,3.2715187,1.0127105,-0.49709445,-4.4123855,3.7631087,8.506433,1.1404577,-0.42399573
../data/train_data_mmini/8/Train_0036.jpg	8	-1.0,1.0,-1.0,-1.0,1.0,1.0,1.0,-1.0,1.0,1.0,-1.0,1.0	-0.79200995,1.8618424,-1.6375791,-0.49759078,6.0094967,1.3519266,4.2957616,-8.060585,5.9707966,7.328647,-1.4892817,0.8007411
../data/train_data_mmini/8/Train_0037.jpg	8	-1.0,-1.0,-1.0,1.0,-1.0,1.0,1.0,-1.0,1.0,1.0,1.0,1.0	-1.7239633,-0.4212417,-1.1496302,2.8834498,-0.5004327,0.23082666,1.5373933,-3.13807,5.0863094,4.5264096,0.8397535,5.687876
../data/train_data_mmini/8/Train_0038.jpg	8	-1.0,-1.0,-1.0,-1.0,1.0,1.0,-1.0,-1.0,1.0,1.0,1.0,1.0	-0.17252594,-0.0827449,-1.6933776,-2.1098394,3.2443411,0.328476,-1.4115444,-1.1811963,0.63144886,4.326724,2.632048,0.049692288
../data/train_data_mmini/8/Train_0039.jpg	8	-1.0,1.0,-1.0,-1.0,1.0,1.0,1.0,-1.0,1.0,1.0,1.0,1.0	-1.8438392,1.1919796,-3.9953089,-3.3242304,4.851631,4.3995547,2.2333243,-6.283283,6.7704735,13.152325,1.1872709,0.8024119
../data/train_data_mmini/9/Train_0040.jpg	9	-1.0,-1.0,-1.0,1.0,-1.0,-1.0,1.0,1.0,1.0,1.0,-1.0,1.0	-1.2337226,-0.28106004,-5.305566,1.7782763,-0.012299657,-0.17345461,5.2026505,0.21794304,8.91873,4.529639,-4.0554433,0.98669064
../data/train_data_mmini/9/Train_0041.jpg	9	-1.0,1.0,-1.0,1.0,-1.0,-1.0,1.0,-1.0,1.0,1.0,-1.0,1.0	-2.4844377,1.2239535,-1.5962042,0.098900214,-2.6614215,-2.1443675,4.259842,-3.0348523,2.2609017,1.0169125,-1.4304783,1.5486139
../data/train_data_mmini/9/Train_0042.jpg	9	1.0,-1.0,-1.0,1.0,-1.0,1.0,1.0,1.0,1.0,1.0,-1.0,1.0	2.4865944,-1.4299273,-1.6297587,2.513949,-2.4786,1.209157,1.7290485,1.4638873,3.322309,1.8105916,-3.3155901,0.94893575
../data/train_data_mmini/9/Train_0043.jpg	9	-1.0,-1.0,-1.0,-1.0,1.0,1.0,1.0,-1.0,1.0,1.0,-1.0,-1.0	-3.524424,-0.8069249,-2.103611,-1.109442,5.2949333,1.0880188,1.6096171,-0.586586,4.26436,4.9219036,-0.318763,-0.81587374
../data/train_data_mmini/9/Train_0044.jpg	9	-1.0,1.0,-1.0,-1.0,1.0,1.0,1.0,-1.0,1.0,1.0,1.0,1.0	-1.2581897,0.9243248,-3.8037863,-2.820362,2.6459093,4.197853,1.2652297,-4.076977,4.6579475,6.070959,0.58657503,1.3716464
../data/train_data_mmini/10/Train_0045.jpg	10	-1.0,1.0,-1.0,-1.0,1.0,1.0,-1.0,-1.0,1.0,1.0,1.0,1.0	-0.05742064,3.6304376,-1.072567,-3.644824,1.4933481,4.425802,-1.2281616,-6.1833806,4.9480076,8.973839,3.4604871,4.362953
../data/train_data_mmini/10/Train_0046.jpg	10	1.0,-1.0,1.0,-1.0,1.0,1.0,-1.0,-1.0,1.0,1.0,1.0,1.0	1.6583492,-0.118514985,0.060680985,-1.7573204,0.28468812,1.3834611,-1.1657583,-3.138176,0.50897443,2.6062057,3.615172,3.0844846
../data/train_data_mmini/10/Train_0047.jpg	10	1.0,1.0,1.0,-1.0,1.0,1.0,-1.0,-1.0,1.0,1.0,1.0,1.0	0.7053953,1.2409213,0.24595189,-2.2054868,5.4552197,4.6832943,-0.053307995,-2.8234277,5.9020395,8.486475,4.374536,4.0406966
../data/train_data_mmini/10/Train_0048.jpg	10	1.0,1.0,-1.0,-1.0,1.0,1.0,-1.0,-1.0,1.0,1.0,-1.0,1.0	1.4859498,3.1584742,-4.389147,-4.4726834,3.5699573,5.357943,-1.8116218,-8.717263,4.7869997,6.4645677,-1.2774737,0.21028388
../data/train_data_mmini/10/Train_0049.jpg	10	-1.0,1.0,-1.0,-1.0,1.0,1.0,1.0,-1.0,1.0,1.0,1.0,1.0	-1.054866,1.4530578,-4.482905,-3.3974164,2.8857796,2.1742234,0.61330503,-2.9711428,8.288141,11.6522255,3.5262487,4.1982965
