../data/train_data_mmini/1/Train_0000.jpg	1	-1.0,1.0,-1.0,1.0,-1.0,-1.0,1.0,1.0	-0.23857522,0.90412545,-2.9281704,3.6474278,-0.29755437,-1.2907661,0.8919266,0.09360475
../data/train_data_mmini/1/Train_0001.jpg	1	1.0,1.0,1.0,1.0,1.0,-1.0,1.0,-1.0	0.20462452,0.5880275,1.2005895,2.6247852,0.7744971,-1.8865178,4.6979556,-3.0753927
../data/train_data_mmini/1/Train_0002.jpg	1	1.0,1.0,-1.0,1.0,1.0,-1.0,1.0,-1.0	2.0632243,2.4725635,-1.0013485,1.2809672,3.630343,-0.6353117,1.6017559,-1.9346333
../data/train_data_mmini/1/Train_0003.jpg	1	-1.0,-1.0,-1.0,1.0,-1.0,-1.0,-1.0,-1.0	-0.9845329,-1.7092036,-1.5395844,4.287869,-1.4590294,-2.1330338,-0.76465636,-0.7570026
../data/train_data_mmini/1/Train_0004.jpg	1	1.0,1.0,-1.0,1.0,-1.0,-1.0,-1.0,-1.0	0.08421133,1.6059228,-0.39346775,2.1308224,-1.458336,-1.6899984,-1.3047245,-0.6946663
../data/train_data_mmini/2/Train_0005.jpg	2	-1.0,-1.0,1.0,-1.0,1.0,1.0,-1.0,-1.0	-1.4073422,-2.2815392,1.7225152,-0.1492989,3.1459064,0.6682299,-0.3093895,-0.8639936
../data/train_data_mmini/2/Train_0006.jpg	2	1.0,-1.0,1.0,-1.0,1.0,1.0,-1.0,1.0	0.91892856,-1.1681644,1.0644972,-1.0155004,3.2926054,1.9669627,-2.2940648,0.3112872
../data/train_data_mmini/2/Train_0007.jpg	2	-1.0,1.0,-1.0,1.0,-1.0,-1.0,1.0,1.0	-2.744336,2.2639687,-1.5611389,3.404829,-0.7174614,-1.0549079,1.4459971,2.6647968
../data/train_data_mmini/2/Train_0008.jpg	2	-1.0,1.0,-1.0,-1.0,1.0,1.0,-1.0,1.0	-0.94077986,3.20518,-0.78480154,-1.1112962,1.2756858,1.6503034,-1.316851,0.50110936
../data/train_data_mmini/2/Train_0009.jpg	2	-1.0,-1.0,1.0,-1.0,1.0,-1.0,-1.0,1.0	-0.46409276,-2.13758,1.560993,-2.137899,0.31339633,-1.4237049,-0.6527534,4.010159
../data/train_data_mmini/3/Train_0010.jpg	3	-1.0,1.0,1.0,-1.0,-1.0,-1.0,1.0,1.0	-1.6010065,1.3690398,3.0021727,-2.9128656,-1.5347397,-0.6450294,0.044292584,1.3461273
../data/train_data_mmini/3/Train_0011.jpg	3	-1.0,1.0,1.0,-1.0,1.0,-1.0,1.0,-1.0	-0.4107803,4.064999,1.9211143,-0.066390716,4.0301466,-2.014518,1.6907059,-1.77822
../data/train_data_mmini/3/Train_0012.jpg	3	1.0,-1.0,-1.0,-1.0,1.0,-1.0,1.0,-1.0	1.2974348,-1.1779262,-0.14253494,-0.48852134,2.3770869,-2.7543795,3.7991154,-2.8579197
../data/train_data_mmini/3/Train_0013.jpg	3	1.0,1.0,-1.0,-1.0,1.0,1.0,1.0,-1.0	3.6224906,1.0153606,-2.3190749,-1.7808108,2.0978358,1.0378476,0.07261017,-0.3574927
../data/train_data_mmini/3/Train_0014.jpg	3	1.0,1.0,1.0,1.0,1.0,1.0,-1.0,1.0	0.6362088,1.294132,3.6071763,0.31079918,1.4654526,1.3142684,-1.4574555,0.31694996
../data/train_data_mmini/4/Train_0015.jpg	4	-1.0,1.0,-1.0,-1.0,1.0,-1.0,1.0,-1.0	-1.3381311,1.0524497,-3.8249168,-1.2344949,2.2459533,-0.99288046,0.5365632,-2.508546
../data/train_data_mmini/4/Train_0016.jpg	4	-1.0,-1.0,1.0,1.0,1.0,1.0,1.0,-1.0	-0.5403199,-2.1362076,2.7502298,1.7112952,3.534042,1.1413525,0.78774446,-3.389714
../data/train_data_mmini/4/Train_0017.jpg	4	-1.0,-1.0,1.0,-1.0,1.0,-1.0,1.0,-1.0	-0.44886237,-1.5744576,2.1290605,-1.4237126,5.72798,-0.025391372,0.98978055,-2.6697476
../data/train_data_mmini/4/Train_0018.jpg	4	-1.0,1.0,1.0,1.0,1.0,1.0,-1.0,1.0	-2.1093853,0.6230871,2.114532,0.22676426,0.75994307,0.24068114,-0.5849892,1.1034753
../data/train_data_mmini/4/Train_0019.jpg	4	1.0,-1.0,1.0,-1.0,1.0,1.0,-1.0,-1.0	3.6474159,-1.6093593,1.7565594,-1.2648438,2.7965062,0.33584782,-4.16177,-0.59459317
../data/train_data_mmini/5/Train_0020.jpg	5	1.0,-1.0,1.0,1.0,-1.0,-1.0,1.0,-1.0	0.055113185,-0.7756359,2.452512,3.6085067,-0.75910103,-0.4918949,1.4960656,-0.52622855
../data/train_data_mmini/5/Train_0021.jpg	5	-1.0,1.0,-1.0,-1.0,-1.0,-1.0,-1.0,-1.0	-0.008961059,2.5662005,-3.3585012,-0.062033188,-0.25437826,-0.30287692,-3.9582293,-0.08154612
../data/train_data_mmini/5/Train_0022.jpg	5	-1.0,1.0,-1.0,-1.0,-1.0,1.0,1.0,1.0	-2.2440152,0.8702172,-2.0316327,-0.11042916,-1.0043898,0.6798688,2.3968961,3.7712815
../data/train_data_mmini/5/Train_0023.jpg	5	-1.0,-1.0,-1.0,1.0,-1.0,-1.0,1.0,1.0	-1.1893164,-0.13969691,-0.60358214,2.0025654,-3.8197558,-1.0260891,0.4161597,2.509113
../data/train_data_mmini/5/Train_0024.jpg	5	-1.0,1.0,-1.0,1.0,1.0,-1.0,-1.0,1.0	-0.86283547,1.2606068,-2.6922588,1.7868377,0.36244154,-2.5290675,-1.690934,0.8884525
../data/train_data_mmini/6/Train_0025.jpg	6	-1.0,-1.0,1.0,1.0,1.0,-1.0,-1.0,-1.0	-0.52581114,-1.718644,0.57836413,0.21156575,4.0939302,-0.7243486,-1.0860349,-0.7523368
../data/train_data_mmini/6/Train_0026.jpg	6	-1.0,-1.0,1.0,1.0,1.0,-1.0,-1.0,-1.0	-3.237854,-0.07278265,2.7210014,3.9731078,0.3931229,-2.8982394,-1.2427822,-0.18075275
../data/train_data_mmini/6/Train_0027.jpg	6	-1.0,-1.0,1.0,-1.0,1.0,-1.0,-1.0,-1.0	-1.8347726,-0.23864989,5.4375744,-1.6563959,1.0054995,-0.7246809,-0.2893714,-1.4530452
../data/train_data_mmini/6/Train_0028.jpg	6	-1.0,1.0,1.0,1.0,1.0,1.0,-1.0,1.0	-0.46118838,3.868652,2.9436908,1.6736501,2.5612483,0.27437398,-1.7845646,0.6979156
../data/train_data_mmini/6/Train_0029.jpg	6	1.0,-1.0,-1.0,-1.0,1.0,-1.0,-1.0,1.0	0.9222957,-2.252364,-2.2331426,-3.854246,1.8730079,-1.1546571,-0.115954906,2.6726696
../data/train_data_mmini/7/Train_0030.jpg	7	-1.0,-1.0,-1.0,-1.0,1.0,-1.0,1.0,1.0	-1.5131447,-3.1216345,-0.75426656,-0.14506426,3.3524356,-0.07522127,1.8373462,0.6375293
../data/train_data_mmini/7/Train_0031.jpg	7	-1.0,-1.0,-1.0,-1.0,1.0,1.0,1.0,1.0	-1.5084548,-1.3806245,-0.13908842,-0.065239914,1.9717327,1.2692127,1.4394846,1.2367489
../data/train_data_mmini/7/Train_0032.jpg	7	-1.0,1.0,1.0,-1.0,1.0,-1.0,-1.0,-1.0	-1.8459847,1.7608502,1.844044,-1.5379888,3.554252,-0.9441853,-1.74453,-2.218613
../data/train_data_mmini/7/Train_0033.jpg	7	-1.0,-1.0,1.0,1.0,1.0,-1.0,-1.0,1.0	-0.69946903,-0.87094873,3.0741282,1.1034392,1.5265237,-1.4641681,-0.61765254,2.8639636
../data/train_data_mmini/7/Train_0034.jpg	7	-1.0,1.0,1.0,-1.0,1.0,-1.0,-1.0,1.0	-1.8998262,4.3964305,2.7958302,-0.4453002,2.4098542,-1.6829857,-3.3986876,0.0067435456
../data/train_data_mmini/8/Train_0035.jpg	8	-1.0,1.0,-1.0,-1.0,1.0,1.0,1.0,1.0	-2.026204,0.41019425,-2.9446027,-4.2954717,1.4409978,0.3257146,2.1249876,2.567001
../data/train_data_mmini/8/Train_0036.jpg	8	-1.0,-1.0,1.0,-1.0,1.0,1.0,1.0,1.0	-2.0508823,-0.8842209,0.9152471,-0.091902934,4.990256,0.9453893,0.44833404,2.8306181
../data/train_data_mmini/8/Train_0037.jpg	8	-1.0,1.0,1.0,-1.0,1.0,-1.0,-1.0,1.0	-3.0242891,1.2991608,2.72158,-0.19220173,4.0093884,-2.1776383,-1.6637474,0.43507648
../data/train_data_mmini/8/Train_0038.jpg	8	-1.0,-1.0,-1.0,-1.0,1.0,1.0,1.0,-1.0	-2.3514602,-0.6666821,-2.8492382,-1.9337355,2.1074102,0.7664735,2.283537,-1.0298712
../data/train_data_mmini/8/Train_0039.jpg	8	-1.0,1.0,-1.0,-1.0,1.0,-1.0,1.0,1.0	-0.24202584,0.45629522,-1.1901549,-4.4979844,3.2873318,-1.2573888,1.8695484,4.2964067
../data/train_data_mmini/9/Train_0040.jpg	9	-1.0,1.0,-1.0,-1.0,1.0,-1.0,-1.0,1.0	-0.7360482,1.9535004,-2.0173647,-0.5841815,2.1556644,-1.5555116,-0.7774984,0.030187255
../data/train_data_mmini/9/Train_0041.jpg	9	1.0,1.0,1.0,1.0,1.0,-1.0,1.0,1.0	1.5469882,1.0428274,4.801389,0.8621349,1.0792968,-0.6450864,1.950511,1.2460027
../data/train_data_mmini/9/Train_0042.jpg	9	-1.0,1.0,-1.0,-1.0,1.0,-1.0,-1.0,-1.0	-0.44959766,2.6191115,-2.3583372,-0.58302754,1.9304698,-1.77582,-0.10610494,-3.019775
../data/train_data_mmini/9/Train_0043.jpg	9	-1.0,1.0,-1.0,-1.0,1.0,1.0,-1.0,1.0	-1.2652004,0.8478311,-0.52999467,-2.0139089,1.7933666,2.3082905,-0.67347056,1.65264
../data/train_data_mmini/9/Train_0044.jpg	9	1.0,-1.0,-1.0,-1.0,1.0,-1.0,1.0,-1.0	0.90715677,-2.2908225,-0.78896743,-3.2493796,2.66549,-1.1396457,1.5959926,-1.1868294
../data/train_data_mmini/10/Train_0045.jpg	10	-1.0,1.0,1.0,-1.0,1.0,-1.0,-1.0,1.0	-1.9150455,0.04298319,2.2693589,-5.305128,3.3701313,-1.1877882,-0.47576216,3.366403
../data/train_data_mmini/10/Train_0046.jpg	10	-1.0,1.0,1.0,-1.0,1.0,-1.0,-1.0,-1.0	-0.2405549,0.5751209,2.336683,-3.309198,3.1748927,-1.621764,-1.0414531,-1.5026366
../data/train_data_mmini/10/Train_0047.jpg	10	-1.0,1.0,1.0,-1.0,1.0,1.0,-1.0,1.0	-3.025033,0.70758057,0.11514676,-2.693047,5.269002,0.75499755,-2.9612005,0.6926391
../data/train_data_mmini/10/Train_0048.jpg	10	1.0,-1.0,-1.0,-1.0,1.0,-1.0,1.0,1.0	0.29973105,-1.6193875,-1.5190136,-4.720417,3.4664571,-0.8266948,1.6727123,1.7412728
../data/train_data_mmini/10/Train_0049.jpg	10	-1.0,1.0,-1.0,-1.0,1.0,-1.0,1.0,1.0	-1.7112839,1.437029,-0.27226233,-4.6909113,3.4290943,-2.04679,0.18992683,3.0850155
