../data/train_data_mmini/1/Train_0000.jpg	1	1.0,-1.0,1.0,1.0,-1.0,1.0,-1.0,1.0,1.0,1.0,-1.0,1.0	11.379528,-27.282778,13.159044,2.8733678,-4.158672,25.214344,-11.767006,24.394787,14.537972,0.95521176,-5.3065734,19.129536
../data/train_data_mmini/1/Train_0001.jpg	1	1.0,-1.0,1.0,1.0,-1.0,1.0,-1.0,1.0,1.0,-1.0,-1.0,1.0	9.405865,-22.750633,12.546511,2.3087418,-5.9528503,23.38464,-10.198052,20.011946,11.297314,-0.2477036,-6.4731817,15.21846
../data/train_data_mmini/1/Train_0002.jpg	1	1.0,-1.0,1.0,1.0,-1.0,1.0,-1.0,1.0,1.0,-1.0,-1.0,1.0	6.584502,-16.52634,8.353713,2.541307,-3.7715118,15.436595,-6.6955824,14.94311,8.851461,-0.12138893,-4.3415704,11.3545065
../data/train_data_mmini/1/Train_0003.jpg	1	1.0,-1.0,1.0,1.0,-1.0,1.0,-1.0,1.0,1.0,1.0,-1.0,1.0	13.229499,-30.35296,13.690575,3.243683,-4.4249916,27.462887,-13.063608,27.593409,16.413607,0.789094,-5.5301275,21.123512
../data/train_data_mmini/1/Train_0004.jpg	1	1.0,-1.0,1.0,1.0,-1.0,1.0,-1.0,1.0,1.0,-1.0,-1.0,1.0	11.788909,-26.781717,12.848379,2.851799,-5.356788,26.039766,-11.973001,24.701645,14.492207,-0.0133932065,-6.269202,18.080793
../data/train_data_mmini/2/Train_0005.jpg	2	1.0,-1.0,1.0,1.0,-1.0,1.0,-1.0,1.0,1.0,-1.0,-1.0,1.0	8.673305,-16.43087,6.7628107,3.1617417,-5.0923367,16.24118,-7.463119,16.220322,9.723413,-1.7521939,-4.518701,10.312542
../data/train_data_mmini/2/Train_0006.jpg	2	1.0,-1.0,1.0,-1.0,-1.0,1.0,-1.0,1.0,1.0,1.0,-1.0,1.0	5.0806713,-17.523058,11.752094,-0.35283685,-5.493124,19.733286,-7.596625,14.034141,6.9321876,0.35468733,-7.19356,11.223823
../data/train_data_mmini/2/Train_0007.jpg	2	1.0,-1.0,1.0,1.0,-1.0,1.0,-1.0,1.0,1.0,-1.0,-1.0,1.0	14.294382,-30.764975,13.561518,4.212362,-6.2654605,29.06424,-13.875869,29.862768,17.920265,-0.8985178,-6.106764,20.57362
../data/train_data_mmini/2/Train_0008.jpg	2	1.0,-1.0,1.0,1.0,-1.0,1.0,-1.0,1.0,1.0,1.0,-1.0,1.0	8.435476,-19.272959,8.515666,2.0612283,-3.852862,17.51123,-8.004142,17.457645,9.828431,0.069728,-4.8958178,12.989282
../data/train_data_mmini/2/Train_0009.jpg	2	1.0,-1.0,1.0,1.0,-1.0,1.0,-1.0,1.0,1.0,1.0,-1.0,1.0	10.962765,-25.450035,10.80047,2.1994545,-3.665584,22.13129,-10.276809,22.502766,12.941847,0.8656615,-5.0541472,17.486465
../data/train_data_mmini/3/Train_0010.jpg	3	1.0,-1.0,1.0,1.0,-1.0,1.0,-1.0,1.0,1.0,-1.0,-1.0,1.0	5.828977,-12.633,7.645607,2.1952584,-6.1241055,14.958303,-6.129357,12.375203,6.6926966,-2.0955324,-5.377022,7.401547
../data/train_data_mmini/3/Train_0011.jpg	3	1.0,-1.0,1.0,1.0,-1.0,1.0,-1.0,1.0,1.0,1.0,-1.0,1.0	3.381543,-10.567964,6.209798,0.12861031,-2.627136,10.553397,-3.868172,7.29575,3.5059721,0.6510405,-4.285756,7.371907
../data/train_data_mmini/3/Train_0012.jpg	3	1.0,-1.0,1.0,1.0,-1.0,1.0,-1.0,1.0,1.0,1.0,-1.0,1.0	8.144182,-19.692474,6.9230537,1.1275581,-1.8949906,15.961684,-6.794615,16.657982,8.88981,0.6422478,-4.5847297,13.302555
../data/train_data_mmini/3/Train_0013.jpg	3	1.0,-1.0,1.0,1.0,-1.0,1.0,-1.0,1.0,1.0,1.0,-1.0,1.0	5.874356,-15.200159,7.1051197,0.39263844,-2.647303,13.01865,-5.4502897,11.730596,6.0340457,1.2140118,-4.432956,10.513609
../data/train_data_mmini/3/Train_0014.jpg	3	1.0,-1.0,1.0,1.0,-1.0,1.0,-1.0,1.0,1.0,-1.0,-1.0,1.0	7.6624613,-19.463902,9.250522,1.5079114,-4.452855,18.384565,-7.729128,16.893536,8.965438,-0.28394517,-6.193612,12.782536
../data/train_data_mmini/4/Train_0015.jpg	4	1.0,-1.0,1.0,1.0,-1.0,1.0,-1.0,1.0,1.0,-1.0,-1.0,1.0	9.889471,-21.055428,7.6437645,3.1648371,-3.371199,18.28025,-8.678778,20.125591,11.980414,-0.24079706,-4.136932,14.25454
../data/train_data_mmini/4/Train_0016.jpg	4	1.0,-1.0,1.0,1.0,-1.0,1.0,-1.0,1.0,1.0,-1.0,-1.0,1.0	8.153151,-15.123527,4.289128,2.6141768,-2.4030008,12.198582,-5.8884535,14.220732,8.368192,-0.4180637,-2.606061,9.950945
../data/train_data_mmini/4/Train_0017.jpg	4	1.0,-1.0,1.0,-1.0,-1.0,1.0,-1.0,1.0,1.0,1.0,-1.0,1.0	3.9384358,-13.33284,8.158808,-0.6103062,-4.2939644,14.562687,-4.893147,9.582485,4.15488,0.33032998,-6.239257,8.32304
../data/train_data_mmini/4/Train_0018.jpg	4	1.0,-1.0,1.0,1.0,-1.0,1.0,-1.0,1.0,1.0,-1.0,-1.0,1.0	6.9063005,-13.991044,5.566315,1.8557196,-3.2621539,13.077098,-5.8112097,13.09016,7.592918,-0.963237,-4.0283833,9.161875
../data/train_data_mmini/4/Train_0019.jpg	4	1.0,-1.0,1.0,1.0,-1.0,1.0,-1.0,1.0,1.0,-1.0,-1.0,1.0	6.660598,-13.570326,9.704884,2.1574953,-8.251704,19.148403,-8.007372,13.62578,7.879754,-2.4154866,-6.538464,7.4504952
../data/train_data_mmini/5/Train_0020.jpg	5	1.0,-1.0,1.0,1.0,-1.0,1.0,-1.0,1.0,1.0,-1.0,-1.0,1.0	13.939911,-29.748987,13.482106,4.354201,-7.0746884,29.006433,-13.602798,28.869072,17.167812,-1.3313473,-6.740123,19.61304
../data/train_data_mmini/5/Train_0021.jpg	5	1.0,-1.0,1.0,1.0,-1.0,1.0,-1.0,1.0,1.0,1.0,-1.0,1.0	10.987137,-27.879358,11.961628,1.3849295,-2.6606083,22.930948,-10.648589,23.03694,12.987674,2.5158477,-5.4810863,20.106325
../data/train_data_mmini/5/Train_0022.jpg	5	1.0,-1.0,1.0,1.0,-1.0,1.0,-1.0,1.0,1.0,-1.0,-1.0,1.0	12.363335,-27.73057,12.495833,3.1620262,-5.3154864,25.862411,-12.163657,25.874256,15.243959,-0.19237094,-5.8354983,18.63389
../data/train_data_mmini/5/Train_0023.jpg	5	1.0,-1.0,1.0,1.0,-1.0,1.0,-1.0,1.0,1.0,1.0,-1.0,1.0	14.025981,-32.028038,13.884025,3.3676863,-4.8008003,28.591402,-13.705817,29.634026,17.575487,0.53647715,-5.72897,22.170177
../data/train_data_mmini/5/Train_0024.jpg	5	1.0,-1.0,1.0,1.0,-1.0,1.0,-1.0,1.0,1.0,-1.0,-1.0,1.0	12.086735,-26.37446,10.335925,3.1520686,-4.0690517,22.913784,-10.925797,24.778728,14.640143,-0.047574773,-4.9086514,17.917957
../data/train_data_mmini/6/Train_0025.jpg	6	1.0,-1.0,1.0,1.0,-1.0,1.0,-1.0,1.0,1.0,1.0,-1.0,1.0	6.2593007,-12.981263,5.4094067,0.64921767,-2.602175,11.099858,-4.746177,10.566969,5.5937653,0.3000197,-2.9126072,8.759844
../data/train_data_mmini/6/Train_0026.jpg	6	1.0,-1.0,1.0,1.0,-1.0,1.0,-1.0,1.0,1.0,-1.0,-1.0,1.0	10.043428,-21.472626,14.480446,2.7973251,-10.5251465,28.60294,-12.024052,20.924028,12.407208,-3.2434576,-9.320986,12.398772
../data/train_data_mmini/6/Train_0027.jpg	6	1.0,-1.0,1.0,1.0,-1.0,1.0,-1.0,1.0,1.0,-1.0,-1.0,1.0	5.776883,-12.677656,5.647849,0.868035,-2.9190316,11.661571,-5.188548,10.616485,5.5020623,-0.084818974,-3.5406728,8.417786
../data/train_data_mmini/6/Train_0028.jpg	6	1.0,-1.0,1.0,1.0,-1.0,1.0,-1.0,1.0,1.0,1.0,-1.0,1.0	6.7928467,-20.02564,10.693166,0.08079639,-2.991188,18.5532,-7.7887616,15.77568,8.187534,1.5964735,-5.7775855,14.168566
../data/train_data_mmini/6/Train_0029.jpg	6	1.0,-1.0,1.0,1.0,-1.0,1.0,-1.0,1.0,1.0,-1.0,-1.0,1.0	8.778396,-16.430473,4.2143383,3.1642456,-1.832188,12.211527,-6.4453874,15.954562,9.861212,-0.14315732,-1.5054209,11.042573
../data/train_data_mmini/7/Train_0030.jpg	7	1.0,-1.0,1.0,1.0,-1.0,1.0,-1.0,1.0,1.0,1.0,-1.0,1.0	11.205193,-25.676779,11.087585,2.3012033,-4.0145373,22.721537,-10.723412,22.416708,12.973717,0.8809189,-5.108645,17.641434
../data/train_data_mmini/7/Train_0031.jpg	7	1.0,-1.0,1.0,1.0,-1.0,1.0,-1.0,1.0,1.0,1.0,-1.0,1.0	9.504406,-22.45605,8.664226,1.3046621,-3.1494906,18.629223,-8.100825,18.661245,9.91325,0.7078833,-5.631322,15.212362
../data/train_data_mmini/7/Train_0032.jpg	7	1.0,-1.0,1.0,1.0,-1.0,1.0,-1.0,1.0,1.0,1.0,-1.0,1.0	4.7465944,-11.540079,4.9889874,0.24115792,-2.3112907,9.840369,-3.7416887,8.155785,3.7880306,0.9794361,-4.0430546,8.244571
../data/train_data_mmini/7/Train_0033.jpg	7	1.0,-1.0,1.0,1.0,-1.0,1.0,-1.0,1.0,1.0,-1.0,-1.0,1.0	9.344151,-21.814688,10.663415,3.0530498,-6.2264347,22.251234,-9.712394,20.878204,11.962674,-1.9462225,-6.685517,13.556547
../data/train_data_mmini/7/Train_0034.jpg	7	1.0,-1.0,1.0,1.0,-1.0,1.0,-1.0,1.0,1.0,-1.0,-1.0,1.0	3.6690989,-9.022985,4.500773,0.4371858,-2.6547005,8.35441,-3.127494,6.5173144,2.9442265,-0.14947048,-3.6888077,6.09804
../data/train_data_mmini/8/Train_0035.jpg	8	1.0,-1.0,1.0,1.0,-1.0,1.0,-1.0,1.0,1.0,1.0,-1.0,1.0	8.637166,-21.801058,7.6823125,0.78485113,-0.97284013,15.50918,-7.467185,17.886354,9.9202385,2.1625388,-3.2726026,15.671538
../data/train_data_mmini/8/Train_0036.jpg	8	1.0,-1.0,1.0,1.0,-1.0,1.0,-1.0,1.0,1.0,-1.0,-1.0,1.0	9.022465,-20.328377,7.359098,1.6984919,-3.004925,16.4158,-7.353792,18.066942,10.030255,-0.19774355,-4.5359044,13.453027
../data/train_data_mmini/8/Train_0037.jpg	8	1.0,-1.0,1.0,1.0,-1.0,1.0,-1.0,1.0,1.0,-1.0,-1.0,1.0	8.113266,-17.538998,7.943659,1.7817458,-4.7721047,17.18115,-7.183139,15.554266,8.255732,-0.868742,-5.6731834,11.046647
../data/train_data_mmini/8/Train_0038.jpg	8	1.0,-1.0,1.0,1.0,-1.0,1.0,-1.0,1.0,1.0,1.0,-1.0,1.0	9.695244,-22.162405,7.82807,1.9906561,-2.0641634,16.75547,-8.194845,18.936176,10.803399,1.3012403,-3.3880653,15.669347
../data/train_data_mmini/8/Train_0039.jpg	8	1.0,-1.0,1.0,1.0,-1.0,1.0,-1.0,1.0,1.0,1.0,-1.0,1.0	7.1294174,-18.54626,6.999563,0.72441393,-1.3122311,14.041813,-6.431263,15.236038,8.440689,1.539843,-3.3996868,13.063806
../data/train_data_mmini/9/Train_0040.jpg	9	1.0,-1.0,1.0,1.0,-1.0,1.0,-1.0,1.0,1.0,-1.0,-1.0,1.0	12.13871,-26.760864,11.253723,3.1614668,-5.1770487,24.521734,-11.380044,24.788496,14.433748,-0.29239413,-6.1068974,17.741358
../data/train_data_mmini/9/Train_0041.jpg	9	1.0,-1.0,1.0,1.0,-1.0,1.0,-1.0,1.0,1.0,-1.0,-1.0,1.0	8.027011,-16.891787,8.220392,2.4211085,-6.2531195,17.890724,-7.6089106,16.395126,8.944195,-2.22942,-6.026903,10.313279
../data/train_data_mmini/9/Train_0042.jpg	9	1.0,-1.0,1.0,1.0,-1.0,1.0,-1.0,1.0,1.0,-1.0,-1.0,1.0	10.731784,-20.505957,6.571757,3.3579595,-4.074427,17.959946,-8.425577,20.131779,11.72267,-1.1049968,-4.5676856,13.271219
../data/train_data_mmini/9/Train_0043.jpg	9	1.0,-1.0,1.0,1.0,-1.0,1.0,-1.0,1.0,1.0,1.0,-1.0,1.0	11.276929,-26.308796,11.828933,2.4147124,-4.843176,23.97662,-11.128754,24.008125,13.764427,0.31444362,-5.99846,17.791979
../data/train_data_mmini/9/Train_0044.jpg	9	1.0,-1.0,1.0,1.0,-1.0,1.0,-1.0,1.0,1.0,-1.0,-1.0,1.0	9.529491,-20.790253,8.391456,2.4656854,-3.8147504,18.52938,-8.418156,18.661123,10.679249,-0.045328572,-4.6176834,13.784625
../data/train_data_mmini/10/Train_0045.jpg	10	1.0,-1.0,1.0,1.0,-1.0,1.0,-1.0,1.0,1.0,1.0,-1.0,1.0	2.1207755,-4.6228123,1.2051535,0.14946085,-0.85772455,3.0089831,-0.93528265,2.6702368,1.0613961,0.16623992,-1.3820393,3.029639
../data/train_data_mmini/10/Train_0046.jpg	10	1.0,-1.0,1.0,1.0,-1.0,1.0,-1.0,1.0,1.0,-1.0,-1.0,1.0	2.6054797,-5.4865437,2.241601,0.901989,-1.5259142,4.7770505,-1.8023342,4.2623863,2.3063836,-0.000839269,-1.7494738,3.6986766
../data/train_data_mmini/10/Train_0047.jpg	10	1.0,-1.0,1.0,1.0,-1.0,1.0,-1.0,1.0,1.0,1.0,-1.0,1.0	6.5579867,-14.98885,5.3436193,0.84047097,-2.094884,11.389853,-4.756232,11.7199745,6.083183,0.8788483,-3.7755203,10.433585
../data/train_data_mmini/10/Train_0048.jpg	10	1.0,-1.0,1.0,1.0,-1.0,1.0,-1.0,1.0,1.0,-1.0,-1.0,1.0	6.645552,-11.896803,1.0729592,1.9396758,-0.16206753,6.2892303,-3.1777847,10.572759,5.9777546,-0.17896757,-0.80779904,7.807102
../data/train_data_mmini/10/Train_0049.jpg	10	1.0,-1.0,1.0,1.0,-1.0,1.0,-1.0,1.0,1.0,1.0,-1.0,1.0	7.0764565,-16.966227,6.740389,0.82240176,-2.1598153,13.585207,-6.296096,13.886233,7.5878396,1.0566349,-3.4597354,11.8403015
