../data/train_data_mmini/1/Train_0000.jpg	1	1.0,-1.0,1.0,-1.0,1.0,-1.0,-1.0,-1.0,1.0,-1.0,1.0,1.0,1.0,1.0,-1.0,1.0,1.0,-1.0,1.0,-1.0,1.0,-1.0,-1.0,-1.0	0.120967306,-0.098851524,0.42790714,-0.15370725,0.17668384,-0.17736457,-0.11054201,-0.15565835,1.8411732,-0.031133063,0.34485507,0.50602263,0.011350588,0.35609892,-0.33683762,0.58606625,0.1811825,-0.31785432,0.09844834,-0.2545464,0.27303547,-0.070575744,-0.51327586,-0.15842122
../data/train_data_mmini/1/Train_0001.jpg	1	-1.0,-1.0,1.0,-1.0,1.0,-1.0,-1.0,-1.0,1.0,1.0,1.0,1.0,1.0,1.0,-1.0,1.0,-1.0,-1.0,1.0,-1.0,1.0,1.0,-1.0,-1.0	-0.07022949,-0.3346163,0.71818036,-0.10986732,0.150996,-0.37572545,-0.21679008,-0.061490756,1.9660618,0.09752502,0.34036836,0.5152147,0.31100124,0.31967098,-0.1267482,0.41767588,-0.09573574,-0.08083837,0.030718839,-0.38778016,0.32608122,0.027318867,-0.6622405,-0.13965197
../data/train_data_mmini/1/Train_0002.jpg	1	1.0,-1.0,1.0,-1.0,1.0,1.0,-1.0,-1.0,1.0,-1.0,1.0,1.0,-1.0,1.0,-1.0,1.0,-1.0,-1.0,1.0,-1.0,1.0,-1.0,-1.0,-1.0	0.17107719,-0.41897613,0.60931474,-0.38547248,0.10425197,0.2407921,-0.35607076,-0.39007875,1.6311988,-0.08569697,0.34124914,0.56953394,-0.017035857,0.22373725,-0.17870587,0.5478052,-0.048064094,-0.06307557,0.20929962,-0.28756708,0.0003111144,-0.25412264,-0.46367735,-0.3059466
../data/train_data_mmini/1/Train_0003.jpg	1	1.0,-1.0,1.0,-1.0,1.0,-1.0,-1.0,-1.0,1.0,-1.0,1.0,1.0,-1.0,1.0,-1.0,1.0,1.0,-1.0,1.0,-1.0,1.0,1.0,-1.0,-1.0	0.06657497,-0.008165921,0.6280556,-0.1293227,0.26779443,-0.21765934,-0.1755355,-0.16793267,1.7136852,-0.019017585,0.42967454,0.469835,-0.073172495,0.3084031,-0.3900869,0.6924655,0.014910324,-0.20529512,0.07490886,-0.3814677,0.14295994,0.06483053,-0.64258564,-0.45270413
../data/train_data_mmini/1/Train_0004.jpg	1	-1.0,-1.0,1.0,-1.0,1.0,-1.0,-1.0,-1.0,1.0,-1.0,1.0,1.0,-1.0,1.0,-1.0,1.0,1.0,-1.0,1.0,-1.0,1.0,-1.0,-1.0,-1.0	-0.11589291,-0.004198308,0.48933843,-0.1466885,0.14603111,-0.18704276,-0.07969091,-0.24528728,1.9765567,-0.0120002255,0.5207804,0.512869,-0.2595029,0.37121427,-0.55056757,0.6977221,0.10147649,-0.33128965,0.19680701,-0.19623977,0.21049654,-0.09456442,-0.6053264,-0.20483412
../data/train_data_mmini/2/Train_0005.jpg	2	-1.0,-1.0,1.0,-1.0,1.0,-1.0,-1.0,-1.0,1.0,1.0,1.0,1.0,1.0,1.0,-1.0,1.0,1.0,-1.0,1.0,-1.0,1.0,-1.0,-1.0,1.0	-0.15391076,-0.055331763,0.48392597,-0.16640185,0.27253774,-0.11143898,-0.12949619,-0.080059595,1.858139,0.0705213,0.055166934,0.5524855,0.22901537,0.46656212,-0.20921144,0.5067045,0.055711847,-0.15026505,0.023180759,-0.06821997,0.17491584,-0.033665888,-0.2282091,0.11647638
../data/train_data_mmini/2/Train_0006.jpg	2	1.0,-1.0,1.0,1.0,1.0,1.0,1.0,-1.0,1.0,1.0,-1.0,1.0,1.0,1.0,-1.0,1.0,1.0,-1.0,-1.0,-1.0,1.0,-1.0,-1.0,1.0	0.35768017,-0.09249463,0.5454667,0.15068664,0.44572377,0.15512332,0.28439403,-0.3361694,1.923375,0.24841881,-0.078781,0.83264595,0.4041107,0.56525546,-0.15345934,0.5622754,0.7998961,-0.29914564,-0.18309969,-0.36203957,0.23872052,-0.46008632,-0.0376287,0.56373066
../data/train_data_mmini/2/Train_0007.jpg	2	1.0,-1.0,1.0,-1.0,1.0,-1.0,-1.0,-1.0,1.0,-1.0,1.0,1.0,-1.0,1.0,-1.0,1.0,-1.0,-1.0,1.0,-1.0,1.0,1.0,-1.0,-1.0	0.058288403,-0.009995068,0.71173805,-0.010935948,0.108210616,-0.36612973,-0.11131584,-0.28022763,1.7387884,-0.044389404,0.54664487,0.5162212,-0.3302182,0.37510097,-0.54984003,0.86676466,-0.050449345,-0.18976937,0.11453537,-0.38571703,0.14697006,0.13824895,-0.73445857,-0.40253282
../data/train_data_mmini/2/Train_0008.jpg	2	-1.0,-1.0,1.0,-1.0,-1.0,1.0,-1.0,-1.0,1.0,-1.0,1.0,1.0,1.0,1.0,-1.0,1.0,1.0,-1.0,-1.0,-1.0,1.0,-1.0,-1.0,1.0	-0.095496856,-0.10838156,0.518333,-0.011671529,-0.06358797,0.03492727,-0.15157536,-0.17415045,1.9588836,-0.33254734,0.27696267,0.5761482,0.16157962,0.34199893,-0.26773787,0.5005399,0.18733667,-0.21129726,-0.002204502,-0.19185847,0.13796845,-0.22214676,-0.49931422,0.04452225
../data/train_data_mmini/2/Train_0009.jpg	2	1.0,1.0,1.0,-1.0,1.0,-1.0,1.0,-1.0,1.0,1.0,1.0,1.0,1.0,1.0,-1.0,1.0,1.0,-1.0,1.0,-1.0,1.0,1.0,-1.0,1.0	3.6424724e-05,0.055885408,0.5148887,-0.3076049,0.31305343,-0.2116402,0.0949861,-0.1279621,2.1311688,0.1319129,0.25233543,0.46141428,0.10404913,0.45810068,-0.32558644,0.405667,0.30305955,-0.36566994,0.071603276,-0.13844514,0.5351355,0.031270802,-0.14452542,0.037106246
../data/train_data_mmini/3/Train_0010.jpg	3	-1.0,1.0,1.0,1.0,1.0,-1.0,-1.0,-1.0,1.0,-1.0,1.0,1.0,1.0,1.0,-1.0,1.0,1.0,1.0,1.0,-1.0,1.0,1.0,-1.0,-1.0	-0.264547,0.05564848,1.2175508,0.09643473,0.12814918,-0.15312418,-0.24552651,-0.26663122,1.682188,-0.042311795,0.36074182,0.9030717,0.0023005835,0.47469786,-0.31529555,0.60137606,0.18224305,0.10400131,0.09320038,-0.60248137,0.17653787,0.20892182,-0.5567695,-0.15241143
../data/train_data_mmini/3/Train_0011.jpg	3	-1.0,-1.0,1.0,-1.0,-1.0,-1.0,-1.0,-1.0,1.0,-1.0,1.0,1.0,-1.0,1.0,-1.0,1.0,-1.0,-1.0,1.0,-1.0,-1.0,1.0,-1.0,-1.0	-0.3561345,-0.58231455,0.723923,-0.533493,-0.18867728,-0.1849002,-0.59434354,-0.15622424,1.6083044,-0.39023745,0.60557204,0.34634843,-0.35112348,0.119452976,-0.41043198,0.60742337,-0.58308923,-0.12174617,0.24858822,-0.09648303,-0.08725824,0.011750587,-0.7774726,-0.58630925
../data/train_data_mmini/3/Train_0012.jpg	3	-1.0,-1.0,1.0,-1.0,1.0,-1.0,1.0,-1.0,1.0,1.0,1.0,-1.0,-1.0,1.0,-1.0,1.0,-1.0,-1.0,1.0,1.0,1.0,-1.0,-1.0,-1.0	-0.106001906,-0.3239872,0.082830176,-0.63514036,0.26604697,-0.30413485,0.055731975,-0.3137743,2.304063,0.21614058,0.54024005,-0.034125116,-0.21153705,0.11325855,-0.6013258,0.10217706,-0.0401336,-0.24043599,0.23796204,0.2900287,0.30217278,-0.09960911,-0.4482109,-0.28971046
../data/train_data_mmini/3/Train_0013.jpg	3	1.0,-1.0,1.0,1.0,1.0,1.0,1.0,-1.0,1.0,1.0,1.0,1.0,1.0,1.0,-1.0,1.0,1.0,-1.0,-1.0,-1.0,1.0,-1.0,-1.0,1.0	0.26254275,-0.23087287,0.77125084,0.20059414,0.3233755,0.098173596,0.14342454,-0.4139785,1.9897767,0.042165004,0.04637781,0.8064109,0.3228891,0.39999434,-0.15571988,0.7037587,0.6359032,-0.1769264,-0.07434314,-0.40186697,0.26096073,-0.416068,-0.4579722,0.31300175
../data/train_data_mmini/3/Train_0014.jpg	3	-1.0,-1.0,1.0,-1.0,1.0,-1.0,-1.0,-1.0,1.0,1.0,1.0,1.0,1.0,1.0,-1.0,1.0,1.0,-1.0,1.0,-1.0,1.0,-1.0,-1.0,1.0	-0.047154002,-0.07078477,0.6688134,-0.17407267,0.24107546,-0.14414613,-0.05905191,-0.15711404,1.9521725,0.08135959,0.14729303,0.6639499,0.062267773,0.5557525,-0.3114457,0.64641285,0.24995333,-0.27123535,0.117521055,-0.2269311,0.29732788,-0.24736519,-0.22598235,0.23314838
../data/train_data_mmini/4/Train_0015.jpg	4	1.0,-1.0,1.0,-1.0,1.0,1.0,1.0,-1.0,1.0,1.0,1.0,1.0,-1.0,1.0,-1.0,1.0,1.0,-1.0,1.0,-1.0,1.0,-1.0,-1.0,1.0	0.17648464,-0.14885175,0.384095,-0.23064147,0.23980904,0.024864532,0.04334732,-0.3820207,2.1880348,0.1833493,0.38507345,0.38269356,-0.035122313,0.23359627,-0.34559834,0.60825944,0.22706245,-0.32874897,0.16355875,-0.07936395,0.08265457,-0.38193837,-0.22017029,0.02907272
../data/train_data_mmini/4/Train_0016.jpg	4	1.0,-1.0,1.0,-1.0,1.0,-1.0,-1.0,1.0,1.0,-1.0,-1.0,1.0,1.0,1.0,1.0,1.0,1.0,-1.0,-1.0,-1.0,1.0,-1.0,-1.0,1.0	0.049806453,-0.40012866,0.54864633,-0.06461848,0.2139234,-0.062350668,-0.2648198,0.03471716,1.4431741,-0.18056564,-0.0210666,0.58800966,0.50784564,0.27167776,0.08786837,0.1485929,0.10177882,-0.004759835,-0.05945217,-0.2331413,0.32817706,-0.08045085,-0.46415854,0.028157903
../data/train_data_mmini/4/Train_0017.jpg	4	1.0,-1.0,1.0,-1.0,1.0,1.0,1.0,-1.0,1.0,1.0,-1.0,1.0,1.0,1.0,-1.0,1.0,1.0,-1.0,1.0,-1.0,1.0,-1.0,-1.0,1.0	0.31104755,-0.38621423,0.4608204,-0.18054627,0.4708836,0.06951059,0.15015301,-0.29493055,1.8905225,0.15204476,-0.04123568,0.5329132,0.23322915,0.46231353,-0.10731854,0.23334049,0.52278394,-0.16123663,0.06985817,-0.076361224,0.23878,-0.35693407,-0.15075547,0.16094097
../data/train_data_mmini/4/Train_0018.jpg	4	-1.0,-1.0,1.0,-1.0,1.0,1.0,-1.0,-1.0,1.0,1.0,1.0,1.0,1.0,1.0,-1.0,1.0,1.0,-1.0,-1.0,-1.0,1.0,-1.0,1.0,1.0	-0.1043871,-0.06496104,0.43849695,-0.15535165,0.3488536,0.3411815,-0.15711688,-0.11078162,1.8975793,0.38670748,0.117622085,0.71454114,0.35279518,0.4678771,-0.2661534,0.33622772,0.20457463,-0.10832487,-0.039452992,-0.11559011,0.32033604,-0.026075428,0.09510293,0.41813496
../data/train_data_mmini/4/Train_0019.jpg	4	1.0,-1.0,1.0,-1.0,1.0,-1.0,1.0,-1.0,1.0,1.0,1.0,1.0,1.0,1.0,-1.0,1.0,1.0,-1.0,1.0,-1.0,-1.0,-1.0,-1.0,1.0	0.15705249,-0.17467424,0.8895943,-0.016712891,0.22868156,-0.11574917,0.08968299,-0.52134156,1.7030233,0.1834602,0.11373759,0.74456453,0.008420759,0.42455426,-0.2750863,0.775524,0.30901313,-0.11098643,0.029602384,-0.5086515,-0.092568494,-0.3908701,-0.34085685,0.100853294
../data/train_data_mmini/5/Train_0020.jpg	5	-1.0,-1.0,1.0,-1.0,1.0,-1.0,-1.0,-1.0,1.0,-1.0,1.0,1.0,-1.0,1.0,-1.0,1.0,-1.0,-1.0,1.0,-1.0,1.0,1.0,-1.0,-1.0	-0.038150184,-0.033647355,0.75089157,-0.1736996,0.15292287,-0.3407555,-0.11219216,-0.20219903,1.7492557,-0.030828066,0.35683048,0.5540377,-0.107700996,0.35866666,-0.38937324,0.6847144,-0.08902847,-0.11329232,0.14888383,-0.3894205,0.20779707,0.10062809,-0.6023387,-0.39679408
../data/train_data_mmini/5/Train_0021.jpg	5	1.0,-1.0,1.0,-1.0,1.0,1.0,-1.0,-1.0,1.0,1.0,1.0,1.0,-1.0,1.0,-1.0,1.0,1.0,-1.0,1.0,-1.0,1.0,-1.0,-1.0,-1.0	0.03240732,-0.08504953,0.46761444,-0.2456805,0.19754887,0.0743747,-0.06736506,-0.24955039,2.2827926,0.0146833435,0.49040768,0.3990887,-0.18105523,0.325043,-0.49980646,0.8417048,0.20264356,-0.44469252,0.13980836,-0.15008533,0.025072463,-0.3092433,-0.3395572,-0.043462012
../data/train_data_mmini/5/Train_0022.jpg	5	-1.0,1.0,1.0,-1.0,1.0,-1.0,1.0,-1.0,1.0,-1.0,1.0,1.0,-1.0,1.0,-1.0,1.0,1.0,-1.0,1.0,-1.0,1.0,1.0,-1.0,-1.0	-0.021600777,0.020261887,0.7203336,-0.0016062717,0.12171509,-0.41955516,0.064863704,-0.301969,1.8407185,-0.10442688,0.4019102,0.45390314,-0.13917232,0.45753568,-0.4281858,0.6240123,0.17823218,-0.15552531,0.082357995,-0.26328102,0.27728978,0.11149466,-0.5442227,-0.18919215
../data/train_data_mmini/5/Train_0023.jpg	5	-1.0,-1.0,1.0,-1.0,1.0,-1.0,-1.0,-1.0,1.0,1.0,1.0,1.0,-1.0,1.0,-1.0,1.0,1.0,-1.0,1.0,-1.0,1.0,1.0,-1.0,-1.0	-0.034339122,-0.0043615056,0.66940504,-0.1670637,0.19898215,-0.154264,-0.11070957,-0.23295711,1.8650507,0.067854874,0.5198739,0.48468268,-0.16680075,0.358859,-0.5006278,0.6996293,0.004140986,-0.23437577,0.17109527,-0.37994426,0.17616758,0.023271965,-0.51579446,-0.3282685
../data/train_data_mmini/5/Train_0024.jpg	5	1.0,1.0,1.0,-1.0,1.0,-1.0,-1.0,-1.0,1.0,1.0,1.0,1.0,-1.0,1.0,-1.0,1.0,-1.0,-1.0,1.0,-1.0,1.0,1.0,-1.0,-1.0	0.057595827,0.07299466,0.4789844,-0.3312651,0.29473904,-0.10001805,-0.08902884,-0.21819876,1.9505917,0.07528732,0.6160119,0.26543018,-0.41512716,0.25623927,-0.6741861,0.9540191,-0.119599044,-0.27426872,0.22233647,-0.2518009,0.084989704,0.02406952,-0.63675064,-0.42870104
../data/train_data_mmini/6/Train_0025.jpg	6	1.0,-1.0,1.0,-1.0,1.0,-1.0,-1.0,-1.0,1.0,1.0,1.0,1.0,-1.0,1.0,-1.0,1.0,-1.0,-1.0,-1.0,-1.0,-1.0,1.0,-1.0,-1.0	0.20251465,-0.42933443,0.9754954,-0.18610783,0.35092837,-0.4767252,-0.2289231,-0.4522667,1.3632137,0.02050566,0.23965734,0.68368477,-0.5050176,0.34629744,-0.36812612,0.9052508,-0.098576464,-0.021810787,-0.018734688,-0.4317239,-0.05232843,0.10776834,-0.8945158,-0.45925507
../data/train_data_mmini/6/Train_0026.jpg	6	1.0,-1.0,1.0,1.0,1.0,1.0,-1.0,-1.0,1.0,1.0,1.0,1.0,1.0,1.0,-1.0,1.0,1.0,-1.0,1.0,-1.0,1.0,1.0,-1.0,1.0	0.15215263,-0.11954298,0.76239425,0.10489942,0.52039915,0.0062332232,-0.0542287,-0.051080983,1.9027855,0.35760778,0.0023222023,0.81459165,0.3865217,0.56335795,-0.2019988,0.53379786,0.40405554,-0.2024909,0.04744128,-0.541945,0.48737746,0.049715027,-0.35406196,0.13014354
../data/train_data_mmini/6/Train_0027.jpg	6	-1.0,-1.0,1.0,-1.0,1.0,-1.0,-1.0,-1.0,1.0,1.0,1.0,1.0,1.0,1.0,-1.0,1.0,-1.0,-1.0,1.0,-1.0,1.0,1.0,-1.0,-1.0	-0.40544856,-0.17186972,0.9922463,-0.26818466,0.17664844,-0.45357916,-0.23403679,-0.16777469,1.7736776,0.13999677,0.16382915,0.6952693,0.14518647,0.3429203,-0.2627937,0.28874347,-0.13183162,-0.00548427,0.18509273,-0.3733652,0.4377696,0.23386657,-0.3422178,-0.15842427
../data/train_data_mmini/6/Train_0028.jpg	6	-1.0,-1.0,1.0,-1.0,1.0,1.0,-1.0,-1.0,1.0,-1.0,1.0,1.0,1.0,1.0,-1.0,1.0,-1.0,-1.0,1.0,-1.0,1.0,-1.0,-1.0,-1.0	-0.039262168,-0.28607887,0.6875227,-0.14771353,0.05726036,0.003083833,-0.19389862,-0.18348576,1.7540739,-0.05914458,0.2687283,0.79123324,0.04557386,0.43372303,-0.23576003,0.6419859,-0.05701137,-0.18019776,0.09686396,-0.27674314,0.22802328,-0.15815961,-0.5277797,-0.07663612
../data/train_data_mmini/6/Train_0029.jpg	6	1.0,-1.0,1.0,-1.0,1.0,-1.0,-1.0,-1.0,1.0,-1.0,1.0,1.0,-1.0,1.0,-1.0,1.0,1.0,-1.0,1.0,-1.0,1.0,1.0,-1.0,-1.0	0.0092881685,-0.107829474,0.79129374,-0.12498383,0.2671892,-0.16934614,-0.06456486,-0.61113775,1.6373724,-0.062886395,0.3973847,0.72597605,-0.2696773,0.3561243,-0.4188714,0.58958596,0.22866239,-0.058428932,0.09625851,-0.45922148,0.0063263853,0.037329182,-0.6108204,-0.36756465
../data/train_data_mmini/7/Train_0030.jpg	7	1.0,-1.0,1.0,-1.0,1.0,-1.0,1.0,-1.0,1.0,1.0,1.0,1.0,1.0,1.0,-1.0,1.0,1.0,-1.0,-1.0,-1.0,1.0,-1.0,-1.0,1.0	0.097587265,-0.15316477,0.40368688,-0.15907995,0.2767038,-0.28122288,0.0725904,-0.15345497,1.971334,0.2163139,0.13258559,0.38536653,0.24374767,0.32769322,-0.27323678,0.32328585,0.12977067,-0.34437713,-0.04998111,-0.18325073,0.37793645,-0.07683006,-0.20475072,0.021598669
../data/train_data_mmini/7/Train_0031.jpg	7	1.0,-1.0,1.0,-1.0,1.0,-1.0,1.0,-1.0,1.0,1.0,1.0,1.0,1.0,1.0,-1.0,1.0,1.0,-1.0,1.0,-1.0,1.0,-1.0,-1.0,1.0	0.16107747,-0.09001937,0.63919634,-0.02855842,0.44500637,-0.13109152,0.11491435,-0.3515636,2.0322084,0.08640554,0.063891806,0.7502676,0.1992586,0.6368154,-0.25434598,0.47935227,0.54386365,-0.21099791,0.14632529,-0.18954816,0.5520235,-0.034532174,-0.47595507,0.17323852
../data/train_data_mmini/7/Train_0032.jpg	7	-1.0,-1.0,1.0,-1.0,-1.0,-1.0,-1.0,-1.0,1.0,-1.0,1.0,1.0,-1.0,1.0,-1.0,1.0,-1.0,-1.0,1.0,1.0,1.0,-1.0,-1.0,-1.0	-0.21280172,-0.19325325,0.46523264,-0.41145283,-0.017203247,-0.2314135,-0.10075603,-0.26591268,2.2407894,-0.00439509,0.438789,0.30015177,-0.15466137,0.28502917,-0.50500923,0.47610816,-0.07583083,-0.28001958,0.22573432,0.099813916,0.2359155,-0.086578146,-0.37741154,-0.10249888
../data/train_data_mmini/7/Train_0033.jpg	7	1.0,1.0,1.0,-1.0,1.0,-1.0,1.0,-1.0,1.0,1.0,1.0,1.0,-1.0,1.0,-1.0,1.0,1.0,-1.0,1.0,-1.0,1.0,1.0,-1.0,-1.0	0.028346991,0.090183206,0.48122075,-0.33113778,0.31787598,-0.27464312,0.028053368,-0.025753837,1.8281444,0.16169517,0.22057498,0.42257172,-0.0032584884,0.44196063,-0.41145882,0.5216784,0.023256658,-0.23619804,0.17500563,-0.22389284,0.5576099,0.26272807,-0.40874463,-0.21349329
../data/train_data_mmini/7/Train_0034.jpg	7	-1.0,-1.0,1.0,-1.0,-1.0,-1.0,-1.0,-1.0,1.0,-1.0,1.0,1.0,-1.0,1.0,-1.0,1.0,-1.0,1.0,1.0,-1.0,-1.0,1.0,-1.0,-1.0	-0.40099627,-0.32105926,1.1334546,-0.21541311,-0.35585055,-0.3221465,-0.68538594,-0.32105225,1.4161308,-0.35467097,0.9090337,0.5682102,-0.751537,0.30564362,-0.6228776,1.2291076,-0.78205615,0.0958775,0.1575995,-0.33881897,-0.23217916,0.24728137,-1.1723077,-0.8878747
../data/train_data_mmini/8/Train_0035.jpg	8	-1.0,1.0,1.0,-1.0,1.0,-1.0,1.0,-1.0,1.0,1.0,1.0,1.0,-1.0,1.0,-1.0,1.0,1.0,-1.0,1.0,-1.0,1.0,-1.0,-1.0,-1.0	-0.054370366,0.059632216,0.5334348,-0.24441849,0.1254831,-0.28728092,0.062455736,-0.23558174,2.161083,0.060366593,0.4106503,0.3327573,-0.047155373,0.4175416,-0.38976982,0.647274,0.07308005,-0.34073687,0.10462489,-0.07284773,0.30512413,-0.0043435385,-0.35509944,-0.015160516
../data/train_data_mmini/8/Train_0036.jpg	8	1.0,-1.0,1.0,-1.0,1.0,-1.0,1.0,-1.0,1.0,1.0,1.0,1.0,1.0,1.0,-1.0,1.0,1.0,-1.0,1.0,-1.0,1.0,-1.0,-1.0,1.0	0.26429635,-0.05324113,0.5909628,-0.12530248,0.39571384,-0.19646351,0.120194696,-0.3647156,1.8782716,0.31402636,0.02272079,0.70015395,0.11502051,0.68979126,-0.27502805,0.5067779,0.35240346,-0.21402486,0.12410813,-0.17029205,0.5018264,-0.033958346,-0.1404735,0.16528113
../data/train_data_mmini/8/Train_0037.jpg	8	1.0,-1.0,1.0,-1.0,1.0,-1.0,-1.0,-1.0,1.0,1.0,1.0,1.0,-1.0,1.0,-1.0,1.0,1.0,-1.0,1.0,-1.0,1.0,-1.0,-1.0,-1.0	0.09576348,-0.19626224,0.61081535,-0.048823044,0.23830783,-0.17880957,-0.041928984,-0.11813975,1.8247337,0.029391669,0.2569942,0.6175165,-0.033145063,0.50469977,-0.28768662,0.6598755,0.0633024,-0.24037778,0.11538281,-0.27467644,0.25379258,-0.04309748,-0.56595206,-0.19640069
../data/train_data_mmini/8/Train_0038.jpg	8	-1.0,-1.0,1.0,-1.0,1.0,-1.0,-1.0,-1.0,1.0,-1.0,1.0,1.0,1.0,1.0,-1.0,1.0,1.0,-1.0,1.0,-1.0,1.0,-1.0,-1.0,-1.0	-0.013794714,-0.047862645,0.8345352,-0.0096482495,0.07797813,-0.25870955,-0.06341005,-0.32824033,1.9161153,-0.09304953,0.34977812,0.51565915,0.059767976,0.40426254,-0.35074997,0.599017,0.12925602,-0.13595158,0.16322386,-0.41759634,0.25561225,-0.011575281,-0.5571072,-0.20109725
../data/train_data_mmini/8/Train_0039.jpg	8	-1.0,1.0,1.0,-1.0,1.0,-1.0,1.0,-1.0,1.0,1.0,1.0,1.0,-1.0,1.0,-1.0,1.0,1.0,-1.0,1.0,-1.0,1.0,-1.0,-1.0,-1.0	-0.061808996,0.07770098,0.49538508,-0.29059637,0.2018893,-0.21804418,0.11048394,-0.30847952,2.1047907,0.11751705,0.45920837,0.3415069,-0.09545144,0.40361565,-0.47991014,0.5816312,0.11499946,-0.29854712,0.09978444,-0.014426731,0.2749602,-0.0036332298,-0.19618128,-0.011925936
../data/train_data_mmini/9/Train_0040.jpg	9	1.0,-1.0,1.0,-1.0,1.0,-1.0,-1.0,-1.0,1.0,-1.0,1.0,1.0,-1.0,1.0,-1.0,1.0,1.0,-1.0,1.0,-1.0,1.0,-1.0,-1.0,-1.0	0.039491124,-0.112422876,0.5359722,-0.19614838,0.15830499,-0.110775046,-0.068557955,-0.24188511,2.1193979,-0.042265527,0.48765686,0.39548936,-0.20251755,0.34229332,-0.5024288,0.7409227,0.12151173,-0.34196717,0.075788535,-0.14464414,0.1204497,-0.1509296,-0.5091087,-0.21053186
../data/train_data_mmini/9/Train_0041.jpg	9	-1.0,-1.0,1.0,-1.0,1.0,-1.0,-1.0,-1.0,1.0,-1.0,1.0,1.0,1.0,1.0,-1.0,1.0,-1.0,1.0,1.0,-1.0,1.0,1.0,-1.0,-1.0	-0.34817538,-0.2771006,0.907683,-0.39729574,0.08654886,-0.56236255,-0.26139662,-0.03494377,1.7618027,-0.058210187,0.10062132,0.55273205,0.111293286,0.41752216,-0.26987332,0.39137515,-0.34684914,0.027926994,0.18468317,-0.28045723,0.49839103,0.28718817,-0.631184,-0.15457357
../data/train_data_mmini/9/Train_0042.jpg	9	1.0,-1.0,1.0,-1.0,1.0,1.0,-1.0,-1.0,1.0,-1.0,1.0,1.0,-1.0,1.0,-1.0,1.0,1.0,-1.0,1.0,-1.0,-1.0,-1.0,-1.0,-1.0	0.009639866,-0.24327746,0.62698215,-0.25684905,0.18688452,0.12345906,-0.21176308,-0.40392947,2.046985,-0.04451231,0.63104916,0.5021671,-0.32942033,0.17244294,-0.46891353,0.80916536,0.0017630884,-0.16886416,0.18117234,-0.17103294,-0.12516858,-0.23078164,-0.6588617,-0.3209881
../data/train_data_mmini/9/Train_0043.jpg	9	1.0,-1.0,1.0,-1.0,1.0,-1.0,1.0,-1.0,1.0,1.0,1.0,1.0,-1.0,1.0,-1.0,1.0,1.0,-1.0,1.0,-1.0,1.0,-1.0,-1.0,1.0	0.08226312,-0.013001467,0.65444106,-0.020372199,0.26891547,-0.04719668,0.13032815,-0.31806338,2.094163,0.12483316,0.29758847,0.68318486,-0.0026326024,0.52142173,-0.36893103,0.73924017,0.36166543,-0.3288742,0.052863605,-0.23059782,0.2796661,-0.1817591,-0.21945737,0.08406034
../data/train_data_mmini/9/Train_0044.jpg	9	1.0,-1.0,1.0,-1.0,1.0,-1.0,1.0,-1.0,1.0,1.0,1.0,1.0,-1.0,1.0,-1.0,1.0,1.0,-1.0,1.0,-1.0,1.0,-1.0,-1.0,-1.0	0.14179349,-0.047740098,0.5298519,-0.20883869,0.32182357,-0.07446512,0.054076068,-0.48354828,1.9614614,0.16546553,0.4419264,0.552033,-0.091216534,0.29615876,-0.31011173,0.614056,0.25694078,-0.1842936,0.06609399,-0.25537783,0.06291864,-0.121969014,-0.3634001,-0.24208757
../data/train_data_mmini/10/Train_0045.jpg	10	-1.0,1.0,1.0,-1.0,-1.0,-1.0,1.0,-1.0,1.0,1.0,1.0,1.0,-1.0,1.0,-1.0,1.0,1.0,-1.0,1.0,1.0,1.0,1.0,-1.0,1.0	-0.22658992,0.23768558,0.4761222,-0.12691678,-0.0027641112,-0.4083493,0.104196765,-0.30006805,1.8271589,0.122170605,0.33117682,0.3166055,-0.043854564,0.32756078,-0.5066106,0.34967342,0.24249476,-0.22604364,0.17761858,0.07062532,0.47062156,0.09347653,-0.10015398,0.07142492
../data/train_data_mmini/10/Train_0046.jpg	10	-1.0,-1.0,1.0,-1.0,1.0,1.0,-1.0,-1.0,1.0,-1.0,1.0,1.0,-1.0,1.0,-1.0,1.0,1.0,1.0,1.0,-1.0,-1.0,-1.0,-1.0,-1.0	-0.116275735,-0.22054303,0.6209576,-0.19662674,0.031416994,0.09661069,-0.35196483,-0.21061821,1.3855236,-0.25544572,0.44292447,0.46512678,-0.033982776,0.120468765,-0.04425814,0.57004404,0.025896167,0.0024791788,0.086986534,-0.19848952,-0.25725418,-0.13815221,-0.33194202,-0.38805836
../data/train_data_mmini/10/Train_0047.jpg	10	1.0,1.0,1.0,-1.0,1.0,1.0,-1.0,-1.0,1.0,1.0,1.0,1.0,-1.0,1.0,-1.0,1.0,1.0,-1.0,1.0,-1.0,1.0,-1.0,-1.0,-1.0	0.004222668,0.003331636,0.6583275,-0.04598783,0.21971506,0.00072673743,-0.03781817,-0.44272387,1.9740804,0.048446156,0.3552613,0.7329386,-0.15996273,0.49917525,-0.4650759,0.7667035,0.32456523,-0.22525099,0.25915956,-0.20607617,0.06988797,-0.24338838,-0.33340415,-0.07386653
../data/train_data_mmini/10/Train_0048.jpg	10	-1.0,1.0,1.0,-1.0,1.0,-1.0,-1.0,-1.0,1.0,-1.0,1.0,1.0,-1.0,1.0,-1.0,1.0,-1.0,-1.0,1.0,-1.0,-1.0,1.0,-1.0,-1.0	-0.050079606,0.02515835,0.64439166,-0.2750395,0.058040556,-0.570031,-0.08709904,-0.5024185,1.7398458,-0.10829344,0.651136,0.27001405,-0.44315493,0.23890957,-0.4911581,0.67107975,-0.1221862,-0.053494666,0.098597445,-0.10576367,-0.078360625,0.089700006,-0.5564942,-0.41760412
../data/train_data_mmini/10/Train_0049.jpg	10	-1.0,-1.0,1.0,-1.0,1.0,-1.0,-1.0,-1.0,1.0,1.0,1.0,1.0,-1.0,1.0,-1.0,1.0,1.0,-1.0,1.0,-1.0,1.0,-1.0,-1.0,-1.0	-0.050630383,-0.025647338,0.5981641,-0.19517492,0.20249748,-0.10573784,-0.03393761,-0.2661144,1.9573977,0.010185026,0.43630254,0.42675826,-0.17750882,0.36293092,-0.3546122,0.6420755,0.1289793,-0.2708296,0.11449199,-0.11929471,0.1700135,-0.054653026,-0.3038125,-0.12550196
