../data/train_data_mmini/1/Train_0000.jpg	1	1.0,1.0,1.0,1.0,-1.0,-1.0,1.0,-1.0,-1.0,1.0,1.0,-1.0,1.0,-1.0,1.0,-1.0,1.0,-1.0,1.0,-1.0,1.0,-1.0,-1.0,1.0	2.4315693,0.07640433,15.935361,1.9160163,-6.136216,-4.8146963,2.8986597,-4.648964,-5.432582,4.1798835,2.639505,-7.5867467,1.0154357,-4.9455295,0.79810214,-2.2533627,14.00992,-8.640788,1.1624559,-2.9035754,0.35671645,-0.49523267,-1.9638768,3.810116
../data/train_data_mmini/1/Train_0001.jpg	1	1.0,1.0,1.0,1.0,-1.0,-1.0,1.0,-1.0,-1.0,1.0,1.0,-1.0,1.0,-1.0,1.0,-1.0,1.0,-1.0,1.0,-1.0,1.0,1.0,-1.0,1.0	4.0491333,0.37524655,18.731106,0.48792553,-7.96728,-6.0624194,2.163568,-3.6853986,-2.6081784,3.502644,3.731168,-7.3588133,1.445626,-5.535025,0.9084079,-2.4590633,15.316522,-8.851768,1.542479,-0.9162435,1.559816,5.3521667,-1.879248,2.2183614
../data/train_data_mmini/1/Train_0002.jpg	1	1.0,1.0,1.0,-1.0,-1.0,-1.0,1.0,-1.0,-1.0,1.0,1.0,-1.0,-1.0,-1.0,1.0,-1.0,1.0,-1.0,-1.0,-1.0,1.0,1.0,-1.0,1.0	6.06691,1.5587183,10.823326,-1.2378949,-6.2674885,-3.3179312,4.389753,-6.4947457,-3.4366753,1.4601527,4.4365025,-2.8149362,-0.22291586,-6.430618,0.25954372,-2.1212695,6.6311917,-6.981149,-1.1124682,-1.1180923,1.7818106,5.7241087,-0.75734425,1.6400458
../data/train_data_mmini/1/Train_0003.jpg	1	-1.0,-1.0,1.0,1.0,-1.0,-1.0,1.0,-1.0,-1.0,1.0,1.0,-1.0,1.0,-1.0,1.0,-1.0,1.0,-1.0,1.0,-1.0,-1.0,-1.0,-1.0,1.0	-0.05633475,-0.4515849,19.45222,3.8365774,-5.9522147,-5.9899178,0.5025978,-4.233941,-6.764583,4.4457884,1.1501106,-9.1516075,2.4103494,-4.068883,1.3768237,-2.0050025,17.438692,-10.160611,2.720789,-1.6668757,-1.16591,-2.0323122,-2.030749,4.0682735
../data/train_data_mmini/1/Train_0004.jpg	1	1.0,-1.0,1.0,1.0,-1.0,-1.0,1.0,-1.0,-1.0,1.0,1.0,-1.0,1.0,-1.0,1.0,-1.0,1.0,-1.0,1.0,-1.0,1.0,-1.0,-1.0,1.0	2.6363044,-0.002842548,17.033436,1.4164121,-6.818766,-5.2167306,3.2305973,-5.290235,-5.554626,4.805851,3.2909155,-7.9895477,1.105854,-4.9448457,0.8012011,-2.7050948,15.01546,-8.667696,0.7244365,-3.0181208,1.3453153,-0.1996402,-1.7981756,3.5892148
../data/train_data_mmini/2/Train_0005.jpg	2	1.0,1.0,1.0,1.0,-1.0,-1.0,1.0,-1.0,-1.0,1.0,1.0,-1.0,1.0,-1.0,1.0,-1.0,1.0,-1.0,-1.0,1.0,1.0,1.0,-1.0,1.0	1.3048561,2.5505648,17.174076,0.08303014,-7.623187,-7.785133,0.8081486,-9.70945,-4.8847055,1.2640295,4.1195455,-2.6266863,0.7226468,-6.5150166,2.5874786,-1.3171865,12.445485,-7.3165283,-1.0609747,0.84836435,2.6129484,8.786962,-0.933344,0.7763273
../data/train_data_mmini/2/Train_0006.jpg	2	1.0,1.0,1.0,1.0,-1.0,-1.0,1.0,-1.0,-1.0,1.0,1.0,-1.0,-1.0,-1.0,1.0,-1.0,1.0,-1.0,-1.0,1.0,1.0,1.0,1.0,1.0	1.2760911,3.1284955,14.426856,0.08689586,-6.497363,-6.5058064,2.2692773,-10.886556,-5.617785,2.0315878,4.3627486,-1.4823198,-0.39034227,-5.7614937,1.3215325,-2.1294975,9.306703,-6.7674494,-1.6055474,0.4289825,3.023033,5.442274,0.4147072,1.5962731
../data/train_data_mmini/2/Train_0007.jpg	2	1.0,-1.0,1.0,1.0,-1.0,-1.0,1.0,-1.0,-1.0,1.0,1.0,-1.0,1.0,-1.0,1.0,-1.0,1.0,-1.0,1.0,-1.0,-1.0,-1.0,-1.0,1.0	1.7448449,-0.93579125,18.272165,3.043739,-6.121726,-4.746026,2.6331367,-2.8816447,-6.4441066,5.8239694,1.999673,-9.691701,1.3340187,-3.0223703,0.11501498,-2.8382976,16.27305,-9.612936,2.2627897,-2.5424533,-0.064249255,-2.5258176,-1.742735,4.042616
../data/train_data_mmini/2/Train_0008.jpg	2	1.0,1.0,1.0,1.0,-1.0,-1.0,1.0,-1.0,-1.0,1.0,1.0,-1.0,-1.0,-1.0,1.0,-1.0,1.0,-1.0,-1.0,-1.0,1.0,1.0,1.0,1.0	3.0387468,1.78278,12.327068,0.014707577,-6.123513,-4.3804164,4.983341,-9.472228,-5.7170467,3.6920907,4.227983,-3.1092432,-1.7522242,-5.942302,0.8468548,-2.9661646,8.993508,-6.843411,-1.5461526,-4.548439,3.5552208,0.18819723,0.83705556,3.0887551
../data/train_data_mmini/2/Train_0009.jpg	2	1.0,1.0,1.0,1.0,-1.0,-1.0,1.0,-1.0,-1.0,1.0,1.0,-1.0,1.0,-1.0,1.0,-1.0,1.0,-1.0,-1.0,1.0,1.0,1.0,-1.0,1.0	0.69758534,2.4924798,19.217451,0.057012815,-8.706398,-8.453993,1.1227084,-10.289867,-5.588262,1.6273998,3.9106839,-4.0600243,1.051583,-6.473335,2.5364604,-1.7455117,14.627415,-7.863913,-0.24856931,0.033209614,2.9966633,8.460533,-1.3430241,0.93253046
../data/train_data_mmini/3/Train_0010.jpg	3	1.0,1.0,1.0,-1.0,-1.0,-1.0,1.0,-1.0,-1.0,1.0,1.0,-1.0,1.0,-1.0,1.0,-1.0,1.0,-1.0,-1.0,1.0,1.0,1.0,-1.0,1.0	2.133741,2.1760013,16.311768,-1.122816,-6.9848013,-6.752377,1.3789788,-8.689856,-3.1805792,2.3538778,4.233213,-3.7519267,0.962391,-5.5328975,1.3176484,-2.7236283,12.1189995,-6.7352724,-0.5688267,0.79418564,3.4550257,7.433291,-0.5127692,0.9434869
../data/train_data_mmini/3/Train_0011.jpg	3	1.0,1.0,1.0,-1.0,-1.0,-1.0,1.0,-1.0,-1.0,1.0,1.0,-1.0,-1.0,-1.0,1.0,-1.0,1.0,-1.0,-1.0,-1.0,1.0,1.0,-1.0,-1.0	7.3670754,2.2306206,9.2665615,-4.10503,-6.6056905,-3.5281448,4.68191,-6.001808,-0.05676583,1.1464229,5.191746,-2.2298236,-0.74818385,-7.2685328,0.41657105,-2.7492476,5.221446,-4.888167,-1.7755691,-1.1461945,3.9975266,8.427649,-0.80974317,-0.3503883
../data/train_data_mmini/3/Train_0012.jpg	3	1.0,1.0,1.0,-1.0,-1.0,-1.0,-1.0,-1.0,-1.0,-1.0,1.0,-1.0,1.0,-1.0,1.0,-1.0,1.0,-1.0,-1.0,1.0,1.0,1.0,-1.0,-1.0	2.8021019,3.6416943,12.939984,-2.4801526,-7.585588,-7.42856,-0.2586005,-9.054448,-1.7679634,-1.2800498,4.679114,-0.039377436,0.79887354,-7.3627214,2.6143339,-0.68782306,8.740613,-4.5164523,-2.0935311,1.3008931,2.9783432,11.92617,-1.7316254,-1.10057
../data/train_data_mmini/3/Train_0013.jpg	3	1.0,1.0,1.0,-1.0,-1.0,-1.0,1.0,-1.0,-1.0,1.0,1.0,1.0,-1.0,-1.0,1.0,-1.0,1.0,-1.0,-1.0,-1.0,1.0,1.0,1.0,1.0	2.164282,4.4196815,14.190122,-0.90607285,-7.3283052,-7.3017893,2.6945488,-13.592642,-5.9029293,0.88807636,5.4336467,0.5938656,-1.3024486,-7.6007805,1.4976684,-2.064507,8.808468,-7.0894003,-2.508338,-1.0167336,4.2420077,7.06581,0.7826828,1.8348535
../data/train_data_mmini/3/Train_0014.jpg	3	1.0,1.0,1.0,-1.0,-1.0,-1.0,1.0,-1.0,-1.0,1.0,1.0,-1.0,-1.0,-1.0,1.0,-1.0,1.0,-1.0,-1.0,-1.0,1.0,1.0,-1.0,1.0	3.0588324,2.2663443,18.098654,-0.2830362,-8.359889,-6.6888027,4.068347,-9.678104,-5.8587537,4.193303,5.0635405,-4.550546,-0.28017834,-6.2073836,1.0279771,-3.2901502,12.465069,-7.9652724,-0.9016316,-0.8257611,4.0266294,6.192505,-0.3032403,1.7213601
../data/train_data_mmini/4/Train_0015.jpg	4	1.0,1.0,1.0,-1.0,-1.0,-1.0,1.0,-1.0,-1.0,1.0,1.0,-1.0,-1.0,-1.0,1.0,-1.0,1.0,-1.0,-1.0,-1.0,1.0,1.0,-1.0,1.0	3.7215912,3.0659416,10.756503,-1.4512583,-6.658384,-4.9176693,3.5538385,-9.860977,-4.2167583,0.9207522,4.633492,-1.3297927,-1.0515568,-7.263694,1.3220199,-1.7531421,7.4139166,-5.470013,-1.8580705,-2.6149027,3.4931736,4.3431845,-0.15701658,1.7952912
../data/train_data_mmini/4/Train_0016.jpg	4	1.0,1.0,1.0,1.0,-1.0,-1.0,1.0,-1.0,-1.0,1.0,1.0,-1.0,1.0,-1.0,1.0,-1.0,1.0,-1.0,1.0,1.0,1.0,1.0,-1.0,-1.0	2.1218638,1.4122709,14.912414,0.17971942,-6.6008134,-6.0576024,0.22340587,-4.680188,-2.4493213,0.41998613,3.0934358,-4.0494084,0.8331387,-4.907815,2.0499008,-0.9505444,11.168598,-6.48134,0.6405204,1.6153654,0.7521685,9.090099,-1.0507282,-0.36115062
../data/train_data_mmini/4/Train_0017.jpg	4	1.0,1.0,1.0,-1.0,-1.0,-1.0,1.0,-1.0,-1.0,-1.0,1.0,-1.0,-1.0,-1.0,1.0,-1.0,1.0,-1.0,-1.0,1.0,1.0,1.0,-1.0,-1.0	4.252871,3.7974243,11.55957,-3.3469615,-6.9352384,-6.094258,2.1036468,-9.495994,-1.3522388,-0.6264758,5.161208,-0.14438741,-0.03365514,-6.562311,1.0611148,-2.066133,6.2530894,-4.3985267,-2.3589132,2.1949904,3.8348885,11.419205,-0.4089742,-1.191449
../data/train_data_mmini/4/Train_0018.jpg	4	1.0,1.0,1.0,-1.0,-1.0,-1.0,1.0,-1.0,-1.0,1.0,1.0,-1.0,1.0,-1.0,1.0,-1.0,1.0,-1.0,-1.0,-1.0,1.0,1.0,-1.0,1.0	3.795603,1.043291,14.201442,-0.6701156,-6.684794,-4.5271664,4.0839686,-6.685666,-3.15515,3.0956929,4.107999,-4.894716,0.19603369,-5.2241216,0.6022953,-2.736266,10.551822,-6.0638843,-0.047025077,-1.1273729,3.9240048,5.795707,-1.0587583,1.3764526
../data/train_data_mmini/4/Train_0019.jpg	4	1.0,1.0,1.0,1.0,-1.0,-1.0,1.0,-1.0,-1.0,1.0,1.0,-1.0,1.0,-1.0,1.0,-1.0,1.0,-1.0,-1.0,1.0,1.0,1.0,-1.0,1.0	0.21517138,3.8835988,16.224321,0.24033172,-7.081881,-8.036479,0.11312578,-11.9280205,-6.319366,0.7025346,4.239272,-0.1320775,0.55306405,-6.372814,2.4834845,-1.2097094,10.77596,-7.4033027,-1.9742874,1.9589932,2.3389325,8.227054,-0.37077487,0.38355163
../data/train_data_mmini/5/Train_0020.jpg	5	1.0,-1.0,1.0,1.0,-1.0,-1.0,1.0,-1.0,-1.0,1.0,1.0,-1.0,1.0,-1.0,1.0,-1.0,1.0,-1.0,1.0,-1.0,-1.0,-1.0,-1.0,1.0	0.078550056,-1.032098,22.497234,4.5490828,-7.1220818,-6.333841,0.863276,-3.348693,-8.00162,4.96773,1.1230363,-10.0455065,2.0287216,-2.8469055,1.1737076,-2.0181324,19.124432,-11.410676,3.0720012,-1.2948459,-1.113615,-0.6898311,-1.5325123,3.5802994
../data/train_data_mmini/5/Train_0021.jpg	5	1.0,1.0,1.0,-1.0,-1.0,-1.0,1.0,-1.0,-1.0,1.0,1.0,-1.0,-1.0,-1.0,1.0,-1.0,1.0,-1.0,-1.0,-1.0,1.0,1.0,-1.0,1.0	3.6566079,2.1443796,14.906825,-0.7221521,-7.4969635,-5.616629,5.236772,-11.2822,-5.536623,4.098752,5.037559,-4.2263055,-1.0119989,-7.9192123,0.65310097,-3.417526,11.131154,-7.9244156,-1.4764714,-4.0965667,4.519745,1.5015059,-0.19010603,3.500861
../data/train_data_mmini/5/Train_0022.jpg	5	-1.0,1.0,1.0,1.0,-1.0,-1.0,1.0,-1.0,-1.0,1.0,1.0,-1.0,1.0,-1.0,1.0,-1.0,1.0,-1.0,1.0,-1.0,1.0,-1.0,-1.0,1.0	-0.22724302,0.5024182,18.061174,3.2609823,-6.3840237,-6.09134,2.1048565,-6.960225,-8.155381,4.861579,2.162457,-6.806828,0.64382094,-3.4430134,0.9925875,-2.5117667,15.007076,-9.333665,0.69412255,-2.5743494,0.6785043,-1.7844051,-0.5977006,3.905274
../data/train_data_mmini/5/Train_0023.jpg	5	-1.0,-1.0,1.0,1.0,-1.0,-1.0,1.0,-1.0,-1.0,1.0,1.0,-1.0,1.0,-1.0,1.0,-1.0,1.0,-1.0,1.0,-1.0,-1.0,-1.0,-1.0,1.0	-0.46690616,-1.4432448,19.490023,4.8814125,-5.520568,-4.982387,1.622093,-3.112782,-8.112537,5.8195033,0.5399726,-10.299668,1.7463937,-2.3736265,0.60986626,-2.135334,17.61059,-10.633809,3.1300335,-2.8841286,-1.0467021,-5.0745764,-1.5010688,5.055978
../data/train_data_mmini/5/Train_0024.jpg	5	1.0,1.0,1.0,-1.0,-1.0,-1.0,1.0,-1.0,-1.0,1.0,1.0,-1.0,1.0,-1.0,1.0,-1.0,1.0,-1.0,1.0,-1.0,1.0,1.0,-1.0,1.0	2.97672,1.4972543,16.444862,-0.15699549,-7.4985867,-6.2257867,2.386957,-7.439993,-4.3107953,2.7548413,4.004167,-5.689504,1.2491313,-6.4173884,1.221886,-2.447377,13.523934,-8.040987,0.04259441,-1.344075,2.0712664,4.1844306,-1.9458847,2.0707061
../data/train_data_mmini/6/Train_0025.jpg	6	1.0,1.0,1.0,-1.0,-1.0,-1.0,-1.0,-1.0,-1.0,-1.0,1.0,-1.0,1.0,-1.0,1.0,-1.0,1.0,-1.0,-1.0,1.0,1.0,1.0,-1.0,-1.0	2.183832,4.7847385,17.76367,-1.8124068,-7.698111,-9.088865,-1.7872193,-12.105741,-3.8580248,-0.38650995,5.0007772,-0.8199277,1.7492017,-8.145605,3.3403633,-1.8178952,11.069741,-6.5129905,-1.4128487,6.3020616,3.3019528,13.785058,-1.3629843,-1.6599625
../data/train_data_mmini/6/Train_0026.jpg	6	1.0,-1.0,1.0,1.0,-1.0,-1.0,1.0,-1.0,-1.0,1.0,1.0,-1.0,1.0,-1.0,1.0,-1.0,1.0,-1.0,1.0,1.0,1.0,1.0,-1.0,1.0	6.125855,-1.1566639,21.341753,0.01480154,-8.479522,-5.6592984,2.2773051,-0.10948456,-1.4595714,5.836921,4.2801986,-11.827813,3.6696868,-5.4691057,0.25467715,-3.7294915,19.15607,-8.354349,4.2806363,0.52821743,1.8158592,6.407278,-3.3747427,0.34778106
../data/train_data_mmini/6/Train_0027.jpg	6	1.0,1.0,1.0,-1.0,-1.0,-1.0,1.0,-1.0,-1.0,1.0,1.0,-1.0,1.0,-1.0,1.0,-1.0,1.0,-1.0,-1.0,1.0,1.0,1.0,-1.0,-1.0	2.6764143,2.2090085,18.29249,-1.6785983,-8.49536,-7.805385,0.9814073,-7.2372265,-2.2364664,1.5315887,4.703619,-4.275404,1.2866178,-5.7764144,1.9254512,-2.4835646,13.347138,-6.6945453,-0.14287502,2.130619,3.480937,11.418652,-0.9574655,-1.0610243
../data/train_data_mmini/6/Train_0028.jpg	6	1.0,-1.0,1.0,-1.0,-1.0,-1.0,1.0,-1.0,-1.0,1.0,1.0,-1.0,-1.0,-1.0,-1.0,-1.0,1.0,-1.0,1.0,-1.0,1.0,1.0,-1.0,1.0	7.1536965,-0.07353398,14.955466,-0.88522303,-7.2560306,-2.7569504,7.6968155,-5.077368,-3.7902656,6.0083365,4.9109635,-7.948867,-1.1683457,-4.9195666,-1.0621778,-5.263611,10.456221,-8.063752,0.17113325,-2.8286848,3.7720015,1.6753144,-0.1809833,2.2126744
../data/train_data_mmini/6/Train_0029.jpg	6	-1.0,1.0,1.0,1.0,-1.0,-1.0,-1.0,-1.0,-1.0,-1.0,1.0,1.0,1.0,-1.0,1.0,1.0,1.0,-1.0,-1.0,1.0,1.0,1.0,-1.0,1.0	-2.2020671,5.7355337,15.496194,0.61613965,-5.948923,-9.6562,-2.5888426,-15.215781,-7.394131,-1.6816252,4.2440796,1.7428255,0.2903329,-8.356872,4.4701734,0.1222706,10.99022,-6.7677646,-1.7348502,2.2217066,1.7164028,8.885792,-1.1565276,0.2222965
../data/train_data_mmini/7/Train_0030.jpg	7	1.0,1.0,1.0,1.0,-1.0,-1.0,1.0,-1.0,-1.0,1.0,1.0,-1.0,1.0,-1.0,1.0,-1.0,1.0,-1.0,-1.0,1.0,1.0,1.0,-1.0,1.0	0.44659853,2.3247209,18.917183,0.899909,-7.995328,-8.078697,0.3935602,-9.155278,-5.6920285,1.3167001,3.6305392,-4.132335,0.9865504,-6.028403,2.5933921,-1.4209316,14.399382,-8.585844,-0.0012891673,0.7200793,1.7163371,7.3086476,-1.1193115,1.148379
../data/train_data_mmini/7/Train_0031.jpg	7	1.0,1.0,1.0,-1.0,-1.0,-1.0,1.0,-1.0,-1.0,1.0,1.0,-1.0,1.0,-1.0,1.0,-1.0,1.0,-1.0,-1.0,1.0,1.0,1.0,-1.0,1.0	0.9375054,3.2822177,20.635687,-1.318127e-06,-9.372319,-9.68934,1.3760672,-12.387476,-6.310316,1.4512025,4.880755,-3.4927452,0.793483,-6.867807,2.5370367,-2.4749696,15.016625,-8.83363,-1.1079726,0.8012261,3.383142,9.073577,-0.43972373,0.6431253
../data/train_data_mmini/7/Train_0032.jpg	7	1.0,1.0,1.0,-1.0,-1.0,-1.0,1.0,-1.0,-1.0,-1.0,1.0,1.0,-1.0,-1.0,1.0,-1.0,1.0,-1.0,-1.0,-1.0,1.0,1.0,-1.0,-1.0	5.0158105,4.487165,13.520918,-4.6031575,-8.7189665,-7.4344664,3.975231,-12.067745,-2.2385602,-0.1749214,6.8897486,0.4615883,-1.2084731,-9.157739,1.4189774,-3.0828426,7.601675,-5.005329,-3.916316,-0.78667927,5.926713,11.772021,-0.43389106,-0.8696113
../data/train_data_mmini/7/Train_0033.jpg	7	1.0,1.0,1.0,-1.0,-1.0,-1.0,1.0,-1.0,-1.0,1.0,1.0,-1.0,1.0,-1.0,1.0,-1.0,1.0,-1.0,1.0,1.0,1.0,1.0,-1.0,-1.0	1.8994762,1.4224871,20.455322,-0.10929162,-8.613149,-8.213032,0.2956021,-6.335335,-3.727109,1.9703466,4.210201,-5.8757334,1.9091574,-5.7982416,2.2192924,-2.1550045,15.611281,-8.05506,0.676687,1.9228698,1.5545341,10.106274,-1.7693577,-0.6095956
../data/train_data_mmini/7/Train_0034.jpg	7	1.0,1.0,1.0,-1.0,-1.0,-1.0,1.0,-1.0,-1.0,1.0,1.0,-1.0,-1.0,-1.0,1.0,-1.0,1.0,-1.0,-1.0,-1.0,1.0,1.0,-1.0,-1.0	6.160187,2.5816708,13.310013,-4.190559,-7.5348716,-5.6501517,3.8175743,-7.3908544,-0.33029386,2.1723936,6.034213,-2.9848688,-0.33772096,-7.195094,0.69579077,-3.795377,8.320415,-4.8382154,-2.0702732,-0.19385742,4.810639,9.568182,-0.96405363,-1.282296
../data/train_data_mmini/8/Train_0035.jpg	8	1.0,1.0,1.0,-1.0,-1.0,-1.0,1.0,-1.0,-1.0,1.0,1.0,-1.0,-1.0,-1.0,1.0,-1.0,1.0,-1.0,-1.0,-1.0,1.0,1.0,1.0,1.0	1.37435,4.2948694,14.971848,-0.8794946,-7.5897956,-7.891982,2.562567,-14.100541,-6.5061274,1.3920039,5.3063836,-0.18014376,-1.3259251,-7.8181067,1.9911566,-2.4174175,9.869442,-6.716804,-2.5183194,-1.7684034,5.283977,6.340285,0.6609722,1.9964517
../data/train_data_mmini/8/Train_0036.jpg	8	1.0,1.0,1.0,-1.0,-1.0,-1.0,1.0,-1.0,-1.0,1.0,1.0,-1.0,1.0,-1.0,1.0,-1.0,1.0,-1.0,-1.0,1.0,1.0,1.0,-1.0,-1.0	2.67397,4.0444937,19.432196,-0.8109492,-9.200707,-8.928596,2.0167303,-12.735525,-5.9016757,1.557572,5.5103674,-2.2082427,0.085918866,-7.2068734,2.1899292,-2.5374045,12.563325,-8.04052,-1.5826534,2.6249897,4.095968,12.037665,-0.47157085,-0.45136684
../data/train_data_mmini/8/Train_0037.jpg	8	1.0,1.0,1.0,-1.0,-1.0,-1.0,1.0,-1.0,1.0,1.0,1.0,-1.0,1.0,-1.0,1.0,-1.0,1.0,-1.0,-1.0,1.0,1.0,1.0,-1.0,-1.0	6.057632,3.377885,15.658213,-4.8209424,-8.795991,-7.413373,3.0297756,-8.531518,0.41511473,0.4985972,6.1374235,-3.2466927,0.76443994,-8.1686945,1.3217367,-3.3504274,10.477968,-4.8794622,-1.4669615,1.3781071,5.1398134,13.674953,-1.4931298,-1.7479717
../data/train_data_mmini/8/Train_0038.jpg	8	1.0,1.0,1.0,1.0,-1.0,-1.0,1.0,-1.0,-1.0,1.0,1.0,-1.0,-1.0,-1.0,1.0,-1.0,1.0,-1.0,-1.0,-1.0,1.0,1.0,-1.0,1.0	0.032599762,3.667428,17.383886,0.42965916,-8.319086,-8.564148,1.2721467,-12.431281,-6.9217706,0.8682777,4.602694,-1.6083028,-0.09848831,-6.7322,2.5471158,-1.7616193,12.614621,-8.076252,-1.5664567,-0.7751443,2.7071147,6.1098323,-0.059782565,1.6574455
../data/train_data_mmini/8/Train_0039.jpg	8	1.0,1.0,1.0,-1.0,-1.0,-1.0,1.0,-1.0,-1.0,-1.0,1.0,1.0,-1.0,-1.0,1.0,-1.0,1.0,-1.0,-1.0,1.0,1.0,1.0,1.0,-1.0	2.4876745,5.6852207,14.129416,-2.9769564,-8.159052,-8.855155,1.7282492,-14.801243,-4.7677984,-0.6677485,6.399652,2.711073,-1.5570366,-8.840468,2.3506818,-2.0857544,7.65909,-4.7515774,-3.9315562,0.39670172,5.81663,11.8541155,0.08145568,-0.18050402
../data/train_data_mmini/9/Train_0040.jpg	9	1.0,1.0,1.0,-1.0,-1.0,-1.0,1.0,-1.0,-1.0,1.0,1.0,-1.0,-1.0,-1.0,1.0,-1.0,1.0,-1.0,-1.0,-1.0,1.0,1.0,-1.0,1.0	3.0235271,2.3010182,15.353615,-0.5297692,-7.671137,-6.2705717,3.5379024,-9.676447,-4.819414,2.8744614,4.559673,-4.28132,-0.036150668,-6.8292913,1.1591505,-2.6489766,11.913841,-7.6097608,-1.0080515,-2.0650878,3.3433995,4.013525,-0.6884377,2.3571072
../data/train_data_mmini/9/Train_0041.jpg	9	1.0,1.0,1.0,1.0,-1.0,-1.0,1.0,-1.0,-1.0,1.0,1.0,-1.0,1.0,-1.0,1.0,-1.0,1.0,-1.0,1.0,1.0,1.0,1.0,-1.0,1.0	2.8319364,1.4634908,21.582546,0.04420209,-9.307762,-7.948771,1.7204037,-7.4535356,-4.393947,2.920539,4.6250253,-5.5954595,1.0353098,-5.6594467,1.4767678,-2.6644752,15.692245,-9.41961,0.2305218,1.0800862,2.7633169,9.905304,-1.200356,0.34841108
../data/train_data_mmini/9/Train_0042.jpg	9	1.0,1.0,1.0,-1.0,-1.0,-1.0,1.0,-1.0,-1.0,1.0,1.0,-1.0,-1.0,-1.0,1.0,-1.0,1.0,-1.0,-1.0,-1.0,1.0,1.0,-1.0,1.0	4.850542,3.2486615,11.949311,-2.5788848,-7.2759414,-5.536283,3.2647796,-9.75707,-2.5813582,1.0701195,5.154045,-1.9563065,-0.3683938,-7.892316,1.2095205,-2.134271,8.559353,-5.8825784,-1.7016331,-1.5590827,3.9721687,7.0332475,-0.78665924,1.3806471
../data/train_data_mmini/9/Train_0043.jpg	9	1.0,1.0,1.0,1.0,-1.0,-1.0,1.0,-1.0,-1.0,1.0,1.0,-1.0,-1.0,-1.0,1.0,-1.0,1.0,-1.0,-1.0,-1.0,1.0,1.0,1.0,1.0	1.6267436,2.6008515,17.232962,1.1270405,-7.351736,-6.5755343,3.926424,-11.328535,-7.5122046,3.968119,4.2081337,-4.254233,-0.81330717,-6.1225095,0.9065665,-2.9582338,12.538207,-8.988905,-0.8849908,-1.983115,3.4752142,2.684981,0.29404384,3.309929
../data/train_data_mmini/9/Train_0044.jpg	9	1.0,1.0,1.0,-1.0,-1.0,-1.0,-1.0,-1.0,-1.0,-1.0,1.0,1.0,1.0,-1.0,1.0,-1.0,1.0,-1.0,-1.0,1.0,1.0,1.0,-1.0,1.0	0.23357035,4.9720354,14.875831,-0.88106465,-7.352062,-9.08644,-0.9742333,-13.287711,-5.367908,-1.225316,4.8172703,1.033253,0.28564098,-8.100395,3.3765657,-0.75237656,10.296644,-6.66644,-2.180702,1.4053861,2.9746075,10.05101,-0.6027827,0.6005913
../data/train_data_mmini/10/Train_0045.jpg	10	1.0,1.0,1.0,-1.0,-1.0,-1.0,1.0,-1.0,-1.0,-1.0,1.0,1.0,-1.0,-1.0,1.0,-1.0,1.0,-1.0,-1.0,1.0,1.0,1.0,-1.0,-1.0	2.9654472,5.7176733,11.634879,-4.1777267,-7.3793297,-8.214262,1.0635806,-12.219066,-2.6134543,-1.7049817,5.9658823,3.3298512,-1.6814841,-7.958546,1.7578813,-2.3881717,5.473588,-2.4253287,-4.3923283,1.4631795,5.3807516,13.220302,-0.5487592,-1.968817
../data/train_data_mmini/10/Train_0046.jpg	10	1.0,1.0,1.0,-1.0,-1.0,-1.0,1.0,-1.0,-1.0,-1.0,1.0,1.0,-1.0,-1.0,1.0,-1.0,1.0,-1.0,-1.0,1.0,1.0,1.0,-1.0,-1.0	2.8554907,3.4915333,6.1780376,-3.6584008,-4.8649545,-4.9622326,0.39880687,-7.3330555,-0.8287145,-1.0155495,4.0293527,1.3557805,-0.48583224,-6.061017,1.2072045,-0.79618436,3.207788,-1.8626606,-2.8868675,0.77618515,2.602174,8.94966,-0.6328281,-0.8740348
../data/train_data_mmini/10/Train_0047.jpg	10	1.0,1.0,1.0,-1.0,-1.0,-1.0,1.0,-1.0,-1.0,-1.0,1.0,1.0,-1.0,-1.0,1.0,-1.0,1.0,-1.0,-1.0,1.0,1.0,1.0,1.0,-1.0	4.5143514,6.0506797,15.204758,-4.0800605,-8.577749,-9.045946,2.4317946,-15.747498,-4.282186,-0.22104825,7.123059,2.095093,-1.3343582,-10.077453,2.0269825,-3.1421616,8.016695,-5.0156417,-4.231142,0.90182936,6.2553,12.948102,0.13424498,-0.9582633
../data/train_data_mmini/10/Train_0048.jpg	10	-1.0,1.0,1.0,-1.0,-1.0,-1.0,-1.0,-1.0,-1.0,-1.0,1.0,1.0,-1.0,-1.0,1.0,-1.0,1.0,-1.0,-1.0,1.0,1.0,1.0,-1.0,-1.0	-0.55117667,6.507774,15.004646,-1.5057293,-7.305922,-10.565209,-1.4720573,-16.199743,-6.976412,-1.0856591,5.6971335,4.222267,-1.441705,-8.622618,4.4226446,-0.7916472,9.059578,-5.657926,-4.476777,1.975401,3.8912928,12.286703,-0.71588284,-0.8237607
../data/train_data_mmini/10/Train_0049.jpg	10	1.0,1.0,1.0,-1.0,-1.0,-1.0,1.0,-1.0,-1.0,-1.0,1.0,1.0,-1.0,-1.0,1.0,-1.0,1.0,-1.0,-1.0,1.0,1.0,1.0,-1.0,-1.0	3.8841734,5.575085,13.081564,-4.2303843,-8.0330305,-8.076188,1.9496891,-13.605723,-3.3359804,-0.46834362,6.4331894,1.961376,-1.1502993,-9.247866,1.8159343,-2.5935557,6.819863,-4.2989306,-3.6765382,0.6692157,5.867941,12.094226,-0.35106114,-0.62371737
