../data/train_data_mmini/1/Train_0000.jpg	1	-1.0,-1.0,-1.0,-1.0,1.0,1.0,1.0,-1.0,1.0,-1.0,1.0,1.0	-0.810092,-0.7990995,-1.4277772,-0.46735284,1.1052399,1.0745887,0.7247117,-0.48365566,0.36466897,-0.8623207,0.7992372,0.6808
../data/train_data_mmini/1/Train_0001.jpg	1	-1.0,-1.0,-1.0,-1.0,1.0,1.0,1.0,-1.0,1.0,-1.0,1.0,1.0	-0.9315787,-0.95974886,-1.6440706,-0.6332506,1.4083916,1.4091065,0.7724971,-0.45972502,0.6831711,-1.0220695,0.935842,0.83029217
../data/train_data_mmini/1/Train_0002.jpg	1	-1.0,-1.0,-1.0,-1.0,1.0,1.0,1.0,-1.0,1.0,-1.0,1.0,1.0	-0.7916602,-0.86422443,-1.5954118,-0.6725327,1.331614,1.3409488,0.6391611,-0.3272915,0.5184889,-0.86742014,0.8046029,0.8650319
../data/train_data_mmini/1/Train_0003.jpg	1	-1.0,-1.0,-1.0,-1.0,1.0,1.0,1.0,-1.0,1.0,-1.0,1.0,1.0	-0.78031605,-0.8036974,-1.4167255,-0.49118036,1.1012528,0.9965643,0.7355795,-0.4988175,0.33605236,-0.85052925,0.8988155,0.6215974
../data/train_data_mmini/1/Train_0004.jpg	1	-1.0,-1.0,-1.0,-1.0,1.0,1.0,1.0,-1.0,1.0,-1.0,1.0,1.0	-0.8991737,-0.8967099,-1.5777501,-0.63732326,1.2700914,1.1887937,0.66355956,-0.4897736,0.55429095,-1.0203134,0.89556944,0.8919927
../data/train_data_mmini/2/Train_0005.jpg	2	-1.0,-1.0,-1.0,-1.0,1.0,1.0,1.0,-1.0,1.0,-1.0,1.0,1.0	-0.93518984,-0.91523916,-1.9716351,-0.8011027,1.7774587,1.6772892,0.7713714,-0.5085379,0.7632194,-1.2610683,0.9354433,0.877921
../data/train_data_mmini/2/Train_0006.jpg	2	-1.0,-1.0,-1.0,-1.0,1.0,1.0,1.0,-1.0,1.0,-1.0,1.0,1.0	-0.85725754,-0.79819906,-1.8425909,-0.7810113,1.5495002,1.5192426,0.89171755,-0.483353,0.7831801,-1.2156148,0.7956978,0.933842
../data/train_data_mmini/2/Train_0007.jpg	2	-1.0,-1.0,-1.0,-1.0,1.0,1.0,1.0,-1.0,1.0,-1.0,1.0,1.0	-0.86441183,-0.9004052,-1.4486897,-0.5540918,1.3126332,1.1743835,0.74359226,-0.45581695,0.32825035,-0.910566,0.843845,0.7898564
../data/train_data_mmini/2/Train_0008.jpg	2	-1.0,-1.0,-1.0,-1.0,1.0,1.0,1.0,-1.0,1.0,-1.0,1.0,1.0	-0.79553103,-0.74540025,-1.5898708,-0.82636935,1.3958352,1.4849131,0.78510946,-0.39303273,0.54893523,-1.0570145,0.7744603,1.0026864
../data/train_data_mmini/2/Train_0009.jpg	2	-1.0,-1.0,-1.0,-1.0,1.0,1.0,1.0,-1.0,1.0,-1.0,1.0,1.0	-1.1562434,-1.294318,-2.2333698,-0.79190284,1.9755833,1.8553524,0.9664772,-0.5566731,0.70721203,-1.5447537,0.97202384,0.8630219
../data/train_data_mmini/3/Train_0010.jpg	3	-1.0,-1.0,-1.0,-1.0,1.0,1.0,1.0,-1.0,1.0,-1.0,1.0,1.0	-0.71564776,-0.8097559,-1.4882116,-0.7232505,1.5202429,1.475994,0.6840211,-0.19043045,0.7097977,-0.9924605,0.6418922,0.8575071
../data/train_data_mmini/3/Train_0011.jpg	3	-1.0,-1.0,-1.0,-1.0,1.0,1.0,1.0,-1.0,1.0,-1.0,1.0,1.0	-1.0808452,-1.1234665,-2.0277574,-0.79389006,1.6522498,1.6632655,0.69368136,-0.303244,0.95835805,-1.0451843,1.041389,1.1855522
../data/train_data_mmini/3/Train_0012.jpg	3	-1.0,-1.0,-1.0,-1.0,1.0,1.0,1.0,-1.0,1.0,-1.0,1.0,1.0	-1.3091719,-1.2832935,-2.1577473,-0.8940021,1.5396833,1.7753876,0.7366086,-0.5645319,0.9230479,-1.3673723,0.94850886,1.1937551
../data/train_data_mmini/3/Train_0013.jpg	3	-1.0,-1.0,-1.0,-1.0,1.0,1.0,1.0,-1.0,1.0,-1.0,1.0,1.0	-1.0141346,-0.9030374,-2.09516,-1.0918559,1.8498473,1.8509109,0.98775476,-0.507503,0.979971,-1.3022835,0.81860965,1.255956
../data/train_data_mmini/3/Train_0014.jpg	3	-1.0,-1.0,-1.0,-1.0,1.0,1.0,1.0,-1.0,1.0,-1.0,1.0,1.0	-0.9134489,-0.96063215,-1.8998258,-0.7145013,1.6004792,1.5342711,0.8049123,-0.44724196,0.83424157,-1.2813816,1.0206074,0.9413425
../data/train_data_mmini/4/Train_0015.jpg	4	-1.0,-1.0,-1.0,-1.0,1.0,1.0,1.0,-1.0,1.0,-1.0,1.0,1.0	-1.085455,-0.91802746,-1.8423151,-0.91224533,1.3963132,1.4997724,0.84734863,-0.5460463,0.54751503,-1.1654577,0.9091855,1.1153164
../data/train_data_mmini/4/Train_0016.jpg	4	-1.0,-1.0,-1.0,-1.0,1.0,1.0,1.0,-1.0,1.0,-1.0,1.0,1.0	-0.7950237,-0.85349,-1.5787425,-0.5270926,1.4361984,1.3174601,0.7824244,-0.43047318,0.5557099,-0.892378,0.8429755,0.6565356
../data/train_data_mmini/4/Train_0017.jpg	4	-1.0,-1.0,-1.0,-1.0,1.0,1.0,1.0,-1.0,1.0,-1.0,1.0,1.0	-1.1041062,-1.235419,-2.4307263,-0.9679639,1.9757694,1.9963462,0.9955189,-0.6372344,1.0419698,-1.4565328,1.0575776,1.2590225
../data/train_data_mmini/4/Train_0018.jpg	4	-1.0,-1.0,-1.0,-1.0,1.0,1.0,1.0,-1.0,1.0,-1.0,1.0,1.0	-0.7581959,-0.6717884,-1.4190817,-0.5907779,1.3412051,1.2695496,0.6193028,-0.36225998,0.45841593,-0.9677322,0.7192001,0.6953836
../data/train_data_mmini/4/Train_0019.jpg	4	-1.0,-1.0,-1.0,-1.0,1.0,1.0,1.0,-1.0,1.0,-1.0,1.0,1.0	-0.867309,-0.89552766,-2.0704708,-1.0711328,1.8313113,1.6424315,0.6795026,-0.3856856,1.0184458,-1.2628045,0.88562053,1.1805168
../data/train_data_mmini/5/Train_0020.jpg	5	-1.0,-1.0,-1.0,-1.0,1.0,1.0,1.0,-1.0,1.0,-1.0,1.0,1.0	-0.8545542,-0.8170012,-1.4558576,-0.4368767,1.1613562,1.1186136,0.6856468,-0.47393748,0.38117146,-0.89970607,0.88292664,0.67874134
../data/train_data_mmini/5/Train_0021.jpg	5	-1.0,-1.0,-1.0,-1.0,1.0,1.0,1.0,-1.0,1.0,-1.0,1.0,1.0	-1.2193074,-1.0882071,-2.2678535,-1.0230987,1.7161484,1.7779092,0.9039028,-0.5503697,0.7719785,-1.407781,1.1211586,1.2237793
../data/train_data_mmini/5/Train_0022.jpg	5	-1.0,-1.0,-1.0,-1.0,1.0,1.0,1.0,-1.0,1.0,-1.0,1.0,1.0	-0.8695467,-0.94991267,-1.6219364,-0.67817944,1.4958066,1.4262052,0.7531211,-0.53429425,0.50810444,-1.1151345,0.8659903,0.8755738
../data/train_data_mmini/5/Train_0023.jpg	5	-1.0,-1.0,-1.0,-1.0,1.0,1.0,1.0,-1.0,1.0,-1.0,1.0,1.0	-0.7837959,-0.7248002,-1.2491139,-0.39845645,1.0270605,1.0060256,0.66775906,-0.45237094,0.23518535,-0.80587804,0.76522505,0.5804657
../data/train_data_mmini/5/Train_0024.jpg	5	-1.0,-1.0,-1.0,-1.0,1.0,1.0,1.0,-1.0,1.0,-1.0,1.0,1.0	-1.1707944,-1.0417031,-1.9805051,-0.8533759,1.451556,1.4724519,0.827375,-0.4481161,0.48113444,-1.1887265,0.9544113,1.0140237
../data/train_data_mmini/6/Train_0025.jpg	6	-1.0,-1.0,-1.0,-1.0,1.0,1.0,1.0,-1.0,1.0,-1.0,1.0,1.0	-1.0758829,-1.2834979,-2.3518317,-0.99428886,2.1454735,1.8392749,0.7867582,-0.30846864,1.0215664,-1.2797403,0.9396962,1.305117
../data/train_data_mmini/6/Train_0026.jpg	6	-1.0,-1.0,-1.0,-1.0,1.0,1.0,1.0,-1.0,1.0,-1.0,1.0,1.0	-0.9530712,-1.0389773,-1.6411306,-0.51509786,1.412884,1.325842,0.7639313,-0.3348333,0.5120041,-1.099033,0.9430784,0.6838932
../data/train_data_mmini/6/Train_0027.jpg	6	-1.0,-1.0,-1.0,-1.0,1.0,1.0,1.0,-1.0,1.0,-1.0,1.0,1.0	-0.8758438,-0.99451727,-1.7325027,-0.43406683,1.5990655,1.461933,0.76242983,-0.1870461,0.77881396,-1.1182098,0.91197926,0.5851184
../data/train_data_mmini/6/Train_0028.jpg	6	-1.0,-1.0,-1.0,-1.0,1.0,1.0,1.0,-1.0,1.0,-1.0,1.0,1.0	-0.79450285,-0.8361802,-1.5980903,-0.7779458,1.4288771,1.2485292,0.7726511,-0.3119072,0.57801586,-0.894719,0.87499946,0.8505367
../data/train_data_mmini/6/Train_0029.jpg	6	-1.0,-1.0,-1.0,-1.0,1.0,1.0,1.0,-1.0,1.0,-1.0,1.0,1.0	-1.0698967,-1.1476319,-2.2805474,-0.9958856,1.9646047,1.9477019,1.0171046,-0.5662311,0.7504872,-1.5378926,0.89689296,1.0012475
../data/train_data_mmini/7/Train_0030.jpg	7	-1.0,-1.0,-1.0,-1.0,1.0,1.0,1.0,-1.0,1.0,-1.0,1.0,1.0	-1.189596,-1.2221532,-2.1663399,-0.81904596,1.8976449,1.8274918,1.0137148,-0.69935536,0.81939125,-1.3702774,1.0941852,0.96650267
../data/train_data_mmini/7/Train_0031.jpg	7	-1.0,-1.0,-1.0,-1.0,1.0,1.0,1.0,-1.0,1.0,-1.0,1.0,1.0	-1.1291374,-1.2515442,-2.4475632,-1.0489267,2.071626,2.1336887,1.0585147,-0.6215119,0.9796902,-1.5464753,0.9719478,1.2064843
../data/train_data_mmini/7/Train_0032.jpg	7	-1.0,-1.0,-1.0,-1.0,1.0,1.0,1.0,-1.0,1.0,-1.0,1.0,1.0	-1.3255299,-1.2066922,-2.559562,-0.90369886,1.8917743,2.1087656,0.87701726,-0.27254486,1.0923561,-1.5010389,0.99717385,1.1966031
../data/train_data_mmini/7/Train_0033.jpg	7	-1.0,-1.0,-1.0,-1.0,1.0,1.0,1.0,-1.0,1.0,-1.0,1.0,1.0	-1.0174761,-1.2199807,-2.0008051,-0.65572983,1.7714725,1.5844713,0.89494914,-0.48067406,0.584228,-1.3599504,1.0206704,0.7142866
../data/train_data_mmini/7/Train_0034.jpg	7	-1.0,-1.0,-1.0,-1.0,1.0,1.0,1.0,-1.0,1.0,-1.0,1.0,1.0	-1.0210618,-1.0787135,-1.9177209,-0.816219,1.6948555,1.5628281,0.6778274,-0.0376604,0.83439153,-0.97688043,0.8806933,1.1035848
../data/train_data_mmini/8/Train_0035.jpg	8	-1.0,-1.0,-1.0,-1.0,1.0,1.0,1.0,-1.0,1.0,-1.0,1.0,1.0	-1.0916501,-1.1811374,-2.2410665,-1.0610362,1.9297187,1.9575464,0.972655,-0.61165863,0.85112256,-1.5361685,1.0414089,1.129589
../data/train_data_mmini/8/Train_0036.jpg	8	-1.0,-1.0,-1.0,-1.0,1.0,1.0,1.0,-1.0,1.0,-1.0,1.0,1.0	-1.1340302,-1.3649001,-2.476452,-0.99340403,2.33134,2.111361,0.9728878,-0.53739804,0.898714,-1.6327499,1.0543971,1.0729926
../data/train_data_mmini/8/Train_0037.jpg	8	-1.0,-1.0,-1.0,-1.0,1.0,1.0,1.0,-1.0,1.0,-1.0,1.0,1.0	-1.3697634,-1.4924889,-2.7710376,-1.1295751,2.2345705,2.206966,1.1627278,-0.3823868,0.9353237,-1.5359598,1.2670709,1.2735151
../data/train_data_mmini/8/Train_0038.jpg	8	-1.0,-1.0,-1.0,-1.0,1.0,1.0,1.0,-1.0,1.0,-1.0,1.0,1.0	-1.0365335,-1.1697036,-2.1141295,-0.9123383,1.7756516,1.8711996,0.8698748,-0.5636329,0.9060304,-1.3307358,0.92530704,1.0644071
../data/train_data_mmini/8/Train_0039.jpg	8	-1.0,-1.0,-1.0,-1.0,1.0,1.0,1.0,-1.0,1.0,-1.0,1.0,1.0	-1.3426247,-1.488364,-2.6199095,-1.2425787,2.4465313,2.4240332,1.0518659,-0.6401595,1.088165,-1.9108167,1.1657845,1.3909681
../data/train_data_mmini/9/Train_0040.jpg	9	-1.0,-1.0,-1.0,-1.0,1.0,1.0,1.0,-1.0,1.0,-1.0,1.0,1.0	-1.1412116,-1.1508951,-2.2299724,-0.99701685,1.7653053,1.709509,0.9881114,-0.6191803,0.72443336,-1.3346478,1.2093887,1.2171698
../data/train_data_mmini/9/Train_0041.jpg	9	-1.0,-1.0,-1.0,-1.0,1.0,1.0,1.0,-1.0,1.0,-1.0,1.0,1.0	-0.8904606,-1.0919708,-1.9708045,-0.7498483,1.994551,1.794961,0.7754243,-0.30451527,0.8786365,-1.1758456,0.84416705,0.9812558
../data/train_data_mmini/9/Train_0042.jpg	9	-1.0,-1.0,-1.0,-1.0,1.0,1.0,1.0,-1.0,1.0,-1.0,1.0,1.0	-1.1458144,-1.0285804,-2.0068548,-1.0665082,1.5717541,1.6744992,0.9040294,-0.48095033,0.7172099,-1.1887558,1.0308325,1.3062354
../data/train_data_mmini/9/Train_0043.jpg	9	-1.0,-1.0,-1.0,-1.0,1.0,1.0,1.0,-1.0,1.0,-1.0,1.0,1.0	-0.9880595,-0.9765842,-2.1017249,-0.97875786,1.8646572,1.7981428,0.97925866,-0.5995363,0.79049957,-1.3872658,1.0375292,1.0964833
../data/train_data_mmini/9/Train_0044.jpg	9	-1.0,-1.0,-1.0,-1.0,1.0,1.0,1.0,-1.0,1.0,-1.0,1.0,1.0	-1.1977983,-1.2626241,-2.3357913,-1.1662959,1.9476445,1.9312866,1.0389243,-0.62572455,0.92782474,-1.6286478,1.0791823,1.1949666
../data/train_data_mmini/10/Train_0045.jpg	10	-1.0,-1.0,-1.0,-1.0,1.0,1.0,1.0,-1.0,1.0,-1.0,1.0,1.0	-1.3622295,-1.5221384,-2.7655447,-1.2716758,2.573084,2.5632586,0.9705486,-0.3474695,1.2251235,-1.8479311,1.0093861,1.3640528
../data/train_data_mmini/10/Train_0046.jpg	10	-1.0,-1.0,-1.0,-1.0,1.0,1.0,1.0,-1.0,1.0,-1.0,1.0,1.0	-0.950701,-1.040685,-2.1375828,-0.8901103,1.6558795,1.7334214,0.81008184,-0.3273956,0.8988206,-1.1741093,0.9765465,1.0515494
../data/train_data_mmini/10/Train_0047.jpg	10	-1.0,-1.0,-1.0,-1.0,1.0,1.0,1.0,-1.0,1.0,-1.0,1.0,1.0	-1.4628271,-1.4953961,-3.1207278,-1.3996109,2.6668515,2.610262,1.1194283,-0.47645822,1.354387,-1.874976,1.2499585,1.590644
../data/train_data_mmini/10/Train_0048.jpg	10	-1.0,-1.0,-1.0,-1.0,1.0,1.0,1.0,-1.0,1.0,-1.0,1.0,1.0	-1.3267457,-1.4998847,-2.6144853,-1.2396822,2.4167976,2.3904593,0.71542066,-0.5586761,1.255973,-1.7726319,0.9785275,1.4236157
../data/train_data_mmini/10/Train_0049.jpg	10	-1.0,-1.0,-1.0,-1.0,1.0,1.0,1.0,-1.0,1.0,-1.0,1.0,1.0	-1.4130684,-1.4985379,-2.754758,-1.2801201,2.3661172,2.3881679,1.1031878,-0.49652246,1.1807734,-1.7743521,1.217804,1.4746696
