../data/train_data_mmini/1/Train_0000.jpg	1	1.0,1.0,-1.0,-1.0,-1.0,1.0,-1.0,1.0,-1.0,1.0,1.0,-1.0,-1.0,-1.0,-1.0,1.0,1.0,-1.0,1.0,1.0,1.0,-1.0,-1.0,-1.0	0.11348168,0.01521106,-0.06606619,-0.17760444,-0.09354142,0.24475898,-0.28129414,0.1948836,-0.2532682,0.2602505,0.33577907,-0.15847671,-0.22500022,-0.303777,-0.31739655,0.44355217,0.087960474,-0.27653658,0.3280673,0.040070016,0.007233493,-0.26330432,-0.08292981,-0.15013438
../data/train_data_mmini/1/Train_0001.jpg	1	1.0,-1.0,-1.0,-1.0,-1.0,1.0,-1.0,1.0,-1.0,1.0,1.0,-1.0,-1.0,-1.0,-1.0,1.0,1.0,-1.0,1.0,-1.0,1.0,-1.0,-1.0,-1.0	0.082543984,-0.012349597,-0.07563077,-0.21922593,-0.13003777,0.24441603,-0.25300002,0.2626314,-0.11209974,0.21013597,0.25084767,-0.14630456,-0.16955562,-0.27033216,-0.31165704,0.3728794,0.114785224,-0.23641765,0.26321712,-0.031435702,0.033935696,-0.23391251,-0.029797763,-0.12395785
../data/train_data_mmini/1/Train_0002.jpg	1	1.0,-1.0,-1.0,-1.0,-1.0,1.0,-1.0,1.0,-1.0,1.0,1.0,-1.0,-1.0,-1.0,-1.0,1.0,1.0,-1.0,1.0,1.0,1.0,-1.0,-1.0,-1.0	0.05810168,-0.034904342,-0.016855132,-0.10749238,-0.057963464,0.15921569,-0.19723788,0.103246264,-0.12266217,0.13449275,0.21917503,-0.10826047,-0.19088654,-0.2725811,-0.18024197,0.29208702,0.09564878,-0.22121984,0.21216792,0.02309721,0.11272397,-0.20409042,-0.03533106,-0.10565593
../data/train_data_mmini/1/Train_0003.jpg	1	1.0,1.0,-1.0,-1.0,-1.0,1.0,-1.0,1.0,-1.0,1.0,1.0,-1.0,-1.0,-1.0,-1.0,1.0,1.0,-1.0,1.0,1.0,1.0,-1.0,-1.0,-1.0	0.088130325,0.024767566,-0.09251985,-0.2208301,-0.15041491,0.3017611,-0.30417523,0.23488496,-0.29466558,0.30663493,0.32318196,-0.19178222,-0.25800547,-0.31699085,-0.3421133,0.5065227,0.09176619,-0.3315824,0.35829303,0.038013257,0.008248471,-0.29157573,-0.13096607,-0.13780473
../data/train_data_mmini/1/Train_0004.jpg	1	1.0,-1.0,-1.0,-1.0,-1.0,1.0,-1.0,1.0,-1.0,1.0,1.0,-1.0,-1.0,-1.0,-1.0,1.0,1.0,-1.0,1.0,1.0,-1.0,-1.0,-1.0,-1.0	0.13103756,-0.036558118,-0.10355351,-0.19434562,-0.10694473,0.29717174,-0.2673487,0.21568176,-0.24561106,0.28273594,0.37434778,-0.17582257,-0.24290608,-0.28778747,-0.30937418,0.472536,0.06918809,-0.34470573,0.3576716,0.05905814,-0.0008774065,-0.25345606,-0.09272259,-0.1328431
../data/train_data_mmini/2/Train_0005.jpg	2	1.0,1.0,-1.0,-1.0,-1.0,1.0,-1.0,1.0,-1.0,1.0,1.0,-1.0,-1.0,-1.0,-1.0,1.0,1.0,-1.0,1.0,-1.0,1.0,-1.0,-1.0,-1.0	0.08328926,0.016199803,-0.07979582,-0.20035756,-0.060889196,0.20793302,-0.18125701,0.20847204,-0.11304122,0.19177133,0.22947422,-0.12773089,-0.18349482,-0.24637958,-0.23498432,0.32147393,0.13482904,-0.23852716,0.34365928,-0.035407837,0.100787856,-0.22499771,-0.050353747,-0.1364706
../data/train_data_mmini/2/Train_0006.jpg	2	1.0,1.0,-1.0,-1.0,-1.0,1.0,-1.0,1.0,-1.0,1.0,1.0,-1.0,-1.0,-1.0,-1.0,1.0,1.0,-1.0,1.0,1.0,1.0,-1.0,-1.0,-1.0	0.089533865,0.051389866,-0.073446974,-0.16987708,-0.1046989,0.07732534,-0.27971277,0.25933787,-0.18568222,0.23926964,0.1784453,-0.11174508,-0.22464101,-0.09906722,-0.3225385,0.3324344,0.113884695,-0.23387654,0.2942507,0.006167918,0.03128407,-0.23260377,-0.17815623,-0.06832505
../data/train_data_mmini/2/Train_0007.jpg	2	1.0,-1.0,-1.0,-1.0,-1.0,1.0,-1.0,1.0,-1.0,1.0,1.0,-1.0,-1.0,-1.0,-1.0,1.0,1.0,-1.0,1.0,1.0,1.0,-1.0,-1.0,-1.0	0.09493974,-0.032296892,-0.08500523,-0.20817055,-0.13909322,0.28982624,-0.32228535,0.20536898,-0.3216096,0.3333826,0.39073828,-0.19994575,-0.30389598,-0.3745897,-0.33238292,0.5797354,0.043705642,-0.34935367,0.40303072,0.067347266,0.003703855,-0.33848193,-0.09251118,-0.17335923
../data/train_data_mmini/2/Train_0008.jpg	2	1.0,-1.0,1.0,-1.0,-1.0,1.0,-1.0,1.0,-1.0,1.0,1.0,-1.0,-1.0,-1.0,-1.0,1.0,1.0,-1.0,1.0,1.0,1.0,-1.0,-1.0,-1.0	0.055255935,-0.06242307,0.033118572,-0.11171321,-0.03718574,0.13002674,-0.21757643,0.1472786,-0.15568087,0.18700716,0.29316324,-0.11369494,-0.17101587,-0.21177062,-0.19130903,0.3228198,0.081433326,-0.24565919,0.28312376,0.06465763,0.06886785,-0.24536575,-0.026558662,-0.176666
../data/train_data_mmini/2/Train_0009.jpg	2	1.0,-1.0,-1.0,-1.0,-1.0,1.0,-1.0,1.0,-1.0,1.0,1.0,-1.0,-1.0,-1.0,-1.0,1.0,1.0,-1.0,1.0,1.0,1.0,-1.0,-1.0,-1.0	0.090703696,-0.0041283057,-0.11822289,-0.2049731,-0.14092176,0.27748957,-0.307133,0.24770015,-0.20431545,0.32521787,0.3775712,-0.24908598,-0.24102654,-0.37437066,-0.30096823,0.5368148,0.10827272,-0.27779093,0.47757956,0.017685004,0.05125603,-0.26783466,-0.059763335,-0.16833605
../data/train_data_mmini/3/Train_0010.jpg	3	1.0,-1.0,1.0,-1.0,-1.0,1.0,-1.0,1.0,-1.0,1.0,1.0,-1.0,-1.0,-1.0,-1.0,1.0,1.0,-1.0,1.0,1.0,1.0,-1.0,-1.0,-1.0	0.061623268,-0.09236204,0.054299884,-0.12197092,-0.054732505,0.121590324,-0.17307448,0.1664115,-0.08255652,0.15366659,0.20783177,-0.11134236,-0.08385586,-0.03366394,-0.103635155,0.1997075,0.050390366,-0.12810932,0.15843348,0.028594734,0.022988463,-0.15496622,-0.023759218,-0.18551938
../data/train_data_mmini/3/Train_0011.jpg	3	1.0,-1.0,-1.0,-1.0,-1.0,1.0,-1.0,1.0,-1.0,1.0,1.0,-1.0,-1.0,-1.0,-1.0,1.0,1.0,-1.0,1.0,-1.0,1.0,-1.0,1.0,-1.0	0.063164905,-0.048244838,-0.051204856,-0.07703331,-0.045697704,0.17174259,-0.11731638,0.109614566,-0.02038241,0.17810445,0.31619862,-0.1293154,-0.2341098,-0.37524486,-0.22719556,0.32933405,0.06925019,-0.18614407,0.123354025,-0.013289949,0.17938259,-0.17692353,0.030432962,-0.1569095
../data/train_data_mmini/3/Train_0012.jpg	3	1.0,1.0,-1.0,-1.0,-1.0,1.0,-1.0,1.0,-1.0,1.0,1.0,-1.0,-1.0,-1.0,-1.0,1.0,1.0,-1.0,1.0,-1.0,1.0,-1.0,-1.0,-1.0	0.08436094,0.021583186,-0.14139962,-0.14747287,-0.21663038,0.3372857,-0.24317466,0.1882106,-0.08420946,0.21171653,0.3119986,-0.21907042,-0.19465658,-0.39783922,-0.34931734,0.38541642,0.08589404,-0.14836347,0.2627505,-0.015125463,0.20657909,-0.21596989,-0.04676885,-0.16099927
../data/train_data_mmini/3/Train_0013.jpg	3	1.0,1.0,-1.0,-1.0,-1.0,1.0,-1.0,1.0,-1.0,1.0,1.0,-1.0,-1.0,-1.0,-1.0,1.0,1.0,-1.0,1.0,-1.0,1.0,-1.0,-1.0,-1.0	0.07791148,0.012979701,-0.021845276,-0.15950385,-0.071521275,0.14975409,-0.16529566,0.20189682,-0.033411097,0.18261626,0.1925254,-0.13634777,-0.17294513,-0.19303417,-0.24474213,0.25134107,0.17066607,-0.14523903,0.2621645,-0.0065425267,0.10228337,-0.23573904,-0.016549977,-0.16811487
../data/train_data_mmini/3/Train_0014.jpg	3	1.0,1.0,-1.0,-1.0,-1.0,1.0,-1.0,1.0,-1.0,1.0,1.0,-1.0,-1.0,-1.0,-1.0,1.0,1.0,-1.0,1.0,1.0,1.0,-1.0,-1.0,-1.0	0.037135668,0.04339783,-0.06697576,-0.15378895,-0.025611635,0.22951119,-0.10996159,0.19698454,-0.0788137,0.21170267,0.33176753,-0.05605264,-0.2227881,-0.18717311,-0.150796,0.26820874,0.11429909,-0.23281668,0.23139869,0.010445058,0.03493176,-0.19110921,-0.048551615,-0.18073519
../data/train_data_mmini/4/Train_0015.jpg	4	1.0,-1.0,-1.0,-1.0,-1.0,1.0,-1.0,1.0,-1.0,1.0,1.0,-1.0,-1.0,-1.0,-1.0,1.0,1.0,-1.0,1.0,1.0,1.0,-1.0,-1.0,-1.0	0.09111635,-0.022493115,-0.06246569,-0.12293233,-0.073513135,0.22482474,-0.2598866,0.13149858,-0.17558743,0.19063012,0.32045865,-0.16447115,-0.24335748,-0.28062135,-0.25293556,0.37652707,0.1577282,-0.2314895,0.30210385,0.058861934,0.16395652,-0.2201901,-0.0022204292,-0.13691305
../data/train_data_mmini/4/Train_0016.jpg	4	1.0,1.0,1.0,-1.0,-1.0,1.0,-1.0,1.0,-1.0,1.0,1.0,-1.0,-1.0,-1.0,-1.0,1.0,1.0,-1.0,1.0,-1.0,1.0,-1.0,-1.0,-1.0	0.0031390572,0.0021808231,0.031862795,-0.06378576,-0.059791088,0.19804206,-0.16203964,0.1325159,-0.128349,0.1516332,0.20138016,-0.11875848,-0.1517313,-0.250473,-0.20153476,0.24552922,0.04027461,-0.16924831,0.21948327,-0.045675945,0.08412076,-0.17198823,-0.038046494,-0.10894897
../data/train_data_mmini/4/Train_0017.jpg	4	1.0,1.0,-1.0,-1.0,-1.0,1.0,-1.0,1.0,-1.0,1.0,1.0,-1.0,-1.0,-1.0,-1.0,1.0,1.0,-1.0,1.0,-1.0,1.0,-1.0,-1.0,-1.0	0.079377025,0.016118985,-0.13000926,-0.16543704,-0.13567898,0.14098673,-0.23806489,0.26089397,-0.082548216,0.22081941,0.18601695,-0.14527029,-0.17301786,-0.22936389,-0.38595313,0.31612593,0.09561765,-0.13031352,0.2866295,-0.038967296,0.13502188,-0.27280378,-0.07462224,-0.1261767
../data/train_data_mmini/4/Train_0018.jpg	4	-1.0,-1.0,1.0,-1.0,-1.0,1.0,-1.0,1.0,-1.0,1.0,1.0,-1.0,-1.0,-1.0,-1.0,1.0,1.0,-1.0,1.0,-1.0,1.0,-1.0,-1.0,-1.0	-0.0008054478,-0.063352965,0.03536221,-0.12359261,-0.060462445,0.13456245,-0.1388239,0.10063465,-0.1057503,0.08007702,0.22617075,-0.08387157,-0.108305275,-0.1410999,-0.19865423,0.21863186,0.09573221,-0.16846679,0.17918554,-0.008974102,0.06561748,-0.15484414,-0.03589047,-0.09758106
../data/train_data_mmini/4/Train_0019.jpg	4	1.0,1.0,-1.0,-1.0,-1.0,1.0,-1.0,1.0,-1.0,1.0,1.0,-1.0,-1.0,-1.0,-1.0,1.0,1.0,-1.0,1.0,1.0,1.0,-1.0,-1.0,-1.0	0.065059885,0.045184225,-0.06531589,-0.19466853,-0.106589705,0.11002398,-0.23351927,0.26034293,-0.19710357,0.20223789,0.14297341,-0.08443438,-0.18355499,-0.08547315,-0.25155193,0.3161445,0.12148313,-0.34660706,0.24586776,0.0018964396,0.10588417,-0.2964314,-0.20121822,-0.10030281
../data/train_data_mmini/5/Train_0020.jpg	5	1.0,-1.0,-1.0,-1.0,-1.0,1.0,-1.0,1.0,-1.0,1.0,1.0,-1.0,-1.0,-1.0,-1.0,1.0,1.0,-1.0,1.0,1.0,-1.0,-1.0,-1.0,-1.0	0.06819765,-0.038690634,-0.06591534,-0.18159111,-0.16675054,0.29435366,-0.30962148,0.23182555,-0.29453614,0.3151381,0.2882617,-0.20973389,-0.2620832,-0.29515657,-0.31867743,0.51319504,0.074019454,-0.3276019,0.39130628,0.027597653,-0.00016279526,-0.31995592,-0.08811199,-0.124161705
../data/train_data_mmini/5/Train_0021.jpg	5	1.0,-1.0,-1.0,-1.0,-1.0,1.0,-1.0,1.0,-1.0,1.0,1.0,-1.0,-1.0,-1.0,-1.0,1.0,1.0,-1.0,1.0,1.0,1.0,-1.0,-1.0,-1.0	0.11510508,-0.0010115732,-0.11627381,-0.18152408,-0.102135025,0.2877391,-0.33703426,0.25799444,-0.22661678,0.29353818,0.3828272,-0.17227185,-0.317698,-0.38081688,-0.33455452,0.52295935,0.124827124,-0.40451726,0.4112174,0.07544863,0.03729794,-0.32151914,-0.07238666,-0.13574462
../data/train_data_mmini/5/Train_0022.jpg	5	1.0,1.0,-1.0,-1.0,-1.0,1.0,-1.0,1.0,-1.0,1.0,1.0,-1.0,-1.0,-1.0,-1.0,1.0,1.0,-1.0,1.0,1.0,-1.0,-1.0,-1.0,-1.0	0.059549235,0.0042636963,-0.08371332,-0.20831454,-0.11992649,0.2612131,-0.32062128,0.20505254,-0.255462,0.30747434,0.30574384,-0.13274816,-0.23661257,-0.28767842,-0.33482337,0.49964708,0.07426792,-0.33167735,0.39696944,0.051290404,-0.0048151873,-0.31196228,-0.084433325,-0.13580292
../data/train_data_mmini/5/Train_0023.jpg	5	1.0,1.0,-1.0,-1.0,-1.0,1.0,-1.0,1.0,-1.0,1.0,1.0,-1.0,-1.0,-1.0,-1.0,1.0,1.0,-1.0,1.0,1.0,-1.0,-1.0,-1.0,-1.0	0.10830136,0.04027484,-0.09382155,-0.18769543,-0.14517854,0.26755765,-0.3103529,0.17643061,-0.30043176,0.29516944,0.32546186,-0.19162813,-0.23623711,-0.29873404,-0.31098557,0.50903934,0.068762496,-0.35533285,0.37213007,0.0359349,-0.0022236183,-0.30319014,-0.12345515,-0.13350311
../data/train_data_mmini/5/Train_0024.jpg	5	1.0,1.0,-1.0,-1.0,-1.0,1.0,-1.0,1.0,-1.0,1.0,1.0,-1.0,-1.0,-1.0,-1.0,1.0,1.0,-1.0,1.0,1.0,1.0,-1.0,-1.0,-1.0	0.13626124,0.006934758,-0.13125901,-0.19451019,-0.101243265,0.325235,-0.27343437,0.16865352,-0.24448171,0.3020685,0.40606055,-0.21172048,-0.26778185,-0.39931226,-0.2630001,0.492804,0.06855788,-0.28387392,0.36927652,0.091876924,0.0494374,-0.24814484,-0.04180162,-0.21613283
../data/train_data_mmini/6/Train_0025.jpg	6	1.0,-1.0,-1.0,-1.0,-1.0,1.0,-1.0,1.0,-1.0,1.0,1.0,-1.0,-1.0,-1.0,-1.0,1.0,1.0,-1.0,1.0,1.0,1.0,-1.0,-1.0,-1.0	0.05272917,-0.011817557,-0.035129536,-0.18292718,-0.11980567,0.18025938,-0.18034332,0.19130214,-0.10828193,0.17649157,0.22920033,-0.19202475,-0.1509295,-0.22313991,-0.26826605,0.30077413,0.083314076,-0.19796135,0.26290843,0.005299291,0.09341692,-0.2547737,-0.09483344,-0.1657349
../data/train_data_mmini/6/Train_0026.jpg	6	1.0,-1.0,-1.0,-1.0,-1.0,1.0,-1.0,1.0,-1.0,1.0,1.0,-1.0,-1.0,-1.0,-1.0,1.0,1.0,-1.0,1.0,-1.0,1.0,-1.0,-1.0,-1.0	0.07799777,-0.022801615,-0.11145782,-0.20509225,-0.122224934,0.2535852,-0.24977015,0.24239764,-0.12640254,0.22901106,0.32507882,-0.22939596,-0.1539862,-0.2779783,-0.30099294,0.3730648,0.09147768,-0.24873869,0.28315333,-0.019374695,0.047223866,-0.24778429,-0.03446791,-0.13439208
../data/train_data_mmini/6/Train_0027.jpg	6	1.0,-1.0,1.0,-1.0,-1.0,1.0,-1.0,1.0,-1.0,1.0,1.0,-1.0,-1.0,-1.0,-1.0,1.0,-1.0,-1.0,1.0,-1.0,1.0,-1.0,-1.0,-1.0	0.019745126,-0.06990303,0.02046375,-0.10226857,-0.05984658,0.15534213,-0.19649951,0.14645904,-0.08685505,0.1555656,0.21478163,-0.1429939,-0.08181648,-0.21094306,-0.18402608,0.25533682,-0.010871031,-0.13984616,0.20814502,-0.025085317,0.012173225,-0.12157149,-0.011004496,-0.18048024
../data/train_data_mmini/6/Train_0028.jpg	6	1.0,-1.0,-1.0,-1.0,-1.0,1.0,-1.0,1.0,-1.0,1.0,1.0,-1.0,-1.0,-1.0,-1.0,1.0,1.0,-1.0,1.0,-1.0,1.0,-1.0,-1.0,-1.0	0.09542462,-0.07983405,-0.022698432,-0.10037964,-0.0061957487,0.22731742,-0.15186647,0.12587132,-0.06174734,0.17574395,0.31628072,-0.08039671,-0.1298316,-0.31046382,-0.22399178,0.3860827,0.010197088,-0.22954337,0.22117718,-0.014981133,0.07398268,-0.21356449,-0.07994572,-0.15270649
../data/train_data_mmini/6/Train_0029.jpg	6	1.0,-1.0,-1.0,-1.0,-1.0,1.0,-1.0,1.0,-1.0,1.0,1.0,-1.0,-1.0,-1.0,-1.0,1.0,1.0,-1.0,1.0,1.0,1.0,-1.0,1.0,-1.0	0.06745458,-0.031030104,-0.078654945,-0.17420897,-0.12804769,0.19644584,-0.24567404,0.19934465,-0.15734684,0.22983883,0.26828304,-0.26467422,-0.18834761,-0.23918788,-0.2530537,0.34709436,0.16248177,-0.19260938,0.34914193,0.026875135,0.059827562,-0.27124998,0.024183229,-0.19959545
../data/train_data_mmini/7/Train_0030.jpg	7	1.0,1.0,-1.0,-1.0,-1.0,1.0,-1.0,1.0,-1.0,1.0,1.0,-1.0,-1.0,-1.0,-1.0,1.0,1.0,-1.0,1.0,-1.0,1.0,-1.0,-1.0,-1.0	0.04402437,0.033393204,-0.070819475,-0.22689304,-0.2037119,0.29816526,-0.31515118,0.2607073,-0.271371,0.3342696,0.28373662,-0.22528166,-0.27118978,-0.33450317,-0.36798942,0.5247293,0.1287702,-0.31393722,0.44159093,-0.02834713,0.13562907,-0.31360525,-0.10938835,-0.11355652
../data/train_data_mmini/7/Train_0031.jpg	7	1.0,-1.0,-1.0,-1.0,-1.0,1.0,-1.0,1.0,-1.0,1.0,1.0,-1.0,-1.0,-1.0,-1.0,1.0,1.0,-1.0,1.0,-1.0,1.0,-1.0,-1.0,-1.0	0.077511065,-0.009937013,-0.117811404,-0.22654855,-0.11498748,0.26352787,-0.25337353,0.267383,-0.07865592,0.21743461,0.31398234,-0.17093925,-0.15410818,-0.3094531,-0.4035048,0.4237601,0.14727964,-0.14822738,0.4176352,-0.012428697,0.036008865,-0.24049371,-0.0150651485,-0.17098756
../data/train_data_mmini/7/Train_0032.jpg	7	1.0,-1.0,-1.0,-1.0,1.0,1.0,-1.0,1.0,-1.0,1.0,1.0,-1.0,-1.0,-1.0,-1.0,1.0,1.0,-1.0,1.0,-1.0,1.0,-1.0,1.0,-1.0	0.015719395,-0.07880016,-0.05135768,-0.14119847,0.00205229,0.1905506,-0.19986916,0.15667433,-0.0041157007,0.1803952,0.30333257,-0.122971036,-0.19667199,-0.31821948,-0.23047756,0.30964813,0.07210952,-0.21206044,0.2863912,-0.034674015,0.11505861,-0.15006353,0.02446905,-0.22090168
../data/train_data_mmini/7/Train_0033.jpg	7	1.0,-1.0,-1.0,-1.0,-1.0,1.0,-1.0,1.0,-1.0,1.0,1.0,-1.0,-1.0,-1.0,-1.0,1.0,1.0,-1.0,1.0,-1.0,1.0,-1.0,-1.0,-1.0	0.06387396,-0.0313746,-0.11270098,-0.20768102,-0.106909744,0.29005426,-0.2519613,0.20182477,-0.19655834,0.2816416,0.35279846,-0.23348528,-0.1769654,-0.2776196,-0.299239,0.45809957,0.020884957,-0.25296417,0.3620082,-0.0087036975,0.062570654,-0.22174749,-0.0745872,-0.18667871
../data/train_data_mmini/7/Train_0034.jpg	7	1.0,-1.0,1.0,-1.0,1.0,1.0,-1.0,1.0,1.0,1.0,1.0,-1.0,-1.0,-1.0,-1.0,1.0,1.0,-1.0,1.0,1.0,1.0,-1.0,1.0,-1.0	0.06492491,-0.027525216,0.017826542,-0.09914982,0.09486704,0.19650663,-0.14177555,0.10912827,0.063119486,0.13294312,0.35039592,-0.05105339,-0.15765637,-0.22397289,-0.1379519,0.28243575,0.019677587,-0.18227038,0.11485273,0.014909701,0.079686895,-0.13315769,0.048944116,-0.14918713
../data/train_data_mmini/8/Train_0035.jpg	8	1.0,-1.0,-1.0,-1.0,-1.0,1.0,-1.0,1.0,-1.0,1.0,1.0,-1.0,-1.0,-1.0,-1.0,1.0,1.0,-1.0,1.0,-1.0,1.0,-1.0,1.0,-1.0	0.073168874,-0.03739064,-0.07689434,-0.15079467,-0.07259641,0.24154407,-0.22337234,0.22768208,-0.111776024,0.22030714,0.35182086,-0.25089258,-0.18570976,-0.28286147,-0.24796294,0.41906005,0.13603911,-0.18786848,0.3912659,-0.019209523,0.057094675,-0.2680832,0.05770638,-0.23036388
../data/train_data_mmini/8/Train_0036.jpg	8	1.0,-1.0,-1.0,-1.0,-1.0,1.0,-1.0,1.0,-1.0,1.0,1.0,-1.0,-1.0,-1.0,-1.0,1.0,1.0,-1.0,1.0,-1.0,1.0,-1.0,1.0,-1.0	0.07018389,-0.07562274,-0.09203032,-0.19252034,-0.07419951,0.23412037,-0.19740972,0.23629892,-0.104285605,0.21610445,0.36105332,-0.19327453,-0.1750661,-0.34633777,-0.29081494,0.37097612,0.14799346,-0.16212825,0.36047623,-0.060078982,0.12997657,-0.24150181,0.00861682,-0.19740061
../data/train_data_mmini/8/Train_0037.jpg	8	1.0,-1.0,-1.0,-1.0,-1.0,1.0,-1.0,1.0,-1.0,1.0,1.0,-1.0,-1.0,-1.0,-1.0,1.0,1.0,-1.0,1.0,-1.0,1.0,-1.0,1.0,-1.0	0.09967698,-0.09130358,-0.16021463,-0.15078188,-0.05452301,0.28370625,-0.21711856,0.26005566,-0.09195014,0.29770562,0.41148207,-0.23667684,-0.25616857,-0.41642222,-0.2710364,0.44717237,0.11769946,-0.24818559,0.35455334,-0.013810132,0.1134195,-0.23801234,0.034579676,-0.21403462
../data/train_data_mmini/8/Train_0038.jpg	8	1.0,-1.0,-1.0,-1.0,-1.0,1.0,-1.0,1.0,-1.0,1.0,1.0,-1.0,-1.0,-1.0,-1.0,1.0,1.0,-1.0,1.0,-1.0,1.0,-1.0,1.0,-1.0	0.06278765,-0.025924796,-0.038789388,-0.14979097,-0.074130274,0.26318866,-0.24003348,0.23786433,-0.07765539,0.17848851,0.31092063,-0.17247543,-0.18557195,-0.31943268,-0.26312748,0.35786295,0.15841797,-0.19214387,0.34714025,-0.029530926,0.04221568,-0.23198633,0.050927524,-0.19499229
../data/train_data_mmini/8/Train_0039.jpg	8	1.0,-1.0,-1.0,-1.0,-1.0,1.0,-1.0,1.0,-1.0,1.0,1.0,-1.0,-1.0,-1.0,-1.0,1.0,1.0,-1.0,1.0,-1.0,1.0,-1.0,1.0,-1.0	0.08634612,-0.02832214,-0.10903893,-0.19053271,-0.10939531,0.27421072,-0.21164666,0.21961056,-0.087943085,0.29975694,0.38398227,-0.2507868,-0.18802612,-0.3306398,-0.3286224,0.5063208,0.11917719,-0.1954386,0.39354345,-0.032209158,0.14269644,-0.29593453,0.06942163,-0.22792983
../data/train_data_mmini/9/Train_0040.jpg	9	1.0,-1.0,-1.0,-1.0,-1.0,1.0,-1.0,1.0,-1.0,1.0,1.0,-1.0,-1.0,-1.0,-1.0,1.0,1.0,-1.0,1.0,1.0,1.0,-1.0,-1.0,-1.0	0.120386764,-0.027195832,-0.14597927,-0.1952376,-0.12892194,0.3076747,-0.3411805,0.23216718,-0.2593639,0.29193223,0.3615076,-0.21181773,-0.34790832,-0.3848656,-0.3519905,0.5608383,0.14271414,-0.37487185,0.41682804,0.043865982,0.086932115,-0.32683575,-0.048795823,-0.1856136
../data/train_data_mmini/9/Train_0041.jpg	9	1.0,-1.0,-1.0,-1.0,-1.0,1.0,-1.0,1.0,-1.0,1.0,1.0,-1.0,-1.0,-1.0,-1.0,1.0,1.0,-1.0,1.0,-1.0,1.0,-1.0,-1.0,-1.0	0.018868253,-0.061900623,-0.039013434,-0.17184177,-0.05766352,0.23232695,-0.19466253,0.2053429,-0.054062404,0.22500324,0.23803031,-0.18783909,-0.12768711,-0.2716901,-0.23660082,0.39070717,0.014294662,-0.19036412,0.30690646,-0.0729613,0.05628586,-0.17621647,-0.03840347,-0.16274501
../data/train_data_mmini/9/Train_0042.jpg	9	1.0,-1.0,-1.0,-1.0,-1.0,1.0,-1.0,1.0,-1.0,1.0,1.0,-1.0,-1.0,-1.0,-1.0,1.0,1.0,-1.0,1.0,1.0,1.0,-1.0,1.0,-1.0	0.055966042,-0.0917925,-0.068808086,-0.16004358,-0.096915066,0.28201467,-0.28620878,0.12502018,-0.18223132,0.21826705,0.35110188,-0.17043865,-0.26847503,-0.34099883,-0.24539065,0.43673044,0.107134044,-0.32516405,0.31391016,0.08928259,0.13695972,-0.26637572,0.012998458,-0.15404044
../data/train_data_mmini/9/Train_0043.jpg	9	1.0,-1.0,-1.0,-1.0,-1.0,1.0,-1.0,1.0,-1.0,1.0,1.0,-1.0,-1.0,-1.0,-1.0,1.0,1.0,-1.0,1.0,1.0,1.0,-1.0,-1.0,-1.0	0.09913702,-0.016785074,-0.092075996,-0.17583512,-0.11699516,0.23314427,-0.33167276,0.2411143,-0.2380898,0.32392162,0.33656314,-0.18549863,-0.26756918,-0.27649426,-0.31972587,0.532392,0.1167839,-0.3364133,0.43432125,0.042270835,0.04097561,-0.33701053,-0.063965365,-0.15733832
../data/train_data_mmini/9/Train_0044.jpg	9	1.0,-1.0,-1.0,-1.0,-1.0,1.0,-1.0,1.0,-1.0,1.0,1.0,-1.0,-1.0,-1.0,-1.0,1.0,1.0,-1.0,1.0,1.0,1.0,-1.0,1.0,-1.0	0.05914487,-0.036552664,-0.14453892,-0.19554858,-0.17683746,0.2888598,-0.32740214,0.21255103,-0.16569422,0.31123757,0.32347506,-0.23592569,-0.2621402,-0.31505272,-0.35052466,0.46791184,0.12465237,-0.22461712,0.41548082,0.062871605,0.094073504,-0.31368133,0.01044194,-0.18484025
../data/train_data_mmini/10/Train_0045.jpg	10	1.0,1.0,-1.0,-1.0,1.0,1.0,-1.0,1.0,1.0,1.0,1.0,-1.0,-1.0,-1.0,-1.0,1.0,1.0,-1.0,1.0,-1.0,1.0,-1.0,1.0,-1.0	0.07792376,0.029867528,-0.013824773,-0.1585747,0.034357566,0.13868728,-0.09178672,0.1907504,0.08346801,0.12759615,0.30741492,-0.15550508,-0.105303675,-0.19201742,-0.18137302,0.25277475,0.033289123,-0.053642593,0.26194245,-0.09016971,0.08086423,-0.21368489,0.07418946,-0.31118384
../data/train_data_mmini/10/Train_0046.jpg	10	1.0,-1.0,-1.0,-1.0,-1.0,1.0,-1.0,1.0,-1.0,1.0,1.0,-1.0,-1.0,-1.0,-1.0,1.0,1.0,-1.0,1.0,1.0,1.0,-1.0,1.0,-1.0	0.059126705,-0.009260885,-0.06334061,-0.06562824,-0.025368782,0.17203794,-0.12605022,0.10819582,-0.0426904,0.21209691,0.2575806,-0.13385426,-0.17490847,-0.20357493,-0.15704376,0.2410885,0.091437265,-0.13915555,0.18565847,0.014379179,0.13154,-0.18339369,0.09157926,-0.18931164
../data/train_data_mmini/10/Train_0047.jpg	10	1.0,-1.0,-1.0,-1.0,1.0,1.0,-1.0,1.0,1.0,1.0,1.0,-1.0,-1.0,-1.0,-1.0,1.0,1.0,-1.0,1.0,-1.0,1.0,-1.0,1.0,-1.0	0.08363434,-0.039839886,-0.066269815,-0.19212274,0.047280017,0.22171508,-0.16679358,0.28916663,0.0040209778,0.18053062,0.4020074,-0.19109574,-0.17216003,-0.30514023,-0.2029823,0.34849492,0.1659624,-0.18053743,0.33383986,-0.03746979,0.11006818,-0.33063978,0.0033460709,-0.25680658
../data/train_data_mmini/10/Train_0048.jpg	10	1.0,-1.0,-1.0,-1.0,-1.0,1.0,-1.0,1.0,1.0,1.0,1.0,-1.0,-1.0,-1.0,-1.0,1.0,1.0,-1.0,1.0,-1.0,1.0,-1.0,1.0,-1.0	0.037507724,-0.047132127,-0.06585208,-0.15907949,-0.09339852,0.243175,-0.14153238,0.17011403,0.02050803,0.24963765,0.33347014,-0.21425174,-0.13012981,-0.25513768,-0.224259,0.34547654,0.080172524,-0.13191985,0.3014474,-0.043335482,0.14842515,-0.2634323,0.079602174,-0.24909517
../data/train_data_mmini/10/Train_0049.jpg	10	1.0,-1.0,-1.0,-1.0,-1.0,1.0,-1.0,1.0,-1.0,1.0,1.0,-1.0,-1.0,-1.0,-1.0,1.0,1.0,-1.0,1.0,-1.0,1.0,-1.0,1.0,-1.0	0.058528315,-0.033891942,-0.11384276,-0.18399239,-0.07338447,0.29404625,-0.20451137,0.25993246,-0.08259368,0.25398007,0.35507274,-0.2117259,-0.18977703,-0.3368142,-0.22275451,0.42958528,0.0770695,-0.24443883,0.38849646,-0.027924012,0.06293374,-0.27673534,0.032481674,-0.22493514
