../data/train_data_mmini/1/Train_0000.jpg	1	-1.0,-1.0,-1.0,1.0,-1.0,1.0,1.0,-1.0	-2.1093292,-4.1845107,-0.60920864,3.1836817,-1.7516419,2.4146402,3.1972258,-3.7181537
../data/train_data_mmini/1/Train_0001.jpg	1	1.0,-1.0,-1.0,1.0,1.0,-1.0,-1.0,1.0	1.1947838,-0.66139585,-0.3717522,1.9225721,1.0037141,-1.1958908,-1.4654914,0.84942853
../data/train_data_mmini/1/Train_0002.jpg	1	1.0,-1.0,-1.0,1.0,-1.0,-1.0,1.0,1.0	1.9323308,-0.5277405,-1.762196,2.0812573,-0.44252306,-0.75392395,0.5538111,1.5157725
../data/train_data_mmini/1/Train_0003.jpg	1	-1.0,-1.0,1.0,1.0,-1.0,1.0,1.0,-1.0	-2.799001,-4.2377844,0.33362496,2.9523587,-0.9150564,2.5014405,2.181353,-4.2246995
../data/train_data_mmini/1/Train_0004.jpg	1	-1.0,-1.0,-1.0,1.0,-1.0,1.0,1.0,-1.0	-1.1589503,-2.743303,-1.2874085,3.0944948,-1.8185927,1.5701143,2.5030544,-2.7815154
../data/train_data_mmini/2/Train_0005.jpg	2	1.0,1.0,-1.0,1.0,-1.0,-1.0,-1.0,1.0	4.912899,0.37391937,-1.6950355,2.4019077,-0.4491563,-2.5387251,-1.0417715,3.3292658
../data/train_data_mmini/2/Train_0006.jpg	2	1.0,-1.0,1.0,1.0,1.0,-1.0,1.0,1.0	4.6685114,-0.19144824,0.5374464,1.8354254,0.8085896,-1.5742464,1.6102533,1.3289001
../data/train_data_mmini/2/Train_0007.jpg	2	-1.0,-1.0,-1.0,1.0,-1.0,1.0,1.0,-1.0	-2.9945097,-5.2023463,-1.212725,4.1869283,-3.4019425,3.6118634,4.8171983,-5.42354
../data/train_data_mmini/2/Train_0008.jpg	2	1.0,1.0,-1.0,1.0,-1.0,-1.0,1.0,1.0	2.3233047,0.6014882,-2.288135,2.270467,-1.410021,-0.66331184,1.656846,1.3383412
../data/train_data_mmini/2/Train_0009.jpg	2	1.0,-1.0,-1.0,1.0,-1.0,1.0,1.0,-1.0	2.8175225,-4.1346817,-1.5723588,4.657094,-2.1689615,0.25604796,2.6232011,-0.6092102
../data/train_data_mmini/3/Train_0010.jpg	3	1.0,1.0,-1.0,1.0,1.0,-1.0,-1.0,1.0	5.295829,2.2272391,-1.0037259,2.1468213,0.6853192,-3.0398948,-2.1147938,4.1657004
../data/train_data_mmini/3/Train_0011.jpg	3	1.0,1.0,-1.0,1.0,1.0,-1.0,-1.0,1.0	5.0506973,0.86979145,-2.3801467,2.6672866,0.54060614,-3.0379992,-2.1939063,5.0514197
../data/train_data_mmini/3/Train_0012.jpg	3	1.0,-1.0,-1.0,1.0,1.0,-1.0,-1.0,1.0	4.2427444,-1.7593193,-0.93408865,2.4614935,1.044267,-2.3663793,-0.7663772,2.718201
../data/train_data_mmini/3/Train_0013.jpg	3	1.0,1.0,-1.0,1.0,1.0,-1.0,-1.0,1.0	6.5204716,2.2915144,-1.5619668,1.7980379,1.0476036,-3.5543523,-0.4443585,4.967588
../data/train_data_mmini/3/Train_0014.jpg	3	1.0,1.0,-1.0,1.0,-1.0,-1.0,-1.0,1.0	5.0744963,1.4533104,-1.7529427,2.5592198,-0.02129453,-2.7361646,-1.0376315,3.8540666
../data/train_data_mmini/4/Train_0015.jpg	4	1.0,-1.0,-1.0,1.0,-1.0,1.0,1.0,-1.0	0.8601119,-2.588123,-2.2306979,3.0298824,-1.9485598,0.7694799,3.6301823,-0.8817784
../data/train_data_mmini/4/Train_0016.jpg	4	1.0,1.0,-1.0,1.0,1.0,-1.0,-1.0,1.0	3.2256286,0.93980336,-0.539461,1.5283148,1.4412419,-2.5115092,-3.3228638,3.9827683
../data/train_data_mmini/4/Train_0017.jpg	4	1.0,1.0,-1.0,1.0,1.0,-1.0,-1.0,1.0	7.297266,0.8252563,-0.65402937,2.2684646,1.56064,-3.7752674,-1.1318523,5.263064
../data/train_data_mmini/4/Train_0018.jpg	4	1.0,1.0,-1.0,1.0,-1.0,-1.0,-1.0,1.0	3.9602232,0.6059003,-1.9119121,2.1905568,-0.53336,-2.1735559,-0.99099565,3.4685862
../data/train_data_mmini/4/Train_0019.jpg	4	1.0,1.0,-1.0,1.0,1.0,-1.0,-1.0,1.0	5.7105207,2.408934,-0.33398476,1.4839973,0.8896035,-2.8491304,-0.29423165,3.4312103
../data/train_data_mmini/5/Train_0020.jpg	5	-1.0,-1.0,-1.0,1.0,-1.0,1.0,1.0,-1.0	-2.2804124,-2.8132534,-0.46581405,2.715169,-1.4385837,1.8385414,1.5080003,-3.55661
../data/train_data_mmini/5/Train_0021.jpg	5	1.0,-1.0,-1.0,1.0,-1.0,1.0,1.0,-1.0	1.3156173,-2.2970345,-1.5001537,3.4656374,-1.0363941,0.3699314,2.423662,-0.6723131
../data/train_data_mmini/5/Train_0022.jpg	5	-1.0,-1.0,-1.0,1.0,-1.0,1.0,1.0,-1.0	-1.0135914,-3.6400907,-0.9564943,3.4705553,-2.568494,2.369577,4.181737,-3.7678604
../data/train_data_mmini/5/Train_0023.jpg	5	-1.0,-1.0,-1.0,1.0,-1.0,1.0,1.0,-1.0	-3.617644,-4.33784,-0.002832938,3.069045,-1.8107989,3.3143127,3.4626808,-5.22819
../data/train_data_mmini/5/Train_0024.jpg	5	-1.0,-1.0,-1.0,1.0,-1.0,1.0,1.0,-1.0	-0.016787035,-4.4118237,-1.5249639,4.2274594,-2.2840424,1.4319758,2.8850143,-2.3948822
../data/train_data_mmini/6/Train_0025.jpg	6	1.0,1.0,-1.0,1.0,1.0,-1.0,-1.0,1.0	8.19296,0.19850758,-0.22712606,3.280144,1.8654869,-4.349732,-2.8086286,5.443624
../data/train_data_mmini/6/Train_0026.jpg	6	1.0,-1.0,-1.0,1.0,-1.0,-1.0,-1.0,-1.0	0.9593582,-2.459715,-1.1585162,3.2109728,-1.2309405,-0.13586426,-0.020612951,-0.7289953
../data/train_data_mmini/6/Train_0027.jpg	6	1.0,1.0,-1.0,1.0,1.0,-1.0,-1.0,1.0	5.924714,1.2873751,-0.89434695,2.71165,1.4623345,-3.6266665,-3.5633378,5.2737446
../data/train_data_mmini/6/Train_0028.jpg	6	1.0,-1.0,-1.0,1.0,-1.0,-1.0,-1.0,1.0	2.0888445,-0.28447396,-2.2450514,3.0863142,-1.650095,-0.63058305,-0.23073749,1.3702766
../data/train_data_mmini/6/Train_0029.jpg	6	1.0,-1.0,-1.0,1.0,-1.0,-1.0,1.0,1.0	6.422348,-2.9857721,-1.1887971,4.1037993,-0.9875495,-1.8510149,2.5976508,2.6507561
../data/train_data_mmini/7/Train_0030.jpg	7	1.0,-1.0,-1.0,1.0,-1.0,1.0,1.0,-1.0	1.8605578,-4.655806,-0.6512633,4.0456686,-1.3675005,0.72697484,2.9048007,-1.492606
../data/train_data_mmini/7/Train_0031.jpg	7	1.0,-1.0,-1.0,1.0,1.0,-1.0,-1.0,1.0	6.4881883,-0.41602322,-1.4016585,3.2442062,0.13415265,-3.1915693,-1.0962037,4.181312
../data/train_data_mmini/7/Train_0032.jpg	7	1.0,1.0,-1.0,1.0,1.0,-1.0,-1.0,1.0	8.404185,3.4783916,-2.4475973,2.6628869,1.6313306,-5.792019,-3.775539,7.79105
../data/train_data_mmini/7/Train_0033.jpg	7	1.0,-1.0,-1.0,1.0,-1.0,-1.0,1.0,1.0	3.62189,-3.5505943,-0.50844145,4.1717772,-1.2074718,-0.77762306,0.8009219,0.36479247
../data/train_data_mmini/7/Train_0034.jpg	7	1.0,1.0,-1.0,1.0,1.0,-1.0,-1.0,1.0	6.905269,3.4588048,-1.7047348,2.9424183,1.8703089,-5.078892,-4.42055,6.732883
../data/train_data_mmini/8/Train_0035.jpg	8	1.0,-1.0,-1.0,1.0,-1.0,-1.0,1.0,1.0	4.699936,-3.4828348,-2.192329,4.7305574,-2.585658,-0.24539067,3.837876,0.64709914
../data/train_data_mmini/8/Train_0036.jpg	8	1.0,-1.0,-1.0,1.0,-1.0,-1.0,1.0,1.0	7.126799,-2.8921463,-2.3913283,4.9465833,-2.1681204,-1.9339727,1.6920806,2.938694
../data/train_data_mmini/8/Train_0037.jpg	8	1.0,-1.0,-1.0,1.0,-1.0,-1.0,-1.0,1.0	7.149909,-1.3209716,-2.8116994,4.7397933,-0.66056997,-3.2207475,-1.276714,5.0927057
../data/train_data_mmini/8/Train_0038.jpg	8	1.0,-1.0,-1.0,1.0,-1.0,-1.0,1.0,1.0	4.2538757,-1.4589021,-1.7618446,3.501645,-0.66764027,-1.3050523,0.9696669,1.8967005
../data/train_data_mmini/8/Train_0039.jpg	8	1.0,-1.0,-1.0,1.0,-1.0,-1.0,1.0,1.0	8.088482,-4.1810007,-2.936414,5.807102,-3.073221,-1.4903762,4.1569366,2.6059747
../data/train_data_mmini/9/Train_0040.jpg	9	1.0,-1.0,-1.0,1.0,-1.0,1.0,1.0,-1.0	0.95686054,-3.5639968,-2.1181326,4.339786,-2.6437223,1.2979883,3.9720423,-1.6505072
../data/train_data_mmini/9/Train_0041.jpg	9	1.0,1.0,-1.0,1.0,1.0,-1.0,-1.0,1.0	6.3929944,1.6911675,-1.434799,2.652462,0.42175895,-4.151908,-3.7841408,5.3227086
../data/train_data_mmini/9/Train_0042.jpg	9	1.0,-1.0,-1.0,1.0,-1.0,-1.0,1.0,1.0	2.3332186,-0.84042776,-2.5382304,2.9699974,-0.9679683,-0.8578249,1.1958213,1.5675161
../data/train_data_mmini/9/Train_0043.jpg	9	1.0,-1.0,-1.0,1.0,-1.0,1.0,1.0,-1.0	1.8057561,-3.0934463,-1.8730173,4.1540236,-2.9734886,1.1579891,4.6918116,-1.7178509
../data/train_data_mmini/9/Train_0044.jpg	9	1.0,-1.0,-1.0,1.0,-1.0,-1.0,1.0,1.0	5.0028543,-2.389438,-0.82103366,3.5667157,-0.21762359,-1.3886521,1.8599741,1.7940435
../data/train_data_mmini/10/Train_0045.jpg	10	1.0,1.0,-1.0,1.0,-1.0,-1.0,-1.0,1.0	12.571687,0.46382076,-2.9822195,4.8057795,-0.57770675,-5.5976324,-0.43225253,8.252106
../data/train_data_mmini/10/Train_0046.jpg	10	1.0,1.0,-1.0,1.0,1.0,-1.0,-1.0,1.0	6.948335,0.97145104,-1.4444308,2.636274,1.1679094,-3.3718948,-1.0311713,5.465323
../data/train_data_mmini/10/Train_0047.jpg	10	1.0,1.0,-1.0,1.0,-1.0,-1.0,-1.0,1.0	11.095617,0.91350925,-3.0964055,4.6592317,-0.43442217,-4.9783735,-0.8455761,7.443017
../data/train_data_mmini/10/Train_0048.jpg	10	1.0,1.0,-1.0,1.0,-1.0,-1.0,1.0,1.0	11.07822,0.31513092,-2.5020194,4.0796494,-0.50053227,-4.389889,0.20074949,6.763236
../data/train_data_mmini/10/Train_0049.jpg	10	1.0,-1.0,-1.0,1.0,-1.0,-1.0,1.0,1.0	8.072814,-2.6538146,-2.8787508,5.4079785,-2.192744,-2.1218913,2.3035429,3.5159588
