../data/train_data_mmini/1/Train_0000.jpg	1	-1.0,1.0,-1.0,1.0,-1.0,-1.0,-1.0,-1.0,-1.0,-1.0,1.0,-1.0	-0.5901317,0.98172605,-0.33198187,0.5717097,-1.014193,-1.7115556,-1.1851503,-0.5244804,-1.4056025,-0.31636348,1.2918546,-0.28413796
../data/train_data_mmini/1/Train_0001.jpg	1	-1.0,1.0,-1.0,1.0,-1.0,-1.0,-1.0,-1.0,-1.0,1.0,1.0,-1.0	-0.093290456,0.47257736,-0.54329526,0.54776067,-0.3535512,-0.28688028,-0.23129436,-0.21175966,-0.8376917,0.3747974,0.21533714,-0.16377313
../data/train_data_mmini/1/Train_0002.jpg	1	-1.0,-1.0,-1.0,1.0,1.0,1.0,1.0,1.0,-1.0,-1.0,-1.0,-1.0	-0.6078115,-0.31933695,-0.5680623,0.8361864,0.014817166,0.6818104,0.8424373,0.049452275,-0.77622575,-0.4782434,-0.62537646,-0.48390174
../data/train_data_mmini/1/Train_0003.jpg	1	-1.0,1.0,1.0,-1.0,-1.0,-1.0,-1.0,-1.0,-1.0,-1.0,1.0,-1.0	-0.11868776,1.158112,0.46466073,-0.008902034,-1.4763138,-2.515395,-1.9130095,-0.4703767,-1.3943428,-0.052694388,1.2907938,-0.20258114
../data/train_data_mmini/1/Train_0004.jpg	1	-1.0,1.0,1.0,1.0,-1.0,-1.0,-1.0,-1.0,-1.0,-1.0,1.0,1.0	-0.4743291,0.6798483,0.05057663,0.24347234,-0.75651056,-1.3610047,-0.85416526,-0.083386935,-0.64811295,-0.4021104,1.1473798,0.0035447746
../data/train_data_mmini/2/Train_0005.jpg	2	1.0,-1.0,-1.0,-1.0,1.0,1.0,1.0,1.0,1.0,1.0,-1.0,-1.0	0.1848102,-0.7419327,-0.03771503,-0.055415273,0.4179307,0.67941123,1.2256107,0.39050937,0.63434386,0.32108873,-0.89939845,-0.0970669
../data/train_data_mmini/2/Train_0006.jpg	2	1.0,-1.0,-1.0,-1.0,-1.0,1.0,1.0,-1.0,1.0,1.0,-1.0,-1.0	0.19366029,-0.21582076,-0.40479997,-0.18807113,-0.08513223,0.37455758,0.4519755,-0.025620962,0.30559492,0.28518787,-0.3520022,-0.20981182
../data/train_data_mmini/2/Train_0007.jpg	2	-1.0,1.0,1.0,1.0,-1.0,-1.0,-1.0,-1.0,-1.0,-1.0,1.0,-1.0	-0.43329224,1.2082797,0.33610326,0.18226841,-1.5542376,-2.5857654,-1.9996619,-0.27317518,-1.466682,-0.49868757,1.6751262,-0.13364606
../data/train_data_mmini/2/Train_0008.jpg	2	-1.0,1.0,-1.0,1.0,-1.0,1.0,1.0,1.0,-1.0,-1.0,1.0,-1.0	-0.52047515,0.017472053,-0.4587613,0.80329025,-0.041431185,0.45742163,0.60021865,0.31333825,-0.19174981,-0.33641005,0.22099172,-0.2076036
../data/train_data_mmini/2/Train_0009.jpg	2	-1.0,-1.0,-1.0,1.0,-1.0,-1.0,1.0,-1.0,-1.0,1.0,1.0,-1.0	-0.057893634,-0.009250736,-0.31229302,0.09123938,-0.042856406,-0.444149,0.1987039,-0.19905388,-0.11720635,0.084110305,0.05181809,-0.0566102
../data/train_data_mmini/3/Train_0010.jpg	3	1.0,-1.0,-1.0,1.0,1.0,1.0,1.0,1.0,1.0,1.0,-1.0,-1.0	0.57163227,-0.6551879,-0.07307529,0.30359408,0.58022225,1.2763602,0.99667126,0.52174366,0.6541808,0.86608136,-0.9831952,-0.44564447
../data/train_data_mmini/3/Train_0011.jpg	3	-1.0,-1.0,-1.0,1.0,1.0,1.0,1.0,1.0,-1.0,-1.0,-1.0,-1.0	-0.67921007,-0.5595603,-1.2435333,1.1062175,1.2575619,2.3719225,2.1737995,0.5932273,-0.0039019836,-0.15278181,-1.388553,-0.18389383
../data/train_data_mmini/3/Train_0012.jpg	3	-1.0,-1.0,1.0,-1.0,1.0,1.0,1.0,1.0,1.0,-1.0,-1.0,1.0	-0.05468475,-0.3541378,0.24000657,-0.6124036,0.34205198,0.41242152,0.9436488,0.41530162,0.58482563,-0.010660008,-0.73608893,0.3757104
../data/train_data_mmini/3/Train_0013.jpg	3	1.0,-1.0,-1.0,-1.0,1.0,1.0,1.0,1.0,1.0,1.0,-1.0,1.0	0.09017811,-0.9299144,-0.32051197,-0.039369673,0.81182784,2.0963345,2.0365524,0.5078375,1.2796324,0.69053215,-1.2520523,0.21102387
../data/train_data_mmini/3/Train_0014.jpg	3	-1.0,-1.0,-1.0,1.0,1.0,1.0,1.0,1.0,1.0,1.0,-1.0,-1.0	-0.491274,-0.7136807,-0.7024555,0.27951983,0.6116968,1.074095,1.5438606,0.30373666,0.4743584,0.12905765,-0.52490443,-0.24573472
../data/train_data_mmini/4/Train_0015.jpg	4	-1.0,1.0,-1.0,1.0,-1.0,-1.0,1.0,-1.0,-1.0,-1.0,1.0,1.0	-0.7784446,0.10874387,-0.38456082,0.53466976,-0.25334847,-0.2415527,0.17334047,-0.008039386,-0.44079912,-0.6054309,0.22197248,0.04027387
../data/train_data_mmini/4/Train_0016.jpg	4	-1.0,-1.0,-1.0,1.0,1.0,1.0,1.0,-1.0,-1.0,1.0,-1.0,-1.0	-0.27525973,-0.38462535,-0.29911974,0.41019017,0.1350685,0.3821418,0.85779184,-0.0014346625,-0.3749206,0.384184,-0.57144326,-0.07650356
../data/train_data_mmini/4/Train_0017.jpg	4	1.0,-1.0,-1.0,1.0,1.0,1.0,1.0,1.0,1.0,1.0,-1.0,1.0	0.07904579,-0.74815637,-0.90616566,0.08789266,0.97970426,1.6495337,1.8644799,0.093700044,0.53382117,0.25986844,-1.5608591,0.14378053
../data/train_data_mmini/4/Train_0018.jpg	4	-1.0,-1.0,-1.0,1.0,1.0,1.0,1.0,1.0,1.0,-1.0,-1.0,-1.0	-0.25888714,-0.58020425,-0.6958953,0.5853552,0.54254764,0.88023,1.0757862,0.13055748,0.09999618,-0.012462784,-0.7229232,-0.070698656
../data/train_data_mmini/4/Train_0019.jpg	4	1.0,-1.0,1.0,-1.0,-1.0,1.0,1.0,1.0,1.0,1.0,-1.0,-1.0	0.6986007,-0.8254986,0.32912108,-0.60269326,-0.12841125,0.7211083,0.72990245,0.5834134,0.8821072,0.4028611,-0.63557315,-0.15958464
../data/train_data_mmini/5/Train_0020.jpg	5	-1.0,1.0,1.0,-1.0,-1.0,-1.0,-1.0,-1.0,-1.0,-1.0,1.0,-1.0	-0.23254465,0.97464,0.39987686,-0.021433247,-1.497876,-2.4244802,-1.7312374,-0.28859305,-1.2715245,-0.3303251,1.2621611,-0.1370972
../data/train_data_mmini/5/Train_0021.jpg	5	-1.0,1.0,-1.0,1.0,-1.0,-1.0,1.0,1.0,-1.0,-1.0,1.0,1.0	-0.73732585,0.3776169,-0.54375947,0.48772022,-0.23405719,-0.24210475,0.2708909,0.029980203,-0.18764804,-0.4801918,0.3094616,0.14644814
../data/train_data_mmini/5/Train_0022.jpg	5	-1.0,1.0,1.0,-1.0,-1.0,-1.0,-1.0,-1.0,-1.0,-1.0,1.0,-1.0	-0.0879327,0.6591481,0.34377024,-0.011483869,-1.0980058,-1.7003938,-1.1757051,-0.14617075,-0.5493458,-0.2957254,1.2540623,-0.1252678
../data/train_data_mmini/5/Train_0023.jpg	5	-1.0,1.0,1.0,-1.0,-1.0,-1.0,-1.0,-1.0,-1.0,-1.0,1.0,-1.0	-0.2188492,1.3555565,0.46065533,-0.11361115,-1.7103918,-2.9322536,-2.2783227,-0.6246311,-1.503759,-0.48603037,1.8004893,-0.19422685
../data/train_data_mmini/5/Train_0024.jpg	5	-1.0,1.0,1.0,1.0,-1.0,-1.0,-1.0,1.0,-1.0,-1.0,1.0,1.0	-0.48238054,0.49420702,0.3274118,0.07394345,-0.59674376,-0.997172,-0.3707292,0.05313801,-0.29353604,-0.33759388,0.43283394,0.009882507
../data/train_data_mmini/6/Train_0025.jpg	6	1.0,-1.0,1.0,-1.0,1.0,1.0,1.0,1.0,1.0,1.0,-1.0,-1.0	1.0090984,-1.5313333,0.9953591,-1.420685,1.1296088,1.7874937,1.9128346,0.7528083,1.5743916,1.4668444,-2.3433795,-0.2944184
../data/train_data_mmini/6/Train_0026.jpg	6	-1.0,1.0,-1.0,1.0,-1.0,-1.0,-1.0,-1.0,-1.0,1.0,-1.0,-1.0	-0.24365997,0.28214207,-0.997733,1.0046982,-0.2124902,-0.56205434,-0.5921692,-0.17149319,-1.1571187,0.080639035,-0.065455034,-0.07912155
../data/train_data_mmini/6/Train_0027.jpg	6	1.0,-1.0,-1.0,1.0,1.0,1.0,1.0,1.0,1.0,1.0,-1.0,-1.0	0.31144676,-0.8799661,-0.4504076,0.010905681,1.0915354,1.645579,1.6106517,0.4620113,0.6328568,0.7689022,-1.5214146,-0.08543847
../data/train_data_mmini/6/Train_0028.jpg	6	-1.0,-1.0,-1.0,1.0,1.0,1.0,1.0,1.0,-1.0,-1.0,-1.0,-1.0	-0.79580516,-0.15983981,-0.9233565,0.7952718,0.41950637,0.91544825,1.0656774,0.23706552,-0.31259465,-0.5312933,-0.21002394,-0.013357463
../data/train_data_mmini/6/Train_0029.jpg	6	1.0,-1.0,1.0,-1.0,1.0,1.0,1.0,1.0,1.0,1.0,-1.0,-1.0	0.62671447,-1.0314552,0.51566577,-0.42419747,0.7113743,1.0609273,1.4709921,0.45215392,1.0718825,0.87408215,-1.4517978,-0.0775103
../data/train_data_mmini/7/Train_0030.jpg	7	-1.0,1.0,1.0,-1.0,-1.0,-1.0,-1.0,-1.0,-1.0,1.0,1.0,-1.0	-0.06721451,0.13456166,0.0022076408,-0.21858041,-0.61879396,-0.8708646,-0.17398582,-0.18779325,-0.41208395,0.06690177,0.1677133,-0.014338094
../data/train_data_mmini/7/Train_0031.jpg	7	1.0,-1.0,-1.0,-1.0,1.0,1.0,1.0,1.0,1.0,1.0,-1.0,1.0	0.29201636,-0.6190144,-0.035443973,-0.20167963,0.6042775,1.0437243,1.429829,0.1481314,0.8599631,0.61833733,-1.1743106,0.3976968
../data/train_data_mmini/7/Train_0032.jpg	7	-1.0,-1.0,-1.0,1.0,1.0,1.0,1.0,1.0,1.0,1.0,-1.0,1.0	-0.3245099,-1.4321926,-1.272643,0.43672726,2.0437567,3.4326932,3.5894792,0.7887187,1.377318,0.3325286,-2.0345542,0.29863852
../data/train_data_mmini/7/Train_0033.jpg	7	1.0,-1.0,-1.0,1.0,-1.0,-1.0,1.0,1.0,-1.0,1.0,-1.0,-1.0	0.19117455,-0.14001182,-0.11696639,0.06861856,-0.14977856,-0.20479296,0.50906926,0.14389357,-0.0030250987,0.38703898,-0.3040562,-0.19521672
../data/train_data_mmini/7/Train_0034.jpg	7	-1.0,-1.0,-1.0,1.0,1.0,1.0,1.0,1.0,1.0,1.0,-1.0,1.0	-0.05689607,-1.2554,-0.5273851,0.4375635,1.7501462,3.299964,3.0607185,1.3530548,1.4904666,0.5386333,-2.0331268,0.15909818
../data/train_data_mmini/8/Train_0035.jpg	8	-1.0,-1.0,-1.0,-1.0,1.0,1.0,1.0,1.0,1.0,1.0,-1.0,1.0	-0.19782877,-0.5436547,-0.18562317,-0.243684,0.647337,1.0702802,1.3772954,0.11026666,0.97822684,0.26702613,-0.5024715,0.073564254
../data/train_data_mmini/8/Train_0036.jpg	8	1.0,-1.0,1.0,-1.0,1.0,1.0,1.0,1.0,1.0,1.0,-1.0,1.0	0.2546251,-1.1249682,0.18788661,-0.5534138,0.77808815,1.1688514,1.6492068,0.34523013,0.9987928,0.42262885,-1.4022923,0.10065166
../data/train_data_mmini/8/Train_0037.jpg	8	-1.0,-1.0,-1.0,1.0,1.0,1.0,1.0,1.0,1.0,1.0,-1.0,1.0	-0.2274484,-0.5493735,-0.8418261,0.8466618,0.88747126,1.594453,1.7253671,0.5197472,0.20339994,0.28735217,-1.4160562,0.12672634
../data/train_data_mmini/8/Train_0038.jpg	8	1.0,-1.0,1.0,-1.0,1.0,1.0,1.0,1.0,1.0,1.0,-1.0,1.0	0.02550567,-0.25112346,0.14824007,-0.09464843,0.27140194,0.68301237,0.99119,0.40449682,0.4983004,0.23256831,-0.53898877,0.06856113
../data/train_data_mmini/8/Train_0039.jpg	8	1.0,-1.0,-1.0,-1.0,1.0,1.0,1.0,1.0,1.0,1.0,-1.0,1.0	0.0971928,-1.0695057,-0.29319838,-0.3647037,1.2219958,2.000622,2.4878395,0.4076932,1.6404446,0.42358068,-1.3531115,0.088846445
../data/train_data_mmini/9/Train_0040.jpg	9	-1.0,1.0,1.0,1.0,-1.0,-1.0,-1.0,1.0,-1.0,-1.0,1.0,-1.0	-0.55659616,0.628947,0.0058336146,0.30872285,-0.7209553,-0.9375373,-0.47759295,0.1043401,-0.6662972,-0.5137295,0.6536853,-0.08724463
../data/train_data_mmini/9/Train_0041.jpg	9	1.0,-1.0,-1.0,-1.0,1.0,1.0,1.0,1.0,1.0,1.0,-1.0,-1.0	0.5697668,-0.7387105,-0.14965503,-0.1452382,0.61655706,1.3356193,1.5271894,0.6010128,0.56637746,0.82509583,-1.2529769,-0.0029577867
../data/train_data_mmini/9/Train_0042.jpg	9	-1.0,1.0,1.0,1.0,-1.0,1.0,1.0,1.0,-1.0,-1.0,-1.0,1.0	-0.590481,0.19913526,0.024246711,0.40324342,-0.05994427,0.23950048,0.48086342,0.45109683,-0.28745538,-0.34518963,-0.2821396,0.035478022
../data/train_data_mmini/9/Train_0043.jpg	9	-1.0,1.0,-1.0,1.0,-1.0,-1.0,-1.0,1.0,-1.0,-1.0,1.0,-1.0	-0.45708653,0.2220263,-0.2823603,0.19009548,-0.40409034,-0.42891157,-0.079545036,0.10400479,-0.15190674,-0.3074262,0.51303846,-0.2102562
../data/train_data_mmini/9/Train_0044.jpg	9	1.0,-1.0,1.0,-1.0,1.0,1.0,1.0,1.0,1.0,1.0,-1.0,-1.0	0.30467364,-0.45472765,0.41023067,-0.55096465,0.0500529,0.1400114,0.74065894,0.34358004,0.50848305,0.39624152,-0.6881343,-0.21492347
../data/train_data_mmini/10/Train_0045.jpg	10	1.0,-1.0,-1.0,-1.0,1.0,1.0,1.0,1.0,1.0,1.0,-1.0,1.0	0.5826637,-2.2021902,-0.33670634,-0.39524233,2.5761118,4.173992,4.5247912,1.2110689,3.1365423,1.3441713,-2.6509182,0.61817515
../data/train_data_mmini/10/Train_0046.jpg	10	-1.0,-1.0,-1.0,1.0,1.0,1.0,1.0,1.0,1.0,1.0,-1.0,-1.0	-0.16305862,-0.83950317,-0.55240214,0.4863465,1.2978207,2.2746258,2.3673468,0.55290544,0.7941493,0.5316168,-1.7372599,-0.44690785
../data/train_data_mmini/10/Train_0047.jpg	10	1.0,-1.0,-1.0,-1.0,1.0,1.0,1.0,1.0,1.0,1.0,-1.0,1.0	0.18431723,-1.7903652,-0.2129676,-0.24581692,1.7811592,3.267669,3.7156281,1.0015217,2.2392325,0.57440335,-2.3256133,0.27546307
../data/train_data_mmini/10/Train_0048.jpg	10	1.0,-1.0,1.0,-1.0,1.0,1.0,1.0,1.0,1.0,1.0,-1.0,1.0	0.9228936,-2.288206,1.1937144,-1.9614199,1.9096663,3.0953195,3.6489089,1.0222471,3.4803336,1.0994918,-2.2443836,0.17937714
../data/train_data_mmini/10/Train_0049.jpg	10	-1.0,-1.0,-1.0,-1.0,1.0,1.0,1.0,1.0,1.0,1.0,-1.0,1.0	-0.14711341,-1.0805392,-0.38542557,-0.1219827,1.2888589,2.3413792,2.5517573,0.6738397,1.3788909,0.51280516,-1.4879142,0.096474394
