../data/train_data_mmini/1/Train_0000.jpg	1	1.0,-1.0,-1.0,-1.0,-1.0,1.0,1.0,-1.0,1.0,1.0,-1.0,1.0	0.4780283,-1.006355,-0.14803937,-0.38790208,-0.44748902,0.34233007,0.07494843,-0.18628228,0.5389343,0.21725945,-0.88786125,0.14723411
../data/train_data_mmini/1/Train_0001.jpg	1	1.0,-1.0,1.0,-1.0,-1.0,1.0,-1.0,1.0,1.0,1.0,-1.0,-1.0	0.5043474,-0.78152853,0.33750287,-1.0152419,-0.52846825,0.47307223,-0.05598563,0.16845904,0.8031175,0.3620426,-0.9836115,-0.19499552
../data/train_data_mmini/1/Train_0002.jpg	1	1.0,1.0,1.0,-1.0,-1.0,1.0,1.0,1.0,1.0,1.0,-1.0,-1.0	0.5408076,0.34966958,1.1197877,-0.31836104,-0.25871548,0.6150798,0.31377867,0.6715777,1.1689594,0.40783602,-1.2813921,-0.82649136
../data/train_data_mmini/1/Train_0003.jpg	1	1.0,-1.0,-1.0,-1.0,-1.0,1.0,-1.0,-1.0,1.0,-1.0,-1.0,1.0	0.4244665,-1.4592112,-0.5477129,-0.40027136,-0.50097287,0.2862361,-0.020342559,-0.4814429,0.37170315,-0.03774585,-0.7653298,0.40970773
../data/train_data_mmini/1/Train_0004.jpg	1	1.0,-1.0,-1.0,-1.0,-1.0,1.0,-1.0,-1.0,1.0,1.0,-1.0,1.0	0.2608679,-1.1276116,-0.102666,-0.7211267,-0.6089224,0.36471453,-0.21378249,-0.21318924,0.57304317,0.1122634,-1.128915,0.09133682
../data/train_data_mmini/2/Train_0005.jpg	2	1.0,1.0,1.0,-1.0,-1.0,1.0,1.0,1.0,1.0,1.0,-1.0,-1.0	0.73237836,0.025732756,1.341319,-0.99130166,-0.15957488,0.4635734,0.21623886,0.68865204,1.0413598,0.67134243,-0.8879625,-0.6462201
../data/train_data_mmini/2/Train_0006.jpg	2	1.0,1.0,1.0,-1.0,1.0,1.0,1.0,1.0,1.0,1.0,-1.0,-1.0	1.0702554,0.013697937,1.5651938,-0.64721316,0.15995806,0.53111285,0.42159468,0.9772543,1.0756422,0.64423203,-0.86955464,-1.0145994
../data/train_data_mmini/2/Train_0007.jpg	2	1.0,-1.0,-1.0,-1.0,-1.0,1.0,-1.0,-1.0,1.0,-1.0,-1.0,1.0	0.2644458,-1.5804768,-0.54977334,-0.41707593,-0.48703656,0.21856934,-0.23083237,-0.5365659,0.27339566,-0.15428726,-0.83422697,0.35537958
../data/train_data_mmini/2/Train_0008.jpg	2	1.0,-1.0,1.0,-1.0,-1.0,1.0,1.0,1.0,1.0,1.0,-1.0,-1.0	0.9397142,-0.2901206,0.8343645,-0.15491326,-0.06236378,0.4608075,0.5676914,0.4835333,0.77668947,0.4326666,-0.7874966,-0.4013991
../data/train_data_mmini/2/Train_0009.jpg	2	1.0,-1.0,1.0,-1.0,-1.0,1.0,1.0,1.0,1.0,1.0,-1.0,-1.0	0.86630964,-0.033969775,1.2770996,-0.76956356,-0.009542666,0.6525969,0.22501102,0.5821551,1.0068648,0.48511547,-0.8236882,-0.95046055
../data/train_data_mmini/3/Train_0010.jpg	3	1.0,1.0,1.0,-1.0,1.0,1.0,1.0,1.0,1.0,1.0,-1.0,-1.0	0.76792896,0.39095485,1.4572157,-0.33492196,0.3345651,0.7799922,0.36806276,0.772313,1.0651044,0.025399879,-0.89855754,-1.4737444
../data/train_data_mmini/3/Train_0011.jpg	3	-1.0,1.0,1.0,-1.0,-1.0,1.0,1.0,1.0,1.0,1.0,-1.0,-1.0	-0.044355493,1.7018574,1.7366769,-0.8438503,-0.1055684,0.9408056,0.1017558,0.88644433,1.8059326,0.17950572,-2.0276124,-2.1537068
../data/train_data_mmini/3/Train_0012.jpg	3	1.0,1.0,1.0,-1.0,-1.0,1.0,-1.0,1.0,1.0,1.0,-1.0,-1.0	0.27039155,1.0932348,1.5226969,-1.2229978,-0.5644564,0.7747173,-0.046518803,0.73316586,1.5602082,0.69379354,-1.5842518,-1.1065279
../data/train_data_mmini/3/Train_0013.jpg	3	1.0,1.0,1.0,1.0,1.0,1.0,1.0,1.0,1.0,1.0,-1.0,-1.0	1.6044044,0.7870187,2.093232,0.08804487,0.4152072,0.73183906,0.7708521,1.3075536,1.2895606,0.8510475,-0.711774,-1.4721885
../data/train_data_mmini/3/Train_0014.jpg	3	1.0,1.0,1.0,-1.0,1.0,1.0,1.0,1.0,1.0,1.0,-1.0,-1.0	0.8232136,0.38782293,1.5127989,-0.59972733,0.1548852,0.6937265,0.49829704,0.81547105,1.1922263,0.38211298,-1.1297697,-1.3084046
../data/train_data_mmini/4/Train_0015.jpg	4	1.0,1.0,1.0,-1.0,-1.0,1.0,1.0,1.0,1.0,1.0,-1.0,-1.0	0.68041456,0.2909817,1.1257668,-0.24543329,-0.24487269,0.6178079,0.2651273,0.62141395,1.0971668,0.57068133,-1.2584335,-0.76772165
../data/train_data_mmini/4/Train_0016.jpg	4	1.0,-1.0,1.0,-1.0,-1.0,1.0,1.0,1.0,1.0,1.0,-1.0,-1.0	0.7152569,-0.18627809,0.9835554,-0.57671064,-0.2156415,0.41996408,0.5262097,0.5548346,0.93602186,0.5317776,-0.63468856,-0.093664974
../data/train_data_mmini/4/Train_0017.jpg	4	1.0,1.0,1.0,-1.0,1.0,1.0,1.0,1.0,1.0,1.0,-1.0,-1.0	0.765441,1.0280851,2.162763,-0.7459195,0.3501967,0.68038696,0.5139116,1.2750722,1.6118832,0.5448661,-1.3010039,-1.7250462
../data/train_data_mmini/4/Train_0018.jpg	4	1.0,1.0,1.0,-1.0,-1.0,1.0,1.0,1.0,1.0,1.0,-1.0,-1.0	0.65236825,0.08071102,1.147725,-0.78943956,-0.01989498,0.43626285,0.33062544,0.6614164,0.9080455,0.4674626,-0.7215841,-0.7828561
../data/train_data_mmini/4/Train_0019.jpg	4	1.0,-1.0,1.0,-1.0,-1.0,1.0,1.0,1.0,1.0,1.0,-1.0,-1.0	0.74407643,-0.29581076,1.2978231,-0.7813618,-0.09460405,0.55186874,0.17245764,0.7314565,1.0912952,0.44562757,-1.1878933,-0.76948786
../data/train_data_mmini/5/Train_0020.jpg	5	1.0,-1.0,-1.0,-1.0,-1.0,-1.0,-1.0,-1.0,1.0,-1.0,-1.0,1.0	0.2701113,-2.264254,-0.88962036,-0.6505504,-0.9460052,-0.028362729,-0.31565964,-0.5785707,0.21211128,-0.03608282,-0.80812675,1.2106196
../data/train_data_mmini/5/Train_0021.jpg	5	1.0,-1.0,1.0,-1.0,-1.0,1.0,1.0,1.0,1.0,1.0,-1.0,-1.0	0.65855247,-0.5879929,0.24683836,-0.278345,-0.2439926,0.5072065,0.14031631,0.016858816,0.66016406,0.24027373,-1.0726854,-0.4111615
../data/train_data_mmini/5/Train_0022.jpg	5	1.0,-1.0,1.0,-1.0,-1.0,1.0,1.0,-1.0,1.0,1.0,-1.0,-1.0	0.63920456,-1.0129603,0.21247709,-0.5596544,-0.21583134,0.34065056,0.049230427,-0.06550887,0.45756692,0.13002129,-0.7347599,-0.09812948
../data/train_data_mmini/5/Train_0023.jpg	5	1.0,-1.0,-1.0,-1.0,-1.0,-1.0,-1.0,-1.0,1.0,-1.0,-1.0,1.0	0.34380808,-2.0600896,-1.0040383,-0.30412173,-0.71624225,-0.0034294352,-0.21638426,-0.69164073,0.10129745,-0.1630276,-0.63910574,1.0006355
../data/train_data_mmini/5/Train_0024.jpg	5	1.0,-1.0,1.0,-1.0,-1.0,1.0,-1.0,1.0,1.0,1.0,-1.0,-1.0	0.45440727,-0.16733454,0.67932326,-0.44583547,-0.26551905,0.5592115,-0.15019438,0.17181988,0.8977273,0.3118897,-1.2523319,-0.6106124
../data/train_data_mmini/6/Train_0025.jpg	6	1.0,1.0,1.0,-1.0,1.0,1.0,1.0,1.0,1.0,1.0,-1.0,-1.0	0.61040866,1.444258,2.277334,-0.33945632,0.6479723,0.8664096,0.32568797,1.118076,1.6188802,0.08901329,-1.5624951,-2.305219
../data/train_data_mmini/6/Train_0026.jpg	6	1.0,-1.0,1.0,-1.0,-1.0,1.0,-1.0,1.0,1.0,1.0,-1.0,-1.0	0.22540165,-0.6442062,0.71391743,-1.5333681,-0.38136286,0.56825584,-0.31616756,0.2995648,1.0307274,0.22191863,-1.2518077,-0.9362595
../data/train_data_mmini/6/Train_0027.jpg	6	1.0,1.0,1.0,-1.0,1.0,1.0,1.0,1.0,1.0,1.0,-1.0,-1.0	0.47869706,1.2973948,1.9571843,-0.8135611,0.1900245,0.9661471,0.22274214,1.097386,1.5804229,0.15630598,-1.4462262,-2.0151038
../data/train_data_mmini/6/Train_0028.jpg	6	1.0,1.0,1.0,-1.0,1.0,1.0,1.0,1.0,1.0,-1.0,-1.0,-1.0	0.36266002,0.5670945,1.2040256,-0.6312027,0.13398555,0.7411518,0.30236977,0.6573945,1.2034624,-0.0105074495,-1.3831629,-1.6532321
../data/train_data_mmini/6/Train_0029.jpg	6	1.0,1.0,1.0,1.0,1.0,1.0,1.0,1.0,1.0,1.0,-1.0,-1.0	1.3039061,1.5661247,2.4953058,0.47273052,0.5702855,0.79710627,0.7120302,1.3608392,1.5411665,0.6094695,-0.91117185,-1.547399
../data/train_data_mmini/7/Train_0030.jpg	7	1.0,-1.0,1.0,-1.0,-1.0,1.0,1.0,1.0,1.0,1.0,-1.0,-1.0	0.84144837,-0.21982358,1.1577581,-0.92205185,-0.17441326,0.5125324,0.22185454,0.5248908,0.96342975,0.6597155,-0.83831483,-0.593992
../data/train_data_mmini/7/Train_0031.jpg	7	1.0,1.0,1.0,-1.0,1.0,1.0,1.0,1.0,1.0,1.0,-1.0,-1.0	1.2272432,0.07384162,1.5944289,-0.51769763,0.4152044,0.6395566,0.5500369,0.821596,1.1289235,0.535567,-0.71766096,-1.1959038
../data/train_data_mmini/7/Train_0032.jpg	7	1.0,1.0,1.0,-1.0,1.0,1.0,1.0,1.0,1.0,1.0,-1.0,-1.0	0.5085567,1.5516825,1.9391856,-0.8197453,0.22238934,0.8438171,0.22707617,1.0646294,1.6957623,0.42115182,-1.5564958,-2.1473572
../data/train_data_mmini/7/Train_0033.jpg	7	1.0,1.0,1.0,-1.0,-1.0,1.0,1.0,1.0,1.0,1.0,-1.0,-1.0	0.33220112,0.24633947,1.3145412,-1.1633934,-0.10943795,0.65661746,0.028399646,0.59467447,1.2409384,0.34073228,-1.3124639,-1.0057567
../data/train_data_mmini/7/Train_0034.jpg	7	1.0,1.0,1.0,-1.0,1.0,1.0,1.0,1.0,1.0,-1.0,-1.0,-1.0	0.08489152,1.8372096,1.8859147,-0.77648264,0.33013406,0.98531467,0.03518045,0.94605327,1.7340388,-0.10651015,-1.979585,-2.7579198
../data/train_data_mmini/8/Train_0035.jpg	8	1.0,1.0,1.0,-1.0,1.0,1.0,1.0,1.0,1.0,1.0,-1.0,-1.0	1.1117533,1.1655979,2.1109033,-0.21417083,0.46060216,0.79133224,0.62855995,1.1487998,1.3318037,0.53424454,-0.9181297,-1.8348958
../data/train_data_mmini/8/Train_0036.jpg	8	1.0,1.0,1.0,-1.0,1.0,1.0,1.0,1.0,1.0,1.0,-1.0,-1.0	1.0279416,1.1125764,2.2999265,-0.4316098,0.5120652,0.76916075,0.64788294,1.2749153,1.4364378,0.53781897,-1.0319034,-1.8701391
../data/train_data_mmini/8/Train_0037.jpg	8	1.0,1.0,1.0,-1.0,1.0,1.0,1.0,1.0,1.0,1.0,-1.0,-1.0	0.579664,1.1499691,1.9998077,-0.8890912,0.2737528,0.8340958,0.29369617,1.1032712,1.6178968,0.39022964,-1.3696978,-2.0493412
../data/train_data_mmini/8/Train_0038.jpg	8	1.0,1.0,1.0,-1.0,1.0,1.0,1.0,1.0,1.0,1.0,-1.0,-1.0	1.3353053,0.5280635,1.8530685,-0.11553736,0.30415642,0.75003564,0.602126,0.98509324,1.2674569,0.62390304,-0.90385395,-1.2725298
../data/train_data_mmini/8/Train_0039.jpg	8	1.0,1.0,1.0,-1.0,1.0,1.0,1.0,1.0,1.0,1.0,-1.0,-1.0	0.9418689,2.0270524,2.551688,-0.30222213,0.4941103,0.86838204,0.6073421,1.4494023,1.6337777,0.6140804,-1.1030002,-2.2801645
../data/train_data_mmini/9/Train_0040.jpg	9	1.0,-1.0,1.0,-1.0,-1.0,1.0,1.0,1.0,1.0,1.0,-1.0,-1.0	0.64480907,-0.373667,0.62594706,-0.50508183,-0.08642688,0.57585496,0.14585093,0.16663748,0.80357224,0.1874486,-1.0866872,-0.7076211
../data/train_data_mmini/9/Train_0041.jpg	9	1.0,1.0,1.0,-1.0,-1.0,1.0,1.0,1.0,1.0,1.0,-1.0,-1.0	0.3521891,0.15604278,1.3543966,-1.3955514,-0.21770081,0.69562584,0.12833694,0.64302826,1.2673758,0.3279342,-1.3288106,-1.0124793
../data/train_data_mmini/9/Train_0042.jpg	9	1.0,1.0,1.0,-1.0,-1.0,1.0,1.0,1.0,1.0,1.0,-1.0,-1.0	0.68756986,0.021434054,0.9150132,-0.15364338,-0.21729034,0.65279454,0.24182835,0.45906386,1.0583752,0.4035771,-1.235403,-0.70872855
../data/train_data_mmini/9/Train_0043.jpg	9	1.0,-1.0,1.0,-1.0,-1.0,1.0,1.0,1.0,1.0,1.0,-1.0,-1.0	0.99016625,-0.48025072,1.120661,-0.45063192,-0.016072623,0.45278996,0.35445485,0.5810286,0.808119,0.4750132,-0.8510995,-0.5988543
../data/train_data_mmini/9/Train_0044.jpg	9	1.0,1.0,1.0,-1.0,1.0,1.0,1.0,1.0,1.0,1.0,-1.0,-1.0	1.0954298,0.7183677,1.8305465,-0.31233668,0.25943926,0.7902047,0.42292762,1.0153168,1.3643521,0.5645599,-1.0480951,-1.4747686
../data/train_data_mmini/10/Train_0045.jpg	10	1.0,1.0,1.0,-1.0,1.0,1.0,1.0,1.0,1.0,1.0,-1.0,-1.0	0.81609786,3.1935744,3.138379,-0.49025667,0.6054148,0.9853918,0.6023172,1.8373669,2.269399,0.75891876,-1.6011853,-2.8969715
../data/train_data_mmini/10/Train_0046.jpg	10	1.0,1.0,1.0,-1.0,1.0,1.0,1.0,1.0,1.0,1.0,-1.0,-1.0	0.8083676,2.0775576,2.3228672,-0.0953777,0.42009622,0.7028478,0.52460706,1.4359616,1.6984462,0.5084737,-1.1651254,-1.8686132
../data/train_data_mmini/10/Train_0047.jpg	10	1.0,1.0,1.0,-1.0,1.0,1.0,1.0,1.0,1.0,1.0,-1.0,-1.0	1.08843,2.0654874,2.7705665,-0.21892686,0.72047955,0.85363114,0.65317154,1.5728048,1.7664504,0.5905556,-1.2779115,-2.5930777
../data/train_data_mmini/10/Train_0048.jpg	10	1.0,1.0,1.0,-1.0,1.0,1.0,1.0,1.0,1.0,1.0,-1.0,-1.0	0.92478,2.420146,2.792522,-0.13144769,0.5944516,0.8511289,0.64544654,1.4820484,1.9348258,0.5815443,-1.3807179,-2.2390888
../data/train_data_mmini/10/Train_0049.jpg	10	1.0,1.0,1.0,-1.0,1.0,1.0,1.0,1.0,1.0,1.0,-1.0,-1.0	0.7951096,1.8825984,2.30772,-0.24225809,0.50910854,0.8614828,0.53740084,1.2909073,1.565041,0.36272675,-1.2112212,-2.33029
