../data/train_data_mmini/1/Train_0000.jpg	1	1.0,1.0,1.0,1.0,-1.0,-1.0,1.0,1.0,-1.0,1.0,1.0,-1.0	1.1882899,2.096438,1.608951,1.4768546,-3.5019004,-0.35568962,1.6279135,5.827678,-0.031994246,0.7481982,0.5200537,-4.059828
../data/train_data_mmini/1/Train_0001.jpg	1	1.0,1.0,1.0,1.0,-1.0,-1.0,1.0,1.0,1.0,1.0,1.0,-1.0	1.323742,2.6360984,1.6665019,1.3285587,-3.8185244,-0.3177544,1.7707711,6.6174235,0.2165047,0.76192373,0.25464916,-4.580344
../data/train_data_mmini/1/Train_0002.jpg	1	1.0,1.0,1.0,1.0,-1.0,-1.0,1.0,1.0,1.0,1.0,1.0,-1.0	1.4570907,2.5383518,1.4968461,0.8395952,-3.0394504,-0.54574114,1.397859,4.8278675,0.21970002,0.40889385,0.14385276,-3.7265546
../data/train_data_mmini/1/Train_0003.jpg	1	1.0,1.0,1.0,1.0,-1.0,-1.0,1.0,1.0,-1.0,1.0,1.0,-1.0	1.0960796,2.0603304,1.6151603,1.5418577,-3.5389087,-0.45713714,1.8724433,6.168635,-0.19341443,0.66746795,0.7485696,-4.3641567
../data/train_data_mmini/1/Train_0004.jpg	1	1.0,1.0,1.0,1.0,-1.0,-1.0,1.0,1.0,-1.0,1.0,1.0,-1.0	1.5106709,2.2102702,1.813322,1.410845,-3.699539,-0.34556302,1.9382975,6.433406,-0.22222292,0.625864,0.67583966,-4.5962563
../data/train_data_mmini/2/Train_0005.jpg	2	1.0,1.0,1.0,1.0,-1.0,-1.0,1.0,1.0,-1.0,1.0,1.0,-1.0	1.4066671,2.652744,1.6908343,1.2093731,-3.5113332,-0.5623546,1.6742078,6.162839,-0.04918907,0.7040007,0.35131127,-4.271393
../data/train_data_mmini/2/Train_0006.jpg	2	1.0,1.0,1.0,1.0,-1.0,-1.0,1.0,1.0,-1.0,1.0,1.0,-1.0	0.72974634,2.0822713,1.7340615,1.814741,-3.2911043,-0.89872825,1.723733,5.503052,-0.13737428,0.89295614,0.85479945,-3.728337
../data/train_data_mmini/2/Train_0007.jpg	2	1.0,1.0,1.0,1.0,-1.0,-1.0,1.0,1.0,-1.0,1.0,1.0,-1.0	1.1922038,1.7131462,1.735734,1.7636862,-3.6856434,-0.46678564,1.9168185,6.373284,-0.3657635,0.6783444,0.8362284,-4.5657196
../data/train_data_mmini/2/Train_0008.jpg	2	1.0,1.0,1.0,1.0,-1.0,-1.0,1.0,1.0,-1.0,1.0,-1.0,-1.0	1.5148582,2.4593906,1.5434248,1.1453506,-3.5940964,-0.69069463,1.2384446,5.2775598,-0.12961568,0.44599542,-0.045721814,-3.8584363
../data/train_data_mmini/2/Train_0009.jpg	2	1.0,1.0,1.0,1.0,-1.0,-1.0,1.0,1.0,1.0,1.0,1.0,-1.0	1.3208005,2.762119,1.9249445,1.8953124,-4.170369,-0.6473307,2.066225,7.436047,0.1720116,1.1575414,0.4671976,-4.7619047
../data/train_data_mmini/3/Train_0010.jpg	3	1.0,1.0,1.0,1.0,-1.0,-1.0,1.0,1.0,-1.0,1.0,1.0,-1.0	1.1096482,1.9813356,1.6257927,1.2622979,-2.9577808,-1.0130175,1.6674927,5.299572,-0.10882559,0.21806669,0.15212685,-3.8645408
../data/train_data_mmini/3/Train_0011.jpg	3	1.0,1.0,1.0,1.0,-1.0,1.0,1.0,1.0,1.0,1.0,-1.0,-1.0	2.0104783,2.9224458,1.5818225,0.34334928,-3.3293457,0.18167187,1.4154109,5.6510806,0.44294354,0.6104019,-0.28140226,-4.3286448
../data/train_data_mmini/3/Train_0012.jpg	3	1.0,1.0,1.0,1.0,-1.0,-1.0,1.0,1.0,1.0,1.0,1.0,-1.0	1.4972081,2.823723,1.7965916,1.154003,-3.3588943,-0.06528098,1.9049503,6.625677,0.46818423,0.8416168,0.7300818,-4.5503497
../data/train_data_mmini/3/Train_0013.jpg	3	1.0,1.0,1.0,1.0,-1.0,-1.0,1.0,1.0,1.0,1.0,1.0,-1.0	1.2186106,2.608247,1.7450505,1.7360144,-3.7026312,-0.9106922,1.6376992,5.827866,0.024020635,0.6641341,0.28677273,-3.9687939
../data/train_data_mmini/3/Train_0014.jpg	3	1.0,1.0,1.0,1.0,-1.0,-1.0,1.0,1.0,1.0,1.0,1.0,-1.0	1.562559,2.5138311,1.8324002,1.3446972,-3.8192174,-0.6396511,1.7946882,6.697199,0.058656417,0.76084673,0.24453169,-4.5775614
../data/train_data_mmini/4/Train_0015.jpg	4	1.0,1.0,1.0,1.0,-1.0,-1.0,1.0,1.0,-1.0,1.0,1.0,-1.0	1.4497149,2.544611,1.7435045,1.4233499,-3.591438,-0.54513747,1.5595963,5.5981884,-0.0068831374,0.6654789,0.4772637,-4.0727034
../data/train_data_mmini/4/Train_0016.jpg	4	1.0,1.0,1.0,1.0,-1.0,-1.0,1.0,1.0,1.0,1.0,-1.0,-1.0	1.1994239,2.3870635,1.0846212,0.9237004,-3.0225906,-0.5789887,1.2741226,4.949317,0.11429978,0.3536387,-0.056609534,-3.4977627
../data/train_data_mmini/4/Train_0017.jpg	4	1.0,1.0,1.0,1.0,-1.0,-1.0,1.0,1.0,1.0,1.0,1.0,-1.0	1.2200571,2.8732257,1.7452394,1.4094751,-3.4842935,-0.66670495,1.7257454,5.9608707,0.217711,0.77393824,0.31541148,-3.7853382
../data/train_data_mmini/4/Train_0018.jpg	4	1.0,1.0,1.0,1.0,-1.0,-1.0,1.0,1.0,1.0,1.0,-1.0,-1.0	1.3667611,2.1873195,1.5420779,0.7705097,-2.9439297,-0.50199234,1.3746539,5.028971,0.19143882,0.4598225,-0.21722548,-3.3577037
../data/train_data_mmini/4/Train_0019.jpg	4	1.0,1.0,1.0,1.0,-1.0,-1.0,1.0,1.0,-1.0,1.0,1.0,-1.0	1.101962,2.361595,1.5923982,1.7065725,-3.5958698,-0.99430996,1.9139843,6.024273,-0.3670323,0.7809274,0.8553397,-4.2142878
../data/train_data_mmini/5/Train_0020.jpg	5	1.0,1.0,1.0,1.0,-1.0,-1.0,1.0,1.0,-1.0,1.0,1.0,-1.0	1.1576079,2.224477,1.7844368,1.6933147,-3.9097514,-0.54228634,2.106765,6.856445,-0.18177238,0.7085538,0.74495643,-4.8585525
../data/train_data_mmini/5/Train_0021.jpg	5	1.0,1.0,1.0,1.0,-1.0,-1.0,1.0,1.0,-1.0,1.0,1.0,-1.0	1.6752479,2.8695502,1.92819,1.5607444,-4.402544,-0.4185735,1.9560107,6.9685035,-0.030315585,0.91047245,0.41939235,-4.944842
../data/train_data_mmini/5/Train_0022.jpg	5	1.0,1.0,1.0,1.0,-1.0,-1.0,1.0,1.0,-1.0,1.0,1.0,-1.0	1.2091303,1.9490921,1.7781445,1.8736773,-3.6660552,-0.5663903,1.7653438,6.4147763,-0.34345138,0.76185775,0.746724,-4.3992915
../data/train_data_mmini/5/Train_0023.jpg	5	1.0,1.0,1.0,1.0,-1.0,-1.0,1.0,1.0,-1.0,1.0,1.0,-1.0	0.9081628,1.8819925,1.6157726,1.670965,-3.4617805,-0.47725105,1.839055,6.080665,-0.090937436,0.7061455,0.7661196,-4.2512684
../data/train_data_mmini/5/Train_0024.jpg	5	1.0,1.0,1.0,1.0,-1.0,-1.0,1.0,1.0,-1.0,1.0,1.0,-1.0	1.4504205,2.190223,1.8336169,1.5638088,-3.8776941,-0.3544733,2.0017042,6.603275,-0.16987456,0.7941211,0.7292982,-4.991037
../data/train_data_mmini/6/Train_0025.jpg	6	1.0,1.0,1.0,1.0,-1.0,-1.0,1.0,1.0,-1.0,1.0,1.0,-1.0	1.2621876,2.2282164,1.5794101,1.5612404,-3.1414368,-0.8082773,2.193421,6.326691,-0.43682063,0.8140804,1.0117769,-5.0190945
../data/train_data_mmini/6/Train_0026.jpg	6	1.0,1.0,1.0,1.0,-1.0,-1.0,1.0,1.0,1.0,1.0,1.0,-1.0	1.2025335,2.3928683,1.871705,1.4141723,-3.900263,-0.5038639,1.9723463,6.6450944,0.30027983,0.62178737,0.076390326,-4.4057717
../data/train_data_mmini/6/Train_0027.jpg	6	1.0,1.0,1.0,1.0,-1.0,-1.0,1.0,1.0,1.0,1.0,1.0,-1.0	1.3045294,2.44269,1.5194947,1.0965056,-3.2069685,-0.33477014,1.7357692,6.0961947,0.08430257,0.72032547,0.22444323,-4.3584127
../data/train_data_mmini/6/Train_0028.jpg	6	1.0,1.0,1.0,1.0,-1.0,-1.0,1.0,1.0,-1.0,1.0,-1.0,-1.0	1.7682267,2.336901,1.7320836,0.8191317,-3.6819417,-0.2504276,1.609873,5.7957087,-0.020196438,0.5664819,-0.0009604081,-4.376064
../data/train_data_mmini/6/Train_0029.jpg	6	1.0,1.0,1.0,1.0,-1.0,-1.0,1.0,1.0,-1.0,1.0,1.0,-1.0	1.0966634,2.1768794,1.7607572,2.1390803,-3.2607498,-1.087943,1.7788357,6.0286083,-0.11529424,0.74897367,0.9279763,-4.344037
../data/train_data_mmini/7/Train_0030.jpg	7	1.0,1.0,1.0,1.0,-1.0,-1.0,1.0,1.0,-1.0,1.0,1.0,-1.0	1.180901,2.6572628,1.7681841,1.8150017,-3.9956248,-0.500138,1.9195801,7.013327,-0.06445687,1.1477102,0.7476551,-4.626684
../data/train_data_mmini/7/Train_0031.jpg	7	1.0,1.0,1.0,1.0,-1.0,-1.0,1.0,1.0,1.0,1.0,1.0,-1.0	1.250621,2.7369082,2.1067379,2.0193863,-4.0686193,-0.81797385,2.2981572,7.3447337,0.109461576,0.73528415,0.43337607,-4.9650006
../data/train_data_mmini/7/Train_0032.jpg	7	1.0,1.0,1.0,1.0,-1.0,-1.0,1.0,1.0,1.0,1.0,-1.0,-1.0	2.1667223,3.430297,1.7791693,0.8465973,-3.9902642,-0.14147921,1.6858954,6.6658993,0.33852458,0.7825206,-0.32413068,-4.7746234
../data/train_data_mmini/7/Train_0033.jpg	7	1.0,1.0,1.0,1.0,-1.0,-1.0,1.0,1.0,-1.0,1.0,1.0,-1.0	1.1571329,2.353301,1.7630593,1.5606341,-3.7485497,-0.4319753,1.9921147,6.7044826,-0.009719537,0.97039205,0.72425944,-4.604901
../data/train_data_mmini/7/Train_0034.jpg	7	1.0,1.0,1.0,1.0,-1.0,1.0,1.0,1.0,-1.0,1.0,-1.0,-1.0	2.4700725,2.4498446,1.5745225,0.27583656,-3.5626433,0.039855972,1.6758922,6.1488366,-0.27868298,0.2207275,-0.32239577,-5.0980067
../data/train_data_mmini/8/Train_0035.jpg	8	1.0,1.0,1.0,1.0,-1.0,-1.0,1.0,1.0,-1.0,1.0,1.0,-1.0	1.5921903,2.415913,2.0277185,1.9048796,-3.8242981,-0.54207337,1.6744274,6.754522,-0.14271656,1.0705668,0.5289318,-4.6489086
../data/train_data_mmini/8/Train_0036.jpg	8	1.0,1.0,1.0,1.0,-1.0,-1.0,1.0,1.0,-1.0,1.0,1.0,-1.0	1.4891391,2.5103238,2.2581372,1.8840979,-4.0649624,-0.8936606,2.204975,7.5371623,-0.10701786,1.0293465,0.7504289,-5.03109
../data/train_data_mmini/8/Train_0037.jpg	8	1.0,1.0,1.0,1.0,-1.0,-1.0,1.0,1.0,1.0,1.0,1.0,-1.0	1.7029771,2.7959878,2.039085,1.4112825,-4.319646,-0.4945743,1.9974464,7.144361,0.15290149,0.88160586,0.08299477,-5.0365896
../data/train_data_mmini/8/Train_0038.jpg	8	1.0,1.0,1.0,1.0,-1.0,-1.0,1.0,1.0,-1.0,1.0,1.0,-1.0	1.5218909,2.6763146,1.8450793,1.8624406,-3.8957787,-0.5957426,1.8934786,6.7985806,-0.07249874,0.8016654,0.38847265,-4.948029
../data/train_data_mmini/8/Train_0039.jpg	8	1.0,1.0,1.0,1.0,-1.0,-1.0,1.0,1.0,-1.0,1.0,1.0,-1.0	1.6420356,2.5684197,2.179931,2.0090423,-3.842756,-0.5893919,1.7770053,7.2997003,-0.04229392,1.1803703,0.91571856,-4.900972
../data/train_data_mmini/9/Train_0040.jpg	9	1.0,1.0,1.0,1.0,-1.0,-1.0,1.0,1.0,-1.0,1.0,1.0,-1.0	1.6504899,2.6406896,1.9997573,1.6248137,-4.3471584,-0.5844295,1.8863114,7.062277,-0.18727571,0.8529387,0.521737,-4.9832907
../data/train_data_mmini/9/Train_0041.jpg	9	1.0,1.0,1.0,1.0,-1.0,-1.0,1.0,1.0,-1.0,1.0,1.0,-1.0	1.4527768,2.6482692,1.7686644,1.3170776,-3.7531965,-0.41977325,2.1160674,7.0758314,-0.003918015,0.59921145,0.19993189,-4.89231
../data/train_data_mmini/9/Train_0042.jpg	9	1.0,1.0,1.0,1.0,-1.0,-1.0,1.0,1.0,1.0,1.0,1.0,-1.0	1.6602533,2.6221652,1.8163888,1.285097,-3.9336247,-0.6249514,1.7667898,6.1929727,0.020086467,0.5008725,0.34626386,-4.695472
../data/train_data_mmini/9/Train_0043.jpg	9	1.0,1.0,1.0,1.0,-1.0,-1.0,1.0,1.0,-1.0,1.0,1.0,-1.0	1.3902617,2.5371466,2.0849745,1.9094822,-4.236347,-0.7560213,1.976884,7.030342,-0.3200524,1.0079406,0.7493036,-4.884105
../data/train_data_mmini/9/Train_0044.jpg	9	1.0,1.0,1.0,1.0,-1.0,-1.0,1.0,1.0,-1.0,1.0,1.0,-1.0	1.156144,2.6556106,1.7791351,2.0239794,-3.7211702,-0.8097348,2.0655158,6.782647,-0.10974303,0.82759327,1.007792,-4.84571
../data/train_data_mmini/10/Train_0045.jpg	10	1.0,1.0,1.0,1.0,-1.0,-1.0,1.0,1.0,1.0,1.0,1.0,-1.0	1.6958725,2.3916945,1.7684944,1.5221164,-3.178238,-0.5454251,1.3944815,6.295184,0.22897944,0.83223176,0.2766664,-4.2062497
../data/train_data_mmini/10/Train_0046.jpg	10	1.0,1.0,1.0,1.0,-1.0,-1.0,1.0,1.0,1.0,1.0,1.0,-1.0	1.466758,2.2921116,1.1456313,0.8521,-2.6860964,-0.44031307,1.0437676,4.4263215,0.08875556,0.49770465,0.15491742,-3.3647842
../data/train_data_mmini/10/Train_0047.jpg	10	1.0,1.0,1.0,1.0,-1.0,-1.0,1.0,1.0,-1.0,1.0,1.0,-1.0	1.9834429,3.0076108,2.108657,1.6451232,-4.309441,-0.8640156,2.0158248,7.6329055,-0.028302372,0.807234,0.4742788,-5.4285936
../data/train_data_mmini/10/Train_0048.jpg	10	1.0,1.0,1.0,1.0,-1.0,-1.0,1.0,1.0,-1.0,1.0,1.0,-1.0	1.9467565,2.4722807,1.611292,1.8858482,-3.267758,-0.6738285,1.8400075,7.0262704,-0.37979797,0.81649417,0.95064175,-5.0975184
../data/train_data_mmini/10/Train_0049.jpg	10	1.0,1.0,1.0,1.0,-1.0,-1.0,1.0,1.0,-1.0,1.0,1.0,-1.0	1.7382433,2.5139232,2.073366,1.960842,-3.9494913,-0.5833206,1.8477408,7.222298,-0.16396469,1.0262632,0.64691013,-5.1206346
