../data/train_data_mmini/1/Train_0000.jpg	1	-1.0,1.0,1.0,-1.0,1.0,-1.0,-1.0,1.0	-1.0314413,0.7132376,1.5175077,-0.92921704,0.073823325,-4.340244,-1.0724347,0.66998833
../data/train_data_mmini/1/Train_0001.jpg	1	-1.0,-1.0,1.0,-1.0,-1.0,-1.0,-1.0,-1.0	-2.0239391,-1.2249675,1.8037932,-2.307624,-2.1201186,-0.47961435,-0.52041686,-0.04291503
../data/train_data_mmini/1/Train_0002.jpg	1	1.0,1.0,1.0,-1.0,-1.0,-1.0,-1.0,-1.0	1.0366005,1.2602013,0.2521576,-0.31060302,-3.3498933,-3.1320121,-2.818197,-0.8910045
../data/train_data_mmini/1/Train_0003.jpg	1	-1.0,1.0,1.0,-1.0,1.0,-1.0,1.0,1.0	-1.2587821,2.2422824,2.2832305,-1.8335443,1.6214743,-2.5532613,0.15240039,1.3147091
../data/train_data_mmini/1/Train_0004.jpg	1	-1.0,-1.0,1.0,-1.0,1.0,-1.0,-1.0,1.0	-0.85726506,-0.8547034,1.712618,-0.7789725,2.4544342,-2.6018589,-0.74203426,2.0334294
../data/train_data_mmini/2/Train_0005.jpg	2	1.0,1.0,1.0,1.0,-1.0,1.0,1.0,-1.0	1.1727333,1.1367439,0.036510758,0.74861497,-0.49683708,1.2187803,2.0371237,-1.9111384
../data/train_data_mmini/2/Train_0006.jpg	2	1.0,1.0,-1.0,1.0,1.0,-1.0,1.0,-1.0	1.0657059,0.5417383,-0.5153426,3.5291224,0.16710407,-0.3981605,0.26427165,-0.31060314
../data/train_data_mmini/2/Train_0007.jpg	2	-1.0,-1.0,1.0,1.0,1.0,-1.0,1.0,1.0	-2.2815847,-0.9176908,0.9956988,0.6492281,0.016960274,-3.5173633,2.6726205,1.9519483
../data/train_data_mmini/2/Train_0008.jpg	2	1.0,-1.0,-1.0,-1.0,1.0,-1.0,-1.0,1.0	1.6520433,-1.8316693,-1.1254791,-0.60940605,1.0729392,-2.112596,-0.6560673,0.644593
../data/train_data_mmini/2/Train_0009.jpg	2	-1.0,-1.0,-1.0,-1.0,1.0,1.0,1.0,-1.0	-1.2791133,-0.862372,-1.4976188,-0.7582913,2.0430481,0.22672638,3.5399508,-2.369706
../data/train_data_mmini/3/Train_0010.jpg	3	-1.0,-1.0,1.0,-1.0,1.0,1.0,1.0,-1.0	-1.8586516,-3.514616,0.13274063,-0.8762781,0.7985946,0.76456416,1.7999384,-0.5790777
../data/train_data_mmini/3/Train_0011.jpg	3	1.0,-1.0,1.0,1.0,-1.0,-1.0,-1.0,-1.0	0.71484035,-2.3183477,2.560542,0.39627278,-2.3552644,-1.4202387,-2.084149,-1.911574
../data/train_data_mmini/3/Train_0012.jpg	3	-1.0,1.0,1.0,-1.0,-1.0,-1.0,-1.0,-1.0	-1.6238587,1.360956,1.7034233,-0.10757558,-0.29704908,-0.09141932,-2.3897,-1.9221072
../data/train_data_mmini/3/Train_0013.jpg	3	-1.0,1.0,-1.0,-1.0,-1.0,1.0,-1.0,-1.0	-0.1096465,0.29580316,-2.7805047,-0.25364298,-0.30494627,0.30127093,-2.0476415,-0.76422864
../data/train_data_mmini/3/Train_0014.jpg	3	1.0,-1.0,-1.0,1.0,-1.0,1.0,1.0,-1.0	1.8161514,-3.0412827,-0.11470254,0.48100933,-1.2421623,0.803934,1.7011266,-0.90253687
../data/train_data_mmini/4/Train_0015.jpg	4	1.0,1.0,-1.0,-1.0,1.0,-1.0,-1.0,-1.0	2.005111,1.1353599,-0.9536875,-1.2969328,0.82206863,-2.076422,-1.7012291,-1.0937583
../data/train_data_mmini/4/Train_0016.jpg	4	1.0,1.0,-1.0,-1.0,-1.0,1.0,1.0,-1.0	1.8606507,2.3597465,-0.09998743,-2.792692,-2.554614,0.43746918,0.74945027,-1.7344301
../data/train_data_mmini/4/Train_0017.jpg	4	1.0,1.0,1.0,1.0,-1.0,1.0,-1.0,-1.0	1.7237872,1.3563739,0.53329736,1.2110013,-1.0224903,1.0828849,-0.9102693,-3.3484352
../data/train_data_mmini/4/Train_0018.jpg	4	1.0,-1.0,1.0,-1.0,1.0,1.0,1.0,-1.0	1.8550916,-1.4238243,0.2726041,-0.5783444,0.31051546,0.16314138,3.2971041,-1.5699387
../data/train_data_mmini/4/Train_0019.jpg	4	-1.0,1.0,1.0,1.0,1.0,1.0,-1.0,1.0	-0.08051488,1.341392,0.3499316,3.0112414,0.31722587,1.9696885,-1.7742422,0.24509373
../data/train_data_mmini/5/Train_0020.jpg	5	-1.0,1.0,1.0,-1.0,-1.0,1.0,1.0,1.0	-0.6358096,1.0659522,2.3830976,-1.0110731,-1.2634188,0.8702952,0.41305134,2.3455458
../data/train_data_mmini/5/Train_0021.jpg	5	1.0,-1.0,-1.0,-1.0,1.0,-1.0,-1.0,1.0	2.4565148,-1.183674,-0.76246315,-0.9082101,2.694755,-2.5438569,-0.59119904,1.0731527
../data/train_data_mmini/5/Train_0022.jpg	5	-1.0,-1.0,-1.0,1.0,1.0,-1.0,1.0,1.0	-2.178009,-0.91139627,-0.69852746,1.3494554,0.71890306,-3.0309885,2.6665351,0.4576202
../data/train_data_mmini/5/Train_0023.jpg	5	-1.0,-1.0,1.0,-1.0,1.0,-1.0,1.0,1.0	-2.558035,-0.030005092,0.25751534,-1.1081487,0.8075911,-2.0155432,1.937639,2.7843816
../data/train_data_mmini/5/Train_0024.jpg	5	-1.0,1.0,1.0,-1.0,1.0,-1.0,-1.0,-1.0	-0.7359213,0.53277224,1.2626574,-1.0270466,1.9024818,-2.8979526,-0.8780664,-0.31644332
../data/train_data_mmini/6/Train_0025.jpg	6	-1.0,1.0,1.0,1.0,-1.0,1.0,-1.0,-1.0	-0.9773052,1.149347,1.1432589,1.7040848,-0.59736335,1.798023,-0.421409,-3.0272102
../data/train_data_mmini/6/Train_0026.jpg	6	-1.0,-1.0,1.0,-1.0,1.0,1.0,1.0,-1.0	-0.29933274,-0.8284433,3.8673987,-0.13350914,1.574928,0.63755476,1.9493825,-1.3730308
../data/train_data_mmini/6/Train_0027.jpg	6	-1.0,-1.0,1.0,-1.0,-1.0,1.0,1.0,-1.0	-0.5944293,-2.2433977,0.093797944,-1.2284523,-0.9415548,3.2667415,0.62401265,-1.8794609
../data/train_data_mmini/6/Train_0028.jpg	6	1.0,-1.0,1.0,1.0,-1.0,-1.0,-1.0,-1.0	1.4067333,-1.8961458,0.44755092,1.1198906,-2.6935596,-2.4224484,-0.31949952,-0.91678286
../data/train_data_mmini/6/Train_0029.jpg	6	-1.0,1.0,-1.0,-1.0,-1.0,-1.0,-1.0,-1.0	-1.5197643,1.3970761,-2.1929936,-1.470942,-0.12134627,-0.5771746,-0.085805245,-4.406858
../data/train_data_mmini/7/Train_0030.jpg	7	-1.0,1.0,1.0,1.0,-1.0,-1.0,1.0,-1.0	-0.30263555,2.2502997,0.37347096,1.3885041,-0.10816478,-1.4401648,2.7254655,-2.1623235
../data/train_data_mmini/7/Train_0031.jpg	7	-1.0,1.0,-1.0,-1.0,-1.0,-1.0,1.0,-1.0	-0.10337199,0.8609446,-1.7262224,-0.017248437,-0.6969313,-0.21557334,1.9410621,-2.0526097
../data/train_data_mmini/7/Train_0032.jpg	7	1.0,-1.0,1.0,-1.0,-1.0,1.0,-1.0,-1.0	1.8667858,-2.4281898,0.86549914,-1.5112181,-1.2500938,3.439414,-1.6112666,-1.7699332
../data/train_data_mmini/7/Train_0033.jpg	7	-1.0,1.0,1.0,1.0,1.0,-1.0,1.0,-1.0	-2.2853923,0.07191337,1.8197727,0.82108325,0.44318378,-0.758864,2.810613,-2.109862
../data/train_data_mmini/7/Train_0034.jpg	7	1.0,-1.0,1.0,1.0,-1.0,1.0,-1.0,-1.0	0.88560843,-4.823665,3.1951003,0.48753956,-0.6925912,2.0648954,-0.30800405,-1.0370086
../data/train_data_mmini/8/Train_0035.jpg	8	-1.0,-1.0,-1.0,1.0,1.0,-1.0,1.0,-1.0	-0.9369355,-1.768124,-3.1338758,0.5562114,1.2296889,-1.1461835,1.2899586,-3.349212
../data/train_data_mmini/8/Train_0036.jpg	8	1.0,1.0,-1.0,1.0,-1.0,-1.0,1.0,-1.0	0.41320926,0.87849456,-1.3592257,1.2662112,-1.3320704,-0.51487666,2.7507942,-5.1147313
../data/train_data_mmini/8/Train_0037.jpg	8	1.0,-1.0,1.0,-1.0,-1.0,1.0,1.0,-1.0	0.3186334,-2.4984024,0.7814577,-1.0114281,-0.12366948,1.15585,1.282263,-3.808845
../data/train_data_mmini/8/Train_0038.jpg	8	1.0,-1.0,-1.0,-1.0,1.0,-1.0,-1.0,-1.0	0.42883262,-0.22921625,-2.7083616,-1.609466,0.43354166,-0.3408839,-0.24815936,-2.4347293
../data/train_data_mmini/8/Train_0039.jpg	8	-1.0,-1.0,-1.0,1.0,1.0,-1.0,1.0,-1.0	-2.062438,-0.52763844,-2.1283088,2.0816185,0.7315794,-1.0342964,0.053144265,-5.38353
../data/train_data_mmini/9/Train_0040.jpg	9	1.0,-1.0,1.0,1.0,1.0,-1.0,1.0,-1.0	0.18872954,-1.1340677,0.21686272,0.42017254,1.7591158,-4.2278447,0.27119854,-0.6537127
../data/train_data_mmini/9/Train_0041.jpg	9	-1.0,-1.0,1.0,-1.0,-1.0,1.0,1.0,-1.0	-2.2121534,-1.7362598,0.8791913,-0.5425801,-3.0563076,0.78786266,1.4650356,-1.3069279
../data/train_data_mmini/9/Train_0042.jpg	9	1.0,-1.0,1.0,-1.0,1.0,-1.0,-1.0,-1.0	0.76075476,-0.3956372,0.6014667,-2.499902,0.14791575,-1.5176653,-2.7894979,-0.313249
../data/train_data_mmini/9/Train_0043.jpg	9	1.0,-1.0,-1.0,1.0,1.0,-1.0,1.0,-1.0	0.20719221,-1.369783,-2.1278317,1.7906152,0.2125074,-1.2740344,2.107854,-0.11381422
../data/train_data_mmini/9/Train_0044.jpg	9	-1.0,1.0,-1.0,1.0,1.0,-1.0,-1.0,-1.0	-2.3727746,2.6627083,-1.3190619,0.13811015,0.74591947,-0.12418406,-2.2542052,-1.997609
../data/train_data_mmini/10/Train_0045.jpg	10	-1.0,-1.0,-1.0,1.0,1.0,1.0,-1.0,-1.0	-2.0807447,-2.3428638,-2.192439,2.1671247,0.8430317,1.8420867,-0.330207,-6.9550858
../data/train_data_mmini/10/Train_0046.jpg	10	-1.0,-1.0,-1.0,1.0,1.0,1.0,-1.0,-1.0	-0.38185567,-0.2434756,-0.12349388,0.0780043,0.30324095,2.228258,-3.282472,-2.0780938
../data/train_data_mmini/10/Train_0047.jpg	10	1.0,-1.0,-1.0,1.0,1.0,1.0,1.0,-1.0	2.1142757,-1.2565403,-1.0015211,1.5920243,1.0979466,1.2111716,0.19498323,-5.083336
../data/train_data_mmini/10/Train_0048.jpg	10	-1.0,1.0,-1.0,1.0,1.0,1.0,-1.0,-1.0	-2.5817344,2.4307191,-1.8414648,3.0728831,1.2854023,2.482084,-1.6273394,-4.06285
../data/train_data_mmini/10/Train_0049.jpg	10	-1.0,-1.0,-1.0,1.0,1.0,1.0,-1.0,-1.0	-0.4640875,-2.7084832,-1.4568591,1.3739997,0.8028469,0.20260136,-0.15077145,-5.2391076
