../data/train_data_mmini/1/Train_0000.jpg	1	-1.0,-1.0,1.0,1.0,1.0,1.0,1.0,1.0	-0.38319695,-0.37457743,0.29949275,0.09432598,0.6083712,0.15743205,0.65236664,0.6406424
../data/train_data_mmini/1/Train_0001.jpg	1	-1.0,-1.0,-1.0,1.0,1.0,1.0,1.0,1.0	-0.7593821,-0.4860692,-0.32397467,0.64527136,1.0994194,0.51875484,0.2772583,1.5815165
../data/train_data_mmini/1/Train_0002.jpg	1	-1.0,-1.0,-1.0,-1.0,-1.0,1.0,1.0,-1.0	-0.26904836,-0.20843743,-0.06205666,-0.6893545,-1.8222469,0.23202705,0.16119397,-1.0635318
../data/train_data_mmini/1/Train_0003.jpg	1	-1.0,-1.0,-1.0,1.0,1.0,-1.0,1.0,1.0	-1.4148576,-1.2994434,-0.16107768,0.8925618,1.443051,-0.29564416,0.49017638,1.734954
../data/train_data_mmini/1/Train_0004.jpg	1	-1.0,-1.0,1.0,-1.0,1.0,-1.0,1.0,1.0	-0.11299905,-0.37220243,0.35150772,-0.29031703,0.8306832,-0.178269,0.33827823,1.361244
../data/train_data_mmini/2/Train_0005.jpg	2	1.0,1.0,1.0,1.0,1.0,1.0,1.0,-1.0	1.4269248,0.3708275,0.8152468,0.67636573,0.15993924,0.7778839,1.3871493,-1.2506096
../data/train_data_mmini/2/Train_0006.jpg	2	1.0,1.0,1.0,1.0,1.0,1.0,1.0,-1.0	1.7255948,0.4844315,1.429595,0.14731875,0.4849676,0.06747245,1.0514023,-0.23372042
../data/train_data_mmini/2/Train_0007.jpg	2	1.0,1.0,1.0,1.0,1.0,1.0,1.0,1.0	0.5454736,0.010742605,0.70393604,0.67297894,1.3412445,0.6447527,1.1244614,0.8216809
../data/train_data_mmini/2/Train_0008.jpg	2	1.0,-1.0,1.0,-1.0,-1.0,-1.0,1.0,1.0	0.40407404,-0.007503748,0.7691033,-1.4739296,-0.3430522,-0.4590674,0.09558895,0.2578589
../data/train_data_mmini/2/Train_0009.jpg	2	1.0,1.0,1.0,1.0,1.0,1.0,1.0,-1.0	2.0827804,0.9409566,1.0102787,0.9657375,0.9165407,1.1915685,2.358236,-1.7188698
../data/train_data_mmini/3/Train_0010.jpg	3	1.0,1.0,1.0,1.0,1.0,1.0,1.0,-1.0	1.2998476,0.8578008,0.8979687,0.7359467,1.3967462,0.6300239,1.6119723,-0.49185714
../data/train_data_mmini/3/Train_0011.jpg	3	1.0,1.0,1.0,-1.0,-1.0,1.0,1.0,-1.0	0.9857569,1.5978751,0.3561446,-0.9666732,-2.0571682,0.6844285,1.0679238,-2.8809965
../data/train_data_mmini/3/Train_0012.jpg	3	1.0,1.0,-1.0,1.0,-1.0,1.0,1.0,-1.0	0.6085267,0.31261343,-0.347832,0.175715,-0.39640576,0.77457494,0.8644249,-0.92221665
../data/train_data_mmini/3/Train_0013.jpg	3	1.0,1.0,1.0,-1.0,-1.0,-1.0,1.0,-1.0	0.95505536,0.26411495,0.69670486,-1.1338677,-0.6481345,-0.319563,0.89910203,-1.4308262
../data/train_data_mmini/3/Train_0014.jpg	3	1.0,1.0,1.0,-1.0,1.0,-1.0,1.0,-1.0	1.8313718,1.2683355,1.6131878,-0.24483544,0.49528658,-0.1417132,1.6525419,-0.85187566
../data/train_data_mmini/4/Train_0015.jpg	4	-1.0,-1.0,1.0,-1.0,-1.0,-1.0,1.0,1.0	-0.013933957,-0.31444433,0.21420014,-0.95211357,-0.75359476,-0.11791954,0.14162946,0.19890904
../data/train_data_mmini/4/Train_0016.jpg	4	-1.0,-1.0,1.0,1.0,-1.0,1.0,1.0,-1.0	-0.76814747,-0.8346949,0.035218984,0.83058894,-0.18873182,0.23025435,0.4606269,-0.1472281
../data/train_data_mmini/4/Train_0017.jpg	4	1.0,1.0,1.0,1.0,-1.0,1.0,1.0,-1.0	0.9047891,0.65052795,0.24959677,0.0143861845,-2.0168507,0.6291971,1.2504807,-3.3056479
../data/train_data_mmini/4/Train_0018.jpg	4	1.0,1.0,1.0,1.0,1.0,1.0,1.0,-1.0	1.2890825,0.75264823,1.3801327,0.33277386,0.5204743,0.05795666,1.6173325,-0.73881125
../data/train_data_mmini/4/Train_0019.jpg	4	1.0,1.0,1.0,1.0,1.0,1.0,1.0,1.0	1.6306353,0.17885524,1.0484561,0.114428155,0.7168812,0.11770391,0.513196,0.5559406
../data/train_data_mmini/5/Train_0020.jpg	5	-1.0,-1.0,1.0,1.0,1.0,1.0,1.0,1.0	-0.3674556,-0.96758986,0.21747303,0.8588663,1.6197493,0.030599438,0.18646339,2.694155
../data/train_data_mmini/5/Train_0021.jpg	5	-1.0,-1.0,1.0,-1.0,1.0,-1.0,1.0,1.0	-0.09237105,-0.33756423,0.5664546,-1.1814167,0.021779612,-0.6284406,0.0453856,1.3720095
../data/train_data_mmini/5/Train_0022.jpg	5	1.0,1.0,1.0,1.0,1.0,1.0,1.0,1.0	1.2513932,0.27926713,1.1844862,0.49363208,1.4793216,0.48460388,1.3589818,0.6216506
../data/train_data_mmini/5/Train_0023.jpg	5	-1.0,-1.0,1.0,1.0,1.0,-1.0,1.0,1.0	-0.41926733,-0.73346055,0.26456314,0.5433874,1.5224298,-0.09717599,0.4196474,2.1763096
../data/train_data_mmini/5/Train_0024.jpg	5	1.0,1.0,1.0,1.0,1.0,1.0,1.0,-1.0	0.76276803,0.29508153,0.29938877,0.18378794,0.3638686,0.71375865,1.3630772,-0.69967043
../data/train_data_mmini/6/Train_0025.jpg	6	1.0,1.0,1.0,1.0,-1.0,1.0,1.0,-1.0	1.8429713,0.8671924,0.02139917,1.784296,-0.46087945,1.6185119,1.9369402,-3.802059
../data/train_data_mmini/6/Train_0026.jpg	6	1.0,1.0,1.0,1.0,1.0,1.0,1.0,-1.0	1.1862683,0.70419383,0.639876,1.3767225,0.75826955,1.270712,1.5637462,-0.6434878
../data/train_data_mmini/6/Train_0027.jpg	6	1.0,1.0,1.0,1.0,1.0,1.0,1.0,-1.0	1.4074788,1.107335,0.35092816,1.0926017,0.23469822,1.264263,1.8618505,-2.1840017
../data/train_data_mmini/6/Train_0028.jpg	6	1.0,1.0,1.0,-1.0,1.0,-1.0,1.0,-1.0	0.9944494,1.4195888,1.4583416,-0.21058568,0.07262422,-0.08497623,2.017098,-1.5112916
../data/train_data_mmini/6/Train_0029.jpg	6	1.0,1.0,-1.0,1.0,-1.0,1.0,1.0,-1.0	1.218252,0.48561305,-0.5735262,0.41234314,-1.938369,1.5604316,1.7332437,-5.217958
../data/train_data_mmini/7/Train_0030.jpg	7	1.0,1.0,1.0,1.0,1.0,1.0,1.0,-1.0	1.5635874,0.4505248,1.1433107,0.91533744,0.815369,0.9001673,1.700392,-0.66252744
../data/train_data_mmini/7/Train_0031.jpg	7	1.0,1.0,1.0,1.0,1.0,1.0,1.0,-1.0	1.731022,0.41438442,1.4740618,0.8894525,0.98426646,0.35076758,2.1541877,-1.1977338
../data/train_data_mmini/7/Train_0032.jpg	7	1.0,1.0,1.0,-1.0,-1.0,1.0,1.0,-1.0	1.3157548,1.1753683,0.59523356,-1.4728603,-2.1971629,0.29418135,1.1745322,-2.8945253
../data/train_data_mmini/7/Train_0033.jpg	7	1.0,1.0,1.0,1.0,1.0,1.0,1.0,-1.0	2.227959,1.0976723,0.61789656,1.7083987,0.85976905,1.757254,2.2436466,-1.8412806
../data/train_data_mmini/7/Train_0034.jpg	7	1.0,1.0,1.0,-1.0,-1.0,1.0,1.0,-1.0	1.498033,2.0330367,0.62142956,-0.65604544,-0.9414635,0.47626543,1.5025508,-2.6493087
../data/train_data_mmini/8/Train_0035.jpg	8	1.0,1.0,1.0,1.0,1.0,1.0,1.0,-1.0	2.3344924,1.6255003,1.4497681,0.10982183,0.408495,0.60770833,2.8097937,-3.0406692
../data/train_data_mmini/8/Train_0036.jpg	8	1.0,1.0,1.0,1.0,1.0,1.0,1.0,-1.0	2.8272943,1.5204345,1.5215694,1.6827974,0.10484035,1.3753763,3.2981029,-4.1960087
../data/train_data_mmini/8/Train_0037.jpg	8	1.0,1.0,1.0,1.0,-1.0,1.0,1.0,-1.0	1.6807439,1.5173814,0.59421074,0.617731,-0.9525078,1.5070558,2.165401,-3.4053168
../data/train_data_mmini/8/Train_0038.jpg	8	1.0,1.0,1.0,-1.0,1.0,1.0,1.0,-1.0	1.168577,0.2051118,0.719706,-0.31214136,0.008161694,0.4452992,1.3999786,-1.2772106
../data/train_data_mmini/8/Train_0039.jpg	8	1.0,1.0,1.0,1.0,-1.0,1.0,1.0,-1.0	3.0134425,2.3867059,1.17582,0.20156088,-1.1529609,1.3857702,3.2174795,-5.738807
../data/train_data_mmini/9/Train_0040.jpg	9	1.0,-1.0,1.0,-1.0,1.0,1.0,1.0,1.0	0.31576866,-0.012266666,0.73779535,-0.082520105,0.52862316,0.31031442,1.1404045,0.0056003034
../data/train_data_mmini/9/Train_0041.jpg	9	1.0,1.0,1.0,1.0,1.0,1.0,1.0,-1.0	2.071826,1.3055966,0.82337046,1.4634496,1.2226186,1.443605,1.9295914,-0.8515729
../data/train_data_mmini/9/Train_0042.jpg	9	-1.0,-1.0,-1.0,-1.0,-1.0,-1.0,-1.0,1.0	-0.90378296,-0.66741765,-0.36317912,-0.99401516,-0.7441274,-0.26650602,-0.37764043,0.7197069
../data/train_data_mmini/9/Train_0043.jpg	9	1.0,1.0,1.0,1.0,1.0,1.0,1.0,-1.0	1.824223,0.6322719,1.394305,0.039311536,0.60957795,0.46896422,1.5662477,-0.44866034
../data/train_data_mmini/9/Train_0044.jpg	9	1.0,1.0,-1.0,1.0,-1.0,1.0,1.0,-1.0	0.5903951,0.0014433116,-0.22423214,0.25977504,-0.6051697,0.92825854,1.2441938,-2.380288
../data/train_data_mmini/10/Train_0045.jpg	10	1.0,1.0,1.0,1.0,-1.0,1.0,1.0,-1.0	3.0862632,2.69025,0.8838042,0.25744027,-2.3806252,1.7475227,3.5362988,-7.647757
../data/train_data_mmini/10/Train_0046.jpg	10	1.0,1.0,-1.0,-1.0,-1.0,1.0,1.0,-1.0	0.42433825,0.8628144,-0.55560666,-0.8471828,-3.1389172,0.9727948,0.7299153,-4.415559
../data/train_data_mmini/10/Train_0047.jpg	10	1.0,1.0,1.0,-1.0,-1.0,1.0,1.0,-1.0	2.517181,1.860821,1.1206585,-0.5583741,-2.128642,0.74276906,2.690375,-5.7072763
../data/train_data_mmini/10/Train_0048.jpg	10	1.0,1.0,1.0,1.0,-1.0,1.0,1.0,-1.0	2.964101,1.6321465,0.25889242,0.194211,-1.6937443,1.4534796,2.4579012,-5.792197
../data/train_data_mmini/10/Train_0049.jpg	10	1.0,1.0,1.0,-1.0,-1.0,1.0,1.0,-1.0	2.638269,2.1493063,0.9725721,-0.20133099,-1.4073435,1.3144536,2.7014868,-5.2006574
