../data/train_data_mmini/1/Train_0000.jpg	1	-1.0,1.0,1.0,1.0,1.0,-1.0,-1.0,-1.0,-1.0,1.0,1.0,1.0	-0.03905223,0.12389665,0.027077608,0.10987263,0.097792126,-0.03646442,-0.1411391,-0.03164112,-0.1130192,0.06021101,0.15075512,0.02377665
../data/train_data_mmini/1/Train_0001.jpg	1	-1.0,1.0,1.0,1.0,1.0,-1.0,-1.0,1.0,-1.0,1.0,1.0,1.0	-0.013169986,0.28975433,0.123107426,0.13669711,0.0744505,-0.14873591,-0.22769211,0.0871662,-0.28655657,0.17298837,0.109540924,0.053984642
../data/train_data_mmini/1/Train_0002.jpg	1	1.0,1.0,1.0,-1.0,-1.0,-1.0,-1.0,1.0,1.0,1.0,1.0,1.0	0.015536982,0.090224095,0.1496347,-0.10632033,-0.09540699,-0.11685416,-0.083959445,0.105799265,0.25238156,0.45290715,0.15942948,0.2542597
../data/train_data_mmini/1/Train_0003.jpg	1	-1.0,1.0,1.0,-1.0,1.0,-1.0,-1.0,-1.0,-1.0,-1.0,1.0,-1.0	-0.09475361,0.09129722,0.04101359,-0.0022861417,0.007157779,-0.06364909,-0.18489464,-0.031350784,-0.071716174,-0.20866905,0.15882064,-0.06125331
../data/train_data_mmini/1/Train_0004.jpg	1	-1.0,1.0,-1.0,-1.0,1.0,1.0,-1.0,-1.0,-1.0,-1.0,1.0,-1.0	-0.20280455,0.09555327,-0.12514497,-0.11128313,0.05637098,0.026121292,-0.104822695,-0.24137901,-0.051555216,-0.26405895,0.15431862,-0.08826351
../data/train_data_mmini/2/Train_0005.jpg	2	1.0,1.0,-1.0,-1.0,1.0,1.0,-1.0,-1.0,-1.0,-1.0,1.0,1.0	0.003260213,0.118453555,-0.00591404,-0.054017253,0.065978654,0.08684611,-0.0005747704,-0.09676438,-0.16619968,-0.17176448,0.20159088,0.027692854
../data/train_data_mmini/2/Train_0006.jpg	2	1.0,1.0,1.0,1.0,1.0,1.0,-1.0,1.0,-1.0,1.0,-1.0,1.0	0.24727578,0.12647645,0.355793,0.16328365,0.14791018,0.024489019,-0.037522987,0.06422842,-0.1058245,0.094027825,-0.12625466,0.043261826
../data/train_data_mmini/2/Train_0007.jpg	2	-1.0,1.0,-1.0,-1.0,-1.0,1.0,-1.0,-1.0,1.0,-1.0,1.0,-1.0	-0.17807488,0.01819869,-0.048203953,-0.13838035,-0.00057103625,0.014948282,-0.2482434,-0.013059608,0.021216765,-0.1655991,0.23202942,-0.14444566
../data/train_data_mmini/2/Train_0008.jpg	2	1.0,1.0,1.0,1.0,1.0,-1.0,-1.0,-1.0,-1.0,1.0,1.0,1.0	0.039387662,0.3121033,0.13908862,0.09101849,0.020658543,-0.060232725,-0.1500882,-0.03918182,-0.24976146,0.1608152,0.083391115,0.18760145
../data/train_data_mmini/2/Train_0009.jpg	2	-1.0,1.0,-1.0,1.0,1.0,1.0,-1.0,-1.0,-1.0,1.0,1.0,1.0	-0.050619584,0.14926337,-0.010556705,0.09971588,0.10174007,0.12015012,-0.079916075,-0.08554482,-0.15058634,0.043481953,0.25250754,0.09466618
../data/train_data_mmini/3/Train_0010.jpg	3	1.0,1.0,1.0,-1.0,1.0,1.0,-1.0,1.0,-1.0,-1.0,1.0,-1.0	0.3474671,0.21259777,0.42400888,-0.3255939,0.0007129074,0.17016596,-0.40087828,0.38298333,-0.0070152283,-0.0996319,0.21993066,-0.009699941
../data/train_data_mmini/3/Train_0011.jpg	3	-1.0,1.0,-1.0,-1.0,-1.0,-1.0,-1.0,-1.0,-1.0,1.0,1.0,1.0	-0.36962387,0.18656306,-0.20577992,-0.039979883,-0.03985829,-0.04786673,-0.040141363,-0.13443981,-0.027148679,0.21988042,0.25168353,0.08581293
../data/train_data_mmini/3/Train_0012.jpg	3	-1.0,-1.0,-1.0,-1.0,1.0,-1.0,1.0,-1.0,1.0,-1.0,1.0,1.0	-0.5994153,-0.03252212,-0.53281075,-0.12268598,0.06139592,-0.11997768,0.09767943,-0.60848755,0.048903048,-0.22414814,0.1865779,0.13312459
../data/train_data_mmini/3/Train_0013.jpg	3	1.0,1.0,1.0,1.0,-1.0,-1.0,-1.0,-1.0,-1.0,1.0,-1.0,1.0	0.027784366,0.18189524,0.23043858,0.13517207,-0.024073297,-0.1418328,-0.24596663,-0.067560785,-0.22619614,0.1727279,-0.12688224,0.11592853
../data/train_data_mmini/3/Train_0014.jpg	3	1.0,1.0,1.0,-1.0,1.0,1.0,-1.0,-1.0,-1.0,-1.0,1.0,1.0	0.006898421,0.15003107,0.0066861436,-0.0247981,0.20125541,0.23620048,-0.027351025,-0.10406905,-0.14777854,-0.03989064,0.2525102,0.07124275
../data/train_data_mmini/4/Train_0015.jpg	4	-1.0,1.0,-1.0,1.0,-1.0,-1.0,-1.0,-1.0,-1.0,1.0,1.0,1.0	-0.21070491,0.08074889,-0.048577674,0.04705017,-0.0060510575,-0.11535922,-0.124925375,-0.14622901,-0.047941968,0.27004355,0.1181529,0.11484516
../data/train_data_mmini/4/Train_0016.jpg	4	1.0,1.0,1.0,1.0,1.0,-1.0,-1.0,1.0,-1.0,1.0,1.0,1.0	0.27438822,0.18970709,0.25555313,0.27860236,0.0013982565,-0.14992777,-0.1992961,0.13488503,-0.1867769,0.244213,0.028031899,0.0859527
../data/train_data_mmini/4/Train_0017.jpg	4	1.0,1.0,1.0,1.0,-1.0,-1.0,-1.0,1.0,1.0,1.0,-1.0,1.0	0.15987213,0.025123408,0.20968817,0.32286257,-0.026685322,-0.07934889,-0.21230339,0.064883,0.10693349,0.36956805,-0.052008647,0.15612572
../data/train_data_mmini/4/Train_0018.jpg	4	1.0,1.0,1.0,1.0,1.0,1.0,-1.0,1.0,-1.0,-1.0,1.0,1.0	0.1823441,0.06994093,0.07059985,0.10373359,0.16203089,0.31229886,-0.15858726,0.14149417,-0.07632728,-0.019046774,0.37353054,0.08409184
../data/train_data_mmini/4/Train_0019.jpg	4	1.0,1.0,1.0,-1.0,-1.0,-1.0,-1.0,-1.0,-1.0,-1.0,-1.0,-1.0	0.013895589,0.12815203,0.41643637,-0.12807447,-0.086796276,-0.13246366,-0.067952305,-0.07920825,-0.049309894,-0.14010333,-0.26015157,-0.050778806
../data/train_data_mmini/5/Train_0020.jpg	5	-1.0,-1.0,-1.0,-1.0,-1.0,1.0,-1.0,1.0,1.0,-1.0,1.0,-1.0	-0.025454503,-0.0029190124,-0.022631772,-0.05105526,-0.021402651,0.03516612,-0.12267108,0.025769778,0.1081409,-0.16749506,0.24135084,-0.049670756
../data/train_data_mmini/5/Train_0021.jpg	5	-1.0,1.0,-1.0,1.0,1.0,1.0,-1.0,-1.0,-1.0,1.0,1.0,1.0	-0.24508129,0.11454522,-0.102802046,0.029054577,0.091225155,0.0004141666,-0.054561663,-0.18452697,-0.19280806,0.07036955,0.23294671,0.021068513
../data/train_data_mmini/5/Train_0022.jpg	5	-1.0,1.0,-1.0,-1.0,1.0,1.0,-1.0,-1.0,-1.0,-1.0,1.0,-1.0	-0.07926439,0.12342676,-0.0073766783,-0.012653774,0.082841076,0.038863454,-0.12725526,-0.11087071,-0.07589841,-0.2350602,0.22050168,-0.023915768
../data/train_data_mmini/5/Train_0023.jpg	5	-1.0,-1.0,-1.0,-1.0,1.0,1.0,-1.0,1.0,1.0,-1.0,1.0,1.0	-0.11542998,-0.026632452,-0.107398994,-0.14194292,0.078852065,0.067643404,-0.022622067,0.018468685,0.08525966,-0.13815074,0.31632864,0.013756275
../data/train_data_mmini/5/Train_0024.jpg	5	-1.0,-1.0,-1.0,-1.0,-1.0,1.0,-1.0,-1.0,1.0,-1.0,1.0,-1.0	-0.37679014,-0.05137015,-0.3098817,-0.36224157,-0.13878018,0.015507612,-0.15978031,-0.33607256,0.16082701,-0.16059588,0.23622517,-0.15536186
../data/train_data_mmini/6/Train_0025.jpg	6	-1.0,-1.0,1.0,-1.0,-1.0,-1.0,-1.0,-1.0,1.0,-1.0,-1.0,-1.0	-0.08090298,-0.06669476,0.21117221,-0.7771875,-0.2783022,-0.10420194,-0.18463014,-0.1390423,0.48789084,-0.49807227,-0.012648867,-0.26401776
../data/train_data_mmini/6/Train_0026.jpg	6	1.0,1.0,1.0,1.0,1.0,1.0,-1.0,1.0,1.0,1.0,1.0,-1.0	0.25787178,0.06838798,0.24112873,0.3927288,0.03163103,0.26913932,-0.5856275,0.4065891,0.021159694,0.27271467,0.22419949,-0.024297595
../data/train_data_mmini/6/Train_0027.jpg	6	1.0,1.0,1.0,-1.0,1.0,1.0,-1.0,1.0,-1.0,-1.0,1.0,1.0	0.0835001,0.21718325,0.116594665,-0.103203125,0.095817514,0.22885445,-0.041704077,0.15670313,-0.11837894,-0.12758921,0.24970014,0.017686427
../data/train_data_mmini/6/Train_0028.jpg	6	-1.0,1.0,1.0,-1.0,-1.0,1.0,-1.0,1.0,1.0,1.0,1.0,1.0	-0.02660809,0.17119302,0.025309972,-0.0014879163,-0.010861972,0.111207366,-0.1594413,0.032927044,0.0027496368,0.2383383,0.25611532,0.14908898
../data/train_data_mmini/6/Train_0029.jpg	6	1.0,1.0,1.0,-1.0,1.0,1.0,-1.0,1.0,1.0,-1.0,-1.0,1.0	0.011233526,0.00041877324,0.30499154,-0.2708406,0.070550196,0.017527733,-0.1167649,0.035024412,0.20615855,-0.2615741,-0.06307091,0.11877704
../data/train_data_mmini/7/Train_0030.jpg	7	-1.0,1.0,1.0,1.0,1.0,-1.0,1.0,-1.0,-1.0,-1.0,1.0,1.0	-0.05800889,0.14864726,0.039042108,0.23412138,0.07056243,-0.089865535,0.010542286,-0.14347963,-0.28041822,-0.014312794,0.0061961245,0.039572775
../data/train_data_mmini/7/Train_0031.jpg	7	1.0,1.0,-1.0,1.0,1.0,1.0,-1.0,-1.0,1.0,-1.0,1.0,1.0	0.1628455,0.06668376,-0.00039506727,0.0674557,0.015764004,0.2052935,-0.30233115,-0.036405556,0.030513614,-0.057155423,0.17203285,0.031767905
../data/train_data_mmini/7/Train_0032.jpg	7	-1.0,1.0,-1.0,-1.0,-1.0,1.0,1.0,-1.0,-1.0,1.0,1.0,1.0	-0.29313883,0.17735253,-0.3458742,-0.17741793,-0.008790696,0.010163579,0.080988444,-0.37331015,-0.15913512,0.086153455,0.30964747,0.06804967
../data/train_data_mmini/7/Train_0033.jpg	7	-1.0,1.0,-1.0,-1.0,1.0,1.0,-1.0,-1.0,-1.0,-1.0,1.0,-1.0	-0.010839683,0.021075761,-0.07115031,-0.14355427,0.0024867118,0.13580272,-0.09284389,-0.06165587,-0.018102542,-0.08729934,0.24749516,-0.050100148
../data/train_data_mmini/7/Train_0034.jpg	7	-1.0,1.0,-1.0,-1.0,-1.0,1.0,-1.0,-1.0,-1.0,-1.0,1.0,-1.0	-0.46859822,0.09517547,-0.19868661,-0.57509893,-0.16397119,0.1659871,-0.13927579,-0.23140149,-0.020588905,-0.4398358,0.34753254,-0.20717746
../data/train_data_mmini/8/Train_0035.jpg	8	-1.0,1.0,-1.0,-1.0,1.0,1.0,1.0,-1.0,-1.0,-1.0,1.0,1.0	-0.1676204,0.21766518,-0.030001886,-0.13584131,0.09565682,0.07103643,0.011337114,-0.16602235,-0.13676344,-0.0904079,0.20814611,0.046536744
../data/train_data_mmini/8/Train_0036.jpg	8	-1.0,1.0,-1.0,-1.0,-1.0,1.0,-1.0,-1.0,1.0,-1.0,1.0,1.0	-0.039589148,0.047622852,-0.044389613,-0.15041083,-0.08192014,0.21049026,-0.20691998,-0.07678866,0.1500032,-0.07253521,0.29956838,0.037944734
../data/train_data_mmini/8/Train_0037.jpg	8	-1.0,1.0,1.0,1.0,-1.0,1.0,-1.0,1.0,1.0,1.0,1.0,-1.0	-0.13257538,0.10879379,0.014910571,0.09094768,-0.1581803,0.10154107,-0.51596737,0.12521859,0.00061385334,0.2604596,0.20798086,-0.058960736
../data/train_data_mmini/8/Train_0038.jpg	8	-1.0,1.0,1.0,-1.0,-1.0,-1.0,-1.0,-1.0,-1.0,-1.0,1.0,1.0	-0.14475046,0.20233555,0.01160752,-0.14009315,-0.024785126,-0.021090057,-0.1252446,-0.11997061,-0.10703209,-0.123406045,0.08053304,0.07631564
../data/train_data_mmini/8/Train_0039.jpg	8	-1.0,1.0,-1.0,-1.0,1.0,1.0,1.0,-1.0,-1.0,-1.0,1.0,1.0	-0.24229191,0.16541497,-0.15296294,-0.15206426,0.14847142,0.0523375,0.147634,-0.19820188,-0.16893315,-0.13952754,0.21119545,0.09391767
../data/train_data_mmini/9/Train_0040.jpg	9	-1.0,1.0,-1.0,-1.0,-1.0,-1.0,-1.0,-1.0,-1.0,-1.0,1.0,-1.0	-0.26239857,0.15629794,-0.0021989422,-0.03539247,-0.049805157,-0.06691852,-0.17960308,-0.13961308,-0.043830186,-0.012184968,0.12168802,-0.031409502
../data/train_data_mmini/9/Train_0041.jpg	9	1.0,1.0,-1.0,-1.0,-1.0,1.0,-1.0,-1.0,-1.0,-1.0,1.0,-1.0	0.011130589,0.11910849,-0.053380616,-0.21988267,-0.046862237,0.10425779,-0.14057411,-0.016563527,-0.02045378,-0.12806587,0.24449082,-0.107818484
../data/train_data_mmini/9/Train_0042.jpg	9	-1.0,1.0,-1.0,-1.0,-1.0,-1.0,-1.0,-1.0,1.0,1.0,1.0,-1.0	-0.3513032,0.14297567,-0.01935459,-0.1644283,-0.17985469,-0.17050967,-0.33000666,-0.12594436,0.08633152,0.16492207,0.098259345,-0.067124605
../data/train_data_mmini/9/Train_0043.jpg	9	1.0,1.0,1.0,1.0,1.0,1.0,-1.0,1.0,-1.0,1.0,1.0,1.0	0.00095285755,0.14062561,0.14309244,0.045718007,0.07304887,0.06862268,-0.0653148,0.038295932,-0.09838176,0.011301825,0.16761266,0.07559013
../data/train_data_mmini/9/Train_0044.jpg	9	-1.0,1.0,1.0,-1.0,-1.0,-1.0,-1.0,-1.0,1.0,-1.0,-1.0,1.0	-0.1742327,0.08938288,0.06477975,-0.2504533,-0.085624896,-0.15968165,-0.052047197,-0.12972026,0.131995,-0.08087837,-0.048888523,0.004982412
../data/train_data_mmini/10/Train_0045.jpg	10	-1.0,1.0,-1.0,-1.0,1.0,1.0,1.0,-1.0,-1.0,-1.0,1.0,-1.0	-0.17691396,0.11022494,-0.18938936,-0.36333388,0.1733697,0.22300795,0.034862537,-0.28912616,-0.25690666,-0.2792542,0.14050896,-0.03834027
../data/train_data_mmini/10/Train_0046.jpg	10	-1.0,1.0,1.0,-1.0,-1.0,-1.0,-1.0,1.0,1.0,1.0,-1.0,1.0	-0.025518518,0.1975438,0.23752467,-0.1146862,-0.05001112,-0.22474128,-0.051203478,0.09977067,0.032643363,0.11071176,-0.10933304,0.06777826
../data/train_data_mmini/10/Train_0047.jpg	10	-1.0,1.0,-1.0,-1.0,-1.0,1.0,-1.0,-1.0,-1.0,-1.0,1.0,1.0	-0.16490398,0.117461614,-0.071408994,-0.34775287,-0.034830503,0.18278417,-0.14112724,-0.17572151,-0.03603494,-0.24042301,0.22587617,0.06752801
../data/train_data_mmini/10/Train_0048.jpg	10	-1.0,1.0,-1.0,-1.0,-1.0,-1.0,1.0,-1.0,1.0,-1.0,1.0,-1.0	-0.43669382,0.20876294,-0.22624959,-0.7831598,-0.014561737,-0.045955833,0.41328958,-0.6199178,0.031943284,-0.7488763,0.067815796,-0.03655064
../data/train_data_mmini/10/Train_0049.jpg	10	-1.0,1.0,-1.0,-1.0,1.0,1.0,-1.0,-1.0,-1.0,-1.0,1.0,1.0	-0.14807986,0.14201683,-0.016421445,-0.24110335,0.021587497,0.049678836,-0.073454246,-0.115387015,-0.028058961,-0.03645306,0.15363826,0.018137872
