../data/train_data_mmini/1/Train_0000.jpg	1	-1.0,-1.0,1.0,-1.0,-1.0,1.0,-1.0,-1.0,-1.0,-1.0,-1.0,1.0	-0.06801834,-0.07647467,0.058968786,-0.6488106,-1.1738604,1.404423,-0.012208441,-1.875621,-0.37891603,-3.8308048,-0.24074501,0.17509301
../data/train_data_mmini/1/Train_0001.jpg	1	1.0,1.0,-1.0,-1.0,-1.0,1.0,1.0,-1.0,-1.0,-1.0,-1.0,1.0	0.17918266,0.057621986,-0.09438389,-0.56062156,-1.2650205,1.4313552,0.08749705,-1.8001323,-0.44359386,-4.147716,-0.56034034,0.094253376
../data/train_data_mmini/1/Train_0002.jpg	1	-1.0,-1.0,1.0,-1.0,-1.0,1.0,-1.0,-1.0,-1.0,-1.0,-1.0,1.0	-0.5170954,-0.044280082,0.3109388,-0.6785914,-0.53859156,1.1317075,-0.31352028,-1.8486617,-0.065660626,-3.3153918,-0.468785,0.33629104
../data/train_data_mmini/1/Train_0003.jpg	1	-1.0,1.0,1.0,-1.0,-1.0,1.0,1.0,-1.0,-1.0,-1.0,-1.0,1.0	-0.08270671,0.20754409,0.052538905,-0.5884974,-1.3873225,1.2475033,0.12164798,-2.0066664,-0.39347306,-4.08021,-0.68181664,0.081751004
../data/train_data_mmini/1/Train_0004.jpg	1	-1.0,1.0,1.0,-1.0,-1.0,1.0,1.0,-1.0,-1.0,-1.0,-1.0,-1.0	-0.14940782,0.18485415,0.12438608,-0.5879064,-1.358619,1.4094638,0.031163504,-1.6206505,-0.35865584,-3.8368607,-0.48707992,-0.04190598
../data/train_data_mmini/2/Train_0005.jpg	2	1.0,1.0,1.0,-1.0,-1.0,1.0,1.0,-1.0,-1.0,-1.0,-1.0,1.0	0.012999425,0.16030061,0.28065106,-0.5108483,-1.3232181,1.3307147,0.12246778,-1.9032412,-0.28496405,-3.8121946,-0.45471275,0.23381098
../data/train_data_mmini/2/Train_0006.jpg	2	-1.0,-1.0,1.0,-1.0,-1.0,1.0,1.0,-1.0,-1.0,-1.0,-1.0,1.0	-0.18973322,-0.14807868,0.10801078,-0.87278223,-1.4046177,1.0966992,0.3235726,-2.0841541,-0.048479512,-4.077529,-0.0061287936,0.1993794
../data/train_data_mmini/2/Train_0007.jpg	2	-1.0,1.0,1.0,-1.0,-1.0,1.0,1.0,-1.0,-1.0,-1.0,-1.0,1.0	-0.15386222,0.20665655,0.14079428,-0.5258149,-1.2730645,1.3764641,0.030471107,-1.7803603,-0.36320424,-3.9183393,-0.65383387,0.007608015
../data/train_data_mmini/2/Train_0008.jpg	2	-1.0,-1.0,1.0,-1.0,-1.0,1.0,-1.0,-1.0,-1.0,-1.0,-1.0,1.0	-0.19475688,-0.10752091,0.24892619,-0.6128775,-1.150989,1.4476314,-0.14025332,-1.6241437,-0.095311925,-3.785706,-0.22749037,0.25418368
../data/train_data_mmini/2/Train_0009.jpg	2	-1.0,-1.0,1.0,-1.0,-1.0,1.0,1.0,-1.0,-1.0,-1.0,-1.0,1.0	-0.00015251897,-0.12923127,0.06129432,-0.75177187,-1.6774708,1.6740116,0.055389903,-2.2114232,-0.31384382,-4.513224,-0.2727695,0.4396405
../data/train_data_mmini/3/Train_0010.jpg	3	-1.0,1.0,1.0,-1.0,-1.0,1.0,1.0,-1.0,-1.0,-1.0,-1.0,1.0	-0.1355253,0.247543,0.40028328,-0.63769335,-1.1090924,0.7292096,0.102795534,-1.36779,-0.002621307,-3.5968049,-0.5415449,0.34436306
../data/train_data_mmini/3/Train_0011.jpg	3	-1.0,-1.0,1.0,-1.0,-1.0,1.0,-1.0,-1.0,-1.0,-1.0,-1.0,1.0	-0.31748673,-0.035856456,0.06635413,-0.2414709,-0.5970422,1.5781752,-0.40628007,-1.1955854,-0.48934132,-2.8548036,-0.46833414,0.1323082
../data/train_data_mmini/3/Train_0012.jpg	3	-1.0,1.0,-1.0,-1.0,-1.0,1.0,1.0,-1.0,-1.0,-1.0,-1.0,-1.0	-0.005922338,0.25451073,-0.20138064,-0.44311395,-1.5513966,1.6140556,0.22935252,-1.7980618,-0.49147633,-3.5097547,-0.7108379,-0.3522748
../data/train_data_mmini/3/Train_0013.jpg	3	-1.0,-1.0,1.0,-1.0,-1.0,1.0,1.0,-1.0,-1.0,-1.0,-1.0,1.0	-0.041183017,-0.029943617,0.06382749,-0.8974403,-1.4717846,1.1457173,0.30404517,-2.3133357,-0.07125957,-4.3355007,-0.44382882,0.11118753
../data/train_data_mmini/3/Train_0014.jpg	3	-1.0,1.0,1.0,-1.0,-1.0,1.0,1.0,-1.0,-1.0,-1.0,-1.0,1.0	-0.082633965,0.050077528,0.14533514,-0.65563214,-1.3707799,1.3909905,0.13425936,-1.8414881,-0.34318483,-3.9339037,-0.27576435,0.27901372
../data/train_data_mmini/4/Train_0015.jpg	4	-1.0,-1.0,-1.0,-1.0,-1.0,1.0,-1.0,-1.0,-1.0,-1.0,-1.0,-1.0	-0.2541379,-0.11280352,-0.085759036,-0.51378804,-1.058046,1.4275742,-0.044889934,-1.9944181,-0.40918508,-3.7096307,-0.19776976,-0.017152708
../data/train_data_mmini/4/Train_0016.jpg	4	1.0,-1.0,1.0,-1.0,-1.0,1.0,-1.0,-1.0,-1.0,-1.0,-1.0,1.0	0.027601043,-0.006991239,0.09124596,-0.56998456,-0.8841213,1.0326754,-0.0015516225,-1.7201668,-0.3498662,-3.471729,-0.5184137,0.3368264
../data/train_data_mmini/4/Train_0017.jpg	4	-1.0,-1.0,1.0,-1.0,-1.0,1.0,1.0,-1.0,-1.0,-1.0,-1.0,1.0	-0.122346066,-0.15713775,0.061256442,-0.8500831,-1.2635381,1.149754,0.27331576,-2.2558837,-0.32806405,-4.190044,-0.3842411,0.34489688
../data/train_data_mmini/4/Train_0018.jpg	4	1.0,1.0,1.0,-1.0,-1.0,1.0,-1.0,-1.0,-1.0,-1.0,1.0,1.0	0.04957301,0.10819766,0.09141774,-0.6762604,-0.74653757,1.2950466,-0.04673005,-1.4278123,-0.24164116,-3.250265,0.0020689312,0.38285676
../data/train_data_mmini/4/Train_0019.jpg	4	-1.0,1.0,1.0,-1.0,-1.0,1.0,1.0,-1.0,-1.0,-1.0,-1.0,-1.0	-0.42174888,0.16444391,0.26901028,-0.8093357,-1.6332461,0.8260694,0.49929664,-2.29988,-0.024585351,-4.3082695,-0.78137183,-0.07482104
../data/train_data_mmini/5/Train_0020.jpg	5	-1.0,1.0,1.0,-1.0,-1.0,1.0,1.0,-1.0,-1.0,-1.0,-1.0,1.0	-0.19389091,0.34729752,0.124680944,-0.6482898,-1.4286107,1.300267,0.14338382,-2.0676427,-0.32680136,-4.315086,-0.75590867,0.15521987
../data/train_data_mmini/5/Train_0021.jpg	5	-1.0,1.0,1.0,-1.0,-1.0,1.0,-1.0,-1.0,-1.0,-1.0,-1.0,1.0	-0.17383046,0.008648811,0.06993652,-0.7182634,-1.5543556,1.7359443,-0.018616835,-2.1656835,-0.3995474,-4.4923577,-0.30841565,0.13429697
../data/train_data_mmini/5/Train_0022.jpg	5	-1.0,1.0,1.0,-1.0,-1.0,1.0,1.0,-1.0,-1.0,-1.0,-1.0,1.0	-0.15533827,0.0982748,0.30425978,-0.5533953,-1.5178596,1.4382625,0.08009549,-1.7317352,-0.12235291,-3.9159703,-0.5221616,0.02821191
../data/train_data_mmini/5/Train_0023.jpg	5	-1.0,1.0,1.0,-1.0,-1.0,1.0,1.0,-1.0,-1.0,-1.0,-1.0,1.0	-0.18258585,0.22602996,0.14406434,-0.5584701,-1.2871767,1.3158243,0.063205324,-1.8264544,-0.31461906,-3.9195025,-0.47228044,0.05356844
../data/train_data_mmini/5/Train_0024.jpg	5	-1.0,1.0,-1.0,-1.0,-1.0,1.0,1.0,-1.0,-1.0,-1.0,-1.0,-1.0	-0.12546693,0.38548517,-0.12326621,-0.37931234,-1.2980132,1.3770489,0.10790097,-1.8750027,-0.48106915,-3.9497607,-0.7112811,-0.02424888
../data/train_data_mmini/6/Train_0025.jpg	6	-1.0,1.0,1.0,-1.0,-1.0,1.0,1.0,-1.0,-1.0,-1.0,-1.0,-1.0	-0.40427804,0.509004,0.32642996,-0.30438015,-1.5346246,0.70211583,0.53872967,-1.856437,-0.3955276,-3.6847074,-1.4365746,-0.15581863
../data/train_data_mmini/6/Train_0026.jpg	6	1.0,1.0,-1.0,-1.0,-1.0,1.0,1.0,-1.0,-1.0,-1.0,-1.0,1.0	0.06646175,0.22748041,-0.2523653,-0.7732463,-1.0388247,1.2236056,0.03085198,-1.886946,-0.5299928,-4.3232474,-0.45991683,0.5516086
../data/train_data_mmini/6/Train_0027.jpg	6	-1.0,1.0,1.0,-1.0,-1.0,1.0,-1.0,-1.0,-1.0,-1.0,-1.0,1.0	-0.12886237,0.08098081,0.17074195,-0.5114166,-1.2843266,1.174138,-0.03776697,-1.4491172,-0.378968,-3.2573435,-0.49448174,0.32823828
../data/train_data_mmini/6/Train_0028.jpg	6	-1.0,1.0,1.0,-1.0,-1.0,1.0,-1.0,-1.0,-1.0,-1.0,-1.0,1.0	-0.28883335,0.16903394,0.0019016014,-0.53318286,-0.86957026,1.3751276,-0.18870158,-1.500315,-0.40266266,-3.528906,-0.4961853,0.2931063
../data/train_data_mmini/6/Train_0029.jpg	6	-1.0,-1.0,1.0,-1.0,-1.0,1.0,1.0,-1.0,1.0,-1.0,-1.0,1.0	-0.16864802,-0.015942218,0.40698582,-0.9130279,-1.4587771,0.8525568,0.385178,-2.3255665,0.0381494,-4.240706,-0.7064856,0.20070268
../data/train_data_mmini/7/Train_0030.jpg	7	1.0,-1.0,-1.0,-1.0,-1.0,1.0,1.0,-1.0,-1.0,-1.0,-1.0,1.0	0.0053269956,-0.1209113,-0.042653825,-0.5394864,-1.8177006,1.6820694,0.18893845,-2.2575274,-0.40648356,-4.2658563,-0.33057272,0.15658005
../data/train_data_mmini/7/Train_0031.jpg	7	1.0,1.0,1.0,-1.0,-1.0,1.0,1.0,-1.0,-1.0,-1.0,-1.0,1.0	0.04535324,0.24001667,0.09459699,-0.7858453,-1.5897454,1.460043,0.26109424,-2.284379,-0.28874677,-4.7595153,-0.6165779,0.32295403
../data/train_data_mmini/7/Train_0032.jpg	7	-1.0,1.0,1.0,-1.0,-1.0,1.0,-1.0,-1.0,-1.0,-1.0,-1.0,1.0	-0.12486061,0.08653411,0.08429129,-0.5162977,-1.3184751,1.7754095,-0.04402954,-1.7913313,-0.38151166,-3.682821,-0.32107717,0.19567956
../data/train_data_mmini/7/Train_0033.jpg	7	1.0,1.0,-1.0,-1.0,-1.0,1.0,1.0,-1.0,-1.0,-1.0,-1.0,1.0	0.10693685,0.1816208,-0.012888993,-0.42645034,-1.4934478,1.4426368,0.13714345,-2.0153787,-0.38836557,-4.077275,-0.40264267,0.34698913
../data/train_data_mmini/7/Train_0034.jpg	7	-1.0,1.0,1.0,-1.0,-1.0,1.0,-1.0,-1.0,-1.0,-1.0,-1.0,-1.0	-0.251104,0.5562893,0.28304592,-0.1152291,-0.97943556,1.1627126,-0.19070654,-0.8431069,-0.4922348,-2.7983596,-1.072915,-0.11547558
../data/train_data_mmini/8/Train_0035.jpg	8	-1.0,-1.0,1.0,-1.0,-1.0,1.0,1.0,-1.0,-1.0,-1.0,-1.0,1.0	-0.06034916,-0.02960408,0.23215881,-0.5008287,-1.6249481,1.6145477,0.106989704,-1.8635025,-0.2601974,-3.9349759,-0.34057897,0.12229331
../data/train_data_mmini/8/Train_0036.jpg	8	-1.0,1.0,1.0,-1.0,-1.0,1.0,1.0,-1.0,-1.0,-1.0,-1.0,1.0	-0.11050441,0.19401693,0.1586271,-0.612456,-1.5624841,1.4321692,0.057735734,-2.220669,-0.2681418,-4.3453383,-0.66239786,0.36335894
../data/train_data_mmini/8/Train_0037.jpg	8	-1.0,1.0,-1.0,-1.0,-1.0,1.0,-1.0,-1.0,-1.0,-1.0,-1.0,1.0	-0.02953299,0.13695368,-0.11833554,-0.64884806,-1.2246095,1.3763299,-0.023249904,-2.043622,-0.56768316,-4.4174237,-0.6193935,0.4158425
../data/train_data_mmini/8/Train_0038.jpg	8	-1.0,-1.0,1.0,-1.0,-1.0,1.0,1.0,-1.0,-1.0,-1.0,-1.0,1.0	-0.1368273,-0.017830225,0.29326427,-0.5443239,-1.5991099,1.354392,0.14396618,-2.03812,-0.30826658,-4.07473,-0.63131285,0.09206708
../data/train_data_mmini/8/Train_0039.jpg	8	1.0,-1.0,1.0,-1.0,-1.0,1.0,1.0,-1.0,-1.0,-1.0,-1.0,1.0	0.058203347,-0.089529455,0.35365528,-0.6058374,-1.6564778,1.5981817,0.14568569,-2.149592,-0.18824486,-4.127709,-0.31453335,0.27823147
../data/train_data_mmini/9/Train_0040.jpg	9	-1.0,1.0,-1.0,-1.0,-1.0,1.0,1.0,-1.0,-1.0,-1.0,-1.0,1.0	-0.27586597,0.18573049,-0.0033051027,-0.6024723,-1.4980955,1.5764722,0.011737427,-2.1226501,-0.3897233,-4.4014688,-0.59519076,0.072664216
../data/train_data_mmini/9/Train_0041.jpg	9	1.0,1.0,1.0,-1.0,-1.0,1.0,1.0,-1.0,-1.0,-1.0,-1.0,1.0	0.06631569,0.37823308,0.19223922,-0.5900179,-1.3549392,1.3000445,0.12603964,-1.7451525,-0.29837924,-4.065058,-0.79866505,0.333721
../data/train_data_mmini/9/Train_0042.jpg	9	-1.0,1.0,1.0,-1.0,-1.0,1.0,-1.0,-1.0,-1.0,-1.0,-1.0,1.0	-0.30311802,0.23381749,0.036678676,-0.56608814,-1.0312525,1.2506727,-0.07798795,-1.9308525,-0.39430118,-4.071306,-0.70521116,0.028650243
../data/train_data_mmini/9/Train_0043.jpg	9	-1.0,1.0,1.0,-1.0,-1.0,1.0,1.0,-1.0,-1.0,-1.0,-1.0,1.0	-0.12774666,0.011791049,0.23785502,-0.747208,-1.5919489,1.5726235,0.06716236,-2.2865648,-0.26199698,-4.533394,-0.26335073,0.2994146
../data/train_data_mmini/9/Train_0044.jpg	9	-1.0,1.0,1.0,-1.0,-1.0,1.0,1.0,-1.0,-1.0,-1.0,-1.0,1.0	-0.22192861,0.10913941,0.35692674,-0.7089228,-1.6983563,1.1974738,0.27183273,-2.4596124,-0.24008326,-4.498233,-0.79290634,0.15237315
../data/train_data_mmini/10/Train_0045.jpg	10	1.0,1.0,1.0,-1.0,-1.0,1.0,1.0,-1.0,-1.0,-1.0,-1.0,1.0	0.19569446,0.026208458,0.3191897,-0.45582265,-1.611698,1.282139,0.0973601,-1.7770399,-0.23820277,-3.5001953,-0.36815315,0.38738832
../data/train_data_mmini/10/Train_0046.jpg	10	-1.0,-1.0,1.0,-1.0,-1.0,1.0,-1.0,-1.0,-1.0,-1.0,-1.0,1.0	-0.26933452,-0.08008498,0.46989703,-0.4542168,-0.757775,0.8456537,-0.09672839,-1.4065634,-0.18120848,-2.7898242,-0.45757747,0.22621538
../data/train_data_mmini/10/Train_0047.jpg	10	-1.0,1.0,1.0,-1.0,-1.0,1.0,1.0,-1.0,-1.0,-1.0,-1.0,1.0	-0.15328906,0.15477324,0.43294036,-0.7286212,-1.7259744,1.3761137,0.16696872,-2.2867723,-0.34573,-4.487248,-0.77995247,0.20880993
../data/train_data_mmini/10/Train_0048.jpg	10	-1.0,1.0,1.0,-1.0,-1.0,1.0,1.0,-1.0,-1.0,-1.0,-1.0,-1.0	-0.28689733,0.09494102,0.93310094,-0.142887,-2.033617,1.2703283,0.4776662,-1.930367,-0.095155075,-3.3814943,-1.0746913,-0.25906304
../data/train_data_mmini/10/Train_0049.jpg	10	-1.0,1.0,1.0,-1.0,-1.0,1.0,1.0,-1.0,-1.0,-1.0,-1.0,1.0	-0.005924871,0.064884245,0.23786354,-0.40721908,-1.4713205,1.430131,0.13046153,-1.9343244,-0.421026,-4.0189304,-0.5777192,0.2434885
