../data/train_data_mmini/1/Train_0000.jpg	1	-1.0,1.0,-1.0,1.0,-1.0,-1.0,-1.0,-1.0,1.0,-1.0,1.0,-1.0	-0.095839866,0.038955554,-0.29442462,0.2024157,-0.2178642,-0.064669326,-0.1237835,-0.08850307,0.048349235,-0.14003351,0.46188936,-0.23023845
../data/train_data_mmini/1/Train_0001.jpg	1	-1.0,1.0,-1.0,1.0,-1.0,-1.0,-1.0,-1.0,1.0,-1.0,1.0,-1.0	-0.08157628,0.060052425,-0.32095456,0.19888605,-0.15599117,-0.017629571,-0.054761685,-0.038109407,0.0071513318,-0.10277165,0.49403596,-0.25460333
../data/train_data_mmini/1/Train_0002.jpg	1	-1.0,1.0,-1.0,1.0,-1.0,-1.0,-1.0,-1.0,1.0,-1.0,1.0,-1.0	-0.18260977,0.12374025,-0.39515585,0.22495782,-0.24225456,-0.047702357,-0.08117042,-0.0846837,0.014094255,-0.07931752,0.4048126,-0.2236039
../data/train_data_mmini/1/Train_0003.jpg	1	-1.0,1.0,-1.0,1.0,-1.0,-1.0,-1.0,-1.0,1.0,-1.0,1.0,-1.0	-0.101642445,0.05821978,-0.24877527,0.17632847,-0.21590805,-0.0347401,-0.13102545,-0.1101708,0.050727803,-0.1319818,0.47543198,-0.2150686
../data/train_data_mmini/1/Train_0004.jpg	1	-1.0,1.0,-1.0,1.0,-1.0,-1.0,-1.0,-1.0,1.0,-1.0,1.0,-1.0	-0.11690814,0.107808344,-0.3424758,0.20413359,-0.2642457,-0.0117759425,-0.10222486,-0.14530538,0.08206727,-0.13769954,0.5071576,-0.22889318
../data/train_data_mmini/2/Train_0005.jpg	2	-1.0,1.0,-1.0,1.0,-1.0,-1.0,-1.0,-1.0,1.0,-1.0,1.0,-1.0	-0.12309708,0.065827295,-0.39816618,0.24246569,-0.21342148,-0.049103573,-0.12653497,-0.18096119,0.097386494,-0.16677454,0.519844,-0.32837301
../data/train_data_mmini/2/Train_0006.jpg	2	-1.0,1.0,-1.0,1.0,-1.0,-1.0,-1.0,-1.0,1.0,-1.0,1.0,-1.0	-0.09632951,0.074669585,-0.31394267,0.15957755,-0.2200876,-0.11355073,-0.07623516,-0.12588957,0.21992113,-0.16511275,0.5227716,-0.29607385
../data/train_data_mmini/2/Train_0007.jpg	2	-1.0,1.0,-1.0,1.0,-1.0,-1.0,-1.0,-1.0,1.0,-1.0,1.0,-1.0	-0.096539766,0.08570713,-0.28885362,0.2057825,-0.24564038,-0.017771821,-0.15451756,-0.121105105,0.12781554,-0.16882275,0.44080493,-0.23240873
../data/train_data_mmini/2/Train_0008.jpg	2	-1.0,1.0,-1.0,1.0,-1.0,1.0,-1.0,-1.0,1.0,-1.0,1.0,-1.0	-0.13822961,0.10075496,-0.33707535,0.25894052,-0.25762248,0.00998966,-0.091414474,-0.120439745,0.040531598,-0.1314529,0.44345838,-0.36871064
../data/train_data_mmini/2/Train_0009.jpg	2	-1.0,1.0,-1.0,1.0,-1.0,-1.0,-1.0,-1.0,1.0,-1.0,1.0,-1.0	-0.105577625,0.012838951,-0.3576229,0.20043592,-0.18010814,-0.057780027,-0.1743711,-0.16150405,0.12443758,-0.100575134,0.5977682,-0.31154492
../data/train_data_mmini/3/Train_0010.jpg	3	-1.0,1.0,-1.0,1.0,-1.0,1.0,-1.0,-1.0,1.0,-1.0,1.0,-1.0	-0.023682589,0.0798565,-0.21480718,0.1468475,-0.09670133,0.022253208,-0.11077312,-0.052780308,0.114823416,-0.08791847,0.41458154,-0.33440644
../data/train_data_mmini/3/Train_0011.jpg	3	-1.0,1.0,-1.0,1.0,-1.0,1.0,-1.0,-1.0,1.0,-1.0,1.0,-1.0	-0.18467824,0.17189357,-0.46879873,0.35284615,-0.26594418,0.006281071,-0.043362632,-0.15940446,0.004638244,-0.025649326,0.5195872,-0.18719463
../data/train_data_mmini/3/Train_0012.jpg	3	-1.0,1.0,-1.0,1.0,-1.0,-1.0,-1.0,-1.0,1.0,-1.0,1.0,-1.0	-0.17538986,0.08605106,-0.41101867,0.30530217,-0.24735433,-0.028080547,-0.05596852,-0.14999753,0.12508178,-0.0044473903,0.58074874,-0.15952466
../data/train_data_mmini/3/Train_0013.jpg	3	-1.0,1.0,-1.0,1.0,-1.0,-1.0,-1.0,-1.0,1.0,-1.0,1.0,-1.0	-0.18773931,0.04315665,-0.50469756,0.24533692,-0.2005735,-0.037344765,-0.011872554,-0.09847954,0.11953184,-0.17203778,0.4998113,-0.3232332
../data/train_data_mmini/3/Train_0014.jpg	3	-1.0,1.0,-1.0,1.0,-1.0,-1.0,-1.0,-1.0,1.0,-1.0,1.0,-1.0	-0.06683753,0.13525164,-0.40362608,0.2274861,-0.26060468,-0.063416965,-0.11092196,-0.19287145,0.13004962,-0.11485143,0.58769697,-0.3603844
../data/train_data_mmini/4/Train_0015.jpg	4	-1.0,1.0,-1.0,1.0,-1.0,-1.0,-1.0,-1.0,1.0,-1.0,1.0,-1.0	-0.17828426,0.05830529,-0.41500282,0.27283344,-0.30452213,-0.062162172,-0.08083196,-0.070217274,0.06340801,-0.103098296,0.45129812,-0.26502094
../data/train_data_mmini/4/Train_0016.jpg	4	-1.0,1.0,-1.0,1.0,-1.0,-1.0,-1.0,-1.0,1.0,-1.0,1.0,-1.0	-0.18702497,0.054085575,-0.37165412,0.1656976,-0.15591657,-0.030130466,-0.110149115,-0.11059319,0.012621333,-0.08036471,0.4444002,-0.26064062
../data/train_data_mmini/4/Train_0017.jpg	4	-1.0,1.0,-1.0,1.0,-1.0,-1.0,-1.0,-1.0,1.0,-1.0,1.0,-1.0	-0.22863239,0.044166215,-0.46738905,0.27965763,-0.20300534,-0.12533334,-0.09131518,-0.12289622,0.07185406,-0.11499015,0.5639952,-0.29859143
../data/train_data_mmini/4/Train_0018.jpg	4	-1.0,1.0,-1.0,1.0,-1.0,-1.0,-1.0,-1.0,1.0,-1.0,1.0,-1.0	-0.07147226,0.09391957,-0.3467544,0.20725134,-0.16499068,-0.0037850896,-0.09470451,-0.0954357,0.065148585,-0.11126427,0.42693695,-0.32490256
../data/train_data_mmini/4/Train_0019.jpg	4	-1.0,1.0,-1.0,1.0,-1.0,-1.0,-1.0,-1.0,1.0,-1.0,1.0,-1.0	-0.13407089,0.1261786,-0.43246695,0.18793485,-0.28205505,-0.052913863,-0.0373357,-0.15003234,0.20683551,-0.14988904,0.5333951,-0.2602551
../data/train_data_mmini/5/Train_0020.jpg	5	-1.0,1.0,-1.0,1.0,-1.0,-1.0,-1.0,-1.0,1.0,-1.0,1.0,-1.0	-0.09378086,0.09784434,-0.31791672,0.17331804,-0.15932386,-0.036569312,-0.14202483,-0.08079336,0.06483901,-0.18684892,0.47089344,-0.2880848
../data/train_data_mmini/5/Train_0021.jpg	5	-1.0,1.0,-1.0,1.0,-1.0,-1.0,-1.0,-1.0,1.0,-1.0,1.0,-1.0	-0.16671549,0.14255758,-0.44569457,0.28953084,-0.32884815,-0.042983785,-0.15406637,-0.17540064,0.086443014,-0.17881368,0.55878866,-0.34716803
../data/train_data_mmini/5/Train_0022.jpg	5	-1.0,1.0,-1.0,1.0,-1.0,-1.0,-1.0,-1.0,1.0,-1.0,1.0,-1.0	-0.07429148,0.07324584,-0.24774215,0.16489057,-0.1914644,-0.016475134,-0.1557669,-0.06660512,0.1306696,-0.16882865,0.42649388,-0.29475036
../data/train_data_mmini/5/Train_0023.jpg	5	-1.0,1.0,-1.0,1.0,-1.0,-1.0,-1.0,-1.0,1.0,-1.0,1.0,-1.0	-0.071804196,0.06377236,-0.21036227,0.17044322,-0.21250348,-0.017152598,-0.12782787,-0.089480735,0.06818594,-0.13656825,0.44882324,-0.2552466
../data/train_data_mmini/5/Train_0024.jpg	5	-1.0,1.0,-1.0,1.0,-1.0,-1.0,-1.0,-1.0,1.0,-1.0,1.0,-1.0	-0.09797206,0.10072693,-0.3971296,0.2936888,-0.29921094,-0.09796163,-0.08899071,-0.11867818,0.15661196,-0.14409801,0.5395616,-0.18062222
../data/train_data_mmini/6/Train_0025.jpg	6	-1.0,1.0,-1.0,1.0,-1.0,1.0,-1.0,-1.0,1.0,-1.0,1.0,-1.0	-0.14457388,0.07481031,-0.25417113,0.13263129,-0.26273465,0.08314576,-0.091840334,-0.18896209,0.2992884,-0.04761416,0.6037115,-0.20640309
../data/train_data_mmini/6/Train_0026.jpg	6	-1.0,1.0,-1.0,1.0,-1.0,-1.0,-1.0,-1.0,-1.0,-1.0,1.0,-1.0	-0.08258007,0.02686038,-0.30509314,0.1823718,-0.16469227,-0.04767713,-0.14864065,-0.14166264,-0.004880052,-0.0922473,0.46864375,-0.334319
../data/train_data_mmini/6/Train_0027.jpg	6	-1.0,1.0,-1.0,1.0,-1.0,-1.0,-1.0,-1.0,1.0,-1.0,1.0,-1.0	-0.043771196,0.08803088,-0.23656578,0.0938932,-0.18713298,-0.0030461722,-0.14601362,-0.17904924,0.094009705,-0.07228821,0.46405345,-0.30659083
../data/train_data_mmini/6/Train_0028.jpg	6	-1.0,1.0,-1.0,1.0,-1.0,1.0,-1.0,-1.0,1.0,-1.0,1.0,-1.0	-0.12624703,0.17505555,-0.36383227,0.21474457,-0.2037272,0.017497187,-0.080920905,-0.13627723,0.038967025,-0.11284747,0.44723597,-0.27375776
../data/train_data_mmini/6/Train_0029.jpg	6	-1.0,-1.0,-1.0,1.0,-1.0,-1.0,-1.0,-1.0,1.0,-1.0,1.0,-1.0	-0.14881328,-0.07638422,-0.3355557,0.24019043,-0.1684184,-0.078845404,-0.06370374,-0.098477416,0.22430402,-0.15794165,0.6299423,-0.28292787
../data/train_data_mmini/7/Train_0030.jpg	7	-1.0,-1.0,-1.0,1.0,-1.0,-1.0,-1.0,-1.0,1.0,-1.0,1.0,-1.0	-0.18266714,-0.003474306,-0.42432395,0.2011337,-0.226172,-0.041776538,-0.16056731,-0.14505258,0.09856517,-0.15495116,0.5607151,-0.29023892
../data/train_data_mmini/7/Train_0031.jpg	7	-1.0,-1.0,-1.0,1.0,-1.0,-1.0,-1.0,-1.0,1.0,-1.0,1.0,-1.0	-0.19366682,-0.045480616,-0.45519787,0.26869512,-0.14639893,-0.09839301,-0.09216093,-0.09507618,0.18527944,-0.2450921,0.59552145,-0.3233083
../data/train_data_mmini/7/Train_0032.jpg	7	-1.0,1.0,-1.0,1.0,-1.0,-1.0,-1.0,-1.0,1.0,-1.0,1.0,-1.0	-0.16477117,0.14611983,-0.47697684,0.32572126,-0.29016957,-0.030460715,-0.16844097,-0.22292142,0.06074704,-0.10237846,0.5723553,-0.37485483
../data/train_data_mmini/7/Train_0033.jpg	7	-1.0,1.0,-1.0,1.0,-1.0,-1.0,-1.0,-1.0,1.0,-1.0,1.0,-1.0	-0.05648267,0.05238402,-0.29375175,0.1848369,-0.20922683,-0.10463479,-0.16925259,-0.16673245,0.16909932,-0.13751298,0.58482295,-0.26502576
../data/train_data_mmini/7/Train_0034.jpg	7	-1.0,1.0,-1.0,1.0,-1.0,1.0,-1.0,-1.0,1.0,-1.0,1.0,-1.0	-0.08219514,0.26168698,-0.36306494,0.37438565,-0.27719176,0.057691984,-0.08265569,-0.293059,0.05152106,-0.11341426,0.45102164,-0.2229217
../data/train_data_mmini/8/Train_0035.jpg	8	-1.0,1.0,-1.0,1.0,-1.0,-1.0,-1.0,-1.0,1.0,-1.0,1.0,-1.0	-0.1491109,0.034988005,-0.36138564,0.23297419,-0.18972978,-0.025639659,-0.1303054,-0.112980075,0.15279911,-0.13137959,0.52885234,-0.27617496
../data/train_data_mmini/8/Train_0036.jpg	8	-1.0,-1.0,-1.0,1.0,-1.0,-1.0,-1.0,-1.0,1.0,-1.0,1.0,-1.0	-0.15117411,-0.015895154,-0.4212806,0.1860504,-0.17907202,-0.075610116,-0.12770513,-0.12455007,0.2205887,-0.15620081,0.5780264,-0.29674008
../data/train_data_mmini/8/Train_0037.jpg	8	-1.0,1.0,-1.0,1.0,-1.0,-1.0,-1.0,-1.0,1.0,-1.0,1.0,-1.0	-0.21899655,0.081457436,-0.51403195,0.32278788,-0.2548263,-0.04740776,-0.12962165,-0.22930448,0.10455115,-0.13871808,0.63773656,-0.33340552
../data/train_data_mmini/8/Train_0038.jpg	8	-1.0,1.0,-1.0,1.0,-1.0,-1.0,-1.0,-1.0,1.0,-1.0,1.0,-1.0	-0.15094633,0.050498236,-0.37391177,0.2448603,-0.18828382,-0.06994929,-0.12876265,-0.1065222,0.13637745,-0.17654213,0.4829716,-0.33194837
../data/train_data_mmini/8/Train_0039.jpg	8	-1.0,-1.0,-1.0,1.0,-1.0,-1.0,-1.0,-1.0,1.0,-1.0,1.0,-1.0	-0.15049583,-0.00794913,-0.43916094,0.24026012,-0.25266498,-0.071206234,-0.101128094,-0.13704765,0.20554738,-0.16878211,0.6318959,-0.30558857
../data/train_data_mmini/9/Train_0040.jpg	9	-1.0,1.0,-1.0,1.0,-1.0,-1.0,-1.0,-1.0,1.0,-1.0,1.0,-1.0	-0.20176764,0.13172318,-0.44696194,0.31159723,-0.3219749,-0.035146385,-0.16780403,-0.1669369,0.13204253,-0.14631899,0.5709415,-0.336504
../data/train_data_mmini/9/Train_0041.jpg	9	-1.0,1.0,-1.0,1.0,-1.0,-1.0,-1.0,-1.0,1.0,-1.0,1.0,-1.0	-0.08783877,0.08868668,-0.4201188,0.19744511,-0.10954306,-0.021123944,-0.0980826,-0.07644015,0.0820153,-0.19178966,0.49877504,-0.25176305
../data/train_data_mmini/9/Train_0042.jpg	9	-1.0,1.0,-1.0,1.0,-1.0,-1.0,-1.0,-1.0,1.0,-1.0,1.0,-1.0	-0.22684708,0.10492665,-0.4860808,0.34474802,-0.3533195,-0.0015679005,-0.066709355,-0.110676594,0.08994286,-0.077789284,0.5273413,-0.26433417
../data/train_data_mmini/9/Train_0043.jpg	9	-1.0,1.0,-1.0,1.0,-1.0,-1.0,-1.0,-1.0,1.0,-1.0,1.0,-1.0	-0.15920341,0.0932325,-0.4449697,0.24911968,-0.27814567,-0.021094572,-0.16245762,-0.15412442,0.15526594,-0.18937272,0.5553713,-0.3844759
../data/train_data_mmini/9/Train_0044.jpg	9	-1.0,1.0,-1.0,1.0,-1.0,-1.0,-1.0,-1.0,1.0,-1.0,1.0,-1.0	-0.19776851,0.009969254,-0.40301797,0.28415084,-0.28793362,-0.07774619,-0.09727523,-0.12968794,0.18502086,-0.15604483,0.63358134,-0.263137
../data/train_data_mmini/10/Train_0045.jpg	10	-1.0,1.0,-1.0,1.0,-1.0,-1.0,-1.0,-1.0,1.0,-1.0,1.0,-1.0	-0.15478441,0.02181691,-0.40064076,0.22327532,-0.2560566,-0.04473372,-0.1081824,-0.18191367,0.19402565,-0.101402394,0.54428303,-0.29159898
../data/train_data_mmini/10/Train_0046.jpg	10	-1.0,1.0,-1.0,1.0,-1.0,-1.0,-1.0,-1.0,1.0,-1.0,1.0,-1.0	-0.14816967,0.12544894,-0.36486688,0.2502829,-0.2218156,-0.014145441,-0.08865253,-0.17284122,0.076542094,-0.079637066,0.49358016,-0.22596471
../data/train_data_mmini/10/Train_0047.jpg	10	-1.0,1.0,-1.0,1.0,-1.0,-1.0,-1.0,-1.0,1.0,-1.0,1.0,-1.0	-0.22503524,0.059418827,-0.53089374,0.3060611,-0.32891017,-0.015998585,-0.13821107,-0.23830488,0.18352279,-0.18739837,0.6656472,-0.34739354
../data/train_data_mmini/10/Train_0048.jpg	10	-1.0,1.0,-1.0,1.0,-1.0,-1.0,-1.0,-1.0,1.0,-1.0,1.0,-1.0	-0.13225788,0.016251942,-0.32766506,0.17449242,-0.30221772,-0.032108348,-0.07277096,-0.22145773,0.3443552,-0.097304225,0.61222434,-0.21310602
../data/train_data_mmini/10/Train_0049.jpg	10	-1.0,1.0,-1.0,1.0,-1.0,-1.0,-1.0,-1.0,1.0,-1.0,1.0,-1.0	-0.17712712,0.03094989,-0.43400803,0.27109256,-0.24719128,-0.03638854,-0.09928487,-0.16641948,0.20425576,-0.12554972,0.60900503,-0.29801348
