../data/train_data_mmini/1/Train_0000.jpg	1	-1.0,-1.0,-1.0,1.0,-1.0,-1.0,-1.0,1.0,1.0,-1.0,1.0,-1.0	-1.794333,-0.21157815,-1.4646974,0.426448,-0.7597225,-3.059018,-2.238349,0.012545854,1.356834,-1.4770123,0.30632257,-2.4452648
../data/train_data_mmini/1/Train_0001.jpg	1	1.0,-1.0,-1.0,1.0,-1.0,-1.0,-1.0,-1.0,-1.0,1.0,1.0,1.0	1.2095525,-1.3490589,-2.6448028,4.6491647,-2.0167778,-1.0265753,-3.0754933,-3.95563,-0.32937092,0.07465868,1.4837855,0.46101236
../data/train_data_mmini/1/Train_0002.jpg	1	1.0,-1.0,-1.0,1.0,-1.0,-1.0,-1.0,-1.0,1.0,-1.0,1.0,1.0	0.28054908,-0.48584086,-3.1555555,0.94206136,-3.1294093,-5.4061694,-2.355663,-1.7322276,0.124597415,-1.0265712,4.9463577,0.25657627
../data/train_data_mmini/1/Train_0003.jpg	1	-1.0,-1.0,-1.0,1.0,1.0,-1.0,-1.0,1.0,1.0,-1.0,-1.0,-1.0	-1.1481011,-0.12024577,-2.192927,1.3508542,0.5139387,-1.2758203,-3.3156419,1.1187842,2.083549,-0.3819193,-2.0749052,-2.645005
../data/train_data_mmini/1/Train_0004.jpg	1	-1.0,1.0,-1.0,1.0,1.0,-1.0,-1.0,-1.0,-1.0,-1.0,-1.0,-1.0	-2.0894892,0.8799047,-2.2747185,0.826523,1.1310283,-1.2795438,-3.1550746,-2.4509041,-0.03790311,-1.6870041,-0.36601025,-1.9029057
../data/train_data_mmini/2/Train_0005.jpg	2	1.0,1.0,-1.0,1.0,-1.0,-1.0,-1.0,1.0,1.0,1.0,1.0,1.0	2.112006,0.52309227,-4.900771,2.9429762,-0.45805278,-0.4766767,-3.7166984,0.19529445,0.46792325,3.1896186,1.859556,1.5408359
../data/train_data_mmini/2/Train_0006.jpg	2	1.0,1.0,-1.0,-1.0,-1.0,-1.0,-1.0,1.0,1.0,1.0,1.0,1.0	1.1356277,1.27899,-5.7717338,-0.6421091,-1.0015668,-1.1064026,-0.16428381,0.62183815,0.8790115,0.99509513,4.0060415,1.3899267
../data/train_data_mmini/2/Train_0007.jpg	2	-1.0,1.0,1.0,1.0,1.0,-1.0,1.0,-1.0,-1.0,1.0,-1.0,-1.0	-1.4146088,1.8553295,0.52339,1.084193,1.7172189,-2.5465643,0.3258537,-0.34747934,-0.10133745,0.19146556,-1.5858228,-1.8751255
../data/train_data_mmini/2/Train_0008.jpg	2	1.0,1.0,-1.0,-1.0,1.0,-1.0,-1.0,-1.0,-1.0,1.0,1.0,1.0	1.088817,4.291127,-4.0465713,-1.6951165,1.6414126,-1.602379,-0.66030025,-1.7666503,-3.2984078,3.9541082,3.3542364,3.030236
../data/train_data_mmini/2/Train_0009.jpg	2	1.0,1.0,-1.0,1.0,1.0,1.0,-1.0,-1.0,-1.0,1.0,-1.0,1.0	2.456132,0.13983206,-5.418569,0.6351894,1.6311864,2.584407,-3.968204,-0.36271712,-0.11516912,2.2608194,-0.27347744,3.0647852
../data/train_data_mmini/3/Train_0010.jpg	3	1.0,1.0,-1.0,1.0,1.0,1.0,-1.0,-1.0,-1.0,1.0,1.0,1.0	2.2746742,3.746152,-4.3093457,0.30455804,3.3894532,4.1093893,-2.8144758,-5.6806607,-5.1616406,3.9910479,0.06667788,4.861927
../data/train_data_mmini/3/Train_0011.jpg	3	1.0,1.0,-1.0,1.0,-1.0,-1.0,-1.0,-1.0,-1.0,1.0,1.0,1.0	2.0913155,0.79149103,-4.148058,4.716026,-1.4256855,-6.0838923,-3.9111521,-5.2013,-1.2655329,0.65110135,4.6166167,1.0799744
../data/train_data_mmini/3/Train_0012.jpg	3	-1.0,-1.0,-1.0,1.0,-1.0,-1.0,-1.0,-1.0,-1.0,-1.0,1.0,-1.0	-0.9254836,-4.6552563,-4.21441,2.76515,-3.907636,-1.0249436,-5.9973216,-4.4012003,-0.35811636,-2.4864979,1.8400567,-1.421891
../data/train_data_mmini/3/Train_0013.jpg	3	1.0,-1.0,-1.0,-1.0,-1.0,-1.0,-1.0,-1.0,1.0,-1.0,1.0,1.0	0.27684933,-0.3890011,-6.3880177,-3.028682,-2.4977415,-0.84328777,-1.1195906,-1.2100421,0.14363305,-1.3619385,5.842811,1.9510604
../data/train_data_mmini/3/Train_0014.jpg	3	1.0,1.0,-1.0,1.0,1.0,-1.0,-1.0,-1.0,-1.0,1.0,1.0,1.0	2.1060286,2.293749,-5.1445556,2.8391347,0.8766779,-1.5102823,-1.8672522,-3.2500873,-1.0501542,2.915641,3.6647556,3.1983242
../data/train_data_mmini/4/Train_0015.jpg	4	-1.0,-1.0,-1.0,-1.0,-1.0,-1.0,-1.0,-1.0,1.0,-1.0,1.0,-1.0	-3.3206415,-0.024890782,-6.0722184,-1.2895088,-2.046384,-2.4483387,-3.4919372,-1.2042662,0.78512996,-0.6772305,2.8762853,-2.3600082
../data/train_data_mmini/4/Train_0016.jpg	4	1.0,-1.0,-1.0,1.0,-1.0,-1.0,-1.0,1.0,-1.0,1.0,1.0,1.0	3.9227023,-0.79929554,-3.713349,3.797363,-1.250086,-2.1361969,-3.6789658,1.2151248,-0.9803732,5.849655,2.4833674,2.7606266
../data/train_data_mmini/4/Train_0017.jpg	4	1.0,-1.0,-1.0,1.0,-1.0,-1.0,-1.0,-1.0,-1.0,1.0,1.0,1.0	2.7910001,-1.6806281,-6.1950426,2.7426703,-2.6832514,-1.8032378,-5.7226,-0.4473159,-0.41237804,3.111902,4.9344926,2.1961768
../data/train_data_mmini/4/Train_0018.jpg	4	1.0,1.0,-1.0,1.0,1.0,1.0,-1.0,-1.0,-1.0,1.0,1.0,1.0	1.7044399,3.4478495,-4.6743326,1.1545426,2.1056879,1.5919442,-2.8599095,-0.66243404,-1.3352307,3.8362308,0.11547822,2.1655607
../data/train_data_mmini/4/Train_0019.jpg	4	1.0,1.0,-1.0,1.0,-1.0,-1.0,-1.0,-1.0,1.0,1.0,1.0,1.0	2.1438475,1.0999212,-8.171106,0.4789759,-1.0656948,-0.6411826,-3.1696393,-0.9806148,1.5718862,0.36150196,4.182309,2.093356
../data/train_data_mmini/5/Train_0020.jpg	5	1.0,-1.0,-1.0,1.0,1.0,-1.0,-1.0,-1.0,1.0,-1.0,-1.0,1.0	1.4931294,-0.15706962,-0.7768051,3.4558704,0.5207026,-0.45676064,-2.1034532,-1.2096614,0.25168422,-0.0035171988,-0.6531393,0.3558284
../data/train_data_mmini/5/Train_0021.jpg	5	-1.0,1.0,-1.0,-1.0,1.0,-1.0,-1.0,-1.0,1.0,-1.0,1.0,-1.0	-2.6970525,3.971526,-6.0888743,-2.656332,0.98262393,-2.9921868,-2.866698,-0.20898947,1.0898615,-1.4473166,1.800255,-2.7930143
../data/train_data_mmini/5/Train_0022.jpg	5	-1.0,1.0,-1.0,1.0,1.0,-1.0,1.0,-1.0,-1.0,1.0,1.0,1.0	-0.059195295,1.4374714,-0.8234854,0.7561964,0.25483403,-0.5198757,1.7099438,-1.1306454,-1.1790243,1.2759676,0.38309523,0.5550018
../data/train_data_mmini/5/Train_0023.jpg	5	-1.0,1.0,-1.0,1.0,1.0,1.0,-1.0,-1.0,1.0,-1.0,-1.0,-1.0	-1.2792236,1.8595643,-1.1351566,0.6020392,2.043199,1.3124219,-0.8049368,-0.1639366,0.44688824,-0.5925665,-2.8675926,-1.4719172
../data/train_data_mmini/5/Train_0024.jpg	5	-1.0,1.0,-1.0,-1.0,1.0,-1.0,-1.0,-1.0,1.0,-1.0,-1.0,-1.0	-3.0668042,1.560299,-3.7091508,-0.57751745,1.1285374,-2.450615,-5.0235715,-0.64445764,1.3118782,-2.2381296,-0.8332747,-3.6388762
../data/train_data_mmini/6/Train_0025.jpg	6	1.0,1.0,-1.0,1.0,-1.0,-1.0,-1.0,-1.0,1.0,1.0,1.0,1.0	1.4382844,0.7787106,-6.7845726,2.613865,-0.7513375,-2.1732547,-5.2860937,-1.8243343,1.6640507,1.3560023,2.3750243,0.19010533
../data/train_data_mmini/6/Train_0026.jpg	6	1.0,1.0,-1.0,1.0,1.0,-1.0,-1.0,-1.0,-1.0,1.0,-1.0,-1.0	0.9617192,0.9249079,-3.2992864,4.019526,2.105861,-1.1413455,-4.4208226,-1.0112349,-0.015869929,2.5014358,-1.5560503,-0.6262643
../data/train_data_mmini/6/Train_0027.jpg	6	1.0,1.0,-1.0,1.0,1.0,1.0,-1.0,-1.0,-1.0,1.0,1.0,1.0	4.14383,1.3528495,-6.4703426,5.131358,2.2811747,2.0337527,-5.003766,-4.957094,-3.2338054,5.5568457,0.80026525,4.6283984
../data/train_data_mmini/6/Train_0028.jpg	6	1.0,1.0,-1.0,1.0,1.0,-1.0,-1.0,-1.0,-1.0,1.0,1.0,1.0	1.056949,3.577843,-2.4391706,1.9416275,1.1544662,-5.5156775,-0.91546464,-2.242235,-2.4648938,2.643845,3.4260652,1.4021629
../data/train_data_mmini/6/Train_0029.jpg	6	1.0,-1.0,-1.0,-1.0,-1.0,1.0,-1.0,-1.0,1.0,-1.0,1.0,1.0	0.6593475,-1.788,-6.086398,-2.932971,-0.8884404,3.6106272,-4.104079,-1.0624506,0.016310023,-0.71176183,2.066796,2.509551
../data/train_data_mmini/7/Train_0030.jpg	7	1.0,-1.0,-1.0,1.0,-1.0,-1.0,-1.0,1.0,1.0,1.0,1.0,1.0	1.214301,-1.1590923,-4.21641,3.099998,-1.830189,-1.4651133,-1.9962659,1.7524514,1.9339951,2.8735914,1.0385983,0.2071404
../data/train_data_mmini/7/Train_0031.jpg	7	1.0,-1.0,-1.0,-1.0,-1.0,1.0,-1.0,-1.0,-1.0,1.0,1.0,1.0	2.7418082,-0.2899472,-3.7486322,-0.27300584,-0.28003335,1.230055,-4.105752,-0.18513912,-1.4049485,2.8381221,2.4886832,3.7209256
../data/train_data_mmini/7/Train_0032.jpg	7	1.0,1.0,-1.0,1.0,1.0,-1.0,-1.0,-1.0,-1.0,1.0,1.0,1.0	1.962815,1.4079919,-7.2993336,1.8735182,0.59698325,-2.4479537,-7.6437054,-3.6501863,-1.2827075,2.3846838,4.0510206,1.830868
../data/train_data_mmini/7/Train_0033.jpg	7	1.0,1.0,-1.0,1.0,1.0,-1.0,-1.0,-1.0,1.0,1.0,-1.0,1.0	2.5849736,0.08843303,-2.4198184,3.8928473,1.5552933,-1.0525913,-4.5884986,-0.11308819,0.029107349,1.581122,-1.1732117,0.76010746
../data/train_data_mmini/7/Train_0034.jpg	7	1.0,1.0,-1.0,1.0,1.0,-1.0,-1.0,-1.0,-1.0,1.0,1.0,1.0	1.3677101,4.056809,-4.5175986,3.458594,2.4503713,-4.727172,-4.0289474,-5.5855284,-3.5917954,2.1796908,3.2716765,1.1438037
../data/train_data_mmini/8/Train_0035.jpg	8	-1.0,1.0,-1.0,-1.0,1.0,1.0,-1.0,-1.0,-1.0,1.0,1.0,1.0	-0.026305443,1.4379983,-5.1324835,-1.1898689,0.049371425,1.7594829,-0.57297635,-1.2746005,-1.3203228,1.7519975,2.4185715,1.7685483
../data/train_data_mmini/8/Train_0036.jpg	8	1.0,1.0,-1.0,1.0,-1.0,-1.0,-1.0,1.0,1.0,1.0,1.0,1.0	2.8739433,0.6275729,-4.3213387,2.3278694,-0.20118228,-1.3415238,-2.793077,0.61943775,0.22379379,4.4753475,2.1956837,2.5986564
../data/train_data_mmini/8/Train_0037.jpg	8	1.0,1.0,-1.0,1.0,1.0,-1.0,-1.0,-1.0,-1.0,1.0,1.0,1.0	2.702497,2.2981455,-6.3959837,3.316174,1.6985663,-2.8978925,-6.95854,-2.1652846,-0.76579535,3.5171273,2.4583793,1.6403315
../data/train_data_mmini/8/Train_0038.jpg	8	1.0,-1.0,-1.0,-1.0,-1.0,-1.0,-1.0,-1.0,-1.0,1.0,1.0,1.0	0.68789625,-0.43968922,-5.2260513,-0.6230996,-0.89216256,-0.16987962,-2.2486012,-1.0388157,-1.9459043,3.2204583,4.3381763,2.8027651
../data/train_data_mmini/8/Train_0039.jpg	8	1.0,1.0,-1.0,-1.0,-1.0,1.0,-1.0,-1.0,1.0,-1.0,1.0,1.0	0.48019287,0.1876007,-5.8348756,-0.34393218,-0.86551964,1.6398667,-2.2631903,-2.2609043,0.010759938,-0.55487084,2.7099955,1.5535271
../data/train_data_mmini/9/Train_0040.jpg	9	-1.0,1.0,-1.0,1.0,1.0,-1.0,-1.0,-1.0,1.0,-1.0,1.0,-1.0	-0.97714734,1.8957106,-4.7813435,0.7350355,0.26527202,-2.7625506,-3.300965,-2.351489,0.28179815,-0.24427356,2.1931865,-0.78069013
../data/train_data_mmini/9/Train_0041.jpg	9	1.0,1.0,-1.0,1.0,1.0,-1.0,-1.0,-1.0,-1.0,1.0,1.0,1.0	5.3568487,0.7818735,-1.7830663,5.4192276,0.23695377,-0.024249528,-3.0542781,-4.5898438,-1.9865931,1.6250311,1.8563415,3.809701
../data/train_data_mmini/9/Train_0042.jpg	9	-1.0,1.0,-1.0,-1.0,-1.0,-1.0,-1.0,-1.0,-1.0,-1.0,1.0,-1.0	-2.3368413,0.9091134,-6.4431853,-0.76745754,-0.53102136,-2.3200862,-5.449853,-3.8830683,-0.33391848,-1.3268168,3.0232148,-1.2101619
../data/train_data_mmini/9/Train_0043.jpg	9	1.0,1.0,-1.0,-1.0,1.0,-1.0,1.0,-1.0,-1.0,1.0,1.0,1.0	0.36971328,4.122485,-5.209619,-0.31878707,1.0534534,-0.5723527,1.104466,-0.52432376,-0.33683515,2.5800495,2.3486052,1.2146329
../data/train_data_mmini/9/Train_0044.jpg	9	-1.0,-1.0,-1.0,-1.0,-1.0,1.0,-1.0,-1.0,1.0,-1.0,1.0,1.0	-0.354468,-2.4212725,-7.386169,-0.66134596,-1.6896892,2.099162,-5.493956,-1.8608544,0.54812974,-0.14014857,2.5758867,1.0619999
../data/train_data_mmini/10/Train_0045.jpg	10	1.0,-1.0,-1.0,-1.0,1.0,1.0,-1.0,-1.0,-1.0,1.0,1.0,1.0	1.5414838,-0.14680563,-6.9722133,-0.72635835,1.4715527,2.401547,-6.160053,-1.7239124,-1.5389409,2.6929734,2.4179885,3.2130358
../data/train_data_mmini/10/Train_0046.jpg	10	1.0,1.0,-1.0,1.0,1.0,-1.0,-1.0,-1.0,-1.0,1.0,1.0,1.0	1.6237288,0.45858738,-7.656416,1.2889895,0.15194574,-0.5780273,-6.2937303,-2.8885944,-1.0832266,2.6366076,4.073688,2.7327685
../data/train_data_mmini/10/Train_0047.jpg	10	1.0,1.0,-1.0,-1.0,1.0,-1.0,-1.0,-1.0,-1.0,1.0,1.0,1.0	0.57287765,2.95431,-8.207363,-0.6853429,0.93249834,-3.165538,-4.675968,-0.34917033,-0.5541801,3.4603229,4.5783305,1.6279583
../data/train_data_mmini/10/Train_0048.jpg	10	1.0,-1.0,-1.0,-1.0,-1.0,1.0,-1.0,-1.0,-1.0,1.0,1.0,1.0	0.9606368,-2.4906871,-6.7476153,-1.2085567,-1.6721481,2.8594677,-4.4455714,-0.7677489,-0.29360098,1.3547307,3.0681193,3.0573633
../data/train_data_mmini/10/Train_0049.jpg	10	-1.0,1.0,-1.0,-1.0,1.0,1.0,-1.0,-1.0,-1.0,1.0,1.0,1.0	-0.044255547,2.1536264,-6.818014,-0.3577923,0.85118234,0.101703905,-3.5608761,-3.5593343,-1.191548,1.1341134,3.1599243,1.4068713
