../data/train_data_mmini/1/Train_0000.jpg	1	-1.0,-1.0,-1.0,1.0,1.0,-1.0,1.0,1.0,1.0,1.0,-1.0,1.0	-1.4956616,-3.654884,-1.1036339,1.7861817,0.4270334,-9.583043,1.1517245,0.6041799,6.502128,0.4337719,-3.8797102,1.0288697
../data/train_data_mmini/1/Train_0001.jpg	1	-1.0,-1.0,-1.0,1.0,-1.0,-1.0,-1.0,1.0,1.0,-1.0,-1.0,-1.0	-3.5491292,-1.8268195,-2.8149803,4.7556386,-2.2647207,-12.17693,-4.6858892,2.3017929,4.7864594,-0.92167157,-2.9952118,-0.1191934
../data/train_data_mmini/1/Train_0002.jpg	1	1.0,-1.0,-1.0,1.0,-1.0,-1.0,1.0,1.0,1.0,-1.0,-1.0,1.0	2.7500005,-6.317395,-4.7248564,1.7991176,-3.4676151,-9.330525,1.7730501,1.8951439,5.3266673,-0.45115504,-3.144977,1.502306
../data/train_data_mmini/1/Train_0003.jpg	1	-1.0,-1.0,-1.0,-1.0,1.0,-1.0,-1.0,1.0,1.0,1.0,-1.0,1.0	-4.761216,-2.0223777,-2.16084,-0.13714443,3.5220072,-12.3817425,-0.36424017,1.0300144,7.31173,0.7379984,-4.396151,2.0034952
../data/train_data_mmini/1/Train_0004.jpg	1	-1.0,-1.0,1.0,1.0,1.0,-1.0,1.0,1.0,1.0,1.0,-1.0,1.0	-1.1381973,-1.9257479,1.9387126,3.0461626,0.92783034,-9.893571,0.49390662,0.1541326,8.865214,1.7575659,-6.1197753,0.0120374225
../data/train_data_mmini/2/Train_0005.jpg	2	-1.0,1.0,-1.0,-1.0,-1.0,-1.0,-1.0,1.0,1.0,-1.0,1.0,-1.0	-0.59294605,0.0603133,-5.201666,-3.9177365,-0.8737203,-6.345277,-0.08795819,0.24239913,5.9748635,-0.0723482,1.342216,-0.3124504
../data/train_data_mmini/2/Train_0006.jpg	2	-1.0,-1.0,-1.0,-1.0,1.0,-1.0,1.0,1.0,1.0,-1.0,-1.0,-1.0	-1.3699604,-2.2859788,-4.684126,-2.989279,0.44171098,-2.1061027,1.2330847,4.978024,11.074994,-2.362245,-0.8906667,-0.64472705
../data/train_data_mmini/2/Train_0007.jpg	2	-1.0,-1.0,-1.0,-1.0,-1.0,-1.0,-1.0,-1.0,1.0,1.0,-1.0,-1.0	-0.20947401,-0.4776147,-0.7924565,-0.06700536,-0.60798734,-11.648952,-0.12143768,-1.2413819,7.4196095,2.0610232,-2.0824308,-0.37627912
../data/train_data_mmini/2/Train_0008.jpg	2	1.0,-1.0,-1.0,-1.0,-1.0,-1.0,1.0,-1.0,1.0,1.0,-1.0,-1.0	3.8862226,-0.62498015,-1.7149521,-0.1723826,-4.9350157,-7.240233,0.6520049,-0.5046726,10.382278,1.5786965,-2.8966067,-1.8941157
../data/train_data_mmini/2/Train_0009.jpg	2	-1.0,1.0,-1.0,-1.0,1.0,-1.0,-1.0,1.0,1.0,1.0,-1.0,1.0	-1.8523448,1.4560508,-3.2688892,-0.7705562,1.3060904,-5.0465555,-0.6924726,0.81623936,6.0382543,1.3748492,-2.1319144,1.3724722
../data/train_data_mmini/3/Train_0010.jpg	3	-1.0,1.0,-1.0,1.0,-1.0,-1.0,-1.0,-1.0,1.0,1.0,-1.0,-1.0	-1.6212449,7.4297547,-2.7068465,0.05412207,-1.2583107,-6.4141035,-4.378505,-1.3616307,9.137343,4.0000334,-3.1321073,-2.1870544
../data/train_data_mmini/3/Train_0011.jpg	3	1.0,-1.0,-1.0,1.0,-1.0,-1.0,1.0,-1.0,1.0,1.0,-1.0,-1.0	2.3451474,-3.3194869,-0.79830354,1.0563871,-1.7756298,-11.563391,0.1013148,-0.55506164,4.0949287,2.2046,-2.3337321,-0.027170766
../data/train_data_mmini/3/Train_0012.jpg	3	-1.0,-1.0,-1.0,1.0,-1.0,-1.0,-1.0,1.0,1.0,-1.0,-1.0,1.0	-5.394002,-7.1998043,-1.2583292,6.02067,-0.2011403,-9.003483,-1.3963531,4.3623166,2.7392845,-4.0319204,-5.1427546,0.4501259
../data/train_data_mmini/3/Train_0013.jpg	3	1.0,-1.0,-1.0,1.0,-1.0,-1.0,1.0,1.0,1.0,-1.0,-1.0,-1.0	2.6328123,-4.1603093,-3.0034716,1.8380914,-3.203849,-2.1285157,0.6725267,4.915652,8.530678,-1.2650219,-4.328842,-0.3507191
../data/train_data_mmini/3/Train_0014.jpg	3	-1.0,1.0,1.0,-1.0,1.0,-1.0,1.0,1.0,1.0,1.0,-1.0,-1.0	-0.62867737,0.4599723,0.018651545,-1.7808744,1.2404145,-6.383463,0.40631184,0.21564087,8.192187,0.8131972,-0.8990455,-0.47821963
../data/train_data_mmini/4/Train_0015.jpg	4	-1.0,-1.0,1.0,1.0,1.0,-1.0,1.0,1.0,1.0,-1.0,-1.0,-1.0	-1.7868297,-5.6988645,0.65444446,0.37915304,0.40526322,-9.060817,2.1514983,1.4124057,10.125509,-2.9039128,-3.041928,-1.1702126
../data/train_data_mmini/4/Train_0016.jpg	4	1.0,-1.0,-1.0,-1.0,-1.0,-1.0,-1.0,1.0,1.0,-1.0,-1.0,1.0	0.015332033,-2.8672345,-7.7155604,-0.75969386,-3.478571,-11.256371,-0.66788423,1.5627741,2.3562338,-0.6571993,-0.62266225,1.0860978
../data/train_data_mmini/4/Train_0017.jpg	4	-1.0,-1.0,-1.0,1.0,-1.0,-1.0,-1.0,1.0,1.0,-1.0,-1.0,1.0	-2.7552068,-5.055949,-4.14105,2.2788987,-1.0109152,-5.438261,-0.86879987,4.1118593,4.4777746,-3.7101579,-1.6699234,0.49443138
../data/train_data_mmini/4/Train_0018.jpg	4	-1.0,1.0,-1.0,-1.0,-1.0,-1.0,-1.0,-1.0,1.0,1.0,-1.0,-1.0	-0.30480072,1.6912193,-0.39797452,-1.5681918,-0.24791403,-5.9623175,-1.5214335,-1.0446994,5.136636,0.56435287,-0.16699906,-1.7435087
../data/train_data_mmini/4/Train_0019.jpg	4	-1.0,-1.0,-1.0,-1.0,-1.0,-1.0,1.0,1.0,1.0,-1.0,-1.0,-1.0	-0.5982252,-2.4997685,-5.903118,-2.5753233,-0.14278762,-3.6411638,0.86232215,6.599494,12.782036,-1.980269,-1.630489,-0.07274509
../data/train_data_mmini/5/Train_0020.jpg	5	-1.0,-1.0,-1.0,1.0,-1.0,-1.0,-1.0,1.0,1.0,1.0,-1.0,1.0	-2.3452442,-0.19616729,-6.1139517,0.8581627,-1.4671499,-14.450854,-2.5938635,1.1788481,10.346455,1.4431792,-3.434266,1.4408027
../data/train_data_mmini/5/Train_0021.jpg	5	-1.0,-1.0,1.0,-1.0,1.0,-1.0,1.0,1.0,1.0,1.0,-1.0,-1.0	-0.0055409474,-3.3432994,1.510207,-2.183557,2.794018,-9.23068,3.4339738,0.34286857,12.204346,0.5306087,-3.5865705,-0.23567483
../data/train_data_mmini/5/Train_0022.jpg	5	-1.0,1.0,-1.0,1.0,-1.0,-1.0,-1.0,1.0,1.0,1.0,-1.0,-1.0	-1.3103931,1.1549014,-3.246357,0.60642725,-2.7768466,-7.9529986,-1.8305019,0.61085975,9.879302,0.5834423,-2.336333,-0.6297143
../data/train_data_mmini/5/Train_0023.jpg	5	-1.0,1.0,-1.0,1.0,1.0,-1.0,-1.0,-1.0,1.0,1.0,-1.0,1.0	-4.0920587,0.6870397,-0.46380123,0.37165788,2.2071178,-12.654285,-1.9075702,-0.36899102,10.44922,2.1252408,-4.3539004,0.48785254
../data/train_data_mmini/5/Train_0024.jpg	5	-1.0,-1.0,1.0,-1.0,1.0,-1.0,1.0,-1.0,1.0,1.0,-1.0,1.0	-0.7566124,-2.5750875,2.3622286,-0.91468495,3.1265638,-8.205585,2.8992774,-1.3681726,5.8530035,1.9519045,-4.1960797,0.10856324
../data/train_data_mmini/6/Train_0025.jpg	6	-1.0,-1.0,-1.0,-1.0,1.0,-1.0,-1.0,1.0,1.0,-1.0,1.0,1.0	-1.1116014,-1.6175514,-3.718444,-1.1641216,0.31797013,-5.3203883,-0.620285,1.6900923,2.5306046,-1.154343,0.23828946,0.75821024
../data/train_data_mmini/6/Train_0026.jpg	6	-1.0,1.0,-1.0,-1.0,1.0,-1.0,-1.0,-1.0,1.0,1.0,-1.0,1.0	-1.7194338,0.7604921,-1.1054337,-0.854015,2.0392816,-8.163223,-0.9996307,-0.030335333,4.435856,1.6349789,-2.4997087,0.9548288
../data/train_data_mmini/6/Train_0027.jpg	6	-1.0,1.0,-1.0,-1.0,-1.0,-1.0,-1.0,-1.0,1.0,1.0,-1.0,-1.0	-1.0472332,2.2859464,-3.3338473,-0.2829821,-1.3682556,-8.7435,-3.274487,-0.28453705,3.7750585,1.1247461,-0.44079575,-0.7673319
../data/train_data_mmini/6/Train_0028.jpg	6	1.0,-1.0,-1.0,-1.0,-1.0,-1.0,-1.0,-1.0,1.0,1.0,-1.0,-1.0	2.6940882,-0.66276014,-2.4622612,-0.4478977,-2.7578814,-9.6676035,-0.030439224,-1.260257,4.780851,2.722681,-1.267121,-0.29348847
../data/train_data_mmini/6/Train_0029.jpg	6	1.0,-1.0,-1.0,1.0,-1.0,-1.0,1.0,1.0,1.0,-1.0,-1.0,1.0	0.07272313,-1.4008795,-1.1274611,1.0510228,-0.055804696,-1.2518965,0.4038111,1.5321431,2.6443183,-0.059646606,-2.2295897,0.8943826
../data/train_data_mmini/7/Train_0030.jpg	7	-1.0,-1.0,-1.0,-1.0,-1.0,-1.0,1.0,1.0,1.0,-1.0,1.0,1.0	-1.9630742,-3.4970734,-7.338305,-3.3457396,-0.3757854,-7.610287,0.539192,2.8837974,5.9144573,-2.8620806,0.87877953,1.2287494
../data/train_data_mmini/7/Train_0031.jpg	7	-1.0,-1.0,-1.0,1.0,-1.0,-1.0,-1.0,1.0,1.0,-1.0,-1.0,1.0	-0.19691382,-0.3713288,-4.721907,1.2395968,-2.1694882,-4.0030313,-0.93074065,1.6395979,4.4529524,-0.046381667,-2.5649662,0.9826252
../data/train_data_mmini/7/Train_0032.jpg	7	1.0,-1.0,-1.0,1.0,-1.0,-1.0,-1.0,-1.0,1.0,1.0,-1.0,-1.0	2.1259556,-0.7052111,-0.6798363,0.1013642,-1.8488878,-8.199483,-0.050314855,-0.7476474,5.9749537,1.6419336,-1.6293586,-0.97244626
../data/train_data_mmini/7/Train_0033.jpg	7	-1.0,1.0,-1.0,-1.0,1.0,-1.0,-1.0,1.0,1.0,1.0,-1.0,1.0	-1.6076114,0.5258379,-2.180665,-0.6163046,1.8686281,-5.3858414,-0.52782536,0.110859245,2.841975,1.072125,-2.3036153,1.1721507
../data/train_data_mmini/7/Train_0034.jpg	7	1.0,1.0,1.0,-1.0,1.0,-1.0,1.0,-1.0,1.0,1.0,1.0,-1.0	3.1276236,1.4609886,1.678015,-4.382183,0.53264093,-12.617703,0.24101622,-3.5463357,5.387504,4.204151,0.119650565,-2.7472553
../data/train_data_mmini/8/Train_0035.jpg	8	-1.0,1.0,-1.0,-1.0,-1.0,-1.0,-1.0,1.0,1.0,1.0,-1.0,-1.0	-0.5442184,1.0032468,-0.45350757,-0.38429114,-0.8176154,-2.6256988,-1.0690043,0.1831446,5.3270574,0.15381101,-0.4583558,-1.5667571
../data/train_data_mmini/8/Train_0036.jpg	8	1.0,-1.0,-1.0,-1.0,-1.0,-1.0,-1.0,1.0,1.0,1.0,1.0,1.0	0.57093024,-0.44312963,-3.9122617,-2.1427364,-1.4106691,-3.3004627,-0.02469853,0.48281655,1.9269773,0.047418542,0.8295974,0.17147776
../data/train_data_mmini/8/Train_0037.jpg	8	1.0,-1.0,-1.0,-1.0,-1.0,-1.0,1.0,-1.0,1.0,1.0,-1.0,-1.0	1.1283424,-0.9329874,-0.75562733,-1.3328699,-0.119877204,-8.139012,0.5941461,-1.2434621,2.2073085,2.061344,-0.92078876,-0.05109145
../data/train_data_mmini/8/Train_0038.jpg	8	-1.0,-1.0,-1.0,1.0,-1.0,-1.0,-1.0,1.0,1.0,-1.0,-1.0,-1.0	-0.78718704,-0.58508414,-4.09469,0.3158345,-3.5024238,-6.346407,-0.3269449,0.57603,7.170542,-0.6907237,-1.3148663,-0.6366915
../data/train_data_mmini/8/Train_0039.jpg	8	-1.0,-1.0,1.0,1.0,1.0,-1.0,-1.0,1.0,1.0,-1.0,-1.0,-1.0	-0.07454143,-0.96755075,0.4557384,0.27059764,0.14983542,-0.06994938,-0.11795847,1.1583853,1.2026726,-0.5957086,-0.62503725,-0.27399322
../data/train_data_mmini/9/Train_0040.jpg	9	-1.0,-1.0,-1.0,1.0,1.0,-1.0,1.0,1.0,1.0,-1.0,-1.0,1.0	-0.17013888,-4.064221,-0.8858417,0.26686344,0.40488777,-10.623292,1.6364005,1.2478399,8.702605,-0.5409412,-3.232449,0.44644517
../data/train_data_mmini/9/Train_0041.jpg	9	1.0,1.0,-1.0,1.0,-1.0,-1.0,-1.0,1.0,1.0,1.0,-1.0,-1.0	0.9346016,1.9656206,-4.7855372,0.8139081,-3.1597378,-7.107657,-3.373582,0.81519574,2.6630156,2.2183347,-1.1281536,-0.0069694407
../data/train_data_mmini/9/Train_0042.jpg	9	1.0,-1.0,1.0,1.0,1.0,-1.0,1.0,1.0,1.0,-1.0,-1.0,-1.0	0.42987785,-5.9084396,3.1815696,1.9876698,0.18837772,-10.280083,2.2368681,0.64316064,8.435369,-0.6089501,-4.5368648,-1.0193312
../data/train_data_mmini/9/Train_0043.jpg	9	1.0,1.0,-1.0,-1.0,-1.0,-1.0,1.0,1.0,1.0,1.0,-1.0,-1.0	0.86383533,0.0057305107,-1.8983644,-2.048353,-2.2502303,-6.2737036,0.03615548,1.2069912,11.654483,0.022312023,-0.044264577,-2.107461
../data/train_data_mmini/9/Train_0044.jpg	9	-1.0,-1.0,-1.0,1.0,1.0,-1.0,1.0,1.0,1.0,-1.0,-1.0,1.0	-3.787644,-3.907486,-2.471752,1.0356228,2.0524268,-4.7677593,0.06059059,4.1359777,7.41011,-2.7804775,-3.0641415,1.1182886
../data/train_data_mmini/10/Train_0045.jpg	10	1.0,-1.0,1.0,-1.0,1.0,-1.0,-1.0,1.0,-1.0,1.0,-1.0,-1.0	0.50456077,-1.2769166,0.04699709,-0.36807227,0.05403782,-1.3367456,-0.6793028,0.4868058,-0.18819381,1.0844903,-1.4018115,-0.6883834
../data/train_data_mmini/10/Train_0046.jpg	10	-1.0,-1.0,-1.0,1.0,-1.0,-1.0,1.0,1.0,1.0,1.0,-1.0,1.0	-0.7862493,-2.0739877,-0.4029052,1.840061,-0.020634344,-4.2711864,0.3363458,1.1332426,4.5576196,0.18616274,-2.4211965,0.54213214
../data/train_data_mmini/10/Train_0047.jpg	10	1.0,-1.0,-1.0,-1.0,-1.0,-1.0,1.0,-1.0,1.0,1.0,1.0,-1.0	1.1377195,-0.7096539,-0.9403069,-2.4898584,-1.0182667,-2.427566,1.657629,-0.8476818,4.7590265,0.62109596,0.31095603,-1.0310692
../data/train_data_mmini/10/Train_0048.jpg	10	-1.0,-1.0,-1.0,-1.0,-1.0,-1.0,1.0,1.0,1.0,-1.0,-1.0,-1.0	-0.8276779,-0.6032199,-2.325128,-1.1620125,-0.5377068,-1.135068,0.023996517,2.3546379,3.8981442,-0.95738524,-0.08417958,-0.49174494
../data/train_data_mmini/10/Train_0049.jpg	10	1.0,1.0,1.0,1.0,-1.0,-1.0,-1.0,-1.0,1.0,1.0,-1.0,-1.0	1.0147289,0.25206637,0.82662517,0.9849368,-1.4203198,-1.872657,-0.9867291,-0.05542851,3.395726,0.5783079,-0.91842514,-1.3595879
