../data/train_data_mmini/1/Train_0000.jpg	1	1.0,-1.0,1.0,1.0,1.0,-1.0,-1.0,-1.0	3.9026644,-1.3246988,2.7910273,0.27201617,0.8036266,-1.1154567,-4.089229,-4.0690804
../data/train_data_mmini/1/Train_0001.jpg	1	1.0,-1.0,-1.0,1.0,-1.0,1.0,-1.0,-1.0	1.9265234,-4.819397,-0.8039047,2.8164475,-1.5921767,3.0551887,-1.3524052,-2.3687258
../data/train_data_mmini/1/Train_0002.jpg	1	1.0,-1.0,1.0,1.0,-1.0,1.0,-1.0,1.0	5.5522084,-3.177703,1.8229154,0.78894067,-0.6232132,1.2294383,-4.7010126,3.793465
../data/train_data_mmini/1/Train_0003.jpg	1	1.0,-1.0,1.0,1.0,-1.0,-1.0,-1.0,-1.0	4.2583404,-1.7711223,1.0147147,0.026929673,-1.9710245,-0.80768496,-1.6914405,-5.1792784
../data/train_data_mmini/1/Train_0004.jpg	1	-1.0,-1.0,1.0,1.0,1.0,-1.0,-1.0,-1.0	-1.3336911,-0.171806,1.8448645,0.22427894,0.8507457,-1.5751736,-3.0097728,-4.582481
../data/train_data_mmini/2/Train_0005.jpg	2	-1.0,-1.0,1.0,-1.0,1.0,1.0,1.0,-1.0	-1.580984,-1.0310752,1.3879198,-0.8135326,1.7554039,0.34163103,1.6446384,-0.85949665
../data/train_data_mmini/2/Train_0006.jpg	2	1.0,1.0,1.0,1.0,1.0,-1.0,1.0,1.0	1.9971199,1.3948631,3.1941237,0.65047705,0.2721116,-0.54554164,1.380699,2.2062624
../data/train_data_mmini/2/Train_0007.jpg	2	1.0,-1.0,1.0,-1.0,1.0,-1.0,-1.0,-1.0	0.08029746,-3.0493524,3.964532,-0.23000719,0.68253064,-0.6468905,-1.0256249,-5.2768354
../data/train_data_mmini/2/Train_0008.jpg	2	-1.0,1.0,1.0,-1.0,-1.0,1.0,-1.0,1.0	-5.005908,4.4483685,3.461137,-3.786175,-0.9451606,2.7310743,-0.48618907,1.7994308
../data/train_data_mmini/2/Train_0009.jpg	2	1.0,-1.0,1.0,-1.0,1.0,-1.0,1.0,-1.0	1.1873833,-0.9698242,0.44758463,-1.2015377,3.6139014,-1.9334258,1.9604928,-3.2568638
../data/train_data_mmini/3/Train_0010.jpg	3	-1.0,-1.0,-1.0,-1.0,-1.0,1.0,1.0,-1.0	-3.8913515,-0.7847719,-1.2023466,-0.7156905,-0.62723446,3.3375049,2.486289,-1.8816922
../data/train_data_mmini/3/Train_0011.jpg	3	1.0,-1.0,1.0,1.0,1.0,1.0,-1.0,1.0	0.36134776,-4.0208545,0.43496946,0.7036231,1.2818255,1.9524539,-5.7738614,3.9342737
../data/train_data_mmini/3/Train_0012.jpg	3	1.0,-1.0,-1.0,1.0,1.0,-1.0,-1.0,-1.0	3.0533562,-2.5636668,-1.9448668,1.6894044,1.3144757,-1.472194,-2.1343024,-2.1190178
../data/train_data_mmini/3/Train_0013.jpg	3	1.0,1.0,-1.0,1.0,1.0,1.0,1.0,1.0	3.0814617,1.617336,-0.5715685,1.0804309,0.06293157,1.8660911,2.9005947,2.0791948
../data/train_data_mmini/3/Train_0014.jpg	3	-1.0,-1.0,1.0,-1.0,1.0,1.0,-1.0,1.0	-1.4369531,-2.4634132,2.0228758,-0.053853963,0.56961167,1.3644066,-0.052314896,3.5999358
../data/train_data_mmini/4/Train_0015.jpg	4	-1.0,1.0,1.0,1.0,1.0,-1.0,-1.0,-1.0	-0.004615277,1.5852714,1.560872,0.14201449,2.7220411,-2.331551,-3.1120248,-0.9256906
../data/train_data_mmini/4/Train_0016.jpg	4	1.0,-1.0,-1.0,-1.0,-1.0,1.0,-1.0,-1.0	3.6867602,-1.7154028,-0.4522051,-1.8273962,-1.3619059,4.647355,-0.1599078,-0.44522214
../data/train_data_mmini/4/Train_0017.jpg	4	1.0,-1.0,-1.0,-1.0,1.0,1.0,-1.0,1.0	5.92553,-0.60724807,-0.3201615,-2.7689445,0.8726338,2.396896,-2.2198586,3.2028863
../data/train_data_mmini/4/Train_0018.jpg	4	-1.0,-1.0,1.0,-1.0,1.0,-1.0,1.0,-1.0	-3.8109071,-1.7947655,1.7155012,-3.5785794,1.522548,-0.8424703,0.17419739,-0.7415814
../data/train_data_mmini/4/Train_0019.jpg	4	1.0,-1.0,1.0,1.0,-1.0,-1.0,1.0,1.0	4.2196684,-1.0181148,0.73859376,1.3428934,-1.0241922,-2.3736556,0.44928718,2.737258
../data/train_data_mmini/5/Train_0020.jpg	5	1.0,-1.0,1.0,1.0,-1.0,1.0,1.0,-1.0	2.224606,-4.543542,1.9992837,0.8825579,-2.7394795,1.0537428,0.51820344,-2.8686996
../data/train_data_mmini/5/Train_0021.jpg	5	-1.0,1.0,1.0,1.0,1.0,-1.0,-1.0,1.0	-1.4747361,3.0246599,2.3896112,0.31508434,1.8251997,-3.9170437,-2.2932103,1.7028879
../data/train_data_mmini/5/Train_0022.jpg	5	-1.0,-1.0,1.0,-1.0,1.0,-1.0,1.0,-1.0	-0.9373198,-1.0640373,5.0642567,-0.6152005,1.0110415,-0.8174994,1.5200812,-3.9789793
../data/train_data_mmini/5/Train_0023.jpg	5	1.0,-1.0,1.0,-1.0,-1.0,-1.0,1.0,-1.0	0.51438737,-2.1988087,3.2818928,-0.29899174,-1.2652218,-0.67092997,0.34113818,-5.192363
../data/train_data_mmini/5/Train_0024.jpg	5	1.0,-1.0,1.0,1.0,1.0,-1.0,-1.0,-1.0	1.5784693,-0.46522865,0.6636214,1.3659273,2.937435,-2.4731872,-3.0115566,-4.4467363
../data/train_data_mmini/6/Train_0025.jpg	6	1.0,-1.0,-1.0,1.0,1.0,-1.0,1.0,-1.0	5.2638717,-1.2835338,-2.9889526,0.5249042,0.84156716,-0.8626032,0.9945008,-0.71011966
../data/train_data_mmini/6/Train_0026.jpg	6	-1.0,-1.0,-1.0,-1.0,1.0,1.0,-1.0,-1.0	-0.39055607,-3.9459171,-1.3933213,-2.3797014,0.09978599,0.54720443,-0.86726767,-4.081456
../data/train_data_mmini/6/Train_0027.jpg	6	-1.0,-1.0,-1.0,1.0,-1.0,1.0,1.0,-1.0	-0.87403727,-2.3467765,-2.091569,0.23867746,-0.08787829,4.2123795,1.801959,-0.7115463
../data/train_data_mmini/6/Train_0028.jpg	6	-1.0,-1.0,1.0,-1.0,1.0,1.0,-1.0,1.0	-0.37261215,-4.007337,2.7491877,-1.7491014,0.92516965,2.693754,-3.94921,3.544476
../data/train_data_mmini/6/Train_0029.jpg	6	1.0,1.0,-1.0,-1.0,1.0,-1.0,1.0,-1.0	4.6833997,3.774548,-1.4068749,-2.2775924,3.269474,-0.7561075,1.9551679,-1.1954406
../data/train_data_mmini/7/Train_0030.jpg	7	1.0,-1.0,1.0,-1.0,1.0,1.0,1.0,-1.0	3.9689996,-0.31772774,2.8481784,-0.4126011,2.8748639,0.15786114,0.7385725,-2.115671
../data/train_data_mmini/7/Train_0031.jpg	7	1.0,1.0,-1.0,-1.0,1.0,1.0,1.0,-1.0	1.407935,1.3916835,-0.4671664,-3.5575454,1.2732234,3.0662751,3.295642,-0.62375957
../data/train_data_mmini/7/Train_0032.jpg	7	-1.0,1.0,-1.0,-1.0,1.0,1.0,-1.0,1.0	-1.2495656,0.17434083,-2.690794,-1.5283939,1.4973549,2.843274,-0.1403795,3.6737962
../data/train_data_mmini/7/Train_0033.jpg	7	1.0,-1.0,-1.0,-1.0,1.0,-1.0,1.0,-1.0	2.8170466,-3.9013307,-0.059536576,-0.8058168,0.93732524,-0.5794834,0.6950454,-3.8032832
../data/train_data_mmini/7/Train_0034.jpg	7	-1.0,-1.0,-1.0,1.0,1.0,1.0,-1.0,1.0	-2.2514913,-3.7327995,-1.2663037,0.17244212,0.4303822,3.9733407,-3.1524065,4.9880023
../data/train_data_mmini/8/Train_0035.jpg	8	-1.0,1.0,1.0,1.0,1.0,1.0,1.0,-1.0	-0.19742072,1.8909146,2.0045316,0.041750815,6.95418,1.2106551,1.8279117,-1.1777507
../data/train_data_mmini/8/Train_0036.jpg	8	1.0,-1.0,1.0,-1.0,1.0,1.0,1.0,-1.0	3.3027802,-2.462081,1.4208492,-1.5542644,5.647251,0.74560386,2.314436,-0.061196886
../data/train_data_mmini/8/Train_0037.jpg	8	1.0,-1.0,-1.0,-1.0,1.0,1.0,-1.0,1.0	0.00791543,-1.9987137,-0.24098255,-1.980445,4.1113405,2.2443388,-2.1047552,0.91157424
../data/train_data_mmini/8/Train_0038.jpg	8	1.0,1.0,1.0,-1.0,1.0,1.0,1.0,1.0	2.2575655,3.3929667,0.2381494,-1.1715821,0.90342355,4.9256215,1.70913,0.06542486
../data/train_data_mmini/8/Train_0039.jpg	8	1.0,-1.0,-1.0,1.0,1.0,1.0,1.0,-1.0	1.9862742,-0.3997147,-0.6490674,0.99928886,9.158806,1.3085867,1.963325,-0.59991014
../data/train_data_mmini/9/Train_0040.jpg	9	-1.0,1.0,1.0,-1.0,1.0,-1.0,-1.0,-1.0	-2.189545,0.34692794,3.4374144,-1.5897132,4.2558317,-3.9402585,-3.969563,-1.1950624
../data/train_data_mmini/9/Train_0041.jpg	9	1.0,-1.0,-1.0,1.0,-1.0,1.0,1.0,-1.0	0.15803263,-6.037069,-1.0601237,0.96127963,-0.13560636,2.3799868,0.64198333,-0.5507762
../data/train_data_mmini/9/Train_0042.jpg	9	-1.0,1.0,-1.0,1.0,1.0,-1.0,-1.0,1.0	-2.6246164,0.023307603,-0.15936166,0.8333936,1.5710295,-0.5657585,-3.9574318,0.35784853
../data/train_data_mmini/9/Train_0043.jpg	9	-1.0,-1.0,1.0,1.0,1.0,-1.0,1.0,1.0	-1.376369,-0.7989601,4.994116,1.597857,3.4803073,-1.1683198,1.0732329,1.1333753
../data/train_data_mmini/9/Train_0044.jpg	9	1.0,1.0,-1.0,1.0,1.0,1.0,1.0,-1.0	2.3095114,1.4976226,-1.7655058,3.2813551,2.8077722,1.5707424,1.636047,-1.6052814
../data/train_data_mmini/10/Train_0045.jpg	10	1.0,-1.0,-1.0,-1.0,1.0,1.0,1.0,-1.0	0.10616984,-0.53879386,-4.969835,-2.1942372,7.9917474,3.820276,4.7814035,-1.6960421
../data/train_data_mmini/10/Train_0046.jpg	10	1.0,1.0,-1.0,1.0,1.0,1.0,-1.0,1.0	1.5120908,1.0993541,-4.2551584,0.16984649,2.3969634,1.1275674,-1.0279484,2.6097846
../data/train_data_mmini/10/Train_0047.jpg	10	-1.0,1.0,-1.0,-1.0,1.0,1.0,1.0,1.0	-0.026264839,2.0615935,-2.858737,-1.868601,5.9822874,1.8177627,2.5137925,2.0657306
../data/train_data_mmini/10/Train_0048.jpg	10	1.0,1.0,-1.0,1.0,1.0,1.0,1.0,-1.0	2.0773883,2.3622541,-5.1030517,0.2859178,5.3188195,0.20330131,4.7336307,-2.0397024
../data/train_data_mmini/10/Train_0049.jpg	10	1.0,1.0,-1.0,1.0,1.0,1.0,1.0,1.0	1.2987661,0.14049955,-0.46059266,0.15129806,8.105526,2.153878,0.26388425,1.8544973
