../data/train_data_mmini/1/Train_0000.jpg	1	1.0,-1.0,1.0,-1.0,1.0,-1.0,-1.0,1.0	0.56982595,-1.0983016,1.1386209,-0.08214416,0.96082526,-0.9014329,-1.8233534,0.42706865
../data/train_data_mmini/1/Train_0001.jpg	1	1.0,-1.0,1.0,1.0,1.0,-1.0,-1.0,-1.0	0.13432822,-0.14951655,0.43037027,0.04531606,0.2347488,-0.30231294,-0.71848947,-0.35671014
../data/train_data_mmini/1/Train_0002.jpg	1	1.0,1.0,-1.0,1.0,1.0,-1.0,-1.0,-1.0	0.15230949,0.09916383,-0.2657078,0.17340903,0.021750156,-0.4477844,-0.66940707,-0.5278314
../data/train_data_mmini/1/Train_0003.jpg	1	1.0,-1.0,1.0,-1.0,1.0,-1.0,-1.0,1.0	0.51689583,-1.2429638,1.2788596,-0.18160215,1.1683106,-0.7722025,-1.7780057,0.5908433
../data/train_data_mmini/1/Train_0004.jpg	1	1.0,-1.0,1.0,-1.0,1.0,-1.0,-1.0,1.0	0.35515955,-0.92363447,0.9056286,-0.05619542,0.6992971,-0.6748435,-1.3112087,0.7374073
../data/train_data_mmini/2/Train_0005.jpg	2	-1.0,1.0,-1.0,1.0,-1.0,1.0,1.0,-1.0	-0.31675172,0.45134085,-0.36140263,0.28714663,-0.4217407,0.18934932,0.66113263,-0.35687768
../data/train_data_mmini/2/Train_0006.jpg	2	1.0,1.0,1.0,1.0,1.0,1.0,1.0,1.0	0.5660226,0.44892025,0.102385886,0.09508183,0.3670784,0.5245208,0.21480662,0.116329
../data/train_data_mmini/2/Train_0007.jpg	2	1.0,-1.0,1.0,-1.0,1.0,-1.0,-1.0,1.0	0.48711005,-1.6447428,1.4446222,-0.37955928,1.3448448,-0.9286549,-2.1654058,0.8920357
../data/train_data_mmini/2/Train_0008.jpg	2	1.0,-1.0,-1.0,-1.0,-1.0,-1.0,-1.0,-1.0	0.16691954,-0.13530749,-0.05933634,-0.03128865,-0.07194134,-0.29208416,-0.31459907,-0.23125495
../data/train_data_mmini/2/Train_0009.jpg	2	1.0,-1.0,1.0,-1.0,1.0,-1.0,-1.0,-1.0	0.07037745,-0.13170311,0.0772277,-0.029732939,0.008406971,-0.13703622,-0.013196725,-0.11255942
../data/train_data_mmini/3/Train_0010.jpg	3	-1.0,1.0,-1.0,-1.0,-1.0,1.0,1.0,-1.0	-0.78712624,0.7150007,-0.8179442,-0.3604676,-0.5766028,0.861125,1.4367751,-0.77411586
../data/train_data_mmini/3/Train_0011.jpg	3	-1.0,1.0,-1.0,1.0,-1.0,-1.0,-1.0,-1.0	-0.23768678,0.42413598,-0.92430365,0.65395755,-0.83548987,-0.36680222,-0.05773439,-0.93588805
../data/train_data_mmini/3/Train_0012.jpg	3	1.0,1.0,1.0,1.0,-1.0,-1.0,-1.0,1.0	0.23810816,0.28236526,0.123332635,1.132945,-0.14925288,-0.28112864,-0.12508424,0.25672424
../data/train_data_mmini/3/Train_0013.jpg	3	1.0,1.0,-1.0,1.0,-1.0,1.0,1.0,-1.0	0.14829043,1.2684515,-0.6409676,0.14395702,-0.29897577,0.7095587,1.2383933,-0.7332416
../data/train_data_mmini/3/Train_0014.jpg	3	-1.0,1.0,-1.0,1.0,-1.0,1.0,1.0,-1.0	-0.19510955,0.60220855,-0.5386977,0.44503152,-0.5334957,0.30008703,0.9141805,-0.48326445
../data/train_data_mmini/4/Train_0015.jpg	4	1.0,-1.0,1.0,1.0,1.0,-1.0,-1.0,1.0	0.5910637,-0.40980077,0.60268855,0.34460872,0.6654988,-0.71099675,-1.2888087,0.24381363
../data/train_data_mmini/4/Train_0016.jpg	4	-1.0,1.0,-1.0,1.0,-1.0,-1.0,1.0,-1.0	-0.23512432,0.34523037,-0.15109105,0.084493585,-0.18068169,-0.23256916,0.053646114,-0.6776161
../data/train_data_mmini/4/Train_0017.jpg	4	1.0,1.0,-1.0,1.0,-1.0,1.0,1.0,-1.0	0.13553044,1.4998709,-0.7491611,0.5361745,-0.35013735,0.5911746,1.1708195,-0.5462054
../data/train_data_mmini/4/Train_0018.jpg	4	-1.0,1.0,-1.0,1.0,-1.0,-1.0,1.0,-1.0	-0.39746585,0.18716712,-0.19782005,0.41492307,-0.34271115,-0.086744145,0.356967,-0.6488859
../data/train_data_mmini/4/Train_0019.jpg	4	1.0,1.0,-1.0,-1.0,1.0,1.0,1.0,1.0	0.46952984,0.7791398,-0.28015006,-0.11284026,0.38958928,0.64151657,0.55141276,0.08722809
../data/train_data_mmini/5/Train_0020.jpg	5	1.0,-1.0,1.0,-1.0,1.0,-1.0,-1.0,1.0	0.497787,-1.2935911,1.3668456,-0.26598164,1.0304434,-0.8186741,-1.9475882,0.6141488
../data/train_data_mmini/5/Train_0021.jpg	5	1.0,-1.0,1.0,1.0,1.0,-1.0,-1.0,1.0	0.42314655,-0.56830055,0.40164053,0.30057538,0.4688751,-0.54566884,-0.89671683,0.1725137
../data/train_data_mmini/5/Train_0022.jpg	5	1.0,-1.0,1.0,-1.0,1.0,-1.0,-1.0,1.0	0.38730368,-0.78287995,0.76231337,-0.26827452,0.7987338,-0.37001607,-1.1911519,0.5734549
../data/train_data_mmini/5/Train_0023.jpg	5	1.0,-1.0,1.0,-1.0,1.0,-1.0,-1.0,1.0	0.57467526,-1.7145834,1.6276225,-0.189802,1.3150355,-0.9666702,-2.3737803,0.7992373
../data/train_data_mmini/5/Train_0024.jpg	5	1.0,-1.0,1.0,1.0,1.0,-1.0,-1.0,1.0	0.25105196,-1.0859224,0.7333335,0.19931336,0.8439579,-0.7126732,-1.010531,0.6812222
../data/train_data_mmini/6/Train_0025.jpg	6	-1.0,1.0,-1.0,1.0,-1.0,1.0,1.0,-1.0	-0.6495437,1.2839992,-1.2462287,0.08791486,-0.27138296,1.0080726,2.1456883,-0.2989847
../data/train_data_mmini/6/Train_0026.jpg	6	1.0,-1.0,1.0,-1.0,1.0,-1.0,-1.0,-1.0	0.06764673,-0.117253855,0.2523312,-0.09541639,0.24175374,-0.17655912,-0.108814046,-0.2896048
../data/train_data_mmini/6/Train_0027.jpg	6	-1.0,1.0,-1.0,1.0,-1.0,1.0,1.0,-1.0	-0.68229485,0.68167186,-1.0333397,0.26627916,-0.9591564,0.35729364,1.06193,-0.8653552
../data/train_data_mmini/6/Train_0028.jpg	6	-1.0,-1.0,-1.0,-1.0,-1.0,-1.0,-1.0,-1.0	-0.081326194,-0.044806316,-0.36384815,-0.050073307,-0.14887835,-0.24802563,-0.18402979,-0.2777524
../data/train_data_mmini/6/Train_0029.jpg	6	-1.0,1.0,-1.0,-1.0,-1.0,1.0,1.0,-1.0	-0.19731455,1.0784388,-0.83305496,-0.054428753,-0.33432332,0.6338766,1.3097923,-0.5647597
../data/train_data_mmini/7/Train_0030.jpg	7	1.0,-1.0,1.0,1.0,1.0,-1.0,-1.0,1.0	0.41860226,-0.25540224,0.38494253,0.23451376,0.39822435,-0.2905454,-0.4379854,0.08661145
../data/train_data_mmini/7/Train_0031.jpg	7	-1.0,1.0,-1.0,1.0,-1.0,1.0,1.0,-1.0	-0.33902907,1.1922575,-0.6521617,0.10661671,-0.48387182,0.86827594,1.7249284,-0.6043851
../data/train_data_mmini/7/Train_0032.jpg	7	-1.0,1.0,-1.0,1.0,-1.0,1.0,1.0,-1.0	-0.42491826,1.1331587,-1.4414517,0.87898076,-1.3690016,0.1564934,1.5342429,-1.0961151
../data/train_data_mmini/7/Train_0033.jpg	7	-1.0,-1.0,-1.0,1.0,-1.0,1.0,1.0,1.0	-0.19956416,-0.12869248,-0.10124728,0.2205657,-0.06503167,0.1179229,0.59829265,0.0050452314
../data/train_data_mmini/7/Train_0034.jpg	7	-1.0,1.0,-1.0,1.0,-1.0,1.0,1.0,-1.0	-1.0819976,0.7033325,-1.5813903,0.6502969,-1.2071098,0.33194765,1.4048548,-0.78055817
../data/train_data_mmini/8/Train_0035.jpg	8	-1.0,1.0,-1.0,1.0,-1.0,1.0,1.0,-1.0	-0.21890065,0.4786421,-0.5744002,0.22500157,-0.33256048,0.31341967,0.7963205,-0.2655639
../data/train_data_mmini/8/Train_0036.jpg	8	-1.0,1.0,-1.0,1.0,-1.0,1.0,1.0,-1.0	-0.5779976,1.2617711,-1.1435372,0.2547923,-0.6788659,0.81250185,2.0259929,-0.6274775
../data/train_data_mmini/8/Train_0037.jpg	8	-1.0,1.0,-1.0,1.0,-1.0,1.0,1.0,-1.0	-0.35082778,0.9625981,-1.0130193,0.20213947,-0.5717484,0.47474176,1.2646817,-0.86002856
../data/train_data_mmini/8/Train_0038.jpg	8	-1.0,1.0,-1.0,1.0,-1.0,1.0,1.0,-1.0	-0.16321295,0.60705787,-0.5808166,0.14416164,-0.41481882,0.25231993,0.59420353,-0.42821342
../data/train_data_mmini/8/Train_0039.jpg	8	-1.0,1.0,-1.0,1.0,-1.0,1.0,1.0,-1.0	-0.42464158,1.4050896,-1.2626945,0.42966932,-1.0085161,0.82169986,1.9002796,-0.56795686
../data/train_data_mmini/9/Train_0040.jpg	9	1.0,-1.0,1.0,1.0,1.0,-1.0,-1.0,1.0	0.4060506,-0.64332205,0.6171487,0.023722772,0.7403344,-0.52618134,-1.1498221,0.5691364
../data/train_data_mmini/9/Train_0041.jpg	9	-1.0,1.0,-1.0,1.0,-1.0,1.0,1.0,-1.0	-0.7343289,1.0198936,-0.9637165,0.06232569,-1.0036354,0.71032166,1.6279335,-0.8584325
../data/train_data_mmini/9/Train_0042.jpg	9	1.0,-1.0,1.0,1.0,1.0,-1.0,-1.0,1.0	0.33033767,-0.1558734,0.19202884,0.2904489,0.5607295,-0.5220849,-0.8571413,0.18934865
../data/train_data_mmini/9/Train_0043.jpg	9	1.0,-1.0,1.0,-1.0,1.0,-1.0,-1.0,1.0	0.37025377,-0.4289999,0.50074923,-0.20658413,0.5049882,-0.20163384,-0.6952459,0.21652204
../data/train_data_mmini/9/Train_0044.jpg	9	1.0,1.0,-1.0,1.0,1.0,1.0,1.0,1.0	0.35901806,0.56614786,-0.11781804,0.11747227,0.3474291,0.33169752,0.35251698,0.18161908
../data/train_data_mmini/10/Train_0045.jpg	10	-1.0,1.0,-1.0,1.0,-1.0,1.0,1.0,-1.0	-1.1500394,2.2802606,-2.1186419,0.4127464,-1.7274252,1.5881767,3.7030904,-1.072318
../data/train_data_mmini/10/Train_0046.jpg	10	-1.0,1.0,-1.0,1.0,-1.0,1.0,1.0,-1.0	-0.3768919,1.1112949,-1.100094,0.38810506,-0.6789869,0.37952438,1.0154146,-0.53355193
../data/train_data_mmini/10/Train_0047.jpg	10	-1.0,1.0,-1.0,1.0,-1.0,1.0,1.0,-1.0	-0.73343605,1.9262995,-1.8881748,0.38628066,-1.3205442,1.2196136,2.6964915,-1.0571545
../data/train_data_mmini/10/Train_0048.jpg	10	-1.0,1.0,-1.0,1.0,-1.0,1.0,1.0,-1.0	-0.9206667,2.028116,-1.9440389,0.75454843,-1.4082758,1.2459363,2.840565,-0.35398915
../data/train_data_mmini/10/Train_0049.jpg	10	-1.0,1.0,-1.0,1.0,-1.0,1.0,1.0,-1.0	-0.50828576,1.2136103,-1.3217647,0.29662153,-0.8863399,0.7183019,1.7928004,-0.6430032
