../data/train_data_mmini/1/Train_0000.jpg	1	1.0,1.0,1.0,-1.0,1.0,1.0,-1.0,-1.0	2.614571,0.31127796,1.3848876,-2.8074265,3.074679,0.23531668,-0.2310512,-1.8145571
../data/train_data_mmini/1/Train_0001.jpg	1	1.0,1.0,-1.0,-1.0,1.0,1.0,1.0,1.0	5.2207704,1.6308311,-0.13670747,-0.024416117,1.5321563,3.0405357,1.3922335,2.8193252
../data/train_data_mmini/1/Train_0002.jpg	1	1.0,-1.0,1.0,1.0,1.0,-1.0,1.0,-1.0	5.7931547,-4.3055267,5.4192996,0.42330825,1.6284218,-0.91549873,0.6336127,-1.5880069
../data/train_data_mmini/1/Train_0003.jpg	1	1.0,1.0,-1.0,-1.0,1.0,-1.0,-1.0,-1.0	0.3897388,2.9141073,-0.29690742,-1.5007994,4.2830186,-1.5992249,-0.08644625,-1.8418746
../data/train_data_mmini/1/Train_0004.jpg	1	1.0,1.0,-1.0,-1.0,1.0,1.0,-1.0,-1.0	0.8719092,1.7772393,-0.54104,-3.5526018,1.9826614,1.7823061,-0.7117536,-0.99451435
../data/train_data_mmini/2/Train_0005.jpg	2	1.0,-1.0,-1.0,-1.0,-1.0,-1.0,1.0,1.0	0.035394304,-0.6414678,-1.1112967,-0.009038715,-0.2596975,-2.3748987,2.1568015,1.2513225
../data/train_data_mmini/2/Train_0006.jpg	2	-1.0,-1.0,-1.0,1.0,-1.0,-1.0,1.0,1.0	-2.291855,-1.768724,-0.32418585,2.1905744,-0.82288605,-0.18920098,2.7222786,0.7531369
../data/train_data_mmini/2/Train_0007.jpg	2	1.0,1.0,-1.0,-1.0,1.0,-1.0,-1.0,-1.0	1.7722476,1.8416078,-0.7941208,-2.974256,0.092977315,-0.7347611,-1.0218104,-1.654865
../data/train_data_mmini/2/Train_0008.jpg	2	1.0,-1.0,1.0,-1.0,-1.0,1.0,-1.0,-1.0	0.0479396,-1.335227,0.949247,-2.3882728,-0.5682119,2.780636,-3.5013707,-3.09966
../data/train_data_mmini/2/Train_0009.jpg	2	-1.0,1.0,-1.0,1.0,-1.0,-1.0,-1.0,1.0	-1.3870728,1.13669,-0.23523486,0.6745227,-0.59410334,-0.8823687,-0.02974588,3.148069
../data/train_data_mmini/3/Train_0010.jpg	3	-1.0,1.0,-1.0,-1.0,-1.0,1.0,-1.0,1.0	-1.0872316,2.955904,-2.5535665,-0.35023984,-1.4181451,2.1723714,-1.8012638,2.6058998
../data/train_data_mmini/3/Train_0011.jpg	3	1.0,-1.0,1.0,-1.0,1.0,1.0,-1.0,1.0	3.7911909,-3.6506398,3.6298437,-2.121013,0.62412447,0.28472263,-0.07658925,2.2098885
../data/train_data_mmini/3/Train_0012.jpg	3	1.0,-1.0,1.0,1.0,1.0,1.0,1.0,1.0	2.6193547,-1.5083758,1.9682035,2.0737302,2.7936678,0.6914535,1.5425495,3.9253495
../data/train_data_mmini/3/Train_0013.jpg	3	-1.0,-1.0,1.0,1.0,-1.0,1.0,1.0,1.0	-0.3110988,-2.3298008,0.96389765,2.5457456,-1.2690777,3.265077,3.3719122,0.618785
../data/train_data_mmini/3/Train_0014.jpg	3	-1.0,-1.0,-1.0,-1.0,-1.0,-1.0,1.0,1.0	-0.38630503,-0.37950012,-0.509596,-1.9476501,-4.6895504,-0.5655855,1.946313,1.0988271
../data/train_data_mmini/4/Train_0015.jpg	4	1.0,-1.0,1.0,-1.0,1.0,-1.0,-1.0,-1.0	0.5460892,-5.004427,0.92647916,-0.99362296,2.090326,-0.09218555,-1.4729062,-0.134544
../data/train_data_mmini/4/Train_0016.jpg	4	1.0,-1.0,1.0,1.0,1.0,-1.0,-1.0,1.0	4.381309,-0.02930287,1.5148662,1.1309226,0.4779811,-1.9857234,-0.18093434,0.1854889
../data/train_data_mmini/4/Train_0017.jpg	4	1.0,-1.0,1.0,1.0,1.0,-1.0,1.0,1.0	1.0633763,-4.464168,2.4376674,2.8763344,0.600841,-2.4156673,1.7701044,2.574463
../data/train_data_mmini/4/Train_0018.jpg	4	1.0,1.0,-1.0,-1.0,-1.0,-1.0,1.0,1.0	0.40543616,0.30301276,-0.11530821,-3.0485134,-3.1653378,-1.7072568,0.6742734,1.5837787
../data/train_data_mmini/4/Train_0019.jpg	4	-1.0,-1.0,1.0,1.0,-1.0,-1.0,1.0,1.0	-1.7369066,-1.9936053,1.1398504,3.7621572,-1.1535416,-0.25808513,4.725262,0.31081954
../data/train_data_mmini/5/Train_0020.jpg	5	1.0,1.0,-1.0,1.0,1.0,-1.0,1.0,-1.0	2.9557853,3.9971943,-0.0952761,0.5840741,0.32583743,-0.5006496,1.27638,-1.9807818
../data/train_data_mmini/5/Train_0021.jpg	5	-1.0,-1.0,1.0,-1.0,1.0,1.0,1.0,-1.0	-1.8243312,-1.0435699,0.55300677,-4.5216093,0.95474625,1.016812,1.0622085,-1.2503797
../data/train_data_mmini/5/Train_0022.jpg	5	-1.0,1.0,-1.0,-1.0,-1.0,1.0,-1.0,-1.0	-0.86699003,1.0144708,-1.662301,-0.15227973,-0.7134476,1.1886482,-1.6258523,-2.3133483
../data/train_data_mmini/5/Train_0023.jpg	5	1.0,1.0,-1.0,-1.0,1.0,1.0,1.0,-1.0	0.62518007,4.2878895,-1.6301937,-1.8921372,2.2290041,0.23778354,0.44471732,-2.9688313
../data/train_data_mmini/5/Train_0024.jpg	5	1.0,1.0,1.0,-1.0,1.0,-1.0,-1.0,1.0	0.43125415,0.20295337,0.41945922,-2.5780656,2.5061152,-0.06741931,-0.6941878,1.4137079
../data/train_data_mmini/6/Train_0025.jpg	6	-1.0,-1.0,1.0,1.0,-1.0,-1.0,1.0,1.0	-1.1386406,-2.1010752,1.4211665,2.8204257,-0.0021755677,-5.6248307,2.3032513,3.2772353
../data/train_data_mmini/6/Train_0026.jpg	6	1.0,1.0,-1.0,-1.0,-1.0,-1.0,-1.0,1.0	0.8250807,1.6287681,-2.3455074,-1.3973073,-0.95413995,-3.8122616,-3.0547786,3.8558857
../data/train_data_mmini/6/Train_0027.jpg	6	1.0,1.0,-1.0,1.0,-1.0,-1.0,-1.0,1.0	0.220014,2.27913,-1.6964674,1.5566151,-2.989009,-0.33535612,-1.0283659,6.976046
../data/train_data_mmini/6/Train_0028.jpg	6	1.0,-1.0,1.0,-1.0,-1.0,-1.0,-1.0,-1.0	4.105035,-2.0458236,3.110418,-2.7219234,-4.6150475,-0.60589355,-2.0180972,-1.1834053
../data/train_data_mmini/6/Train_0029.jpg	6	-1.0,-1.0,1.0,1.0,1.0,-1.0,1.0,1.0	-1.9817855,-1.7963696,2.821509,5.263184,2.4026377,-1.0129997,0.32818323,0.18655327
../data/train_data_mmini/7/Train_0030.jpg	7	1.0,-1.0,1.0,1.0,1.0,-1.0,1.0,1.0	0.84712374,-1.1056231,0.23944281,2.1427138,1.1343594,-2.9738157,2.127608,1.5839733
../data/train_data_mmini/7/Train_0031.jpg	7	1.0,1.0,1.0,1.0,-1.0,-1.0,-1.0,1.0	0.39463717,0.4317249,0.27190512,2.8745182,-1.6485789,-1.0422267,-2.1475296,0.66616684
../data/train_data_mmini/7/Train_0032.jpg	7	1.0,-1.0,1.0,-1.0,-1.0,1.0,-1.0,1.0	0.28360614,-2.223949,2.186925,-1.3468416,-2.5856643,0.046769243,-1.2355552,4.24155
../data/train_data_mmini/7/Train_0033.jpg	7	1.0,1.0,-1.0,1.0,-1.0,-1.0,-1.0,1.0	0.14896795,2.596939,-0.17765449,0.8312594,-0.20812733,-1.8126165,-0.50827,3.4628057
../data/train_data_mmini/7/Train_0034.jpg	7	1.0,1.0,1.0,-1.0,-1.0,1.0,-1.0,1.0	0.2824074,0.61672175,1.5665563,-3.1021624,-2.898344,0.48823032,-0.4713449,5.0554976
../data/train_data_mmini/8/Train_0035.jpg	8	-1.0,-1.0,-1.0,1.0,-1.0,1.0,1.0,1.0	-2.3528988,-3.0819306,-1.7710617,1.278062,-0.9931796,1.9650857,0.35935962,2.273831
../data/train_data_mmini/8/Train_0036.jpg	8	-1.0,-1.0,1.0,1.0,-1.0,-1.0,1.0,1.0	-0.28968292,-2.591628,0.1694661,2.240847,-3.9991457,-3.8858368,0.4132156,3.2302191
../data/train_data_mmini/8/Train_0037.jpg	8	1.0,-1.0,1.0,-1.0,-1.0,-1.0,-1.0,1.0	0.5043983,-1.2020279,0.94587684,-1.0189354,-1.1453784,-1.0531089,-1.236561,6.0675883
../data/train_data_mmini/8/Train_0038.jpg	8	1.0,-1.0,-1.0,1.0,1.0,1.0,-1.0,1.0	0.3463575,-1.5289038,-0.008930819,3.0765398,0.54044884,1.9598371,-2.538092,1.7956989
../data/train_data_mmini/8/Train_0039.jpg	8	-1.0,-1.0,1.0,1.0,-1.0,1.0,1.0,1.0	-2.2538974,-3.4865055,0.43003878,3.4095626,-1.742265,1.3267903,1.590756,5.3981814
../data/train_data_mmini/9/Train_0040.jpg	9	-1.0,-1.0,1.0,-1.0,1.0,1.0,-1.0,1.0	-0.19681811,-2.0477042,0.787073,-2.7416136,1.3738588,1.0770487,-0.34343654,0.3448833
../data/train_data_mmini/9/Train_0041.jpg	9	1.0,1.0,1.0,1.0,-1.0,1.0,1.0,1.0	4.0378046,3.2328892,1.0238127,1.4145422,-3.7869425,1.3239912,1.996254,2.939598
../data/train_data_mmini/9/Train_0042.jpg	9	1.0,-1.0,1.0,-1.0,1.0,1.0,-1.0,1.0	2.0052576,-2.7809992,2.3632786,-2.2029943,2.569147,1.978324,-0.0011651441,0.9803111
../data/train_data_mmini/9/Train_0043.jpg	9	-1.0,-1.0,-1.0,-1.0,-1.0,1.0,1.0,-1.0	-2.0867674,-2.1118982,-1.1609392,-1.0472827,-3.2665045,0.030870881,1.6385473,-0.34539524
../data/train_data_mmini/9/Train_0044.jpg	9	1.0,-1.0,1.0,1.0,1.0,1.0,1.0,1.0	0.42408836,-2.3410997,0.9547834,4.199599,2.1955497,1.2812825,1.2175986,1.8038453
../data/train_data_mmini/10/Train_0045.jpg	10	-1.0,-1.0,1.0,1.0,-1.0,-1.0,-1.0,1.0	-3.4420056,-1.9182876,0.4799024,2.5983465,-3.4721453,-0.0056462483,-0.75201863,6.677135
../data/train_data_mmini/10/Train_0046.jpg	10	1.0,-1.0,1.0,1.0,1.0,1.0,1.0,1.0	0.1154029,-3.036034,2.3381152,0.8469967,2.038908,0.35640603,1.0130177,3.6954565
../data/train_data_mmini/10/Train_0047.jpg	10	-1.0,-1.0,1.0,1.0,-1.0,-1.0,1.0,1.0	-3.4934964,-3.3681715,0.49113214,0.4294052,-3.7079506,-1.1388148,1.1134889,4.5733495
../data/train_data_mmini/10/Train_0048.jpg	10	-1.0,-1.0,1.0,1.0,1.0,1.0,1.0,1.0	-1.4484273,-2.9308467,0.41693103,6.337391,0.17802404,1.1595159,1.6169984,3.0908632
../data/train_data_mmini/10/Train_0049.jpg	10	-1.0,-1.0,1.0,1.0,-1.0,1.0,1.0,1.0	-2.1658127,-3.877711,0.17317995,1.2747005,-1.0959933,0.14609547,1.2219763,5.3074145
