../data/train_data_mmini/1/Train_0000.jpg	1	1.0,1.0,1.0,-1.0,1.0,1.0,-1.0,-1.0,-1.0,-1.0,1.0,1.0,-1.0,1.0,-1.0,1.0,-1.0,-1.0,1.0,-1.0,-1.0,1.0,-1.0,1.0	2.4452748,1.9143554,0.8842893,-7.0875964,1.4107958,0.8944281,-0.5393232,-7.772224,-5.7376328,-4.671481,1.8822795,1.1419222,-0.4289282,0.5850972,-2.2635224,1.8720028,-0.8336009,-6.6187077,2.747393,-0.013820244,-3.3033156,0.72769135,-3.389245,2.15544
../data/train_data_mmini/1/Train_0001.jpg	1	1.0,1.0,-1.0,-1.0,-1.0,1.0,-1.0,-1.0,-1.0,-1.0,1.0,1.0,1.0,-1.0,-1.0,1.0,-1.0,-1.0,1.0,1.0,-1.0,-1.0,-1.0,1.0	4.7876406,2.5481267,-3.2664454,-9.161198,-0.030259205,6.2029295,-0.82811725,-11.8729105,-9.667825,-7.3146706,3.5830722,0.2381801,0.006775653,-0.2736484,-4.025502,1.0093732,-4.601773,-8.6790495,6.345517,1.1500382,-5.3236837,-0.5141273,-5.802071,4.041718
../data/train_data_mmini/1/Train_0002.jpg	1	1.0,1.0,1.0,-1.0,1.0,1.0,-1.0,-1.0,-1.0,-1.0,1.0,1.0,-1.0,1.0,-1.0,1.0,-1.0,-1.0,1.0,-1.0,-1.0,1.0,-1.0,1.0	1.5280929,2.9139192,5.099848,-6.9992175,0.3346676,2.7073138,-7.2373996,-11.41097,-10.462259,-6.8691664,2.3600936,4.256784,-0.61713976,2.4192605,-1.2018663,3.3219562,-4.523512,-10.581182,3.8037343,-0.19155695,-9.926007,0.7327282,-5.9883847,3.9754095
../data/train_data_mmini/1/Train_0003.jpg	1	1.0,1.0,-1.0,-1.0,1.0,1.0,1.0,-1.0,-1.0,-1.0,1.0,-1.0,-1.0,-1.0,-1.0,1.0,-1.0,-1.0,1.0,1.0,-1.0,-1.0,-1.0,1.0	4.8936524,1.7417482,-2.3192155,-7.6438236,1.2206116,1.8768452,1.9559526,-6.6764555,-5.697712,-4.565352,1.6090317,-0.5284969,-0.11641235,-0.9276603,-3.7503698,1.2231691,-1.0456535,-5.6244187,2.8068423,0.12778541,-1.3695791,-0.43788633,-3.083706,1.1251844
../data/train_data_mmini/1/Train_0004.jpg	1	1.0,1.0,1.0,-1.0,1.0,1.0,-1.0,-1.0,-1.0,-1.0,1.0,1.0,1.0,1.0,-1.0,1.0,-1.0,-1.0,1.0,1.0,-1.0,1.0,-1.0,1.0	1.126319,2.6549573,0.9380152,-8.7478485,1.0075166,1.2835902,-1.374003,-10.688736,-6.5456705,-5.9501143,2.8960152,1.8462652,0.30887434,1.9167936,-1.24234,1.8363831,-1.2996243,-8.207089,3.4537358,0.48106152,-2.8909266,1.5041308,-4.005583,3.3341417
../data/train_data_mmini/2/Train_0005.jpg	2	1.0,-1.0,-1.0,-1.0,-1.0,1.0,-1.0,-1.0,-1.0,-1.0,1.0,-1.0,-1.0,-1.0,-1.0,1.0,-1.0,-1.0,1.0,1.0,-1.0,-1.0,-1.0,1.0	3.2781436,-0.18059331,-0.22861467,-9.734109,-2.843815,6.5016046,-0.78279287,-12.6125765,-10.501308,-5.545259,7.1967974,-1.7830153,-1.5213968,-4.048341,-5.8861437,3.3450403,-8.72391,-10.542965,5.32506,0.8690507,-8.210921,-2.069535,-5.586169,4.4350977
../data/train_data_mmini/2/Train_0006.jpg	2	1.0,-1.0,1.0,-1.0,-1.0,1.0,-1.0,-1.0,-1.0,-1.0,1.0,1.0,-1.0,-1.0,-1.0,1.0,-1.0,-1.0,1.0,-1.0,-1.0,-1.0,-1.0,1.0	0.15858454,-1.8016095,7.821394,-8.485224,-3.010395,0.55683124,-3.5437362,-9.639695,-8.764983,-1.9855152,6.0749536,0.14359735,-4.2422447,-5.4234037,-6.473964,6.2542334,-6.924806,-12.19624,1.193971,-0.6105292,-11.678995,-2.549215,-2.3024726,2.6242483
../data/train_data_mmini/2/Train_0007.jpg	2	1.0,1.0,-1.0,-1.0,1.0,-1.0,1.0,-1.0,-1.0,-1.0,1.0,1.0,1.0,1.0,-1.0,1.0,1.0,-1.0,1.0,1.0,1.0,1.0,-1.0,1.0	0.31787127,1.5788271,-0.863815,-7.8129573,1.351263,-0.22278489,1.8588942,-7.400609,-2.5206158,-3.898083,2.5838678,0.7041191,1.8210391,1.7480043,-0.33635646,0.5794559,0.999035,-4.9248157,1.7072107,1.327815,1.6044424,1.7583444,-2.6151743,1.4172333
../data/train_data_mmini/2/Train_0008.jpg	2	-1.0,1.0,1.0,-1.0,-1.0,-1.0,-1.0,-1.0,-1.0,-1.0,1.0,1.0,-1.0,1.0,-1.0,1.0,-1.0,-1.0,1.0,1.0,-1.0,1.0,-1.0,1.0	-4.0197988,0.23484018,8.515101,-7.8424144,-1.0620167,-1.1183629,-4.9828296,-10.894473,-4.5889516,-2.8229961,6.953048,2.689356,-1.9706873,0.027848639,-2.5274138,4.634292,-3.5811658,-11.863345,2.82011,0.46214223,-7.8493075,1.6880339,-3.4081836,4.6202655
../data/train_data_mmini/2/Train_0009.jpg	2	1.0,-1.0,-1.0,-1.0,-1.0,1.0,1.0,-1.0,-1.0,-1.0,1.0,-1.0,-1.0,-1.0,-1.0,1.0,-1.0,-1.0,1.0,1.0,-1.0,-1.0,-1.0,1.0	3.9124303,-0.31796786,-1.211487,-9.075775,-2.977805,6.666239,0.50016373,-11.963118,-9.218214,-5.1246114,7.6965075,-3.1646197,-2.637717,-4.7065,-7.74797,3.0078297,-8.875461,-10.233725,6.5374246,0.7252702,-7.52839,-1.739147,-5.1176767,5.0423512
../data/train_data_mmini/3/Train_0010.jpg	3	-1.0,1.0,1.0,-1.0,-1.0,1.0,-1.0,-1.0,-1.0,-1.0,1.0,-1.0,-1.0,-1.0,-1.0,1.0,-1.0,-1.0,1.0,1.0,-1.0,1.0,-1.0,1.0	-0.79205066,0.16612324,0.44239783,-9.490702,-2.7186787,3.9961932,-0.6698332,-12.31629,-5.451059,-3.7232966,8.660906,-1.1502974,-0.121013634,-0.9667233,-3.9489045,2.3998482,-5.5669494,-10.547308,5.1439676,1.8656615,-3.3397381,0.84138477,-4.0920672,5.1249294
../data/train_data_mmini/3/Train_0011.jpg	3	1.0,1.0,1.0,-1.0,1.0,1.0,-1.0,-1.0,-1.0,-1.0,1.0,1.0,1.0,1.0,1.0,1.0,-1.0,-1.0,1.0,1.0,-1.0,1.0,-1.0,1.0	1.462321,5.874063,2.418576,-8.173272,0.37519377,6.0225444,-8.929197,-16.978962,-14.010073,-11.3756695,2.682336,5.729427,1.8150222,6.2102594,2.010947,2.0764258,-5.6897264,-11.9131565,6.6401777,0.92481554,-9.410042,2.3042023,-9.135356,6.3391595
../data/train_data_mmini/3/Train_0012.jpg	3	1.0,1.0,-1.0,-1.0,-1.0,1.0,-1.0,-1.0,-1.0,-1.0,1.0,1.0,-1.0,-1.0,-1.0,1.0,-1.0,-1.0,1.0,-1.0,-1.0,-1.0,-1.0,1.0	9.164371,4.743126,-0.57462436,-7.9999065,-0.7662248,8.972044,-6.029725,-14.285233,-16.961899,-10.889525,1.2293373,1.49607,-2.4885194,-1.3868477,-6.176485,3.0710921,-9.187422,-11.018819,8.270175,-1.2466714,-13.449876,-2.2142873,-7.7420635,5.4501786
../data/train_data_mmini/3/Train_0013.jpg	3	-1.0,-1.0,1.0,-1.0,-1.0,1.0,-1.0,-1.0,-1.0,-1.0,1.0,1.0,-1.0,-1.0,-1.0,1.0,-1.0,-1.0,1.0,-1.0,-1.0,-1.0,-1.0,1.0	-0.629192,-1.6126949,11.109605,-9.232816,-2.9226143,0.82298183,-6.4747815,-12.1636305,-10.527969,-2.8720458,7.4499846,1.003528,-5.6643047,-5.27232,-7.9717097,7.398654,-8.284981,-15.803316,3.5491922,-0.98063385,-15.86822,-1.9738958,-3.561184,4.7463136
../data/train_data_mmini/3/Train_0014.jpg	3	-1.0,1.0,1.0,-1.0,-1.0,1.0,-1.0,-1.0,-1.0,-1.0,1.0,1.0,-1.0,-1.0,-1.0,1.0,-1.0,-1.0,1.0,1.0,-1.0,1.0,-1.0,1.0	-1.1598368,0.42619225,3.0695868,-10.546092,-2.4532254,3.8408918,-2.7825668,-15.03031,-8.899984,-5.5973144,7.7256536,0.43721455,-0.23741484,-0.6232197,-2.5764034,3.199979,-6.7278204,-11.740861,4.4152575,1.6662474,-7.0701575,1.0282161,-5.427403,5.305381
../data/train_data_mmini/4/Train_0015.jpg	4	1.0,1.0,1.0,-1.0,1.0,1.0,-1.0,-1.0,-1.0,-1.0,1.0,1.0,-1.0,-1.0,-1.0,1.0,-1.0,-1.0,1.0,-1.0,-1.0,-1.0,-1.0,1.0	1.743636,2.9357183,7.667352,-5.7861204,0.45713854,0.82033557,-7.122785,-10.001801,-9.566532,-5.7380447,2.4269712,3.6995826,-3.5608144,-0.48820624,-4.0986648,4.759419,-4.59094,-11.321396,4.465322,-1.7775518,-12.316874,-0.41239315,-4.0760255,4.4561753
../data/train_data_mmini/4/Train_0016.jpg	4	1.0,1.0,-1.0,-1.0,-1.0,1.0,-1.0,-1.0,-1.0,-1.0,1.0,-1.0,-1.0,-1.0,-1.0,1.0,-1.0,-1.0,1.0,1.0,-1.0,-1.0,-1.0,1.0	4.705147,0.8980576,-2.8441477,-7.746544,-1.6001961,7.5450454,-0.6522589,-10.289695,-9.368317,-5.8283734,4.638568,-1.1668682,-0.5520564,-2.125893,-4.8575516,1.2658861,-7.0163345,-7.5963893,5.322799,1.2829229,-6.2964263,-1.6700237,-5.9152412,3.342641
../data/train_data_mmini/4/Train_0017.jpg	4	1.0,1.0,1.0,-1.0,-1.0,1.0,-1.0,-1.0,-1.0,-1.0,1.0,1.0,-1.0,-1.0,-1.0,1.0,-1.0,-1.0,1.0,-1.0,-1.0,-1.0,-1.0,1.0	5.4686923,2.1569653,4.457194,-8.590218,-2.750892,8.093264,-7.7057724,-14.939059,-16.572653,-8.152262,4.791758,1.5000694,-3.6544082,-3.3043258,-6.8485737,4.9414744,-12.117985,-13.94721,6.5334034,-0.917339,-17.221928,-2.7491062,-7.498113,5.4417677
../data/train_data_mmini/4/Train_0018.jpg	4	1.0,1.0,-1.0,-1.0,-1.0,1.0,-1.0,-1.0,-1.0,-1.0,1.0,-1.0,1.0,-1.0,-1.0,1.0,-1.0,-1.0,1.0,1.0,-1.0,1.0,-1.0,1.0	0.011062323,0.45600754,-0.23667477,-7.3765707,-1.193377,4.0255003,-0.48320025,-10.738888,-5.2842727,-4.3648987,6.69738,-0.88296026,0.5200843,-0.4124656,-2.4740565,1.8344518,-4.8724055,-8.246357,4.832057,1.647001,-3.3372731,0.9394645,-4.727798,4.203978
../data/train_data_mmini/4/Train_0019.jpg	4	1.0,-1.0,1.0,-1.0,-1.0,1.0,-1.0,-1.0,-1.0,-1.0,1.0,-1.0,-1.0,-1.0,-1.0,1.0,-1.0,-1.0,1.0,-1.0,-1.0,-1.0,-1.0,1.0	1.358879,-1.7745051,7.386568,-10.22391,-4.302989,2.6089191,-4.7381244,-12.109972,-12.031753,-3.5474188,6.6687274,-0.31523797,-4.156715,-6.1837153,-7.466692,6.694024,-9.351245,-13.8135605,2.0650518,-0.2990612,-13.626618,-3.1417737,-3.6230226,3.2078712
../data/train_data_mmini/5/Train_0020.jpg	5	1.0,1.0,-1.0,-1.0,-1.0,1.0,1.0,-1.0,-1.0,-1.0,1.0,-1.0,1.0,-1.0,-1.0,1.0,-1.0,-1.0,1.0,1.0,-1.0,-1.0,-1.0,1.0	3.1824634,0.65373135,-3.0467126,-10.454063,-0.3063939,3.259312,2.6622558,-9.744855,-5.9138894,-5.075782,4.208621,-0.8260123,0.89359564,-0.86293364,-3.7279518,1.1084023,-2.5100477,-7.084302,3.613546,1.5056831,-0.83075213,-0.24487467,-3.9458978,2.1956537
../data/train_data_mmini/5/Train_0021.jpg	5	-1.0,1.0,1.0,-1.0,1.0,-1.0,-1.0,-1.0,-1.0,-1.0,1.0,1.0,-1.0,1.0,-1.0,1.0,-1.0,-1.0,1.0,-1.0,-1.0,1.0,-1.0,1.0	-0.48213106,2.8088257,9.240818,-9.323862,0.5662507,-0.7050549,-6.6726475,-13.784031,-10.323982,-5.937791,4.9646864,4.022376,-2.6087773,0.29926407,-3.0694878,5.6540256,-4.368453,-14.654343,4.1221237,-1.3781185,-11.448552,1.1355098,-4.778306,5.235606
../data/train_data_mmini/5/Train_0022.jpg	5	-1.0,-1.0,1.0,-1.0,-1.0,-1.0,1.0,-1.0,-1.0,-1.0,1.0,-1.0,-1.0,-1.0,-1.0,1.0,-1.0,-1.0,1.0,1.0,-1.0,-1.0,-1.0,1.0	-0.7118814,-1.1628094,1.1662858,-8.597899,-1.521874,-0.39078748,2.385602,-7.280823,-2.1507213,-1.8483348,5.1708007,-0.967613,-0.72227013,-2.285022,-3.5212507,2.5388718,-1.6287745,-6.6334023,1.3561411,1.6425889,-1.241076,-0.04488666,-1.4567412,1.7252363
../data/train_data_mmini/5/Train_0023.jpg	5	1.0,1.0,-1.0,-1.0,1.0,-1.0,1.0,-1.0,-1.0,-1.0,1.0,-1.0,1.0,-1.0,-1.0,1.0,1.0,-1.0,1.0,1.0,1.0,1.0,-1.0,1.0	1.6462328,0.26149166,-1.1924635,-7.3556623,0.6639412,-0.3357206,3.349488,-5.632419,-1.9745225,-2.5266457,2.9369018,-0.78447753,0.1879293,-0.953199,-2.9260283,1.3475024,0.49204904,-5.232654,1.9190835,0.873643,0.9143072,0.32123914,-1.9003696,1.0757931
../data/train_data_mmini/5/Train_0024.jpg	5	1.0,1.0,1.0,-1.0,1.0,1.0,-1.0,-1.0,-1.0,-1.0,1.0,1.0,-1.0,1.0,-1.0,1.0,-1.0,-1.0,1.0,-1.0,-1.0,1.0,-1.0,1.0	3.4894016,3.7529318,1.5132183,-8.29596,1.3661304,2.86563,-3.3766425,-11.9453,-10.247655,-7.483494,2.1700194,2.5585625,-0.023958752,2.130915,-1.892906,2.5159566,-3.1326585,-9.638755,4.7808657,-0.49719575,-5.935591,1.178113,-5.3549232,4.061208
../data/train_data_mmini/6/Train_0025.jpg	6	1.0,1.0,1.0,-1.0,-1.0,1.0,-1.0,-1.0,-1.0,-1.0,1.0,-1.0,-1.0,-1.0,-1.0,1.0,-1.0,-1.0,1.0,1.0,-1.0,-1.0,-1.0,1.0	6.7926884,2.382657,0.5815768,-11.219583,-2.2984097,8.417835,-4.319529,-15.129181,-16.697617,-8.122377,4.464071,-0.026678236,-0.92245567,-2.4047596,-5.586133,4.144665,-10.4073305,-12.915233,4.817102,0.010066776,-11.64482,-2.3834357,-6.8411713,3.8973613
../data/train_data_mmini/6/Train_0026.jpg	6	1.0,1.0,-1.0,-1.0,1.0,1.0,1.0,-1.0,-1.0,-1.0,1.0,-1.0,1.0,1.0,-1.0,-1.0,-1.0,-1.0,1.0,1.0,-1.0,1.0,-1.0,1.0	4.9436145,3.5567,-5.7149673,-8.433586,0.18917857,7.4420238,0.27832404,-12.414765,-8.770406,-8.527883,3.8434794,-0.18905628,2.002957,2.0591836,-2.2745683,-0.35291252,-4.729255,-7.1053543,6.4809,1.4829066,-2.2324584,0.9701588,-6.5697303,4.2477403
../data/train_data_mmini/6/Train_0027.jpg	6	1.0,1.0,-1.0,-1.0,-1.0,1.0,-1.0,-1.0,-1.0,-1.0,1.0,-1.0,1.0,-1.0,-1.0,1.0,-1.0,-1.0,1.0,1.0,-1.0,-1.0,-1.0,1.0	3.1737542,2.316572,-3.8483052,-8.732197,-2.7857537,9.327554,-1.7223742,-14.620911,-10.482057,-7.650658,6.8893642,-1.1220202,0.79404676,-0.20116112,-3.7111144,0.93581784,-8.753745,-9.521567,7.6261945,1.8940086,-5.883925,-0.15669662,-7.0916805,5.9128556
../data/train_data_mmini/6/Train_0028.jpg	6	-1.0,1.0,1.0,-1.0,1.0,1.0,-1.0,-1.0,-1.0,-1.0,1.0,1.0,1.0,1.0,1.0,1.0,-1.0,-1.0,1.0,1.0,-1.0,1.0,-1.0,1.0	-2.884041,2.7929592,3.5049613,-8.81558,0.11714329,2.1400287,-5.407438,-14.1554365,-7.961469,-7.209627,4.866339,4.116562,2.6955433,5.351284,2.7435422,2.0220385,-3.1076558,-10.151144,3.0689077,2.2693496,-4.0424557,3.2261608,-6.3535585,4.355396
../data/train_data_mmini/6/Train_0029.jpg	6	1.0,-1.0,1.0,-1.0,-1.0,1.0,-1.0,-1.0,-1.0,-1.0,1.0,-1.0,-1.0,-1.0,-1.0,1.0,-1.0,-1.0,1.0,-1.0,-1.0,-1.0,-1.0,1.0	5.201399,-0.31636763,5.7695394,-7.7698226,-3.2859564,5.2582984,-4.370785,-10.919206,-12.780642,-3.6172402,6.905633,-1.7720037,-6.332908,-7.390999,-10.660217,6.9238753,-10.969894,-13.557177,5.424905,-1.8941557,-15.542558,-3.7853718,-4.134795,4.6726356
../data/train_data_mmini/7/Train_0030.jpg	7	1.0,-1.0,-1.0,-1.0,-1.0,1.0,1.0,-1.0,-1.0,-1.0,1.0,-1.0,-1.0,-1.0,-1.0,1.0,-1.0,-1.0,1.0,1.0,-1.0,-1.0,-1.0,1.0	5.464479,-0.08970039,-0.48705113,-9.501616,-2.1603975,5.738273,0.07956955,-10.690065,-10.379186,-5.2615976,5.331175,-1.944664,-2.841514,-5.4757605,-7.7434444,3.5793788,-8.056136,-9.843814,4.647898,0.33295292,-8.898847,-3.4944315,-4.7469363,3.0604286
../data/train_data_mmini/7/Train_0031.jpg	7	1.0,-1.0,1.0,-1.0,-1.0,1.0,-1.0,-1.0,-1.0,-1.0,1.0,-1.0,-1.0,-1.0,-1.0,1.0,-1.0,-1.0,1.0,1.0,-1.0,-1.0,-1.0,1.0	3.507246,-0.9386277,1.1354268,-11.723807,-3.2893813,6.7923293,-0.64175344,-14.662293,-11.227534,-5.4365816,9.033626,-2.1108468,-2.983951,-4.4396057,-8.24144,4.588312,-9.954129,-13.172685,6.593722,0.9539059,-9.89846,-1.7664165,-5.7391686,5.7274146
../data/train_data_mmini/7/Train_0032.jpg	7	1.0,1.0,1.0,-1.0,-1.0,1.0,-1.0,-1.0,-1.0,-1.0,1.0,1.0,-1.0,1.0,-1.0,1.0,-1.0,-1.0,1.0,1.0,-1.0,1.0,-1.0,1.0	1.9431,4.0564394,3.577902,-9.955021,-2.328863,8.502029,-8.597421,-19.841602,-16.011312,-10.97494,7.471323,2.8449779,-0.8542014,1.3646897,-3.0384293,3.6901224,-11.210032,-15.092465,9.468764,0.37864223,-14.209094,1.1096628,-9.582824,8.657842
../data/train_data_mmini/7/Train_0033.jpg	7	1.0,1.0,-1.0,-1.0,-1.0,1.0,1.0,-1.0,-1.0,-1.0,1.0,-1.0,1.0,-1.0,-1.0,1.0,-1.0,-1.0,1.0,1.0,-1.0,-1.0,-1.0,1.0	5.3258014,0.76103073,-6.6820517,-9.9198675,-2.205323,8.77519,2.092165,-12.261622,-9.59502,-7.210918,5.597882,-3.1507893,1.0703417,-1.7602491,-4.638198,0.31026968,-7.307981,-6.840817,5.828113,1.9247856,-2.5465918,-0.7071615,-6.005119,3.680778
../data/train_data_mmini/7/Train_0034.jpg	7	-1.0,1.0,1.0,-1.0,-1.0,1.0,-1.0,-1.0,-1.0,-1.0,1.0,1.0,1.0,1.0,1.0,1.0,-1.0,-1.0,1.0,1.0,-1.0,1.0,-1.0,1.0	-0.9565913,5.9091496,1.144679,-10.355235,-0.16580878,6.384624,-7.334229,-19.981909,-13.355327,-11.659367,5.23884,5.273387,4.3695107,8.008126,4.2436566,1.8953897,-5.649477,-13.034183,6.0621777,2.6454597,-5.4664893,3.8105838,-9.600597,6.848685
../data/train_data_mmini/8/Train_0035.jpg	8	-1.0,-1.0,1.0,-1.0,-1.0,1.0,-1.0,-1.0,-1.0,-1.0,1.0,-1.0,-1.0,-1.0,-1.0,1.0,-1.0,-1.0,1.0,1.0,-1.0,-1.0,-1.0,1.0	-0.42308295,-0.75095826,6.002944,-8.792207,-3.021435,2.5648048,-3.0831883,-12.060057,-8.463043,-3.3173065,8.385211,-0.69850963,-3.8143702,-4.538209,-6.384104,5.5024447,-7.7763953,-12.820902,4.905092,0.19946532,-10.803806,-1.2217126,-3.7792945,5.4173656
../data/train_data_mmini/8/Train_0036.jpg	8	1.0,-1.0,1.0,-1.0,-1.0,1.0,-1.0,-1.0,-1.0,-1.0,1.0,-1.0,-1.0,-1.0,-1.0,1.0,-1.0,-1.0,1.0,1.0,-1.0,-1.0,-1.0,1.0	2.9029534,-0.32292157,0.021891665,-11.314793,-3.7146604,8.109339,-1.2997051,-15.3142395,-12.407408,-6.186072,8.592714,-1.8004119,-0.9331223,-3.2820044,-5.6701236,3.695249,-10.801691,-12.125038,5.68165,1.4768382,-9.051562,-1.6209974,-6.594475,5.25711
../data/train_data_mmini/8/Train_0037.jpg	8	1.0,1.0,1.0,-1.0,-1.0,1.0,-1.0,-1.0,-1.0,-1.0,1.0,1.0,1.0,1.0,-1.0,1.0,-1.0,-1.0,1.0,1.0,-1.0,1.0,-1.0,1.0	3.4860303,5.109456,0.32948914,-9.8084,-1.0841559,9.56585,-6.979392,-19.39961,-16.304852,-11.13671,6.2883086,2.6944368,0.7158447,3.1690245,-1.888665,2.2727299,-10.119664,-14.064175,9.42751,0.71146727,-11.272713,1.3902398,-9.977761,8.065624
../data/train_data_mmini/8/Train_0038.jpg	8	1.0,1.0,1.0,-1.0,-1.0,1.0,-1.0,-1.0,-1.0,-1.0,1.0,1.0,-1.0,-1.0,-1.0,1.0,-1.0,-1.0,1.0,1.0,-1.0,-1.0,-1.0,1.0	1.3349459,0.27201247,5.0841413,-9.262427,-2.786227,3.6926389,-3.4520385,-12.640321,-9.99118,-4.2458553,7.492949,0.06829485,-3.7322497,-3.7130015,-6.6159396,5.0855765,-7.9801145,-12.691676,5.13787,0.07497393,-11.321578,-1.4668834,-4.54833,5.302562
../data/train_data_mmini/8/Train_0039.jpg	8	1.0,1.0,1.0,-1.0,-1.0,1.0,-1.0,-1.0,-1.0,-1.0,1.0,-1.0,-1.0,-1.0,-1.0,1.0,-1.0,-1.0,1.0,-1.0,-1.0,-1.0,-1.0,1.0	1.8029373,0.17461571,5.017712,-9.817534,-4.1092367,6.6239247,-5.5099363,-16.004028,-13.901495,-6.1533194,8.57522,-0.81361955,-3.6099727,-4.5817814,-6.7610016,5.7881284,-11.652629,-14.970169,6.9268975,-0.19051482,-14.507798,-1.959822,-6.2345057,6.718561
../data/train_data_mmini/9/Train_0040.jpg	9	1.0,1.0,1.0,-1.0,1.0,1.0,-1.0,-1.0,-1.0,-1.0,1.0,1.0,-1.0,1.0,-1.0,1.0,-1.0,-1.0,1.0,-1.0,-1.0,1.0,-1.0,1.0	0.42569554,3.1499422,6.02448,-9.171491,0.18906793,1.5278386,-5.895587,-13.473344,-10.341305,-6.566163,4.482008,3.4197404,-1.4869732,1.1853108,-2.5669198,4.275109,-4.6617126,-12.560009,4.693961,-0.5538266,-9.766294,1.0444379,-5.079753,5.168911
../data/train_data_mmini/9/Train_0041.jpg	9	1.0,1.0,-1.0,-1.0,-1.0,1.0,1.0,-1.0,-1.0,-1.0,1.0,-1.0,1.0,-1.0,-1.0,1.0,-1.0,-1.0,1.0,1.0,-1.0,1.0,-1.0,1.0	2.943368,0.37966424,-6.2241955,-12.563152,-2.912015,9.799141,1.2535218,-16.1396,-10.640758,-7.942092,8.480521,-2.591615,2.199056,-0.72809553,-3.6369026,0.5014373,-8.631535,-9.70354,7.342484,3.1336598,-3.252462,0.25517687,-7.5536566,5.265911
../data/train_data_mmini/9/Train_0042.jpg	9	1.0,1.0,1.0,-1.0,1.0,1.0,-1.0,-1.0,-1.0,-1.0,1.0,1.0,-1.0,1.0,-1.0,1.0,-1.0,-1.0,1.0,-1.0,-1.0,1.0,-1.0,1.0	1.6681225,5.1902003,7.7408385,-7.967503,1.1667099,2.0419228,-9.726064,-14.273511,-12.913577,-8.507887,2.628533,5.8138094,-1.8850898,3.1508083,-2.1236515,4.7617216,-5.0791373,-14.241008,6.004805,-1.6052161,-12.820923,1.0047871,-6.2039566,6.068594
../data/train_data_mmini/9/Train_0043.jpg	9	-1.0,-1.0,1.0,-1.0,-1.0,-1.0,-1.0,-1.0,-1.0,-1.0,1.0,1.0,-1.0,-1.0,-1.0,1.0,-1.0,-1.0,1.0,1.0,-1.0,-1.0,-1.0,1.0	-2.229027,-0.6094826,7.43364,-9.672469,-1.9892548,-0.15833509,-3.076972,-11.713964,-7.001423,-2.8987906,7.880823,0.8456769,-2.5093079,-2.7981985,-4.5383077,5.353159,-5.4009933,-12.8885765,2.7291932,0.27811083,-8.974135,-0.3057795,-3.2499242,4.4162917
../data/train_data_mmini/9/Train_0044.jpg	9	1.0,1.0,1.0,-1.0,-1.0,1.0,-1.0,-1.0,-1.0,-1.0,1.0,1.0,-1.0,-1.0,-1.0,1.0,-1.0,-1.0,1.0,-1.0,-1.0,-1.0,-1.0,1.0	5.7395244,1.5940768,5.7805295,-9.617519,-2.7595944,5.821857,-6.372096,-13.554648,-15.111939,-6.390625,5.632571,0.35685363,-5.505957,-5.451601,-9.546058,6.4850163,-10.807431,-15.15782,6.5925684,-2.0456877,-16.712208,-3.4386702,-5.347984,5.5488353
../data/train_data_mmini/10/Train_0045.jpg	10	1.0,1.0,1.0,-1.0,-1.0,1.0,-1.0,-1.0,-1.0,-1.0,1.0,-1.0,-1.0,-1.0,-1.0,1.0,-1.0,-1.0,1.0,1.0,-1.0,-1.0,-1.0,1.0	2.4448323,0.9219914,2.8069654,-9.29331,-5.6719913,11.184712,-6.475934,-19.060463,-16.388474,-7.7707605,9.980705,-1.6405425,-3.1272168,-3.6380775,-6.4524946,4.7078996,-15.821913,-15.286315,9.108868,0.1430005,-15.116346,-1.5223565,-8.425959,8.536564
../data/train_data_mmini/10/Train_0046.jpg	10	1.0,1.0,1.0,-1.0,-1.0,1.0,-1.0,-1.0,-1.0,-1.0,1.0,1.0,-1.0,-1.0,-1.0,1.0,-1.0,-1.0,1.0,-1.0,-1.0,-1.0,-1.0,1.0	3.2802875,4.055657,6.50544,-6.1111856,-2.0994437,6.0994406,-10.477073,-14.322319,-15.265042,-7.9693947,4.032436,3.294358,-3.1364052,-0.24314226,-4.1815395,4.6526604,-10.355336,-13.688341,6.6659446,-1.7916689,-16.290491,-0.74415165,-7.1207013,6.511697
../data/train_data_mmini/10/Train_0047.jpg	10	1.0,1.0,1.0,-1.0,-1.0,1.0,-1.0,-1.0,-1.0,-1.0,1.0,1.0,-1.0,-1.0,-1.0,1.0,-1.0,-1.0,1.0,-1.0,-1.0,-1.0,-1.0,1.0	0.5798344,2.05389,8.349616,-11.919613,-3.4661834,6.6497865,-9.102209,-20.836632,-17.334509,-8.362637,9.416548,2.2844725,-2.7271683,-1.5317422,-4.798182,6.6334352,-13.137797,-18.878983,7.1546226,-0.5273808,-17.233463,-0.51673156,-8.424961,7.989646
../data/train_data_mmini/10/Train_0048.jpg	10	1.0,-1.0,1.0,-1.0,-1.0,1.0,-1.0,-1.0,-1.0,-1.0,1.0,-1.0,-1.0,-1.0,-1.0,1.0,-1.0,-1.0,1.0,-1.0,-1.0,-1.0,-1.0,1.0	4.4583783,-1.3970383,4.458676,-11.291037,-6.476348,8.384079,-5.000622,-15.750698,-16.261703,-5.940295,8.509891,-2.5466902,-5.69896,-8.622094,-10.271891,7.055157,-14.481406,-15.260402,5.865027,-0.2983587,-16.826534,-4.69949,-5.5866637,5.463824
../data/train_data_mmini/10/Train_0049.jpg	10	1.0,1.0,1.0,-1.0,-1.0,1.0,-1.0,-1.0,-1.0,-1.0,1.0,1.0,-1.0,-1.0,-1.0,1.0,-1.0,-1.0,1.0,-1.0,-1.0,-1.0,-1.0,1.0	0.8779223,2.4366112,6.2894635,-10.036542,-3.0213902,6.326254,-8.094746,-18.11633,-15.00097,-7.7796917,8.219478,1.7307997,-2.4164295,-1.0700448,-4.4537373,5.301213,-11.031463,-16.174532,7.426229,-0.15971868,-14.777702,-0.08075862,-7.2464705,7.7792373
