../data/train_data_mmini/1/Train_0000.jpg	1	1.0,1.0,1.0,-1.0,1.0,1.0,-1.0,-1.0,1.0,-1.0,-1.0,1.0	1.3544523,0.8056661,1.623652,-1.689391,0.1429681,0.7487803,-0.4603691,-2.0977414,0.04936777,-0.23451619,-2.109795,0.5249722
../data/train_data_mmini/1/Train_0001.jpg	1	1.0,1.0,1.0,-1.0,1.0,1.0,-1.0,-1.0,1.0,1.0,-1.0,-1.0	0.73577136,0.3555832,0.4755433,-0.2917386,0.5193492,0.0056959675,-0.040019974,-1.0158545,0.20551269,0.018588545,-0.57545614,-0.053563483
../data/train_data_mmini/1/Train_0002.jpg	1	1.0,1.0,1.0,1.0,1.0,1.0,-1.0,-1.0,1.0,-1.0,1.0,-1.0	0.25827408,0.23220679,0.12862034,0.088171676,0.24634127,0.10617122,-0.22939806,-0.19212165,0.43404025,-0.056384683,0.13608117,-0.24809413
../data/train_data_mmini/1/Train_0003.jpg	1	1.0,1.0,1.0,-1.0,1.0,1.0,-1.0,-1.0,1.0,-1.0,-1.0,1.0	1.4855579,0.7824843,1.7207911,-1.7977349,0.2810107,0.7052425,-0.4124435,-2.3168507,0.03690648,-0.2840895,-2.3163965,0.7480966
../data/train_data_mmini/1/Train_0004.jpg	1	1.0,1.0,1.0,-1.0,1.0,1.0,-1.0,-1.0,1.0,1.0,-1.0,1.0	1.5653635,1.0683854,0.97875506,-1.4034884,0.47409046,0.2693397,-0.18420307,-2.2260666,0.21506092,0.058566213,-1.7509772,0.55091494
../data/train_data_mmini/2/Train_0005.jpg	2	-1.0,-1.0,1.0,1.0,1.0,1.0,-1.0,1.0,1.0,-1.0,1.0,-1.0	-0.840411,-1.1595128,1.1495463,0.17696793,0.11553536,0.3945991,-0.6274169,1.1903145,0.4126677,-0.41344416,1.0073023,-0.47000113
../data/train_data_mmini/2/Train_0006.jpg	2	1.0,1.0,-1.0,1.0,1.0,-1.0,1.0,-1.0,1.0,1.0,1.0,-1.0	0.1591943,0.1916391,-0.8114409,0.8080724,0.36540174,-0.064306095,0.65110385,-0.3705857,0.17422496,0.23152938,0.4292739,-0.9716186
../data/train_data_mmini/2/Train_0007.jpg	2	1.0,1.0,1.0,-1.0,1.0,1.0,-1.0,-1.0,1.0,-1.0,-1.0,1.0	1.5696166,0.9313319,2.2186139,-2.4895546,0.22738434,1.0885215,-0.5740564,-2.574258,0.08300847,-0.20678629,-2.8668258,1.0683289
../data/train_data_mmini/2/Train_0008.jpg	2	1.0,1.0,1.0,-1.0,-1.0,1.0,-1.0,-1.0,1.0,-1.0,-1.0,-1.0	0.36256325,0.16273455,1.1695914,-0.76459694,-0.03632853,0.5761515,-0.76060784,-0.19877541,0.32788432,-0.09188761,-0.35104483,-0.07886305
../data/train_data_mmini/2/Train_0009.jpg	2	-1.0,-1.0,1.0,-1.0,-1.0,1.0,-1.0,1.0,1.0,-1.0,-1.0,-1.0	-0.44672912,-0.8501393,2.7886558,-0.9327042,-0.0005481988,1.1035093,-1.0398947,0.19108853,0.32940358,-0.6763385,-0.5120503,-0.18860684
../data/train_data_mmini/3/Train_0010.jpg	3	-1.0,-1.0,-1.0,1.0,1.0,-1.0,1.0,1.0,1.0,1.0,1.0,-1.0	-0.32651842,-0.5515959,-0.45009026,0.5782642,0.46074396,-0.24595128,0.034865722,0.701511,0.1657326,0.15040913,0.56930965,-0.06008921
../data/train_data_mmini/3/Train_0011.jpg	3	-1.0,-1.0,-1.0,1.0,1.0,-1.0,1.0,1.0,1.0,1.0,1.0,-1.0	-0.24587788,-0.17860018,-1.0926164,1.542032,0.45156097,-0.60167617,0.29987216,0.93761295,0.5470938,0.42575535,1.8887042,-1.0642232
../data/train_data_mmini/3/Train_0012.jpg	3	1.0,-1.0,1.0,1.0,1.0,-1.0,1.0,-1.0,1.0,-1.0,1.0,-1.0	0.06445862,-0.20518014,0.0069674365,0.70913947,0.8222089,-0.474364,0.12512545,-0.04716114,0.7541855,-0.082823396,1.0604357,-0.6819056
../data/train_data_mmini/3/Train_0013.jpg	3	-1.0,-1.0,1.0,1.0,-1.0,1.0,-1.0,1.0,1.0,-1.0,1.0,-1.0	-1.0092089,-1.2924927,0.42926094,0.76730794,-0.39843953,0.7557079,-0.7677123,2.1857007,0.35325295,-0.36378008,1.2545589,-0.98497695
../data/train_data_mmini/3/Train_0014.jpg	3	-1.0,-1.0,1.0,1.0,1.0,1.0,-1.0,1.0,1.0,-1.0,1.0,-1.0	-0.62351215,-0.8881621,0.37541595,0.757508,0.22112285,0.07119356,-0.3521678,1.183803,0.60597163,-0.18593848,1.3908162,-0.8529863
../data/train_data_mmini/4/Train_0015.jpg	4	1.0,1.0,1.0,-1.0,1.0,1.0,-1.0,-1.0,1.0,-1.0,-1.0,1.0	0.84875846,0.4788199,1.2897002,-1.1658509,0.13494651,0.47913137,-0.83237845,-0.97673684,0.4560374,-0.27787438,-0.99597013,0.2423705
../data/train_data_mmini/4/Train_0016.jpg	4	-1.0,-1.0,1.0,-1.0,1.0,1.0,-1.0,1.0,1.0,-1.0,1.0,-1.0	-0.40307724,-0.76549166,1.1618077,-0.16112901,0.068893395,0.31781915,-0.94089496,1.0441883,0.42024904,-0.3558812,0.62736344,-0.37595263
../data/train_data_mmini/4/Train_0017.jpg	4	-1.0,-1.0,-1.0,1.0,1.0,-1.0,1.0,1.0,1.0,1.0,1.0,-1.0	-0.50319344,-0.58065295,-1.5171158,1.6745489,0.286928,-0.4802108,0.21673171,1.4360276,0.5536209,0.29686964,2.1895916,-1.1103184
../data/train_data_mmini/4/Train_0018.jpg	4	-1.0,-1.0,1.0,-1.0,1.0,1.0,-1.0,1.0,1.0,-1.0,1.0,-1.0	-0.21916546,-0.7175446,1.1586281,-0.17315179,0.3236779,0.25211126,-0.7331803,0.6241655,0.42928576,-0.16683422,0.48509586,-0.4664097
../data/train_data_mmini/4/Train_0019.jpg	4	1.0,1.0,-1.0,1.0,1.0,-1.0,1.0,-1.0,1.0,1.0,1.0,-1.0	0.11776009,0.25591275,-1.322384,0.77247185,0.54105026,-0.58504874,0.6616828,-0.17149583,0.3974856,0.22574194,0.6755588,-0.32115898
../data/train_data_mmini/5/Train_0020.jpg	5	1.0,1.0,1.0,-1.0,1.0,1.0,-1.0,-1.0,1.0,-1.0,-1.0,1.0	1.5472578,0.98732316,1.4244903,-1.9456196,0.2781524,0.5707662,-0.46129167,-2.3465545,0.21934707,-0.21432917,-2.3144279,0.97804785
../data/train_data_mmini/5/Train_0021.jpg	5	1.0,1.0,1.0,-1.0,-1.0,1.0,-1.0,-1.0,1.0,-1.0,-1.0,1.0	0.9401166,0.6447933,1.6191752,-1.2158756,-0.07398274,0.8012956,-0.8111006,-1.1133126,0.22828145,-0.27505872,-1.4168969,0.05398705
../data/train_data_mmini/5/Train_0022.jpg	5	1.0,1.0,1.0,-1.0,1.0,1.0,-1.0,-1.0,1.0,-1.0,-1.0,1.0	0.8746272,0.48260182,1.771973,-1.3962235,0.14666475,0.86865604,-0.45076528,-1.6658057,0.17218545,-0.2432337,-1.6962005,0.353763
../data/train_data_mmini/5/Train_0023.jpg	5	1.0,1.0,1.0,-1.0,1.0,1.0,-1.0,-1.0,1.0,-1.0,-1.0,1.0	1.5766432,0.92333317,2.1634328,-2.3467097,0.060872525,1.1098163,-0.61174625,-2.5093632,0.010922462,-0.30117524,-2.7680829,0.9530116
../data/train_data_mmini/5/Train_0024.jpg	5	1.0,1.0,1.0,-1.0,1.0,1.0,-1.0,-1.0,1.0,-1.0,-1.0,1.0	0.7307736,0.26108485,2.128631,-1.4311279,0.190622,0.720865,-0.8883808,-1.1786627,0.3858329,-0.49283952,-1.5079478,0.45902678
../data/train_data_mmini/6/Train_0025.jpg	6	-1.0,-1.0,-1.0,1.0,1.0,-1.0,-1.0,1.0,1.0,-1.0,1.0,-1.0	-1.0404427,-1.2452835,-0.59363395,1.2268637,0.14288603,-0.03635855,-0.20375355,2.2910993,0.23336263,-0.17083125,1.5290617,-0.3683108
../data/train_data_mmini/6/Train_0026.jpg	6	1.0,1.0,-1.0,1.0,1.0,-1.0,1.0,-1.0,1.0,1.0,-1.0,1.0	0.6859898,0.40343267,-0.2740653,0.07352307,0.90332556,-0.5416785,0.31101972,-0.72170097,0.22631252,0.46105766,-0.2696004,0.038902245
../data/train_data_mmini/6/Train_0027.jpg	6	-1.0,-1.0,1.0,1.0,1.0,-1.0,-1.0,1.0,1.0,-1.0,1.0,-1.0	-0.77998537,-1.1392508,0.08725084,0.95378625,0.38570988,-0.13883384,-0.30101767,1.7577477,0.4856149,-0.08305706,1.5551536,-0.72916317
../data/train_data_mmini/6/Train_0028.jpg	6	1.0,1.0,-1.0,1.0,1.0,-1.0,1.0,-1.0,1.0,1.0,1.0,-1.0	0.22341275,0.16753456,-0.083872095,0.8661691,0.6092892,-0.18561725,0.22585253,-0.065541424,0.4098931,0.2994347,0.7901176,-1.0791217
../data/train_data_mmini/6/Train_0029.jpg	6	-1.0,-1.0,1.0,-1.0,-1.0,1.0,-1.0,1.0,1.0,-1.0,1.0,-1.0	-1.187687,-1.7329146,1.7575393,-0.25537392,-0.43110448,1.0529945,-1.3327081,2.250964,0.08903451,-0.7640624,0.5298703,-0.046187364
../data/train_data_mmini/7/Train_0030.jpg	7	-1.0,-1.0,1.0,-1.0,1.0,1.0,-1.0,-1.0,1.0,-1.0,-1.0,-1.0	-0.16106957,-0.5648582,2.237265,-0.68704957,0.11301428,0.92722505,-0.7019391,-0.25061518,0.33530736,-0.58023727,-0.44210362,-0.3653452
../data/train_data_mmini/7/Train_0031.jpg	7	-1.0,-1.0,1.0,1.0,-1.0,1.0,-1.0,1.0,1.0,-1.0,1.0,-1.0	-0.9046832,-1.527736,1.6657565,0.32970852,-0.045586616,0.9026672,-1.0150205,1.7740853,0.38089252,-0.63178796,0.92408997,-1.0341454
../data/train_data_mmini/7/Train_0032.jpg	7	-1.0,-1.0,-1.0,1.0,-1.0,-1.0,-1.0,1.0,1.0,-1.0,1.0,-1.0	-1.353593,-1.5551039,-0.6746445,1.5635521,-0.12590525,-0.1535346,-0.7775909,3.2646892,0.81349176,-0.1633129,2.838859,-0.92955506
../data/train_data_mmini/7/Train_0033.jpg	7	-1.0,-1.0,1.0,-1.0,1.0,-1.0,1.0,-1.0,1.0,-1.0,-1.0,-1.0	-0.19191124,-0.63897306,0.97887343,-0.076678,0.76566267,-0.043419823,0.024525896,-0.29017964,0.44189525,-0.20196705,-0.019658193,-0.16071585
../data/train_data_mmini/7/Train_0034.jpg	7	-1.0,-1.0,-1.0,1.0,1.0,-1.0,1.0,1.0,1.0,1.0,1.0,-1.0	-0.73352426,-0.5241866,-1.8058068,2.1785614,0.3332907,-0.7105871,0.1842279,1.9744151,0.69437057,0.31178153,2.5810513,-1.1363807
../data/train_data_mmini/8/Train_0035.jpg	8	-1.0,-1.0,1.0,-1.0,-1.0,1.0,-1.0,1.0,1.0,-1.0,1.0,-1.0	-1.0157722,-1.3896018,2.787631,-0.1888143,-0.30944258,1.4413786,-1.1371214,1.2800272,0.12809803,-0.83356655,0.4266507,-0.9085976
../data/train_data_mmini/8/Train_0036.jpg	8	-1.0,-1.0,1.0,1.0,1.0,1.0,-1.0,1.0,1.0,-1.0,1.0,-1.0	-1.011747,-1.5114223,1.4773254,0.45530388,0.2357652,0.6710737,-0.7284876,1.4966319,0.4932776,-0.5188852,1.067043,-0.9268043
../data/train_data_mmini/8/Train_0037.jpg	8	-1.0,-1.0,-1.0,1.0,1.0,-1.0,-1.0,1.0,1.0,1.0,1.0,-1.0	-0.6370993,-1.0530683,-0.2625484,1.039949,0.421934,-0.25354496,-0.24545255,1.848952,0.49920714,0.112051174,1.516807,-0.9260443
../data/train_data_mmini/8/Train_0038.jpg	8	-1.0,-1.0,1.0,-1.0,-1.0,1.0,-1.0,1.0,1.0,-1.0,1.0,-1.0	-0.776652,-1.2438587,2.148757,-0.18511562,-0.20016551,1.1161215,-1.272994,1.4387511,0.31352913,-0.75400627,0.3790921,-0.5546521
../data/train_data_mmini/8/Train_0039.jpg	8	-1.0,-1.0,1.0,1.0,-1.0,1.0,-1.0,1.0,1.0,-1.0,1.0,-1.0	-1.3138419,-1.7846557,1.9580419,0.4456204,-0.16458738,0.95322067,-0.9434778,1.9940991,0.36061382,-0.781024,1.3385812,-1.0882905
../data/train_data_mmini/9/Train_0040.jpg	9	1.0,1.0,1.0,-1.0,1.0,1.0,-1.0,-1.0,1.0,-1.0,-1.0,1.0	0.98248047,0.54488176,1.4323356,-1.2370377,0.2696154,0.51230747,-0.5463995,-1.3443639,0.3051458,-0.18790534,-1.310987,0.17291774
../data/train_data_mmini/9/Train_0041.jpg	9	-1.0,-1.0,1.0,1.0,1.0,-1.0,1.0,1.0,1.0,-1.0,1.0,-1.0	-0.86482495,-1.1137489,0.01845513,0.91038877,0.6074132,-0.41544998,0.053629383,1.1374445,0.6714731,-0.12964773,1.4746851,-0.557235
../data/train_data_mmini/9/Train_0042.jpg	9	1.0,1.0,1.0,-1.0,1.0,-1.0,-1.0,-1.0,1.0,1.0,-1.0,1.0	0.96036214,0.65039486,0.71201164,-0.9336042,0.36402643,-0.00044068834,-0.73065054,-0.69635457,0.41983354,0.015422137,-0.8554672,0.30012324
../data/train_data_mmini/9/Train_0043.jpg	9	1.0,1.0,1.0,-1.0,-1.0,1.0,-1.0,-1.0,1.0,-1.0,-1.0,1.0	0.55816764,0.29067212,1.6241192,-1.310186,-0.0017289966,0.94006974,-0.7047513,-1.056076,0.19947962,-0.20945306,-1.4656347,0.18875179
../data/train_data_mmini/9/Train_0044.jpg	9	-1.0,-1.0,1.0,1.0,1.0,1.0,-1.0,1.0,1.0,-1.0,1.0,-1.0	-0.36506712,-0.6659384,0.86351365,0.1587649,0.057737827,0.42253706,-0.5809432,0.78857553,0.15058659,-0.31504568,0.42114502,-0.5580442
../data/train_data_mmini/10/Train_0045.jpg	10	-1.0,-1.0,1.0,1.0,-1.0,1.0,-1.0,1.0,1.0,-1.0,1.0,-1.0	-1.987866,-2.4322128,0.29920456,1.2071978,-0.37068182,0.25301132,-1.1635518,4.008757,0.8425835,-0.60604227,2.8165393,-0.64414907
../data/train_data_mmini/10/Train_0046.jpg	10	-1.0,-1.0,-1.0,1.0,-1.0,1.0,-1.0,1.0,1.0,1.0,1.0,-1.0	-1.2273184,-1.3059882,-1.1686676,1.0945743,-0.40301967,0.04236473,-0.6289501,3.09123,0.39875025,0.09972771,2.1800914,-0.35710564
../data/train_data_mmini/10/Train_0047.jpg	10	-1.0,-1.0,1.0,1.0,-1.0,1.0,-1.0,1.0,1.0,-1.0,1.0,-1.0	-1.6398339,-1.95822,0.1532634,1.5536354,-0.4023949,0.6312004,-0.87923616,3.5369546,0.5760468,-0.28641486,2.6834004,-1.3629519
../data/train_data_mmini/10/Train_0048.jpg	10	-1.0,-1.0,1.0,1.0,-1.0,1.0,-1.0,1.0,1.0,-1.0,1.0,1.0	-2.3277848,-2.9367192,2.0895889,0.18411674,-0.7421081,1.1160249,-1.8269808,3.9566336,0.8577019,-1.195195,2.2715852,0.07113925
../data/train_data_mmini/10/Train_0049.jpg	10	-1.0,-1.0,1.0,1.0,-1.0,1.0,-1.0,1.0,1.0,-1.0,1.0,-1.0	-1.0678065,-1.420983,1.196682,0.8602984,-0.122910246,0.7194381,-0.66554743,1.9602828,0.24569942,-0.4951854,1.5303283,-1.2246511
