../data/train_data_mmini/1/Train_0000.jpg	1	-1.0,1.0,1.0,1.0,-1.0,1.0,-1.0,-1.0,1.0,1.0,-1.0,1.0,-1.0,-1.0,1.0,-1.0,-1.0,1.0,-1.0,-1.0,-1.0,-1.0,1.0,-1.0	-1.4453169,2.0517395,0.88238025,1.1112801,-7.087627,5.3956647,-0.38924187,-1.6804174,1.7019813,2.4683375,-0.021703342,1.4467852,-0.48500216,-5.0855904,1.2797765,-5.786832,-0.5139811,0.6294971,-2.3488004,-2.0193827,-0.45928243,-2.4514945,0.6505822,-0.16935611
../data/train_data_mmini/1/Train_0001.jpg	1	-1.0,1.0,1.0,1.0,-1.0,1.0,-1.0,-1.0,1.0,1.0,-1.0,1.0,-1.0,-1.0,1.0,-1.0,-1.0,1.0,-1.0,-1.0,-1.0,-1.0,1.0,1.0	-1.2250865,2.072961,1.3192943,0.8818178,-6.585477,5.3441367,-0.4087793,-1.6689749,2.1088724,2.0899844,-0.3925078,1.3244218,-0.19133382,-4.678998,0.8110792,-5.449403,-0.3704047,0.77746665,-2.2142346,-1.8202484,-0.30514646,-2.3709896,0.67768896,0.34925792
../data/train_data_mmini/1/Train_0002.jpg	1	-1.0,1.0,1.0,1.0,-1.0,1.0,-1.0,-1.0,1.0,1.0,-1.0,1.0,-1.0,-1.0,1.0,-1.0,-1.0,1.0,-1.0,-1.0,-1.0,-1.0,1.0,1.0	-0.72442234,1.5111738,0.84987575,0.47897166,-4.554794,3.9551754,-0.34824955,-1.0870839,1.6406391,1.5989175,-0.28021935,1.4997978,-0.5778471,-3.7171006,0.9727246,-3.4798946,-0.58719325,0.54080176,-1.1784333,-1.0723661,-0.14671949,-2.1959126,0.3949071,0.507453
../data/train_data_mmini/1/Train_0003.jpg	1	-1.0,1.0,1.0,1.0,-1.0,1.0,-1.0,-1.0,1.0,1.0,1.0,1.0,-1.0,-1.0,1.0,-1.0,-1.0,1.0,-1.0,-1.0,1.0,-1.0,1.0,-1.0	-1.5700862,2.232872,0.8945547,1.3551778,-7.4676495,5.5195537,-0.44871044,-2.0334964,1.3850317,2.9812617,0.1032519,1.1423451,-0.43106985,-5.361684,1.5724266,-6.025516,-0.39879784,0.74543136,-2.4384906,-2.0382032,0.15428957,-2.1581562,0.4136016,-0.16664544
../data/train_data_mmini/1/Train_0004.jpg	1	-1.0,1.0,1.0,1.0,-1.0,1.0,-1.0,-1.0,1.0,1.0,1.0,1.0,-1.0,-1.0,1.0,-1.0,-1.0,1.0,-1.0,-1.0,-1.0,-1.0,1.0,-1.0	-1.5771122,2.0984144,0.6270141,1.3205379,-7.3083396,5.250223,-0.38733217,-1.6563576,1.4604491,2.562467,0.1852188,1.3077534,-0.42579994,-5.187967,1.5954484,-5.9244447,-0.6154783,0.50474155,-2.3418348,-2.0011868,-0.4805126,-2.103257,0.5487915,-0.34760362
../data/train_data_mmini/2/Train_0005.jpg	2	-1.0,1.0,1.0,1.0,-1.0,1.0,-1.0,-1.0,1.0,1.0,1.0,1.0,-1.0,-1.0,1.0,-1.0,-1.0,1.0,-1.0,-1.0,1.0,-1.0,1.0,-1.0	-1.3489653,1.859683,0.49314988,1.268768,-6.2877336,4.315155,-0.50337356,-1.8242674,1.0811702,2.6959949,0.32535267,1.1121145,-0.19929548,-4.5484495,1.5882492,-4.890327,-0.4378564,0.5522495,-1.7130857,-1.7076298,0.20791441,-1.6394953,0.23245277,-0.4065422
../data/train_data_mmini/2/Train_0006.jpg	2	-1.0,1.0,1.0,1.0,-1.0,1.0,-1.0,-1.0,1.0,1.0,1.0,1.0,-1.0,-1.0,1.0,-1.0,-1.0,1.0,-1.0,-1.0,-1.0,-1.0,1.0,-1.0	-1.0509002,1.7582682,0.8003441,0.8971871,-6.123884,4.5633216,-0.37717488,-1.261736,2.2305787,1.5101417,0.10116147,1.3621395,-0.18764155,-4.181524,0.88703656,-4.83977,-0.4246679,0.43586633,-1.6333767,-1.7091858,-0.70393443,-2.2685606,0.5833392,-0.05672965
../data/train_data_mmini/2/Train_0007.jpg	2	-1.0,1.0,1.0,1.0,-1.0,1.0,-1.0,-1.0,1.0,1.0,1.0,1.0,-1.0,-1.0,1.0,-1.0,-1.0,1.0,-1.0,-1.0,1.0,-1.0,1.0,-1.0	-1.5919496,2.4410584,0.84523994,1.6017938,-8.241658,5.6111856,-0.48461092,-2.2755919,1.5099465,3.183394,0.28572124,1.2028884,-0.35522756,-5.863615,1.9473016,-6.357087,-0.64171004,0.7391203,-2.4271543,-2.2658522,0.23754632,-2.1088982,0.4512117,-0.3845136
../data/train_data_mmini/2/Train_0008.jpg	2	-1.0,1.0,1.0,1.0,-1.0,1.0,-1.0,-1.0,1.0,1.0,1.0,1.0,-1.0,-1.0,1.0,-1.0,-1.0,1.0,-1.0,-1.0,-1.0,-1.0,1.0,-1.0	-1.1908214,1.7714945,0.7022889,0.942038,-6.1702633,4.624929,-0.48881662,-1.338132,1.5370296,2.015017,0.054920483,1.4138002,-0.25590605,-4.2307043,1.1955779,-4.839926,-0.4323716,0.49029976,-1.9481721,-1.7333817,-0.6170407,-2.2144527,0.60448396,-0.24849015
../data/train_data_mmini/2/Train_0009.jpg	2	-1.0,1.0,1.0,1.0,-1.0,1.0,-1.0,-1.0,1.0,1.0,1.0,1.0,-1.0,-1.0,1.0,-1.0,-1.0,1.0,-1.0,-1.0,-1.0,-1.0,1.0,-1.0	-1.8740996,2.4224153,0.5542109,1.4797984,-8.295351,5.563149,-0.449311,-2.0303648,1.7373437,3.0456104,0.39743552,1.328883,-0.37095737,-5.825403,1.7722394,-6.7895784,-0.61913145,0.60893095,-2.5313616,-2.4802911,-0.34265903,-2.5123222,0.464501,-0.69613904
../data/train_data_mmini/3/Train_0010.jpg	3	-1.0,1.0,1.0,1.0,-1.0,1.0,-1.0,-1.0,1.0,1.0,-1.0,1.0,-1.0,-1.0,1.0,-1.0,-1.0,1.0,-1.0,-1.0,1.0,-1.0,1.0,1.0	-1.1274067,1.7185066,0.9194614,1.0181456,-5.2327003,4.121417,-0.63153183,-1.6786627,1.044485,2.1400702,-0.20319627,0.9241086,-0.062349305,-4.023757,1.0406903,-3.9482865,-0.18440104,0.641989,-1.3395706,-1.4738677,0.60135436,-1.4408739,0.29453447,0.28919646
../data/train_data_mmini/3/Train_0011.jpg	3	-1.0,1.0,1.0,1.0,-1.0,1.0,-1.0,-1.0,1.0,1.0,-1.0,1.0,-1.0,-1.0,1.0,-1.0,-1.0,1.0,-1.0,-1.0,-1.0,-1.0,1.0,1.0	-0.9448368,1.3102773,0.65216494,0.3601335,-4.866866,3.783724,-0.120367706,-0.74295914,1.997022,1.1940758,-0.2937639,1.2622589,-0.20615552,-3.2816637,0.5706216,-4.220943,-0.61576414,0.21978839,-1.284712,-1.1537887,-1.26353,-2.1026711,0.68595934,0.07340531
../data/train_data_mmini/3/Train_0012.jpg	3	-1.0,1.0,1.0,1.0,-1.0,1.0,-1.0,-1.0,1.0,1.0,1.0,1.0,-1.0,-1.0,1.0,-1.0,-1.0,1.0,-1.0,-1.0,-1.0,-1.0,1.0,-1.0	-1.4723157,1.8127841,0.17811927,1.320828,-6.3799167,3.9173713,-0.18328683,-1.573186,1.0901815,2.5594764,0.7125076,0.74228215,-0.16333227,-4.27809,1.8544202,-5.0417647,-0.7540784,0.31414798,-1.7021405,-1.6221582,-0.32580158,-1.2312635,0.31395647,-0.739554
../data/train_data_mmini/3/Train_0013.jpg	3	-1.0,1.0,1.0,1.0,-1.0,1.0,-1.0,-1.0,1.0,1.0,1.0,1.0,-1.0,-1.0,1.0,-1.0,-1.0,1.0,-1.0,-1.0,-1.0,-1.0,1.0,-1.0	-1.2872617,1.7079083,0.5408566,1.1757756,-5.8699956,4.1708846,-0.50192845,-1.3829696,1.2448503,1.9966928,0.31513765,1.2022507,-0.24806507,-4.1012907,1.3433461,-4.648978,-0.40973118,0.4121579,-1.8166603,-1.6801472,-0.4347572,-1.8730965,0.40075454,-0.584607
../data/train_data_mmini/3/Train_0014.jpg	3	-1.0,1.0,1.0,1.0,-1.0,1.0,-1.0,-1.0,1.0,1.0,1.0,1.0,-1.0,-1.0,1.0,-1.0,-1.0,1.0,-1.0,-1.0,-1.0,-1.0,1.0,-1.0	-1.3578584,1.9084535,0.41714367,1.0218773,-6.8759594,4.6922493,-0.29511088,-1.536731,1.7395184,2.2402182,0.37125972,1.4325081,-0.1635284,-4.8850236,1.3761832,-5.5836926,-0.6654032,0.15544556,-1.8920913,-1.8774236,-0.73121417,-2.20795,0.62252766,-0.62320656
../data/train_data_mmini/4/Train_0015.jpg	4	-1.0,1.0,1.0,1.0,-1.0,1.0,-1.0,-1.0,1.0,1.0,1.0,1.0,-1.0,-1.0,1.0,-1.0,-1.0,1.0,-1.0,-1.0,-1.0,-1.0,1.0,-1.0	-1.2894416,1.8158848,0.3487182,1.1293837,-6.451599,4.2821326,-0.38071057,-1.5693635,1.2482171,2.4232256,0.48581216,1.2057246,-0.32303572,-4.3519006,1.6203979,-4.999308,-0.5547737,0.4452523,-1.8565528,-1.7454944,-0.32833722,-1.9040711,0.50955737,-0.507784
../data/train_data_mmini/4/Train_0016.jpg	4	-1.0,1.0,1.0,1.0,-1.0,1.0,-1.0,-1.0,1.0,1.0,-1.0,1.0,-1.0,-1.0,1.0,-1.0,-1.0,1.0,-1.0,-1.0,1.0,-1.0,1.0,1.0	-1.0379987,1.6120743,0.94862854,0.8407324,-4.7947407,3.9326148,-0.40473706,-1.4864705,1.3087457,1.8969425,-0.3145238,1.0136849,-0.08757563,-3.5170267,0.6756774,-4.1057625,-0.34388596,0.58340037,-1.5271156,-1.1899922,0.11647543,-1.5784824,0.23423892,0.44573227
../data/train_data_mmini/4/Train_0017.jpg	4	-1.0,1.0,1.0,1.0,-1.0,1.0,-1.0,-1.0,1.0,1.0,-1.0,1.0,-1.0,-1.0,1.0,-1.0,-1.0,1.0,-1.0,-1.0,-1.0,-1.0,1.0,1.0	-1.0060297,1.7135922,0.8995531,0.69186485,-5.6829615,4.4219093,-0.17742689,-1.1125046,2.5287633,1.1473416,-0.24893336,1.1388773,-0.12922837,-3.9364147,0.4859264,-4.594895,-0.4865919,0.3252685,-1.3559793,-1.316504,-1.0873511,-2.0447197,0.65054727,0.5177839
../data/train_data_mmini/4/Train_0018.jpg	4	-1.0,1.0,1.0,1.0,-1.0,1.0,-1.0,-1.0,1.0,1.0,-1.0,1.0,-1.0,-1.0,1.0,-1.0,-1.0,1.0,-1.0,-1.0,-1.0,-1.0,1.0,-1.0	-1.0131587,1.6889827,0.53217673,0.71603984,-5.5674934,3.9012427,-0.25542575,-1.228544,1.6327904,1.8855356,-0.108078666,1.0989399,-0.09069808,-3.7981458,0.86627334,-4.4537163,-0.49120095,0.48036718,-1.4165006,-1.4648869,-0.56655926,-1.6607165,0.4066625,-0.13337919
../data/train_data_mmini/4/Train_0019.jpg	4	-1.0,1.0,1.0,1.0,-1.0,1.0,-1.0,-1.0,1.0,1.0,1.0,1.0,-1.0,-1.0,1.0,-1.0,-1.0,1.0,-1.0,-1.0,1.0,-1.0,1.0,-1.0	-1.11699,1.6426587,0.9088883,1.2974161,-5.71914,4.291789,-0.8294016,-1.6974503,1.0105287,2.200996,0.20529892,1.061036,-0.029310241,-3.9561026,1.2441832,-4.389253,-0.1618487,0.52973825,-1.7047502,-1.6575911,0.31570366,-1.4168402,0.3475685,-0.12584504
../data/train_data_mmini/5/Train_0020.jpg	5	-1.0,1.0,1.0,1.0,-1.0,1.0,-1.0,-1.0,1.0,1.0,1.0,1.0,-1.0,-1.0,1.0,-1.0,-1.0,1.0,-1.0,-1.0,1.0,-1.0,1.0,-1.0	-1.4598528,2.376971,0.92559797,1.5572115,-7.841462,5.498543,-0.50378096,-2.299169,1.4829292,3.1026363,0.27636984,1.2044326,-0.21984379,-5.5213737,1.8571862,-6.040225,-0.54718673,0.6981007,-2.2827446,-2.0549276,0.408301,-1.9118114,0.3901563,-0.20844501
../data/train_data_mmini/5/Train_0021.jpg	5	-1.0,1.0,1.0,1.0,-1.0,1.0,-1.0,-1.0,1.0,1.0,1.0,1.0,-1.0,-1.0,1.0,-1.0,-1.0,1.0,-1.0,-1.0,-1.0,-1.0,1.0,-1.0	-1.7153585,2.145202,0.41939673,1.398995,-7.999124,5.482569,-0.34609854,-1.6278111,1.8031663,2.6067219,0.45499882,1.5758808,-0.4991427,-5.466465,1.7812423,-6.5549603,-0.6844343,0.33671114,-2.5955648,-2.2813125,-0.97196805,-2.6503513,0.59750354,-0.8716703
../data/train_data_mmini/5/Train_0022.jpg	5	-1.0,1.0,1.0,1.0,-1.0,1.0,-1.0,-1.0,1.0,1.0,1.0,1.0,-1.0,-1.0,1.0,-1.0,-1.0,1.0,-1.0,-1.0,-1.0,-1.0,1.0,-1.0	-1.6310676,2.3366106,0.5567389,1.6090026,-8.070991,5.311525,-0.4972122,-2.0408688,1.3616333,3.115672,0.49319047,1.2145542,-0.34632406,-5.628635,2.0748606,-6.2853556,-0.5667973,0.6198646,-2.4419754,-2.291289,-0.01994148,-2.177013,0.40802723,-0.67399985
../data/train_data_mmini/5/Train_0023.jpg	5	-1.0,1.0,1.0,1.0,-1.0,1.0,-1.0,-1.0,1.0,1.0,1.0,1.0,-1.0,-1.0,1.0,-1.0,-1.0,1.0,-1.0,-1.0,1.0,-1.0,1.0,-1.0	-1.5265975,2.3450344,0.7575185,1.5524321,-7.8954306,5.444448,-0.45613566,-2.0781775,1.5042319,3.0134714,0.3213486,1.2249714,-0.3449195,-5.549693,1.9254624,-6.1910443,-0.52365625,0.6933376,-2.392591,-2.2277412,0.10163182,-2.2535412,0.40014827,-0.4693154
../data/train_data_mmini/5/Train_0024.jpg	5	-1.0,1.0,1.0,1.0,-1.0,1.0,-1.0,-1.0,1.0,1.0,1.0,1.0,-1.0,-1.0,1.0,-1.0,-1.0,1.0,-1.0,-1.0,1.0,-1.0,1.0,-1.0	-1.6598313,2.2407532,0.38259348,1.6906638,-7.6706915,4.957196,-0.447464,-2.0678368,1.2076424,3.1010375,0.5699217,1.0847543,-0.3611626,-5.478386,2.1142745,-5.878423,-0.6743706,0.6125988,-2.1225965,-2.0070348,0.22615638,-1.8490336,0.27378452,-0.6724629
../data/train_data_mmini/6/Train_0025.jpg	6	-1.0,1.0,-1.0,1.0,-1.0,1.0,-1.0,-1.0,1.0,1.0,1.0,1.0,-1.0,-1.0,1.0,-1.0,-1.0,1.0,-1.0,-1.0,1.0,-1.0,-1.0,-1.0	-1.5040681,1.5469685,-0.13218999,1.511724,-5.266168,3.46922,-0.6337739,-1.8947414,0.3101705,2.6212714,0.7757481,0.38707706,-0.2480615,-4.4339795,1.7559289,-4.3121357,-0.24554898,0.4366519,-1.5424235,-1.3005182,1.0149009,-0.9880471,-0.091165446,-0.5832419
../data/train_data_mmini/6/Train_0026.jpg	6	-1.0,1.0,1.0,1.0,-1.0,1.0,-1.0,-1.0,1.0,1.0,-1.0,1.0,-1.0,-1.0,1.0,-1.0,-1.0,1.0,-1.0,-1.0,-1.0,-1.0,1.0,1.0	-1.519655,2.5948658,1.5136521,0.69528586,-7.5476475,6.066306,-0.13600652,-1.6800523,3.119331,1.9262751,-0.8639329,1.0571042,-0.2760004,-5.5501246,0.018713478,-6.4447956,-0.4412426,0.9819544,-2.0051916,-1.6524932,-0.5028417,-2.4383714,0.7977934,1.2166109
../data/train_data_mmini/6/Train_0027.jpg	6	-1.0,1.0,1.0,1.0,-1.0,1.0,-1.0,-1.0,1.0,1.0,-1.0,1.0,-1.0,-1.0,1.0,-1.0,-1.0,1.0,-1.0,-1.0,-1.0,-1.0,1.0,-1.0	-1.1813608,1.6174988,0.6445606,0.8041898,-5.249201,3.7977567,-0.36209935,-1.5158336,1.3326967,1.8851416,-0.030599454,1.0009354,-0.005163655,-3.860102,0.84356093,-4.4885545,-0.3705484,0.56097245,-1.5895361,-1.7010695,-0.14341152,-1.7327448,0.43839058,-0.17522562
../data/train_data_mmini/6/Train_0028.jpg	6	-1.0,1.0,1.0,1.0,-1.0,1.0,-1.0,-1.0,1.0,1.0,-1.0,1.0,-1.0,-1.0,1.0,-1.0,-1.0,1.0,-1.0,-1.0,-1.0,-1.0,1.0,1.0	-1.2541697,1.8496481,0.8149332,0.62510306,-6.240765,4.6664467,-0.15086837,-1.2221543,2.2731879,1.5952424,-0.18389083,1.3578471,-0.22758983,-4.4751277,0.7138365,-5.2293158,-0.77812016,0.3899826,-1.7359132,-1.5303794,-1.0652789,-2.2109053,0.7093057,0.14310998
../data/train_data_mmini/6/Train_0029.jpg	6	-1.0,1.0,1.0,1.0,-1.0,1.0,-1.0,-1.0,1.0,1.0,1.0,1.0,-1.0,-1.0,1.0,-1.0,-1.0,1.0,-1.0,-1.0,1.0,-1.0,1.0,-1.0	-1.4089048,1.7810096,0.33323088,1.4032863,-5.9777484,4.404839,-0.81269264,-1.9434105,0.28758842,3.0421214,0.5189921,0.8704793,-0.3307191,-4.5254297,1.9057811,-4.702284,-0.23182344,0.4880161,-1.7288013,-1.6034285,0.6755757,-1.4204317,0.022862677,-0.6708635
../data/train_data_mmini/7/Train_0030.jpg	7	-1.0,1.0,1.0,1.0,-1.0,1.0,-1.0,-1.0,1.0,1.0,1.0,1.0,-1.0,-1.0,1.0,-1.0,-1.0,1.0,-1.0,-1.0,-1.0,-1.0,1.0,-1.0	-1.6274076,2.273954,0.74189806,1.4901824,-8.04945,5.4439473,-0.54732275,-2.0679495,1.7484953,2.9907608,0.3157811,1.3540441,-0.3033556,-5.413608,1.648985,-6.583234,-0.5895088,0.7182504,-2.5855277,-2.4642746,-0.27820107,-2.437665,0.51533854,-0.6542005
../data/train_data_mmini/7/Train_0031.jpg	7	-1.0,1.0,1.0,1.0,-1.0,1.0,-1.0,-1.0,1.0,1.0,1.0,1.0,-1.0,-1.0,1.0,-1.0,-1.0,1.0,-1.0,-1.0,-1.0,-1.0,1.0,-1.0	-1.7838906,2.3765535,0.39261758,1.4713006,-8.126707,5.210261,-0.36508685,-1.9420055,1.9487616,2.9252646,0.45380613,1.1017711,-0.16090338,-5.6540794,1.6266034,-6.56475,-0.75718784,0.5206883,-2.0650246,-2.366308,-0.44746688,-2.1127048,0.42070422,-0.6057548
../data/train_data_mmini/7/Train_0032.jpg	7	-1.0,1.0,1.0,1.0,-1.0,1.0,-1.0,-1.0,1.0,1.0,1.0,1.0,-1.0,-1.0,1.0,-1.0,-1.0,1.0,-1.0,-1.0,-1.0,-1.0,1.0,-1.0	-1.366884,1.4597805,0.1122588,0.92745286,-5.80499,3.7879639,-0.2290978,-1.1033576,1.4970547,1.6420211,0.4592949,1.2443568,-0.18139012,-4.082873,1.22969,-4.907749,-0.6554742,0.01545982,-1.8677913,-1.6431189,-1.1321493,-2.0401638,0.4578769,-0.7805374
../data/train_data_mmini/7/Train_0033.jpg	7	-1.0,1.0,1.0,1.0,-1.0,1.0,-1.0,-1.0,1.0,1.0,1.0,1.0,-1.0,-1.0,1.0,-1.0,-1.0,1.0,-1.0,-1.0,1.0,-1.0,1.0,-1.0	-1.3195603,2.3571692,1.1495723,1.3613861,-7.609863,5.236742,-0.5181471,-2.2404852,1.8027204,2.9384704,0.05284669,1.3438661,-0.035446957,-5.2841234,1.4931123,-5.82057,-0.6818811,0.8015944,-1.8714527,-2.1509724,0.40511116,-2.0431294,0.3837034,-0.044275317
../data/train_data_mmini/7/Train_0034.jpg	7	-1.0,1.0,1.0,1.0,-1.0,1.0,-1.0,-1.0,1.0,1.0,1.0,1.0,-1.0,-1.0,1.0,-1.0,-1.0,1.0,-1.0,-1.0,-1.0,-1.0,1.0,-1.0	-1.1361904,1.2403654,0.3531092,0.84031624,-4.7166066,3.078799,-0.18679394,-1.1421653,0.97831464,1.7692357,0.057341877,1.0161314,-0.1826746,-3.4746735,1.1188118,-3.9909518,-0.6391691,0.2976371,-1.1363051,-1.3738147,-0.40550822,-1.3783561,0.3689334,-0.42001593
../data/train_data_mmini/8/Train_0035.jpg	8	-1.0,1.0,-1.0,1.0,-1.0,1.0,-1.0,-1.0,1.0,1.0,1.0,1.0,-1.0,-1.0,1.0,-1.0,-1.0,1.0,-1.0,-1.0,-1.0,-1.0,1.0,-1.0	-1.7834522,2.1680503,-0.062207736,1.5749199,-7.4434767,4.646323,-0.5372177,-1.6486318,1.1342313,2.79486,0.7840888,1.2091008,-0.2815697,-5.3705544,2.1226788,-6.080694,-0.46256527,0.38882685,-2.3541858,-2.349713,-0.23454121,-2.2691474,0.24341853,-1.3650619
../data/train_data_mmini/8/Train_0036.jpg	8	-1.0,1.0,1.0,1.0,-1.0,1.0,-1.0,-1.0,1.0,1.0,1.0,1.0,-1.0,-1.0,1.0,-1.0,-1.0,1.0,-1.0,-1.0,1.0,-1.0,1.0,-1.0	-1.9331576,2.4284105,0.20213602,1.5586,-8.221788,4.960678,-0.3760488,-2.209024,1.7637861,3.2756085,0.6886441,1.1187588,-0.2488138,-6.1154203,1.9562865,-6.277575,-0.89360654,0.6134121,-1.8602223,-2.3441756,0.1406101,-2.1311781,0.3135874,-0.47971922
../data/train_data_mmini/8/Train_0037.jpg	8	-1.0,1.0,1.0,1.0,-1.0,1.0,-1.0,-1.0,1.0,1.0,-1.0,1.0,-1.0,-1.0,1.0,-1.0,-1.0,1.0,-1.0,-1.0,-1.0,-1.0,1.0,1.0	-1.6625473,2.2508054,0.98425853,1.0346214,-7.4772735,5.3097286,-0.20357752,-1.9088403,2.4045112,2.4629567,-0.19926162,1.2305781,-0.18727519,-5.267039,0.95848376,-6.264059,-0.75858754,0.68936837,-1.8940253,-1.9972613,-0.6548114,-2.065766,0.74867785,0.0006388108
../data/train_data_mmini/8/Train_0038.jpg	8	-1.0,1.0,1.0,1.0,-1.0,1.0,-1.0,-1.0,1.0,1.0,1.0,1.0,-1.0,-1.0,1.0,-1.0,-1.0,1.0,-1.0,-1.0,1.0,-1.0,1.0,-1.0	-1.5722631,2.0888052,0.25864795,1.4409134,-7.0604815,4.5922146,-0.6107534,-1.8452604,0.9239516,2.9466927,0.5542327,1.1054226,-0.30740407,-4.948088,1.9606663,-5.709227,-0.3783928,0.5844792,-2.1307824,-2.1635637,0.04608378,-2.0834007,0.31889012,-0.8647894
../data/train_data_mmini/8/Train_0039.jpg	8	-1.0,1.0,1.0,1.0,-1.0,1.0,-1.0,-1.0,1.0,1.0,1.0,1.0,-1.0,-1.0,1.0,-1.0,-1.0,1.0,-1.0,-1.0,-1.0,-1.0,1.0,-1.0	-1.827898,2.2451935,0.26070744,1.5911907,-7.5922446,4.8691854,-0.5416589,-1.8650558,1.1993243,2.978785,0.71121854,1.3988007,-0.3898549,-5.426863,2.3033133,-6.0062947,-0.712958,0.37903956,-2.1282697,-2.2719953,-0.2481471,-2.1713018,0.24563088,-1.1411939
../data/train_data_mmini/9/Train_0040.jpg	9	-1.0,1.0,1.0,1.0,-1.0,1.0,-1.0,-1.0,1.0,1.0,1.0,1.0,-1.0,-1.0,1.0,-1.0,-1.0,1.0,-1.0,-1.0,-1.0,-1.0,1.0,-1.0	-1.5705435,2.315137,0.75076246,1.545836,-8.15761,5.5391517,-0.52962714,-2.0164127,1.5594662,3.1023235,0.28052622,1.358672,-0.35033092,-5.568344,1.8919433,-6.3415174,-0.6176415,0.6805165,-2.3804026,-2.2539163,-0.27136853,-2.1855044,0.50492716,-0.51362747
../data/train_data_mmini/9/Train_0041.jpg	9	-1.0,1.0,1.0,1.0,-1.0,1.0,-1.0,-1.0,1.0,1.0,1.0,1.0,1.0,-1.0,1.0,-1.0,-1.0,1.0,-1.0,-1.0,1.0,-1.0,1.0,-1.0	-1.3116019,2.2001064,0.9856219,1.2412674,-6.822606,4.9216,-0.43336105,-2.1652646,1.6953038,2.6435034,0.105052255,1.2432112,0.050039098,-4.924415,1.3381168,-5.437417,-0.54997903,0.6686181,-1.6690812,-1.8225747,0.39092192,-1.6314267,0.37569705,-0.021886231
../data/train_data_mmini/9/Train_0042.jpg	9	-1.0,1.0,1.0,1.0,-1.0,1.0,-1.0,-1.0,1.0,1.0,1.0,1.0,-1.0,-1.0,1.0,-1.0,-1.0,1.0,-1.0,-1.0,-1.0,-1.0,1.0,-1.0	-1.3552694,1.8767645,0.56489885,1.27433,-6.5708866,4.481447,-0.4397634,-1.6565211,1.0989456,2.6654239,0.2979922,1.0192513,-0.28554177,-4.5037937,1.6578716,-5.0982656,-0.5397506,0.6379099,-1.8549693,-1.6531522,-0.15918398,-1.5641946,0.40106463,-0.31637448
../data/train_data_mmini/9/Train_0043.jpg	9	-1.0,1.0,1.0,1.0,-1.0,1.0,-1.0,-1.0,1.0,1.0,1.0,1.0,-1.0,-1.0,1.0,-1.0,-1.0,1.0,-1.0,-1.0,-1.0,-1.0,1.0,-1.0	-1.6632211,2.387392,0.6326694,1.4587204,-8.197772,5.514798,-0.49792302,-1.9829415,1.7444297,2.936169,0.42637116,1.4802428,-0.41504678,-5.753656,1.9250369,-6.41985,-0.6486788,0.6345651,-2.3712475,-2.30772,-0.27723005,-2.3976989,0.57062614,-0.69900745
../data/train_data_mmini/9/Train_0044.jpg	9	-1.0,1.0,1.0,1.0,-1.0,1.0,-1.0,-1.0,1.0,1.0,1.0,1.0,-1.0,-1.0,1.0,-1.0,-1.0,1.0,-1.0,-1.0,1.0,-1.0,1.0,-1.0	-1.5180614,1.9898564,0.45807955,1.5712622,-6.835362,4.7730155,-0.6240065,-2.0405648,0.8406791,2.9326708,0.63695294,1.035401,-0.32799634,-4.9491014,1.9968982,-5.4599533,-0.4610894,0.5425863,-2.1125517,-1.8520857,0.27314058,-1.7178383,0.20635916,-0.5720355
../data/train_data_mmini/10/Train_0045.jpg	10	-1.0,1.0,-1.0,1.0,-1.0,1.0,-1.0,-1.0,1.0,1.0,1.0,1.0,-1.0,-1.0,1.0,-1.0,-1.0,1.0,-1.0,-1.0,-1.0,-1.0,1.0,-1.0	-1.4578662,1.5570347,-0.23664625,1.257459,-5.4390917,3.0168192,-0.74080145,-1.4063673,0.24565922,2.3000793,0.95271486,0.8011962,-0.046447232,-3.9901183,1.7609184,-4.38012,-0.57521224,0.18513627,-1.2439237,-1.764946,-0.087216526,-1.2059559,0.21961407,-1.2047935
../data/train_data_mmini/10/Train_0046.jpg	10	-1.0,1.0,1.0,1.0,-1.0,1.0,-1.0,-1.0,1.0,1.0,-1.0,1.0,-1.0,-1.0,1.0,-1.0,-1.0,1.0,-1.0,-1.0,-1.0,-1.0,1.0,-1.0	-0.5802809,0.907166,0.41796854,0.7740956,-2.966126,2.5651648,-0.47090805,-0.6717586,0.38546646,1.3742071,-0.10826837,0.8481269,-0.20561697,-2.239806,0.88369864,-2.4884803,-0.12172605,0.21578223,-0.9805963,-0.88281363,-0.1490874,-1.3640387,0.16195247,-0.07291879
../data/train_data_mmini/10/Train_0047.jpg	10	-1.0,1.0,1.0,1.0,-1.0,1.0,-1.0,-1.0,1.0,1.0,1.0,1.0,-1.0,-1.0,1.0,-1.0,-1.0,1.0,-1.0,-1.0,-1.0,-1.0,1.0,-1.0	-1.9641483,1.9427534,0.0067626447,1.5624532,-7.1496434,4.4466114,-0.5754489,-1.7847244,0.9458202,2.9441683,0.8209896,1.1738833,-0.44920576,-5.395205,2.1036,-5.716434,-0.7513417,0.3873599,-1.7728081,-2.047942,-0.29809436,-1.8984624,0.37237018,-0.93617135
../data/train_data_mmini/10/Train_0048.jpg	10	-1.0,1.0,-1.0,1.0,-1.0,1.0,-1.0,-1.0,-1.0,1.0,1.0,1.0,1.0,-1.0,1.0,-1.0,-1.0,-1.0,-1.0,-1.0,1.0,-1.0,-1.0,-1.0	-1.9098544,1.8485405,-0.98829305,2.0957937,-5.5361233,3.096047,-0.9821314,-1.7718176,-1.1643239,3.482894,2.1798568,0.12237577,0.011189088,-4.5274296,3.2476087,-4.2746315,-0.3597391,-0.080853716,-1.3856331,-1.9189655,1.0421133,-0.6665168,-0.25028667,-2.330998
../data/train_data_mmini/10/Train_0049.jpg	10	-1.0,1.0,1.0,1.0,-1.0,1.0,-1.0,-1.0,1.0,1.0,1.0,1.0,-1.0,-1.0,1.0,-1.0,-1.0,1.0,-1.0,-1.0,-1.0,-1.0,1.0,-1.0	-1.68249,1.9898902,0.21543275,1.4398854,-6.9677076,4.6374693,-0.5108547,-1.6392285,1.1863657,2.5570974,0.46014556,1.2514004,-0.3136142,-5.0060496,1.8191886,-5.728854,-0.52281266,0.42654318,-2.0630722,-1.9849546,-0.30026242,-2.025142,0.37018946,-1.0239953
