../data/train_data_mmini/1/Train_0000.jpg	1	-1.0,-1.0,-1.0,1.0,-1.0,1.0,-1.0,1.0,-1.0,1.0,-1.0,-1.0,-1.0,1.0,1.0,1.0,1.0,1.0,1.0,-1.0,-1.0,1.0,1.0,-1.0	-0.09113349,-0.38243103,-1.5797333,2.1290405,-1.9943423,1.0658103,-2.001509,0.30077815,-0.20353879,2.0652094,-0.7373467,-1.6474082,-1.9676279,1.3947091,1.3399353,1.5370039,0.23314464,0.2541614,1.7651986,-0.47600657,-0.9661101,1.4149635,0.49256188,-0.20293193
../data/train_data_mmini/1/Train_0001.jpg	1	1.0,-1.0,-1.0,1.0,-1.0,-1.0,1.0,-1.0,1.0,-1.0,1.0,-1.0,1.0,1.0,-1.0,-1.0,-1.0,-1.0,1.0,-1.0,1.0,1.0,-1.0,-1.0	0.21966217,-4.77022,-4.4217815,0.9750967,-1.4281625,-0.56772494,0.8792485,-2.063854,0.17137103,-1.3585758,0.90355504,-0.15750058,0.17499766,0.46890685,-0.65058774,-0.73630357,-0.5827072,-2.1776793,1.3928928,-4.667993,1.1678983,0.84185857,-0.9849082,-4.0217752
../data/train_data_mmini/1/Train_0002.jpg	1	1.0,-1.0,-1.0,1.0,1.0,-1.0,-1.0,1.0,-1.0,1.0,-1.0,1.0,-1.0,1.0,1.0,1.0,1.0,-1.0,1.0,1.0,-1.0,1.0,-1.0,1.0	0.99393547,-1.5456023,-3.3068717,1.6720638,0.031532034,-2.3979685,-0.12707664,0.41002035,-4.1453834,3.900044,-1.0148548,1.9600784,-1.8254412,1.0563596,4.012275,2.0882874,1.2304659,-1.8519756,0.51987725,0.5560966,-2.9621994,0.15186237,-1.2652445,0.9255888
../data/train_data_mmini/1/Train_0003.jpg	1	-1.0,1.0,-1.0,1.0,-1.0,1.0,-1.0,-1.0,1.0,1.0,-1.0,-1.0,-1.0,1.0,-1.0,1.0,1.0,1.0,1.0,-1.0,1.0,1.0,-1.0,-1.0	-1.5172054,0.39531922,-0.9191705,2.203797,-4.2350073,2.0386295,-0.9472589,-1.051381,1.317493,1.2481288,-0.15921342,-1.2670333,-0.67498195,1.8132367,-1.9696063,0.122177966,1.4030898,1.0979245,2.2577033,-1.073748,0.19435146,0.32623023,-1.1708473,-1.0676917
../data/train_data_mmini/1/Train_0004.jpg	1	1.0,-1.0,-1.0,1.0,-1.0,1.0,-1.0,-1.0,1.0,1.0,1.0,-1.0,-1.0,1.0,1.0,1.0,-1.0,1.0,1.0,-1.0,1.0,1.0,-1.0,1.0	1.0442634,-0.33816987,-1.015879,1.2400389,-0.02572219,1.8086337,-2.2457664,-0.79058486,1.9407223,2.870907,0.05123752,-1.5570308,-2.610259,2.356424,3.8748522,2.5315473,-0.3332428,1.4351877,2.0677178,-0.11865001,0.40790394,0.6912933,-0.118773736,0.37650657
../data/train_data_mmini/2/Train_0005.jpg	2	-1.0,1.0,-1.0,1.0,1.0,1.0,1.0,-1.0,-1.0,1.0,1.0,-1.0,1.0,-1.0,1.0,-1.0,-1.0,-1.0,-1.0,-1.0,1.0,1.0,1.0,-1.0	-0.03485538,0.6718834,-2.0494459,0.6333745,1.0183083,0.6971658,1.1637876,-3.1972997,-1.6791275,0.8239819,2.9040954,-2.0175633,1.218149,-0.08282472,0.1263,-0.7475006,-1.2757672,-0.16307354,-0.33799765,-0.40387866,1.0720942,3.474458,0.17818378,-2.5888982
../data/train_data_mmini/2/Train_0006.jpg	2	1.0,1.0,-1.0,1.0,-1.0,1.0,1.0,1.0,-1.0,1.0,1.0,-1.0,-1.0,-1.0,-1.0,-1.0,1.0,-1.0,1.0,1.0,1.0,1.0,-1.0,-1.0	3.041083,2.3430228,-1.0100225,0.046053886,-0.61858237,1.7983527,1.0158935,1.1237165,-3.2215579,1.8376594,0.38508496,-0.17294206,-0.25155878,-0.49081457,-1.0399437,-1.8481396,0.25073427,-0.8227001,1.6569581,1.9038578,0.89433694,0.7567137,-0.49994147,-3.6925728
../data/train_data_mmini/2/Train_0007.jpg	2	-1.0,1.0,-1.0,1.0,-1.0,1.0,-1.0,1.0,1.0,-1.0,-1.0,-1.0,-1.0,1.0,1.0,1.0,1.0,1.0,-1.0,-1.0,-1.0,-1.0,1.0,1.0	-1.2540063,0.011535947,-0.1193769,0.8178798,-2.868847,1.7538053,-2.833945,1.45085,0.9138029,-0.22130266,-1.0380489,-2.2049994,-1.8207146,1.5688536,0.54799914,3.0339377,0.38772342,1.3463839,-1.6202418,-1.4047256,-1.6891842,-1.0015978,0.86670786,1.149322
../data/train_data_mmini/2/Train_0008.jpg	2	1.0,-1.0,-1.0,1.0,1.0,-1.0,1.0,-1.0,1.0,1.0,1.0,1.0,-1.0,1.0,1.0,1.0,-1.0,-1.0,1.0,-1.0,-1.0,1.0,1.0,-1.0	2.5077403,-1.3863381,-1.4774425,0.23630267,2.1995792,-2.1606462,0.2115174,-2.0355568,1.1066021,1.6406326,0.8276891,0.66851866,-0.1016698,2.0342846,2.671335,2.4245043,-0.6866463,-2.0040658,1.7070665,-0.4553103,-0.77169037,2.3570018,0.6607593,-0.09617425
../data/train_data_mmini/2/Train_0009.jpg	2	-1.0,1.0,1.0,1.0,-1.0,1.0,-1.0,-1.0,-1.0,1.0,1.0,1.0,1.0,-1.0,1.0,-1.0,-1.0,1.0,1.0,1.0,1.0,1.0,1.0,1.0	-2.1829107,0.9102757,0.20709085,0.092129685,-2.2046862,1.7138084,-0.9473932,-1.0071476,-0.39625382,0.5887218,0.7904276,0.87467575,0.9283292,-1.8347509,0.56524783,-2.1501539,-0.43927684,1.3233149,0.32257807,0.5151846,2.616076,0.524779,3.4124708,0.9238634
../data/train_data_mmini/3/Train_0010.jpg	3	-1.0,-1.0,-1.0,1.0,1.0,1.0,1.0,-1.0,1.0,-1.0,1.0,1.0,-1.0,1.0,1.0,-1.0,1.0,-1.0,1.0,-1.0,1.0,1.0,1.0,-1.0	-1.0054181,-1.6978568,-0.6301678,0.23845354,0.7513457,0.87026536,0.16725528,-2.990076,2.2876897,-0.6890951,3.2532141,1.280017,-1.496784,0.10691393,0.06335957,-1.1906157,0.20011714,-0.33456355,2.1012805,-1.5670413,2.1616657,1.5974153,0.40562353,-4.117777
../data/train_data_mmini/3/Train_0011.jpg	3	1.0,-1.0,-1.0,1.0,1.0,-1.0,-1.0,-1.0,-1.0,1.0,1.0,1.0,-1.0,1.0,1.0,1.0,-1.0,-1.0,-1.0,-1.0,-1.0,1.0,-1.0,-1.0	0.72969306,-1.9444212,-3.7106247,2.142394,2.5077367,-2.0416985,-0.39823487,-0.67824507,-2.4653277,3.5044146,0.117858924,0.31538486,-1.1458843,0.8119464,3.4190571,0.06042388,-2.290991,-0.89558834,-0.07307179,-1.8979669,-2.3521519,1.2872716,-0.026392508,-0.7925777
../data/train_data_mmini/3/Train_0012.jpg	3	-1.0,-1.0,-1.0,1.0,-1.0,1.0,1.0,-1.0,-1.0,1.0,-1.0,-1.0,1.0,1.0,1.0,-1.0,-1.0,-1.0,1.0,-1.0,-1.0,1.0,-1.0,1.0	-0.26603818,-3.2214625,-3.0000021,1.7217653,-0.2873884,0.9231308,0.38649598,-2.5865655,-2.0358772,2.311473,-0.4203118,-0.91774833,0.7460933,0.1783776,1.5953887,-0.39844674,-1.7421327,-0.41428444,1.4274924,-0.13486524,-0.49254134,0.9925031,-1.3052397,0.7856069
../data/train_data_mmini/3/Train_0013.jpg	3	1.0,-1.0,-1.0,-1.0,1.0,-1.0,1.0,-1.0,-1.0,1.0,1.0,1.0,1.0,1.0,1.0,1.0,1.0,-1.0,1.0,-1.0,1.0,1.0,-1.0,-1.0	2.2667527,-2.2592006,-2.7691867,-0.8224157,2.3119268,-0.41135216,1.5742999,-2.565959,-2.0927446,1.7600021,1.7370979,3.0937335,0.26531747,0.13110861,0.780513,0.35081193,1.1174728,-0.65856653,0.71660584,-0.87545514,1.1226493,1.3200207,-0.6894017,-1.6336215
../data/train_data_mmini/3/Train_0014.jpg	3	-1.0,1.0,-1.0,-1.0,1.0,-1.0,1.0,-1.0,-1.0,1.0,1.0,1.0,-1.0,-1.0,-1.0,-1.0,-1.0,1.0,-1.0,-1.0,1.0,1.0,-1.0,-1.0	-0.20521973,0.7011876,-1.6177664,-0.31523314,1.8520453,-1.0545088,0.47417852,-1.2242267,-1.080882,1.4795985,2.2150292,0.48621735,-2.1214707,-0.90136456,-0.33267465,-0.70537686,-0.5487146,1.027202,-0.8454475,-0.59133047,0.22784276,2.1577854,-0.44171336,-4.210053
../data/train_data_mmini/4/Train_0015.jpg	4	1.0,1.0,-1.0,1.0,1.0,-1.0,1.0,-1.0,-1.0,1.0,1.0,-1.0,-1.0,1.0,1.0,1.0,-1.0,-1.0,1.0,-1.0,-1.0,1.0,1.0,1.0	0.26941592,0.1542177,-0.93547094,2.2220685,0.4870368,-1.0971526,0.24048832,-0.12663867,-0.0090272315,1.7471367,1.0421981,-1.5108604,-0.2599681,0.112955526,0.8877191,2.6621397,-2.0789046,-2.1380622,0.4856576,-0.99339294,-1.0614775,2.0868914,0.91518545,0.9454694
../data/train_data_mmini/4/Train_0016.jpg	4	1.0,1.0,-1.0,1.0,-1.0,-1.0,1.0,-1.0,-1.0,1.0,1.0,1.0,-1.0,-1.0,1.0,-1.0,-1.0,-1.0,-1.0,-1.0,1.0,1.0,-1.0,-1.0	0.023671,0.18066224,-3.120972,1.4930558,-1.6331286,-1.5549847,1.3408513,-0.6504488,-1.0172724,3.763103,0.13415495,2.4672964,-1.9021387,-1.5591872,0.9418343,-0.057390407,-0.056990527,-1.7562003,-0.19181246,-2.4417107,1.8117934,1.7235099,-0.7555532,-0.81044173
../data/train_data_mmini/4/Train_0017.jpg	4	1.0,1.0,-1.0,1.0,-1.0,-1.0,1.0,1.0,-1.0,1.0,-1.0,1.0,-1.0,-1.0,1.0,-1.0,-1.0,-1.0,-1.0,-1.0,1.0,1.0,-1.0,-1.0	1.3061955,1.1651567,-1.7265733,1.8309298,-0.3732692,-0.19327725,1.0196527,1.2325906,-4.903318,4.257876,-0.40185764,1.0596819,-0.30686966,-2.1527069,0.36457112,-1.5386409,-0.07635128,-1.5665528,-0.26474416,-0.03554558,1.3938258,0.3092553,-0.35425788,-0.2357542
../data/train_data_mmini/4/Train_0018.jpg	4	-1.0,1.0,-1.0,-1.0,1.0,-1.0,-1.0,-1.0,-1.0,1.0,1.0,1.0,-1.0,-1.0,1.0,1.0,-1.0,1.0,-1.0,-1.0,1.0,1.0,1.0,-1.0	-0.7711377,0.54453224,-2.8129952,-0.25762317,1.6684785,-0.22304578,-1.4133655,-2.4218574,-0.57221353,0.9806697,2.3551893,0.46169046,-0.33553144,-0.045483172,0.9052201,2.4979239,-0.9768843,1.241765,-0.719019,-1.5026969,0.47042185,4.205932,0.7447158,-2.372908
../data/train_data_mmini/4/Train_0019.jpg	4	1.0,1.0,-1.0,-1.0,1.0,1.0,1.0,-1.0,-1.0,1.0,1.0,1.0,-1.0,1.0,-1.0,-1.0,1.0,1.0,1.0,1.0,-1.0,1.0,-1.0,-1.0	1.5684192,1.3528388,-2.1154702,-0.7541655,2.0880606,0.05079319,1.9103723,-0.39970306,-3.3201027,2.4678397,0.5193427,0.50953424,-0.36835116,0.17505069,-0.005357131,-0.80238575,1.5886772,0.55689394,1.1272361,2.5846808,-0.01787015,0.6991565,-2.5494812,-2.7466567
../data/train_data_mmini/5/Train_0020.jpg	5	1.0,-1.0,-1.0,1.0,-1.0,1.0,1.0,-1.0,1.0,1.0,-1.0,-1.0,-1.0,1.0,1.0,1.0,-1.0,1.0,-1.0,-1.0,-1.0,1.0,-1.0,-1.0	0.9363645,-1.5075852,-2.3035755,0.44960675,-2.67763,1.7340852,0.7943271,-1.6968222,0.41311476,0.83999354,-0.5295388,-1.7610043,-0.897524,0.57056326,0.6341386,0.5785088,-0.41117567,0.83020926,-1.0921838,-1.6866922,-0.42029294,0.2880917,-3.0858927,-0.28756657
../data/train_data_mmini/5/Train_0021.jpg	5	1.0,1.0,-1.0,1.0,1.0,1.0,-1.0,-1.0,-1.0,1.0,1.0,-1.0,-1.0,1.0,-1.0,1.0,-1.0,1.0,1.0,-1.0,-1.0,1.0,-1.0,1.0	0.61374474,1.8052099,-0.65204346,0.62076944,1.735564,1.8022907,-0.65398705,-0.7998837,-0.117692694,2.1445947,1.8890425,-0.13048843,-0.59104395,1.7153677,-0.48481795,2.2220051,-2.7873194,1.2963172,0.070182696,-0.1929728,-1.4348315,0.8979052,-0.24647982,0.664328
../data/train_data_mmini/5/Train_0022.jpg	5	1.0,-1.0,1.0,-1.0,-1.0,1.0,1.0,-1.0,1.0,-1.0,1.0,-1.0,1.0,1.0,-1.0,1.0,1.0,-1.0,-1.0,-1.0,-1.0,-1.0,1.0,-1.0	0.37826928,-1.4113005,0.42585883,-0.6816972,-1.8969427,0.6183726,0.99236727,-0.057544846,1.0864333,-1.6532859,0.3746038,-1.8762027,0.9306016,0.74131536,-0.43419012,0.27944997,0.75046116,-0.6353937,-0.6503205,-0.6687552,-0.64497226,-1.1319629,0.67442304,-0.7457428
../data/train_data_mmini/5/Train_0023.jpg	5	1.0,1.0,-1.0,1.0,-1.0,1.0,-1.0,-1.0,1.0,-1.0,1.0,-1.0,-1.0,1.0,-1.0,1.0,1.0,1.0,1.0,-1.0,1.0,1.0,-1.0,-1.0	0.5453165,0.6361748,-1.6918838,0.79797244,-4.532465,3.0613637,-0.71630585,-0.7680439,1.7473787,-0.0772404,0.73345673,-2.1225595,-0.4087163,1.6443619,-0.7149559,1.3771783,0.27366495,1.0876864,0.8959333,-1.7980325,0.46561202,0.26679602,-0.8406687,-0.23774639
../data/train_data_mmini/5/Train_0024.jpg	5	-1.0,-1.0,-1.0,1.0,-1.0,1.0,-1.0,-1.0,1.0,1.0,1.0,-1.0,-1.0,1.0,1.0,1.0,-1.0,1.0,1.0,-1.0,-1.0,1.0,1.0,1.0	-0.6622919,-0.1977204,-0.7984448,2.0134132,-1.1121532,3.540771,-2.18644,-1.4433272,0.0464891,1.0871823,0.98635805,-2.5068846,-0.7135931,1.952535,1.8248237,1.6912191,-1.3531976,0.99931914,0.27180403,-0.45530745,-0.6062094,1.0085392,1.6096938,1.4140389
../data/train_data_mmini/6/Train_0025.jpg	6	-1.0,1.0,-1.0,1.0,-1.0,1.0,1.0,-1.0,-1.0,1.0,1.0,1.0,-1.0,-1.0,1.0,-1.0,-1.0,1.0,-1.0,1.0,1.0,1.0,1.0,-1.0	-2.3268237,0.24172074,-0.39970714,0.15575713,-0.059992637,0.6758381,0.76562387,-0.29335514,-2.285967,2.8364928,0.59152174,0.37668952,-3.9137452,-0.898657,0.05150412,-2.7993114,-0.62072974,2.893135,-0.029449854,1.1831908,0.7800858,1.9694419,0.17224996,-4.8430734
../data/train_data_mmini/6/Train_0026.jpg	6	-1.0,1.0,-1.0,1.0,-1.0,1.0,-1.0,-1.0,1.0,-1.0,1.0,-1.0,-1.0,1.0,1.0,-1.0,1.0,1.0,1.0,-1.0,1.0,1.0,1.0,-1.0	-3.3974457,0.68314785,-1.2282503,1.3198375,-2.4911132,0.0993749,-2.3788383,-1.6577644,2.0530705,-0.3711647,1.1076769,-0.6198613,-1.8129842,0.8819416,0.16161151,-0.75254714,0.40234032,0.7887748,0.86980456,-2.4098275,1.7951287,1.7218004,1.8849516,-3.5569816
../data/train_data_mmini/6/Train_0027.jpg	6	-1.0,-1.0,-1.0,1.0,-1.0,-1.0,1.0,-1.0,1.0,1.0,1.0,1.0,-1.0,-1.0,1.0,-1.0,-1.0,-1.0,1.0,-1.0,1.0,1.0,1.0,-1.0	-0.78243697,-0.65857375,-1.6874778,0.19275746,-0.49153605,-1.0201524,0.6503341,-1.6677151,0.44085127,0.84394735,1.4356418,2.6269615,-2.9227965,-2.8608506,1.6845558,-2.247947,-1.5883611,-0.34879783,0.23364604,-1.1505691,1.9924104,1.4824929,0.29696155,-2.91481
../data/train_data_mmini/6/Train_0028.jpg	6	1.0,-1.0,-1.0,1.0,1.0,-1.0,-1.0,-1.0,-1.0,1.0,1.0,1.0,-1.0,1.0,1.0,1.0,1.0,-1.0,-1.0,-1.0,-1.0,-1.0,-1.0,1.0	2.4860125,-1.7881106,-1.2143738,0.9914636,0.704939,-0.7862597,-0.5319215,-0.37425643,-0.8334065,2.653079,0.86509323,1.3135257,-3.4279718,1.3207716,4.5963817,3.0415363,0.41545853,-1.0575671,-2.0574765,-1.7997222,-1.7097799,-1.0440254,-0.4750404,0.014516673
../data/train_data_mmini/6/Train_0029.jpg	6	-1.0,1.0,-1.0,-1.0,1.0,1.0,-1.0,-1.0,-1.0,1.0,1.0,1.0,1.0,-1.0,-1.0,-1.0,1.0,1.0,1.0,1.0,1.0,1.0,1.0,1.0	-3.1469104,0.9182191,-0.1823861,-0.33017424,0.7686879,0.91144663,-2.0463452,-1.8763281,-2.510693,3.6423905,0.24912429,4.8654,1.5116966,-1.1075732,-0.33588004,-1.5308245,2.575929,1.7366422,3.5958917,2.4886937,3.3084643,2.8620589,2.4050813,0.17432085
../data/train_data_mmini/7/Train_0030.jpg	7	-1.0,1.0,-1.0,1.0,-1.0,1.0,-1.0,1.0,-1.0,1.0,-1.0,-1.0,1.0,-1.0,-1.0,-1.0,-1.0,1.0,-1.0,1.0,1.0,1.0,1.0,-1.0	-2.4936097,0.478924,-1.0267453,0.99047744,-2.019777,0.7446601,-0.073433734,0.6478752,-1.9519616,1.7503977,-1.3440013,-0.52339214,0.44691446,-2.8883603,-1.1308887,-1.8451438,-0.36813667,0.95064694,-0.4532046,0.43442944,1.7617286,1.4191822,1.3722605,-0.70676863
../data/train_data_mmini/7/Train_0031.jpg	7	1.0,-1.0,-1.0,-1.0,-1.0,-1.0,1.0,-1.0,-1.0,1.0,1.0,1.0,1.0,-1.0,1.0,-1.0,-1.0,-1.0,1.0,1.0,1.0,1.0,1.0,-1.0	0.3288195,-0.5034957,-0.93540156,-0.028541295,-1.2152547,-0.29430312,0.5927377,-3.8045807,-0.6551438,1.34967,1.1662927,1.5985954,1.0314597,-1.7022833,1.711886,-1.8790908,-0.3442804,-1.0194803,0.39278334,0.7646764,1.776885,2.7601757,1.5854857,-1.0856555
../data/train_data_mmini/7/Train_0032.jpg	7	1.0,-1.0,-1.0,1.0,1.0,-1.0,1.0,-1.0,-1.0,1.0,1.0,1.0,-1.0,-1.0,1.0,-1.0,-1.0,-1.0,-1.0,-1.0,-1.0,1.0,1.0,-1.0	0.4804018,-0.08132358,-1.8700899,0.92781013,3.440597,-2.1600125,1.0471656,-3.7612727,-0.5271335,2.4408464,2.145164,1.9996287,-1.3283638,-0.91008896,2.938162,-1.2611028,-2.9819682,-0.63272506,-0.5985827,-1.3239495,-0.9776808,2.2348619,0.026509743,-0.16037254
../data/train_data_mmini/7/Train_0033.jpg	7	-1.0,-1.0,-1.0,1.0,-1.0,1.0,-1.0,-1.0,-1.0,1.0,1.0,-1.0,1.0,-1.0,1.0,-1.0,-1.0,1.0,1.0,1.0,1.0,1.0,1.0,-1.0	-0.89998597,-0.8256479,-1.4636997,1.0950075,-2.5289392,2.982717,-1.6695526,-2.0148075,-2.5542948,1.1972078,0.11291176,-1.356823,0.083584026,-0.36560598,1.3133069,-2.0655348,-0.117879055,0.90124595,0.6372063,0.06598311,1.443829,0.72628397,1.0199568,-1.0941517
../data/train_data_mmini/7/Train_0034.jpg	7	1.0,-1.0,-1.0,1.0,1.0,1.0,-1.0,-1.0,-1.0,1.0,1.0,1.0,-1.0,1.0,1.0,1.0,-1.0,1.0,-1.0,-1.0,-1.0,1.0,-1.0,-1.0	0.53650516,-0.6460971,-1.6228569,0.4261278,2.8154671,0.14837904,-0.36784706,-3.1977751,-0.47374865,1.4773037,2.7532673,1.3206024,-2.9507816,0.8077617,2.74839,0.5274887,-2.0444202,0.94664866,-0.4298876,-1.8133749,-1.3251506,0.72183263,-1.0525545,-1.8584249
../data/train_data_mmini/8/Train_0035.jpg	8	-1.0,-1.0,-1.0,-1.0,1.0,1.0,1.0,-1.0,-1.0,-1.0,1.0,-1.0,1.0,-1.0,-1.0,-1.0,-1.0,-1.0,-1.0,-1.0,1.0,1.0,1.0,-1.0	-1.6704973,-2.1904836,-0.063345626,-0.15858608,0.88319427,1.8476763,0.7061549,-0.16322722,-2.2402673,-2.7098348,4.0418296,-0.11534661,1.7631887,-1.8404964,-1.5819621,-1.7445798,-1.3528849,-0.25606087,-0.44589373,-0.8685431,1.7799636,0.94729125,3.8216474,-1.4853137
../data/train_data_mmini/8/Train_0036.jpg	8	-1.0,1.0,1.0,1.0,-1.0,1.0,-1.0,-1.0,-1.0,1.0,1.0,-1.0,-1.0,-1.0,1.0,-1.0,1.0,1.0,-1.0,1.0,1.0,1.0,1.0,-1.0	-1.1396397,0.106220655,0.6497337,0.2223142,-1.3192074,0.36739764,-0.29856053,-0.49230784,-4.144939,0.8311876,0.8292865,-0.4365965,-1.1897551,-2.6148555,1.0472833,-0.7089146,0.7823319,0.2735876,-2.976304,0.7277933,0.6097326,1.4031222,3.3208718,-1.2576286
../data/train_data_mmini/8/Train_0037.jpg	8	-1.0,-1.0,-1.0,1.0,1.0,1.0,-1.0,-1.0,-1.0,1.0,1.0,1.0,-1.0,-1.0,1.0,-1.0,-1.0,-1.0,-1.0,-1.0,1.0,-1.0,1.0,1.0	-0.52474225,-0.20142262,-1.1556891,1.8643088,0.17264578,1.5118512,-1.4221625,-2.0178328,-0.19743295,2.8458705,1.6396528,0.46017426,-0.30335668,-0.4428323,2.041612,-0.6969478,-2.432102,-0.47175258,-1.8299048,-3.265859,0.44065034,-0.022345522,1.6677928,1.1046269
../data/train_data_mmini/8/Train_0038.jpg	8	-1.0,-1.0,-1.0,-1.0,-1.0,-1.0,1.0,-1.0,1.0,-1.0,1.0,1.0,1.0,-1.0,1.0,-1.0,1.0,-1.0,1.0,1.0,1.0,1.0,1.0,-1.0	-0.8020997,-2.4978065,-0.52254504,-0.70107406,-1.9567219,-2.4208782,2.4373775,-2.3918245,0.016790848,-1.9361162,2.154024,2.6482222,1.4498125,-0.9444327,0.1898506,-2.4598298,0.45516422,-2.3852859,1.0088862,0.11232895,0.8465121,0.5952537,2.5714846,-1.0016329
../data/train_data_mmini/8/Train_0039.jpg	8	1.0,-1.0,-1.0,1.0,1.0,1.0,1.0,1.0,-1.0,-1.0,1.0,-1.0,1.0,-1.0,1.0,-1.0,-1.0,1.0,-1.0,-1.0,1.0,-1.0,1.0,1.0	0.09735544,-3.0655372,-0.9930891,0.5057576,2.0655277,3.29616,0.4749696,0.23082308,-5.627504,-0.1765782,2.848241,-0.059431206,1.0006027,-1.9632242,0.45649198,-2.5908678,-0.7214285,0.571804,-0.33862782,-0.11323091,0.8641923,-0.17917407,3.4896395,0.65717083
../data/train_data_mmini/9/Train_0040.jpg	9	-1.0,-1.0,1.0,1.0,1.0,1.0,-1.0,1.0,-1.0,1.0,1.0,-1.0,-1.0,1.0,1.0,1.0,-1.0,1.0,1.0,-1.0,-1.0,1.0,1.0,1.0	-1.3164039,-0.43715435,0.03213044,2.3662455,1.7992525,1.3025986,-2.5250723,0.82554674,-0.509567,3.133806,0.01783118,-1.6510766,-1.3414457,0.71247375,0.6472121,3.2192357,-1.4004402,0.5659296,0.697095,-0.7612667,-1.3230045,0.837683,1.2536781,1.7497643
../data/train_data_mmini/9/Train_0041.jpg	9	1.0,-1.0,-1.0,-1.0,1.0,1.0,1.0,-1.0,-1.0,1.0,1.0,1.0,-1.0,-1.0,1.0,-1.0,-1.0,1.0,-1.0,-1.0,-1.0,1.0,-1.0,-1.0	1.2814554,-2.937938,-3.979708,-0.48184878,0.31116897,0.6199462,0.6352136,-3.4915261,-1.8391901,0.24937233,1.1647635,1.4534636,-0.7522347,-0.43405983,2.1600053,-0.36540887,-0.98673683,0.435501,-0.46476042,-1.6919395,-0.48612937,1.3887125,-1.3535299,-2.8403876
../data/train_data_mmini/9/Train_0042.jpg	9	1.0,-1.0,-1.0,1.0,1.0,-1.0,-1.0,-1.0,-1.0,1.0,1.0,-1.0,-1.0,1.0,1.0,1.0,-1.0,-1.0,1.0,-1.0,-1.0,1.0,-1.0,1.0	0.7412981,-1.7304131,-2.8310359,2.882914,2.3827524,-0.22270848,-0.55441105,-1.1460646,-0.50531626,3.7600288,0.7468137,-0.44599798,-0.4510565,1.4826323,1.895522,3.396713,-2.5411012,-1.220064,1.265361,-2.516592,-1.6472785,1.9630656,-0.5893066,0.5551871
../data/train_data_mmini/9/Train_0043.jpg	9	1.0,-1.0,1.0,-1.0,1.0,1.0,-1.0,1.0,-1.0,1.0,1.0,-1.0,1.0,-1.0,-1.0,1.0,-1.0,1.0,-1.0,-1.0,-1.0,-1.0,1.0,-1.0	1.3227551,-0.3839175,0.19398428,-0.44795108,1.519278,2.356327,-0.28234753,1.8483618,-1.8033978,0.24353608,1.1986564,-2.2720408,0.09691071,-0.5434596,-0.33057174,1.083851,-0.7779289,0.86590135,-2.5661874,-1.022811,-0.16858433,-0.50000596,1.02415,-0.18543787
../data/train_data_mmini/9/Train_0044.jpg	9	-1.0,-1.0,-1.0,1.0,1.0,1.0,1.0,-1.0,-1.0,1.0,1.0,1.0,1.0,-1.0,-1.0,-1.0,-1.0,-1.0,1.0,1.0,1.0,-1.0,-1.0,-1.0	-0.9362976,-2.238255,-0.8631333,1.8099381,0.6709639,1.1053311,0.62393165,-0.012415899,-3.228447,1.8949968,0.15538917,0.59476185,0.7549654,-1.440401,-0.8030525,-2.0734596,-0.7429481,-0.109125145,1.507591,0.039438553,0.64204067,-0.11243492,-0.26957184,-0.0729867
../data/train_data_mmini/10/Train_0045.jpg	10	1.0,-1.0,1.0,1.0,1.0,1.0,1.0,-1.0,-1.0,1.0,1.0,1.0,-1.0,-1.0,1.0,-1.0,-1.0,1.0,1.0,1.0,1.0,-1.0,1.0,1.0	0.14399208,-1.6954371,2.1775122,1.0884441,3.9264603,2.8461447,0.7980839,-2.249216,-2.6651604,2.352462,4.6198153,2.7942312,-3.3547342,-1.3070664,3.8900254,-3.0139792,-1.0930452,1.7383739,0.3066488,0.5028132,0.26994145,-1.7612848,2.7022486,1.308143
../data/train_data_mmini/10/Train_0046.jpg	10	-1.0,-1.0,-1.0,1.0,1.0,-1.0,1.0,1.0,-1.0,1.0,1.0,1.0,-1.0,-1.0,1.0,-1.0,-1.0,-1.0,1.0,-1.0,-1.0,-1.0,-1.0,1.0	-0.3912201,-1.3348998,-1.2456964,2.8655117,2.5175984,-0.1463483,0.62139386,0.83407027,-3.7563574,3.7517576,1.3508276,2.00567,-1.4134154,-0.710768,0.4910425,-3.0434904,-1.8063359,-0.8511241,1.145134,-1.3891228,-0.49099746,-1.6802069,-0.41548696,0.25552052
../data/train_data_mmini/10/Train_0047.jpg	10	1.0,1.0,1.0,1.0,1.0,1.0,1.0,-1.0,-1.0,1.0,1.0,1.0,-1.0,-1.0,1.0,-1.0,-1.0,1.0,-1.0,1.0,1.0,1.0,1.0,1.0	1.89937,0.54541445,0.9879417,0.7179343,3.443091,1.948904,0.37401226,-2.2223125,-3.1502793,2.4329233,4.0939612,0.9302752,-1.3131113,-0.12836017,2.5919683,-1.2344292,-1.1571789,1.0877179,-0.36938107,0.2036879,0.42570865,0.51705605,1.8586466,0.6907487
../data/train_data_mmini/10/Train_0048.jpg	10	-1.0,-1.0,-1.0,-1.0,1.0,1.0,1.0,-1.0,-1.0,-1.0,1.0,-1.0,1.0,-1.0,1.0,-1.0,-1.0,1.0,1.0,1.0,-1.0,1.0,1.0,-1.0	-1.9529314,-3.2770092,-0.7269817,-0.31953284,3.1559072,1.4354248,2.4279473,-2.4923103,-5.050702,-1.1989092,3.604215,-0.25793138,0.7910335,-1.2140338,0.93810916,-4.0455046,-0.7010671,1.688244,1.1924305,3.2821517,-0.93283474,0.30631867,1.7852529,-0.43979454
../data/train_data_mmini/10/Train_0049.jpg	10	-1.0,-1.0,1.0,1.0,1.0,1.0,-1.0,1.0,-1.0,1.0,1.0,1.0,-1.0,-1.0,1.0,-1.0,-1.0,1.0,-1.0,-1.0,1.0,-1.0,1.0,-1.0	-1.3358213,-1.7742692,0.3602014,0.8293861,2.760836,1.3155029,-0.4921455,1.8524802,-3.289011,0.38177302,2.9156342,0.92399573,-0.8955622,-2.1748226,0.21501735,-2.8187478,-1.2629635,1.1585335,-0.18545155,-1.346014,1.5515972,-0.7040411,4.652885,-0.22415401
