../data/train_data_mmini/1/Train_0000.jpg	1	-1.0,1.0,1.0,1.0,1.0,1.0,-1.0,1.0,-1.0,-1.0,1.0,-1.0,1.0,-1.0,1.0,1.0,1.0,-1.0,-1.0,1.0,-1.0,-1.0,-1.0,-1.0	-0.08915607,0.022526126,0.1435827,0.0924169,0.15324223,0.12417815,-0.062138934,0.13920344,-0.30002007,-0.096155815,0.016834585,-0.09628165,0.08978915,-0.1215977,0.14080723,0.38496014,0.06259603,-0.15215014,-0.0061251456,0.037731044,-0.04383618,-0.2790394,-0.042409487,-0.02260115
../data/train_data_mmini/1/Train_0001.jpg	1	-1.0,1.0,-1.0,-1.0,-1.0,1.0,-1.0,1.0,-1.0,-1.0,-1.0,-1.0,1.0,-1.0,1.0,1.0,-1.0,-1.0,-1.0,-1.0,-1.0,-1.0,-1.0,-1.0	-0.32832414,0.036997527,-0.09553141,-0.10340695,-0.06510345,0.043212865,-0.0010380242,0.31005058,-0.38113287,-0.2388447,-0.0835525,-0.29287782,0.17381446,-0.12917352,0.023391,0.51413625,-0.11782005,-0.34011576,-0.1602749,-0.08513461,-0.12639754,-0.36657342,-0.07545742,-0.013266979
../data/train_data_mmini/1/Train_0002.jpg	1	1.0,-1.0,1.0,1.0,1.0,-1.0,1.0,1.0,1.0,-1.0,1.0,1.0,1.0,-1.0,1.0,1.0,1.0,1.0,-1.0,1.0,1.0,1.0,-1.0,1.0	0.14481989,-0.15127422,0.07623538,0.19554703,0.2053128,-0.12628202,0.08879487,0.12662639,0.07858157,-0.15601377,0.095762126,0.09677178,0.0043255007,-0.12346655,0.15116638,0.041060682,0.13385159,0.026497792,-0.037715256,0.18267,0.20795737,0.004922079,-0.08294556,0.08152557
../data/train_data_mmini/1/Train_0003.jpg	1	-1.0,1.0,1.0,1.0,1.0,1.0,-1.0,1.0,-1.0,-1.0,1.0,-1.0,1.0,1.0,1.0,1.0,1.0,-1.0,1.0,1.0,-1.0,-1.0,-1.0,-1.0	-0.047500934,0.030136704,0.14666642,0.03267433,0.05947997,0.11798113,-0.092603415,0.16488194,-0.47830546,-0.2139569,0.04623452,-0.15653309,0.1745546,0.0070277583,0.15439849,0.61528385,0.02153647,-0.17822503,0.080375075,0.10224725,-0.09363494,-0.47389397,-0.10080903,-0.0067787343
../data/train_data_mmini/1/Train_0004.jpg	1	1.0,-1.0,1.0,1.0,1.0,-1.0,1.0,1.0,-1.0,-1.0,-1.0,1.0,1.0,1.0,1.0,1.0,1.0,1.0,-1.0,1.0,1.0,-1.0,-1.0,1.0	0.42381883,-0.0053140265,0.27658087,0.6022882,0.28737533,-0.02155415,0.07773978,0.09726733,-0.4009692,-0.18086438,-0.20036128,0.15218134,0.20155203,0.12133594,0.34946364,0.39415374,0.4797671,0.0015863096,-0.12913534,0.4556127,0.33166027,-0.4609332,-0.30291495,0.33717486
../data/train_data_mmini/2/Train_0005.jpg	2	-1.0,-1.0,1.0,-1.0,1.0,1.0,1.0,1.0,1.0,1.0,1.0,-1.0,1.0,1.0,1.0,1.0,-1.0,-1.0,-1.0,-1.0,-1.0,1.0,-1.0,1.0	-0.20295699,-0.17378424,0.15206328,-0.38792935,0.07701603,0.07522964,0.023731649,0.08932388,0.35258105,0.0010035539,0.22625783,-0.025497867,0.00803052,0.10266,0.020809589,0.018153252,-0.25191393,-0.15007341,-0.012554682,-0.14455055,-0.30491075,0.19287658,-0.23943362,0.024077494
../data/train_data_mmini/2/Train_0006.jpg	2	-1.0,1.0,-1.0,-1.0,-1.0,1.0,-1.0,1.0,1.0,1.0,1.0,-1.0,-1.0,-1.0,-1.0,-1.0,-1.0,1.0,1.0,-1.0,-1.0,1.0,1.0,-1.0	-0.810278,0.08023355,-0.28746372,-0.9653102,-0.65427405,0.14353894,-0.07057779,0.07052345,0.6999084,0.20849632,0.3245226,-0.40445817,-0.23994005,-0.17077968,-0.19765966,-0.5623968,-1.2884842,0.07020151,0.084212445,-0.868537,-0.71408486,0.6898064,0.2187658,-0.8065192
../data/train_data_mmini/2/Train_0007.jpg	2	1.0,-1.0,1.0,1.0,1.0,1.0,1.0,1.0,-1.0,-1.0,-1.0,1.0,1.0,1.0,1.0,1.0,1.0,1.0,1.0,1.0,1.0,-1.0,-1.0,1.0	0.5714699,-0.08095806,0.41645443,0.4892856,0.2438848,0.038171016,0.07224881,0.03434742,-0.3072233,-0.04328239,-0.17595744,0.32633302,0.15890734,0.18860887,0.34418315,0.2962508,0.66613877,0.15099677,0.029593948,0.6523474,0.38916183,-0.3366829,-0.21006432,0.48091626
../data/train_data_mmini/2/Train_0008.jpg	2	1.0,-1.0,-1.0,-1.0,-1.0,-1.0,1.0,-1.0,1.0,1.0,1.0,1.0,1.0,-1.0,1.0,-1.0,-1.0,1.0,1.0,1.0,1.0,1.0,1.0,-1.0	0.21007591,-0.45837677,-0.281103,-0.24488838,-0.26005068,-0.15237057,0.18312985,-0.126225,0.8160953,0.2712002,0.07006076,0.20038071,0.015403674,-0.15980105,0.1428825,-0.75526506,-0.0012540183,0.6113888,0.117771275,0.18875694,0.13915162,0.809321,0.14802502,-0.07047028
../data/train_data_mmini/2/Train_0009.jpg	2	-1.0,1.0,-1.0,-1.0,-1.0,1.0,-1.0,-1.0,-1.0,-1.0,1.0,-1.0,-1.0,-1.0,-1.0,1.0,-1.0,-1.0,1.0,-1.0,-1.0,-1.0,1.0,-1.0	-0.4523083,0.17742826,-0.2634803,-0.49687734,-0.29554453,0.04826671,-0.08172024,-0.012109222,-0.32189465,-0.058571048,0.23165059,-0.5082654,-0.03763954,-0.10947628,-0.22978024,0.68179244,-0.6271213,-0.4918744,0.16425747,-0.25698373,-0.60074306,-0.22587293,0.16731982,-0.37187433
../data/train_data_mmini/3/Train_0010.jpg	3	1.0,-1.0,-1.0,-1.0,-1.0,-1.0,1.0,-1.0,1.0,1.0,-1.0,-1.0,-1.0,-1.0,1.0,1.0,-1.0,1.0,1.0,1.0,1.0,1.0,1.0,-1.0	0.34004584,-0.28880864,-0.38629842,-0.009727435,-0.74584264,-0.656663,0.2771965,-0.39189264,0.19663964,0.5446759,-0.32113227,-0.17059977,-0.16696315,-0.094742,0.0027922622,0.0037433715,-0.12975101,0.26853165,0.43758616,0.62496674,0.05063815,0.5724266,0.07062199,-0.21220678
../data/train_data_mmini/3/Train_0011.jpg	3	1.0,-1.0,1.0,1.0,1.0,1.0,1.0,1.0,-1.0,-1.0,-1.0,1.0,1.0,1.0,1.0,1.0,1.0,-1.0,-1.0,1.0,1.0,-1.0,-1.0,1.0	0.60722035,-0.015985321,0.4031667,0.9149593,0.8655409,0.018246632,0.25049412,0.38848367,-0.4602778,-0.7697232,-0.42693096,0.46780863,0.19275557,0.1922187,0.57525474,0.5936299,1.1318719,-0.17559816,-0.42610464,0.50832087,0.98414284,-0.90898633,-0.43850088,0.85413396
../data/train_data_mmini/3/Train_0012.jpg	3	-1.0,1.0,1.0,1.0,1.0,1.0,-1.0,1.0,-1.0,-1.0,-1.0,-1.0,1.0,1.0,1.0,1.0,-1.0,-1.0,-1.0,-1.0,1.0,-1.0,1.0,1.0	-0.35449225,0.683623,0.089238524,0.48347056,0.44619447,0.6124319,-0.21002051,0.851976,-1.1682261,-0.7536092,-0.3503017,-0.14586784,0.37955883,0.095435835,0.35930172,0.85836977,-0.2167203,-0.51254827,-0.42480502,-0.53446823,0.30074787,-1.4018679,0.031397197,0.43727723
../data/train_data_mmini/3/Train_0013.jpg	3	-1.0,-1.0,-1.0,-1.0,-1.0,1.0,1.0,1.0,1.0,1.0,1.0,-1.0,-1.0,-1.0,1.0,-1.0,-1.0,1.0,-1.0,-1.0,-1.0,1.0,1.0,-1.0	-0.42412063,-0.15774746,-0.4410347,-0.47360685,-0.46887994,0.062533185,0.21773288,0.11393335,1.0738688,0.12614015,0.15607746,-0.03149383,-0.12939578,-0.20967254,0.0041490006,-1.1205813,-0.71390086,0.50719523,-0.22075076,-0.66724,-0.07636108,0.9647362,0.37461796,-0.3687999
../data/train_data_mmini/3/Train_0014.jpg	3	1.0,1.0,1.0,1.0,1.0,-1.0,1.0,1.0,1.0,-1.0,1.0,-1.0,-1.0,1.0,1.0,1.0,1.0,-1.0,1.0,1.0,-1.0,1.0,-1.0,1.0	0.115889214,4.5440538e-05,0.048786473,0.03727427,0.04317783,-0.027920121,0.08737453,0.003538,0.013948,-0.025227915,0.059880544,-0.08092278,-0.06973239,0.036708746,0.0672401,0.16243461,0.07317728,-0.23426133,0.05528368,0.16171393,-0.15565403,0.040598173,-0.12944603,0.061914183
../data/train_data_mmini/4/Train_0015.jpg	4	-1.0,1.0,1.0,-1.0,1.0,1.0,-1.0,1.0,1.0,-1.0,1.0,1.0,1.0,1.0,1.0,-1.0,-1.0,1.0,-1.0,-1.0,1.0,1.0,1.0,1.0	-0.12419496,0.081041895,0.30653378,-0.0079005305,0.27528083,0.35432407,-0.12090893,0.42201695,0.10429573,-0.12104183,0.013377443,0.2779746,0.19826107,0.06109931,0.10449504,-0.3393806,-0.1823343,0.1840875,-0.2523223,-0.22516397,0.31000373,0.07116665,0.15821047,0.38623363
../data/train_data_mmini/4/Train_0016.jpg	4	-1.0,-1.0,-1.0,-1.0,1.0,1.0,1.0,1.0,1.0,-1.0,1.0,-1.0,1.0,-1.0,1.0,1.0,1.0,-1.0,-1.0,-1.0,-1.0,-1.0,1.0,-1.0	-0.3206888,-0.09183606,-0.17410202,-0.19821209,0.06679081,0.055844408,0.0094394935,0.15886553,0.13195306,-0.23078883,0.060765266,-0.12814482,0.045671653,-0.14263707,0.15174422,0.28877866,0.14556865,-0.22734262,-0.022245817,-0.32035655,-0.1561284,-0.16509405,0.037734203,-0.033912364
../data/train_data_mmini/4/Train_0017.jpg	4	-1.0,1.0,-1.0,-1.0,-1.0,1.0,-1.0,1.0,1.0,-1.0,1.0,-1.0,-1.0,-1.0,-1.0,-1.0,-1.0,-1.0,-1.0,-1.0,-1.0,1.0,1.0,-1.0	-1.1905559,0.37745285,-0.49584103,-0.81420296,-0.23068103,0.20814523,-0.24245207,0.40613842,0.12579766,-0.16102941,0.19777682,-0.36613,-0.17557934,-0.23036593,-0.18856739,-0.15477328,-1.143186,-0.2905436,-0.21987085,-1.184069,-0.42873788,0.12325123,0.44123662,-0.5787642
../data/train_data_mmini/4/Train_0018.jpg	4	1.0,-1.0,1.0,-1.0,-1.0,-1.0,1.0,1.0,1.0,1.0,-1.0,-1.0,1.0,1.0,1.0,1.0,-1.0,-1.0,1.0,1.0,-1.0,1.0,-1.0,1.0	0.026112769,-0.094170876,0.12796238,-0.097588725,-0.006609342,-0.2479135,0.015338314,0.023152255,0.081821084,0.106977135,-0.061351724,-0.11246819,0.045965664,0.09296488,0.022246193,0.15260954,-0.15968242,-0.1475688,0.010487792,0.07248649,-0.19072233,0.218918,-0.3118358,0.03780203
../data/train_data_mmini/4/Train_0019.jpg	4	-1.0,-1.0,-1.0,-1.0,-1.0,1.0,1.0,1.0,1.0,-1.0,1.0,-1.0,1.0,-1.0,1.0,-1.0,-1.0,1.0,-1.0,-1.0,-1.0,1.0,1.0,-1.0	-0.31217667,-0.27692932,-0.25929934,-0.7230893,-0.47834283,0.17641447,0.24658011,0.080419205,1.2325728,-0.12734021,0.5574274,-0.18271013,0.005657143,-0.10753148,0.039155617,-0.88945913,-0.88593876,0.37602052,-0.11477701,-0.50909615,-0.3096686,0.75300384,0.08486975,-0.45597407
../data/train_data_mmini/5/Train_0020.jpg	5	1.0,-1.0,1.0,1.0,-1.0,1.0,1.0,1.0,-1.0,-1.0,-1.0,-1.0,1.0,1.0,1.0,1.0,1.0,-1.0,1.0,1.0,-1.0,-1.0,-1.0,1.0	0.07320707,-0.02790546,0.14530756,0.079425976,-0.010670281,0.016564256,0.0022213426,0.03504576,-0.2731246,-0.02353848,-0.008923181,-0.11400032,0.10460425,0.050948765,0.2084234,0.4359125,0.102286786,-0.19416855,0.038754866,0.18716237,-0.08630424,-0.30203915,-0.11324847,0.07777752
../data/train_data_mmini/5/Train_0021.jpg	5	1.0,1.0,1.0,1.0,1.0,1.0,-1.0,1.0,1.0,-1.0,1.0,1.0,1.0,1.0,1.0,-1.0,-1.0,1.0,-1.0,1.0,1.0,1.0,-1.0,1.0	0.042123523,0.074327685,0.37927622,0.0943527,0.32235503,0.2917066,-0.02809511,0.12215692,0.10145463,-0.09347951,0.10143323,0.2577343,0.05032469,0.068200074,0.09861252,-0.03646096,-0.0934553,0.006060294,-0.11641149,0.079900265,0.15141635,0.050341737,-0.09052653,0.27394143
../data/train_data_mmini/5/Train_0022.jpg	5	1.0,-1.0,-1.0,1.0,-1.0,1.0,1.0,1.0,1.0,1.0,1.0,1.0,1.0,-1.0,1.0,1.0,1.0,1.0,1.0,1.0,-1.0,-1.0,1.0,1.0	0.10295582,-0.10057665,-0.024874998,0.040737655,-0.13426238,0.022686223,0.11417611,0.060725104,0.07939097,0.089848004,0.10549439,0.0012260166,0.08919591,-0.09299718,0.12460058,0.059732825,0.13805665,0.033629213,0.027521603,0.13127579,-0.07849314,-0.07714513,0.01575915,0.032957982
../data/train_data_mmini/5/Train_0023.jpg	5	1.0,1.0,1.0,1.0,1.0,1.0,-1.0,-1.0,-1.0,1.0,-1.0,-1.0,1.0,1.0,1.0,1.0,-1.0,-1.0,1.0,1.0,-1.0,-1.0,-1.0,1.0	0.16473497,0.096195914,0.338493,0.04103037,0.015832476,0.114482395,-0.010013379,-0.032762963,-0.45959234,0.02701959,-0.03758238,-0.15806949,0.05096408,0.13637245,0.14863992,0.53388757,-0.022556074,-0.25386032,0.17069902,0.30829147,-0.20827112,-0.3897942,-0.14417452,0.034280654
../data/train_data_mmini/5/Train_0024.jpg	5	1.0,1.0,1.0,1.0,1.0,1.0,-1.0,-1.0,-1.0,-1.0,-1.0,1.0,1.0,1.0,1.0,1.0,1.0,1.0,-1.0,1.0,1.0,-1.0,-1.0,1.0	0.7100504,0.23649874,0.71636695,0.9321649,0.67419773,0.11747362,-0.01270682,-0.01712437,-0.73638356,-0.2551104,-0.3290636,0.554888,0.3665501,0.4355378,0.42428526,0.5670259,0.5494292,0.06165968,-0.04254639,0.77536976,0.5430658,-0.5831617,-0.4406686,0.6082527
../data/train_data_mmini/6/Train_0025.jpg	6	1.0,-1.0,1.0,1.0,1.0,-1.0,1.0,1.0,-1.0,-1.0,-1.0,1.0,1.0,1.0,1.0,1.0,1.0,-1.0,-1.0,1.0,1.0,-1.0,-1.0,1.0	0.27160522,-0.113089874,0.018143391,0.439171,0.16703933,-0.012549402,0.11933021,0.084012516,-0.25190395,-0.35205826,-0.14404921,0.17037015,0.11770052,0.23426315,0.32065186,0.48392934,0.45223877,-0.13630696,-0.02102862,0.37209255,0.14904056,-0.5378992,-0.39043105,0.17191187
../data/train_data_mmini/6/Train_0026.jpg	6	-1.0,1.0,-1.0,-1.0,-1.0,-1.0,-1.0,1.0,-1.0,1.0,-1.0,-1.0,-1.0,-1.0,-1.0,1.0,-1.0,-1.0,1.0,-1.0,-1.0,-1.0,1.0,-1.0	-0.20379773,0.030445684,-0.08486817,-0.16207705,-0.167674,-0.1018605,-0.054804392,0.032527577,-0.42694545,0.038394943,-0.05964827,-0.23122907,-0.012864898,-0.1491175,-0.051997386,0.5158583,-0.21750878,-0.41005936,0.10807052,-0.024104437,-0.24227332,-0.20263503,0.062465597,-0.19904587
../data/train_data_mmini/6/Train_0027.jpg	6	1.0,-1.0,-1.0,-1.0,-1.0,-1.0,1.0,1.0,-1.0,-1.0,1.0,-1.0,-1.0,1.0,1.0,1.0,1.0,-1.0,1.0,1.0,-1.0,-1.0,-1.0,1.0	0.17909257,-0.05435059,-0.22287749,-0.1340078,-0.16560122,-0.33240238,0.1108451,0.17017424,-0.4306614,-0.28393018,0.04000946,-0.2840455,-0.030228887,0.07672793,0.12735686,0.9143159,0.22668685,-0.5023809,0.37936515,0.41940063,-0.25317705,-0.4935524,-0.37508258,0.14431725
../data/train_data_mmini/6/Train_0028.jpg	6	1.0,-1.0,1.0,1.0,1.0,-1.0,1.0,-1.0,1.0,-1.0,-1.0,1.0,1.0,1.0,1.0,1.0,1.0,1.0,-1.0,1.0,1.0,-1.0,-1.0,1.0	0.72921383,-0.2611135,0.29926887,0.6253359,0.4646495,-0.2992198,0.19169304,-0.09767917,0.10776205,-0.16202024,-0.19550753,0.45876524,0.05976325,0.14691071,0.47497907,0.09078206,0.9929436,0.31777877,-0.14362568,0.722618,0.6416499,-0.17717,-0.39266846,0.54294586
../data/train_data_mmini/6/Train_0029.jpg	6	-1.0,-1.0,-1.0,-1.0,-1.0,-1.0,1.0,-1.0,1.0,1.0,1.0,-1.0,-1.0,-1.0,-1.0,-1.0,-1.0,1.0,1.0,-1.0,-1.0,1.0,1.0,-1.0	-0.38704565,-0.0827143,-0.36026666,-0.3917226,-0.39260715,-0.027015481,0.056939036,-0.015223088,0.19893642,0.1533744,0.1166306,-0.2526746,-0.16758181,-0.20393765,-0.13486493,-0.18354852,-0.6458135,0.062927626,0.14910729,-0.33574265,-0.3466595,0.323377,0.23992763,-0.43334493
../data/train_data_mmini/7/Train_0030.jpg	7	-1.0,1.0,-1.0,-1.0,1.0,1.0,-1.0,1.0,1.0,-1.0,1.0,-1.0,-1.0,-1.0,-1.0,1.0,-1.0,-1.0,-1.0,-1.0,-1.0,-1.0,1.0,-1.0	-0.850903,0.12614468,-0.0038141173,-0.6807553,0.0216945,0.29466698,-0.17829198,0.4594764,0.1503521,-0.34491196,0.38531283,-0.38120407,-0.019449536,-0.13226971,-0.023086678,0.2877778,-0.51068443,-0.40057147,-0.11889154,-0.75367975,-0.49959862,-0.25231692,0.1126109,-0.18435165
../data/train_data_mmini/7/Train_0031.jpg	7	-1.0,1.0,-1.0,-1.0,-1.0,1.0,-1.0,1.0,-1.0,1.0,-1.0,-1.0,-1.0,-1.0,-1.0,1.0,-1.0,-1.0,-1.0,-1.0,-1.0,1.0,1.0,-1.0	-0.5270899,0.10799591,-0.34232965,-0.22821677,-0.3362365,0.035664596,-0.02750895,0.021194905,-0.08818269,0.30444476,-0.13584642,-0.178677,-0.12548846,-0.17142665,-0.040523056,0.008239983,-0.4459785,-0.20551644,-0.07996042,-0.58040214,-0.30673644,0.18475962,0.18569265,-0.4303084
../data/train_data_mmini/7/Train_0032.jpg	7	1.0,1.0,1.0,1.0,1.0,1.0,-1.0,1.0,-1.0,-1.0,-1.0,1.0,1.0,1.0,1.0,1.0,1.0,-1.0,-1.0,1.0,1.0,-1.0,-1.0,1.0	0.05739761,0.1467363,0.16172606,0.19746263,0.4592254,0.050666172,-0.015031487,0.1509459,-0.21770579,-0.31675428,-0.052317757,0.4504894,0.24125414,0.19489658,0.078956395,0.43786374,0.27297476,-0.17094776,-0.06675255,0.2525415,0.24800965,-0.24550685,-0.49756467,0.44653597
../data/train_data_mmini/7/Train_0033.jpg	7	-1.0,1.0,1.0,-1.0,1.0,-1.0,-1.0,-1.0,-1.0,-1.0,1.0,-1.0,1.0,1.0,1.0,1.0,-1.0,-1.0,1.0,1.0,-1.0,-1.0,-1.0,-1.0	-0.04322786,0.22230868,0.083592355,-0.16258058,0.06458066,-0.09374552,-0.16106871,-0.0107076,-0.68574554,-0.1342962,0.10703981,-0.18209831,0.1589904,0.15577848,0.059280004,0.9700349,-0.2431788,-0.46246275,0.22250424,0.13495612,-0.41108292,-0.48594058,-0.19326651,-0.024240227
../data/train_data_mmini/7/Train_0034.jpg	7	1.0,-1.0,1.0,1.0,1.0,-1.0,1.0,-1.0,-1.0,-1.0,-1.0,1.0,1.0,1.0,1.0,1.0,1.0,1.0,-1.0,1.0,1.0,-1.0,-1.0,1.0	1.6119153,-0.10005969,0.8849379,1.0697036,1.1708199,-0.3920755,0.3883361,-0.29958937,-0.6568748,-0.854231,-0.69252247,0.9868645,0.5959901,0.81113636,1.0445577,0.9423281,1.6972594,0.14679946,-0.13879636,1.6813663,1.5938988,-1.181963,-0.9181072,1.1943623
../data/train_data_mmini/8/Train_0035.jpg	8	-1.0,-1.0,-1.0,-1.0,-1.0,1.0,1.0,1.0,1.0,1.0,1.0,-1.0,-1.0,1.0,-1.0,1.0,-1.0,-1.0,1.0,-1.0,-1.0,1.0,-1.0,1.0	-0.10218338,-0.035377815,-0.06423449,-0.18406,-0.113143496,0.0518998,0.05861862,0.06945319,0.09537852,0.15523261,0.05497119,-0.10836065,-0.048926167,0.017735286,-0.03761549,0.057783976,-0.22830994,-0.083393246,0.044110253,-0.029590601,-0.21075018,0.15506229,-0.009430914,0.01246722
../data/train_data_mmini/8/Train_0036.jpg	8	-1.0,-1.0,-1.0,-1.0,-1.0,-1.0,1.0,1.0,-1.0,1.0,1.0,-1.0,-1.0,1.0,1.0,1.0,-1.0,-1.0,1.0,-1.0,-1.0,-1.0,-1.0,-1.0	-0.08268862,-0.0040393253,-0.10619082,-0.049868204,-0.08771159,-0.004634796,0.05200622,0.010695318,-0.015418624,0.062362812,0.025182785,-0.046291847,-0.021939509,0.013671679,0.07143869,0.17288421,-0.01893764,-0.19953895,0.0136014065,-0.0934712,-0.2448116,-0.04508422,-0.024614787,-0.054335073
../data/train_data_mmini/8/Train_0037.jpg	8	1.0,1.0,1.0,1.0,1.0,-1.0,1.0,1.0,-1.0,-1.0,-1.0,1.0,1.0,-1.0,1.0,1.0,1.0,-1.0,-1.0,1.0,1.0,-1.0,-1.0,1.0	0.14768326,0.0033394094,0.09309811,0.31509602,0.2648448,-0.008734027,0.05077051,0.07644562,-0.2483769,-0.13298406,-0.16264017,0.1958581,0.008201879,-0.0035999063,0.13309823,0.31172124,0.418647,-0.1485687,-0.11320005,0.2427341,0.33085907,-0.3186433,-0.100942865,0.36736807
../data/train_data_mmini/8/Train_0038.jpg	8	-1.0,-1.0,-1.0,-1.0,-1.0,1.0,1.0,1.0,1.0,1.0,1.0,1.0,-1.0,-1.0,1.0,-1.0,-1.0,1.0,-1.0,-1.0,-1.0,1.0,1.0,-1.0	-0.1233246,-0.20192286,-0.20272262,-0.14124432,-0.15807624,0.1362342,0.14120941,0.091193244,0.29358718,0.030919947,0.12034074,0.049959823,-0.049915645,-0.094574414,0.013293562,-0.1874188,-0.008196622,0.02416009,-0.0042519746,-0.10136518,-0.018532908,0.17306364,0.13447435,-0.0072837905
../data/train_data_mmini/8/Train_0039.jpg	8	-1.0,1.0,-1.0,-1.0,-1.0,1.0,-1.0,1.0,1.0,1.0,-1.0,-1.0,-1.0,-1.0,-1.0,1.0,-1.0,-1.0,-1.0,-1.0,-1.0,1.0,1.0,-1.0	-0.26852664,0.04905729,-0.10678229,-0.18486339,-0.00547685,0.12581651,-0.0041601094,0.14808604,0.006968329,0.11478597,-0.017867632,-0.15955241,-0.061132338,-0.009829821,-0.057336897,0.080951855,-0.28609324,-0.16017276,-0.06822501,-0.21393047,-0.23740226,0.05165542,0.081338,-0.029087825
../data/train_data_mmini/9/Train_0040.jpg	9	1.0,-1.0,1.0,1.0,1.0,1.0,1.0,1.0,1.0,1.0,1.0,1.0,1.0,1.0,1.0,-1.0,1.0,1.0,-1.0,1.0,1.0,-1.0,-1.0,1.0	0.27496207,-0.06348777,0.2555081,0.26192975,0.23655374,0.16473068,0.04677921,0.1848118,0.06913367,0.0078094434,0.01998715,0.30960953,0.136745,0.042485975,0.18870716,-0.066063836,0.29897854,0.20516342,-0.1725152,0.25419405,0.316271,-0.065846354,-0.03515142,0.33553582
../data/train_data_mmini/9/Train_0041.jpg	9	1.0,-1.0,-1.0,1.0,1.0,-1.0,1.0,-1.0,-1.0,-1.0,-1.0,-1.0,1.0,1.0,1.0,1.0,1.0,-1.0,-1.0,1.0,-1.0,-1.0,-1.0,1.0	0.24614505,-0.06717286,-0.124930926,0.37861723,0.036925446,-0.29192686,0.18723203,-0.07905016,-0.27929646,-0.08071061,-0.19112271,-0.042477682,0.019785387,0.16732919,0.17310707,0.4504894,0.3942646,-0.29345298,-0.03564821,0.39658344,-0.008023784,-0.2747482,-0.27338737,0.14783244
../data/train_data_mmini/9/Train_0042.jpg	9	1.0,1.0,1.0,1.0,1.0,1.0,1.0,1.0,-1.0,-1.0,-1.0,1.0,1.0,1.0,1.0,-1.0,1.0,1.0,-1.0,1.0,1.0,-1.0,-1.0,1.0	0.55967504,0.0068892217,0.35167393,0.71356237,0.509582,0.13462707,0.028546736,0.2808374,-0.0030789722,-0.034935325,-0.32496586,0.61014766,0.2615803,0.14655036,0.412025,-0.28441036,0.55501395,0.4144361,-0.29466072,0.4433078,0.7967381,-0.1239912,-0.08416682,0.57771766
../data/train_data_mmini/9/Train_0043.jpg	9	1.0,-1.0,1.0,-1.0,-1.0,-1.0,1.0,-1.0,1.0,1.0,1.0,-1.0,-1.0,-1.0,1.0,-1.0,-1.0,1.0,1.0,-1.0,-1.0,1.0,1.0,-1.0	0.014163785,-0.30379674,0.059663873,-0.37080672,-0.18440922,-0.032638047,0.1323678,-0.002974709,0.64141583,0.27471712,0.24318418,-0.06413997,-0.07996277,-0.043969378,0.021015579,-0.4325845,-0.28700572,0.20440923,0.04754102,-0.018823532,-0.1746056,0.46467522,0.09062175,-0.015010258
../data/train_data_mmini/9/Train_0044.jpg	9	-1.0,1.0,-1.0,-1.0,-1.0,1.0,-1.0,1.0,-1.0,1.0,1.0,-1.0,-1.0,-1.0,-1.0,-1.0,-1.0,-1.0,1.0,-1.0,-1.0,1.0,1.0,-1.0	-0.5353013,0.121160574,-0.06452594,-0.34583783,-0.25033844,0.20672995,-0.12036984,0.20183647,-0.09197211,0.11390162,0.11835772,-0.198509,-0.028767265,-0.18065247,-0.14486733,-0.03662265,-0.65649664,-0.13241477,0.058996793,-0.3758735,-0.23073794,0.07461607,0.23744278,-0.2601666
../data/train_data_mmini/10/Train_0045.jpg	10	-1.0,1.0,-1.0,-1.0,1.0,1.0,1.0,-1.0,1.0,1.0,-1.0,-1.0,-1.0,1.0,-1.0,1.0,-1.0,-1.0,1.0,1.0,-1.0,1.0,-1.0,-1.0	-0.07029126,0.07619481,-0.34155965,-0.082793415,0.022764565,0.111372076,0.02486554,-0.030732438,0.0615136,0.13668862,-0.13186416,-0.025253396,-0.13358213,0.2976756,-0.057579868,0.008877302,-0.040503256,-0.16299011,0.016150586,0.010577602,-0.1579696,0.10993675,-0.006579016,-0.0014399369
../data/train_data_mmini/10/Train_0046.jpg	10	1.0,-1.0,1.0,-1.0,1.0,-1.0,1.0,1.0,-1.0,-1.0,1.0,-1.0,-1.0,-1.0,-1.0,1.0,-1.0,-1.0,1.0,1.0,1.0,-1.0,-1.0,1.0	0.03796257,-0.09690732,0.0005450684,-0.04036652,0.111962646,-0.018962696,0.031769946,0.05810171,-0.039010312,-0.0488251,0.07115509,-0.10785923,-0.046155557,-0.05501516,-0.014104455,0.21915182,-0.025793783,-0.12499385,0.093673095,0.20027958,0.023541871,-0.060959887,-0.16243574,0.009243762
../data/train_data_mmini/10/Train_0047.jpg	10	1.0,-1.0,1.0,1.0,1.0,1.0,1.0,-1.0,1.0,1.0,-1.0,1.0,-1.0,1.0,1.0,-1.0,1.0,1.0,-1.0,1.0,1.0,1.0,-1.0,1.0	0.32235253,-0.25590038,0.03851603,0.24463402,0.17722464,0.064969905,0.20825411,-0.028241605,0.36117727,0.017329993,-0.06045751,0.41518766,-0.06372091,0.23092395,0.2560663,-0.27291656,0.39259169,0.12340266,-0.06347178,0.20217863,0.20763002,0.1938905,-0.22666271,0.2898253
../data/train_data_mmini/10/Train_0048.jpg	10	1.0,-1.0,-1.0,1.0,1.0,1.0,1.0,1.0,-1.0,-1.0,-1.0,1.0,1.0,1.0,1.0,1.0,1.0,-1.0,1.0,1.0,-1.0,-1.0,-1.0,1.0	0.13465086,-0.02538047,-0.06295433,0.23348697,0.07316362,0.15256006,0.14903004,0.18394612,-0.17373894,-0.15398248,-0.06404202,0.026098127,0.008429441,0.22503018,0.092983246,0.24864046,0.16686796,-0.20911913,0.004846084,0.065654024,-0.050854485,-0.33812776,-0.24147658,0.12434255
../data/train_data_mmini/10/Train_0049.jpg	10	1.0,-1.0,1.0,1.0,1.0,1.0,1.0,1.0,-1.0,1.0,-1.0,1.0,-1.0,1.0,1.0,1.0,1.0,1.0,1.0,1.0,1.0,1.0,-1.0,1.0	0.20338586,-0.029071711,0.05262085,0.13982715,0.096103676,0.040811088,0.09506074,0.011707544,-0.0003198584,0.115515195,-0.11435172,0.13812838,-0.045921482,0.16763383,0.089622095,0.06394908,0.13687283,0.012932769,0.0011141011,0.28235123,0.12266894,0.030698653,-0.10754012,0.20430712
