../data/train_data_mmini/1/Train_0000.jpg	1	-1.0,-1.0,-1.0,1.0,-1.0,-1.0,1.0,-1.0,1.0,1.0,1.0,1.0	-0.22490554,-0.9564036,-0.43937442,0.27880454,-0.41859442,-1.0062351,0.24145657,-1.19962,1.7173401,0.35256797,1.3503381,0.11899616
../data/train_data_mmini/1/Train_0001.jpg	1	-1.0,-1.0,-1.0,1.0,-1.0,1.0,1.0,1.0,-1.0,1.0,1.0,-1.0	-0.2853046,-0.78389883,-0.23733133,0.7186983,-0.24525668,0.26096335,0.7098677,0.13037246,-0.033654176,1.0349349,0.64304656,-0.3261592
../data/train_data_mmini/1/Train_0002.jpg	1	-1.0,1.0,1.0,1.0,-1.0,1.0,-1.0,1.0,1.0,1.0,1.0,-1.0	-0.31942663,0.7827748,0.30378252,1.1107007,-0.07749085,0.22527616,-0.18393947,1.3478094,0.007857658,0.8853804,0.64378947,-0.04454932
../data/train_data_mmini/1/Train_0003.jpg	1	-1.0,-1.0,-1.0,-1.0,-1.0,-1.0,1.0,-1.0,1.0,1.0,1.0,-1.0	-0.3823423,-1.6218522,-0.5987408,-0.09568195,-0.43103305,-0.8230947,0.84699064,-1.7016027,1.2894944,0.5987628,1.4129034,-0.24342974
../data/train_data_mmini/1/Train_0004.jpg	1	-1.0,-1.0,-1.0,1.0,1.0,-1.0,-1.0,-1.0,1.0,1.0,1.0,1.0	-0.19675122,-0.74196017,-0.24614784,0.3771801,0.07845323,-0.8208941,-0.01914148,-0.8988667,1.8669426,0.24135344,0.65571535,0.12729256
../data/train_data_mmini/2/Train_0005.jpg	2	1.0,-1.0,-1.0,1.0,-1.0,1.0,1.0,-1.0,-1.0,-1.0,-1.0,1.0	0.03227946,-0.4857301,-0.29383346,0.30652177,-0.5932068,0.5222305,0.85440147,-0.06637937,-0.9971243,-0.21363603,-0.16862474,0.004096833
../data/train_data_mmini/2/Train_0006.jpg	2	-1.0,1.0,-1.0,-1.0,1.0,1.0,-1.0,1.0,-1.0,-1.0,1.0,-1.0	-0.5231899,0.37278372,-0.74384195,-0.7955073,0.25591093,0.57256216,-0.5066868,0.5568436,-0.35497156,-1.006685,0.09326596,-0.2507727
../data/train_data_mmini/2/Train_0007.jpg	2	1.0,-1.0,-1.0,1.0,-1.0,-1.0,1.0,-1.0,1.0,1.0,1.0,1.0	0.20107673,-1.852464,-0.52474624,0.10002574,-0.55262417,-1.7474756,0.5817198,-2.3789084,2.4126527,0.30245283,1.449677,0.5720479
../data/train_data_mmini/2/Train_0008.jpg	2	1.0,1.0,1.0,1.0,1.0,-1.0,-1.0,1.0,1.0,-1.0,-1.0,1.0	0.27115694,0.3763547,0.12476078,0.85766166,0.36414927,-0.34444004,-0.6087445,0.46557915,0.7101365,-0.30498612,-0.08680921,0.5417223
../data/train_data_mmini/2/Train_0009.jpg	2	1.0,-1.0,-1.0,-1.0,-1.0,-1.0,1.0,-1.0,1.0,-1.0,1.0,1.0	0.047988072,-1.2978079,-0.81786156,-0.12615825,-0.78951746,-0.53949034,0.6446071,-1.7395549,0.516494,-0.25070563,1.1193298,0.10628365
../data/train_data_mmini/3/Train_0010.jpg	3	1.0,-1.0,1.0,1.0,1.0,1.0,1.0,1.0,-1.0,1.0,-1.0,-1.0	0.31128415,-0.8285453,0.011775885,0.49002594,0.39403123,0.5626874,0.31216475,0.7754981,-1.0727046,0.36886013,-0.9342256,-0.17365657
../data/train_data_mmini/3/Train_0011.jpg	3	-1.0,1.0,1.0,1.0,1.0,1.0,1.0,1.0,-1.0,1.0,1.0,-1.0	-0.2624135,0.85724604,1.2605653,2.591974,0.4780932,0.5146136,0.3325171,2.3116772,-0.537111,1.5914992,0.059698146,-0.41228995
../data/train_data_mmini/3/Train_0012.jpg	3	-1.0,1.0,-1.0,1.0,1.0,1.0,1.0,1.0,-1.0,1.0,1.0,-1.0	-1.0501199,0.27758026,-0.27609286,0.65896547,0.104689285,1.0975271,0.7313676,0.696921,-0.45568,1.001296,0.61052364,-1.0114574
../data/train_data_mmini/3/Train_0013.jpg	3	-1.0,1.0,-1.0,-1.0,1.0,1.0,-1.0,1.0,-1.0,-1.0,-1.0,1.0	-0.03192909,0.95737666,-0.66725373,-0.18997927,0.30965617,1.284237,-0.5743139,1.8625263,-1.0714364,-0.6378597,-0.68342274,0.012942296
../data/train_data_mmini/3/Train_0014.jpg	3	1.0,-1.0,1.0,1.0,1.0,1.0,1.0,1.0,-1.0,-1.0,-1.0,1.0	0.19058111,-0.13542661,0.06579468,0.89760053,0.048405368,0.4163703,0.3986118,0.7627331,-0.87796813,-0.14495145,-0.4190821,0.03561802
../data/train_data_mmini/4/Train_0015.jpg	4	-1.0,1.0,-1.0,1.0,1.0,-1.0,-1.0,1.0,1.0,1.0,1.0,-1.0	-0.535312,0.6215724,-0.08352929,0.6169261,0.20403884,-0.17445622,-0.28025305,0.34632328,1.05332,0.12161178,0.72264564,-0.13298549
../data/train_data_mmini/4/Train_0016.jpg	4	-1.0,-1.0,-1.0,1.0,-1.0,1.0,1.0,1.0,-1.0,1.0,1.0,-1.0	-0.15882501,-0.62131506,-0.026608799,1.2309898,-0.58181065,0.6750598,1.0775133,0.23256452,-1.4518938,0.87766707,0.54488623,-0.3835642
../data/train_data_mmini/4/Train_0017.jpg	4	-1.0,1.0,-1.0,1.0,1.0,1.0,1.0,1.0,-1.0,1.0,1.0,-1.0	-1.0189263,0.6374517,-0.15348332,0.41503885,0.045459796,1.3762578,0.2165224,1.6795396,-1.2355332,0.15606378,0.40384734,-0.6950945
../data/train_data_mmini/4/Train_0018.jpg	4	1.0,-1.0,1.0,1.0,-1.0,1.0,1.0,1.0,-1.0,1.0,-1.0,1.0	0.32480156,-0.3040376,0.11639898,1.2759932,-0.47473404,0.2479092,0.7467802,0.5408935,-0.63478106,0.20339651,-0.2686168,0.072670296
../data/train_data_mmini/4/Train_0019.jpg	4	-1.0,1.0,-1.0,-1.0,1.0,1.0,-1.0,1.0,-1.0,-1.0,-1.0,-1.0	-0.631588,0.8443364,-0.6557328,-0.81142443,0.4384036,1.3760061,-0.43415925,1.3610457,-1.1540142,-1.0213027,-0.49924317,-0.3718466
../data/train_data_mmini/5/Train_0020.jpg	5	-1.0,-1.0,-1.0,-1.0,-1.0,-1.0,1.0,-1.0,1.0,1.0,1.0,1.0	-0.021522475,-1.6087594,-0.83195317,-0.1677606,-0.72483844,-0.79530287,0.81201565,-1.7520293,1.244192,0.33590835,1.2393999,0.33199316
../data/train_data_mmini/5/Train_0021.jpg	5	-1.0,-1.0,-1.0,1.0,1.0,-1.0,-1.0,-1.0,1.0,-1.0,1.0,1.0	-0.23669763,-0.0124634635,-0.25986016,0.44835076,0.10537733,-0.6751146,-0.3071978,-0.23986663,1.4992573,-0.34290808,0.67949086,0.07605781
../data/train_data_mmini/5/Train_0022.jpg	5	1.0,-1.0,-1.0,-1.0,-1.0,-1.0,1.0,-1.0,1.0,-1.0,1.0,1.0	0.10204904,-1.2584869,-0.7275422,-0.3703102,-0.5226118,-1.1560364,0.25992128,-2.04772,1.694944,-0.4638708,1.0889599,0.7114442
../data/train_data_mmini/5/Train_0023.jpg	5	1.0,-1.0,-1.0,-1.0,-1.0,-1.0,1.0,-1.0,1.0,1.0,1.0,1.0	0.043926045,-1.6421129,-0.6467004,-0.3138969,-0.5731967,-1.4045731,0.39633888,-2.2034137,2.010864,0.14981388,1.4753572,0.23245348
../data/train_data_mmini/5/Train_0024.jpg	5	-1.0,-1.0,-1.0,1.0,-1.0,-1.0,1.0,-1.0,1.0,1.0,1.0,-1.0	-0.18296336,-0.94519985,-0.2777629,0.3452012,-0.1759832,-0.89543986,0.56037337,-1.1447655,1.4384315,0.7060419,0.9415689,-0.05084579
../data/train_data_mmini/6/Train_0025.jpg	6	-1.0,-1.0,-1.0,-1.0,1.0,1.0,1.0,1.0,-1.0,1.0,-1.0,-1.0	-0.60610586,-0.43855697,-0.36753452,-0.26031277,0.43923366,1.6892956,1.2194669,0.81972164,-2.3494816,0.6892827,-0.34411427,-0.74223465
../data/train_data_mmini/6/Train_0026.jpg	6	-1.0,-1.0,-1.0,1.0,-1.0,-1.0,1.0,-1.0,1.0,1.0,1.0,-1.0	-0.25591078,-1.7295504,-0.035506006,1.0139359,-0.36130166,-0.4288152,1.5509636,-0.43310764,0.065254904,0.9352111,1.0045997,-0.19192187
../data/train_data_mmini/6/Train_0027.jpg	6	1.0,-1.0,1.0,1.0,1.0,1.0,1.0,1.0,-1.0,1.0,-1.0,-1.0	0.09296431,-0.32612345,0.1937086,1.1309401,0.19839694,0.9968387,1.1207911,0.98006994,-2.1272652,0.88179684,-0.6894897,-0.49546018
../data/train_data_mmini/6/Train_0028.jpg	6	1.0,-1.0,1.0,1.0,1.0,-1.0,1.0,1.0,1.0,1.0,1.0,1.0	0.41097325,-0.11999187,0.63001966,1.6771317,0.13186796,-0.4130649,0.48034233,0.6248265,0.19248217,0.7158156,0.1582411,0.43619433
../data/train_data_mmini/6/Train_0029.jpg	6	-1.0,-1.0,-1.0,-1.0,-1.0,1.0,1.0,1.0,-1.0,-1.0,1.0,-1.0	-0.5296381,-0.34530097,-1.0784819,-0.6857094,-0.08015899,0.7246393,0.01452221,0.079089105,-0.4802615,-0.1161126,0.11066923,-0.16895418
../data/train_data_mmini/7/Train_0030.jpg	7	-1.0,-1.0,-1.0,-1.0,-1.0,-1.0,1.0,-1.0,1.0,-1.0,1.0,1.0	-0.24273597,-1.0217416,-0.98981136,-0.2542006,-0.78790444,-0.23415975,0.93744904,-1.7234501,0.40640423,-0.21749271,1.3469882,0.060910027
../data/train_data_mmini/7/Train_0031.jpg	7	1.0,-1.0,-1.0,-1.0,-1.0,1.0,1.0,1.0,-1.0,-1.0,-1.0,1.0	0.12560362,-1.0908711,-0.73549575,-0.00235249,-0.59970933,0.74552584,0.96935976,0.0007481304,-1.0614634,-0.25227258,-0.06529858,0.2104455
../data/train_data_mmini/7/Train_0032.jpg	7	-1.0,1.0,1.0,1.0,1.0,1.0,1.0,1.0,-1.0,1.0,-1.0,-1.0	-0.022803573,0.8485462,0.6697145,1.9430507,0.08788742,1.3639367,0.3248256,2.421908,-1.8722812,0.48724213,-0.9677239,-0.3684928
../data/train_data_mmini/7/Train_0033.jpg	7	1.0,-1.0,-1.0,1.0,-1.0,-1.0,1.0,-1.0,-1.0,1.0,1.0,-1.0	0.041136846,-1.9410763,-0.4624796,0.25736684,-0.74494964,-0.246062,1.3052402,-1.4575193,-0.26319468,0.62919325,0.84821147,-0.2865925
../data/train_data_mmini/7/Train_0034.jpg	7	1.0,1.0,1.0,1.0,1.0,1.0,1.0,1.0,-1.0,1.0,-1.0,-1.0	0.23177613,0.06711286,1.5777088,2.7951996,0.9766437,0.8775451,0.80968875,2.4574451,-1.4678348,1.2624474,-1.1885955,-0.4500605
../data/train_data_mmini/8/Train_0035.jpg	8	1.0,-1.0,-1.0,-1.0,-1.0,-1.0,1.0,-1.0,1.0,-1.0,1.0,1.0	0.3386021,-0.26642385,-0.5750924,-0.10037401,-0.32923305,-0.26275328,0.08561684,-0.8481349,0.4179813,-0.52500355,0.36122882,0.49350417
../data/train_data_mmini/8/Train_0036.jpg	8	1.0,-1.0,-1.0,1.0,-1.0,1.0,1.0,-1.0,-1.0,-1.0,1.0,1.0	0.38309154,-1.1075454,-0.5797547,0.13557675,-0.90505934,0.3483977,1.4688605,-0.8026145,-1.1636848,-0.17579363,0.21345,0.47746053
../data/train_data_mmini/8/Train_0037.jpg	8	1.0,-1.0,1.0,1.0,-1.0,1.0,1.0,1.0,-1.0,1.0,1.0,-1.0	0.02591193,-0.80825466,0.46288761,1.811464,-0.10538541,0.3222379,1.1868577,0.8665168,-0.79520655,1.1375276,0.1441112,-0.25477153
../data/train_data_mmini/8/Train_0038.jpg	8	1.0,-1.0,-1.0,1.0,-1.0,1.0,1.0,1.0,-1.0,-1.0,1.0,1.0	0.08845948,-0.23697884,-0.51023537,0.20444758,-0.048988175,0.4335673,0.48147297,0.06759152,-0.59095234,-0.106402144,0.1291805,0.35136345
../data/train_data_mmini/8/Train_0039.jpg	8	1.0,-1.0,-1.0,-1.0,-1.0,-1.0,1.0,-1.0,1.0,-1.0,1.0,1.0	0.2225581,-0.21342027,-0.6997079,-0.26892796,-0.57663804,-0.022196192,0.062801614,-0.6977436,0.21471225,-0.33115792,0.33355016,0.41901246
../data/train_data_mmini/9/Train_0040.jpg	9	-1.0,-1.0,-1.0,1.0,-1.0,-1.0,1.0,-1.0,1.0,1.0,1.0,1.0	-0.22435187,-0.6576951,-0.23660305,0.431186,-0.16430153,-0.97241753,0.120063186,-1.0109361,1.8354387,0.13314797,1.0862176,0.30212983
../data/train_data_mmini/9/Train_0041.jpg	9	1.0,-1.0,-1.0,1.0,-1.0,1.0,1.0,1.0,-1.0,1.0,-1.0,1.0	0.43360665,-1.1213325,-0.30475837,0.8504318,-0.68666846,0.89915764,1.3515781,0.3197535,-1.7782135,0.6349947,-0.3445498,0.17888686
../data/train_data_mmini/9/Train_0042.jpg	9	-1.0,1.0,1.0,1.0,1.0,1.0,-1.0,1.0,1.0,1.0,1.0,-1.0	-0.40992883,0.37251517,0.2712483,1.1177909,0.4051447,0.015226331,-0.053926185,0.9375809,0.75107044,0.784559,0.31485352,-0.21034776
../data/train_data_mmini/9/Train_0043.jpg	9	1.0,-1.0,-1.0,-1.0,-1.0,-1.0,-1.0,-1.0,1.0,-1.0,1.0,1.0	0.19007246,-0.39714766,-0.5431584,-0.26217338,-0.34486297,-0.7671971,-0.1792691,-1.0561484,1.2579591,-0.80097044,0.667079,0.6385452
../data/train_data_mmini/9/Train_0044.jpg	9	-1.0,1.0,-1.0,-1.0,-1.0,1.0,-1.0,-1.0,-1.0,1.0,1.0,-1.0	-0.745287,0.06624591,-0.83086276,-0.7977887,-0.10431789,0.7221918,-0.015945047,-0.18325321,-0.050404377,0.04861512,0.40284702,-0.46952358
../data/train_data_mmini/10/Train_0045.jpg	10	1.0,-1.0,-1.0,1.0,-1.0,1.0,1.0,1.0,-1.0,-1.0,-1.0,-1.0	0.36926535,-0.16334297,-0.33223253,0.3994935,-0.3133582,1.5466933,0.46027732,0.80510557,-2.247883,-0.40889505,-1.2065715,-0.15913938
../data/train_data_mmini/10/Train_0046.jpg	10	-1.0,1.0,1.0,1.0,1.0,1.0,-1.0,1.0,-1.0,1.0,-1.0,-1.0	-0.66629773,0.9872399,0.52501214,0.7264918,0.5460864,1.0620433,-0.41564617,1.7014409,-0.96227926,0.681945,-0.22931948,-0.73741406
../data/train_data_mmini/10/Train_0047.jpg	10	1.0,1.0,-1.0,1.0,1.0,1.0,1.0,1.0,-1.0,-1.0,-1.0,-1.0	0.1826425,0.26000518,-0.106233984,0.52806383,0.009202318,1.1684618,0.4387313,1.2492307,-1.6025594,-0.59968996,-0.9414886,-0.012271318
../data/train_data_mmini/10/Train_0048.jpg	10	-1.0,1.0,-1.0,-1.0,-1.0,1.0,1.0,1.0,-1.0,-1.0,-1.0,-1.0	-0.19253331,0.3373841,-0.80999273,-0.8918663,-0.008117361,1.8078599,0.02192317,0.23625928,-1.9034538,-0.79451495,-0.81422955,-0.16328952
../data/train_data_mmini/10/Train_0049.jpg	10	1.0,-1.0,-1.0,1.0,-1.0,1.0,1.0,-1.0,1.0,-1.0,1.0,1.0	0.29133263,-0.12278615,-0.28435084,0.2194881,-0.04883499,0.10733215,0.11907609,-0.19403675,0.1255492,-0.030088864,0.1138627,0.36838007
