../data/train_data_mmini/1/Train_0000.jpg	1	1.0,-1.0,-1.0,1.0,-1.0,-1.0,-1.0,-1.0,-1.0,1.0,-1.0,-1.0,1.0,1.0,-1.0,1.0,-1.0,1.0,1.0,-1.0,1.0,1.0,1.0,-1.0	0.6647618,-0.6204762,-0.43891528,0.34089324,-1.6113528,-0.42600587,-1.2304664,-2.5322475,-0.57575005,0.06544184,-0.7753453,-0.28594455,1.1304085,0.5544817,-0.5533408,0.9330106,-1.5910238,0.6261329,1.336624,-0.2059205,0.7443326,2.2503817,0.14800923,-0.7625837
../data/train_data_mmini/1/Train_0001.jpg	1	1.0,-1.0,1.0,-1.0,-1.0,-1.0,-1.0,-1.0,1.0,1.0,-1.0,-1.0,1.0,-1.0,-1.0,1.0,-1.0,1.0,1.0,1.0,1.0,1.0,-1.0,1.0	2.394096,-0.8353666,1.6810175,-1.8291143,-4.4633994,-0.043658156,-1.8771641,-3.8327112,1.2088499,0.8160309,-2.504674,-0.5666049,1.649008,-1.76464,-2.3800554,2.2817383,-1.8306754,1.0412955,1.6775042,0.5243451,1.4205753,2.9006858,-0.28136465,0.021498129
../data/train_data_mmini/1/Train_0002.jpg	1	1.0,1.0,-1.0,-1.0,-1.0,-1.0,-1.0,1.0,1.0,-1.0,1.0,-1.0,1.0,1.0,1.0,1.0,-1.0,-1.0,-1.0,1.0,-1.0,1.0,-1.0,1.0	2.387155,1.4459776,-2.8510242,-1.3821265,-0.09758235,-0.24866344,-0.6394767,1.0765884,0.5012029,-0.59935695,1.7618085,-3.786087,0.733414,3.3964334,1.2415274,0.12723999,-6.809229,-3.5820746,-0.26831874,4.259744,-4.7388487,2.2953432,-1.3049934,0.8996528
../data/train_data_mmini/1/Train_0003.jpg	1	-1.0,-1.0,1.0,-1.0,-1.0,-1.0,-1.0,-1.0,1.0,-1.0,-1.0,1.0,1.0,1.0,1.0,1.0,1.0,1.0,-1.0,-1.0,1.0,1.0,-1.0,-1.0	-3.4741044,-1.5683712,1.1601448,-1.680304,-4.9185576,-1.1817464,-2.5466008,-2.7384357,1.5497513,-4.166816,-2.4378483,0.05288444,1.3355118,0.57110006,0.27716583,2.4407873,0.17164509,1.9916564,-0.25519505,-0.29184777,1.3005697,0.70163107,-0.1712277,-0.9206206
../data/train_data_mmini/1/Train_0004.jpg	1	-1.0,-1.0,1.0,1.0,-1.0,1.0,-1.0,-1.0,-1.0,1.0,1.0,-1.0,1.0,-1.0,-1.0,-1.0,1.0,1.0,1.0,1.0,1.0,1.0,-1.0,-1.0	-0.3617355,-3.0581152,1.5943604,0.061200082,-1.6021283,1.6963171,-0.3852078,-3.4452658,-2.2365313,0.9711299,2.9398584,-0.035120938,0.96133137,-1.4092622,-3.6043296,-1.629184,0.45299193,3.3000054,3.7124794,1.833066,1.7936121,1.3180397,-0.21018045,-1.4559385
../data/train_data_mmini/2/Train_0005.jpg	2	1.0,1.0,1.0,1.0,1.0,1.0,1.0,1.0,-1.0,1.0,-1.0,1.0,-1.0,-1.0,-1.0,1.0,-1.0,1.0,-1.0,-1.0,-1.0,-1.0,1.0,1.0	6.8272476,1.5928527,0.4120709,0.817084,0.6151183,1.3802949,1.0520878,0.1675872,-0.055141047,3.1130238,-1.959655,0.3620371,-0.692126,-0.39161047,-0.38171598,0.007408546,-0.32907787,0.84947586,-1.0869906,-0.88910943,-0.5442871,-1.0299524,1.1128563,1.4452792
../data/train_data_mmini/2/Train_0006.jpg	2	1.0,1.0,1.0,-1.0,1.0,-1.0,-1.0,1.0,-1.0,-1.0,1.0,1.0,-1.0,1.0,-1.0,-1.0,1.0,-1.0,-1.0,-1.0,1.0,-1.0,1.0,-1.0	0.10090581,0.70336044,2.5322318,-0.98285335,0.5925916,-0.8037485,-0.36476737,4.0608716,-0.18535893,-2.2795675,0.60072017,1.2634057,-2.3309412,0.38254017,-0.09774281,-0.9274903,1.4280878,-0.3032868,-1.9436013,-0.32008192,1.1910577,-3.7965736,0.2920936,-1.5140245
../data/train_data_mmini/2/Train_0007.jpg	2	-1.0,-1.0,-1.0,-1.0,-1.0,-1.0,-1.0,-1.0,-1.0,1.0,1.0,1.0,1.0,1.0,-1.0,-1.0,1.0,1.0,1.0,-1.0,-1.0,1.0,-1.0,-1.0	-1.1117721,-2.7183607,-2.0833368,-0.17383502,-1.6583151,-0.17313425,-0.40207523,-3.4555316,-0.29940444,0.20923847,1.965413,0.88617015,3.0607226,0.23747343,-0.2848255,-0.34154505,2.3318212,2.121585,2.373047,-0.6990973,-0.43825525,0.2053892,-0.78389394,-0.34301454
../data/train_data_mmini/2/Train_0008.jpg	2	1.0,1.0,-1.0,1.0,1.0,-1.0,1.0,1.0,-1.0,1.0,1.0,-1.0,1.0,1.0,-1.0,-1.0,-1.0,-1.0,-1.0,-1.0,1.0,1.0,1.0,-1.0	1.5308292,1.758088,-1.0385491,2.075729,0.43970898,-0.08524087,0.79009575,0.39763463,-2.634504,4.1552587,2.290236,-1.9863919,1.9148849,2.2581697,-0.6923151,-0.44089973,-3.510678,-2.27856,-0.2780448,-0.8766863,1.7689399,0.75782764,2.55341,-2.9810348
../data/train_data_mmini/2/Train_0009.jpg	2	1.0,1.0,-1.0,1.0,1.0,1.0,1.0,1.0,1.0,1.0,-1.0,1.0,-1.0,-1.0,1.0,1.0,1.0,-1.0,-1.0,-1.0,1.0,1.0,1.0,1.0	9.211638,1.4308932,-0.3127889,3.1210685,2.313667,0.545125,0.4189829,0.5587283,0.23883395,2.164651,-3.6221073,1.1854271,-1.3145721,-1.8117993,0.83836627,1.2712351,0.75585026,-0.18873194,-1.6057308,-2.9953156,1.2452251,1.3450798,0.4199337,1.847343
../data/train_data_mmini/3/Train_0010.jpg	3	1.0,-1.0,-1.0,1.0,-1.0,-1.0,1.0,-1.0,-1.0,-1.0,1.0,1.0,1.0,-1.0,1.0,1.0,1.0,1.0,-1.0,-1.0,1.0,1.0,-1.0,-1.0	2.5106244,-1.8211402,-1.0387038,1.2908875,-0.83200425,-0.8446004,0.09947731,-1.0486989,-0.08435187,-1.0546327,1.1878958,1.1784703,2.228866,-1.3976003,0.06567559,0.96576416,4.1228094,1.2345395,-1.3669031,-4.44545,2.9032674,0.020106303,-0.085982926,-2.5290694
../data/train_data_mmini/3/Train_0011.jpg	3	1.0,-1.0,-1.0,-1.0,-1.0,1.0,-1.0,-1.0,-1.0,1.0,1.0,-1.0,1.0,-1.0,-1.0,-1.0,-1.0,1.0,1.0,1.0,-1.0,1.0,-1.0,-1.0	9.148263,-2.3904808,-1.4152238,-0.451184,-1.7373265,1.4231629,-0.79641706,-2.4378607,-1.3933455,1.9090323,3.201152,-1.9746721,1.4037328,-0.0090484815,-2.6447299,-0.8691462,-6.7069693,0.7591389,3.1592999,4.382734,-2.9578798,3.958515,-1.3842278,-0.29095182
../data/train_data_mmini/3/Train_0012.jpg	3	1.0,-1.0,1.0,-1.0,-1.0,1.0,-1.0,-1.0,1.0,-1.0,-1.0,-1.0,-1.0,-1.0,-1.0,-1.0,-1.0,1.0,1.0,1.0,1.0,1.0,-1.0,1.0	6.1936283,-1.636658,4.8624487,-2.362844,-2.575266,1.4661087,-2.0581012,-1.3592112,1.1995441,-2.0353093,-2.7768197,-0.9185783,-3.656231,-4.3809443,-4.263897,-0.69945383,-3.6574097,1.6745685,2.1655796,5.1390944,0.70286554,3.190612,-1.7267752,2.0536005
../data/train_data_mmini/3/Train_0013.jpg	3	1.0,1.0,1.0,-1.0,1.0,-1.0,-1.0,1.0,1.0,-1.0,1.0,-1.0,-1.0,1.0,1.0,-1.0,-1.0,-1.0,-1.0,-1.0,1.0,-1.0,1.0,-1.0	2.0863113,2.89974,1.809375,-0.44831124,0.8747331,-2.3264265,-0.13680968,4.579191,0.08662011,-0.28917116,0.017440598,-0.12527864,-1.3703445,0.7877066,0.6479526,-0.08497651,-1.5056428,-3.9706907,-2.505979,-1.8759791,1.7230693,-1.7009054,0.9015937,-2.5984683
../data/train_data_mmini/3/Train_0014.jpg	3	1.0,1.0,-1.0,1.0,1.0,1.0,1.0,-1.0,-1.0,1.0,1.0,1.0,1.0,1.0,-1.0,-1.0,1.0,1.0,1.0,-1.0,-1.0,-1.0,1.0,-1.0	5.655688,0.24846289,-0.12250027,1.4663507,0.65936875,1.362928,1.1526362,-0.3324961,-1.552864,4.826909,1.1033041,0.6160976,1.1691064,0.37116536,-1.3359528,-0.6411117,0.1287307,1.6925174,0.046989873,-1.9651978,-0.053789664,-0.9273635,1.0403457,-0.3339098
../data/train_data_mmini/4/Train_0015.jpg	4	1.0,1.0,1.0,1.0,-1.0,-1.0,-1.0,1.0,-1.0,1.0,-1.0,-1.0,-1.0,1.0,-1.0,-1.0,-1.0,-1.0,-1.0,1.0,1.0,1.0,1.0,-1.0	3.3885524,1.9336128,0.46267363,1.536157,-0.1893159,-0.30272663,-0.08559693,0.8858581,-1.2642188,2.041506,-0.6160016,-2.8111577,-0.8045552,1.1390107,-0.82841563,-1.0509412,-7.1990976,-2.4277265,-0.3757488,1.886014,0.63033336,2.1131027,1.9610335,-1.6632493
../data/train_data_mmini/4/Train_0016.jpg	4	1.0,1.0,-1.0,-1.0,-1.0,-1.0,-1.0,-1.0,1.0,1.0,-1.0,-1.0,1.0,1.0,1.0,1.0,-1.0,-1.0,-1.0,1.0,-1.0,1.0,1.0,1.0	4.234634,3.7684984,-1.3428283,-0.3526992,-2.8340442,-0.30714703,-0.8743363,-1.0545956,2.6605737,2.081718,-5.5650578,-1.9029393,2.0925167,2.830516,2.1991565,4.4664927,-5.2549014,-2.2823799,-2.9066179,0.006003019,-2.408675,2.3245897,0.61423165,3.2323816
../data/train_data_mmini/4/Train_0017.jpg	4	1.0,1.0,1.0,-1.0,-1.0,-1.0,-1.0,1.0,1.0,-1.0,-1.0,-1.0,-1.0,1.0,1.0,1.0,-1.0,-1.0,-1.0,1.0,-1.0,1.0,-1.0,1.0	5.4690456,2.2135978,1.4128261,-2.1904874,-1.2066694,-1.6423337,-2.0152564,3.9543476,2.4822657,-4.3052406,-3.1712506,-1.2079965,-3.0790427,1.0588782,1.4052802,1.7214422,-4.70566,-2.229022,-3.6065505,2.0083623,-1.7018553,0.2555528,-0.76522636,1.093622
../data/train_data_mmini/4/Train_0018.jpg	4	1.0,1.0,-1.0,1.0,1.0,1.0,1.0,-1.0,-1.0,1.0,-1.0,-1.0,1.0,1.0,1.0,1.0,-1.0,-1.0,-1.0,-1.0,-1.0,1.0,1.0,1.0	6.345716,2.5189846,-2.851053,3.5745587,0.9312374,0.78574306,1.6861061,-1.8033364,-0.99374264,5.6890235,-1.3963472,-0.8314316,2.2667282,1.3351157,0.9084909,1.253459,-1.6489587,-0.30781615,-1.1140201,-2.997118,-0.97476226,0.75102884,1.7631989,0.5527813
../data/train_data_mmini/4/Train_0019.jpg	4	-1.0,-1.0,1.0,-1.0,1.0,1.0,-1.0,1.0,1.0,-1.0,1.0,1.0,-1.0,-1.0,-1.0,-1.0,1.0,1.0,-1.0,1.0,-1.0,-1.0,-1.0,1.0	-2.04644,-0.59347755,5.0087943,-4.158388,0.07370024,1.1087904,-0.2907913,5.276445,0.639867,-3.7990599,2.7396834,0.9484863,-3.501221,-0.43085217,-1.6339595,-2.3020453,2.2783518,0.36183408,-1.0252273,3.7427895,-0.3806918,-5.336776,-1.7248092,0.058490142
../data/train_data_mmini/5/Train_0020.jpg	5	-1.0,-1.0,1.0,-1.0,-1.0,1.0,-1.0,-1.0,1.0,1.0,-1.0,-1.0,1.0,1.0,-1.0,1.0,1.0,1.0,1.0,1.0,-1.0,-1.0,1.0,1.0	-2.5751393,-0.05329076,1.049202,-2.51537,-3.6359773,1.9507658,-1.0057969,-3.334841,1.5205401,2.3159032,-1.5593641,-0.42894918,2.2011564,0.13838454,-1.3826406,0.9263809,0.5655438,2.1099482,0.9848208,1.8898437,-1.0415914,-0.30627283,0.05143066,2.6460161
../data/train_data_mmini/5/Train_0021.jpg	5	1.0,-1.0,1.0,1.0,-1.0,-1.0,-1.0,-1.0,-1.0,1.0,1.0,-1.0,1.0,1.0,-1.0,-1.0,-1.0,1.0,1.0,1.0,1.0,1.0,1.0,-1.0	1.692239,-0.062024895,1.4346943,0.8446089,-1.8036476,-0.7094674,-0.9209452,-0.034309935,-1.8923088,0.70144206,1.1372259,-1.0727892,0.705594,1.1719878,-1.2888092,-0.9177758,-4.7887297,0.25609452,0.055068612,0.45406637,2.37989,0.034103367,2.1981885,-4.2048244
../data/train_data_mmini/5/Train_0022.jpg	5	1.0,-1.0,-1.0,1.0,1.0,1.0,1.0,-1.0,-1.0,1.0,1.0,1.0,1.0,-1.0,-1.0,-1.0,1.0,1.0,1.0,-1.0,1.0,-1.0,-1.0,-1.0	0.4834747,-1.1700275,-0.6256976,0.5191614,0.8368426,0.26798204,0.6816948,-0.46745485,-1.0255628,1.30332,1.9412322,1.206337,0.5711946,-0.6647135,-0.83550423,-1.226517,3.796977,0.8884839,1.1255693,-1.7304897,1.0329183,-1.437327,-0.20217584,-0.3414697
../data/train_data_mmini/5/Train_0023.jpg	5	-1.0,-1.0,1.0,-1.0,-1.0,1.0,-1.0,-1.0,1.0,1.0,-1.0,-1.0,1.0,1.0,-1.0,1.0,1.0,1.0,1.0,-1.0,1.0,-1.0,1.0,-1.0	-4.352356,-0.4972367,0.039193865,-0.961461,-3.3071318,0.26120907,-0.83145565,-3.1066606,0.73818994,0.062026627,-0.977792,-0.23919733,2.5588615,0.6609428,-0.073640384,1.2194995,1.0979987,1.3249344,0.49617454,-0.29992735,0.6045032,-0.07431077,0.4553848,-0.1867836
../data/train_data_mmini/5/Train_0024.jpg	5	1.0,-1.0,1.0,-1.0,-1.0,-1.0,-1.0,-1.0,-1.0,-1.0,1.0,1.0,-1.0,-1.0,-1.0,-1.0,-1.0,1.0,1.0,1.0,1.0,1.0,-1.0,-1.0	4.4533134,-3.2379873,0.0912396,-0.029612597,-0.8738554,-0.5064103,-1.3390111,-1.8436437,-0.6080041,-2.7467504,1.1520745,0.0192626,-0.008967577,-1.366707,-0.80340034,-0.94241774,-1.2220807,1.9814475,1.8024218,1.3707237,0.6929084,1.7345349,-1.1999227,-1.7837529
../data/train_data_mmini/6/Train_0025.jpg	6	1.0,-1.0,-1.0,-1.0,-1.0,-1.0,-1.0,1.0,1.0,-1.0,1.0,1.0,-1.0,-1.0,1.0,1.0,1.0,1.0,-1.0,1.0,-1.0,-1.0,-1.0,1.0	4.2643795,-3.4942694,-0.38860458,-3.9417114,-0.30116615,-1.3683242,-1.9933276,4.6422544,3.548289,-11.203372,1.3910432,2.5409575,-2.7038314,-0.40972087,2.1653306,0.44973564,4.306658,1.892876,-3.3246932,1.1303288,-3.6025705,-3.693044,-4.7950716,1.2312636
../data/train_data_mmini/6/Train_0026.jpg	6	1.0,-1.0,-1.0,1.0,-1.0,1.0,-1.0,-1.0,1.0,1.0,-1.0,1.0,1.0,-1.0,-1.0,1.0,1.0,1.0,1.0,1.0,-1.0,1.0,-1.0,1.0	5.66476,-1.9590058,-1.3189585,0.4625902,-2.4857192,0.99249756,-1.0164168,-3.8715022,1.2491369,1.1249784,-2.1100829,0.45870438,1.4725759,-0.64965844,-0.49180233,0.99352634,0.046897404,3.4272087,0.12935272,0.026257273,-1.295631,1.6366493,-0.19920726,1.7540302
../data/train_data_mmini/6/Train_0027.jpg	6	1.0,-1.0,-1.0,1.0,-1.0,1.0,-1.0,-1.0,1.0,1.0,-1.0,1.0,1.0,-1.0,-1.0,1.0,1.0,1.0,-1.0,-1.0,-1.0,1.0,-1.0,1.0	7.814855,-0.37093994,-0.89270204,0.10365039,-1.24275,1.0758685,-0.6192705,-1.3726602,1.9652963,2.1378636,-1.7145367,0.6547055,1.8278638,-1.1812212,-0.067660004,1.5058291,0.19554399,0.81704307,-1.1102031,-0.90010655,-0.91533947,1.3035542,-0.93653595,2.4778364
../data/train_data_mmini/6/Train_0028.jpg	6	1.0,-1.0,-1.0,-1.0,-1.0,-1.0,-1.0,-1.0,-1.0,-1.0,1.0,-1.0,1.0,1.0,1.0,-1.0,-1.0,1.0,1.0,1.0,-1.0,-1.0,-1.0,-1.0	2.9445455,-3.047755,-4.3185606,-1.2926438,-1.1635084,-0.833971,-0.60581595,-1.1226197,-0.8234096,-0.6799897,5.821332,-0.71666133,4.25153,2.7569015,0.6383885,-0.3415023,-1.081255,0.39991373,1.6273004,0.74761164,-2.94322,-0.16611163,-1.8719473,-1.9300874
../data/train_data_mmini/6/Train_0029.jpg	6	1.0,1.0,-1.0,1.0,1.0,-1.0,-1.0,1.0,1.0,-1.0,-1.0,-1.0,-1.0,1.0,1.0,1.0,-1.0,-1.0,-1.0,-1.0,1.0,1.0,-1.0,-1.0	6.321324,4.1249485,-1.2769833,3.3921716,3.647798,-3.9316232,-0.3828577,6.01117,1.552396,-5.251448,-3.8539765,-0.15374716,-3.2490952,0.91824126,5.2037106,2.404281,-1.9371887,-5.3686166,-6.110094,-3.8882558,0.7905997,2.0620897,-0.086535014,-0.6187195
../data/train_data_mmini/7/Train_0030.jpg	7	1.0,1.0,1.0,1.0,1.0,-1.0,-1.0,1.0,1.0,1.0,-1.0,1.0,-1.0,-1.0,1.0,1.0,-1.0,-1.0,-1.0,-1.0,-1.0,-1.0,-1.0,1.0	6.185697,1.7095146,0.35276008,0.008503493,0.48366198,-0.113027334,-0.3351485,1.4245024,1.8269284,0.0045861844,-4.0905714,1.1341708,-1.7603284,-0.31301594,1.0741912,1.3339449,-0.34886175,-0.67458403,-1.9324834,-1.0077245,-0.79758924,-0.23806073,-0.04840849,2.3450801
../data/train_data_mmini/7/Train_0031.jpg	7	1.0,1.0,-1.0,1.0,1.0,-1.0,1.0,1.0,1.0,1.0,-1.0,1.0,-1.0,1.0,1.0,1.0,1.0,-1.0,-1.0,-1.0,1.0,-1.0,1.0,1.0	6.82587,2.3707716,-0.8584017,0.516899,0.54740953,-0.9221557,0.01838299,2.023487,2.0649028,0.5372459,-2.8734155,0.80946606,-0.27108058,0.2349427,1.8963543,1.1924921,0.7647791,-1.3499986,-3.8077216,-3.1429343,0.22111417,-1.0727456,0.801136,1.2496463
../data/train_data_mmini/7/Train_0032.jpg	7	1.0,1.0,1.0,1.0,1.0,1.0,1.0,-1.0,-1.0,1.0,1.0,-1.0,1.0,-1.0,-1.0,-1.0,-1.0,1.0,1.0,1.0,1.0,1.0,1.0,1.0	12.219919,0.51678854,1.083452,1.4108117,0.032516442,2.9623926,0.4665921,-1.7506785,-1.3225092,7.9852576,0.16352738,-0.81660974,1.3784753,-1.5449245,-3.4114885,-0.68930185,-5.7127824,0.6451631,1.1059309,1.6175358,0.14877799,1.7885119,1.3069984,1.0161437
../data/train_data_mmini/7/Train_0033.jpg	7	1.0,-1.0,-1.0,1.0,1.0,1.0,-1.0,-1.0,1.0,-1.0,-1.0,1.0,-1.0,-1.0,1.0,1.0,1.0,1.0,1.0,-1.0,-1.0,1.0,-1.0,1.0	8.618469,-1.7747056,-0.749523,0.82343936,0.5517885,0.50275433,-0.9271048,-2.1679914,0.76219165,-0.586731,-2.491898,2.1325095,-0.3814852,-2.248482,0.21026528,1.857217,3.444428,2.6962552,0.4099969,-1.7028239,-0.12423333,1.4983882,-1.8688269,2.4705932
../data/train_data_mmini/7/Train_0034.jpg	7	1.0,-1.0,-1.0,-1.0,-1.0,1.0,-1.0,-1.0,-1.0,-1.0,1.0,1.0,1.0,-1.0,-1.0,-1.0,-1.0,1.0,1.0,1.0,-1.0,1.0,-1.0,-1.0	7.205887,-7.3891582,-2.2318752,-1.1793981,-3.5159166,0.16038312,-0.9380922,-3.6137793,-1.3300347,-0.98119086,8.113783,0.9269021,4.7599025,-0.10802577,-2.5940244,-2.1153975,-0.69907427,5.3249197,3.0573912,1.3577198,-1.062812,0.46709985,-1.5093347,-4.047338
../data/train_data_mmini/8/Train_0035.jpg	8	1.0,-1.0,-1.0,1.0,1.0,-1.0,1.0,1.0,-1.0,-1.0,1.0,1.0,-1.0,-1.0,1.0,-1.0,1.0,-1.0,-1.0,-1.0,1.0,1.0,-1.0,-1.0	7.5874043,-0.34196323,-1.2495182,3.0665927,4.208005,-1.656181,1.1443039,2.7591136,-1.583021,-0.149802,1.4661946,1.4480795,-1.4328762,-1.4692068,1.0446714,-0.6853838,1.9223585,-1.51687,-0.7788554,-4.1181445,1.9422385,0.047218155,-0.43728787,-2.288166
../data/train_data_mmini/8/Train_0036.jpg	8	1.0,1.0,-1.0,1.0,1.0,-1.0,1.0,1.0,1.0,-1.0,-1.0,1.0,-1.0,1.0,1.0,1.0,1.0,-1.0,-1.0,-1.0,-1.0,-1.0,-1.0,1.0	10.256696,0.8958138,-5.06154,1.48415,3.9207916,-1.2369028,0.9832209,3.4325898,1.5596662,-1.0430716,-0.7603839,1.4170141,-0.8256274,1.0892774,4.033651,0.1852095,2.635584,-1.4518135,-3.5954258,-3.5237331,-3.238697,-1.8983705,-1.5103513,2.1911876
../data/train_data_mmini/8/Train_0037.jpg	8	1.0,-1.0,-1.0,1.0,-1.0,-1.0,-1.0,-1.0,1.0,-1.0,-1.0,1.0,1.0,1.0,1.0,1.0,-1.0,1.0,-1.0,-1.0,-1.0,1.0,-1.0,-1.0	12.327794,-1.5288951,-3.6464007,1.283244,-1.3754433,-2.3099904,-1.5756073,-0.7951131,0.6929978,-1.5524825,-0.86244786,0.35814512,1.8969933,0.5115756,1.6996849,1.5008049,-3.730686,0.25258383,-1.3739394,-1.9814212,-0.7743664,2.6406596,-0.59550226,-1.5611625
../data/train_data_mmini/8/Train_0038.jpg	8	1.0,1.0,-1.0,1.0,1.0,-1.0,1.0,1.0,1.0,1.0,-1.0,-1.0,-1.0,1.0,1.0,-1.0,-1.0,-1.0,-1.0,-1.0,1.0,-1.0,1.0,-1.0	5.151766,1.4184045,-0.15992302,0.4855503,0.43675202,-1.1967924,0.005475068,2.3091037,0.8275734,0.7731271,-0.95850044,-0.179145,-0.39438856,0.03927988,0.54922825,-0.43439332,-1.2077768,-2.6112018,-2.2183824,-1.5291811,1.4993567,-0.16752882,0.7742907,-0.33065778
../data/train_data_mmini/8/Train_0039.jpg	8	1.0,-1.0,-1.0,1.0,1.0,-1.0,1.0,1.0,-1.0,-1.0,1.0,1.0,-1.0,-1.0,1.0,-1.0,1.0,-1.0,-1.0,-1.0,1.0,1.0,-1.0,-1.0	12.167762,-1.2015533,-1.4488773,3.3542635,6.834491,-1.3505715,0.95622885,3.900109,-2.0979962,-2.91541,2.2110097,1.8727477,-4.099795,-3.1284974,1.4935393,-1.0135599,2.4556584,-2.1415837,-0.062953606,-3.0028954,0.70766157,1.6738297,-3.0816054,-1.0327723
../data/train_data_mmini/9/Train_0040.jpg	9	1.0,-1.0,-1.0,1.0,-1.0,-1.0,-1.0,1.0,-1.0,-1.0,1.0,-1.0,-1.0,1.0,-1.0,-1.0,-1.0,1.0,1.0,1.0,1.0,1.0,-1.0,-1.0	2.4323435,-2.0900855,-0.29724455,0.045702275,-0.9509636,-1.4727846,-1.3797193,0.33252737,-1.153625,-3.2272642,2.1304882,-0.8778797,-0.09354909,0.29122475,-0.304955,-0.8257432,-2.5401297,0.07274875,0.4577213,0.83999985,1.1521782,1.2594218,-0.45600107,-3.367057
../data/train_data_mmini/9/Train_0041.jpg	9	1.0,-1.0,-1.0,-1.0,-1.0,1.0,1.0,-1.0,1.0,1.0,-1.0,1.0,1.0,-1.0,-1.0,1.0,1.0,1.0,1.0,-1.0,-1.0,1.0,-1.0,1.0	7.155894,-0.6390998,-1.5485271,-1.4786992,-0.69595426,1.622883,0.030158961,-2.4444535,1.7887402,2.4691381,-0.48840392,1.3801769,2.0945287,-1.5169866,-0.20946907,1.8445381,3.2219198,1.6184229,0.6672785,-1.0243263,-2.5599115,0.23686805,-2.3612478,3.4919257
../data/train_data_mmini/9/Train_0042.jpg	9	1.0,-1.0,1.0,1.0,-1.0,-1.0,-1.0,-1.0,-1.0,-1.0,1.0,-1.0,1.0,1.0,-1.0,-1.0,-1.0,-1.0,1.0,1.0,1.0,1.0,1.0,-1.0	2.2184846,-0.421338,0.36810988,0.14449643,-2.5035932,-0.92726743,-1.5858691,-0.6676274,-1.5981101,-1.3158263,1.5397173,-3.3500228,0.49828762,1.1627121,-1.1627659,-0.119972125,-7.601933,-1.2193956,0.45075306,2.586423,1.0965796,3.3324077,0.741629,-4.002225
../data/train_data_mmini/9/Train_0043.jpg	9	1.0,1.0,-1.0,1.0,1.0,-1.0,1.0,1.0,-1.0,1.0,1.0,1.0,1.0,1.0,1.0,-1.0,-1.0,-1.0,-1.0,-1.0,1.0,-1.0,1.0,-1.0	3.0671806,0.8602747,-0.858309,1.5025003,1.8941704,-0.7297863,0.79909045,2.0689244,-1.7476865,1.8397229,1.8175362,0.41555688,0.36264527,0.5761001,0.61312574,-1.0498825,-0.20650099,-1.672177,-0.52599967,-2.213084,1.099197,-1.3199191,0.79091024,-2.2030587
../data/train_data_mmini/9/Train_0044.jpg	9	1.0,1.0,1.0,-1.0,1.0,-1.0,-1.0,1.0,1.0,-1.0,-1.0,-1.0,-1.0,-1.0,1.0,-1.0,-1.0,-1.0,-1.0,1.0,1.0,1.0,-1.0,-1.0	2.9514914,0.2376546,3.7609103,-1.1486456,0.5418092,-1.2452741,-1.8487184,4.603745,1.1652474,-7.1271634,-1.2031664,-0.53923374,-5.113556,-1.8305931,0.52152354,-0.063748255,-1.6596045,-1.810328,-2.0018408,2.371003,1.0732172,1.0765458,-2.182624,-0.4294052
../data/train_data_mmini/10/Train_0045.jpg	10	1.0,-1.0,-1.0,1.0,1.0,-1.0,1.0,1.0,-1.0,-1.0,1.0,1.0,-1.0,-1.0,1.0,-1.0,1.0,1.0,-1.0,-1.0,1.0,1.0,-1.0,1.0	15.795916,-2.5090315,-1.1975547,3.3573747,6.4742684,-0.48546353,1.052002,3.356804,-1.4059646,-1.4158516,1.9905459,4.2416015,-3.0928237,-4.815188,0.7294971,-1.5013967,6.4115853,0.19637738,-0.73911035,-5.495598,1.9318501,0.09146995,-2.8819003,0.31480896
../data/train_data_mmini/10/Train_0046.jpg	10	1.0,-1.0,1.0,-1.0,1.0,-1.0,-1.0,1.0,-1.0,-1.0,1.0,-1.0,-1.0,-1.0,-1.0,1.0,-1.0,-1.0,-1.0,1.0,1.0,1.0,-1.0,-1.0	6.4594193,-0.6606556,2.7647853,-0.29885128,0.07953181,-1.3871965,-2.3710964,2.939081,-0.7121764,-5.393561,0.3231346,-1.3089643,-3.0978932,-1.0900828,-0.3201771,0.32131392,-5.978842,-1.6783592,-0.43623468,2.9374113,1.3045588,3.8901665,-1.6319106,-1.9212983
../data/train_data_mmini/10/Train_0047.jpg	10	1.0,-1.0,-1.0,1.0,1.0,-1.0,1.0,1.0,-1.0,-1.0,1.0,1.0,-1.0,-1.0,1.0,-1.0,1.0,-1.0,-1.0,-1.0,1.0,-1.0,-1.0,-1.0	10.781402,-1.071815,-1.5850551,1.5282084,3.1558998,-1.6439825,0.47982255,4.318468,-1.3180835,-2.6412046,2.93901,1.5883276,-1.8992915,-0.015588486,1.4084504,-2.50063,0.11158254,-0.34567243,-2.5623705,-2.5021381,0.14160572,-2.0994356,-0.37288252,-2.7455347
../data/train_data_mmini/10/Train_0048.jpg	10	1.0,-1.0,1.0,-1.0,1.0,1.0,1.0,1.0,-1.0,-1.0,1.0,1.0,-1.0,-1.0,-1.0,-1.0,1.0,1.0,1.0,1.0,-1.0,-1.0,-1.0,1.0	8.140506,-2.6357186,4.8171763,-0.9503126,6.9745393,2.2474046,1.0171498,6.4394855,-0.8436516,-4.8967967,3.6028166,2.725434,-8.192299,-5.4227386,-1.6342,-3.9181242,5.954977,0.26254255,0.61710256,3.1251035,-0.048489947,-2.1638775,-4.669605,2.5055075
../data/train_data_mmini/10/Train_0049.jpg	10	1.0,-1.0,-1.0,1.0,1.0,-1.0,1.0,1.0,-1.0,-1.0,1.0,1.0,-1.0,-1.0,1.0,-1.0,1.0,-1.0,-1.0,-1.0,1.0,1.0,-1.0,-1.0	11.163762,-2.59199,-1.3232192,2.0459769,4.3689,-1.7071694,0.086347245,3.0955822,-1.466657,-2.9808247,3.1064258,1.7091792,-2.0543883,-2.4294894,0.74797136,-1.431111,1.0116439,-1.1162455,-0.043010782,-2.3782086,1.006621,1.2258226,-2.5307853,-2.249487
