../data/train_data_mmini/1/Train_0000.jpg	1	1.0,1.0,1.0,-1.0,-1.0,-1.0,1.0,1.0	4.069566,1.167033,2.4032004,-3.3456337,-1.6131257,-2.2118998,1.0025622,1.7902555
../data/train_data_mmini/1/Train_0001.jpg	1	1.0,1.0,1.0,1.0,-1.0,-1.0,1.0,1.0	4.0262103,2.238209,2.1176012,0.9101151,-0.24273846,-3.1713238,2.093703,0.93047994
../data/train_data_mmini/1/Train_0002.jpg	1	1.0,-1.0,1.0,-1.0,1.0,-1.0,1.0,1.0	2.6619177,-1.1776872,1.2664082,-0.50782526,1.1679868,-0.18195297,5.57771,3.8947926
../data/train_data_mmini/1/Train_0003.jpg	1	1.0,1.0,1.0,-1.0,-1.0,-1.0,-1.0,1.0	1.7313004,4.3653693,2.3959281,-2.6863236,-1.8893213,-3.1634734,-0.22769548,0.756277
../data/train_data_mmini/1/Train_0004.jpg	1	1.0,1.0,1.0,-1.0,-1.0,-1.0,-1.0,-1.0	5.0290837,0.8750284,1.8118685,-1.4841202,-0.5099141,-1.7264081,-0.9762312,-0.85153794
../data/train_data_mmini/2/Train_0005.jpg	2	-1.0,1.0,1.0,1.0,-1.0,-1.0,1.0,1.0	-1.9589291,2.155499,1.2108083,0.5028235,-0.29830447,-0.8251462,1.4004469,1.7348557
../data/train_data_mmini/2/Train_0006.jpg	2	-1.0,-1.0,1.0,-1.0,1.0,1.0,1.0,1.0	-0.0011178305,-3.312862,0.38495415,-1.3043935,0.7075371,1.1532032,1.699619,1.1598397
../data/train_data_mmini/2/Train_0007.jpg	2	1.0,1.0,1.0,-1.0,-1.0,-1.0,1.0,-1.0	2.3059447,1.0639683,1.4730334,-4.3815904,-2.1644063,-4.112018,0.32133105,-1.8687906
../data/train_data_mmini/2/Train_0008.jpg	2	1.0,-1.0,1.0,-1.0,1.0,1.0,-1.0,-1.0	2.6670928,-4.4539566,0.051575255,-1.8819093,0.10582319,1.6347135,-0.6561058,-0.08076509
../data/train_data_mmini/2/Train_0009.jpg	2	-1.0,1.0,1.0,-1.0,-1.0,-1.0,-1.0,-1.0	-1.8871795,1.337551,0.061377943,-0.79734755,-2.1173372,-0.5300165,-1.634995,-0.6531342
../data/train_data_mmini/3/Train_0010.jpg	3	1.0,1.0,1.0,1.0,-1.0,-1.0,-1.0,-1.0	1.3179059,0.0880921,0.12668975,0.92840695,-0.4403228,-0.3526612,-0.7980758,-1.6198914
../data/train_data_mmini/3/Train_0011.jpg	3	1.0,-1.0,1.0,1.0,1.0,-1.0,1.0,1.0	4.048332,-1.0498666,0.83356035,1.8947237,2.110802,-0.40955082,3.1573925,0.73239523
../data/train_data_mmini/3/Train_0012.jpg	3	1.0,1.0,1.0,1.0,1.0,1.0,1.0,1.0	1.395477,2.1736324,1.6448847,3.6181192,1.2980907,0.09317992,1.0353718,3.6879032
../data/train_data_mmini/3/Train_0013.jpg	3	1.0,-1.0,1.0,-1.0,1.0,1.0,-1.0,1.0	0.38690606,-2.5484002,0.6027952,-0.16370623,0.13144483,3.1939273,-0.12754698,3.5428355
../data/train_data_mmini/3/Train_0014.jpg	3	1.0,-1.0,1.0,-1.0,1.0,-1.0,1.0,-1.0	1.5794897,-2.8205884,0.07388173,-0.056099884,0.48431733,-0.049732868,1.1945504,-1.2503922
../data/train_data_mmini/4/Train_0015.jpg	4	1.0,-1.0,1.0,1.0,1.0,1.0,1.0,1.0	2.9593444,-0.4177157,1.6301938,0.13502537,0.019019071,2.4971604,0.6910604,4.4922485
../data/train_data_mmini/4/Train_0016.jpg	4	-1.0,1.0,1.0,1.0,1.0,-1.0,1.0,1.0	-1.5538876,2.7932918,0.79695797,0.74395525,0.34912547,-1.861372,2.2157576,1.5638231
../data/train_data_mmini/4/Train_0017.jpg	4	1.0,1.0,1.0,1.0,1.0,1.0,1.0,1.0	1.1361126,0.113099776,0.6260877,2.038416,2.3376536,0.07856867,1.9905657,1.7956948
../data/train_data_mmini/4/Train_0018.jpg	4	1.0,-1.0,1.0,1.0,1.0,-1.0,-1.0,-1.0	0.81838053,-0.35202694,0.3701275,0.08321459,0.60453457,-0.7065479,-0.34405938,-1.6537269
../data/train_data_mmini/4/Train_0019.jpg	4	-1.0,1.0,1.0,1.0,1.0,1.0,1.0,1.0	-0.85545206,0.68612665,0.76998085,2.0195138,0.7145277,1.4750186,1.2685955,3.3858511
../data/train_data_mmini/5/Train_0020.jpg	5	-1.0,1.0,1.0,-1.0,-1.0,-1.0,1.0,-1.0	-0.42549407,2.5704715,1.1121397,-1.3185346,-1.7981168,-4.0206304,1.3676317,-0.9823736
../data/train_data_mmini/5/Train_0021.jpg	5	1.0,-1.0,1.0,-1.0,-1.0,1.0,-1.0,1.0	4.623428,-3.8268647,1.6454574,-2.18862,-0.3019233,1.9577957,-1.5876572,1.1170051
../data/train_data_mmini/5/Train_0022.jpg	5	1.0,-1.0,1.0,-1.0,-1.0,-1.0,-1.0,-1.0	0.015862094,-0.729415,0.29615274,-4.222004,-2.8690057,-1.5539777,-0.42940918,-0.9778665
../data/train_data_mmini/5/Train_0023.jpg	5	1.0,1.0,1.0,-1.0,-1.0,-1.0,-1.0,-1.0	0.72234976,1.3984114,0.8749161,-3.5273607,-2.8132532,-2.5165868,-1.4688714,-1.763009
../data/train_data_mmini/5/Train_0024.jpg	5	1.0,1.0,1.0,-1.0,-1.0,-1.0,1.0,1.0	3.6409328,2.0923307,2.7824407,-1.352721,-0.8992005,-1.1996738,0.33608466,2.1295197
../data/train_data_mmini/6/Train_0025.jpg	6	-1.0,1.0,1.0,1.0,1.0,1.0,1.0,1.0	-0.6839872,2.6892269,1.4572968,1.3450773,0.76577634,0.3183805,1.6073384,3.9325275
../data/train_data_mmini/6/Train_0026.jpg	6	1.0,1.0,1.0,1.0,1.0,-1.0,1.0,-1.0	3.6290107,5.0534806,2.0132797,0.8546788,2.0267043,-5.475264,1.0286868,-3.3068721
../data/train_data_mmini/6/Train_0027.jpg	6	1.0,1.0,1.0,1.0,1.0,-1.0,-1.0,-1.0	0.6425252,1.6698906,0.37610292,3.234956,1.2089108,-1.125512,-0.27233174,-1.5132376
../data/train_data_mmini/6/Train_0028.jpg	6	1.0,-1.0,1.0,-1.0,1.0,-1.0,1.0,-1.0	4.777756,-4.679038,0.069573775,-0.9870383,2.1124475,-1.409147,2.9094741,-1.9561864
../data/train_data_mmini/6/Train_0029.jpg	6	-1.0,1.0,1.0,1.0,-1.0,1.0,-1.0,1.0	-2.880581,1.7462294,0.34068736,1.2240678,-1.6460744,2.5882635,-0.053678956,6.045396
../data/train_data_mmini/7/Train_0030.jpg	7	-1.0,1.0,1.0,-1.0,-1.0,-1.0,1.0,1.0	-2.0588787,2.2829645,0.95884115,-1.1369795,-1.524536,-1.2964342,0.5349599,1.5206734
../data/train_data_mmini/7/Train_0031.jpg	7	-1.0,-1.0,1.0,-1.0,-1.0,1.0,1.0,1.0	-2.2055297,-0.27812052,0.024277851,-0.9078427,-0.5551063,0.06589195,0.21725318,0.6489012
../data/train_data_mmini/7/Train_0032.jpg	7	1.0,-1.0,1.0,1.0,1.0,1.0,1.0,1.0	2.3875728,-1.2836225,0.653672,2.4936843,2.3970115,0.9161485,0.8079744,1.0247519
../data/train_data_mmini/7/Train_0033.jpg	7	-1.0,1.0,1.0,1.0,-1.0,-1.0,1.0,-1.0	-0.8550579,3.5539842,0.6961982,0.12952007,-0.52186316,-4.594602,2.2069716,-1.3974524
../data/train_data_mmini/7/Train_0034.jpg	7	1.0,-1.0,1.0,1.0,1.0,-1.0,1.0,-1.0	3.9218357,-1.7735804,0.54181784,2.0512903,1.9156349,-1.0447308,2.015454,-1.2727947
../data/train_data_mmini/8/Train_0035.jpg	8	-1.0,-1.0,1.0,-1.0,-1.0,1.0,-1.0,1.0	-0.30726853,-3.350052,0.04849172,-2.1857216,-2.5587218,2.9025307,-2.0547466,1.5102689
../data/train_data_mmini/8/Train_0036.jpg	8	-1.0,1.0,1.0,-1.0,-1.0,-1.0,1.0,1.0	-3.2335393,0.17175302,0.82195103,-2.023496,-0.47787052,-1.0442877,2.9337873,1.4978116
../data/train_data_mmini/8/Train_0037.jpg	8	1.0,1.0,1.0,1.0,1.0,-1.0,1.0,-1.0	2.709559,0.69594395,1.4713051,2.4877656,2.2185311,-1.9468927,1.1425079,-1.2034314
../data/train_data_mmini/8/Train_0038.jpg	8	-1.0,-1.0,1.0,-1.0,-1.0,1.0,-1.0,1.0	-0.17925024,-1.2454245,0.391035,-1.3452512,-1.7737257,2.3820179,-0.16937298,3.202744
../data/train_data_mmini/8/Train_0039.jpg	8	-1.0,-1.0,1.0,-1.0,-1.0,1.0,-1.0,1.0	-0.75599635,-2.34685,0.742284,-0.6617852,-2.1094,2.1059566,-0.6045934,2.6924865
../data/train_data_mmini/9/Train_0040.jpg	9	1.0,-1.0,1.0,-1.0,-1.0,-1.0,1.0,1.0	2.5830102,-0.2246948,1.5170934,-0.94050837,-0.81217843,-0.56485695,0.24769837,0.7760456
../data/train_data_mmini/9/Train_0041.jpg	9	1.0,1.0,1.0,1.0,-1.0,-1.0,1.0,-1.0	0.15821227,0.7681596,0.47057745,0.9943257,-0.52957743,-3.395111,2.0477834,-1.1183344
../data/train_data_mmini/9/Train_0042.jpg	9	1.0,1.0,1.0,1.0,1.0,1.0,1.0,1.0	4.069904,0.20209086,2.0421605,1.7399864,1.0993553,1.5575143,0.31712762,2.7082005
../data/train_data_mmini/9/Train_0043.jpg	9	1.0,-1.0,1.0,-1.0,-1.0,1.0,-1.0,-1.0	0.018573062,-3.3973188,0.36760688,-2.889316,-1.813174,1.1047705,-0.5572827,-0.08542707
../data/train_data_mmini/9/Train_0044.jpg	9	-1.0,1.0,1.0,1.0,-1.0,1.0,-1.0,1.0	-1.1715839,2.3885992,0.6322175,1.9056795,-0.6956335,2.274683,-0.00465383,4.955631
../data/train_data_mmini/10/Train_0045.jpg	10	-1.0,-1.0,-1.0,1.0,1.0,1.0,-1.0,1.0	-0.5435674,-0.504051,-0.37125185,1.8395861,0.48775476,2.7534783,-1.8777901,1.4047594
../data/train_data_mmini/10/Train_0046.jpg	10	1.0,1.0,1.0,1.0,1.0,1.0,1.0,1.0	0.90985304,0.028883966,0.62735856,1.8542378,1.9896828,1.159796,0.2515249,1.4247954
../data/train_data_mmini/10/Train_0047.jpg	10	1.0,-1.0,1.0,1.0,1.0,1.0,-1.0,1.0	1.3541347,-2.2310238,1.4583718,0.044536076,1.1781539,2.649143,-0.15107556,2.344767
../data/train_data_mmini/10/Train_0048.jpg	10	-1.0,1.0,-1.0,1.0,-1.0,1.0,-1.0,1.0	-3.947544,1.1236115,-0.83392924,1.4887363,-1.3049755,3.523755,-0.33293295,5.531909
../data/train_data_mmini/10/Train_0049.jpg	10	1.0,-1.0,1.0,1.0,-1.0,1.0,-1.0,1.0	2.0695138,-2.3190916,0.672629,0.11891899,-0.8374576,2.3338506,-1.6393803,1.2328596
