../data/train_data_mmini/1/Train_0000.jpg	1	1.0,-1.0,-1.0,1.0,-1.0,1.0,1.0,-1.0,1.0,1.0,1.0,1.0	1.4567049,-1.4805987,-1.3036101,1.3086473,-2.001635,1.1032366,0.6446617,-1.8686396,0.26831186,2.476195,0.71636605,1.4729724
../data/train_data_mmini/1/Train_0001.jpg	1	-1.0,1.0,1.0,1.0,-1.0,-1.0,-1.0,-1.0,1.0,-1.0,1.0,-1.0	-2.3905363,0.45527288,0.11877766,2.9407833,-0.8278242,-0.80829835,-1.436218,-1.2418404,1.1191044,-0.3638514,1.9411364,-0.1989657
../data/train_data_mmini/1/Train_0002.jpg	1	-1.0,-1.0,-1.0,1.0,-1.0,1.0,-1.0,-1.0,-1.0,1.0,1.0,-1.0	-0.15087968,-0.6570032,-2.4878845,1.2893755,-1.0533468,0.74654466,-0.8277494,-3.5920222,-0.49295616,1.3861688,0.7530813,-2.0811307
../data/train_data_mmini/1/Train_0003.jpg	1	-1.0,1.0,-1.0,1.0,-1.0,1.0,1.0,-1.0,1.0,1.0,1.0,1.0	-0.2231502,0.22433971,-0.10141076,0.85862446,-1.1732299,1.0599747,2.1847827,-0.8420814,2.043563,2.5158386,1.0841007,2.7608328
../data/train_data_mmini/1/Train_0004.jpg	1	1.0,1.0,1.0,1.0,-1.0,1.0,1.0,-1.0,-1.0,1.0,1.0,1.0	1.5418823,0.06851786,1.659453,0.68475926,-0.8121884,0.46924704,0.28718525,-0.20567362,-1.8166347,2.7316504,1.1300123,2.1471076
../data/train_data_mmini/2/Train_0005.jpg	2	-1.0,-1.0,1.0,-1.0,-1.0,1.0,1.0,1.0,1.0,-1.0,-1.0,1.0	-1.5456156,-1.1924402,0.45031622,-0.3282881,-0.074489474,0.7270985,1.7195078,0.575328,0.46400312,-1.645575,-1.2866992,0.09975988
../data/train_data_mmini/2/Train_0006.jpg	2	1.0,1.0,-1.0,-1.0,-1.0,1.0,-1.0,1.0,1.0,-1.0,1.0,-1.0	2.2006142,1.764489,-2.435811,-1.2369009,-0.67245436,2.1913965,-0.6379511,1.5998842,2.0735636,-0.022950493,0.8310214,-0.631553
../data/train_data_mmini/2/Train_0007.jpg	2	1.0,-1.0,1.0,1.0,-1.0,-1.0,1.0,1.0,-1.0,1.0,-1.0,1.0	2.6533942,-0.702542,0.64453757,0.73783445,-2.6757672,-0.32347164,0.2010966,0.095619455,-0.2080541,3.521956,-1.2381109,1.8323482
../data/train_data_mmini/2/Train_0008.jpg	2	-1.0,-1.0,-1.0,1.0,1.0,-1.0,-1.0,1.0,-1.0,1.0,-1.0,-1.0	-0.6385513,-1.1811333,-1.4637271,0.7776437,0.2746912,-0.01581832,-3.6137538,1.2737166,-1.0469985,1.7694019,-3.7671556,-2.4893322
../data/train_data_mmini/2/Train_0009.jpg	2	1.0,-1.0,1.0,1.0,-1.0,1.0,1.0,-1.0,1.0,-1.0,-1.0,1.0	1.0072132,-1.708959,1.2628405,1.2409444,-0.88677,1.5246348,0.9123283,-0.2854178,1.1451627,-1.3582984,-3.2774634,0.25435823
../data/train_data_mmini/3/Train_0010.jpg	3	-1.0,1.0,1.0,1.0,-1.0,-1.0,-1.0,1.0,1.0,-1.0,-1.0,-1.0	-0.36060154,1.4110332,0.12676948,0.86205053,-0.6659009,-1.5283632,-2.8049316,3.1547563,0.948177,-0.4498948,-0.8945893,-1.3261237
../data/train_data_mmini/3/Train_0011.jpg	3	-1.0,1.0,1.0,1.0,-1.0,1.0,-1.0,-1.0,-1.0,1.0,-1.0,-1.0	-1.7765553,0.4179581,1.2428938,0.38789365,-2.1628382,1.0741161,-2.0540266,-1.9967885,-1.6380105,0.21357745,-0.42592996,-2.052619
../data/train_data_mmini/3/Train_0012.jpg	3	-1.0,-1.0,1.0,1.0,-1.0,1.0,-1.0,-1.0,1.0,-1.0,1.0,-1.0	-1.8862412,-0.7025875,1.5330411,2.8875413,-1.0161104,3.1717377,-1.0764577,-2.841988,0.3679771,-0.7256355,3.1089125,-0.061210655
../data/train_data_mmini/3/Train_0013.jpg	3	1.0,-1.0,-1.0,1.0,-1.0,-1.0,-1.0,-1.0,-1.0,-1.0,1.0,-1.0	1.400607,-1.0914603,-3.0482776,0.28331244,-0.09125977,-0.5796661,-0.89915574,-0.5232227,-0.041986648,-2.0581264,0.8334151,-2.5683022
../data/train_data_mmini/3/Train_0014.jpg	3	-1.0,-1.0,1.0,-1.0,1.0,1.0,-1.0,1.0,-1.0,-1.0,-1.0,-1.0	-0.7074831,-0.35348248,2.0864131,-0.8162089,0.7469784,0.8045854,-0.94770396,0.13069269,-1.4671514,-0.6637242,-1.2756364,-2.3739533
../data/train_data_mmini/4/Train_0015.jpg	4	1.0,-1.0,-1.0,1.0,-1.0,1.0,-1.0,-1.0,-1.0,-1.0,-1.0,1.0	0.5312711,-2.150466,-1.7216595,1.8237302,-0.7753849,2.108452,-1.9218727,-2.5665064,-1.232442,-1.199868,-0.913155,2.9442904
../data/train_data_mmini/4/Train_0016.jpg	4	-1.0,-1.0,-1.0,1.0,-1.0,-1.0,-1.0,-1.0,1.0,-1.0,-1.0,-1.0	-3.5380049,-1.4068363,-2.8821414,2.2938056,-0.8561571,-0.23710224,-0.2582298,-1.323699,3.5482163,-1.1472794,-2.2362602,-1.6813748
../data/train_data_mmini/4/Train_0017.jpg	4	-1.0,1.0,-1.0,1.0,-1.0,1.0,-1.0,-1.0,1.0,-1.0,1.0,-1.0	-1.8283547,0.15854795,-1.532881,0.107140064,-2.1863766,2.6219683,-1.4345146,-0.41179213,0.8944153,-1.3708845,0.6806306,-2.2139995
../data/train_data_mmini/4/Train_0018.jpg	4	-1.0,-1.0,1.0,1.0,-1.0,-1.0,-1.0,1.0,-1.0,-1.0,-1.0,1.0	-0.79120046,-1.5262764,0.89476186,0.9834506,-0.67347366,-0.4631359,-0.4678061,0.4342188,-0.027924296,-1.2635194,-3.7274837,0.72944343
../data/train_data_mmini/4/Train_0019.jpg	4	1.0,1.0,-1.0,-1.0,1.0,1.0,1.0,-1.0,1.0,-1.0,1.0,-1.0	2.101141,2.8231034,-0.7583476,-2.7559931,0.6491752,1.6925135,0.46588522,-0.08765192,0.45638108,-0.63184595,2.406105,-0.9722866
../data/train_data_mmini/5/Train_0020.jpg	5	1.0,1.0,1.0,1.0,1.0,-1.0,1.0,-1.0,1.0,1.0,1.0,1.0	0.4759937,0.0960707,2.8840046,1.4118124,0.19727996,-0.69855523,2.282601,-0.4345021,0.45869675,2.5986128,0.89371943,0.1374457
../data/train_data_mmini/5/Train_0021.jpg	5	-1.0,-1.0,-1.0,-1.0,1.0,-1.0,1.0,-1.0,-1.0,-1.0,-1.0,1.0	-0.20044324,-0.88272154,-1.4226375,-1.5995097,0.96051514,-0.30583552,0.88308436,-1.7767711,-2.6648293,-0.19694218,-0.36375526,3.0601108
../data/train_data_mmini/5/Train_0022.jpg	5	1.0,-1.0,1.0,1.0,-1.0,1.0,-1.0,1.0,1.0,1.0,-1.0,1.0	2.4147253,-0.7908472,0.3876986,1.1563687,-0.60255885,1.8735203,-2.2611425,1.9171711,0.5644236,1.2809966,-1.4818078,0.20645106
../data/train_data_mmini/5/Train_0023.jpg	5	1.0,-1.0,1.0,1.0,-1.0,-1.0,1.0,1.0,1.0,1.0,-1.0,1.0	1.7341056,-0.29050615,0.33756438,1.160771,-1.4410634,-1.3965664,1.2044402,0.1690302,1.1984091,2.6409583,-0.47641054,3.1617844
../data/train_data_mmini/5/Train_0024.jpg	5	1.0,-1.0,1.0,-1.0,-1.0,1.0,1.0,-1.0,-1.0,1.0,1.0,1.0	2.578201,-0.93754464,0.42368194,-0.12684095,-3.2694478,0.17756344,3.1435466,-1.5816109,-0.75173455,1.1867316,0.53450173,3.5196648
../data/train_data_mmini/6/Train_0025.jpg	6	1.0,1.0,-1.0,-1.0,-1.0,1.0,1.0,-1.0,1.0,-1.0,1.0,-1.0	0.6414974,0.541152,-1.1594977,-0.9688443,-3.4197712,0.5718901,1.1596646,-0.25448886,1.0791843,-1.6314828,2.8596766,-0.9292361
../data/train_data_mmini/6/Train_0026.jpg	6	-1.0,1.0,1.0,1.0,-1.0,1.0,1.0,-1.0,-1.0,1.0,-1.0,1.0	-2.0790317,0.1345718,3.6622443,1.0652319,-1.2396537,0.026599932,1.4635512,-1.4468685,-0.6930352,0.37189648,-1.3498634,1.3488104
../data/train_data_mmini/6/Train_0027.jpg	6	-1.0,1.0,1.0,1.0,-1.0,-1.0,-1.0,1.0,1.0,-1.0,-1.0,-1.0	-1.3062729,1.2612097,1.0585533,1.1116971,-1.945885,-0.06969496,-2.4528286,1.2734368,1.9472147,-2.0798275,-1.726513,-1.5738647
../data/train_data_mmini/6/Train_0028.jpg	6	1.0,-1.0,-1.0,-1.0,-1.0,-1.0,-1.0,-1.0,-1.0,1.0,-1.0,-1.0	0.7261471,-0.052292533,-0.58789384,-1.0551877,-2.7158463,-0.25646886,-0.7730057,-0.7393698,-0.70124394,2.2383735,-2.7415547,-2.5486991
../data/train_data_mmini/6/Train_0029.jpg	6	1.0,-1.0,-1.0,1.0,-1.0,1.0,1.0,1.0,1.0,-1.0,1.0,1.0	2.8453991,-2.9061282,-1.0551203,1.3998016,-2.1562912,1.8862957,0.2467426,1.0014992,1.138117,-2.950846,0.5247387,0.9811476
../data/train_data_mmini/7/Train_0030.jpg	7	-1.0,-1.0,-1.0,1.0,-1.0,1.0,1.0,-1.0,1.0,-1.0,-1.0,1.0	-0.84129816,-0.6204611,-1.4578627,1.4585798,-1.2912169,2.7158015,0.79871595,-0.6718001,3.3216937,-0.8253489,-0.6677087,0.3426216
../data/train_data_mmini/7/Train_0031.jpg	7	-1.0,-1.0,-1.0,1.0,-1.0,-1.0,1.0,1.0,1.0,-1.0,-1.0,-1.0	-0.93155164,-3.2143419,-2.0015168,1.3250544,-0.35993046,-0.700275,1.5765299,0.8179475,0.5959583,-0.96985114,-1.0843916,-2.1276305
../data/train_data_mmini/7/Train_0032.jpg	7	-1.0,-1.0,1.0,-1.0,-1.0,1.0,-1.0,1.0,-1.0,-1.0,-1.0,-1.0	-2.263038,-1.2079906,2.0419197,-0.84925324,-0.18555258,0.05697586,-0.18223092,0.2800139,-2.0940704,-3.2225347,-1.1081098,-1.6010541
../data/train_data_mmini/7/Train_0033.jpg	7	1.0,-1.0,1.0,1.0,-1.0,1.0,1.0,1.0,1.0,1.0,-1.0,-1.0	0.72021395,-0.7426952,2.4609957,1.3108314,-1.8701186,2.2488885,1.7954365,1.6364579,2.349798,1.5598068,-0.9376002,-1.2694033
../data/train_data_mmini/7/Train_0034.jpg	7	-1.0,1.0,1.0,-1.0,-1.0,-1.0,-1.0,1.0,-1.0,1.0,1.0,-1.0	-1.3188136,2.6229508,1.3220558,-2.4768596,-2.6172667,-0.493284,-1.642953,1.4890039,-1.4001456,0.49276116,0.070748225,-2.2530863
../data/train_data_mmini/8/Train_0035.jpg	8	1.0,-1.0,-1.0,1.0,-1.0,1.0,-1.0,1.0,1.0,-1.0,-1.0,1.0	2.3724222,-1.9973018,-0.47540593,0.93559676,-1.9405805,1.8077236,-2.1075785,1.9923193,0.23102826,-2.5587199,-1.5061306,1.5892588
../data/train_data_mmini/8/Train_0036.jpg	8	1.0,-1.0,1.0,-1.0,-1.0,1.0,1.0,1.0,1.0,-1.0,-1.0,-1.0	0.7623314,-2.8513074,0.8611043,-0.08162845,-1.8228096,2.7258759,1.1600201,1.7619854,0.5490331,-0.77710664,-1.8761556,-1.6239227
../data/train_data_mmini/8/Train_0037.jpg	8	-1.0,-1.0,1.0,-1.0,-1.0,1.0,1.0,-1.0,-1.0,-1.0,-1.0,-1.0	-2.069563,-1.1421152,0.03108664,-0.5798847,-3.5032742,0.48937824,0.890591,-0.30587414,-0.24817318,-1.499849,-3.0053654,-0.6088823
../data/train_data_mmini/8/Train_0038.jpg	8	-1.0,-1.0,-1.0,1.0,-1.0,-1.0,-1.0,1.0,1.0,-1.0,-1.0,-1.0	-0.9697251,-1.0594866,-2.6857195,1.861189,-0.3396032,-0.08209561,-1.3938819,0.7323846,1.0407529,-1.6866184,-0.72709316,-0.6266907
../data/train_data_mmini/8/Train_0039.jpg	8	1.0,-1.0,1.0,1.0,-1.0,1.0,-1.0,1.0,-1.0,-1.0,-1.0,1.0	3.90799,-3.0881786,1.5230917,0.8420465,-3.9418976,2.3285964,-0.5536385,1.6555128,-0.43510196,-3.2600744,-0.19548857,1.0178599
../data/train_data_mmini/9/Train_0040.jpg	9	1.0,-1.0,1.0,-1.0,-1.0,1.0,-1.0,-1.0,-1.0,1.0,-1.0,1.0	0.74551195,-0.9105517,0.24510358,-0.0045468807,-1.3923203,3.1115863,-1.3450457,-1.5059862,-2.3276567,1.314777,-0.7839124,1.6442913
../data/train_data_mmini/9/Train_0041.jpg	9	-1.0,1.0,1.0,1.0,-1.0,-1.0,1.0,-1.0,1.0,-1.0,1.0,-1.0	-0.41268444,0.13564193,1.2464929,0.61286265,-0.75328517,-1.5412095,1.026093,-0.308885,0.9909688,-0.1508789,0.832004,-3.3448594
../data/train_data_mmini/9/Train_0042.jpg	9	-1.0,-1.0,-1.0,1.0,-1.0,1.0,-1.0,-1.0,-1.0,-1.0,-1.0,1.0	-1.2269477,-0.1000498,-0.7598091,0.86866033,-0.76393116,0.648565,-2.2109134,-2.1872253,-2.29166,-0.54472816,-0.5486762,2.1513312
../data/train_data_mmini/9/Train_0043.jpg	9	1.0,1.0,-1.0,-1.0,-1.0,1.0,-1.0,1.0,1.0,-1.0,-1.0,1.0	2.1691315,0.48933843,-0.70557237,-1.2543112,-0.15583162,1.69157,-1.8151456,1.7380662,0.42484182,-0.13387385,-2.3758638,0.9425653
../data/train_data_mmini/9/Train_0044.jpg	9	1.0,1.0,-1.0,1.0,-1.0,1.0,-1.0,-1.0,1.0,-1.0,1.0,1.0	0.8086212,1.1517668,-0.4561889,0.14613822,-0.98945224,2.3219552,-0.17214653,-0.21649332,1.2502422,-2.6171029,1.5527718,1.8263004
../data/train_data_mmini/10/Train_0045.jpg	10	1.0,-1.0,1.0,1.0,-1.0,1.0,1.0,1.0,-1.0,-1.0,-1.0,-1.0	4.2968564,-4.90203,2.9261217,0.37218928,-4.478537,1.5692835,1.2229313,2.230739,-0.3877725,-3.9818385,-0.32008776,-0.5649958
../data/train_data_mmini/10/Train_0046.jpg	10	-1.0,1.0,1.0,-1.0,-1.0,1.0,-1.0,1.0,-1.0,-1.0,-1.0,-1.0	-0.84237176,1.1022335,0.35158762,-0.9063569,-1.9448134,1.8478081,-2.0131614,0.3600577,-0.46900064,-2.1044266,-0.5248657,-1.0500064
../data/train_data_mmini/10/Train_0047.jpg	10	1.0,-1.0,1.0,-1.0,-1.0,1.0,1.0,1.0,-1.0,-1.0,1.0,-1.0	2.2217152,-2.432391,0.023070643,-3.03283,-2.8660152,0.67578083,2.3902128,1.9397879,-1.70766,-3.526812,0.01356169,-1.3013796
../data/train_data_mmini/10/Train_0048.jpg	10	1.0,-1.0,1.0,-1.0,-1.0,1.0,1.0,1.0,-1.0,-1.0,1.0,-1.0	1.9170706,-2.5918212,2.8309612,-0.20219016,-0.7725776,3.0469923,0.8596699,0.9149944,-1.1825764,-3.4310124,0.7859499,-0.44228297
../data/train_data_mmini/10/Train_0049.jpg	10	1.0,-1.0,1.0,-1.0,-1.0,1.0,1.0,1.0,-1.0,-1.0,1.0,1.0	3.0433512,-1.1106652,0.9956793,-0.8651222,-4.3929114,0.5278754,0.5609357,1.0282346,-0.87923366,-3.0216758,0.18470335,0.6632647
