../data/train_data_mmini/1/Train_0000.jpg	1	-1.0,-1.0,1.0,-1.0,-1.0,1.0,-1.0,1.0,1.0,-1.0,1.0,1.0,1.0,1.0,-1.0,1.0,1.0,1.0,1.0,-1.0,1.0,-1.0,-1.0,-1.0	-0.80502784,-5.411206,0.48836452,-0.8553056,-2.8933558,1.4090946,-3.6689224,0.46614444,0.79399043,-1.4836377,1.730029,2.7365737,6.4783254,3.6032696,-8.645108,4.5149307,2.5671628,3.9211464,1.1703992,-4.109035,1.5926481,-5.25983,-4.4628463,-0.78941864
../data/train_data_mmini/1/Train_0001.jpg	1	-1.0,-1.0,1.0,-1.0,-1.0,1.0,-1.0,1.0,1.0,-1.0,1.0,1.0,1.0,1.0,-1.0,1.0,1.0,1.0,1.0,-1.0,1.0,-1.0,-1.0,-1.0	-1.0072658,-6.515144,0.39906806,-0.88936424,-3.4577627,1.6640204,-4.4414954,0.5836521,0.84049577,-1.8632845,1.806837,3.242872,7.6083884,4.223844,-10.328495,5.3443384,2.8920572,4.657979,1.501731,-4.986588,2.1370409,-6.343581,-5.1425157,-1.0854654
../data/train_data_mmini/1/Train_0002.jpg	1	-1.0,-1.0,1.0,-1.0,-1.0,1.0,-1.0,-1.0,1.0,-1.0,1.0,1.0,1.0,1.0,-1.0,1.0,1.0,1.0,1.0,-1.0,1.0,-1.0,-1.0,-1.0	-0.44054544,-4.915105,0.9480499,-0.37872368,-2.7736354,1.6128191,-3.2139635,-0.10730314,0.4469906,-0.80740577,1.9026229,2.201882,5.7981954,3.7683895,-8.237577,4.39808,2.5003693,3.5879767,1.2064499,-4.126663,1.4284935,-4.8578587,-4.0754266,-0.85377073
../data/train_data_mmini/1/Train_0003.jpg	1	-1.0,-1.0,1.0,-1.0,-1.0,1.0,-1.0,1.0,1.0,-1.0,1.0,1.0,1.0,1.0,-1.0,1.0,1.0,1.0,1.0,-1.0,1.0,-1.0,-1.0,-1.0	-0.9669602,-5.6930695,0.57612425,-0.86082083,-3.127965,1.4954255,-3.889204,0.63303655,0.9073654,-1.5845941,1.8612964,3.2607765,6.9563227,3.8198137,-9.464727,4.8800077,2.6997654,4.1449537,1.2274332,-4.3071213,1.5000944,-5.734685,-4.839874,-0.8279991
../data/train_data_mmini/1/Train_0004.jpg	1	-1.0,-1.0,1.0,-1.0,-1.0,1.0,-1.0,1.0,1.0,-1.0,1.0,1.0,1.0,1.0,-1.0,1.0,1.0,1.0,1.0,-1.0,1.0,-1.0,-1.0,-1.0	-0.9411982,-5.9131646,0.6574756,-0.96264195,-3.1937416,1.775398,-4.043279,0.73696536,0.7528826,-1.7883718,1.9067146,3.0429235,7.3018565,4.071882,-9.805234,5.0301323,2.8256776,4.481911,1.1128616,-4.5517693,1.850465,-5.859701,-5.214504,-1.0438871
../data/train_data_mmini/2/Train_0005.jpg	2	-1.0,-1.0,1.0,-1.0,-1.0,1.0,-1.0,1.0,1.0,-1.0,1.0,1.0,1.0,1.0,-1.0,1.0,1.0,1.0,1.0,-1.0,1.0,-1.0,-1.0,-1.0	-0.89601815,-6.7685094,0.6146962,-0.8940389,-3.6118069,1.8311099,-4.264582,0.39740625,0.8534636,-1.7461157,1.8272626,3.0492816,7.8252945,4.642272,-10.530413,5.386023,3.2538493,4.52844,1.7827411,-4.910432,2.5846965,-6.4070525,-5.3552237,-1.0373179
../data/train_data_mmini/2/Train_0006.jpg	2	-1.0,-1.0,1.0,-1.0,-1.0,1.0,-1.0,1.0,1.0,-1.0,1.0,1.0,1.0,1.0,-1.0,1.0,1.0,1.0,1.0,-1.0,1.0,-1.0,-1.0,-1.0	-0.9472703,-5.9023476,0.3536711,-0.59768945,-3.346952,1.3442522,-3.7188141,0.38162228,0.48743892,-1.4952359,1.7064104,3.0722687,6.833114,4.008639,-9.45451,4.870995,3.008556,3.9124022,1.9707216,-4.369816,2.3127348,-5.782104,-4.602923,-0.6287313
../data/train_data_mmini/2/Train_0007.jpg	2	-1.0,-1.0,1.0,-1.0,-1.0,1.0,-1.0,1.0,1.0,-1.0,1.0,1.0,1.0,1.0,-1.0,1.0,1.0,1.0,1.0,-1.0,1.0,-1.0,-1.0,-1.0	-0.9089925,-5.477012,0.5803862,-0.855108,-2.9578962,1.3689069,-3.7648883,0.79419315,0.74566627,-1.7289503,1.6298344,2.9184475,6.8922744,3.7778158,-9.317804,4.678909,2.8430576,4.073284,1.2130518,-4.0539913,1.7437322,-5.59648,-4.8698077,-0.7653192
../data/train_data_mmini/2/Train_0008.jpg	2	-1.0,-1.0,1.0,-1.0,-1.0,1.0,-1.0,1.0,1.0,-1.0,1.0,1.0,1.0,1.0,-1.0,1.0,1.0,1.0,1.0,-1.0,1.0,-1.0,-1.0,-1.0	-0.6959357,-6.075679,0.708201,-0.6076793,-3.2618546,1.6228963,-3.9239395,0.21713692,0.5901547,-1.4163781,1.8652312,2.5367026,6.9453063,4.114685,-9.4521885,4.760944,2.9968352,3.9530473,1.6250045,-4.662305,2.1937242,-5.4497232,-4.555289,-0.90099794
../data/train_data_mmini/2/Train_0009.jpg	2	-1.0,-1.0,1.0,-1.0,-1.0,1.0,-1.0,1.0,1.0,-1.0,1.0,1.0,1.0,1.0,-1.0,1.0,1.0,1.0,1.0,-1.0,1.0,-1.0,-1.0,-1.0	-1.2756618,-7.3182807,0.39878613,-1.047716,-3.7937212,1.6231891,-4.4825835,0.52166194,0.5225747,-1.7554998,2.088395,3.2682183,8.096501,4.923661,-11.046413,5.939024,3.4607575,5.1742907,1.9140295,-5.2702155,2.6366448,-6.981891,-5.720719,-1.1954274
../data/train_data_mmini/3/Train_0010.jpg	3	-1.0,-1.0,1.0,-1.0,-1.0,1.0,-1.0,1.0,1.0,-1.0,1.0,1.0,1.0,1.0,-1.0,1.0,1.0,1.0,1.0,-1.0,1.0,-1.0,-1.0,-1.0	-0.66834927,-6.030986,0.7367442,-0.3841668,-3.3823285,1.4518117,-3.6979954,0.2500562,0.47480664,-1.4709164,1.6173552,2.5965345,6.831746,4.27816,-9.667022,4.7209163,3.28741,3.7421668,1.8014138,-4.277344,2.774058,-5.686075,-4.766909,-0.9579231
../data/train_data_mmini/3/Train_0011.jpg	3	-1.0,-1.0,1.0,-1.0,-1.0,1.0,-1.0,1.0,1.0,-1.0,1.0,1.0,1.0,1.0,-1.0,1.0,1.0,1.0,1.0,-1.0,1.0,-1.0,-1.0,-1.0	-0.5597067,-5.6768727,0.9605634,-0.7708172,-3.137287,1.8798912,-3.4444084,0.22956449,0.501398,-1.2445176,2.0129166,2.1864052,6.6067286,4.3303266,-9.277591,4.9603434,2.7403321,4.1712217,0.91607755,-4.7603908,2.105232,-5.491301,-4.5925655,-1.1611516
../data/train_data_mmini/3/Train_0012.jpg	3	-1.0,-1.0,1.0,-1.0,-1.0,1.0,-1.0,1.0,1.0,-1.0,1.0,1.0,1.0,1.0,-1.0,1.0,1.0,1.0,1.0,-1.0,1.0,-1.0,-1.0,-1.0	-1.2244754,-6.4388757,0.5707961,-1.2002147,-3.5232224,1.9769242,-4.079428,1.1211873,0.7286574,-1.7549762,2.0055528,3.3444674,7.6258516,4.3634963,-10.64796,5.6979156,2.7088032,5.282271,0.8758407,-5.259295,1.9485523,-6.625647,-5.590705,-1.3193471
../data/train_data_mmini/3/Train_0013.jpg	3	-1.0,-1.0,1.0,-1.0,-1.0,1.0,-1.0,1.0,1.0,-1.0,1.0,1.0,1.0,1.0,-1.0,1.0,1.0,1.0,1.0,-1.0,1.0,-1.0,-1.0,-1.0	-0.97776204,-6.8328238,0.47847205,-0.5927236,-3.7985373,1.6921824,-4.39453,0.28405645,0.6515968,-1.463134,2.0163176,3.1625605,7.7851977,4.5003786,-10.833465,5.469102,3.2018435,4.4974303,2.299858,-5.3871665,2.74515,-6.4572315,-5.1256576,-0.9595132
../data/train_data_mmini/3/Train_0014.jpg	3	-1.0,-1.0,1.0,-1.0,-1.0,1.0,-1.0,1.0,1.0,-1.0,1.0,1.0,1.0,1.0,-1.0,1.0,1.0,1.0,1.0,-1.0,1.0,-1.0,-1.0,-1.0	-0.9908076,-6.993245,0.7085226,-0.91893446,-3.7480192,1.8878046,-4.2048097,0.48940486,0.71070653,-1.8939104,1.982631,2.9019814,7.8691897,4.785925,-10.796493,5.5831456,3.315584,4.7960243,1.662111,-5.201585,2.6820235,-6.518851,-5.459309,-1.1625111
../data/train_data_mmini/4/Train_0015.jpg	4	-1.0,-1.0,1.0,-1.0,-1.0,1.0,-1.0,1.0,1.0,-1.0,1.0,1.0,1.0,1.0,-1.0,1.0,1.0,1.0,1.0,-1.0,1.0,-1.0,-1.0,-1.0	-0.6371278,-5.750972,0.68814933,-0.9706342,-3.2078285,1.6550709,-3.7064528,0.4113805,0.6982757,-1.2190735,1.7667024,2.845544,6.6442695,3.9646373,-9.139095,4.78451,2.6129835,4.2688417,1.2437239,-4.7542777,1.5621448,-5.58968,-4.7708764,-0.71650434
../data/train_data_mmini/4/Train_0016.jpg	4	-1.0,-1.0,1.0,-1.0,-1.0,1.0,-1.0,1.0,1.0,-1.0,1.0,1.0,1.0,1.0,-1.0,1.0,1.0,1.0,1.0,-1.0,1.0,-1.0,-1.0,-1.0	-0.86991787,-5.876262,0.6571818,-0.5365484,-2.9509113,1.413749,-3.572733,0.24131927,0.7334096,-1.3312192,1.755232,2.5480814,6.5470157,3.7676947,-8.912293,4.7521377,2.718334,3.7829442,1.3103013,-4.4129925,2.0591743,-5.543922,-4.3947043,-0.9014251
../data/train_data_mmini/4/Train_0017.jpg	4	-1.0,-1.0,1.0,-1.0,-1.0,1.0,-1.0,1.0,1.0,-1.0,1.0,1.0,1.0,1.0,-1.0,1.0,1.0,1.0,1.0,-1.0,1.0,-1.0,-1.0,-1.0	-1.184254,-7.2864685,0.70048326,-0.645728,-4.046358,1.8068784,-4.2404037,0.44555262,0.5954724,-1.4910927,2.281924,3.5436773,7.9510865,4.8858075,-11.383893,6.1871886,3.3813553,5.004748,1.9306538,-5.5669556,2.8187687,-7.1962056,-5.6345344,-1.1209614
../data/train_data_mmini/4/Train_0018.jpg	4	-1.0,-1.0,1.0,-1.0,-1.0,1.0,-1.0,1.0,1.0,-1.0,1.0,1.0,1.0,1.0,-1.0,1.0,1.0,1.0,1.0,-1.0,1.0,-1.0,-1.0,-1.0	-0.61822903,-5.5449276,0.6393469,-0.65514696,-2.792704,1.4246784,-3.218812,0.056460485,0.5246973,-1.3196231,1.6101687,1.9739387,6.1333485,4.072536,-8.10176,4.289647,2.8087528,3.553652,1.430764,-3.988141,2.289244,-4.9056034,-4.077565,-0.82769054
../data/train_data_mmini/4/Train_0019.jpg	4	-1.0,-1.0,1.0,-1.0,-1.0,1.0,-1.0,1.0,1.0,-1.0,1.0,1.0,1.0,1.0,-1.0,1.0,1.0,1.0,1.0,-1.0,1.0,-1.0,-1.0,-1.0	-0.9056503,-6.4632425,0.6634436,-0.4043149,-3.768043,1.6820194,-4.223835,0.5344596,0.55048054,-1.503493,1.9117588,3.5619771,7.793864,4.3872247,-10.929108,5.4155107,3.1541283,4.556825,2.128023,-4.9846234,2.3754916,-6.557498,-5.2801676,-0.96297246
../data/train_data_mmini/5/Train_0020.jpg	5	-1.0,-1.0,1.0,-1.0,-1.0,1.0,-1.0,1.0,1.0,-1.0,1.0,1.0,1.0,1.0,-1.0,1.0,1.0,1.0,1.0,-1.0,1.0,-1.0,-1.0,-1.0	-1.0821793,-6.373142,0.54473656,-0.91902107,-3.4287944,1.7990874,-4.22918,0.5555586,0.75663835,-1.8616273,1.9860567,3.3625364,7.7133417,4.4047694,-10.48968,5.424714,2.989008,4.6619115,1.5764445,-4.794801,1.7102071,-6.2762985,-5.306795,-1.0039942
../data/train_data_mmini/5/Train_0021.jpg	5	-1.0,-1.0,1.0,-1.0,-1.0,1.0,-1.0,1.0,1.0,-1.0,1.0,1.0,1.0,1.0,-1.0,1.0,1.0,1.0,1.0,-1.0,1.0,-1.0,-1.0,-1.0	-0.99834013,-7.4687285,0.7867821,-1.0779411,-4.1652994,2.136969,-4.9536624,0.51927465,0.87992173,-1.8520911,2.384155,3.542301,8.772261,5.136783,-12.104398,6.2498045,3.5244527,5.317127,1.7097358,-6.041929,2.2157648,-7.1043887,-6.191145,-1.1403793
../data/train_data_mmini/5/Train_0022.jpg	5	-1.0,-1.0,1.0,-1.0,-1.0,1.0,-1.0,1.0,1.0,-1.0,1.0,1.0,1.0,1.0,-1.0,1.0,1.0,1.0,1.0,-1.0,1.0,-1.0,-1.0,-1.0	-0.97754836,-5.55604,0.38470227,-0.804054,-3.000059,1.3162113,-3.7205086,0.6265868,0.5790866,-1.6136607,1.5655223,2.84941,6.757654,3.7052717,-9.079626,4.6925282,2.8185093,4.0603085,1.4892828,-4.0432243,1.9328698,-5.524868,-4.6271863,-0.88961923
../data/train_data_mmini/5/Train_0023.jpg	5	-1.0,-1.0,1.0,-1.0,-1.0,1.0,-1.0,1.0,1.0,-1.0,1.0,1.0,1.0,1.0,-1.0,1.0,1.0,1.0,1.0,-1.0,1.0,-1.0,-1.0,-1.0	-0.8446531,-5.3166223,0.4855012,-0.93810946,-2.934765,1.4819814,-3.542915,0.5305304,0.65102863,-1.6183112,1.7245518,2.8821976,6.6587424,3.7750018,-8.85838,4.5850596,2.5258722,4.0053644,1.2871839,-4.0221043,1.4310929,-5.2999754,-4.619535,-0.77402586
../data/train_data_mmini/5/Train_0024.jpg	5	-1.0,-1.0,1.0,-1.0,-1.0,1.0,-1.0,1.0,1.0,-1.0,1.0,1.0,1.0,1.0,-1.0,1.0,1.0,1.0,1.0,-1.0,1.0,-1.0,-1.0,-1.0	-0.8164445,-6.1179805,1.0044736,-0.9894209,-3.3524635,1.7253188,-3.9348035,0.63447064,0.84297925,-1.7878592,1.9852136,3.0263214,7.4812245,4.411398,-10.288036,5.187353,3.086938,4.436319,1.2442526,-4.79463,1.8986226,-6.094801,-5.335434,-0.86757916
../data/train_data_mmini/6/Train_0025.jpg	6	-1.0,-1.0,1.0,-1.0,-1.0,1.0,-1.0,1.0,1.0,-1.0,1.0,1.0,1.0,1.0,-1.0,1.0,1.0,1.0,1.0,-1.0,1.0,-1.0,-1.0,-1.0	-1.0532415,-6.1656284,0.85381365,-0.31569144,-3.5106492,1.8069587,-3.853343,0.9891582,0.60006565,-1.7767096,1.7173902,3.3847392,7.5599127,4.424585,-11.216043,5.4625726,3.2823682,4.3911133,1.8532926,-4.6035285,2.851661,-6.6512666,-5.6884694,-1.0219781
../data/train_data_mmini/6/Train_0026.jpg	6	-1.0,-1.0,1.0,-1.0,-1.0,1.0,-1.0,1.0,1.0,-1.0,1.0,1.0,1.0,1.0,-1.0,1.0,1.0,1.0,1.0,-1.0,1.0,-1.0,-1.0,-1.0	-0.9031786,-6.303486,0.73679,-0.95791036,-3.3379521,1.5550871,-3.8726082,0.17529202,0.5043226,-1.5015652,2.0346057,3.0142317,7.09752,4.4148765,-9.586713,5.0697203,3.2782829,4.3203797,1.6060666,-4.66819,2.0363724,-6.095623,-4.873949,-0.7840224
../data/train_data_mmini/6/Train_0027.jpg	6	-1.0,-1.0,1.0,-1.0,-1.0,1.0,-1.0,1.0,1.0,-1.0,1.0,1.0,1.0,1.0,-1.0,1.0,1.0,1.0,1.0,-1.0,1.0,-1.0,-1.0,-1.0	-1.0188694,-5.7723465,0.50731474,-0.70917207,-2.9390213,1.4160103,-3.410387,0.47783643,0.3547249,-1.5887764,1.532082,2.365891,6.6189523,4.0396037,-9.214966,4.5903406,2.9670837,3.9049077,1.4109968,-4.083046,2.4944422,-5.412887,-4.5947866,-1.0159068
../data/train_data_mmini/6/Train_0028.jpg	6	-1.0,-1.0,1.0,-1.0,-1.0,1.0,-1.0,1.0,1.0,-1.0,1.0,1.0,1.0,1.0,-1.0,1.0,1.0,1.0,1.0,-1.0,1.0,-1.0,-1.0,-1.0	-0.7429402,-5.3945007,0.8310901,-0.6985735,-2.8843524,1.676025,-3.4242396,0.26247248,0.5246642,-1.5148377,1.7726159,2.253894,6.4195294,3.8986502,-8.755651,4.6516795,2.8489745,3.8396716,1.2400131,-4.258729,1.9600973,-5.212652,-4.3126073,-0.858221
../data/train_data_mmini/6/Train_0029.jpg	6	-1.0,-1.0,1.0,-1.0,-1.0,1.0,-1.0,1.0,1.0,-1.0,1.0,1.0,1.0,1.0,-1.0,1.0,1.0,1.0,1.0,-1.0,1.0,-1.0,-1.0,-1.0	-0.84695566,-6.0934544,0.77028865,-0.25021294,-3.3401022,1.2581317,-3.8218856,0.3604669,0.5475414,-1.0307167,1.9802091,3.0212522,6.8603454,4.361945,-10.089545,5.2255225,3.2699287,4.093798,1.9749414,-4.3316174,2.6268706,-6.189453,-5.109372,-0.91391253
../data/train_data_mmini/7/Train_0030.jpg	7	-1.0,-1.0,1.0,-1.0,-1.0,1.0,-1.0,1.0,1.0,-1.0,1.0,1.0,1.0,1.0,-1.0,1.0,1.0,1.0,1.0,-1.0,1.0,-1.0,-1.0,-1.0	-1.1571456,-6.8160176,0.25919193,-1.1152681,-3.611021,1.4871514,-4.4328694,0.65764135,0.74811363,-1.7865362,1.8545583,3.3777182,7.970576,4.3287907,-10.771073,5.5366297,3.1173928,4.7994676,1.7822472,-4.963201,2.3163009,-6.7294245,-5.4613013,-1.0089221
../data/train_data_mmini/7/Train_0031.jpg	7	-1.0,-1.0,1.0,-1.0,-1.0,1.0,-1.0,1.0,1.0,-1.0,1.0,1.0,1.0,1.0,-1.0,1.0,1.0,1.0,1.0,-1.0,1.0,-1.0,-1.0,-1.0	-1.3728667,-8.2823515,0.68317336,-0.92962265,-4.519768,2.033575,-4.987,0.45551053,0.7406824,-2.009627,2.4318461,3.819703,9.189243,5.8378444,-12.865513,6.899325,4.14172,5.577475,2.4229133,-6.2989793,3.2948747,-8.138521,-6.477311,-1.1922407
../data/train_data_mmini/7/Train_0032.jpg	7	-1.0,-1.0,1.0,-1.0,-1.0,1.0,-1.0,1.0,1.0,-1.0,1.0,1.0,1.0,1.0,-1.0,1.0,1.0,1.0,1.0,-1.0,1.0,-1.0,-1.0,-1.0	-1.2612157,-8.271982,0.85860956,-1.2958394,-4.396199,2.4612699,-4.78467,0.6444676,0.7774237,-2.0219314,2.3044708,2.9731925,9.333549,5.8316545,-12.582738,6.574446,3.876549,5.6771493,1.9911999,-6.4903293,3.2282507,-7.493812,-6.3396525,-1.4757074
../data/train_data_mmini/7/Train_0033.jpg	7	-1.0,-1.0,1.0,-1.0,-1.0,1.0,-1.0,1.0,1.0,-1.0,1.0,1.0,1.0,1.0,-1.0,1.0,1.0,1.0,1.0,-1.0,1.0,-1.0,-1.0,-1.0	-1.0631592,-6.3194675,0.61250186,-1.0727786,-3.3145578,1.397939,-3.9421022,0.5387975,0.64067197,-1.6982223,1.7440133,2.955463,7.3129587,4.3446355,-9.976121,5.113022,3.2297702,4.337407,1.548222,-4.437029,2.322165,-6.1594334,-5.1153054,-0.9267283
../data/train_data_mmini/7/Train_0034.jpg	7	-1.0,-1.0,1.0,-1.0,-1.0,1.0,-1.0,1.0,1.0,-1.0,1.0,1.0,1.0,1.0,-1.0,1.0,1.0,1.0,1.0,-1.0,1.0,-1.0,-1.0,-1.0	-0.60275894,-6.185595,1.5286323,-0.54040104,-3.558127,2.1239192,-3.8913784,0.7255363,0.644389,-1.8355086,1.9157572,2.2923844,7.684363,4.8160176,-10.907899,5.418719,3.5466075,4.2887106,1.0445645,-4.9817343,2.8837626,-6.1115527,-5.4703474,-1.3336592
../data/train_data_mmini/8/Train_0035.jpg	8	-1.0,-1.0,1.0,-1.0,-1.0,1.0,-1.0,1.0,1.0,-1.0,1.0,1.0,1.0,1.0,-1.0,1.0,1.0,1.0,1.0,-1.0,1.0,-1.0,-1.0,-1.0	-1.1001923,-6.5868325,0.45754886,-0.94280463,-3.466547,1.4434997,-4.0713086,0.59894216,0.64355123,-1.7721199,1.7307296,2.8435457,7.538059,4.428297,-10.29422,5.2955613,3.1628647,4.574211,1.8074716,-4.742485,2.7236874,-6.253243,-5.22111,-1.0396715
../data/train_data_mmini/8/Train_0036.jpg	8	-1.0,-1.0,1.0,-1.0,-1.0,1.0,-1.0,1.0,1.0,-1.0,1.0,1.0,1.0,1.0,-1.0,1.0,1.0,1.0,1.0,-1.0,1.0,-1.0,-1.0,-1.0	-1.2877549,-7.1523213,0.7874066,-0.91048765,-3.834094,1.6713481,-4.2474647,0.641857,0.56105775,-1.7754729,2.0093544,3.1560228,8.248542,5.1479955,-11.517143,6.0172796,3.8731449,4.987906,2.0252378,-5.194816,3.1895242,-7.2124233,-5.8769107,-1.0660154
../data/train_data_mmini/8/Train_0037.jpg	8	-1.0,-1.0,1.0,-1.0,-1.0,1.0,-1.0,1.0,1.0,-1.0,1.0,1.0,1.0,1.0,-1.0,1.0,1.0,1.0,1.0,-1.0,1.0,-1.0,-1.0,-1.0	-0.9785059,-7.825431,1.0715394,-0.87078404,-4.2437677,1.9103383,-4.7634,0.45389777,0.76176393,-1.7302555,2.4102345,3.3451967,8.712937,5.6183143,-12.511497,6.6044908,4.0959134,5.2325974,1.8893671,-6.002377,3.0439806,-7.687829,-6.263044,-1.1256598
../data/train_data_mmini/8/Train_0038.jpg	8	-1.0,-1.0,1.0,-1.0,-1.0,1.0,-1.0,1.0,1.0,-1.0,1.0,1.0,1.0,1.0,-1.0,1.0,1.0,1.0,1.0,-1.0,1.0,-1.0,-1.0,-1.0	-1.0213873,-6.866616,0.57120436,-0.7894817,-3.7115815,1.6837382,-4.277453,0.4725351,0.63351125,-1.5670923,1.9731959,3.2210083,7.8657937,4.730315,-10.958213,5.6537867,3.3333244,4.685925,1.9567158,-5.1692166,2.5245645,-6.708948,-5.4873667,-1.1283479
../data/train_data_mmini/8/Train_0039.jpg	8	-1.0,-1.0,1.0,-1.0,-1.0,1.0,-1.0,1.0,1.0,-1.0,1.0,1.0,1.0,1.0,-1.0,1.0,1.0,1.0,1.0,-1.0,1.0,-1.0,-1.0,-1.0	-1.1697183,-7.3692923,0.71247905,-1.0970559,-3.9122713,1.5888453,-4.413276,0.6911089,0.6359556,-1.6876518,2.0863235,3.0605283,8.361916,5.0029087,-11.679618,6.021747,3.5663068,5.1132855,2.072843,-5.1690288,3.3676932,-7.112529,-5.9245667,-1.1932749
../data/train_data_mmini/9/Train_0040.jpg	9	-1.0,-1.0,1.0,-1.0,-1.0,1.0,-1.0,1.0,1.0,-1.0,1.0,1.0,1.0,1.0,-1.0,1.0,1.0,1.0,1.0,-1.0,1.0,-1.0,-1.0,-1.0	-1.0514492,-7.2092333,0.8681048,-0.91884226,-3.9725559,1.9981264,-4.693424,0.5912819,0.83652127,-1.8543792,2.2656224,3.4840875,8.415163,4.9399714,-11.766259,6.13402,3.4444954,5.1266794,1.5333548,-5.588715,2.2112324,-7.013228,-5.9526343,-1.1588887
../data/train_data_mmini/9/Train_0041.jpg	9	-1.0,-1.0,1.0,-1.0,-1.0,1.0,-1.0,1.0,1.0,-1.0,1.0,1.0,1.0,1.0,-1.0,1.0,1.0,1.0,1.0,-1.0,1.0,-1.0,-1.0,-1.0	-1.0568957,-7.2018976,0.76620394,-0.76465935,-3.7562306,1.8748275,-4.441619,0.45867643,0.5760834,-2.0841765,2.0246618,3.1322768,8.379957,5.175289,-11.612453,5.987259,3.7476156,5.03088,1.8449773,-5.239613,3.0008972,-7.0750294,-5.739308,-1.254033
../data/train_data_mmini/9/Train_0042.jpg	9	-1.0,-1.0,1.0,-1.0,-1.0,1.0,-1.0,1.0,1.0,-1.0,1.0,1.0,1.0,1.0,-1.0,1.0,1.0,1.0,1.0,-1.0,1.0,-1.0,-1.0,-1.0	-0.7144584,-6.897445,1.2572104,-0.7745909,-3.84071,2.152427,-4.4621415,0.4958386,0.9444594,-1.6364734,2.2631946,3.2382424,7.977015,4.923023,-11.428909,5.946473,3.361452,4.8348956,1.3030498,-5.7460413,1.96228,-6.699476,-5.7587657,-1.0513437
../data/train_data_mmini/9/Train_0043.jpg	9	-1.0,-1.0,1.0,-1.0,-1.0,1.0,-1.0,1.0,1.0,-1.0,1.0,1.0,1.0,1.0,-1.0,1.0,1.0,1.0,1.0,-1.0,1.0,-1.0,-1.0,-1.0	-0.95708585,-6.959,0.47275317,-0.9767446,-3.834552,1.7710172,-4.5493107,0.42009035,0.7086916,-1.8929683,1.9267751,3.3507612,8.217663,4.737584,-11.167153,5.672554,3.4523473,4.8444276,1.9545174,-5.2716866,2.4366765,-6.6560307,-5.573668,-0.9284405
../data/train_data_mmini/9/Train_0044.jpg	9	-1.0,-1.0,1.0,-1.0,-1.0,1.0,-1.0,1.0,1.0,-1.0,1.0,1.0,1.0,1.0,-1.0,1.0,1.0,1.0,1.0,-1.0,1.0,-1.0,-1.0,-1.0	-1.0364606,-7.2060595,0.772404,-0.8508897,-4.1214275,1.8846517,-4.5377636,0.6068842,0.76779467,-1.633698,2.2626908,3.7290063,8.315203,4.953373,-11.857345,6.118304,3.1644032,5.094407,1.9637138,-5.537631,2.3910556,-7.0832605,-6.0254116,-1.1599016
../data/train_data_mmini/10/Train_0045.jpg	10	-1.0,-1.0,1.0,-1.0,-1.0,1.0,-1.0,1.0,1.0,-1.0,1.0,1.0,1.0,1.0,-1.0,1.0,1.0,1.0,1.0,-1.0,1.0,-1.0,-1.0,-1.0	-1.2051222,-7.364624,0.81867486,-0.9842866,-3.8960352,1.4857694,-4.182848,0.9640562,0.36999977,-1.5099219,1.9354833,2.6602907,8.099141,5.21982,-11.551048,5.806169,3.9939344,4.9489064,2.0687313,-4.96552,4.2132053,-7.206191,-5.9374766,-1.2596701
../data/train_data_mmini/10/Train_0046.jpg	10	-1.0,-1.0,1.0,-1.0,-1.0,1.0,-1.0,1.0,1.0,-1.0,1.0,1.0,1.0,1.0,-1.0,1.0,1.0,1.0,1.0,-1.0,1.0,-1.0,-1.0,-1.0	-0.5429591,-5.3218765,0.96930665,-0.49912542,-3.0391994,1.4911093,-3.161551,0.3128649,0.5963816,-1.1129968,1.767433,2.252829,5.9100432,3.7408392,-8.769134,4.482734,2.4180796,3.5063267,1.158377,-4.1271567,1.9772651,-5.024354,-4.238145,-1.0531446
../data/train_data_mmini/10/Train_0047.jpg	10	-1.0,-1.0,1.0,-1.0,-1.0,1.0,-1.0,1.0,1.0,-1.0,1.0,1.0,1.0,1.0,-1.0,1.0,1.0,1.0,1.0,-1.0,1.0,-1.0,-1.0,-1.0	-1.0591062,-8.516925,1.2722563,-0.83163166,-4.813613,2.2701626,-5.097528,0.7882569,0.75235814,-1.8079329,2.6760838,3.7029133,9.68897,6.1064095,-13.965122,7.189701,4.4857574,5.697077,2.4049344,-6.3927546,3.7747483,-8.335391,-7.004853,-1.3737887
../data/train_data_mmini/10/Train_0048.jpg	10	-1.0,-1.0,1.0,-1.0,-1.0,1.0,-1.0,1.0,1.0,-1.0,1.0,1.0,1.0,1.0,-1.0,1.0,1.0,1.0,1.0,-1.0,1.0,-1.0,-1.0,-1.0	-1.3585955,-7.084347,0.70812696,-0.7522978,-3.8086927,1.952115,-4.1624165,1.1480513,0.57013637,-2.0397203,2.0350673,3.1400847,8.451968,4.832212,-12.01358,5.856673,3.2040918,5.1572275,1.8893359,-5.0264864,3.2156708,-7.12008,-6.1321344,-1.5314386
../data/train_data_mmini/10/Train_0049.jpg	10	-1.0,-1.0,1.0,-1.0,-1.0,1.0,-1.0,1.0,1.0,-1.0,1.0,1.0,1.0,1.0,-1.0,1.0,1.0,1.0,1.0,-1.0,1.0,-1.0,-1.0,-1.0	-1.0068913,-7.385427,0.88343996,-0.9105128,-4.0165067,1.7442833,-4.4186153,0.7014136,0.70203584,-1.8254983,2.014314,3.053821,8.34234,5.1293936,-11.918036,6.095154,3.6970081,5.060976,2.1186714,-5.389114,3.3343556,-7.117706,-5.914546,-1.1877947
