../data/train_data_mmini/1/Train_0000.jpg	1	1.0,-1.0,1.0,1.0,-1.0,-1.0,-1.0,-1.0,-1.0,-1.0,-1.0,-1.0,-1.0,-1.0,-1.0,-1.0,1.0,1.0,1.0,1.0,1.0,-1.0,-1.0,-1.0	0.11989859,-6.054624,3.0036192,1.542019,-0.33892775,-0.0945943,-0.3316904,-1.0772356,-0.35947824,-0.11469179,-0.28600484,-0.6615496,-0.81878424,-1.3103634,-0.46847045,-0.30370703,0.48457542,0.16774362,0.45019338,0.1555375,1.0983872,-0.45814693,-0.36791334,-0.63098294
../data/train_data_mmini/1/Train_0001.jpg	1	1.0,-1.0,1.0,1.0,-1.0,-1.0,-1.0,-1.0,-1.0,1.0,-1.0,-1.0,-1.0,-1.0,-1.0,-1.0,1.0,1.0,1.0,1.0,1.0,-1.0,-1.0,-1.0	0.24977776,-5.4924726,2.6998765,1.1844877,-0.555823,-0.112321086,-0.1390732,-0.8142263,-0.37718228,0.06028008,-0.3591647,-0.47802937,-0.71012914,-1.266383,-0.18329784,-0.26888907,0.33480605,0.15222654,0.5282595,0.28550076,0.79096645,-0.517204,-0.025115157,-0.7190446
../data/train_data_mmini/1/Train_0002.jpg	1	1.0,-1.0,1.0,1.0,-1.0,-1.0,-1.0,-1.0,-1.0,-1.0,-1.0,-1.0,-1.0,-1.0,-1.0,1.0,1.0,1.0,1.0,-1.0,1.0,-1.0,-1.0,-1.0	0.036899053,-4.136626,2.3490286,0.9525746,-0.008586359,-0.033520978,-0.2696452,-0.5030041,-0.06473437,-0.06139488,-0.0263423,-0.30942166,-0.46574885,-0.68326396,-0.44969186,0.031929377,0.23111646,0.18153971,0.2369857,-0.04574598,0.7402104,-0.6347713,-0.30831975,-0.46450415
../data/train_data_mmini/1/Train_0003.jpg	1	1.0,-1.0,1.0,1.0,-1.0,1.0,-1.0,-1.0,-1.0,-1.0,-1.0,-1.0,-1.0,-1.0,-1.0,-1.0,1.0,1.0,1.0,1.0,1.0,-1.0,-1.0,-1.0	0.18564618,-6.332695,3.041491,1.708926,-0.34779286,0.009286945,-0.35289565,-1.1594024,-0.31175077,-0.0982973,-0.24704406,-0.7819721,-0.9016944,-1.3347417,-0.5630828,-0.33428213,0.5277847,0.21881263,0.48442134,0.18952343,1.1051583,-0.42462423,-0.39419493,-0.6525309
../data/train_data_mmini/1/Train_0004.jpg	1	1.0,-1.0,1.0,1.0,-1.0,-1.0,-1.0,-1.0,1.0,-1.0,-1.0,-1.0,-1.0,-1.0,-1.0,-1.0,1.0,1.0,1.0,-1.0,1.0,-1.0,-1.0,-1.0	0.21892394,-5.991393,3.0305724,1.6359679,-0.23734729,-0.18105893,-0.2999979,-1.2448027,0.07860389,-0.037252642,-0.044816613,-0.59095716,-0.8180927,-1.1716704,-0.5723981,-0.30366758,0.33099854,0.27547488,0.37220907,-0.047643606,1.1725004,-0.31900385,-0.69016045,-0.5014061
../data/train_data_mmini/2/Train_0005.jpg	2	1.0,-1.0,1.0,1.0,1.0,-1.0,-1.0,-1.0,-1.0,1.0,-1.0,-1.0,-1.0,-1.0,-1.0,-1.0,1.0,1.0,1.0,1.0,1.0,-1.0,-1.0,-1.0	0.09737654,-4.699951,2.4837666,0.8673096,0.067190126,-0.2683703,-0.3635732,-0.8640652,-0.13770804,0.048403565,-5.1990093e-05,-0.38491464,-0.35363436,-1.0759925,-0.14267851,-0.22952041,0.57118464,0.23341034,0.4413162,0.22177446,0.6788162,-0.5518094,-0.16404754,-0.35056582
../data/train_data_mmini/2/Train_0006.jpg	2	-1.0,-1.0,1.0,1.0,-1.0,-1.0,1.0,-1.0,-1.0,1.0,-1.0,-1.0,-1.0,-1.0,1.0,-1.0,-1.0,1.0,1.0,1.0,1.0,-1.0,1.0,-1.0	-0.108370736,-5.3151364,2.8731735,0.40787315,-0.5034936,-0.4453223,0.22583672,-0.8088961,-0.2960349,0.6244688,-0.8855081,-0.07230218,-0.3151859,-1.6626346,0.35489216,-0.14559726,-0.00046100258,0.2711408,0.7856294,0.5826227,0.7208149,-0.81860924,0.59055066,-1.5130417
../data/train_data_mmini/2/Train_0007.jpg	2	1.0,-1.0,1.0,1.0,1.0,-1.0,-1.0,-1.0,1.0,-1.0,-1.0,-1.0,-1.0,-1.0,-1.0,-1.0,1.0,1.0,1.0,-1.0,1.0,-1.0,-1.0,-1.0	0.2153439,-6.611785,3.680636,1.9987442,0.145475,-0.25188538,-0.37301645,-1.4316809,0.20150818,-0.1379188,-0.16072129,-0.5124139,-0.8582385,-1.1967267,-0.7548683,-0.35790274,0.62850744,0.27154535,0.17674045,-0.19052616,1.3526441,-0.4936524,-1.0332035,-0.535884
../data/train_data_mmini/2/Train_0008.jpg	2	1.0,-1.0,1.0,1.0,1.0,-1.0,-1.0,-1.0,1.0,1.0,1.0,-1.0,-1.0,-1.0,-1.0,1.0,1.0,1.0,1.0,-1.0,1.0,-1.0,-1.0,-1.0	0.23976998,-4.8227177,3.0082633,0.9814357,0.4671682,-0.24329191,-0.27729928,-1.149506,0.50458664,0.34741035,0.18201254,-0.04420951,-0.25428012,-0.62579,-0.23878166,0.19058314,0.30406088,0.11053268,0.24369363,-0.07299283,1.0607432,-0.73426336,-0.8588112,-0.5260828
../data/train_data_mmini/2/Train_0009.jpg	2	1.0,-1.0,1.0,1.0,-1.0,-1.0,-1.0,-1.0,-1.0,-1.0,-1.0,-1.0,-1.0,-1.0,-1.0,-1.0,1.0,1.0,1.0,1.0,1.0,-1.0,-1.0,-1.0	0.03444905,-6.802403,3.1433315,1.5042566,-0.5673933,-0.12097355,-0.27600372,-1.2698827,-0.57196146,-0.0025765626,-0.6029764,-0.6688188,-0.7814983,-1.6525768,-0.3634173,-0.48185512,0.5319308,0.21719156,0.7388878,0.4640339,0.98562145,-0.48181927,-0.16487516,-0.83602005
../data/train_data_mmini/3/Train_0010.jpg	3	1.0,-1.0,1.0,1.0,1.0,1.0,-1.0,-1.0,1.0,1.0,-1.0,1.0,1.0,-1.0,-1.0,1.0,-1.0,1.0,1.0,1.0,1.0,-1.0,-1.0,-1.0	0.4536096,-3.924996,2.7594805,0.4602547,0.3965401,0.019292304,-0.18945122,-0.30668893,0.3253828,0.5407667,-0.32377476,0.36293015,0.026276577,-0.29419377,-0.06863092,0.6434064,-0.03527588,0.21368666,0.09080127,0.089242235,0.45973542,-1.0525874,-0.5622249,-0.9138518
../data/train_data_mmini/3/Train_0011.jpg	3	-1.0,-1.0,1.0,1.0,-1.0,-1.0,-1.0,-1.0,-1.0,-1.0,1.0,-1.0,-1.0,-1.0,-1.0,-1.0,1.0,1.0,1.0,-1.0,1.0,1.0,-1.0,1.0	-0.14916895,-3.6077664,1.6765902,1.285626,-0.31481558,-0.061971158,-0.26645216,-0.67555606,-0.30825675,-0.23016264,0.33373696,-0.6622056,-0.7008938,-0.84303886,-0.67577773,-0.4956605,0.14422877,0.070935,0.22398265,-0.09511973,0.6349958,0.04335656,-0.11077326,0.063469686
../data/train_data_mmini/3/Train_0012.jpg	3	-1.0,-1.0,1.0,1.0,-1.0,1.0,-1.0,-1.0,-1.0,-1.0,1.0,-1.0,-1.0,-1.0,-1.0,-1.0,1.0,1.0,1.0,1.0,1.0,1.0,1.0,-1.0	-0.22367044,-5.710106,1.9916825,1.8916602,-1.4340699,0.009068885,-0.22898081,-1.31717,-0.9075038,-0.37687725,0.14066173,-0.92017573,-1.1624291,-1.6709775,-0.46185514,-1.3015018,0.18694448,0.5100889,0.47898394,0.29033485,0.6204641,0.5767033,0.2025804,-0.40712562
../data/train_data_mmini/3/Train_0013.jpg	3	1.0,-1.0,1.0,1.0,-1.0,-1.0,-1.0,-1.0,1.0,1.0,-1.0,-1.0,-1.0,-1.0,1.0,1.0,1.0,1.0,1.0,1.0,1.0,-1.0,-1.0,-1.0	0.13523398,-4.7899456,2.4781828,0.4195958,-0.28688124,-0.42932802,-0.017047044,-0.77106774,0.21785308,0.56502426,-0.053723767,-0.20185329,-0.13008046,-1.198582,0.157235,0.039800677,0.15619244,0.16654792,0.56659347,0.21816944,0.9060527,-0.6362934,-0.0013978751,-0.7561611
../data/train_data_mmini/3/Train_0014.jpg	3	-1.0,-1.0,1.0,1.0,-1.0,-1.0,-1.0,-1.0,-1.0,1.0,-1.0,-1.0,-1.0,-1.0,-1.0,-1.0,1.0,1.0,1.0,1.0,1.0,-1.0,-1.0,-1.0	-0.014549176,-5.151151,2.8783863,1.0549488,-0.06413476,-0.13861798,-0.19788171,-0.9214433,-0.16633867,0.08817429,-0.23245859,-0.19654293,-0.3837878,-1.322248,-0.17813142,-0.32162523,0.30436578,0.31965807,0.42193553,0.21648864,0.71326363,-0.624006,-0.21714908,-0.5436901
../data/train_data_mmini/4/Train_0015.jpg	4	-1.0,-1.0,1.0,1.0,1.0,-1.0,-1.0,-1.0,1.0,-1.0,1.0,-1.0,-1.0,-1.0,-1.0,-1.0,1.0,1.0,1.0,-1.0,1.0,-1.0,-1.0,-1.0	-0.029582605,-5.595256,3.1054585,1.263719,0.09776402,-0.4104868,-0.46695468,-1.4550295,0.1642506,-0.07541008,0.29923835,-0.44648123,-0.643648,-1.3154591,-0.3878023,-0.6285336,0.43406475,0.334865,0.15688922,-0.12904704,0.99093086,-0.21950436,-0.5544551,-0.22599491
../data/train_data_mmini/4/Train_0016.jpg	4	1.0,-1.0,1.0,1.0,-1.0,1.0,-1.0,-1.0,-1.0,-1.0,1.0,-1.0,-1.0,-1.0,-1.0,-1.0,1.0,1.0,1.0,1.0,1.0,-1.0,-1.0,-1.0	0.11446102,-3.6730363,1.6934661,1.01212,-0.13437621,0.08125793,-0.38739958,-0.93687165,-0.21045844,-0.11488176,0.27575135,-0.63284206,-0.49562478,-0.6474899,-0.14441012,-0.11525414,0.6997091,0.045370407,0.39425963,0.27157277,0.77516866,-0.33500633,-0.29305905,-0.019882903
../data/train_data_mmini/4/Train_0017.jpg	4	-1.0,-1.0,1.0,1.0,-1.0,-1.0,1.0,-1.0,-1.0,1.0,-1.0,-1.0,-1.0,-1.0,1.0,-1.0,-1.0,1.0,1.0,1.0,1.0,-1.0,1.0,-1.0	-0.20837644,-5.0389967,2.3056104,0.7568777,-1.0425173,-0.3547767,0.38774458,-0.8669845,-0.2741065,0.61477494,-0.44591945,-0.3548805,-0.6567177,-1.7212555,0.35782996,-0.41309932,-0.15487592,0.19065376,0.8757977,0.5977259,0.58653337,-0.36005488,0.74108577,-1.1807779
../data/train_data_mmini/4/Train_0018.jpg	4	1.0,-1.0,1.0,1.0,1.0,-1.0,-1.0,-1.0,-1.0,-1.0,-1.0,-1.0,-1.0,-1.0,-1.0,-1.0,1.0,1.0,1.0,1.0,1.0,-1.0,-1.0,-1.0	0.23906231,-3.7036695,1.9285034,0.7827072,0.12713347,-0.31921098,-0.29322743,-0.714738,-0.016757831,-0.052976478,-0.09841241,-0.12442047,-0.34466386,-0.8465187,-0.20201908,-0.17080125,0.4269907,0.3463874,0.42774686,0.1378094,0.6976774,-0.37255627,-0.13904543,-0.15021549
../data/train_data_mmini/4/Train_0019.jpg	4	-1.0,-1.0,1.0,1.0,-1.0,-1.0,1.0,-1.0,1.0,1.0,-1.0,-1.0,-1.0,-1.0,1.0,1.0,1.0,-1.0,1.0,1.0,1.0,-1.0,1.0,-1.0	-0.06528255,-4.822532,3.0966003,0.019413898,-0.14712596,-0.57491887,0.21209931,-0.72480583,0.68929386,0.8637236,-0.07183468,-0.12376085,-0.053434346,-1.4160583,0.33817348,0.27475008,0.3258389,-0.20257209,0.5438347,0.085287325,0.85493344,-0.7938284,0.03637552,-1.0317812
../data/train_data_mmini/5/Train_0020.jpg	5	1.0,-1.0,1.0,1.0,-1.0,-1.0,-1.0,-1.0,1.0,1.0,-1.0,-1.0,-1.0,-1.0,-1.0,-1.0,1.0,1.0,1.0,1.0,1.0,-1.0,-1.0,-1.0	0.21324424,-6.477924,3.5089574,1.594852,-0.06623032,-0.11996141,-0.24157178,-1.2416277,0.02238838,0.017598078,-0.2337209,-0.5126814,-0.7125349,-1.2973434,-0.4105914,-0.24759002,0.5687424,0.2098819,0.4514276,0.09979074,1.222271,-0.6856813,-0.65928876,-0.6449567
../data/train_data_mmini/5/Train_0021.jpg	5	-1.0,-1.0,1.0,1.0,-1.0,-1.0,-1.0,-1.0,-1.0,-1.0,-1.0,-1.0,-1.0,-1.0,-1.0,-1.0,1.0,1.0,1.0,1.0,1.0,-1.0,-1.0,-1.0	-0.20078716,-6.8295674,3.2979186,1.6924443,-0.23666148,-0.16456299,-0.41328734,-1.3189114,-0.52539635,-0.10373702,-0.101724945,-0.73179054,-0.6995528,-1.7000662,-0.59480214,-0.7101998,0.5977192,0.21570002,0.49147803,0.14131618,1.08224,-0.3605419,-0.32928014,-0.5239234
../data/train_data_mmini/5/Train_0022.jpg	5	1.0,-1.0,1.0,1.0,-1.0,-1.0,-1.0,-1.0,1.0,1.0,-1.0,-1.0,-1.0,-1.0,-1.0,-1.0,1.0,1.0,1.0,1.0,1.0,-1.0,-1.0,-1.0	0.29643574,-6.38078,3.4363885,1.4646816,-0.06574745,-0.24701573,-0.29064062,-1.2458509,0.05760316,0.10324677,-0.32361627,-0.47415563,-0.6745146,-1.248325,-0.4041349,-0.19345441,0.51320195,0.1928939,0.43311122,0.039366122,1.2139022,-0.5954199,-0.65127903,-0.73337686
../data/train_data_mmini/5/Train_0023.jpg	5	1.0,-1.0,1.0,1.0,-1.0,-1.0,-1.0,-1.0,-1.0,-1.0,-1.0,-1.0,-1.0,-1.0,-1.0,-1.0,1.0,1.0,1.0,1.0,1.0,-1.0,-1.0,-1.0	0.03408281,-6.5963497,3.3676395,1.7997022,-0.19680077,-0.08560417,-0.34291548,-1.2277308,-0.26175407,-0.14810398,-0.3658239,-0.6545136,-0.8349872,-1.4463512,-0.5137428,-0.48912463,0.6568497,0.26388395,0.428696,0.12137772,1.1545787,-0.46210924,-0.5438729,-0.6700443
../data/train_data_mmini/5/Train_0024.jpg	5	-1.0,-1.0,1.0,1.0,1.0,-1.0,-1.0,-1.0,-1.0,-1.0,1.0,-1.0,-1.0,-1.0,-1.0,-1.0,1.0,1.0,1.0,-1.0,1.0,-1.0,-1.0,-1.0	-0.05482589,-6.4032254,3.1964035,2.274555,0.021640267,-0.03682412,-0.50913256,-1.408343,-0.20968522,-0.25833723,0.075063616,-0.5675471,-0.7944498,-1.2413911,-0.9647115,-0.80455625,0.5221787,0.5127434,0.21227051,-0.08142221,1.1891059,-0.24724953,-0.9192581,-0.2880323
../data/train_data_mmini/6/Train_0025.jpg	6	1.0,-1.0,1.0,1.0,-1.0,1.0,-1.0,-1.0,-1.0,-1.0,1.0,-1.0,-1.0,-1.0,-1.0,-1.0,1.0,1.0,1.0,1.0,1.0,-1.0,-1.0,-1.0	0.086893775,-4.209708,1.8473201,1.0437949,-0.42103112,0.17386267,-0.381831,-0.4438116,-0.41818428,-0.2476094,0.18873838,-0.54300076,-0.5481102,-0.900225,-0.35366845,-0.22822644,0.2739269,0.38737747,0.54371303,0.19400378,0.6314683,-0.43075925,-0.19852512,-0.49777734
../data/train_data_mmini/6/Train_0026.jpg	6	1.0,-1.0,1.0,1.0,-1.0,-1.0,1.0,-1.0,1.0,1.0,-1.0,-1.0,-1.0,-1.0,-1.0,-1.0,1.0,1.0,1.0,1.0,1.0,-1.0,-1.0,-1.0	0.36633518,-5.6532617,3.0775104,1.0897821,-0.43069893,-0.3271975,0.32388535,-1.0041987,0.113369316,0.59805346,-0.6399848,-0.22199482,-0.64492697,-1.322046,-0.16619822,-0.06829181,0.1938245,0.05136491,0.4866038,0.38382065,0.989161,-0.7041229,-0.27340174,-1.0303037
../data/train_data_mmini/6/Train_0027.jpg	6	1.0,-1.0,1.0,1.0,-1.0,1.0,-1.0,-1.0,-1.0,-1.0,-1.0,-1.0,-1.0,-1.0,-1.0,-1.0,1.0,1.0,1.0,1.0,1.0,-1.0,1.0,-1.0	0.15717827,-3.6553202,1.7870383,0.9969705,-0.1022041,0.3450237,-0.3718358,-0.4209311,-0.50438994,-0.22011895,-0.27577475,-0.38346532,-0.5422065,-0.8139184,-0.33330724,-0.07849291,0.2002515,0.20035687,0.55997044,0.40054095,0.3716646,-0.53141856,0.1244529,-0.46634552
../data/train_data_mmini/6/Train_0028.jpg	6	1.0,-1.0,1.0,1.0,-1.0,-1.0,-1.0,-1.0,1.0,-1.0,1.0,-1.0,-1.0,-1.0,-1.0,-1.0,1.0,1.0,1.0,-1.0,1.0,-1.0,-1.0,-1.0	0.15795329,-4.353649,2.3105729,1.3818307,-0.06438774,-0.19556089,-0.20238017,-0.88281417,0.14259604,-0.086695075,0.18986401,-0.48552114,-0.60526687,-0.7030265,-0.542481,-0.10639912,0.324731,0.13179757,0.27123323,-0.027913427,1.0964757,-0.25797138,-0.61734104,-0.27347806
../data/train_data_mmini/6/Train_0029.jpg	6	1.0,-1.0,1.0,1.0,-1.0,-1.0,-1.0,-1.0,-1.0,1.0,-1.0,-1.0,-1.0,-1.0,-1.0,1.0,1.0,1.0,1.0,1.0,1.0,-1.0,-1.0,-1.0	0.05168618,-4.9301925,2.5484893,0.76125795,-0.15791367,-0.039849754,-0.3310485,-0.7492477,-0.035185054,0.13239497,-0.14971878,-0.4310559,-0.5028294,-0.99023086,-0.3250719,0.030192023,0.2890937,0.2762521,0.52696085,0.23850939,0.7878386,-0.6180064,-0.16485722,-0.6350212
../data/train_data_mmini/7/Train_0030.jpg	7	-1.0,-1.0,1.0,1.0,-1.0,-1.0,-1.0,-1.0,-1.0,-1.0,-1.0,-1.0,-1.0,-1.0,-1.0,-1.0,1.0,-1.0,1.0,1.0,1.0,-1.0,1.0,-1.0	-0.14008847,-6.6623645,3.0071127,1.2282783,-0.5889274,-0.16940513,-0.35928538,-1.3188771,-0.68512714,-0.023175688,-0.3273307,-0.9865076,-0.86372006,-2.0602322,-0.1773265,-0.614354,1.0045851,-0.06486393,0.7996658,0.47990274,1.0334501,-0.338665,0.23782316,-0.6379724
../data/train_data_mmini/7/Train_0031.jpg	7	1.0,-1.0,1.0,1.0,-1.0,-1.0,-1.0,-1.0,-1.0,1.0,-1.0,-1.0,-1.0,-1.0,-1.0,-1.0,1.0,1.0,1.0,1.0,1.0,-1.0,1.0,-1.0	0.18378028,-5.856127,2.4299378,1.194063,-0.7077895,-0.28654566,-0.08542729,-1.0852796,-0.5207674,0.07730978,-0.4741984,-0.5713552,-0.66576105,-1.4513553,-0.21789825,-0.5722613,0.29877195,0.4386315,0.784012,0.38720405,0.85173213,-0.31734347,0.07206059,-0.77291584
../data/train_data_mmini/7/Train_0032.jpg	7	-1.0,-1.0,1.0,1.0,-1.0,1.0,-1.0,-1.0,-1.0,-1.0,1.0,-1.0,-1.0,-1.0,-1.0,-1.0,1.0,1.0,1.0,1.0,1.0,-1.0,-1.0,-1.0	-0.21008687,-4.5882854,1.9793705,1.2463784,-0.26175117,0.11496671,-0.38477662,-0.81571937,-0.718324,-0.11392578,0.24212351,-0.45633644,-0.35084394,-1.1217029,-0.3883994,-0.52089316,0.31859162,0.20759635,0.40067557,0.34916526,0.56483716,-0.3588753,-0.13105974,-0.28136483
../data/train_data_mmini/7/Train_0033.jpg	7	-1.0,-1.0,1.0,1.0,-1.0,-1.0,-1.0,-1.0,-1.0,-1.0,-1.0,-1.0,-1.0,-1.0,-1.0,-1.0,1.0,1.0,1.0,1.0,1.0,-1.0,1.0,-1.0	-0.097291686,-5.9967847,3.0169232,1.5611224,-0.3932562,-0.0140151,-0.19260088,-0.9296455,-0.60538155,-0.014138187,-0.6268111,-0.252411,-0.6735551,-1.5859084,-0.38555044,-0.61317116,0.479257,0.39848706,0.52458936,0.4008748,0.65399075,-0.5535616,0.0019232566,-0.81921303
../data/train_data_mmini/7/Train_0034.jpg	7	-1.0,-1.0,1.0,1.0,1.0,1.0,-1.0,-1.0,-1.0,-1.0,1.0,-1.0,-1.0,-1.0,-1.0,-1.0,-1.0,1.0,-1.0,-1.0,1.0,-1.0,-1.0,1.0	-0.02275876,-2.996944,1.8606734,1.4747461,0.509283,0.14771673,-0.5786373,-0.35834774,-0.030678634,-0.5016331,0.5152192,-0.29743788,-0.309521,-0.24607293,-0.9349156,-0.20783764,-0.009497458,0.39722964,-0.026970822,-0.35115564,0.527206,-0.23066682,-0.8579904,0.2701331
../data/train_data_mmini/8/Train_0035.jpg	8	-1.0,-1.0,1.0,1.0,-1.0,-1.0,-1.0,-1.0,-1.0,-1.0,-1.0,-1.0,-1.0,-1.0,-1.0,-1.0,1.0,1.0,1.0,1.0,1.0,-1.0,-1.0,-1.0	-0.005989471,-6.0141544,2.845749,1.3265748,-0.16980274,-0.17659125,-0.46313965,-1.0552126,-0.40447715,-0.021095006,-0.31853598,-0.5525479,-0.5325677,-1.4008385,-0.42007968,-0.50656337,0.4097698,0.38839802,0.4932838,0.22919862,0.9144838,-0.41872615,-0.23220581,-0.58512014
../data/train_data_mmini/8/Train_0036.jpg	8	1.0,-1.0,1.0,1.0,-1.0,-1.0,-1.0,-1.0,-1.0,-1.0,-1.0,-1.0,-1.0,-1.0,-1.0,-1.0,1.0,1.0,1.0,1.0,1.0,-1.0,-1.0,-1.0	0.18147685,-5.759028,2.7789817,1.1976786,-0.2570163,-0.3170059,-0.31910002,-0.9869308,-0.25580764,-0.034038387,-0.35272294,-0.36859107,-0.559065,-1.2742338,-0.41345853,-0.51385087,0.24812771,0.45044664,0.48266077,0.11521444,0.825062,-0.44082993,-0.2761683,-0.62542707
../data/train_data_mmini/8/Train_0037.jpg	8	-1.0,-1.0,1.0,1.0,-1.0,-1.0,-1.0,-1.0,1.0,1.0,1.0,-1.0,-1.0,-1.0,-1.0,-1.0,1.0,1.0,1.0,-1.0,1.0,-1.0,-1.0,-1.0	-0.023123289,-5.340371,2.656518,1.431733,-0.16843098,-0.26246482,-0.18189642,-1.2278574,0.04346186,0.020401156,0.041465223,-0.531336,-0.706355,-1.2219902,-0.61479086,-0.49306807,0.20705931,0.21432054,0.4106749,-0.00867624,0.8795712,-0.24366157,-0.35305554,-0.38295802
../data/train_data_mmini/8/Train_0038.jpg	8	1.0,-1.0,1.0,1.0,-1.0,-1.0,-1.0,-1.0,-1.0,-1.0,-1.0,-1.0,-1.0,-1.0,-1.0,-1.0,1.0,1.0,1.0,1.0,1.0,-1.0,-1.0,-1.0	0.02713136,-5.5617166,2.658925,1.2769736,-0.086739704,-0.04588519,-0.49663284,-0.9130035,-0.3192575,-0.1044174,-0.14234826,-0.607784,-0.54603165,-1.0534327,-0.32848802,-0.26039964,0.48565626,0.30464867,0.5294943,0.31207895,0.8837337,-0.646202,-0.30704755,-0.36005887
../data/train_data_mmini/8/Train_0039.jpg	8	-1.0,-1.0,1.0,1.0,-1.0,-1.0,-1.0,-1.0,-1.0,-1.0,-1.0,-1.0,-1.0,-1.0,-1.0,-1.0,1.0,1.0,1.0,1.0,1.0,-1.0,1.0,-1.0	-0.1202375,-6.039831,2.7887592,1.2409148,-0.40398902,-0.13959669,-0.45696732,-1.072053,-0.4993865,-0.0012391089,-0.30156004,-0.555376,-0.62773347,-1.5737889,-0.46057776,-0.5244243,0.30451477,0.56603134,0.5455257,0.15238345,0.84662765,-0.3152484,0.00046241,-0.6591211
../data/train_data_mmini/9/Train_0040.jpg	9	1.0,-1.0,1.0,1.0,1.0,-1.0,-1.0,-1.0,1.0,-1.0,1.0,-1.0,-1.0,-1.0,-1.0,-1.0,1.0,1.0,1.0,-1.0,1.0,-1.0,-1.0,-1.0	0.027478207,-6.755565,3.604948,1.6606741,0.070318595,-0.3873806,-0.35381374,-1.5478815,0.19333339,-0.023492454,0.083342195,-0.6213755,-0.783623,-1.4221867,-0.61696154,-0.45874634,0.46670416,0.26687643,0.37998265,-0.15259664,1.3018638,-0.36066175,-0.7225251,-0.49901637
../data/train_data_mmini/9/Train_0041.jpg	9	1.0,-1.0,1.0,1.0,-1.0,-1.0,-1.0,-1.0,-1.0,1.0,-1.0,-1.0,-1.0,-1.0,-1.0,-1.0,1.0,1.0,1.0,1.0,1.0,-1.0,-1.0,-1.0	0.12693806,-4.486502,2.3312442,1.1632364,-0.073819324,-0.1254509,-0.2000484,-0.8185692,-0.0056426735,0.07176155,-0.22914006,-0.20880212,-0.47168624,-0.9638719,-0.34143177,-0.24319188,0.17631748,0.37634975,0.34367874,0.13759772,0.7544536,-0.42483938,-0.2997811,-0.48152402
../data/train_data_mmini/9/Train_0042.jpg	9	1.0,-1.0,1.0,1.0,1.0,-1.0,-1.0,-1.0,1.0,-1.0,1.0,-1.0,-1.0,-1.0,-1.0,-1.0,1.0,1.0,1.0,-1.0,1.0,-1.0,-1.0,1.0	0.039625358,-5.3204064,2.9537802,1.6474704,0.339064,-0.39037147,-0.48323995,-1.5520397,0.5579855,-0.087043785,0.64451677,-0.46729,-0.64467394,-0.9819842,-0.73216635,-0.59383005,0.37176102,0.45676377,0.13787486,-0.3277396,1.2640862,-0.09618336,-0.99155873,0.06002767
../data/train_data_mmini/9/Train_0043.jpg	9	1.0,-1.0,1.0,1.0,1.0,-1.0,-1.0,-1.0,1.0,1.0,-1.0,-1.0,-1.0,-1.0,-1.0,-1.0,1.0,1.0,1.0,1.0,1.0,-1.0,-1.0,-1.0	0.17053506,-6.5575547,3.6858346,1.1706319,0.07228786,-0.40309578,-0.29554412,-1.2777838,0.1469936,0.2940999,-0.26163256,-0.40861794,-0.51614213,-1.4613193,-0.33983588,-0.20386598,0.40468937,0.26031795,0.45687,0.06648098,1.2379425,-0.7063244,-0.46218348,-0.82634264
../data/train_data_mmini/9/Train_0044.jpg	9	-1.0,-1.0,1.0,1.0,-1.0,-1.0,-1.0,-1.0,-1.0,1.0,-1.0,-1.0,-1.0,-1.0,-1.0,-1.0,1.0,1.0,1.0,1.0,1.0,-1.0,-1.0,-1.0	-0.08967261,-6.0855055,2.9410615,1.1240474,-0.4095836,-0.1735413,-0.23489645,-1.1690301,-0.086439356,0.1481666,-0.07348898,-0.5962104,-0.5792107,-1.4474549,-0.3210127,-0.41213846,0.22867605,0.345906,0.52974486,0.1954926,0.9048552,-0.4480924,-0.15411569,-0.7666104
../data/train_data_mmini/10/Train_0045.jpg	10	-1.0,-1.0,1.0,1.0,-1.0,1.0,-1.0,-1.0,-1.0,1.0,1.0,-1.0,-1.0,-1.0,-1.0,-1.0,1.0,1.0,1.0,1.0,1.0,-1.0,-1.0,-1.0	-0.09531138,-3.6397817,1.5668877,0.5283352,-0.047175493,0.040800888,-0.4615088,-0.56359273,-0.055698276,0.022445556,0.075636946,-0.22616614,-0.09636716,-0.8340943,-0.35679042,-0.17078206,0.112115905,0.44249785,0.43430662,0.20393802,0.5183917,-0.4181941,-0.049486462,-0.24652039
../data/train_data_mmini/10/Train_0046.jpg	10	-1.0,-1.0,1.0,1.0,-1.0,1.0,-1.0,-1.0,-1.0,1.0,1.0,-1.0,-1.0,-1.0,-1.0,-1.0,1.0,1.0,1.0,1.0,1.0,-1.0,-1.0,-1.0	-0.27533144,-3.013906,1.5327811,0.5593296,-0.041494004,0.09912753,-0.26362976,-0.3892518,-0.12583774,0.021600368,0.2209049,-0.4915509,-0.32839003,-0.6491121,-0.4256741,-0.03166866,0.023989612,0.24466258,0.27801958,0.027396891,0.37338707,-0.518131,-0.04555276,-0.24177419
../data/train_data_mmini/10/Train_0047.jpg	10	-1.0,-1.0,1.0,1.0,-1.0,-1.0,-1.0,-1.0,-1.0,-1.0,1.0,-1.0,-1.0,-1.0,-1.0,-1.0,1.0,1.0,1.0,1.0,1.0,-1.0,-1.0,-1.0	-0.0783954,-5.2501082,2.586299,0.94862044,-0.026890617,-0.115044825,-0.44303086,-0.8213515,-0.17373307,-0.026505794,0.15706003,-0.38873923,-0.27754343,-1.1061999,-0.46021897,-0.19336411,0.21855287,0.3230138,0.45459333,0.088584766,0.817205,-0.5593642,-0.31027034,-0.42033374
../data/train_data_mmini/10/Train_0048.jpg	10	-1.0,-1.0,1.0,1.0,-1.0,1.0,-1.0,-1.0,-1.0,-1.0,1.0,-1.0,-1.0,-1.0,-1.0,-1.0,1.0,1.0,1.0,-1.0,1.0,-1.0,-1.0,1.0	-0.039377954,-4.4437714,1.9172862,1.1978986,-0.20625523,0.091566384,-0.78898317,-0.74475014,-0.15269089,-0.38612318,0.407461,-0.54971355,-0.54359263,-0.8519701,-0.73413604,-0.51018906,0.23250566,0.7775379,0.38628185,-0.070152044,0.64183944,-0.28499937,-0.44720602,0.0074117878
../data/train_data_mmini/10/Train_0049.jpg	10	-1.0,-1.0,1.0,1.0,-1.0,-1.0,-1.0,-1.0,-1.0,1.0,-1.0,-1.0,-1.0,-1.0,-1.0,-1.0,1.0,1.0,1.0,1.0,1.0,-1.0,-1.0,-1.0	-0.060401507,-5.5550995,2.708539,1.2401285,-0.09812263,-0.14324278,-0.42306206,-0.9714573,-0.22699839,0.018495155,-0.01788147,-0.57679135,-0.52737653,-1.2974167,-0.498072,-0.34460762,0.29555637,0.35777983,0.46974123,0.14572203,0.90288377,-0.513725,-0.23226736,-0.44149584
