../data/train_data_mmini/1/Train_0000.jpg	1	1.0,1.0,-1.0,-1.0,-1.0,-1.0,1.0,1.0	1.6583321,0.5339833,-0.43369564,-2.1459336,-10.035234,-5.7091455,1.7053475,1.0095912
../data/train_data_mmini/1/Train_0001.jpg	1	1.0,1.0,-1.0,-1.0,-1.0,-1.0,1.0,1.0	1.5246379,0.6739827,-0.4532055,-2.084483,-8.388681,-5.0126586,1.3077925,0.6509384
../data/train_data_mmini/1/Train_0002.jpg	1	1.0,1.0,-1.0,-1.0,-1.0,-1.0,1.0,1.0	0.7865451,0.16631657,-0.47018868,-1.6162487,-7.0912185,-3.8405194,1.0738332,0.66975415
../data/train_data_mmini/1/Train_0003.jpg	1	1.0,1.0,-1.0,-1.0,-1.0,-1.0,1.0,1.0	1.6441145,0.52629846,-0.31426406,-2.1583655,-10.396809,-5.962092,1.7086927,1.0670285
../data/train_data_mmini/1/Train_0004.jpg	1	1.0,1.0,-1.0,-1.0,-1.0,-1.0,1.0,1.0	1.321219,0.49500707,-0.47778705,-2.3354294,-10.029376,-5.693198,1.8160052,0.6436959
../data/train_data_mmini/2/Train_0005.jpg	2	1.0,1.0,-1.0,-1.0,-1.0,-1.0,1.0,1.0	1.0796797,0.2891852,-0.7353103,-1.8325374,-7.464418,-3.8066244,0.85325843,0.7424094
../data/train_data_mmini/2/Train_0006.jpg	2	1.0,1.0,-1.0,-1.0,-1.0,-1.0,1.0,-1.0	2.438772,1.0435799,-1.1436197,-2.6766424,-7.2731857,-4.76445,0.31234095,-0.25754616
../data/train_data_mmini/2/Train_0007.jpg	2	1.0,1.0,-1.0,-1.0,-1.0,-1.0,1.0,1.0	1.2547821,0.23308356,-0.5104966,-2.6571784,-11.662872,-6.461703,2.1839366,0.9071358
../data/train_data_mmini/2/Train_0008.jpg	2	1.0,1.0,-1.0,-1.0,-1.0,-1.0,1.0,-1.0	0.711985,0.43041423,-0.9696001,-2.199304,-7.732974,-4.2163606,1.2393584,-0.11351484
../data/train_data_mmini/2/Train_0009.jpg	2	1.0,1.0,-1.0,-1.0,-1.0,-1.0,1.0,1.0	2.0947237,0.73980445,-0.3006375,-2.0444436,-10.433161,-6.081882,1.7936075,1.2746348
../data/train_data_mmini/3/Train_0010.jpg	3	-1.0,1.0,-1.0,-1.0,-1.0,-1.0,1.0,-1.0	-0.028710803,0.2807102,-0.9654765,-2.080302,-5.3114934,-3.1616037,0.4319638,-0.56561065
../data/train_data_mmini/3/Train_0011.jpg	3	1.0,1.0,1.0,-1.0,-1.0,-1.0,1.0,1.0	0.7506302,0.21158637,0.07245943,-0.83868587,-6.5153036,-3.2995465,1.3889332,1.0293907
../data/train_data_mmini/3/Train_0012.jpg	3	1.0,1.0,1.0,-1.0,-1.0,-1.0,1.0,1.0	2.0967968,0.47840694,0.746972,-1.4163159,-8.539279,-5.6068163,2.2220705,1.6098278
../data/train_data_mmini/3/Train_0013.jpg	3	1.0,1.0,-1.0,-1.0,-1.0,-1.0,1.0,-1.0	1.3224064,0.7880349,-1.0001837,-2.0610945,-6.6110983,-3.904578,1.0183804,-0.27949744
../data/train_data_mmini/3/Train_0014.jpg	3	1.0,1.0,-1.0,-1.0,-1.0,-1.0,1.0,1.0	1.0934743,0.39094356,-0.51635015,-2.025781,-7.523901,-4.2968183,0.8686778,0.81188387
../data/train_data_mmini/4/Train_0015.jpg	4	1.0,1.0,-1.0,-1.0,-1.0,-1.0,1.0,1.0	1.2858382,0.06579477,-0.51581097,-2.0635934,-9.638392,-5.064701,1.8583744,1.0676731
../data/train_data_mmini/4/Train_0016.jpg	4	1.0,1.0,-1.0,-1.0,-1.0,-1.0,1.0,1.0	1.0396156,0.300878,-0.15067604,-0.76039946,-6.49876,-2.9466856,1.0842835,0.84274197
../data/train_data_mmini/4/Train_0017.jpg	4	1.0,1.0,-1.0,-1.0,-1.0,-1.0,1.0,-1.0	2.5004897,1.0250363,-0.74759567,-2.0002053,-6.607885,-4.561713,0.97061014,-0.12096009
../data/train_data_mmini/4/Train_0018.jpg	4	1.0,1.0,-1.0,-1.0,-1.0,-1.0,1.0,1.0	0.48715082,0.092557676,-0.22173673,-1.5809283,-6.2659945,-3.2209039,0.97847635,0.82009524
../data/train_data_mmini/4/Train_0019.jpg	4	1.0,1.0,-1.0,-1.0,-1.0,-1.0,1.0,-1.0	1.6003103,0.8939045,-2.009468,-2.6033137,-7.097464,-3.891156,0.39485157,-0.95815986
../data/train_data_mmini/5/Train_0020.jpg	5	1.0,1.0,-1.0,-1.0,-1.0,-1.0,1.0,1.0	1.4148115,0.48817307,-0.6464058,-2.503615,-10.337822,-5.7368836,1.5490069,0.8487411
../data/train_data_mmini/5/Train_0021.jpg	5	1.0,1.0,-1.0,-1.0,-1.0,-1.0,1.0,1.0	1.8052235,0.36750886,-0.32744828,-2.139763,-10.501581,-5.7734404,1.6306522,1.4785131
../data/train_data_mmini/5/Train_0022.jpg	5	1.0,1.0,-1.0,-1.0,-1.0,-1.0,1.0,1.0	1.553695,0.54403734,-0.81243676,-2.650748,-10.725132,-6.1246743,1.8236063,0.5650962
../data/train_data_mmini/5/Train_0023.jpg	5	1.0,1.0,-1.0,-1.0,-1.0,-1.0,1.0,1.0	1.6111037,0.39992082,-0.36724946,-2.3717341,-10.999867,-6.167709,1.734371,1.3006951
../data/train_data_mmini/5/Train_0024.jpg	5	1.0,1.0,1.0,-1.0,-1.0,-1.0,1.0,1.0	1.0861173,0.07954363,0.08058587,-2.0442703,-10.551329,-5.8407893,1.9774983,1.3631077
../data/train_data_mmini/6/Train_0025.jpg	6	1.0,1.0,-1.0,-1.0,-1.0,-1.0,1.0,1.0	1.0096625,0.41681892,-0.13722736,-1.1216017,-6.4893885,-3.393271,0.8521684,0.8358078
../data/train_data_mmini/6/Train_0026.jpg	6	1.0,1.0,-1.0,-1.0,-1.0,-1.0,1.0,-1.0	1.4949183,0.8352036,-0.99302435,-2.634697,-8.55214,-5.351896,1.2587535,-0.19874132
../data/train_data_mmini/6/Train_0027.jpg	6	1.0,1.0,1.0,-1.0,-1.0,-1.0,1.0,1.0	0.8002757,0.26127404,0.051818907,-0.98398554,-5.6373053,-3.0062203,0.6003976,0.98834854
../data/train_data_mmini/6/Train_0028.jpg	6	1.0,1.0,-1.0,-1.0,-1.0,-1.0,1.0,1.0	0.88266164,0.4698475,-0.4732217,-1.5694422,-7.6273904,-4.1487865,1.5276585,0.30981213
../data/train_data_mmini/6/Train_0029.jpg	6	1.0,1.0,-1.0,-1.0,-1.0,-1.0,1.0,1.0	1.4368457,0.51930517,-0.6806526,-1.9428693,-8.006848,-4.4338694,1.1833696,0.5567907
../data/train_data_mmini/7/Train_0030.jpg	7	1.0,1.0,-1.0,-1.0,-1.0,-1.0,1.0,1.0	2.895184,0.78821874,-0.5644541,-1.8177378,-11.013584,-5.805129,1.5960238,1.6871581
../data/train_data_mmini/7/Train_0031.jpg	7	1.0,1.0,-1.0,-1.0,-1.0,-1.0,1.0,1.0	1.6320567,0.7055351,-0.10145083,-2.055556,-8.399469,-5.2846627,1.511706,0.79139763
../data/train_data_mmini/7/Train_0032.jpg	7	1.0,1.0,-1.0,-1.0,-1.0,-1.0,1.0,1.0	0.84571445,0.2949887,-0.1456793,-1.3275777,-6.4244266,-3.3033984,0.8223159,0.9824002
../data/train_data_mmini/7/Train_0033.jpg	7	1.0,1.0,-1.0,-1.0,-1.0,-1.0,1.0,1.0	1.6095549,0.3957204,-0.007987233,-2.170682,-8.957203,-5.540685,1.0478631,1.3714783
../data/train_data_mmini/7/Train_0034.jpg	7	-1.0,-1.0,1.0,-1.0,-1.0,-1.0,1.0,1.0	-0.5712482,-0.40358174,0.12958685,-0.74375844,-5.4988685,-2.448424,0.76818866,1.0431273
../data/train_data_mmini/8/Train_0035.jpg	8	1.0,1.0,-1.0,-1.0,-1.0,-1.0,1.0,1.0	1.4926977,0.40655148,-0.2395952,-1.9222121,-9.29341,-5.269925,1.5884022,1.0726433
../data/train_data_mmini/8/Train_0036.jpg	8	1.0,1.0,-1.0,-1.0,-1.0,-1.0,1.0,1.0	1.2307572,0.45362476,-0.1981264,-2.0217974,-8.647526,-5.2672653,1.5694635,0.85997003
../data/train_data_mmini/8/Train_0037.jpg	8	1.0,1.0,-1.0,-1.0,-1.0,-1.0,1.0,1.0	1.2231506,0.37434745,-0.13216674,-1.830943,-8.572581,-4.931355,1.7468309,0.91393816
../data/train_data_mmini/8/Train_0038.jpg	8	1.0,1.0,-1.0,-1.0,-1.0,-1.0,1.0,1.0	1.2978195,0.34629437,-0.23477009,-1.6440072,-8.791133,-4.651109,1.4647654,1.1012055
../data/train_data_mmini/8/Train_0039.jpg	8	1.0,1.0,-1.0,-1.0,-1.0,-1.0,1.0,1.0	1.7599937,0.55149156,-0.19688931,-2.022767,-9.443328,-5.749228,1.8103077,0.98381144
../data/train_data_mmini/9/Train_0040.jpg	9	1.0,1.0,-1.0,-1.0,-1.0,-1.0,1.0,1.0	1.5153296,0.35829234,-0.5134734,-2.565272,-11.125015,-6.244166,2.0810127,0.8188152
../data/train_data_mmini/9/Train_0041.jpg	9	1.0,1.0,-1.0,-1.0,-1.0,-1.0,1.0,1.0	0.6497875,0.32992202,-0.4221789,-1.7975472,-6.61317,-3.8789368,0.9958021,0.42205656
../data/train_data_mmini/9/Train_0042.jpg	9	1.0,1.0,-1.0,-1.0,-1.0,-1.0,1.0,1.0	0.6429491,0.011376448,-0.23840982,-2.131675,-9.445243,-4.981765,2.0133102,0.710789
../data/train_data_mmini/9/Train_0043.jpg	9	1.0,1.0,-1.0,-1.0,-1.0,-1.0,1.0,1.0	1.7318767,0.5496425,-1.0695511,-2.7827392,-10.552904,-5.973296,1.6349802,0.53093404
../data/train_data_mmini/9/Train_0044.jpg	9	1.0,1.0,-1.0,-1.0,-1.0,-1.0,1.0,1.0	1.8015026,0.7089545,-0.61374557,-2.2918863,-9.193091,-5.4829392,1.5485109,0.66128415
../data/train_data_mmini/10/Train_0045.jpg	10	1.0,1.0,-1.0,-1.0,-1.0,-1.0,1.0,1.0	0.5742282,0.30681792,-0.2781499,-1.3110696,-5.841826,-3.2092512,1.1124303,0.41354993
../data/train_data_mmini/10/Train_0046.jpg	10	1.0,1.0,-1.0,-1.0,-1.0,-1.0,1.0,1.0	0.70212156,0.1704614,-0.1568887,-1.0027006,-4.8626432,-2.623651,0.7861243,0.56383824
../data/train_data_mmini/10/Train_0047.jpg	10	1.0,1.0,-1.0,-1.0,-1.0,-1.0,1.0,1.0	0.87419474,0.37252063,-0.39666834,-1.7428104,-7.950262,-4.184233,1.2619324,0.6409703
../data/train_data_mmini/10/Train_0048.jpg	10	1.0,-1.0,1.0,-1.0,-1.0,-1.0,1.0,1.0	0.546544,-0.043222927,0.39245266,-1.0897348,-7.4834547,-3.8040178,1.7098056,1.1102494
../data/train_data_mmini/10/Train_0049.jpg	10	1.0,1.0,-1.0,-1.0,-1.0,-1.0,1.0,1.0	1.4229695,0.43891034,-0.36424312,-1.8315214,-8.989822,-4.9277234,1.5278862,0.91662055
