../data/train_data_mmini/1/Train_0000.jpg	1	-1.0,1.0,1.0,1.0,1.0,1.0,-1.0,1.0,-1.0,-1.0,1.0,1.0	-1.0723253,0.3101162,1.2613218,0.18439935,0.20466647,0.5204186,-1.0326313,1.4496024,-0.56303287,-2.9400527,0.08866535,1.3703133
../data/train_data_mmini/1/Train_0001.jpg	1	-1.0,1.0,-1.0,1.0,-1.0,-1.0,1.0,1.0,1.0,-1.0,-1.0,-1.0	-1.1813723,3.575331,-0.74243814,0.18840699,-2.3285136,-0.4201833,0.64257693,0.8730031,1.836637,-1.5704498,-0.8920839,-1.7258323
../data/train_data_mmini/1/Train_0002.jpg	1	1.0,1.0,1.0,1.0,1.0,1.0,1.0,1.0,-1.0,-1.0,-1.0,1.0	1.1128478,1.4195198,1.7731782,2.1169696,0.071237646,0.8812866,3.1682804,0.95613706,-2.8460395,-2.1073396,-1.5256022,0.9193347
../data/train_data_mmini/1/Train_0003.jpg	1	-1.0,1.0,-1.0,-1.0,1.0,1.0,-1.0,-1.0,1.0,-1.0,1.0,1.0	-0.7831038,2.176303,-0.49341238,-1.2214,3.078854,1.0061648,-1.3706169,-0.45639637,0.20199537,-1.0977424,0.336519,0.901031
../data/train_data_mmini/1/Train_0004.jpg	1	-1.0,1.0,1.0,-1.0,-1.0,-1.0,-1.0,1.0,-1.0,-1.0,1.0,1.0	-0.7922044,0.1223635,1.0846841,-0.3568796,-0.32503855,-1.3730915,-2.1186492,0.51053447,-0.06951404,-4.0904727,1.6452715,0.5268984
../data/train_data_mmini/2/Train_0005.jpg	2	-1.0,-1.0,1.0,1.0,-1.0,1.0,1.0,-1.0,1.0,1.0,1.0,1.0	-1.3951386,-2.4762363,0.48925805,2.7762809,-1.8590659,0.45688546,0.5089137,-0.62228805,1.8906437,0.16256918,1.5860131,0.029422687
../data/train_data_mmini/2/Train_0006.jpg	2	1.0,-1.0,1.0,-1.0,-1.0,1.0,-1.0,1.0,1.0,1.0,-1.0,-1.0	1.0928555,-2.2871745,1.8701024,-0.22317484,-1.6081005,3.0306306,-0.7557559,0.099339366,0.7483668,1.0810935,-0.46855417,-1.187526
../data/train_data_mmini/2/Train_0007.jpg	2	-1.0,-1.0,1.0,-1.0,-1.0,1.0,-1.0,1.0,1.0,-1.0,1.0,1.0	-1.1603584,-2.1108127,1.0183071,-1.5433234,-0.06305708,1.5020729,-1.0799928,2.8280609,0.45233965,-2.9206154,0.6169776,0.31149516
../data/train_data_mmini/2/Train_0008.jpg	2	1.0,-1.0,-1.0,1.0,-1.0,-1.0,1.0,1.0,-1.0,-1.0,-1.0,1.0	1.8783549,-0.027278105,-1.7964412,0.18192726,-2.6240673,-1.0476525,1.341259,1.9365124,-1.2749937,-1.5574261,-0.86362123,2.8698206
../data/train_data_mmini/2/Train_0009.jpg	2	-1.0,-1.0,1.0,-1.0,1.0,-1.0,-1.0,1.0,-1.0,1.0,1.0,-1.0	-1.5317905,-0.67098033,1.7466482,-0.37211967,2.1035087,-0.23545025,-0.38810316,1.435905,-1.1454388,0.89619726,1.9223782,-0.77057076
../data/train_data_mmini/3/Train_0010.jpg	3	1.0,1.0,-1.0,-1.0,-1.0,-1.0,1.0,1.0,1.0,1.0,-1.0,-1.0	0.3087983,1.7757779,-2.3392751,-2.4491177,-1.0537573,-1.8897196,0.44355628,1.1953003,1.7008427,1.2778106,-0.41748586,-0.31406215
../data/train_data_mmini/3/Train_0011.jpg	3	1.0,1.0,1.0,-1.0,-1.0,-1.0,1.0,1.0,-1.0,-1.0,-1.0,-1.0	0.40889,1.2537454,4.154437,-0.38275516,-0.008996624,-0.5401337,3.139591,0.633704,-0.4747841,-2.213349,-2.9598389,-0.06144607
../data/train_data_mmini/3/Train_0012.jpg	3	-1.0,1.0,1.0,1.0,-1.0,-1.0,1.0,-1.0,1.0,-1.0,1.0,1.0	-1.8141445,4.559817,3.0962508,2.9972246,-1.5905018,-0.500474,1.6354316,-0.23232463,0.35237768,-2.0574489,0.51894855,1.235066
../data/train_data_mmini/3/Train_0013.jpg	3	1.0,1.0,1.0,1.0,-1.0,1.0,1.0,1.0,-1.0,-1.0,-1.0,1.0	2.5958815,0.0055043455,0.22541934,1.8399155,-2.94503,0.91441447,2.2845125,0.17580846,-2.7618756,-0.67638546,-0.2029002,0.25438976
../data/train_data_mmini/3/Train_0014.jpg	3	1.0,-1.0,1.0,-1.0,-1.0,-1.0,-1.0,1.0,1.0,1.0,-1.0,-1.0	1.3068787,-0.79411584,0.67924225,-0.62879217,-0.59187734,-0.5118947,-0.09354976,0.73314047,0.91382307,0.1623512,-1.5670006,-2.7418494
../data/train_data_mmini/4/Train_0015.jpg	4	-1.0,1.0,1.0,1.0,-1.0,1.0,-1.0,-1.0,-1.0,-1.0,-1.0,1.0	-0.59616107,0.6461746,2.6322026,1.6803147,-0.58420414,0.23511536,-2.5929952,-0.51518077,-0.7900234,-2.715019,-1.2724111,1.9907511
../data/train_data_mmini/4/Train_0016.jpg	4	-1.0,1.0,-1.0,1.0,-1.0,1.0,1.0,1.0,1.0,-1.0,-1.0,1.0	-1.0938014,0.95829505,-0.9470009,2.7435455,-0.5153877,1.1019667,3.3576384,0.0021205917,0.59215915,-0.4357673,-0.52203274,0.1230005
../data/train_data_mmini/4/Train_0017.jpg	4	1.0,1.0,1.0,1.0,-1.0,1.0,1.0,-1.0,1.0,-1.0,-1.0,-1.0	0.78940344,1.3949583,3.329615,2.760688,-2.0213401,1.2360952,2.3342428,-1.1130866,0.14869376,-0.1265851,-1.0971847,-0.3382498
../data/train_data_mmini/4/Train_0018.jpg	4	-1.0,-1.0,-1.0,1.0,-1.0,-1.0,1.0,-1.0,1.0,-1.0,1.0,-1.0	-1.7115091,-1.8558527,-0.41413257,1.0907013,-2.4699783,-0.48382747,1.0772057,-0.36821756,2.7252579,-0.845157,0.65801954,-0.86985594
../data/train_data_mmini/4/Train_0019.jpg	4	1.0,-1.0,1.0,1.0,-1.0,1.0,-1.0,-1.0,-1.0,1.0,1.0,-1.0	3.7667933,-1.8322918,1.930218,1.4836538,-0.42348972,1.6240504,-0.8759096,-0.86875075,-0.56541395,0.0743545,0.6624254,-1.8057692
../data/train_data_mmini/5/Train_0020.jpg	5	-1.0,1.0,-1.0,1.0,-1.0,1.0,1.0,1.0,1.0,-1.0,1.0,-1.0	-1.5256671,0.3629594,-1.4900697,0.5892636,-0.538239,1.2240839,0.48416927,0.4792131,0.9064146,-2.548195,2.8611455,-1.9298087
../data/train_data_mmini/5/Train_0021.jpg	5	1.0,-1.0,1.0,-1.0,1.0,1.0,-1.0,-1.0,-1.0,-1.0,-1.0,-1.0	0.74162394,-0.8209187,2.0654228,-1.9950992,0.6076305,1.1739086,-2.5388048,-2.3742979,-0.37733638,-3.2347527,-1.6246576,-0.0483884
../data/train_data_mmini/5/Train_0022.jpg	5	-1.0,-1.0,-1.0,-1.0,-1.0,1.0,-1.0,1.0,1.0,-1.0,1.0,1.0	-0.21532193,-2.0554366,-0.10751821,-1.1615252,-1.32548,0.7640552,-1.0028694,3.098513,0.15176837,-0.3378148,1.7191886,1.0019499
../data/train_data_mmini/5/Train_0023.jpg	5	-1.0,-1.0,-1.0,-1.0,1.0,1.0,-1.0,-1.0,1.0,-1.0,1.0,1.0	-2.0433557,-1.21951,-0.8016006,-2.082489,0.057075653,1.9524504,-1.1817588,-0.16718045,1.0880649,-1.3201388,2.3389356,0.48586363
../data/train_data_mmini/5/Train_0024.jpg	5	-1.0,-1.0,1.0,-1.0,1.0,-1.0,-1.0,-1.0,1.0,-1.0,1.0,1.0	-1.8479506,-0.43630505,2.5412169,-0.17703383,0.9966138,-0.45835316,-1.2657213,-0.22330168,0.022309817,-3.393104,1.0866857,2.4161038
../data/train_data_mmini/6/Train_0025.jpg	6	1.0,1.0,1.0,1.0,1.0,1.0,1.0,1.0,1.0,1.0,-1.0,-1.0	1.6821024,1.7604103,3.3039045,0.34530178,2.4889667,0.5470879,0.31989887,0.09195209,0.852471,2.5014443,-1.4732965,-2.270795
../data/train_data_mmini/6/Train_0026.jpg	6	-1.0,1.0,1.0,-1.0,1.0,-1.0,1.0,1.0,1.0,-1.0,1.0,-1.0	-0.60838276,1.6402926,0.08138539,-1.0549272,2.8089085,-1.2618811,0.27716908,0.7457131,1.7230991,-0.0031768158,0.27609617,-0.11791945
../data/train_data_mmini/6/Train_0027.jpg	6	-1.0,1.0,-1.0,-1.0,-1.0,-1.0,1.0,1.0,1.0,1.0,-1.0,-1.0	-0.6529777,2.1351814,-0.009816226,-1.3773215,-0.81341267,-0.5180296,1.866838,2.1947305,1.8105189,1.2948487,-2.1788657,-2.698772
../data/train_data_mmini/6/Train_0028.jpg	6	1.0,-1.0,1.0,-1.0,-1.0,-1.0,1.0,1.0,1.0,-1.0,-1.0,-1.0	0.7528756,-0.88415265,1.983476,-0.9833959,-0.6980267,-0.53960764,2.6761482,2.4487085,0.11574425,-1.9230157,-1.4899552,-0.15125245
../data/train_data_mmini/6/Train_0029.jpg	6	-1.0,1.0,1.0,1.0,1.0,-1.0,1.0,-1.0,-1.0,1.0,1.0,1.0	-1.1762372,0.6804505,3.6459405,0.85279685,1.3806511,-0.29808575,1.0195448,-0.43001303,-4.9432464,2.807253,1.8368688,0.21180451
../data/train_data_mmini/7/Train_0030.jpg	7	-1.0,1.0,1.0,1.0,-1.0,1.0,1.0,1.0,1.0,1.0,-1.0,-1.0	-0.9901144,0.005683897,1.2042627,1.350321,-0.13345584,2.9515166,0.072086796,1.8454539,0.9516284,1.3011872,-0.588269,-0.22460833
../data/train_data_mmini/7/Train_0031.jpg	7	-1.0,-1.0,-1.0,1.0,-1.0,1.0,1.0,1.0,-1.0,1.0,1.0,1.0	-0.33898908,-0.07787799,-0.7838149,2.4127042,-1.5571189,0.0074282475,3.5299282,1.2617534,-0.95903176,0.17525552,1.1433003,0.9186296
../data/train_data_mmini/7/Train_0032.jpg	7	1.0,1.0,1.0,1.0,-1.0,-1.0,1.0,-1.0,1.0,-1.0,-1.0,-1.0	0.21913455,0.8726986,1.2268121,0.12750997,-0.598197,-1.6581979,1.8070942,-1.6574296,0.75462025,-0.82123107,-1.8719617,-1.9279617
../data/train_data_mmini/7/Train_0033.jpg	7	-1.0,-1.0,1.0,1.0,1.0,-1.0,1.0,1.0,1.0,-1.0,1.0,-1.0	-1.5660177,-0.36660403,1.3926117,1.3412255,0.6015172,-0.49521858,1.1108054,2.815511,0.99730486,-0.5250254,2.7686267,-0.84811443
../data/train_data_mmini/7/Train_0034.jpg	7	1.0,1.0,1.0,-1.0,1.0,-1.0,1.0,-1.0,1.0,-1.0,-1.0,-1.0	1.0188609,0.51879805,1.5367146,-3.9270854,0.35587567,-1.9963036,2.2732754,-0.11809137,2.6242142,-0.86188513,-3.665533,-0.30352002
../data/train_data_mmini/8/Train_0035.jpg	8	-1.0,-1.0,1.0,-1.0,-1.0,1.0,-1.0,1.0,1.0,1.0,-1.0,-1.0	-2.0603712,-1.9319255,1.7819494,-0.5274288,-2.855139,0.66560704,-1.1186032,1.2973053,0.5304534,1.6504319,-0.5345737,-0.026998261
../data/train_data_mmini/8/Train_0036.jpg	8	-1.0,-1.0,1.0,1.0,-1.0,1.0,1.0,1.0,1.0,1.0,-1.0,1.0	-0.93826073,-2.5756652,1.8766773,2.8891354,-0.7630115,1.2347568,2.2253783,3.0489483,0.633769,2.093288,-0.3794063,0.026372774
../data/train_data_mmini/8/Train_0037.jpg	8	-1.0,-1.0,1.0,-1.0,1.0,-1.0,1.0,1.0,1.0,-1.0,-1.0,-1.0	-1.7186838,-0.53138435,3.9351819,-0.5392145,1.1441835,-0.76806253,2.6999276,1.4451063,1.7049453,-0.9470504,-1.6016619,-0.38598487
../data/train_data_mmini/8/Train_0038.jpg	8	1.0,1.0,-1.0,1.0,-1.0,-1.0,1.0,1.0,-1.0,1.0,-1.0,1.0	0.14907128,1.2611752,-1.7280718,1.2174822,-0.9724121,-0.5032847,1.879329,1.4898888,-1.9328773,1.3688698,-1.0115111,2.3542788
../data/train_data_mmini/8/Train_0039.jpg	8	-1.0,-1.0,1.0,1.0,-1.0,1.0,1.0,1.0,-1.0,1.0,1.0,-1.0	-2.2602777,-2.0934207,6.1354775,0.5096083,-2.9132817,0.7420845,1.1070133,1.4881527,-1.9242635,0.63146466,1.158043,-0.4427868
../data/train_data_mmini/9/Train_0040.jpg	9	-1.0,1.0,1.0,-1.0,1.0,1.0,-1.0,1.0,-1.0,-1.0,-1.0,1.0	-0.77484596,0.6844845,3.6940775,-0.37152186,0.7481115,0.48609293,-2.437995,1.3581938,-1.1646247,-3.1679463,-1.7096201,0.75791806
../data/train_data_mmini/9/Train_0041.jpg	9	-1.0,-1.0,1.0,1.0,-1.0,-1.0,1.0,1.0,1.0,-1.0,1.0,-1.0	-0.7575919,-1.0072188,1.5049216,1.4654957,-1.731475,-0.24620424,3.286303,1.4874692,1.1751742,-1.689481,1.7771497,-4.294279
../data/train_data_mmini/9/Train_0042.jpg	9	-1.0,1.0,1.0,-1.0,-1.0,-1.0,-1.0,-1.0,-1.0,-1.0,-1.0,1.0	-1.1915913,1.7986541,2.5820405,-0.21173497,-0.90030354,-1.2122139,-1.5955217,-1.5583909,-0.48003048,-4.10615,-1.4026353,1.4477364
../data/train_data_mmini/9/Train_0043.jpg	9	-1.0,-1.0,1.0,-1.0,-1.0,1.0,-1.0,1.0,1.0,-1.0,-1.0,-1.0	-0.16287401,-3.324074,1.5347285,-0.5009588,-3.0403764,1.5443295,-2.5634108,1.5928079,0.681802,-0.054211184,-0.2601476,-1.7694029
../data/train_data_mmini/9/Train_0044.jpg	9	-1.0,1.0,1.0,1.0,-1.0,1.0,-1.0,-1.0,-1.0,1.0,-1.0,1.0	-0.9500618,2.3117967,3.3788528,0.7816343,-0.7841692,0.54106736,-1.021051,-1.272222,-2.0830138,1.4466951,-0.09184483,0.2434907
../data/train_data_mmini/10/Train_0045.jpg	10	-1.0,-1.0,1.0,-1.0,1.0,-1.0,1.0,1.0,-1.0,1.0,1.0,1.0	-0.83232874,-1.1644843,6.7181287,-0.98841125,0.8189907,-3.6567302,3.5639968,2.3379118,-2.8290622,2.3612914,1.9213417,0.07310057
../data/train_data_mmini/10/Train_0046.jpg	10	1.0,1.0,1.0,-1.0,1.0,-1.0,1.0,-1.0,-1.0,1.0,-1.0,1.0	0.7043213,2.2707477,5.0384636,-0.76706535,1.0026985,-1.7028058,1.5249301,-1.0822062,-2.3124914,0.37879258,-1.224786,0.4266657
../data/train_data_mmini/10/Train_0047.jpg	10	1.0,-1.0,1.0,1.0,-1.0,-1.0,1.0,-1.0,-1.0,1.0,1.0,1.0	0.62631756,-3.3416169,4.902362,0.86431557,-1.6598859,-0.22429557,3.566442,-0.6915057,-1.6431121,1.7335956,0.454555,2.287027
../data/train_data_mmini/10/Train_0048.jpg	10	1.0,1.0,1.0,1.0,-1.0,-1.0,1.0,-1.0,-1.0,1.0,1.0,1.0	0.9095038,0.38588706,4.6140246,2.3264015,-0.06412212,-1.6475999,0.3623142,-0.30400082,-2.4546015,3.3665173,1.4317137,0.68235445
../data/train_data_mmini/10/Train_0049.jpg	10	-1.0,-1.0,1.0,-1.0,-1.0,-1.0,1.0,1.0,-1.0,1.0,-1.0,-1.0	-1.3397,-0.11263145,4.7860804,-2.0801682,-0.64053494,-0.8982924,0.19297919,1.434132,-1.3188704,2.8459685,-1.7904801,-0.4034695
