../data/train_data_mmini/1/Train_0000.jpg	1	1.0,1.0,-1.0,1.0,-1.0,-1.0,1.0,1.0,-1.0,1.0,-1.0,-1.0,-1.0,-1.0,1.0,1.0,-1.0,1.0,-1.0,1.0,1.0,1.0,1.0,1.0	7.6463304,0.19291724,-2.9006882,1.3447211,-0.9471606,-3.673457,0.794357,2.8118832,-1.5024829,0.3734517,-1.8713002,-2.5460732,-1.6287543,-0.58154875,0.46853125,0.5907146,-1.1398876,0.04780955,-5.502217,2.9916039,1.7494992,2.3825712,2.4741724,1.9999582
../data/train_data_mmini/1/Train_0001.jpg	1	1.0,-1.0,-1.0,1.0,-1.0,-1.0,1.0,1.0,-1.0,1.0,-1.0,-1.0,-1.0,-1.0,1.0,1.0,-1.0,-1.0,-1.0,1.0,1.0,1.0,1.0,1.0	7.366767,-0.083142236,-2.7137086,1.2973006,-0.79633296,-3.426896,0.6262179,2.652548,-1.4360883,0.4273795,-1.8573164,-2.4583747,-1.447868,-0.46966207,0.36426985,0.709643,-0.93503165,-0.15178803,-5.0845184,2.9731328,1.6032369,2.2703068,2.3926802,1.8841671
../data/train_data_mmini/1/Train_0002.jpg	1	1.0,1.0,-1.0,1.0,-1.0,-1.0,1.0,1.0,-1.0,1.0,-1.0,-1.0,-1.0,-1.0,1.0,1.0,-1.0,-1.0,-1.0,1.0,1.0,1.0,1.0,1.0	6.070363,0.15201665,-2.21918,1.0288496,-0.88508004,-2.7774193,0.42430532,2.2277899,-0.9893796,0.24670507,-1.2262872,-1.9866774,-0.97064734,-0.24091111,0.3484789,0.53290105,-1.095627,-0.043374814,-4.2338657,2.1637847,1.2486091,1.8230379,1.7173746,1.6655922
../data/train_data_mmini/1/Train_0003.jpg	1	1.0,1.0,-1.0,1.0,-1.0,-1.0,1.0,1.0,-1.0,1.0,-1.0,-1.0,-1.0,-1.0,1.0,1.0,-1.0,-1.0,-1.0,1.0,1.0,1.0,1.0,1.0	7.810158,0.22107403,-2.855686,1.331387,-1.1803117,-3.8230114,0.7356245,2.9020069,-1.4264258,0.46847594,-1.8869983,-2.6394303,-1.9886461,-0.75468713,0.5950494,0.6727451,-0.96029806,-0.044477634,-5.7659726,3.054088,1.7466018,2.503891,2.4514136,1.8089191
../data/train_data_mmini/1/Train_0004.jpg	1	1.0,1.0,-1.0,1.0,-1.0,-1.0,1.0,1.0,-1.0,1.0,-1.0,-1.0,-1.0,-1.0,1.0,1.0,-1.0,1.0,-1.0,1.0,1.0,1.0,1.0,1.0	7.8531346,0.28712553,-3.009155,1.38393,-1.0962201,-3.7226286,0.79248613,2.9229558,-1.6003685,0.38131493,-1.9138179,-2.6255114,-1.9541326,-0.76338357,0.6284801,0.53079146,-0.95593053,0.019623948,-5.801641,3.240358,1.6955444,2.409644,2.5133896,1.7550962
../data/train_data_mmini/2/Train_0005.jpg	2	1.0,1.0,-1.0,1.0,-1.0,-1.0,1.0,1.0,-1.0,1.0,-1.0,-1.0,-1.0,-1.0,1.0,1.0,-1.0,-1.0,-1.0,1.0,1.0,1.0,1.0,1.0	7.01462,0.10775919,-2.6207783,1.3264208,-0.9701926,-3.223306,0.5745827,2.558908,-1.2589478,0.39212465,-1.7542468,-2.3570669,-1.5679244,-0.66215116,0.35433528,0.63446355,-0.8585809,-0.15027127,-4.866447,2.8011482,1.5170387,2.299079,2.1035507,1.5795705
../data/train_data_mmini/2/Train_0006.jpg	2	1.0,1.0,-1.0,1.0,-1.0,-1.0,1.0,1.0,-1.0,1.0,-1.0,-1.0,-1.0,-1.0,1.0,1.0,-1.0,-1.0,-1.0,1.0,1.0,1.0,1.0,1.0	6.844306,0.14703827,-2.843678,1.2940416,-0.40851012,-3.2411675,0.7211942,2.3804219,-1.3966527,0.16323946,-1.7796807,-2.4473438,-1.060463,-0.2157106,0.40079263,0.27187714,-1.1251549,-0.017152907,-4.750952,2.9843662,1.6137593,2.0626204,2.197332,1.9253664
../data/train_data_mmini/2/Train_0007.jpg	2	1.0,1.0,-1.0,1.0,-1.0,-1.0,1.0,1.0,-1.0,1.0,-1.0,-1.0,-1.0,-1.0,1.0,1.0,-1.0,-1.0,-1.0,1.0,1.0,1.0,1.0,1.0	9.024076,0.21402423,-3.2889075,1.6541576,-1.5010165,-4.2056565,0.6444952,3.409226,-1.6299396,0.36996555,-2.10786,-2.8968663,-2.2353075,-0.9558175,0.69576627,0.84428424,-1.0439817,-0.12344713,-6.25092,3.351068,1.7511239,2.9564195,2.66364,1.8730547
../data/train_data_mmini/2/Train_0008.jpg	2	1.0,1.0,-1.0,1.0,-1.0,-1.0,1.0,1.0,-1.0,1.0,-1.0,-1.0,-1.0,-1.0,1.0,1.0,-1.0,-1.0,-1.0,1.0,1.0,1.0,1.0,1.0	6.904087,0.008673328,-2.592241,1.3064024,-0.9698874,-2.9778583,0.57257724,2.5551898,-1.3408014,0.2508561,-1.7545269,-2.145203,-1.3209875,-0.45895427,0.36535028,0.5686692,-0.7785601,-0.18840773,-4.767217,2.8100233,1.4235113,1.9808799,2.2620046,1.6372206
../data/train_data_mmini/2/Train_0009.jpg	2	1.0,1.0,-1.0,1.0,-1.0,-1.0,1.0,1.0,-1.0,1.0,-1.0,-1.0,-1.0,-1.0,1.0,1.0,-1.0,-1.0,-1.0,1.0,1.0,1.0,1.0,1.0	8.907564,0.354548,-3.5635846,1.6727514,-1.09569,-4.1745043,0.9288923,3.2161782,-1.9428811,0.35801104,-2.2243173,-3.0726917,-2.0401332,-0.6845052,0.4968975,0.6278554,-1.3015729,-0.03301626,-6.467537,3.779872,1.9924573,3.0029092,2.871392,2.213779
../data/train_data_mmini/3/Train_0010.jpg	3	1.0,-1.0,-1.0,1.0,-1.0,-1.0,1.0,1.0,-1.0,1.0,-1.0,-1.0,-1.0,-1.0,1.0,1.0,-1.0,-1.0,-1.0,1.0,1.0,1.0,1.0,1.0	6.246815,-0.077850804,-2.050236,1.0734698,-1.166267,-2.8048668,0.2520517,2.4384418,-0.8895706,0.18406495,-1.5350766,-2.1626663,-1.3250567,-0.32920906,0.49416587,0.7416911,-0.5971986,-0.18598908,-4.318471,2.1702576,1.0463799,1.8855121,1.9527962,1.4191873
../data/train_data_mmini/3/Train_0011.jpg	3	1.0,1.0,-1.0,1.0,-1.0,-1.0,1.0,1.0,-1.0,1.0,-1.0,-1.0,-1.0,-1.0,1.0,1.0,-1.0,-1.0,-1.0,1.0,1.0,1.0,1.0,1.0	5.707096,0.061301906,-2.2555459,0.98410213,-0.614127,-2.6579115,0.5603478,2.0353262,-1.2248207,0.3676353,-1.3042762,-1.9091034,-1.1270931,-0.44607168,0.26430577,0.32619426,-0.8803826,-0.028369531,-4.236599,2.4177437,1.1550541,1.7427789,1.7631019,1.6271621
../data/train_data_mmini/3/Train_0012.jpg	3	1.0,1.0,-1.0,1.0,-1.0,-1.0,1.0,1.0,-1.0,1.0,-1.0,-1.0,-1.0,-1.0,1.0,1.0,-1.0,1.0,-1.0,1.0,1.0,1.0,1.0,1.0	6.648783,0.57293236,-3.0747495,1.1698468,-0.6272425,-3.575432,0.7813124,2.4166095,-1.4444278,0.3896139,-1.5164411,-2.557796,-1.9435424,-0.68634504,0.6363325,0.23879136,-1.0029377,0.111419804,-5.2943473,3.1838782,1.4721822,2.4458382,2.0204322,1.3927805
../data/train_data_mmini/3/Train_0013.jpg	3	1.0,1.0,-1.0,1.0,-1.0,-1.0,1.0,1.0,-1.0,1.0,-1.0,-1.0,-1.0,-1.0,1.0,1.0,-1.0,-1.0,-1.0,1.0,1.0,1.0,1.0,1.0	6.7090654,0.17944591,-2.6741872,1.2805696,-0.85992634,-2.9791243,0.62234104,2.4344246,-1.3499426,0.35657993,-1.7708602,-2.239636,-1.3945915,-0.47334215,0.19375102,0.4246795,-0.8134072,-0.10353152,-4.808981,3.0079296,1.4338839,2.0229301,2.16005,1.6458178
../data/train_data_mmini/3/Train_0014.jpg	3	1.0,1.0,-1.0,1.0,-1.0,-1.0,1.0,1.0,-1.0,1.0,-1.0,-1.0,-1.0,-1.0,1.0,1.0,-1.0,-1.0,-1.0,1.0,1.0,1.0,1.0,1.0	7.2597623,0.2642927,-2.9999392,1.4042242,-0.89076066,-3.3142235,0.6621552,2.6987715,-1.5731523,0.18127535,-1.9110833,-2.5953898,-1.4720012,-0.49258775,0.43891925,0.4981132,-1.0430609,-0.02093518,-5.163468,3.187865,1.4705292,2.4639406,2.2872236,1.8598998
../data/train_data_mmini/4/Train_0015.jpg	4	1.0,1.0,-1.0,1.0,-1.0,-1.0,1.0,1.0,-1.0,1.0,-1.0,-1.0,-1.0,-1.0,1.0,1.0,-1.0,-1.0,-1.0,1.0,1.0,1.0,1.0,1.0	7.4166117,0.23417927,-2.9701834,1.4133023,-0.9440127,-3.4753428,0.6542093,2.7904263,-1.3606002,0.37303713,-1.8823738,-2.2417672,-1.6553189,-0.79190713,0.4588687,0.5406947,-0.98675334,-0.07804906,-5.1444473,3.0118701,1.54479,2.338919,2.118122,1.6275868
../data/train_data_mmini/4/Train_0016.jpg	4	1.0,-1.0,-1.0,1.0,-1.0,-1.0,1.0,1.0,-1.0,1.0,-1.0,-1.0,-1.0,-1.0,1.0,1.0,-1.0,-1.0,-1.0,1.0,1.0,1.0,1.0,1.0	5.4949684,-0.053320836,-1.8662934,0.9571559,-0.8202919,-2.6766891,0.45634428,2.030188,-1.0133983,0.3482281,-1.4768009,-1.8890266,-1.1782734,-0.47737312,0.12528476,0.5654214,-0.60455865,-0.22678079,-3.9257166,2.1757464,1.1866627,1.7558165,1.8679506,1.2734404
../data/train_data_mmini/4/Train_0017.jpg	4	1.0,-1.0,-1.0,1.0,-1.0,-1.0,1.0,1.0,-1.0,1.0,-1.0,-1.0,-1.0,-1.0,1.0,1.0,-1.0,-1.0,-1.0,1.0,1.0,1.0,1.0,1.0	6.668887,-0.04820777,-2.7842433,1.3246585,-0.3696364,-3.3127532,0.84939504,2.1398032,-1.2870404,0.19144244,-1.7376312,-2.6386402,-1.0677404,-0.19733523,0.44265497,0.1542029,-1.0440998,-0.14634354,-4.5609126,2.9961433,1.7778004,2.1128757,2.201117,1.9124582
../data/train_data_mmini/4/Train_0018.jpg	4	1.0,1.0,-1.0,1.0,-1.0,-1.0,1.0,1.0,-1.0,1.0,-1.0,-1.0,-1.0,-1.0,1.0,1.0,-1.0,-1.0,-1.0,1.0,1.0,1.0,1.0,1.0	5.911736,0.05762397,-2.2773805,1.0844996,-0.675995,-2.7514503,0.50334775,2.0907183,-1.1246345,0.33193508,-1.4914476,-2.2162848,-1.1241513,-0.38372627,0.51028675,0.38266304,-0.8232162,-0.09629404,-4.0622735,2.3328996,1.3376405,1.9150301,1.7878281,1.5986302
../data/train_data_mmini/4/Train_0019.jpg	4	1.0,1.0,-1.0,1.0,-1.0,-1.0,1.0,1.0,-1.0,1.0,-1.0,-1.0,-1.0,-1.0,1.0,1.0,-1.0,-1.0,-1.0,1.0,1.0,1.0,1.0,1.0	7.02653,0.1273566,-2.4333766,1.2310704,-1.0606041,-3.3288693,0.5739537,2.5580857,-1.09167,0.43323803,-2.0596383,-2.199613,-1.5177934,-0.68735343,0.17101058,0.74584186,-0.61370647,-0.32390928,-4.792532,2.7471817,1.6177546,1.8975643,2.305787,1.5521282
../data/train_data_mmini/5/Train_0020.jpg	5	1.0,1.0,-1.0,1.0,-1.0,-1.0,1.0,1.0,-1.0,1.0,-1.0,-1.0,-1.0,-1.0,1.0,1.0,-1.0,-1.0,-1.0,1.0,1.0,1.0,1.0,1.0	8.443698,0.18626578,-3.1029549,1.5408139,-1.2996426,-3.9703777,0.65909475,3.1398687,-1.4443765,0.33471113,-2.0320125,-2.766647,-2.003493,-0.7792549,0.54347,0.74287164,-1.0307492,-0.14864318,-5.920636,3.2946439,1.7424927,2.786485,2.5416422,1.9023483
../data/train_data_mmini/5/Train_0021.jpg	5	1.0,1.0,-1.0,1.0,-1.0,-1.0,1.0,1.0,-1.0,1.0,-1.0,-1.0,-1.0,-1.0,1.0,1.0,-1.0,-1.0,-1.0,1.0,1.0,1.0,1.0,1.0	8.498616,0.38610226,-3.5850298,1.6058455,-0.99351954,-3.864761,0.83240014,3.1951456,-1.8962615,0.2721738,-2.1818533,-2.7032025,-1.8831182,-0.7202025,0.46582177,0.46191067,-1.2771602,-0.021673152,-6.318555,3.9041932,1.72863,2.7295632,2.700964,2.06713
../data/train_data_mmini/5/Train_0022.jpg	5	1.0,1.0,-1.0,1.0,-1.0,-1.0,1.0,1.0,-1.0,1.0,-1.0,-1.0,-1.0,-1.0,1.0,1.0,-1.0,-1.0,-1.0,1.0,1.0,1.0,1.0,1.0	8.654818,0.24128829,-3.2936661,1.5956651,-1.2892749,-4.0274477,0.72242314,3.2456603,-1.7015812,0.3834707,-2.0881386,-2.8171875,-2.134089,-0.7967578,0.64886206,0.6856763,-1.0579025,-0.08929909,-6.1959295,3.4537575,1.7670289,2.8201845,2.645809,1.9236403
../data/train_data_mmini/5/Train_0023.jpg	5	1.0,1.0,-1.0,1.0,-1.0,-1.0,1.0,1.0,-1.0,1.0,-1.0,-1.0,-1.0,-1.0,1.0,1.0,-1.0,-1.0,-1.0,1.0,1.0,1.0,1.0,1.0	8.124171,0.2856533,-3.0625818,1.4228315,-1.1898019,-3.8575308,0.679838,3.1447175,-1.5307264,0.3671508,-1.9716966,-2.6465685,-1.9932325,-0.76392037,0.64166266,0.6881001,-1.0899823,-0.066428624,-5.8173137,3.2260852,1.6685878,2.6837647,2.4181707,1.834754
../data/train_data_mmini/5/Train_0024.jpg	5	1.0,1.0,-1.0,1.0,-1.0,-1.0,1.0,1.0,-1.0,1.0,-1.0,-1.0,-1.0,-1.0,1.0,1.0,-1.0,1.0,-1.0,1.0,1.0,1.0,1.0,1.0	8.4007015,0.48681352,-3.3904102,1.539913,-1.4559911,-3.886084,0.5355787,3.2772324,-1.5415145,0.394438,-1.9413099,-2.77304,-2.249882,-0.99463505,0.65365356,0.78794014,-1.0831015,0.042698737,-6.091234,3.320368,1.5904722,2.8379145,2.4255683,1.75034
../data/train_data_mmini/6/Train_0025.jpg	6	1.0,1.0,-1.0,1.0,-1.0,-1.0,1.0,1.0,-1.0,1.0,-1.0,-1.0,-1.0,-1.0,1.0,1.0,-1.0,1.0,-1.0,1.0,1.0,1.0,1.0,1.0	6.4178658,0.5277624,-2.4702976,1.1398803,-1.3275485,-3.239842,0.35848993,2.438628,-1.0329279,0.36417684,-1.497609,-2.4185336,-2.130668,-0.8238712,0.44399595,0.7036114,-0.7360129,0.162592,-5.100739,2.3728254,1.2511905,2.1421747,1.9687388,1.2208604
../data/train_data_mmini/6/Train_0026.jpg	6	1.0,-1.0,-1.0,1.0,-1.0,-1.0,1.0,1.0,-1.0,1.0,-1.0,-1.0,-1.0,-1.0,1.0,1.0,-1.0,-1.0,-1.0,1.0,1.0,1.0,1.0,1.0	7.886553,-0.3023882,-2.848313,1.3052503,-0.83890533,-3.7991195,0.70796543,2.6127844,-1.3376796,0.30257988,-2.0434906,-3.0546136,-1.4118156,-0.37678695,0.7112756,0.53438264,-0.9891346,-0.28080133,-5.320091,2.900297,1.8764118,2.3503332,2.5792487,2.2883487
../data/train_data_mmini/6/Train_0027.jpg	6	1.0,1.0,-1.0,1.0,-1.0,-1.0,1.0,1.0,-1.0,1.0,-1.0,-1.0,-1.0,-1.0,1.0,1.0,-1.0,-1.0,-1.0,1.0,1.0,1.0,1.0,1.0	5.675013,0.11832972,-2.1069543,0.9801967,-0.7573333,-2.6631486,0.3663157,2.0309186,-1.1566236,0.2671392,-1.4921098,-1.9070781,-1.2582374,-0.43754658,0.17404889,0.71479255,-0.73012257,-0.15845382,-4.159462,2.2939675,1.0492529,1.9356194,1.8527626,1.3599918
../data/train_data_mmini/6/Train_0028.jpg	6	1.0,-1.0,-1.0,1.0,-1.0,-1.0,1.0,1.0,-1.0,1.0,-1.0,-1.0,-1.0,-1.0,1.0,1.0,-1.0,-1.0,-1.0,1.0,1.0,1.0,1.0,1.0	6.708016,-0.0016451597,-2.5020695,1.2657485,-0.89376837,-3.0158908,0.5586238,2.3602583,-1.3378816,0.2247813,-1.6173835,-2.392444,-1.3280841,-0.42480358,0.4123298,0.36762032,-0.8895632,-0.09448169,-4.6064763,2.6297827,1.3762808,2.0406108,2.0871835,1.709541
../data/train_data_mmini/6/Train_0029.jpg	6	1.0,1.0,-1.0,1.0,-1.0,-1.0,1.0,1.0,-1.0,1.0,-1.0,-1.0,-1.0,-1.0,1.0,1.0,-1.0,-1.0,-1.0,1.0,1.0,1.0,1.0,1.0	7.360303,0.31504178,-2.7267644,1.279918,-1.2174015,-3.5983799,0.6500641,2.681172,-1.1626072,0.4392234,-1.7107289,-2.5309286,-1.8845849,-0.6669135,0.5207537,0.6649258,-0.98107576,-0.075830735,-5.4643235,2.8949418,1.6877438,2.3161411,2.320476,1.7315896
../data/train_data_mmini/7/Train_0030.jpg	7	1.0,1.0,-1.0,1.0,-1.0,-1.0,1.0,1.0,-1.0,1.0,-1.0,-1.0,-1.0,-1.0,1.0,1.0,-1.0,-1.0,-1.0,1.0,1.0,1.0,1.0,1.0	8.577124,0.2567819,-3.3605034,1.5688014,-0.9621557,-4.127066,0.92178786,3.140661,-1.896841,0.47547847,-2.3162262,-2.7994385,-1.9254284,-0.7890671,0.2954552,0.6463233,-1.1618389,-0.14058918,-6.184015,3.7486484,1.9998765,2.8650627,2.7897618,2.0896277
../data/train_data_mmini/7/Train_0031.jpg	7	1.0,1.0,-1.0,1.0,-1.0,-1.0,1.0,1.0,-1.0,1.0,-1.0,-1.0,-1.0,-1.0,1.0,1.0,-1.0,1.0,-1.0,1.0,1.0,1.0,1.0,1.0	8.340013,0.31971595,-3.3826773,1.5110495,-1.0096333,-3.8403792,0.835807,2.874811,-1.666092,0.37217093,-1.9875829,-3.1438231,-1.9511132,-0.5706625,0.597502,0.39576074,-1.081452,0.019456604,-5.9545302,3.535074,1.8790184,2.7593105,2.549953,2.112834
../data/train_data_mmini/7/Train_0032.jpg	7	1.0,1.0,-1.0,1.0,-1.0,-1.0,1.0,1.0,-1.0,1.0,-1.0,-1.0,-1.0,-1.0,1.0,1.0,-1.0,-1.0,-1.0,1.0,1.0,1.0,1.0,1.0	6.527842,0.27849054,-2.892692,1.2806406,-0.82383835,-2.958217,0.61275214,2.3838918,-1.5522034,0.156365,-1.7073165,-2.146046,-1.2272229,-0.46474043,0.09221564,0.47918963,-0.94301283,-0.049155515,-4.8265862,2.9943373,1.1439584,2.2494738,2.0051641,1.6971225
../data/train_data_mmini/7/Train_0033.jpg	7	1.0,1.0,-1.0,1.0,-1.0,-1.0,1.0,1.0,-1.0,1.0,-1.0,-1.0,-1.0,-1.0,1.0,1.0,-1.0,-1.0,-1.0,1.0,1.0,1.0,1.0,1.0	8.138527,0.24851115,-3.144676,1.531872,-1.1095169,-3.8677425,0.5737732,2.9807408,-1.4728277,0.31580567,-1.8747778,-2.8613715,-1.7062818,-0.5888217,0.513114,0.82370365,-1.2834368,-0.12739721,-5.5472636,3.1176207,1.7496713,2.853143,2.319022,1.976696
../data/train_data_mmini/7/Train_0034.jpg	7	1.0,1.0,-1.0,1.0,-1.0,-1.0,1.0,1.0,-1.0,1.0,-1.0,-1.0,-1.0,-1.0,1.0,1.0,-1.0,1.0,-1.0,1.0,1.0,1.0,1.0,1.0	5.504647,0.23938109,-2.110727,0.9878655,-1.0942057,-2.4501948,0.25126573,2.0959861,-1.1320927,0.14234653,-1.3122792,-1.9578272,-1.4931916,-0.7180043,0.4856401,0.61164474,-0.59743506,0.033077434,-4.2218075,2.1380606,0.743937,1.8034109,1.6460818,1.1601772
../data/train_data_mmini/8/Train_0035.jpg	8	1.0,1.0,-1.0,1.0,-1.0,-1.0,1.0,1.0,-1.0,1.0,-1.0,-1.0,-1.0,-1.0,1.0,1.0,-1.0,1.0,-1.0,1.0,1.0,1.0,1.0,1.0	8.083579,0.49849197,-3.3721845,1.6311418,-1.1388179,-3.6112578,0.6837032,3.1237462,-1.8412838,0.28660005,-2.0336468,-2.7380226,-1.9938139,-0.68580663,0.3029739,0.605806,-1.167277,0.14778335,-5.9540043,3.539946,1.574941,2.7674582,2.525913,1.8935074
../data/train_data_mmini/8/Train_0036.jpg	8	1.0,1.0,-1.0,1.0,-1.0,-1.0,1.0,1.0,-1.0,1.0,-1.0,-1.0,-1.0,-1.0,1.0,1.0,-1.0,-1.0,-1.0,1.0,1.0,1.0,1.0,1.0	8.848911,0.34562492,-3.4435086,1.7451941,-1.3138556,-4.026413,0.643787,3.1311116,-1.6294305,0.3331866,-1.9965577,-3.2690094,-2.1556468,-0.66974956,0.5398052,0.70554245,-1.1245857,-0.046450354,-6.108871,3.2877915,1.8207744,2.9682202,2.4985375,2.0685103
../data/train_data_mmini/8/Train_0037.jpg	8	1.0,-1.0,-1.0,1.0,-1.0,-1.0,1.0,1.0,-1.0,1.0,-1.0,-1.0,-1.0,-1.0,1.0,1.0,-1.0,-1.0,-1.0,1.0,1.0,1.0,1.0,1.0	8.460049,-0.08264364,-3.1739988,1.6006477,-1.0820342,-3.913277,0.7438914,2.8851101,-1.537203,0.3409815,-1.9828079,-3.0611072,-1.8557154,-0.66945297,0.6109561,0.557271,-1.1211039,-0.1733265,-5.7923408,3.265398,1.8013186,2.703447,2.56906,2.0814683
../data/train_data_mmini/8/Train_0038.jpg	8	1.0,1.0,-1.0,1.0,-1.0,-1.0,1.0,1.0,-1.0,1.0,-1.0,-1.0,-1.0,-1.0,1.0,1.0,-1.0,-1.0,-1.0,1.0,1.0,1.0,1.0,1.0	7.764279,0.34569925,-3.0666301,1.4230917,-1.2238067,-3.4565427,0.6081361,2.9044044,-1.598855,0.44430453,-1.9473853,-2.4369552,-1.9246973,-0.8178812,0.3503718,0.7853627,-0.8899026,-0.07679324,-5.6613994,3.307772,1.5356934,2.5463321,2.3868668,1.7967908
../data/train_data_mmini/8/Train_0039.jpg	8	1.0,1.0,-1.0,1.0,-1.0,-1.0,1.0,1.0,-1.0,1.0,-1.0,-1.0,-1.0,-1.0,1.0,1.0,-1.0,1.0,-1.0,1.0,1.0,1.0,1.0,1.0	8.617901,0.47412544,-3.5836587,1.6919854,-1.1291252,-3.9805732,0.7514888,3.1761746,-1.8764575,0.3460304,-1.9792726,-2.9892023,-2.090431,-0.7364848,0.38255104,0.57930815,-1.335296,0.10203936,-6.454142,3.7161753,1.7903483,2.9641268,2.7581,2.043051
../data/train_data_mmini/9/Train_0040.jpg	9	1.0,1.0,-1.0,1.0,-1.0,-1.0,1.0,1.0,-1.0,1.0,-1.0,-1.0,-1.0,-1.0,1.0,1.0,-1.0,-1.0,-1.0,1.0,1.0,1.0,1.0,1.0	9.258062,0.20868178,-3.529601,1.7336926,-1.3978239,-4.2530885,0.7760774,3.4468782,-1.718707,0.42309752,-2.2377746,-2.995997,-2.2600024,-0.9563199,0.6334478,0.6981214,-1.1087431,-0.15079804,-6.4854074,3.671728,1.8738434,2.8888857,2.772201,1.9424293
../data/train_data_mmini/9/Train_0041.jpg	9	1.0,1.0,-1.0,1.0,-1.0,-1.0,1.0,1.0,-1.0,1.0,-1.0,-1.0,-1.0,-1.0,1.0,1.0,-1.0,-1.0,-1.0,1.0,1.0,1.0,1.0,1.0	7.497811,0.046489228,-2.7910883,1.4571722,-1.0623707,-3.4742818,0.39838314,2.5911806,-1.2569876,0.29048964,-1.7119998,-2.7570922,-1.6274337,-0.53249836,0.47386694,0.6913841,-0.9410313,-0.23851581,-5.1214833,2.8873835,1.4801997,2.5850198,2.2861335,1.8388904
../data/train_data_mmini/9/Train_0042.jpg	9	1.0,1.0,-1.0,1.0,-1.0,-1.0,1.0,1.0,-1.0,1.0,-1.0,-1.0,-1.0,-1.0,1.0,1.0,-1.0,-1.0,-1.0,1.0,1.0,1.0,1.0,1.0	7.6007957,0.23934142,-2.9387186,1.3683918,-1.2258102,-3.5675502,0.49022835,2.8903892,-1.3362906,0.4181013,-1.775724,-2.4567633,-1.9600639,-0.9046781,0.6397341,0.60897905,-0.83471835,-0.12616684,-5.4990053,3.0056067,1.482824,2.3523107,2.291596,1.4581546
../data/train_data_mmini/9/Train_0043.jpg	9	1.0,1.0,-1.0,1.0,-1.0,-1.0,1.0,1.0,-1.0,1.0,-1.0,-1.0,-1.0,-1.0,1.0,1.0,-1.0,-1.0,-1.0,1.0,1.0,1.0,1.0,1.0	9.145989,0.15414174,-3.4990845,1.7653373,-1.212632,-4.1977677,0.78245693,3.322225,-1.7591301,0.377407,-2.2983508,-2.9737124,-2.0042522,-0.7674679,0.515488,0.6346933,-1.1872969,-0.06992582,-6.373807,3.6778276,1.9349196,2.8537688,2.8494337,2.1707757
../data/train_data_mmini/9/Train_0044.jpg	9	1.0,1.0,-1.0,1.0,-1.0,-1.0,1.0,1.0,-1.0,1.0,-1.0,-1.0,-1.0,-1.0,1.0,1.0,-1.0,-1.0,-1.0,1.0,1.0,1.0,1.0,1.0	8.126493,0.39662302,-3.0917728,1.5004183,-1.2839259,-3.9268937,0.72792387,3.1228864,-1.4825308,0.43860304,-1.9651352,-2.6835804,-2.0955925,-0.8069593,0.43287838,0.695415,-1.0163007,-0.046865214,-5.9674277,3.3355987,1.7816689,2.6065247,2.50666,1.7550349
../data/train_data_mmini/10/Train_0045.jpg	10	1.0,1.0,-1.0,1.0,-1.0,-1.0,1.0,1.0,-1.0,1.0,-1.0,-1.0,-1.0,-1.0,1.0,1.0,-1.0,1.0,-1.0,1.0,1.0,1.0,1.0,1.0	6.547029,0.24999581,-2.7273962,1.2701051,-0.9913131,-2.996268,0.47079653,2.3280013,-1.3860534,0.33866853,-1.4852912,-2.3888783,-1.7006859,-0.6566672,0.32508647,0.66614133,-0.8236283,0.029070577,-4.8794346,2.6395123,1.2258089,2.2884665,2.0747228,1.5399585
../data/train_data_mmini/10/Train_0046.jpg	10	1.0,1.0,-1.0,1.0,-1.0,-1.0,1.0,1.0,-1.0,1.0,-1.0,-1.0,-1.0,-1.0,1.0,1.0,-1.0,1.0,-1.0,1.0,1.0,1.0,1.0,1.0	4.44631,0.14354266,-1.7192913,0.78745574,-0.8039638,-2.1125112,0.32865033,1.8106333,-0.77548695,0.28622586,-1.0559883,-1.3404317,-0.9766704,-0.42909986,0.09945738,0.52116406,-0.6592334,0.06253765,-3.5389383,1.8837858,0.88885516,1.3957802,1.4410485,1.058459
../data/train_data_mmini/10/Train_0047.jpg	10	1.0,1.0,-1.0,1.0,-1.0,-1.0,1.0,1.0,-1.0,1.0,-1.0,-1.0,-1.0,-1.0,1.0,1.0,-1.0,-1.0,-1.0,1.0,1.0,1.0,1.0,1.0	8.257533,0.31999016,-3.315906,1.5864608,-1.2575374,-3.659575,0.6958164,3.0003858,-1.6533906,0.36473748,-1.8956751,-2.920529,-2.0209143,-0.80047196,0.5626496,0.64190316,-1.0171965,-0.033840176,-6.101658,3.3460414,1.7004967,2.5946279,2.585439,1.8628004
../data/train_data_mmini/10/Train_0048.jpg	10	1.0,1.0,-1.0,1.0,-1.0,-1.0,1.0,1.0,-1.0,1.0,-1.0,-1.0,-1.0,-1.0,1.0,1.0,-1.0,1.0,-1.0,1.0,1.0,1.0,1.0,1.0	6.805062,1.1238588,-3.0583742,1.2563223,-1.4513927,-3.1773117,0.28898555,2.8420103,-1.4841735,0.4449097,-1.4846298,-2.4164069,-2.6337757,-1.3098683,0.42170244,0.9131053,-0.8253106,0.3461398,-5.7656226,2.9001346,1.0736492,2.5713758,1.9669263,0.95435727
../data/train_data_mmini/10/Train_0049.jpg	10	1.0,1.0,-1.0,1.0,-1.0,-1.0,1.0,1.0,-1.0,1.0,-1.0,-1.0,-1.0,-1.0,1.0,1.0,-1.0,1.0,-1.0,1.0,1.0,1.0,1.0,1.0	8.256528,0.27779663,-3.2780597,1.6042942,-1.2259588,-3.6579292,0.6387673,3.0990794,-1.6575463,0.33037826,-2.0090585,-2.7905116,-2.0046048,-0.7378679,0.41317606,0.6465279,-1.1085868,0.046253473,-5.943277,3.4908996,1.5906758,2.6735857,2.523015,1.92485
