../data/train_data_mmini/1/Train_0000.jpg	1	1.0,-1.0,-1.0,-1.0,-1.0,-1.0,1.0,-1.0,1.0,1.0,-1.0,1.0,1.0,1.0,-1.0,1.0,-1.0,1.0,-1.0,1.0,1.0,1.0,1.0,-1.0	0.6459763,-3.6974623,-1.4045231,-0.43358147,-0.5176704,-0.2588097,0.9794248,-2.0318341,2.5943978,0.9546597,-0.8633632,0.445123,2.411374,1.093693,-0.9460504,1.6750094,-2.6203167,3.2026272,-0.9430834,0.62964654,0.34881905,2.449369,0.84853137,-4.1634274
../data/train_data_mmini/1/Train_0001.jpg	1	1.0,-1.0,-1.0,-1.0,-1.0,-1.0,-1.0,-1.0,1.0,-1.0,1.0,-1.0,1.0,-1.0,-1.0,1.0,-1.0,1.0,1.0,-1.0,-1.0,1.0,1.0,1.0	1.1533328,-9.003698,-2.7438953,-3.0175095,-0.53491825,-1.143732,-0.5697525,-0.7271043,2.5116413,-0.089210674,3.0920777,-3.3589396,0.13155736,-1.0579767,-1.8461313,1.975316,-3.715306,5.8869605,1.0671874,-1.644905,-2.6110897,2.1805117,1.5389535,0.30084997
../data/train_data_mmini/1/Train_0002.jpg	1	-1.0,-1.0,1.0,-1.0,1.0,1.0,1.0,-1.0,1.0,1.0,1.0,-1.0,-1.0,1.0,-1.0,-1.0,-1.0,1.0,1.0,-1.0,1.0,1.0,1.0,-1.0	-0.7420411,-6.511629,0.710114,-1.4085526,1.8542763,2.0646372,1.3425866,-4.204235,4.512846,2.7638392,0.13479182,-1.4858773,-1.2008659,0.97897816,-0.89256144,-2.2295506,-1.0064899,2.8188407,1.2913982,-2.2164593,0.9371255,0.23887056,3.9896817,-2.161237
../data/train_data_mmini/1/Train_0003.jpg	1	1.0,-1.0,-1.0,1.0,-1.0,-1.0,1.0,1.0,1.0,1.0,1.0,-1.0,1.0,-1.0,-1.0,1.0,-1.0,1.0,-1.0,1.0,-1.0,1.0,1.0,-1.0	1.682693,-5.3028607,-3.2926018,3.5650313,-2.046684,-1.9729378,0.8417176,1.0148553,1.3203971,1.6864235,1.1678286,-1.4693148,1.4328408,-2.2855752,-1.9170564,2.2863145,-0.94758034,4.4175773,-3.12828,2.5368578,-0.83302325,4.103451,1.4571767,-3.1875699
../data/train_data_mmini/1/Train_0004.jpg	1	1.0,-1.0,-1.0,-1.0,1.0,-1.0,1.0,1.0,1.0,-1.0,-1.0,1.0,1.0,-1.0,1.0,1.0,-1.0,1.0,-1.0,1.0,-1.0,1.0,-1.0,-1.0	3.2155678,-6.9354916,-2.7936728,-1.3997499,0.6270832,-0.68070406,0.9681335,0.84743655,1.0512788,-0.8691918,-1.8428793,1.2581162,3.10229,-1.3000394,0.22407156,2.656486,-3.3933725,5.1998153,-0.3235044,1.4181536,-0.2169114,3.089214,-0.6303663,-3.8981907
../data/train_data_mmini/2/Train_0005.jpg	2	-1.0,-1.0,1.0,-1.0,-1.0,1.0,1.0,1.0,-1.0,-1.0,-1.0,1.0,1.0,1.0,-1.0,1.0,1.0,1.0,1.0,-1.0,1.0,1.0,-1.0,-1.0	-1.0248001,-9.148997,0.10798225,-2.2500644,-4.5813966,0.8614025,0.6147576,0.1502701,-2.1393948,-0.5692791,-1.2913405,2.6122904,1.130262,4.0944343,-0.7686379,0.69786054,1.7015557,2.4236672,0.28001395,-0.03338203,0.42696556,1.3402661,-3.7165334,-2.2454643
../data/train_data_mmini/2/Train_0006.jpg	2	1.0,-1.0,1.0,1.0,-1.0,1.0,-1.0,1.0,-1.0,-1.0,-1.0,1.0,-1.0,1.0,-1.0,1.0,1.0,-1.0,-1.0,1.0,1.0,-1.0,-1.0,-1.0	0.45689812,-7.9914465,0.9581749,1.9782196,-0.31358227,0.48838934,-2.5994623,1.8423429,-1.4337808,-1.7849413,-0.90692633,2.7498991,-0.44764495,1.174613,-0.32926306,1.6277568,0.38430205,-0.31068507,-3.4374125,2.093464,0.9585278,-0.35784003,-0.36107922,-1.8236678
../data/train_data_mmini/2/Train_0007.jpg	2	1.0,-1.0,-1.0,-1.0,-1.0,-1.0,1.0,-1.0,1.0,1.0,-1.0,1.0,1.0,-1.0,-1.0,1.0,-1.0,1.0,-1.0,1.0,-1.0,1.0,-1.0,-1.0	0.9907023,-2.6133187,-2.5091987,-2.5844402,-0.5865342,-0.74719733,0.9461351,-0.33642042,1.580754,0.5929361,-1.1475776,0.30572644,2.262426,-0.5501797,-0.032400288,1.7001612,-2.1077461,0.7775032,-1.2284098,1.0719113,-0.05180262,1.776681,-1.0823915,-4.9077926
../data/train_data_mmini/2/Train_0008.jpg	2	-1.0,-1.0,1.0,-1.0,1.0,1.0,1.0,-1.0,-1.0,-1.0,1.0,-1.0,1.0,1.0,1.0,-1.0,-1.0,1.0,-1.0,-1.0,1.0,1.0,-1.0,-1.0	-1.0319514,-7.9794846,1.2171865,-5.586552,0.37885055,1.751612,4.669092,-0.8103384,-0.66639024,-0.08453694,0.51122403,-0.5827404,2.7607603,2.069008,0.7271285,-1.957222,-1.0150962,1.7969072,-1.7519538,-2.7609348,1.174351,1.1986414,-2.570527,-2.4032881
../data/train_data_mmini/2/Train_0009.jpg	2	-1.0,-1.0,-1.0,-1.0,-1.0,1.0,1.0,1.0,-1.0,-1.0,1.0,1.0,1.0,1.0,-1.0,1.0,-1.0,-1.0,1.0,-1.0,-1.0,1.0,-1.0,1.0	-0.43166685,-8.051617,-1.3398036,-1.8401816,-4.8434663,0.85163635,0.42300642,0.6667328,-2.5981312,-2.2422667,0.59226245,2.7245085,1.9396616,5.4043503,-1.9736607,0.89790946,-0.053754758,-0.42550468,0.75466585,-0.13511173,-0.44399786,0.56759006,-2.6456547,1.3391253
../data/train_data_mmini/3/Train_0010.jpg	3	1.0,-1.0,-1.0,-1.0,-1.0,-1.0,-1.0,1.0,-1.0,-1.0,1.0,-1.0,-1.0,-1.0,1.0,1.0,-1.0,-1.0,-1.0,-1.0,-1.0,-1.0,-1.0,1.0	2.5713243,-11.571452,-3.6421702,-4.3162546,-2.691306,-0.4034239,-0.27171174,2.9014742,-2.3550155,-1.0440372,2.5850744,-0.55292237,-0.35388738,-0.85390246,0.0048247725,1.851229,-1.7940525,-0.5768482,-1.3223305,-0.751441,-1.3946626,-0.8685323,-3.1881273,0.015253287
../data/train_data_mmini/3/Train_0011.jpg	3	1.0,-1.0,-1.0,-1.0,1.0,1.0,1.0,-1.0,1.0,1.0,-1.0,-1.0,-1.0,-1.0,1.0,-1.0,-1.0,1.0,1.0,-1.0,-1.0,-1.0,1.0,-1.0	2.796193,-9.499468,-0.21789598,-3.5909715,1.7381566,2.7112408,0.08114811,-3.9008558,3.5932815,1.5981746,-0.33700654,-1.2965294,-1.4454937,-0.19946264,3.6924655,-0.6415349,-0.487503,5.2799797,5.162779,-3.926613,-0.20325236,-0.4416624,0.23446435,-2.387315
../data/train_data_mmini/3/Train_0012.jpg	3	1.0,-1.0,-1.0,1.0,1.0,1.0,-1.0,-1.0,1.0,-1.0,1.0,-1.0,-1.0,1.0,-1.0,1.0,-1.0,1.0,1.0,-1.0,-1.0,1.0,1.0,1.0	4.040221,-9.140824,-0.3631066,1.0736548,1.1609141,1.6674538,-3.9995897,-2.396338,3.1420825,-1.1360432,1.1451116,-0.37780747,-0.7329673,1.744056,-1.2846812,1.8286942,-2.3600938,9.700182,4.031488,-1.7522829,-3.8398688,2.177011,3.265823,1.460044
../data/train_data_mmini/3/Train_0013.jpg	3	-1.0,-1.0,1.0,-1.0,-1.0,1.0,-1.0,-1.0,1.0,-1.0,1.0,1.0,1.0,1.0,-1.0,1.0,-1.0,1.0,-1.0,-1.0,1.0,-1.0,1.0,-1.0	-2.3995874,-12.114803,1.4372569,-2.1061025,-0.2444721,1.1162207,-0.2655864,-0.93576,0.14961849,-0.5376935,0.87163687,1.0370522,0.22107285,3.0349946,-2.8951612,0.35981467,-2.1545923,1.0258514,-2.028984,-0.6099323,0.9018525,-0.5898087,1.68625,-0.50471026
../data/train_data_mmini/3/Train_0014.jpg	3	1.0,-1.0,-1.0,-1.0,-1.0,1.0,1.0,1.0,-1.0,-1.0,-1.0,1.0,1.0,1.0,1.0,1.0,-1.0,1.0,1.0,-1.0,1.0,-1.0,-1.0,-1.0	0.51569784,-11.61425,-1.0806454,-3.1016946,-1.8471972,0.41315618,1.3320369,1.0397567,-1.4496698,-0.5924051,-0.41943923,1.1733216,0.67341137,0.5922855,0.28074318,0.22727227,-0.28969842,2.0882173,1.6289879,-0.2870764,0.7385501,-0.3425428,-2.486916,-0.99979466
../data/train_data_mmini/4/Train_0015.jpg	4	-1.0,-1.0,1.0,1.0,1.0,1.0,1.0,-1.0,1.0,-1.0,1.0,-1.0,1.0,1.0,1.0,1.0,-1.0,1.0,1.0,-1.0,-1.0,1.0,-1.0,-1.0	-0.23062976,-6.376306,3.068796,0.5803269,0.80633914,0.9600451,1.3918291,-3.298266,0.57689434,-1.585021,0.03356365,-1.059451,3.405437,3.4650795,2.2309847,0.25165263,-1.0712904,3.147041,0.03899318,-1.7687036,-0.72769,2.8133583,-0.52281994,-0.4596703
../data/train_data_mmini/4/Train_0016.jpg	4	-1.0,-1.0,1.0,-1.0,-1.0,-1.0,1.0,-1.0,1.0,1.0,1.0,-1.0,-1.0,1.0,-1.0,-1.0,1.0,1.0,-1.0,-1.0,-1.0,1.0,-1.0,1.0	-3.6152375,-6.380606,0.5703989,-1.4657251,-3.7830157,-0.007289091,3.6308055,-2.487068,1.3849342,3.3856359,3.3895922,-3.5819623,-1.1955557,2.2429235,-2.8783782,-2.259506,1.6171765,1.9497467,-0.05869118,-3.2901237,-0.66915596,2.2650743,-1.0436394,0.48883536
../data/train_data_mmini/4/Train_0017.jpg	4	-1.0,-1.0,1.0,1.0,-1.0,1.0,-1.0,-1.0,1.0,1.0,1.0,-1.0,-1.0,1.0,-1.0,-1.0,1.0,1.0,1.0,-1.0,-1.0,1.0,1.0,1.0	-0.035450082,-10.848877,1.8814199,1.9941903,-1.4121693,1.8079393,-1.0929469,-1.9287347,0.7548563,0.29012144,2.496769,-1.274428,-2.1680648,2.5481453,-0.9007626,-0.8989871,1.3172482,4.609921,1.147249,-2.428605,-1.6882262,1.4413235,0.56910616,2.5507228
../data/train_data_mmini/4/Train_0018.jpg	4	-1.0,-1.0,-1.0,-1.0,-1.0,1.0,1.0,-1.0,-1.0,-1.0,-1.0,1.0,1.0,1.0,1.0,1.0,1.0,-1.0,1.0,-1.0,1.0,1.0,-1.0,-1.0	-1.5301864,-6.466934,-0.7359591,-3.6080532,-4.7878532,0.10327161,3.0406408,-1.9014586,-1.1073068,-0.39372578,-0.6623979,0.57320565,2.5100915,3.890868,1.2797726,0.4488361,0.006913442,-1.6161187,0.7491032,-1.3360537,0.93544924,0.7249912,-4.4140973,-1.4321197
../data/train_data_mmini/4/Train_0019.jpg	4	1.0,-1.0,1.0,1.0,1.0,1.0,-1.0,1.0,-1.0,-1.0,-1.0,1.0,-1.0,-1.0,-1.0,-1.0,1.0,1.0,-1.0,1.0,1.0,-1.0,1.0,-1.0	1.2198346,-11.453416,0.03279537,1.9462842,0.9533069,0.7953852,-2.1006606,4.4419427,-0.6644955,-1.680139,-1.7163557,3.5170634,-1.1226522,-0.8590502,-2.930495,-0.23758706,0.9952131,4.180642,-0.8337165,3.4539118,1.276757,-0.31971782,2.523222,-0.4946856
../data/train_data_mmini/5/Train_0020.jpg	5	1.0,-1.0,-1.0,-1.0,-1.0,-1.0,1.0,1.0,1.0,1.0,1.0,-1.0,1.0,-1.0,-1.0,1.0,-1.0,1.0,1.0,1.0,-1.0,1.0,1.0,-1.0	0.95965767,-7.412605,-3.6666431,-1.2364136,-1.243271,-1.6614937,1.9586673,2.4309678,1.1763865,0.85180104,0.025907578,-1.5629699,0.5842417,-2.3933892,-3.367525,0.71779484,-1.2040406,5.0224557,0.7081482,1.547838,-0.6436612,3.1191392,1.0956243,-1.5218897
../data/train_data_mmini/5/Train_0021.jpg	5	-1.0,-1.0,1.0,1.0,-1.0,-1.0,1.0,-1.0,-1.0,-1.0,-1.0,-1.0,1.0,1.0,1.0,1.0,-1.0,1.0,-1.0,1.0,1.0,1.0,-1.0,-1.0	-0.20636244,-11.336843,0.29912826,2.3641167,-1.1595392,-1.083052,3.9210408,-0.59888,-0.46128505,-0.4782728,-2.2854345,-0.23923029,4.411061,0.24734135,2.1109612,1.4121168,-0.7938499,2.7330306,-1.5426303,1.9710029,1.7600476,3.7334857,-1.1738684,-2.9084504
../data/train_data_mmini/5/Train_0022.jpg	5	1.0,-1.0,-1.0,-1.0,1.0,1.0,-1.0,1.0,-1.0,-1.0,-1.0,1.0,1.0,1.0,-1.0,1.0,-1.0,1.0,-1.0,1.0,1.0,1.0,-1.0,-1.0	0.98778355,-5.077736,-1.6589679,-3.6814077,0.24592285,0.5416546,-0.7625156,2.1494644,-0.3608896,-1.0793443,-0.7840592,2.3341675,1.2063131,0.88006103,-1.9700818,0.68337464,-1.5825344,2.243508,-1.0171673,1.2103821,0.04673051,0.443292,-0.11089388,-3.0097249
../data/train_data_mmini/5/Train_0023.jpg	5	1.0,-1.0,-1.0,1.0,-1.0,-1.0,1.0,1.0,1.0,-1.0,-1.0,-1.0,1.0,-1.0,-1.0,1.0,-1.0,1.0,-1.0,1.0,-1.0,1.0,-1.0,-1.0	1.0518421,-3.9501512,-3.6225154,0.68999493,-1.7914197,-2.5853543,1.4640678,1.7894589,0.21336955,-0.36870196,-0.24783978,-0.7921191,2.892042,-1.4433581,-1.4111649,2.571592,-2.3985963,1.3365872,-2.553244,2.6673467,-0.31315854,3.6819232,-0.022558905,-2.476829
../data/train_data_mmini/5/Train_0024.jpg	5	1.0,-1.0,-1.0,1.0,-1.0,-1.0,1.0,-1.0,1.0,1.0,-1.0,1.0,1.0,1.0,1.0,1.0,-1.0,1.0,-1.0,1.0,1.0,1.0,-1.0,-1.0	2.070738,-7.2592053,-1.7608134,1.1487714,-1.9064857,-0.30674165,0.4251069,-2.2072027,1.6630826,0.3818935,-2.4578686,1.6803726,2.8434823,1.4029601,1.2082548,3.3643973,-1.8012251,2.3899882,-0.17691642,1.6062406,0.39551553,2.4156163,-0.49634585,-4.5710673
../data/train_data_mmini/6/Train_0025.jpg	6	1.0,-1.0,-1.0,1.0,-1.0,1.0,-1.0,1.0,1.0,1.0,1.0,1.0,-1.0,-1.0,-1.0,1.0,1.0,1.0,1.0,1.0,-1.0,-1.0,1.0,-1.0	3.3385096,-12.048395,-1.428815,2.4768004,-1.0281303,0.996326,-6.0472994,1.8725474,0.9352202,0.7258021,1.294568,1.0727224,-5.4324226,-1.5559932,-1.303331,1.526981,1.6621243,1.1482782,0.12694135,1.8009292,-1.4411411,-2.7545164,2.3359604,-0.8406853
../data/train_data_mmini/6/Train_0026.jpg	6	1.0,-1.0,-1.0,-1.0,-1.0,-1.0,1.0,1.0,-1.0,1.0,1.0,-1.0,1.0,1.0,-1.0,1.0,1.0,1.0,1.0,-1.0,-1.0,1.0,-1.0,1.0	1.448114,-7.983363,-1.9592952,-0.83584046,-4.985645,-0.77410996,1.6771538,0.27438614,-0.46991333,0.9243715,2.2404716,-1.0395285,0.85741,0.8702279,-0.1946559,0.9864988,0.70041555,2.434357,2.2859156,-0.99350446,-1.6947548,1.8477184,-3.0219076,0.10509302
../data/train_data_mmini/6/Train_0027.jpg	6	1.0,-1.0,-1.0,-1.0,-1.0,1.0,-1.0,1.0,-1.0,-1.0,1.0,-1.0,-1.0,-1.0,1.0,-1.0,1.0,1.0,1.0,-1.0,-1.0,-1.0,-1.0,1.0	1.7291368,-11.624876,-2.0102897,-4.223152,-2.3993645,0.58566266,-0.51075965,1.5216115,-1.4857402,-0.6395874,3.368858,-2.247685,-2.487192,-0.42908394,1.0577906,-0.37879196,0.8771514,0.77624756,3.44351,-3.2876067,-2.2062964,-1.2657461,-3.4997473,3.1840696
../data/train_data_mmini/6/Train_0028.jpg	6	1.0,-1.0,-1.0,-1.0,1.0,1.0,1.0,-1.0,1.0,1.0,-1.0,-1.0,-1.0,-1.0,1.0,-1.0,-1.0,-1.0,1.0,-1.0,1.0,-1.0,-1.0,-1.0	0.47804648,-7.7713118,-0.7430419,-4.350999,0.5835246,1.7574198,1.4510182,-2.1678803,1.8798447,2.2529306,-0.44533172,-0.24361376,-0.86585987,-0.033478066,2.3711517,-0.9146963,-0.183835,-0.28493974,0.9370352,-2.4430618,1.6208318,-1.3141702,-1.2063797,-3.9517255
../data/train_data_mmini/6/Train_0029.jpg	6	1.0,-1.0,-1.0,1.0,-1.0,1.0,-1.0,-1.0,-1.0,-1.0,1.0,1.0,1.0,1.0,-1.0,1.0,-1.0,-1.0,-1.0,-1.0,-1.0,-1.0,1.0,1.0	0.07102117,-9.439339,-0.41617274,1.2247308,-3.5336368,2.3615394,-2.4924698,-2.1531081,-0.67781836,-2.1320772,1.0494164,2.4724653,0.42777485,6.4241924,-1.6261035,1.5557264,-0.6044684,-1.7979109,-0.8829818,-0.45304352,-0.8174674,-0.64232755,0.28565884,1.6578072
../data/train_data_mmini/7/Train_0030.jpg	7	-1.0,-1.0,1.0,1.0,-1.0,1.0,-1.0,1.0,-1.0,-1.0,1.0,1.0,-1.0,1.0,-1.0,1.0,1.0,1.0,-1.0,-1.0,-1.0,1.0,-1.0,1.0	-0.44985312,-6.269246,0.730121,0.1148889,-2.3622553,0.7903779,-1.9307026,0.09908341,-0.41492668,-0.93564165,1.6214837,0.93131316,-0.69386595,3.3358707,-1.8524171,0.39504325,1.1309755,1.180092,-0.57421416,-0.3890065,-1.6147462,0.6574934,-0.88885957,0.07748349
../data/train_data_mmini/7/Train_0031.jpg	7	-1.0,-1.0,-1.0,-1.0,-1.0,1.0,1.0,-1.0,-1.0,1.0,1.0,1.0,1.0,1.0,-1.0,1.0,-1.0,1.0,1.0,-1.0,1.0,1.0,-1.0,-1.0	-2.438332,-11.38555,-1.2557435,-4.1348605,-5.772096,0.60971457,1.5626029,-0.34538683,-1.3418097,0.93165743,0.597072,1.8536721,0.04483624,5.4875717,-5.480656,0.1436276,-0.29564056,1.7894033,0.75503,-0.702195,0.8467017,0.106233746,-0.7260861,-0.531582
../data/train_data_mmini/7/Train_0032.jpg	7	1.0,-1.0,-1.0,-1.0,-1.0,1.0,1.0,-1.0,-1.0,-1.0,-1.0,-1.0,1.0,1.0,1.0,-1.0,1.0,1.0,1.0,-1.0,1.0,1.0,-1.0,-1.0	0.23362713,-15.11252,-0.3723615,-4.567802,-3.086702,1.7176979,3.2546833,-1.5947423,-0.7093635,-0.06346205,-1.6542282,-0.111198194,0.96156883,2.3951175,2.4253469,-0.9250216,1.4054517,5.593085,6.088183,-3.305358,0.617069,0.7940191,-3.5617597,-0.08236571
../data/train_data_mmini/7/Train_0033.jpg	7	1.0,-1.0,-1.0,-1.0,-1.0,1.0,-1.0,-1.0,1.0,1.0,1.0,1.0,-1.0,1.0,-1.0,1.0,-1.0,1.0,1.0,-1.0,-1.0,-1.0,-1.0,-1.0	2.093073,-6.401543,-2.5450702,-2.8877797,-4.309768,1.4541956,-2.3684313,-0.3516285,0.31259122,0.16314223,0.18077382,3.5385473,-0.5705222,3.4372158,-1.2699428,1.8934858,-0.06922102,0.9225326,0.9268037,-0.08811481,-0.82501656,-0.4205793,-1.9218864,-2.3237865
../data/train_data_mmini/7/Train_0034.jpg	7	1.0,-1.0,-1.0,-1.0,1.0,1.0,1.0,1.0,1.0,1.0,-1.0,-1.0,-1.0,-1.0,1.0,1.0,1.0,1.0,1.0,-1.0,1.0,-1.0,-1.0,-1.0	4.6078944,-14.294083,-3.5087824,-4.343038,0.0019503105,1.082219,0.4463377,0.28380814,0.9427487,2.173183,-1.3996036,-0.79981273,-1.7335687,-5.1184454,5.0935726,0.8642523,0.20433219,3.2597091,3.3739052,-1.794705,0.41424775,-1.0340813,-3.0197852,-4.910958
../data/train_data_mmini/8/Train_0035.jpg	8	1.0,-1.0,1.0,-1.0,-1.0,1.0,-1.0,-1.0,-1.0,-1.0,1.0,1.0,1.0,1.0,1.0,1.0,-1.0,-1.0,-1.0,-1.0,-1.0,-1.0,-1.0,-1.0	0.33824283,-9.5560255,0.15543759,-3.556953,-2.179597,2.7221859,-2.3189752,-0.9962256,-2.0333748,-3.0831718,0.063104734,3.485815,1.3660426,5.656643,1.2920891,1.844859,-1.3012196,-1.2565919,-0.24325532,-1.2096283,-0.3938831,-1.4408783,-2.9103286,-0.3419641
../data/train_data_mmini/8/Train_0036.jpg	8	-1.0,-1.0,-1.0,-1.0,-1.0,1.0,-1.0,-1.0,-1.0,1.0,1.0,1.0,-1.0,1.0,-1.0,-1.0,1.0,-1.0,1.0,-1.0,1.0,-1.0,-1.0,-1.0	-1.1993886,-9.316741,-0.07054952,-4.089123,-4.4155183,2.7110143,-1.7780972,-1.5717067,-0.85840887,0.56041217,0.2915962,3.3422606,-1.5650698,5.900319,-2.016777,-0.37987745,1.9192669,-1.012824,1.0929643,-1.5036683,0.22284435,-1.9963752,-2.3213284,-2.2365139
../data/train_data_mmini/8/Train_0037.jpg	8	1.0,-1.0,-1.0,-1.0,-1.0,1.0,1.0,-1.0,1.0,1.0,1.0,-1.0,-1.0,1.0,1.0,1.0,1.0,1.0,1.0,-1.0,-1.0,1.0,-1.0,-1.0	0.23074631,-13.020874,-0.814999,-2.5015364,-4.244522,1.1713372,2.265923,-2.7090814,0.052128904,1.7783428,1.0251709,-1.3659512,-0.1306213,1.8490468,2.409354,0.007901005,1.4531026,0.945602,3.040696,-3.1649563,-0.30642948,0.49288976,-3.9477782,-0.36686772
../data/train_data_mmini/8/Train_0038.jpg	8	-1.0,-1.0,1.0,-1.0,-1.0,1.0,1.0,-1.0,-1.0,1.0,1.0,-1.0,-1.0,1.0,-1.0,-1.0,-1.0,1.0,-1.0,-1.0,-1.0,1.0,-1.0,1.0	-0.9722779,-11.742782,0.1326116,-3.765007,-1.8825415,1.4406724,0.22421038,-0.043732546,-1.561247,0.17007717,2.1154206,-0.3335636,-0.050488453,3.1912785,-2.3329098,-0.14293106,-0.65680313,2.9513977,-0.9130239,-1.903145,-0.48426133,0.6194121,-0.596977,0.06306088
../data/train_data_mmini/8/Train_0039.jpg	8	1.0,-1.0,-1.0,-1.0,-1.0,1.0,-1.0,-1.0,-1.0,-1.0,-1.0,1.0,1.0,1.0,1.0,1.0,-1.0,-1.0,1.0,-1.0,-1.0,-1.0,-1.0,-1.0	0.91265655,-10.4887295,-0.051404744,-2.912613,-2.8805802,3.9429414,-3.9081147,-2.8788083,-0.6299925,-3.3403826,-0.9853418,5.173553,1.0120128,7.870508,1.1783769,2.3255608,-1.4645269,-1.0185856,1.5586636,-1.3894807,-0.04990472,-2.0192993,-2.004353,-0.24385528
../data/train_data_mmini/9/Train_0040.jpg	9	1.0,-1.0,1.0,1.0,1.0,1.0,1.0,-1.0,1.0,-1.0,-1.0,-1.0,1.0,1.0,1.0,1.0,-1.0,1.0,-1.0,-1.0,-1.0,1.0,-1.0,-1.0	2.1938133,-8.690242,0.04236518,0.15870355,1.245371,1.1264492,0.8131112,-1.3426785,1.6312814,-0.1485496,-0.43468386,-0.20062506,1.675838,0.15431352,2.3179243,0.63327295,-1.3002329,3.8580472,-0.42783913,-0.51776177,-0.10694171,2.085879,-0.101716824,-2.8540416
../data/train_data_mmini/9/Train_0041.jpg	9	1.0,-1.0,-1.0,-1.0,-1.0,1.0,-1.0,1.0,1.0,1.0,-1.0,1.0,-1.0,1.0,-1.0,1.0,-1.0,1.0,1.0,-1.0,1.0,-1.0,-1.0,-1.0	0.345295,-10.831622,-4.73651,-6.928658,-4.2007275,0.51488787,-0.34888488,0.3859072,1.3671957,0.77264744,-0.84911454,1.88426,-1.2647481,1.7704643,-3.3139207,1.0361727,-1.6767652,2.366817,4.1438155,-0.3977192,0.59851044,-1.1899426,-0.12827992,-1.7110116
../data/train_data_mmini/9/Train_0042.jpg	9	1.0,-1.0,1.0,1.0,1.0,-1.0,1.0,-1.0,1.0,-1.0,-1.0,-1.0,1.0,-1.0,1.0,1.0,-1.0,1.0,1.0,-1.0,-1.0,1.0,1.0,-1.0	1.4456638,-10.179586,0.61273366,0.49380013,1.0693954,-0.18636386,2.4710252,-3.4639204,2.4941287,-0.37875244,-0.5245792,-2.6546626,3.1550267,-0.06409602,2.955274,1.1517316,-2.4781363,4.6959577,0.2438286,-1.3743389,-0.6256324,3.6209915,0.55675966,-2.0069668
../data/train_data_mmini/9/Train_0043.jpg	9	-1.0,-1.0,1.0,-1.0,-1.0,1.0,1.0,1.0,-1.0,-1.0,-1.0,1.0,1.0,1.0,1.0,1.0,-1.0,-1.0,-1.0,-1.0,1.0,-1.0,-1.0,-1.0	-0.43546444,-8.505123,0.425768,-3.611316,-0.0051909257,1.1246369,0.63835037,1.4127092,-1.7999914,-2.6604543,-1.1209351,1.7279792,1.8240186,2.2300363,1.3270159,0.18745916,-0.31865996,-0.75790846,-1.2491215,-0.08270952,0.73514414,-0.08768843,-3.2886932,-1.8064569
../data/train_data_mmini/9/Train_0044.jpg	9	1.0,-1.0,1.0,1.0,-1.0,1.0,-1.0,1.0,-1.0,-1.0,1.0,1.0,-1.0,1.0,-1.0,1.0,-1.0,1.0,-1.0,1.0,-1.0,1.0,1.0,1.0	2.3690183,-11.307106,0.26272544,3.3756087,-0.0392256,1.0385821,-3.4911597,0.1766116,-0.26555926,-2.5297875,1.4421422,0.7422281,-0.5768931,2.0361147,-1.3757558,1.7412355,-0.82139045,4.8258195,-0.20045185,0.34582543,-1.9933162,1.172991,2.0159833,2.2745783
../data/train_data_mmini/10/Train_0045.jpg	10	1.0,-1.0,-1.0,-1.0,-1.0,1.0,-1.0,-1.0,-1.0,-1.0,-1.0,1.0,1.0,1.0,1.0,1.0,-1.0,-1.0,1.0,-1.0,-1.0,-1.0,-1.0,1.0	1.9826503,-12.605971,-0.5840392,-4.430149,-4.294075,4.3446884,-3.806481,-1.2891496,-2.2863731,-2.7399201,-0.94108903,5.9036226,0.10486102,7.939345,0.7469357,2.294318,-0.283447,-0.43134335,3.4044392,-1.8198352,-0.23276807,-2.5794091,-3.9072108,0.711423
../data/train_data_mmini/10/Train_0046.jpg	10	1.0,-1.0,1.0,1.0,1.0,1.0,-1.0,-1.0,1.0,-1.0,1.0,-1.0,-1.0,1.0,1.0,1.0,1.0,1.0,1.0,-1.0,-1.0,1.0,-1.0,1.0	2.8797872,-11.101161,0.7174581,1.3275291,0.19633944,2.42148,-1.0360036,-2.0197084,0.21645269,-0.8818792,1.2633414,-0.5740859,-0.8213804,1.3518215,2.6521928,0.2584689,0.3969643,3.5583735,2.0049942,-2.6229143,-1.0102336,0.4538616,-0.7218586,2.1884446
../data/train_data_mmini/10/Train_0047.jpg	10	1.0,-1.0,-1.0,-1.0,-1.0,1.0,-1.0,-1.0,-1.0,1.0,-1.0,1.0,1.0,1.0,1.0,1.0,1.0,1.0,1.0,-1.0,1.0,-1.0,-1.0,-1.0	0.35122472,-16.5479,-0.31304663,-2.3008585,-3.9477885,2.128068,-0.38767898,-0.8169303,-1.9920863,0.12448345,-2.0554338,3.4806998,0.24311014,4.2281404,0.86890274,1.6904855,0.9935462,1.0985774,1.0653766,-0.4490131,1.5051134,-0.5224211,-3.6671083,-2.8556213
../data/train_data_mmini/10/Train_0048.jpg	10	1.0,-1.0,-1.0,-1.0,-1.0,1.0,-1.0,1.0,-1.0,-1.0,-1.0,1.0,-1.0,1.0,-1.0,1.0,1.0,1.0,1.0,1.0,-1.0,-1.0,-1.0,1.0	3.6237402,-13.131418,-0.12120548,-1.8185625,-0.9353469,4.870656,-5.9806423,1.7533135,-2.09651,-4.3320656,-1.0490955,6.563888,-0.90563595,6.003609,-2.0788546,1.548913,0.25741932,5.624305,2.6253865,0.18545586,-1.236183,-1.9540489,-0.1482969,1.2606514
../data/train_data_mmini/10/Train_0049.jpg	10	1.0,-1.0,-1.0,-1.0,-1.0,1.0,-1.0,-1.0,-1.0,-1.0,1.0,1.0,-1.0,1.0,1.0,1.0,-1.0,-1.0,1.0,-1.0,-1.0,-1.0,-1.0,1.0	2.4251382,-12.7348175,-0.74082786,-3.0591314,-1.5403396,3.127343,-3.3269339,-1.3054966,-0.8329059,-2.6656075,0.07836896,2.9376261,-0.079504,4.3589067,2.4555404,1.7947037,-1.43912,-0.8365464,2.1895826,-1.7874717,-0.7321586,-2.2607486,-1.9511584,0.88018423
