../data/train_data_mmini/1/Train_0000.jpg	1	1.0,-1.0,-1.0,-1.0,1.0,1.0,1.0,1.0	0.23118581,-0.11817913,-0.13108875,-0.20495546,0.13369238,0.1728869,0.2584562,0.29647586
../data/train_data_mmini/1/Train_0001.jpg	1	1.0,-1.0,-1.0,-1.0,1.0,1.0,1.0,1.0	0.31293976,-0.22094606,-0.0753594,-0.26720414,0.16436344,0.22835362,0.40025136,0.3358667
../data/train_data_mmini/1/Train_0002.jpg	1	1.0,-1.0,-1.0,-1.0,1.0,1.0,1.0,1.0	0.21357477,-0.20202708,-0.13061771,-0.10598107,0.067536145,0.14900109,0.33267847,0.24976867
../data/train_data_mmini/1/Train_0003.jpg	1	1.0,-1.0,-1.0,-1.0,1.0,1.0,1.0,1.0	0.27829224,-0.13436303,-0.13452373,-0.2465303,0.17711635,0.2729058,0.20831697,0.32009724
../data/train_data_mmini/1/Train_0004.jpg	1	1.0,-1.0,-1.0,-1.0,1.0,1.0,1.0,1.0	0.27557623,-0.15751354,-0.14629507,-0.23395832,0.15238231,0.20052293,0.26103565,0.34573063
../data/train_data_mmini/2/Train_0005.jpg	2	1.0,-1.0,-1.0,-1.0,1.0,1.0,1.0,1.0	0.3376965,-0.27164093,-0.09986326,-0.24056719,0.11521492,0.19303615,0.41128844,0.35732144
../data/train_data_mmini/2/Train_0006.jpg	2	1.0,-1.0,-1.0,-1.0,1.0,1.0,1.0,1.0	0.25568038,-0.17118081,-0.11818726,-0.21381111,0.06595326,0.13823684,0.30519506,0.30240718
../data/train_data_mmini/2/Train_0007.jpg	2	1.0,-1.0,-1.0,-1.0,1.0,1.0,1.0,1.0	0.26645213,-0.12924927,-0.14062561,-0.26813564,0.13979472,0.28619185,0.19751605,0.32532758
../data/train_data_mmini/2/Train_0008.jpg	2	1.0,-1.0,-1.0,-1.0,1.0,1.0,1.0,1.0	0.24486938,-0.13215958,-0.1611519,-0.20394315,0.0972273,0.13130628,0.37024784,0.32243627
../data/train_data_mmini/2/Train_0009.jpg	2	1.0,-1.0,-1.0,-1.0,1.0,1.0,1.0,1.0	0.31414118,-0.257655,-0.12360212,-0.2805921,0.06670435,0.15293132,0.4238888,0.3849301
../data/train_data_mmini/3/Train_0010.jpg	3	1.0,-1.0,-1.0,-1.0,1.0,1.0,1.0,1.0	0.31278563,-0.2031292,-0.12544264,-0.24895139,0.08342665,0.18121248,0.37078068,0.3110097
../data/train_data_mmini/3/Train_0011.jpg	3	1.0,-1.0,-1.0,-1.0,1.0,1.0,1.0,1.0	0.30005035,-0.27214718,-0.11487752,-0.13381629,0.0044261366,0.09880037,0.39137217,0.23043345
../data/train_data_mmini/3/Train_0012.jpg	3	1.0,-1.0,-1.0,-1.0,1.0,1.0,1.0,1.0	0.3077484,-0.25227353,-0.12296778,-0.22563618,0.1092225,0.13381289,0.41318044,0.3293541
../data/train_data_mmini/3/Train_0013.jpg	3	1.0,-1.0,-1.0,-1.0,1.0,1.0,1.0,1.0	0.24726988,-0.17499912,-0.087530114,-0.25062156,0.13941702,0.054839823,0.4578322,0.32178822
../data/train_data_mmini/3/Train_0014.jpg	3	1.0,-1.0,-1.0,-1.0,1.0,1.0,1.0,1.0	0.41381437,-0.29643965,-0.14975294,-0.24295795,0.06463332,0.1186084,0.42130578,0.35766456
../data/train_data_mmini/4/Train_0015.jpg	4	1.0,-1.0,-1.0,-1.0,1.0,1.0,1.0,1.0	0.21713471,-0.17849982,-0.07831433,-0.20127183,0.084157005,0.16461745,0.33203122,0.30587134
../data/train_data_mmini/4/Train_0016.jpg	4	1.0,-1.0,-1.0,-1.0,1.0,1.0,1.0,1.0	0.33691707,-0.24975184,-0.103593364,-0.13286635,0.11192251,0.18596226,0.33496717,0.32027534
../data/train_data_mmini/4/Train_0017.jpg	4	1.0,-1.0,-1.0,-1.0,1.0,1.0,1.0,1.0	0.35279784,-0.267496,-0.121875875,-0.19035615,0.019313611,0.1404316,0.4970377,0.2832178
../data/train_data_mmini/4/Train_0018.jpg	4	1.0,-1.0,-1.0,-1.0,1.0,1.0,1.0,1.0	0.25061637,-0.21953629,-0.07925792,-0.20392504,0.060923267,0.115624875,0.33921367,0.28793046
../data/train_data_mmini/4/Train_0019.jpg	4	1.0,-1.0,-1.0,-1.0,1.0,1.0,1.0,1.0	0.34657368,-0.24086262,-0.08742099,-0.2501113,0.12207273,0.10831713,0.30734473,0.33907625
../data/train_data_mmini/5/Train_0020.jpg	5	1.0,-1.0,-1.0,-1.0,1.0,1.0,1.0,1.0	0.33795843,-0.15363091,-0.12657668,-0.28189948,0.18977787,0.33918878,0.25793603,0.37922993
../data/train_data_mmini/5/Train_0021.jpg	5	1.0,-1.0,-1.0,-1.0,1.0,1.0,1.0,1.0	0.31968483,-0.17226167,-0.18541095,-0.29601902,0.13002403,0.21730742,0.41782776,0.41277015
../data/train_data_mmini/5/Train_0022.jpg	5	1.0,-1.0,-1.0,-1.0,1.0,1.0,1.0,1.0	0.25147328,-0.15039115,-0.18745066,-0.25303763,0.09983862,0.19723454,0.24566326,0.32875907
../data/train_data_mmini/5/Train_0023.jpg	5	1.0,-1.0,-1.0,-1.0,1.0,1.0,1.0,1.0	0.24831179,-0.1277749,-0.14709993,-0.28832304,0.16696651,0.29166207,0.19174708,0.33721054
../data/train_data_mmini/5/Train_0024.jpg	5	1.0,-1.0,-1.0,-1.0,1.0,1.0,1.0,1.0	0.25990012,-0.1897436,-0.104745455,-0.2615804,0.1408329,0.19391863,0.31486666,0.34678456
../data/train_data_mmini/6/Train_0025.jpg	6	1.0,-1.0,-1.0,-1.0,1.0,1.0,1.0,1.0	0.4294882,-0.20461525,-0.09772682,-0.2339435,0.12134727,0.14705586,0.34971762,0.31717706
../data/train_data_mmini/6/Train_0026.jpg	6	1.0,-1.0,-1.0,-1.0,1.0,1.0,1.0,1.0	0.34539312,-0.19973904,-0.06384949,-0.26690117,0.10968518,0.27083477,0.4455508,0.28697994
../data/train_data_mmini/6/Train_0027.jpg	6	1.0,-1.0,-1.0,-1.0,1.0,1.0,1.0,1.0	0.37264758,-0.32584253,-0.08848327,-0.25207755,0.059482865,0.11279296,0.39584917,0.28308842
../data/train_data_mmini/6/Train_0028.jpg	6	1.0,-1.0,-1.0,-1.0,1.0,1.0,1.0,1.0	0.31741574,-0.21801728,-0.15208356,-0.18546136,0.026586995,0.1499166,0.33323604,0.27979356
../data/train_data_mmini/6/Train_0029.jpg	6	1.0,-1.0,-1.0,-1.0,1.0,1.0,1.0,1.0	0.2726149,-0.24916872,-0.13518746,-0.1735619,0.0075959684,0.112970844,0.3509584,0.27679506
../data/train_data_mmini/7/Train_0030.jpg	7	1.0,-1.0,-1.0,-1.0,1.0,1.0,1.0,1.0	0.3389417,-0.21100017,-0.10598804,-0.29470742,0.16387019,0.23048139,0.32034376,0.3437699
../data/train_data_mmini/7/Train_0031.jpg	7	1.0,-1.0,-1.0,-1.0,1.0,1.0,1.0,1.0	0.3534778,-0.26027584,-0.13885929,-0.27661696,0.1628863,0.22152042,0.53941613,0.4806289
../data/train_data_mmini/7/Train_0032.jpg	7	1.0,-1.0,-1.0,-1.0,1.0,1.0,1.0,1.0	0.39115974,-0.34665433,-0.06620045,-0.3135656,0.07941654,0.09490637,0.60926706,0.39582264
../data/train_data_mmini/7/Train_0033.jpg	7	1.0,-1.0,-1.0,-1.0,1.0,1.0,1.0,1.0	0.3285862,-0.26057345,-0.121726714,-0.2508362,0.0984697,0.19255964,0.35995552,0.3558625
../data/train_data_mmini/7/Train_0034.jpg	7	1.0,-1.0,-1.0,-1.0,1.0,1.0,1.0,1.0	0.35223934,-0.347752,-0.13699025,-0.19421504,0.014402812,0.115867674,0.41969714,0.29411
../data/train_data_mmini/8/Train_0035.jpg	8	1.0,-1.0,-1.0,-1.0,1.0,1.0,1.0,1.0	0.27045634,-0.23102152,-0.11713119,-0.29021168,0.0348993,0.049802084,0.44282678,0.31344613
../data/train_data_mmini/8/Train_0036.jpg	8	1.0,-1.0,-1.0,-1.0,1.0,1.0,1.0,1.0	0.35542962,-0.3717068,-0.14565368,-0.23386735,0.07940718,0.06134094,0.48253933,0.37479153
../data/train_data_mmini/8/Train_0037.jpg	8	1.0,-1.0,-1.0,-1.0,1.0,1.0,1.0,1.0	0.4195359,-0.2877639,-0.08458293,-0.23535337,0.0438946,0.15951903,0.5511512,0.37272376
../data/train_data_mmini/8/Train_0038.jpg	8	1.0,-1.0,-1.0,-1.0,1.0,1.0,1.0,1.0	0.30625635,-0.23760763,-0.09779292,-0.26490024,0.10368378,0.13308007,0.44259444,0.373205
../data/train_data_mmini/8/Train_0039.jpg	8	1.0,-1.0,-1.0,-1.0,-1.0,1.0,1.0,1.0	0.3020064,-0.3026233,-0.130637,-0.23874563,-0.008534244,0.05034102,0.46611416,0.34174427
../data/train_data_mmini/9/Train_0040.jpg	9	1.0,-1.0,-1.0,-1.0,1.0,1.0,1.0,1.0	0.3201803,-0.19442762,-0.19191192,-0.31044436,0.12233521,0.20982707,0.33999205,0.36619842
../data/train_data_mmini/9/Train_0041.jpg	9	1.0,-1.0,-1.0,-1.0,1.0,1.0,1.0,1.0	0.39434043,-0.35633832,-0.1631796,-0.23517981,0.11446606,0.14932747,0.4712895,0.38591316
../data/train_data_mmini/9/Train_0042.jpg	9	1.0,-1.0,-1.0,-1.0,1.0,1.0,1.0,1.0	0.2598865,-0.20191441,-0.12843281,-0.20158692,0.12223004,0.19360982,0.37404245,0.3388918
../data/train_data_mmini/9/Train_0043.jpg	9	1.0,-1.0,-1.0,-1.0,1.0,1.0,1.0,1.0	0.30061468,-0.19341607,-0.1328019,-0.28478593,0.09233295,0.17075042,0.35955542,0.37379828
../data/train_data_mmini/9/Train_0044.jpg	9	1.0,-1.0,-1.0,-1.0,1.0,1.0,1.0,1.0	0.34358135,-0.22191718,-0.11481785,-0.26389104,0.118118316,0.17647971,0.39958212,0.3868516
../data/train_data_mmini/10/Train_0045.jpg	10	1.0,-1.0,-1.0,-1.0,-1.0,1.0,1.0,1.0	0.30884233,-0.38794932,-0.08224396,-0.2722189,-0.0008419717,0.02900178,0.609425,0.37505338
../data/train_data_mmini/10/Train_0046.jpg	10	1.0,-1.0,-1.0,-1.0,-1.0,1.0,1.0,1.0	0.25985336,-0.19500713,-0.04631743,-0.14320973,-0.026535338,0.089959234,0.40917256,0.23667693
../data/train_data_mmini/10/Train_0047.jpg	10	1.0,-1.0,-1.0,-1.0,1.0,1.0,1.0,1.0	0.37674388,-0.3681303,-0.13686256,-0.23456804,0.06567274,0.079204656,0.60796434,0.43800133
../data/train_data_mmini/10/Train_0048.jpg	10	1.0,-1.0,-1.0,-1.0,1.0,1.0,1.0,1.0	0.34181643,-0.3065864,-0.08610974,-0.28403583,0.06963475,0.013759412,0.44963613,0.40060443
../data/train_data_mmini/10/Train_0049.jpg	10	1.0,-1.0,-1.0,-1.0,-1.0,1.0,1.0,1.0	0.35979116,-0.3080686,-0.11234634,-0.24547888,-0.010300765,0.07247959,0.5481847,0.34337074
