../data/train_data_mmini/1/Train_0000.jpg	1	1.0,-1.0,-1.0,1.0,-1.0,-1.0,-1.0,1.0,1.0,1.0,-1.0,1.0	1.4193176,-0.16191748,-1.2577554,2.8612387,-0.19712596,-1.5049189,-3.1406257,0.39567506,0.6973684,1.0672458,-1.7630379,0.6157151
../data/train_data_mmini/1/Train_0001.jpg	1	-1.0,-1.0,-1.0,-1.0,1.0,-1.0,-1.0,1.0,-1.0,1.0,-1.0,-1.0	-0.7523526,-2.388011,-4.1114364,-1.4983805,1.2909291,-2.4996486,-0.37492287,1.8629827,-0.5978876,4.643504,-1.6807705,-1.146806
../data/train_data_mmini/1/Train_0002.jpg	1	-1.0,1.0,-1.0,-1.0,-1.0,-1.0,-1.0,-1.0,-1.0,1.0,-1.0,1.0	-0.45553452,4.0482492,-2.4720445,-0.4632299,-0.12046422,-3.340564,-4.781262,-1.4058143,-2.7120135,2.2411892,-1.0835621,0.92005736
../data/train_data_mmini/1/Train_0003.jpg	1	1.0,-1.0,-1.0,1.0,1.0,1.0,-1.0,1.0,1.0,1.0,-1.0,-1.0	1.7769537,-1.9379802,-1.8885528,3.9915926,0.9245719,2.2230897,-2.2681491,2.7198856,0.73429805,0.056278393,-1.4668131,-0.022257244
../data/train_data_mmini/1/Train_0004.jpg	1	1.0,-1.0,-1.0,1.0,-1.0,-1.0,1.0,-1.0,1.0,1.0,-1.0,-1.0	1.4202033,-2.825896,-1.6822095,4.835652,-1.574408,-1.5488434,0.39412886,-1.2633932,1.5446644,0.24103062,-2.172868,-0.6448701
../data/train_data_mmini/2/Train_0005.jpg	2	1.0,-1.0,1.0,-1.0,1.0,1.0,-1.0,1.0,1.0,-1.0,1.0,1.0	1.3701448,-0.31397763,0.9435073,-0.075268015,2.4391813,1.4891366,-1.3091558,2.044559,1.5233834,-0.53266186,1.3932221,0.8159084
../data/train_data_mmini/2/Train_0006.jpg	2	1.0,-1.0,1.0,1.0,1.0,1.0,-1.0,-1.0,1.0,1.0,1.0,1.0	0.12720428,-1.5081754,2.1353762,0.07082908,2.1724403,5.7979455,-1.1872747,-1.0406805,1.0949442,1.3434917,1.0743412,0.7208659
../data/train_data_mmini/2/Train_0007.jpg	2	-1.0,-1.0,1.0,1.0,-1.0,-1.0,1.0,1.0,1.0,-1.0,-1.0,-1.0	-0.13034326,-1.7988077,0.42425779,0.8248075,-1.4086822,-2.831788,0.801272,1.1358997,1.016396,-1.9539163,-0.6808392,-1.4088401
../data/train_data_mmini/2/Train_0008.jpg	2	-1.0,1.0,-1.0,-1.0,-1.0,-1.0,1.0,-1.0,1.0,-1.0,1.0,1.0	-0.35614982,2.4302747,-0.9558027,-2.275392,-1.5713106,-2.2395923,2.7943418,-2.5619953,0.1547782,-1.4234483,1.8226316,1.5575166
../data/train_data_mmini/2/Train_0009.jpg	2	-1.0,1.0,1.0,-1.0,-1.0,1.0,1.0,1.0,-1.0,-1.0,-1.0,-1.0	-0.9175191,0.6034619,5.583693,-0.028058615,-1.2518831,1.1182808,0.39777055,2.1073022,-2.8717232,-1.3336345,-1.6282688,-3.007352
../data/train_data_mmini/3/Train_0010.jpg	3	-1.0,-1.0,1.0,-1.0,-1.0,1.0,1.0,1.0,-1.0,-1.0,-1.0,-1.0	-3.7606714,-4.2477565,0.66569614,-2.2949917,-1.7677472,0.91884637,7.9511456,0.5833719,-0.07628889,-1.5934751,-0.15823884,-2.8897076
../data/train_data_mmini/3/Train_0011.jpg	3	-1.0,1.0,-1.0,-1.0,-1.0,-1.0,-1.0,1.0,-1.0,-1.0,-1.0,-1.0	-2.5963762,0.94365525,-0.64910465,-1.1743538,-0.35163367,-6.0455136,-2.2573676,0.3070539,-2.0356867,-0.18495882,-1.7319939,-1.4136978
../data/train_data_mmini/3/Train_0012.jpg	3	1.0,-1.0,1.0,1.0,1.0,-1.0,-1.0,1.0,-1.0,1.0,-1.0,-1.0	0.5816243,-1.1915474,0.25260934,0.8666553,3.548395,-2.899573,-4.5885677,0.013787193,-1.0707979,7.8516555,-4.1263003,-0.7877019
../data/train_data_mmini/3/Train_0013.jpg	3	-1.0,1.0,-1.0,1.0,-1.0,1.0,-1.0,-1.0,-1.0,1.0,1.0,1.0	-0.413838,2.6888633,-1.7519265,0.38284156,-0.24784864,1.329158,-1.7122046,-4.8010325,-1.8492352,3.6695604,0.6634427,0.52184016
../data/train_data_mmini/3/Train_0014.jpg	3	-1.0,1.0,-1.0,1.0,-1.0,1.0,1.0,-1.0,-1.0,-1.0,1.0,-1.0	-0.59928614,0.89118624,-1.8538469,0.10655537,-2.5612411,0.12709281,1.6063462,-0.9348979,-0.43396375,-2.1446102,2.195452,-1.1635991
../data/train_data_mmini/4/Train_0015.jpg	4	1.0,1.0,1.0,1.0,1.0,-1.0,-1.0,-1.0,1.0,1.0,-1.0,1.0	2.4701781,0.23882595,2.7164538,2.3446498,0.5139478,-3.1541116,-1.8950366,-0.78429216,3.3256223,2.8775873,-0.05893342,3.0999737
../data/train_data_mmini/4/Train_0016.jpg	4	1.0,1.0,-1.0,-1.0,1.0,-1.0,-1.0,1.0,-1.0,1.0,-1.0,-1.0	0.2667939,0.996053,-2.459437,-4.237799,2.3216934,-0.77444386,-3.5160017,3.2396486,-2.3083491,1.5026572,-0.3916909,-0.65924144
../data/train_data_mmini/4/Train_0017.jpg	4	1.0,1.0,1.0,-1.0,1.0,-1.0,-1.0,1.0,-1.0,1.0,-1.0,1.0	0.26667252,2.0756345,4.42752,-2.8955941,2.92061,-0.29863527,-4.158887,0.3738462,-1.4948115,4.3110223,-0.9699132,0.16245839
../data/train_data_mmini/4/Train_0018.jpg	4	-1.0,-1.0,-1.0,-1.0,1.0,-1.0,1.0,1.0,1.0,-1.0,1.0,-1.0	-0.28333968,-2.3261528,-0.37336838,-0.16016147,0.69420415,-1.3466004,2.1408606,0.7581412,1.5257312,-1.8753691,1.7513375,-0.8952619
../data/train_data_mmini/4/Train_0019.jpg	4	-1.0,1.0,1.0,1.0,1.0,1.0,-1.0,-1.0,-1.0,1.0,1.0,1.0	-0.39144132,0.93344223,0.16487041,0.31633085,0.8496162,5.594753,-1.8077393,-1.8225374,-0.7713708,0.9006413,2.1595817,0.55745584
../data/train_data_mmini/5/Train_0020.jpg	5	1.0,-1.0,-1.0,1.0,1.0,1.0,-1.0,1.0,-1.0,1.0,-1.0,-1.0	0.771366,-2.0108516,-5.871706,0.38814157,0.28931716,0.8082087,-1.4186753,2.4552734,-0.23775764,0.2959941,-1.2955558,-0.36795753
../data/train_data_mmini/5/Train_0021.jpg	5	1.0,1.0,1.0,1.0,-1.0,-1.0,-1.0,-1.0,1.0,-1.0,1.0,1.0	2.0335364,0.079761,0.63334316,6.761949,-1.6217974,-0.92893815,-1.517465,-2.511015,2.1098511,-1.984206,0.08848046,1.4793789
../data/train_data_mmini/5/Train_0022.jpg	5	-1.0,1.0,1.0,-1.0,-1.0,1.0,1.0,1.0,1.0,1.0,1.0,1.0	-0.017717334,0.09733033,3.0886729,-2.06029,-1.6207322,0.33444825,2.9216714,1.0995071,0.5822037,0.26074934,0.5465889,0.05358401
../data/train_data_mmini/5/Train_0023.jpg	5	1.0,-1.0,-1.0,1.0,-1.0,1.0,1.0,1.0,1.0,-1.0,-1.0,-1.0	1.578186,-3.440299,-1.957568,3.7195454,-0.5248744,1.555539,0.47736904,1.8328952,1.5441453,-0.9832024,-1.7753475,-0.6039429
../data/train_data_mmini/5/Train_0024.jpg	5	1.0,-1.0,1.0,1.0,1.0,-1.0,-1.0,1.0,1.0,-1.0,-1.0,-1.0	1.0730685,-2.166196,1.6998247,5.6220403,0.21927159,-2.46408,-1.5952268,0.24047789,1.8747121,-1.6263664,-2.4974244,-0.27025452
../data/train_data_mmini/6/Train_0025.jpg	6	-1.0,1.0,1.0,-1.0,1.0,1.0,-1.0,1.0,-1.0,1.0,1.0,-1.0	-0.26327017,0.5371738,1.6546799,-0.564822,1.8356171,1.4293745,-2.7901564,2.3472853,-1.4287419,0.027239783,0.6308949,-2.759782
../data/train_data_mmini/6/Train_0026.jpg	6	-1.0,-1.0,-1.0,-1.0,1.0,-1.0,-1.0,1.0,1.0,-1.0,1.0,-1.0	-0.44735909,-2.1574473,-1.6393791,-0.44561973,1.411468,-0.3670374,-0.25976175,4.89821,0.6147378,-2.0338194,0.58081913,-1.4257226
../data/train_data_mmini/6/Train_0027.jpg	6	-1.0,-1.0,-1.0,-1.0,-1.0,-1.0,1.0,1.0,-1.0,-1.0,-1.0,-1.0	-1.8870199,-3.140329,-0.25149778,-4.109058,-1.0906205,-0.95519394,3.06277,4.2286983,-2.0167415,-0.6613763,-0.19181941,-4.8065724
../data/train_data_mmini/6/Train_0028.jpg	6	-1.0,1.0,-1.0,-1.0,-1.0,-1.0,1.0,-1.0,-1.0,-1.0,1.0,-1.0	-2.4025903,1.8579087,-1.6959965,-2.4386256,-1.4783067,-3.743002,0.75210536,-0.15909827,-2.0322816,-4.433457,1.774237,-1.500546
../data/train_data_mmini/6/Train_0029.jpg	6	-1.0,-1.0,1.0,-1.0,1.0,1.0,1.0,-1.0,-1.0,1.0,-1.0,-1.0	-2.186253,-0.5987333,5.229062,-0.015975457,0.703732,3.3237257,0.6365965,-1.065227,-2.5304234,2.0643165,-1.4261513,-1.7871487
../data/train_data_mmini/7/Train_0030.jpg	7	1.0,1.0,1.0,-1.0,1.0,1.0,-1.0,1.0,-1.0,1.0,1.0,-1.0	0.7970132,1.4504633,2.5567365,-2.283815,3.210374,1.7668003,-4.3538814,2.518378,-1.2663174,1.7019603,0.5377038,-0.75251395
../data/train_data_mmini/7/Train_0031.jpg	7	-1.0,1.0,1.0,-1.0,1.0,1.0,-1.0,1.0,-1.0,1.0,-1.0,1.0	-0.71312416,0.22669122,0.062038817,-2.7826693,1.4516432,1.2919521,-0.48519957,0.72196895,-0.97084403,2.0283396,-1.1202695,0.011742579
../data/train_data_mmini/7/Train_0032.jpg	7	-1.0,-1.0,1.0,-1.0,-1.0,-1.0,1.0,1.0,1.0,-1.0,-1.0,-1.0	-1.0074058,-0.2751707,0.58173907,-0.19614302,-0.35413644,-3.5601332,0.26043367,0.29214552,0.1523841,-1.5847,-0.70115674,-0.37666482
../data/train_data_mmini/7/Train_0033.jpg	7	1.0,-1.0,1.0,1.0,1.0,1.0,1.0,1.0,-1.0,-1.0,-1.0,-1.0	0.2373882,-1.8656828,3.3474085,1.1096447,0.05233962,0.8254631,0.12325426,3.4513083,-1.4631575,-2.5627005,-2.0355783,-3.5989494
../data/train_data_mmini/7/Train_0034.jpg	7	-1.0,-1.0,-1.0,1.0,-1.0,-1.0,1.0,1.0,-1.0,-1.0,1.0,-1.0	-2.7513711,-2.174962,-0.39841354,0.5710783,-1.1136265,-3.4787958,1.9991835,1.631538,-0.111187726,-5.5191665,0.8536982,-2.0794435
../data/train_data_mmini/8/Train_0035.jpg	8	-1.0,1.0,1.0,-1.0,-1.0,-1.0,1.0,-1.0,1.0,1.0,1.0,-1.0	-0.38421616,0.17582357,7.5604267,-1.8625152,-0.25533253,-1.1896487,3.31135,-0.5676971,0.680654,1.3456206,0.85793746,-0.75148016
../data/train_data_mmini/8/Train_0036.jpg	8	-1.0,1.0,1.0,-1.0,1.0,-1.0,1.0,1.0,-1.0,-1.0,1.0,-1.0	-1.3083346,1.7127806,6.319013,-3.9328187,1.3876381,-0.9797526,0.023704208,1.9818603,-0.9785631,-1.5394571,1.5476717,-1.5587432
../data/train_data_mmini/8/Train_0037.jpg	8	-1.0,-1.0,1.0,-1.0,1.0,-1.0,-1.0,1.0,-1.0,-1.0,-1.0,-1.0	-1.5882905,-0.17441449,3.6027305,-0.7267635,0.22867386,-3.6067698,-1.1343356,2.6709948,-0.7137636,-2.0800688,-1.2435395,-2.20076
../data/train_data_mmini/8/Train_0038.jpg	8	-1.0,1.0,1.0,-1.0,-1.0,1.0,1.0,1.0,-1.0,1.0,-1.0,1.0	-0.27603623,1.4715314,2.794113,-3.8335865,-0.3047389,0.120457724,1.2072593,1.5563127,-0.59019476,2.2043529,-0.7364997,1.1150373
../data/train_data_mmini/8/Train_0039.jpg	8	-1.0,1.0,1.0,-1.0,-1.0,-1.0,1.0,-1.0,-1.0,1.0,-1.0,-1.0	-2.3483124,1.0022445,10.095291,-2.5919902,-0.27152777,-2.2753983,1.7306993,-0.94132435,-2.374846,1.5258083,-1.0980558,-3.3584402
../data/train_data_mmini/9/Train_0040.jpg	9	1.0,1.0,1.0,1.0,-1.0,-1.0,-1.0,-1.0,1.0,1.0,-1.0,-1.0	0.76357687,0.63298404,3.1175032,2.2380486,-1.3728269,-3.175443,-0.7129294,-0.8280904,1.1078278,0.41935885,-0.25308332,-0.3066916
../data/train_data_mmini/9/Train_0041.jpg	9	-1.0,-1.0,-1.0,-1.0,-1.0,-1.0,1.0,1.0,-1.0,-1.0,-1.0,-1.0	-2.2664459,-0.33927572,-3.4836848,-3.4172103,-0.29410946,-1.0255535,0.94935,1.2029878,-2.9374378,-0.7468798,-0.5847405,-2.4897747
../data/train_data_mmini/9/Train_0042.jpg	9	1.0,-1.0,-1.0,1.0,-1.0,-1.0,-1.0,-1.0,1.0,1.0,-1.0,1.0	0.8059715,-0.56587577,-0.3612344,3.8441322,-0.1645663,-4.763871,-1.5818665,-2.4613714,1.8664187,2.3986645,-1.7158029,1.2094364
../data/train_data_mmini/9/Train_0043.jpg	9	1.0,1.0,1.0,-1.0,-1.0,1.0,1.0,-1.0,1.0,-1.0,1.0,1.0	0.89238936,0.8543743,4.3385134,-0.93163776,-1.2308686,0.46209273,1.8911144,-1.4141526,1.7924076,-1.2894077,3.609501,0.036073744
../data/train_data_mmini/9/Train_0044.jpg	9	1.0,-1.0,1.0,1.0,1.0,1.0,-1.0,-1.0,-1.0,1.0,-1.0,-1.0	0.03193232,-0.47649458,4.282249,0.10366149,0.7747605,1.9355469,-1.6021906,-0.9984338,-1.2387363,5.041636,-1.9354435,-1.0580856
../data/train_data_mmini/10/Train_0045.jpg	10	-1.0,1.0,1.0,-1.0,-1.0,-1.0,1.0,1.0,-1.0,-1.0,-1.0,-1.0	-3.1524103,1.3090203,12.0494995,-4.192239,-0.37547916,-2.4870791,3.2706418,0.7596337,-3.2278128,-2.1670575,-1.0152749,-4.817102
../data/train_data_mmini/10/Train_0046.jpg	10	-1.0,1.0,1.0,1.0,-1.0,-1.0,-1.0,1.0,-1.0,1.0,-1.0,-1.0	-0.093853444,0.9326021,4.8055243,0.44285274,-1.2949305,-1.5310248,-1.1605022,0.03669057,-1.3654791,1.2225008,-1.8285291,-1.8509121
../data/train_data_mmini/10/Train_0047.jpg	10	-1.0,1.0,1.0,-1.0,1.0,-1.0,1.0,-1.0,-1.0,-1.0,1.0,-1.0	-0.59893674,2.6966593,7.6736245,-1.6568779,0.017191574,-1.283208,0.14100929,-0.26813716,-0.3194658,-2.8099873,2.0858731,-0.7351186
../data/train_data_mmini/10/Train_0048.jpg	10	-1.0,1.0,1.0,-1.0,1.0,1.0,1.0,-1.0,-1.0,1.0,-1.0,-1.0	-2.0955205,0.5236974,7.543427,-2.766065,1.2004614,0.36024874,0.737553,-1.06928,-2.2500296,2.7505453,-1.0509825,-2.009508
../data/train_data_mmini/10/Train_0049.jpg	10	-1.0,1.0,1.0,-1.0,-1.0,-1.0,1.0,1.0,-1.0,1.0,-1.0,-1.0	-2.0943341,1.5125055,9.245209,-1.8942146,-0.74917126,-3.1078792,1.8740363,0.18066967,-1.7624234,0.22673176,-0.12191586,-3.323749
