../data/train_data_mmini/1/Train_0000.jpg	1	-1.0,-1.0,-1.0,1.0,-1.0,-1.0,-1.0,1.0,1.0,1.0,-1.0,-1.0	-0.25748286,-0.1709927,-0.007985941,0.10103354,-0.08680792,-0.111951895,-0.19860354,0.12616828,0.17336234,0.119127,-0.19848567,-0.027623199
../data/train_data_mmini/1/Train_0001.jpg	1	-1.0,-1.0,-1.0,1.0,-1.0,-1.0,-1.0,1.0,-1.0,1.0,-1.0,1.0	-0.04737971,-0.42384577,-0.09195944,0.18681899,-0.18097623,-0.082925506,-0.19164227,0.029380335,-0.12103492,0.030444825,-0.2153498,0.10320862
../data/train_data_mmini/1/Train_0002.jpg	1	-1.0,-1.0,-1.0,-1.0,-1.0,1.0,-1.0,1.0,1.0,-1.0,-1.0,-1.0	-0.2756853,-0.13263735,-0.031743817,-0.5076054,-0.37542352,0.19890293,-0.48649007,0.07397045,0.24045768,-0.13377398,-0.2116821,-0.050909884
../data/train_data_mmini/1/Train_0003.jpg	1	-1.0,-1.0,-1.0,-1.0,-1.0,-1.0,1.0,1.0,1.0,1.0,-1.0,1.0	-0.19019982,-0.055229567,-0.028971827,-0.095774665,-0.11274476,-0.019157479,0.019997336,0.08583796,0.003599035,0.334847,-0.119653076,0.085738584
../data/train_data_mmini/1/Train_0004.jpg	1	-1.0,-1.0,-1.0,1.0,1.0,1.0,1.0,-1.0,1.0,1.0,-1.0,1.0	-0.07738886,-0.050523244,-0.0036470655,0.10419299,0.065251336,0.039615802,0.10644821,-0.0022432664,0.09592053,0.23393163,-0.067793965,0.023598518
../data/train_data_mmini/2/Train_0005.jpg	2	-1.0,1.0,1.0,-1.0,-1.0,1.0,1.0,-1.0,-1.0,1.0,1.0,1.0	-0.046434306,0.024896331,0.023200238,-0.27242765,-0.049860194,0.00060733303,0.020295054,-0.017958703,-0.07692052,0.026996816,0.010086776,0.09631216
../data/train_data_mmini/2/Train_0006.jpg	2	-1.0,-1.0,1.0,1.0,-1.0,-1.0,-1.0,-1.0,1.0,-1.0,-1.0,-1.0	-0.041008,-0.40309688,0.14223042,0.3413292,-0.048136603,-0.36293373,-0.460761,-0.04180107,0.3666915,-0.35992807,-0.20237722,-0.03327187
../data/train_data_mmini/2/Train_0007.jpg	2	-1.0,-1.0,-1.0,-1.0,-1.0,1.0,1.0,1.0,1.0,1.0,-1.0,-1.0	-0.21004696,-0.031455062,-0.008842937,-0.0785182,-0.12268312,0.048469774,0.14834581,0.00829105,0.037367094,0.22958848,-0.045961678,-0.04906727
../data/train_data_mmini/2/Train_0008.jpg	2	1.0,-1.0,-1.0,-1.0,-1.0,1.0,-1.0,1.0,-1.0,1.0,-1.0,1.0	0.08791367,-0.1900177,-0.10855187,-0.026244286,-0.07553388,0.055466346,-0.03640805,0.16734086,-0.12162708,0.069611095,-0.20116922,0.016196143
../data/train_data_mmini/2/Train_0009.jpg	2	-1.0,-1.0,1.0,1.0,1.0,-1.0,-1.0,1.0,1.0,1.0,-1.0,-1.0	-0.1551191,-0.14465356,0.007596203,0.36646357,0.03265743,-0.26657915,-0.15721391,0.11614628,0.3171131,0.07219305,-0.05047983,-0.1265295
../data/train_data_mmini/3/Train_0010.jpg	3	-1.0,-1.0,-1.0,-1.0,-1.0,1.0,1.0,-1.0,-1.0,1.0,-1.0,1.0	-0.11939115,-0.041062407,-0.17538752,-0.6233963,-0.45214495,0.3270768,0.29685962,-0.034491196,-0.042169567,0.09394678,-0.23669375,0.34126037
../data/train_data_mmini/3/Train_0011.jpg	3	1.0,-1.0,-1.0,1.0,1.0,1.0,-1.0,1.0,1.0,-1.0,-1.0,-1.0	0.026018701,-0.20708784,-0.06005784,0.30563548,0.1313831,0.073567055,-0.3799255,0.019334106,0.16434729,-0.050207797,-0.045933515,-0.15925002
../data/train_data_mmini/3/Train_0012.jpg	3	1.0,1.0,1.0,1.0,1.0,1.0,-1.0,-1.0,1.0,-1.0,1.0,-1.0	0.028689347,0.07742459,0.052641593,0.46223623,0.28799063,0.008496336,-0.15018757,-0.094086245,0.30417234,-0.106552936,0.09065008,-0.113023296
../data/train_data_mmini/3/Train_0013.jpg	3	1.0,-1.0,-1.0,1.0,1.0,1.0,-1.0,1.0,-1.0,-1.0,-1.0,1.0	0.20430127,-0.2763892,-0.055034123,0.14009812,0.037192926,0.0046912646,-0.13120736,0.13332738,-0.06858474,-0.044920925,-0.15915999,0.17364974
../data/train_data_mmini/3/Train_0014.jpg	3	-1.0,1.0,-1.0,1.0,1.0,-1.0,-1.0,1.0,1.0,-1.0,1.0,-1.0	-0.031664588,0.05272595,-0.08715936,0.16844597,0.11453514,-0.15437914,-0.064157955,0.04626973,0.11201437,-0.04551408,0.0144158015,-0.0609128
../data/train_data_mmini/4/Train_0015.jpg	4	-1.0,-1.0,1.0,1.0,1.0,-1.0,-1.0,-1.0,-1.0,-1.0,-1.0,-1.0	-0.07958979,-0.04750835,0.074628495,0.011599201,0.1493349,-0.021038065,-0.10039576,-0.013428376,-0.024763873,-0.12095598,-0.15220177,-0.15062706
../data/train_data_mmini/4/Train_0016.jpg	4	1.0,-1.0,-1.0,1.0,-1.0,-1.0,1.0,1.0,-1.0,1.0,-1.0,1.0	0.04442688,-0.29765835,-0.09634394,0.026669659,-0.1856003,-0.005439558,0.039159488,0.055753723,-0.32605988,0.05939525,-0.16127273,0.13571481
../data/train_data_mmini/4/Train_0017.jpg	4	1.0,-1.0,1.0,1.0,-1.0,-1.0,-1.0,-1.0,1.0,-1.0,-1.0,1.0	0.1815793,-0.6434503,0.1268833,0.7762553,-0.0027470386,-0.3195955,-0.559555,-0.1813505,0.20902757,-0.37470555,-0.3261106,0.11020179
../data/train_data_mmini/4/Train_0018.jpg	4	-1.0,-1.0,1.0,1.0,1.0,1.0,-1.0,-1.0,1.0,-1.0,-1.0,1.0	-0.10132306,-0.025556378,0.018271366,0.06896269,0.08221541,0.0688832,-0.027110014,-0.03564848,0.178275,-0.17621341,-0.017160416,0.09522026
../data/train_data_mmini/4/Train_0019.jpg	4	1.0,-1.0,-1.0,-1.0,-1.0,1.0,1.0,-1.0,-1.0,-1.0,-1.0,1.0	0.1581545,-0.26287213,-0.023408642,-0.09780435,-0.03507985,0.015564612,0.16138962,-0.12096475,-0.42547238,-0.09834061,-0.1286946,0.37248847
../data/train_data_mmini/5/Train_0020.jpg	5	-1.0,-1.0,-1.0,-1.0,-1.0,1.0,1.0,-1.0,-1.0,1.0,-1.0,1.0	-0.1720176,-0.09951951,-0.019951528,-0.17159635,-0.20686115,0.03231757,0.12974937,-0.05438955,-0.07868062,0.16797361,-0.017253578,0.0697464
../data/train_data_mmini/5/Train_0021.jpg	5	-1.0,-1.0,-1.0,1.0,1.0,-1.0,-1.0,1.0,1.0,1.0,1.0,-1.0	-0.084279574,-0.08174839,-0.00028245788,0.46888146,0.24563019,-0.27702063,-0.2749208,0.121719286,0.1666794,0.09409728,0.038957775,-0.25420994
../data/train_data_mmini/5/Train_0022.jpg	5	-1.0,-1.0,-1.0,1.0,-1.0,1.0,1.0,1.0,1.0,1.0,1.0,-1.0	-0.14468676,-0.017788224,-0.05981768,0.012311584,-0.0869043,0.014612368,0.12255407,0.0790624,0.097912915,0.18974313,0.0058382754,-0.05954543
../data/train_data_mmini/5/Train_0023.jpg	5	-1.0,-1.0,-1.0,-1.0,-1.0,-1.0,1.0,1.0,1.0,1.0,1.0,-1.0	-0.25516713,-0.0043657646,-0.06236162,-0.01785247,-0.030977799,-0.16740014,0.025495522,0.032556474,0.05836973,0.21147403,0.08898854,-0.13077043
../data/train_data_mmini/5/Train_0024.jpg	5	-1.0,1.0,-1.0,-1.0,-1.0,-1.0,1.0,1.0,1.0,1.0,1.0,-1.0	-0.076693095,0.1895068,-0.0393653,-0.23898225,-0.031843618,-0.037860878,0.15675679,0.07049225,0.0381251,0.25390854,0.12105042,-0.06687751
../data/train_data_mmini/6/Train_0025.jpg	6	1.0,1.0,-1.0,-1.0,-1.0,1.0,1.0,1.0,1.0,1.0,1.0,1.0	0.042956896,0.44398606,-0.32369077,-0.7916789,-0.30507421,0.3177576,0.23937501,0.10643186,0.023122156,0.43613613,0.044010848,0.2576287
../data/train_data_mmini/6/Train_0026.jpg	6	-1.0,-1.0,1.0,1.0,-1.0,-1.0,-1.0,-1.0,1.0,-1.0,-1.0,1.0	-0.052250132,-0.6823215,0.07613707,0.3390075,-0.05146952,-0.1736658,-0.095543265,-0.015241162,0.14788768,-0.19603649,-0.34173617,0.5170656
../data/train_data_mmini/6/Train_0027.jpg	6	-1.0,1.0,-1.0,-1.0,-1.0,1.0,1.0,1.0,1.0,1.0,1.0,-1.0	-0.04653553,0.06325463,-0.15493649,-0.074201144,-0.092120424,0.0674698,0.016421579,0.007896348,0.045768544,0.16450068,0.041472346,-0.08647635
../data/train_data_mmini/6/Train_0028.jpg	6	1.0,-1.0,-1.0,1.0,1.0,-1.0,-1.0,1.0,1.0,1.0,-1.0,-1.0	0.10288385,-0.30361116,-0.04456467,0.34058592,0.045343325,-0.04974369,-0.090055145,0.0756519,0.1192296,0.039281543,-0.067536086,-0.022064302
../data/train_data_mmini/6/Train_0029.jpg	6	-1.0,1.0,-1.0,-1.0,-1.0,1.0,1.0,1.0,1.0,1.0,-1.0,1.0	-0.33856001,0.32444233,-0.06890591,-0.7113967,-0.07972683,0.2843635,0.1586695,0.11761266,0.055113923,0.055231925,-0.064403,0.40563226
../data/train_data_mmini/7/Train_0030.jpg	7	-1.0,-1.0,1.0,1.0,1.0,-1.0,-1.0,1.0,1.0,-1.0,-1.0,-1.0	-0.18049932,-0.21642649,0.020570511,0.52127326,0.14906584,-0.25096732,-0.15606335,0.038950905,0.13072549,-0.034010682,-0.06600028,-0.13380317
../data/train_data_mmini/7/Train_0031.jpg	7	1.0,-1.0,1.0,1.0,1.0,-1.0,1.0,1.0,1.0,1.0,1.0,1.0	0.072366886,-0.11562996,0.010672518,0.23854756,0.0833358,-0.09209437,0.10456587,0.10547896,0.35409072,0.0051194075,0.0278368,0.11370948
../data/train_data_mmini/7/Train_0032.jpg	7	1.0,-1.0,-1.0,1.0,1.0,-1.0,-1.0,1.0,-1.0,-1.0,-1.0,-1.0	0.25440356,-0.013681911,-0.1427712,0.46165156,0.13952921,-0.097849615,-0.29850897,0.051059276,-0.03823937,-0.029076284,-0.05421263,-0.32298967
../data/train_data_mmini/7/Train_0033.jpg	7	-1.0,-1.0,1.0,1.0,-1.0,-1.0,-1.0,-1.0,1.0,-1.0,1.0,-1.0	-0.27174935,-0.071524136,0.059803315,0.05071956,-0.14824827,-0.17192103,-0.059583068,-0.074339524,0.19800866,-0.11224244,0.021021783,-0.0644106
../data/train_data_mmini/7/Train_0034.jpg	7	1.0,1.0,-1.0,-1.0,-1.0,1.0,1.0,-1.0,1.0,1.0,1.0,-1.0	0.2524672,0.3575219,-0.2023879,-0.1779803,-0.016566886,0.4106431,0.28437686,-0.11626342,0.0034764581,0.4084272,0.26727694,-0.11290475
../data/train_data_mmini/8/Train_0035.jpg	8	-1.0,1.0,-1.0,1.0,1.0,-1.0,-1.0,1.0,1.0,1.0,1.0,-1.0	-0.021066643,0.14354527,-0.09055408,0.13821815,0.07675497,-0.15128042,-0.054900996,0.10755511,0.21584937,0.12002476,0.09526932,-0.29207897
../data/train_data_mmini/8/Train_0036.jpg	8	1.0,1.0,1.0,-1.0,-1.0,-1.0,1.0,1.0,1.0,1.0,1.0,-1.0	0.021925382,0.044173427,0.012679883,-0.11254532,-0.10395457,-0.007487663,0.019531362,0.010636075,0.44044214,0.08848675,0.06668323,-0.047485236
../data/train_data_mmini/8/Train_0037.jpg	8	1.0,-1.0,1.0,1.0,1.0,-1.0,1.0,-1.0,1.0,-1.0,-1.0,1.0	0.10045972,-0.31060302,0.034442224,0.297532,0.059757933,-0.014060386,0.075177185,-0.010194198,0.052721355,-0.09795404,-0.08226806,0.1959246
../data/train_data_mmini/8/Train_0038.jpg	8	-1.0,1.0,-1.0,-1.0,1.0,1.0,1.0,1.0,-1.0,1.0,1.0,-1.0	-0.05906505,0.20959827,-0.1232572,-0.1960737,0.03396152,0.093001895,0.08307467,0.13409773,-0.043858107,0.2618074,0.12374562,-0.12159499
../data/train_data_mmini/8/Train_0039.jpg	8	-1.0,1.0,1.0,1.0,1.0,-1.0,-1.0,1.0,1.0,-1.0,1.0,-1.0	-0.21156316,0.14165908,0.021774972,0.07542268,0.13043593,-0.14070167,-0.2343664,0.056782737,0.42065197,-0.14091054,0.01508087,-0.116961166
../data/train_data_mmini/9/Train_0040.jpg	9	-1.0,-1.0,1.0,1.0,-1.0,1.0,1.0,1.0,-1.0,1.0,-1.0,1.0	-0.009177708,-0.10396799,0.020334909,0.09817865,-0.0061297547,0.023311665,0.13525234,0.05357422,-0.061928686,0.11105593,-0.020202696,0.00136407
../data/train_data_mmini/9/Train_0041.jpg	9	1.0,-1.0,-1.0,-1.0,-1.0,1.0,1.0,-1.0,-1.0,1.0,1.0,1.0	0.054056607,-0.112213366,-0.023920855,-0.115391076,-0.16396786,0.14456294,0.0737224,-0.09537031,-0.061119135,0.064075194,0.051018,0.07007285
../data/train_data_mmini/9/Train_0042.jpg	9	1.0,1.0,-1.0,-1.0,1.0,1.0,1.0,1.0,-1.0,1.0,-1.0,1.0	0.10691347,0.0003638044,-0.07262317,-0.22766796,0.0044963825,0.2792397,0.2627639,0.053351566,-0.21551749,0.15812162,-0.04226762,0.09941856
../data/train_data_mmini/9/Train_0043.jpg	9	-1.0,-1.0,1.0,-1.0,-1.0,-1.0,-1.0,1.0,1.0,1.0,-1.0,-1.0	-0.11165894,-0.14118925,0.007499003,-0.007317216,-0.015357209,-0.08457709,-0.034341134,0.053190634,0.098342866,0.0040747765,-0.06969237,-0.027928617
../data/train_data_mmini/9/Train_0044.jpg	9	-1.0,1.0,-1.0,-1.0,-1.0,-1.0,1.0,1.0,-1.0,1.0,-1.0,1.0	-0.058310233,0.074083515,-0.09234304,-0.28540745,-0.11671944,-0.020291874,0.0688838,0.105236664,-0.076582745,0.0911484,-0.117091775,0.09376646
../data/train_data_mmini/10/Train_0045.jpg	10	1.0,1.0,1.0,-1.0,1.0,1.0,-1.0,-1.0,1.0,-1.0,1.0,1.0	0.151551,0.4369052,0.015136995,-0.112794556,0.22927819,0.11262765,-0.01787299,-0.1283919,0.20793247,-0.064396895,0.20214093,0.0015460951
../data/train_data_mmini/10/Train_0046.jpg	10	1.0,1.0,-1.0,-1.0,-1.0,1.0,-1.0,1.0,-1.0,1.0,-1.0,1.0	0.08167615,0.19808775,-0.15229158,-0.37103644,-0.18814455,0.14180876,-0.10000117,0.07473342,-0.1256476,0.07627409,-0.13925192,0.02367039
../data/train_data_mmini/10/Train_0047.jpg	10	1.0,1.0,-1.0,-1.0,1.0,1.0,1.0,1.0,1.0,1.0,1.0,1.0	0.14245024,0.18956366,-0.040760957,-0.30125985,0.104968175,0.15312658,0.025640756,0.077161595,0.11833803,0.124753736,0.117869854,0.042545285
../data/train_data_mmini/10/Train_0048.jpg	10	-1.0,1.0,-1.0,-1.0,1.0,1.0,1.0,-1.0,1.0,1.0,1.0,-1.0	-0.12826683,1.1969979,-0.29735953,-0.8841316,0.208505,0.28924704,0.21499601,-0.15730765,0.2609031,0.511645,0.5254994,-0.02526024
../data/train_data_mmini/10/Train_0049.jpg	10	-1.0,1.0,-1.0,-1.0,1.0,1.0,1.0,1.0,1.0,1.0,1.0,-1.0	-0.07259298,0.2231023,-0.03907805,-0.04848048,0.10129808,0.029398432,0.004759333,0.09201141,0.11802596,0.075925015,0.035472393,-0.12860915
