../data/train_data_mmini/1/Train_0000.jpg	1	1.0,1.0,-1.0,-1.0,1.0,1.0,-1.0,1.0	1.3738878,0.22839604,-1.9745936,-3.2011073,0.7211313,0.8944168,-0.39528808,0.59864795
../data/train_data_mmini/1/Train_0001.jpg	1	1.0,-1.0,-1.0,-1.0,-1.0,1.0,1.0,-1.0	1.4599593,-1.5674175,-1.2919399,-0.1775734,-2.9403036,3.1121926,0.18982682,-0.28651842
../data/train_data_mmini/1/Train_0002.jpg	1	-1.0,1.0,1.0,-1.0,1.0,1.0,1.0,1.0	-3.0182815,2.2047658,0.24896571,-1.358359,0.76742285,1.1240675,2.3934624,0.32195994
../data/train_data_mmini/1/Train_0003.jpg	1	1.0,1.0,-1.0,-1.0,-1.0,1.0,-1.0,-1.0	1.8312429,0.9700616,-4.2517796,-1.8140742,-0.5683877,1.1977658,-1.2765652,-0.77292347
../data/train_data_mmini/1/Train_0004.jpg	1	1.0,-1.0,-1.0,-1.0,-1.0,-1.0,1.0,1.0	2.6443036,-1.2946897,-1.3904022,-2.7125556,-0.8157789,-0.32813737,0.8502358,0.107391044
../data/train_data_mmini/2/Train_0005.jpg	2	-1.0,1.0,1.0,1.0,-1.0,-1.0,1.0,1.0	-0.96834517,0.52899784,0.27050787,1.367546,-2.0433993,-0.9550647,0.6065322,2.814999
../data/train_data_mmini/2/Train_0006.jpg	2	-1.0,-1.0,1.0,1.0,1.0,-1.0,-1.0,1.0	-0.8021829,-0.39264748,0.62702185,2.8463244,0.75799936,-1.1130166,-0.21447556,0.79021806
../data/train_data_mmini/2/Train_0007.jpg	2	1.0,1.0,-1.0,-1.0,1.0,-1.0,-1.0,1.0	2.591186,0.118466035,-1.6373813,-4.663594,0.5916067,-0.5946122,-2.4951396,0.6904419
../data/train_data_mmini/2/Train_0008.jpg	2	-1.0,-1.0,1.0,-1.0,-1.0,-1.0,1.0,1.0	-0.37388352,-1.9365927,2.4275775,-1.529224,-0.9992572,-2.3119328,1.8518614,0.63697916
../data/train_data_mmini/2/Train_0009.jpg	2	1.0,-1.0,-1.0,1.0,-1.0,1.0,-1.0,1.0	0.4435602,-1.2563599,-1.2047604,0.24359198,-0.057563327,0.6140599,-1.5663958,3.3475018
../data/train_data_mmini/3/Train_0010.jpg	3	1.0,-1.0,1.0,1.0,-1.0,1.0,-1.0,1.0	2.1901388,-3.6395676,1.5477223,1.9578122,-3.9015934,0.7714744,-0.5869458,2.3985548
../data/train_data_mmini/3/Train_0011.jpg	3	-1.0,1.0,1.0,-1.0,-1.0,1.0,1.0,1.0	-1.20217,0.47012815,1.5417316,-1.4567372,-0.81301695,3.0864747,3.8753352,2.0555656
../data/train_data_mmini/3/Train_0012.jpg	3	-1.0,-1.0,-1.0,1.0,1.0,1.0,1.0,1.0	-0.89190656,-0.21067916,-2.4765036,1.1972785,1.2787149,4.6137953,3.1819859,1.217518
../data/train_data_mmini/3/Train_0013.jpg	3	-1.0,-1.0,1.0,1.0,-1.0,-1.0,1.0,1.0	-2.6302404,-1.7324802,1.7038722,3.0198953,-1.0475316,-0.29343826,1.6011844,0.701549
../data/train_data_mmini/3/Train_0014.jpg	3	-1.0,-1.0,1.0,1.0,-1.0,-1.0,1.0,1.0	-0.119998135,-0.9968844,1.5214764,0.7152103,-3.4063134,-1.3532135,1.0887057,2.196126
../data/train_data_mmini/4/Train_0015.jpg	4	-1.0,-1.0,-1.0,-1.0,1.0,1.0,1.0,1.0	-0.5963545,-0.6964001,-0.04897329,-1.7572936,2.564599,0.3749757,3.5082853,0.8731111
../data/train_data_mmini/4/Train_0016.jpg	4	-1.0,1.0,-1.0,1.0,-1.0,1.0,1.0,1.0	-2.6196933,2.395488,-1.0689034,0.21776563,-2.7102332,1.3619369,0.9184443,0.43040428
../data/train_data_mmini/4/Train_0017.jpg	4	-1.0,1.0,-1.0,1.0,1.0,1.0,1.0,1.0	-3.2090418,1.5122646,-0.10664148,3.266087,0.39317787,2.6051807,2.5762477,0.3446288
../data/train_data_mmini/4/Train_0018.jpg	4	-1.0,-1.0,1.0,-1.0,-1.0,-1.0,1.0,1.0	-0.07060525,-0.6780727,1.4117796,-0.6420144,-2.0554516,-0.19495437,0.6147783,3.6421611
../data/train_data_mmini/4/Train_0019.jpg	4	-1.0,1.0,1.0,1.0,1.0,-1.0,1.0,-1.0	-2.382837,0.13029708,0.43331718,4.3557677,0.60245484,-1.5407912,0.8928652,-0.9656193
../data/train_data_mmini/5/Train_0020.jpg	5	1.0,1.0,-1.0,-1.0,-1.0,-1.0,-1.0,-1.0	1.4193641,0.14352408,-2.866332,-1.8674315,-1.8221949,-0.5142369,-1.8652236,-2.1278384
../data/train_data_mmini/5/Train_0021.jpg	5	1.0,-1.0,-1.0,-1.0,-1.0,-1.0,1.0,-1.0	0.63993055,-0.9252018,-0.9113161,-1.6609197,-0.85897034,-1.8106297,3.8500097,-1.1763641
../data/train_data_mmini/5/Train_0022.jpg	5	1.0,-1.0,-1.0,-1.0,1.0,-1.0,-1.0,1.0	1.4297379,-1.6960118,-0.2646386,-1.6656361,0.75375473,-1.4043192,-3.0140426,1.2141559
../data/train_data_mmini/5/Train_0023.jpg	5	1.0,-1.0,-1.0,-1.0,-1.0,-1.0,-1.0,-1.0	2.6720781,-0.5933339,-3.544131,-3.032009,-0.30444816,-0.05974228,-2.3288078,-1.0167438
../data/train_data_mmini/5/Train_0024.jpg	5	1.0,1.0,-1.0,-1.0,1.0,1.0,1.0,1.0	1.3857169,0.21806121,-1.9876214,-2.9686108,0.8132264,1.3759854,1.0284107,2.189495
../data/train_data_mmini/6/Train_0025.jpg	6	-1.0,1.0,-1.0,1.0,-1.0,1.0,1.0,1.0	-2.1233358,1.957156,-0.26313466,3.4964268,-0.054303914,1.8833847,0.43976554,2.0013423
../data/train_data_mmini/6/Train_0026.jpg	6	1.0,1.0,-1.0,-1.0,-1.0,1.0,-1.0,1.0	2.4629557,0.21078137,-0.47711387,-0.96792537,-2.8598058,1.7147728,-1.0825707,1.3674787
../data/train_data_mmini/6/Train_0027.jpg	6	1.0,-1.0,1.0,1.0,-1.0,1.0,-1.0,1.0	0.21782383,-1.3563858,0.9316947,1.6966101,-2.959654,2.3536696,-0.11691769,2.6629164
../data/train_data_mmini/6/Train_0028.jpg	6	-1.0,1.0,1.0,-1.0,-1.0,-1.0,1.0,1.0	-0.72836876,0.8241876,2.553355,-2.7436323,-2.9076295,-0.46350673,0.73279786,1.3967124
../data/train_data_mmini/6/Train_0029.jpg	6	-1.0,-1.0,-1.0,1.0,1.0,1.0,1.0,1.0	-2.2754912,-0.50964755,-1.0555595,2.6093125,1.8362154,1.8776733,0.33392683,3.7663202
../data/train_data_mmini/7/Train_0030.jpg	7	-1.0,1.0,-1.0,1.0,1.0,1.0,-1.0,1.0	-1.3551452,0.9217012,-1.6214608,1.0953335,1.4344913,0.65717566,-1.0065771,1.7607865
../data/train_data_mmini/7/Train_0031.jpg	7	-1.0,-1.0,1.0,1.0,-1.0,-1.0,-1.0,1.0	-1.2680817,-0.3775609,0.049932707,2.1757112,-3.598101,-0.408883,-0.7228738,1.8446914
../data/train_data_mmini/7/Train_0032.jpg	7	-1.0,-1.0,1.0,1.0,-1.0,1.0,1.0,1.0	-1.5941833,-1.1392752,1.9317256,1.6919973,-4.17143,0.82597744,3.8193064,2.1405385
../data/train_data_mmini/7/Train_0033.jpg	7	1.0,1.0,-1.0,1.0,-1.0,1.0,-1.0,1.0	1.0470371,0.06841281,-0.74536955,0.37915307,-0.43885675,2.0600333,-2.0034363,3.706033
../data/train_data_mmini/7/Train_0034.jpg	7	1.0,-1.0,1.0,-1.0,-1.0,1.0,1.0,1.0	0.4747822,-0.049641073,2.363783,-1.1036888,-4.413402,0.968311,3.3028293,2.7722242
../data/train_data_mmini/8/Train_0035.jpg	8	-1.0,-1.0,1.0,1.0,1.0,1.0,-1.0,1.0	-0.25931424,-2.8085938,1.5258607,0.5187355,1.0596634,0.8393879,-0.80798125,5.278806
../data/train_data_mmini/8/Train_0036.jpg	8	-1.0,1.0,1.0,1.0,-1.0,1.0,-1.0,1.0	-1.7472557,1.0197197,1.7955662,0.83188057,-0.2924314,0.20332639,-2.190019,5.4994936
../data/train_data_mmini/8/Train_0037.jpg	8	-1.0,1.0,1.0,-1.0,-1.0,1.0,1.0,1.0	-0.57179177,0.54763806,0.92969996,-0.5531737,-2.908711,2.5576968,2.4390302,3.1118104
../data/train_data_mmini/8/Train_0038.jpg	8	-1.0,-1.0,1.0,1.0,-1.0,1.0,-1.0,1.0	-1.2449309,-1.6550733,0.12851629,0.8687918,-0.77776784,0.1102125,-0.13737483,2.1682189
../data/train_data_mmini/8/Train_0039.jpg	8	-1.0,-1.0,1.0,1.0,1.0,1.0,-1.0,1.0	-1.1098946,-2.065623,1.5709327,1.1357272,2.205975,2.3396697,-0.5345522,6.597866
../data/train_data_mmini/9/Train_0040.jpg	9	1.0,-1.0,-1.0,-1.0,1.0,-1.0,1.0,1.0	0.5475123,-0.6126943,-0.7977599,-2.2367392,1.4311432,-0.025932493,2.3315046,0.24524035
../data/train_data_mmini/9/Train_0041.jpg	9	-1.0,-1.0,1.0,1.0,-1.0,1.0,-1.0,1.0	-0.3251748,-0.33895385,1.0828433,1.1440179,-4.93817,0.73274946,-1.7906187,2.3983579
../data/train_data_mmini/9/Train_0042.jpg	9	1.0,-1.0,-1.0,-1.0,1.0,1.0,1.0,-1.0	0.09847214,-0.5851518,-0.16937679,-2.2777212,0.40462458,0.96954143,5.395691,-0.17003232
../data/train_data_mmini/9/Train_0043.jpg	9	1.0,-1.0,1.0,-1.0,1.0,-1.0,-1.0,1.0	0.17577544,-2.0106437,1.305487,-0.73579514,0.69802773,-2.8159018,-0.82016397,1.245965
../data/train_data_mmini/9/Train_0044.jpg	9	-1.0,-1.0,-1.0,1.0,1.0,1.0,1.0,1.0	-1.5047652,-0.7678393,-2.0366056,3.314906,1.7657129,1.9430139,1.8076012,0.29754522
../data/train_data_mmini/10/Train_0045.jpg	10	-1.0,-1.0,1.0,1.0,-1.0,1.0,-1.0,1.0	-0.80740774,-2.3409386,1.9026755,2.2045448,-0.053507857,1.9690738,-0.37279478,6.261037
../data/train_data_mmini/10/Train_0046.jpg	10	-1.0,-1.0,-1.0,1.0,1.0,1.0,1.0,1.0	-1.5089048,-0.674049,-0.5110231,2.1012766,0.74485046,3.2241333,4.051554,1.3346535
../data/train_data_mmini/10/Train_0047.jpg	10	-1.0,-1.0,1.0,1.0,-1.0,1.0,1.0,1.0	-2.4136276,-0.54215896,2.6340394,2.5292735,-1.5905967,0.040399224,1.8181018,5.0180554
../data/train_data_mmini/10/Train_0048.jpg	10	-1.0,-1.0,-1.0,1.0,1.0,1.0,1.0,1.0	-2.4160655,-0.9840643,-0.056993764,4.0834327,1.931805,1.4459263,0.25660613,4.705196
../data/train_data_mmini/10/Train_0049.jpg	10	-1.0,-1.0,1.0,1.0,1.0,1.0,1.0,1.0	-0.68856466,-2.5697694,2.0012028,1.4376001,0.6398863,2.147763,0.61292577,5.1821833
