../data/train_data_mmini/1/Train_0000.jpg	1	-1.0,-1.0,1.0,1.0,-1.0,-1.0,-1.0,1.0,1.0,-1.0,1.0,-1.0	-2.9270105,-0.32247806,0.24416819,0.0020101923,-1.8512005,-0.10231879,-2.2541494,1.9837315,1.9491065,-0.721785,2.9059856,-0.61037225
../data/train_data_mmini/1/Train_0001.jpg	1	-1.0,1.0,-1.0,1.0,-1.0,1.0,1.0,-1.0,1.0,1.0,1.0,1.0	-0.7269409,0.92015404,-0.9708494,2.0763388,-2.9285233,1.0412997,1.663849,-1.95925,2.5329773,1.1997975,1.6314207,0.07551274
../data/train_data_mmini/1/Train_0002.jpg	1	-1.0,-1.0,-1.0,1.0,-1.0,-1.0,-1.0,-1.0,1.0,-1.0,1.0,-1.0	-1.0012949,-1.145059,-2.8400161,0.32234353,-1.9420863,-0.518013,-0.22268009,-1.6008312,2.3155894,-0.5304704,0.37959665,-2.5598297
../data/train_data_mmini/1/Train_0003.jpg	1	-1.0,1.0,1.0,1.0,-1.0,-1.0,-1.0,1.0,1.0,1.0,1.0,1.0	-2.8389456,0.34545898,1.7055899,3.0137792,-2.317993,-0.9156979,-4.456507,1.2499018,2.0432446,0.71345913,2.4136035,0.8170322
../data/train_data_mmini/1/Train_0004.jpg	1	-1.0,-1.0,1.0,1.0,1.0,-1.0,1.0,1.0,1.0,1.0,1.0,1.0	-2.468284,-0.077461295,0.26827362,0.6968998,0.77228373,-0.22945076,1.1306756,2.6808634,2.0581846,1.4746821,2.1161778,1.6864283
../data/train_data_mmini/2/Train_0005.jpg	2	1.0,-1.0,1.0,-1.0,1.0,-1.0,1.0,-1.0,-1.0,-1.0,1.0,-1.0	0.8165525,-0.70054907,1.491502,-0.025390182,2.040854,-1.2763388,2.9474072,-3.0879662,-0.21223648,-0.22888412,0.39841008,-1.3482168
../data/train_data_mmini/2/Train_0006.jpg	2	-1.0,-1.0,-1.0,-1.0,-1.0,-1.0,-1.0,1.0,-1.0,-1.0,-1.0,-1.0	-3.3246746,-0.004366668,-2.1648881,-1.3604618,-0.82374907,-1.5102985,-0.5422963,0.95278776,-1.0615438,-3.096378,-3.5604672,-1.3003844
../data/train_data_mmini/2/Train_0007.jpg	2	-1.0,1.0,1.0,-1.0,-1.0,-1.0,-1.0,1.0,1.0,-1.0,1.0,1.0	-5.1399364,1.0595039,1.3943583,-0.24365595,-0.21194677,-1.5768166,-0.603811,1.3411965,1.6048311,-0.515897,4.1811204,0.7621372
../data/train_data_mmini/2/Train_0008.jpg	2	-1.0,-1.0,-1.0,-1.0,1.0,-1.0,1.0,1.0,-1.0,1.0,1.0,-1.0	-0.57592577,-0.1695591,-1.7571563,-3.149996,2.9211824,-0.744848,2.3166006,1.3175114,-0.9523599,0.9677681,0.4728685,-0.76271284
../data/train_data_mmini/2/Train_0009.jpg	2	-1.0,1.0,1.0,1.0,1.0,1.0,-1.0,1.0,-1.0,-1.0,-1.0,1.0	-0.5800559,1.231794,3.5276804,0.117285125,1.0147173,1.894902,-1.7916685,1.1628399,-1.3031069,-3.4115162,-0.2745555,2.6619537
../data/train_data_mmini/3/Train_0010.jpg	3	1.0,1.0,-1.0,1.0,1.0,1.0,1.0,-1.0,-1.0,-1.0,1.0,1.0	0.18733579,0.38721395,-1.5675298,1.1544298,2.5169785,0.68145037,2.1746945,-1.548865,-0.98972493,-1.32302,0.8410384,2.9240286
../data/train_data_mmini/3/Train_0011.jpg	3	-1.0,-1.0,-1.0,1.0,-1.0,-1.0,1.0,-1.0,1.0,-1.0,1.0,1.0	-0.9078419,-0.72653645,-6.2292933,1.1540021,-0.2254298,-0.5069719,0.7798898,-1.0988607,1.7774513,-2.2120562,0.56902814,0.86264884
../data/train_data_mmini/3/Train_0012.jpg	3	1.0,1.0,-1.0,1.0,-1.0,-1.0,1.0,-1.0,1.0,-1.0,-1.0,-1.0	0.85705876,1.0780782,-0.9279424,3.587392,-4.136932,-0.30109245,1.4025805,-0.2847048,4.102246,-1.3457594,-0.04727274,-0.539966
../data/train_data_mmini/3/Train_0013.jpg	3	1.0,1.0,-1.0,1.0,-1.0,-1.0,1.0,1.0,1.0,-1.0,-1.0,-1.0	0.31179002,0.67392725,-0.9572837,0.7223805,-1.365116,-1.1047791,1.2489758,0.8015764,0.17043436,-2.502933,-3.3976226,-2.6691928
../data/train_data_mmini/3/Train_0014.jpg	3	-1.0,-1.0,-1.0,-1.0,1.0,-1.0,1.0,-1.0,-1.0,-1.0,-1.0,1.0	-1.3009056,-0.26361868,-2.7805507,-0.34704253,2.2278936,-0.9722789,0.8395773,-0.42532444,-0.9787859,-1.6067374,-1.0281514,0.8352114
../data/train_data_mmini/4/Train_0015.jpg	4	1.0,-1.0,1.0,1.0,-1.0,-1.0,1.0,1.0,1.0,-1.0,1.0,-1.0	0.31642857,-0.116141275,0.21334429,1.4219136,-0.63007224,-2.0633047,1.1514776,2.992712,2.962261,-0.23901848,1.0310545,-1.8079762
../data/train_data_mmini/4/Train_0016.jpg	4	1.0,-1.0,-1.0,1.0,1.0,-1.0,-1.0,-1.0,1.0,1.0,1.0,-1.0	0.3511987,-0.27204558,-0.65781915,0.4448046,0.06689437,-2.8175228,-1.156116,-3.8378499,0.5510879,0.8727163,0.39266494,-1.2887853
../data/train_data_mmini/4/Train_0017.jpg	4	1.0,-1.0,-1.0,1.0,-1.0,-1.0,-1.0,-1.0,1.0,-1.0,-1.0,1.0	1.1301359,-0.23477505,-1.4192593,0.06696319,-2.76551,-1.1549321,-0.25283244,-2.6991062,1.077485,-0.83477813,-2.6145432,0.14111102
../data/train_data_mmini/4/Train_0018.jpg	4	-1.0,1.0,-1.0,1.0,1.0,-1.0,1.0,-1.0,-1.0,-1.0,1.0,1.0	-0.57423544,0.31429443,-1.3892063,1.0102586,3.2782416,-1.3788009,1.0739356,-1.312733,-0.56262714,-1.5928061,1.3125656,0.2771209
../data/train_data_mmini/4/Train_0019.jpg	4	-1.0,1.0,-1.0,1.0,-1.0,-1.0,1.0,-1.0,1.0,-1.0,-1.0,-1.0	-1.5695225,0.9942431,-0.6462491,1.3571597,-1.6841471,-2.3207834,1.1080041,-0.27165288,0.6060748,-0.28740317,-4.8011317,-0.49701384
../data/train_data_mmini/5/Train_0020.jpg	5	-1.0,1.0,1.0,-1.0,-1.0,1.0,1.0,-1.0,1.0,1.0,1.0,-1.0	-2.505008,1.4368387,1.8743818,-0.00053739967,-0.9034047,0.22912633,0.9565046,-2.2331452,0.9803107,4.145481,2.3141627,-0.008575277
../data/train_data_mmini/5/Train_0021.jpg	5	-1.0,-1.0,-1.0,-1.0,1.0,1.0,-1.0,1.0,-1.0,1.0,-1.0,-1.0	-0.48925835,-2.3423092,-0.10028052,-2.0050945,0.26404724,2.4477594,-3.105174,5.6262646,-1.141254,0.73540473,-0.63071406,-0.9776379
../data/train_data_mmini/5/Train_0022.jpg	5	-1.0,1.0,1.0,-1.0,-1.0,-1.0,1.0,1.0,1.0,-1.0,1.0,1.0	-3.967565,1.8899003,1.6005943,-1.0289897,-0.6706561,-0.3562676,0.9222506,1.5029817,0.8611348,-1.6731354,2.408557,0.19668916
../data/train_data_mmini/5/Train_0023.jpg	5	-1.0,1.0,1.0,1.0,1.0,1.0,-1.0,1.0,-1.0,1.0,1.0,1.0	-4.4708996,2.8175364,0.3210415,1.6379505,0.0154078575,0.042338125,-2.4490206,2.0309353,-0.24331334,1.4450084,3.1626377,1.2575328
../data/train_data_mmini/5/Train_0024.jpg	5	-1.0,-1.0,1.0,1.0,-1.0,1.0,-1.0,1.0,1.0,-1.0,1.0,-1.0	-2.000597,-1.9044901,1.900085,1.702094,-0.6146722,0.20300558,-0.4266467,2.7766018,3.0373297,-0.87253016,2.4146118,-0.048683662
../data/train_data_mmini/6/Train_0025.jpg	6	1.0,-1.0,-1.0,1.0,-1.0,-1.0,-1.0,-1.0,1.0,-1.0,-1.0,-1.0	0.17942593,-2.710752,-0.54677874,2.3667104,-1.6511751,-1.346001,-1.459043,-1.9735032,1.069873,-4.973953,-1.2310461,-0.73890066
../data/train_data_mmini/6/Train_0026.jpg	6	-1.0,-1.0,1.0,1.0,-1.0,-1.0,1.0,-1.0,1.0,-1.0,-1.0,1.0	-2.5541978,-1.5246271,3.2754607,1.9988697,-0.92248935,-1.3326426,1.1381536,-0.7648984,2.3182747,-0.13027982,-0.65850455,5.3105545
../data/train_data_mmini/6/Train_0027.jpg	6	1.0,1.0,-1.0,1.0,1.0,-1.0,1.0,-1.0,-1.0,-1.0,1.0,1.0	0.942752,0.2538738,-3.4375699,1.8708065,2.0210655,-0.8037286,0.42822003,-2.6203332,-0.57513714,-2.8066347,0.7327887,2.1530554
../data/train_data_mmini/6/Train_0028.jpg	6	-1.0,-1.0,-1.0,-1.0,1.0,-1.0,-1.0,-1.0,1.0,-1.0,1.0,1.0	-2.0265298,-0.87413085,-3.7962456,-1.1641278,0.71399564,-0.39518362,-0.38044935,-1.0116258,0.594236,-1.4331183,0.9442567,1.177457
../data/train_data_mmini/6/Train_0029.jpg	6	1.0,-1.0,1.0,1.0,-1.0,1.0,-1.0,1.0,1.0,-1.0,-1.0,-1.0	1.9692744,-1.9486841,2.667212,1.1785601,-0.6513258,1.3800725,-0.363135,1.3082875,0.97057414,-5.9904,-0.5392982,-0.6719402
../data/train_data_mmini/7/Train_0030.jpg	7	-1.0,-1.0,1.0,-1.0,-1.0,-1.0,-1.0,-1.0,1.0,-1.0,-1.0,-1.0	-0.7121203,-0.17485733,3.2729805,-1.0661432,-0.8130759,-1.5230504,-1.0027815,-0.64482737,0.3289917,-2.7869065,-0.4076415,-0.5291273
../data/train_data_mmini/7/Train_0031.jpg	7	1.0,-1.0,1.0,-1.0,-1.0,1.0,-1.0,-1.0,-1.0,-1.0,-1.0,1.0	1.4942628,-0.53336304,2.5592103,-2.085371,-0.5596156,2.2408998,-1.480196,-0.8965217,-1.9994549,-1.4561698,-2.4399195,0.059860785
../data/train_data_mmini/7/Train_0032.jpg	7	1.0,-1.0,-1.0,1.0,1.0,-1.0,1.0,-1.0,-1.0,-1.0,-1.0,1.0	2.436981,-1.8136272,-4.211695,1.1640632,1.2983856,-0.29929844,0.96050054,-2.0704954,-0.36944252,-1.7647537,-1.3989199,1.2526128
../data/train_data_mmini/7/Train_0033.jpg	7	-1.0,1.0,1.0,1.0,-1.0,-1.0,1.0,-1.0,1.0,-1.0,1.0,1.0	-2.4139814,0.7721527,0.7781789,0.6570511,-0.4174748,-0.59945625,0.48469388,-2.0391064,1.3385891,-3.5134099,1.3315768,2.4109488
../data/train_data_mmini/7/Train_0034.jpg	7	-1.0,-1.0,-1.0,1.0,1.0,-1.0,1.0,-1.0,1.0,-1.0,1.0,1.0	-0.8563396,-1.730837,-7.6579404,0.869877,2.2528095,-0.005221553,0.474697,-2.360584,0.5990612,-1.7841564,1.5285279,1.3902944
../data/train_data_mmini/8/Train_0035.jpg	8	1.0,-1.0,1.0,-1.0,1.0,1.0,1.0,1.0,-1.0,-1.0,1.0,-1.0	0.42750394,-0.00037704594,1.5160316,-0.27911466,0.76601595,1.7206091,0.40490988,2.0030692,-0.1479997,-5.8656573,1.4335289,-1.2058676
../data/train_data_mmini/8/Train_0036.jpg	8	-1.0,-1.0,1.0,-1.0,-1.0,-1.0,-1.0,-1.0,1.0,-1.0,1.0,-1.0	-0.64220524,-1.931515,1.9987947,-1.0093765,-0.23360845,-1.1484056,-0.3643166,-3.276814,0.13611484,-5.5862865,0.55899465,-1.8557262
../data/train_data_mmini/8/Train_0037.jpg	8	1.0,-1.0,-1.0,-1.0,1.0,1.0,1.0,-1.0,1.0,-1.0,1.0,1.0	1.5146735,-4.72013,-0.48496,-0.73762536,1.957688,1.1200725,0.8679494,-2.8975506,0.4920596,-1.0842965,0.54497695,3.1460514
../data/train_data_mmini/8/Train_0038.jpg	8	1.0,-1.0,1.0,-1.0,1.0,1.0,-1.0,1.0,-1.0,-1.0,1.0,-1.0	3.6566172,-0.6330455,1.4916102,-1.4253293,0.023866232,1.8970238,-0.49551764,0.587022,-0.3972287,-1.6149756,1.7968549,-1.8296372
../data/train_data_mmini/8/Train_0039.jpg	8	1.0,-1.0,1.0,1.0,-1.0,1.0,1.0,1.0,1.0,-1.0,1.0,-1.0	1.0183992,-1.7791815,2.6786156,0.3561936,-0.79476917,2.1714742,1.0299774,1.3224449,1.1961753,-8.254035,0.8011834,-1.3646929
../data/train_data_mmini/9/Train_0040.jpg	9	-1.0,-1.0,1.0,-1.0,1.0,-1.0,1.0,1.0,1.0,1.0,1.0,-1.0	-1.0153587,-2.7589777,3.0962057,-0.2803583,0.6688448,-0.3518411,2.000173,1.4250051,2.1504421,0.4738531,1.0156354,-0.5805999
../data/train_data_mmini/9/Train_0041.jpg	9	1.0,1.0,-1.0,1.0,-1.0,1.0,1.0,-1.0,1.0,-1.0,1.0,1.0	0.13973784,0.17456357,-1.1145316,0.04963966,-0.14633101,2.6255386,2.192302,-5.1989856,0.07775153,-1.616594,1.8684732,0.34753466
../data/train_data_mmini/9/Train_0042.jpg	9	1.0,-1.0,-1.0,1.0,1.0,-1.0,1.0,1.0,1.0,1.0,1.0,-1.0	1.3381864,-1.1235403,-1.8686998,2.2157838,0.6720477,-1.2562541,2.2180595,2.3953958,3.155565,2.1696696,1.6753811,-1.1860911
../data/train_data_mmini/9/Train_0043.jpg	9	-1.0,-1.0,1.0,-1.0,1.0,1.0,1.0,1.0,-1.0,-1.0,-1.0,-1.0	-2.154394,-0.07721563,1.6305526,-2.241777,2.0349567,0.12182642,1.5856767,0.98949456,-1.5135517,-1.3220669,-0.2458039,-1.7554088
../data/train_data_mmini/9/Train_0044.jpg	9	1.0,1.0,1.0,1.0,-1.0,1.0,-1.0,1.0,1.0,-1.0,-1.0,-1.0	2.9672625,0.36315128,2.592155,2.6170382,-2.1789854,0.13816315,-0.2975734,1.9793876,1.6561041,-1.9513682,-1.5632432,-0.4234103
../data/train_data_mmini/10/Train_0045.jpg	10	1.0,-1.0,1.0,1.0,1.0,1.0,1.0,-1.0,1.0,-1.0,1.0,1.0	3.9287176,-2.085682,0.66716844,1.978305,1.5734292,1.1387572,2.5255034,-1.1959857,0.31028706,-8.638809,0.9084639,0.8912446
../data/train_data_mmini/10/Train_0046.jpg	10	1.0,-1.0,-1.0,1.0,1.0,-1.0,1.0,-1.0,1.0,-1.0,-1.0,1.0	3.3316145,-0.5841499,-2.8462625,2.1466613,0.4459923,-0.62539744,0.83561647,-0.23988144,0.10570568,-2.6276588,-1.4837629,0.892408
../data/train_data_mmini/10/Train_0047.jpg	10	1.0,-1.0,1.0,-1.0,1.0,1.0,1.0,1.0,-1.0,-1.0,-1.0,1.0	2.5603595,-5.586327,0.47204998,-1.4713644,1.8506624,0.63423187,1.0722637,0.21331128,-0.74068326,-4.64318,-1.828866,0.0135263745
../data/train_data_mmini/10/Train_0048.jpg	10	1.0,1.0,1.0,1.0,-1.0,1.0,1.0,-1.0,1.0,-1.0,1.0,-1.0	4.899181,0.54807913,2.1507862,3.0290194,-0.6201163,0.1704331,1.7024852,-0.034666523,0.4514715,-7.3655925,0.044039898,-3.2046015
../data/train_data_mmini/10/Train_0049.jpg	10	1.0,-1.0,1.0,-1.0,1.0,1.0,1.0,1.0,1.0,-1.0,1.0,1.0	2.51633,-3.8911128,1.7703389,-1.1590296,0.8773127,3.8638852,1.780811,1.5909382,0.15304981,-5.6037536,0.96036863,0.7492445
