../data/train_data_mmini/1/Train_0000.jpg	1	-1.0,-1.0,-1.0,1.0,-1.0,-1.0,1.0,-1.0,1.0,1.0,1.0,1.0,1.0,-1.0,-1.0,1.0,-1.0,1.0,-1.0,1.0,1.0,-1.0,-1.0,-1.0	-3.6118476,-6.118228,-4.6040583,5.6163135,-2.3393824,-8.62496,0.15926057,-2.4121854,7.878069,4.016212,5.118192,5.593989,9.423261,-12.655725,-1.9183087,8.373388,-2.085312,4.1800523,-2.4470205,7.3500743,2.1638262,-3.089225,-1.7201037,-5.175842
../data/train_data_mmini/1/Train_0001.jpg	1	-1.0,-1.0,-1.0,1.0,-1.0,-1.0,1.0,-1.0,1.0,1.0,1.0,1.0,1.0,-1.0,-1.0,1.0,-1.0,1.0,-1.0,1.0,1.0,-1.0,-1.0,-1.0	-3.0894125,-5.0782933,-4.159067,4.7698174,-1.9726735,-7.4003434,0.30396843,-2.200566,6.692712,3.4323938,4.1629314,4.9215794,8.222403,-10.932894,-1.4040564,7.2836733,-1.7293751,3.5134957,-2.060304,6.483853,1.9221494,-2.699688,-1.5018024,-4.263682
../data/train_data_mmini/1/Train_0002.jpg	1	-1.0,-1.0,-1.0,1.0,-1.0,-1.0,1.0,-1.0,1.0,1.0,1.0,1.0,1.0,-1.0,-1.0,1.0,-1.0,1.0,-1.0,1.0,1.0,-1.0,-1.0,-1.0	-2.486524,-4.1723146,-3.3328705,3.9655228,-1.5003148,-6.0982766,0.15244392,-1.4481995,5.680802,3.1101642,3.5796711,3.8431005,6.7310224,-8.986807,-1.2454793,5.8428,-1.5367776,3.032014,-1.518224,5.0587687,1.7110662,-2.2907221,-1.3614119,-3.5726643
../data/train_data_mmini/1/Train_0003.jpg	1	-1.0,-1.0,-1.0,1.0,-1.0,-1.0,1.0,-1.0,1.0,1.0,1.0,1.0,1.0,-1.0,-1.0,1.0,-1.0,1.0,-1.0,1.0,1.0,-1.0,-1.0,-1.0	-3.7948754,-6.3235936,-4.6668057,5.7002726,-2.402013,-8.898276,0.018937921,-2.3749967,7.9896836,4.062089,5.3107514,5.769379,9.540835,-12.970084,-2.0923293,8.476636,-2.1780055,4.2145953,-2.5780275,7.438981,2.20365,-3.0975456,-1.8182509,-5.293643
../data/train_data_mmini/1/Train_0004.jpg	1	-1.0,-1.0,-1.0,1.0,-1.0,-1.0,-1.0,-1.0,1.0,1.0,1.0,1.0,1.0,-1.0,-1.0,1.0,-1.0,1.0,-1.0,1.0,1.0,-1.0,-1.0,-1.0	-3.6975763,-6.2729554,-4.5440917,5.5089555,-2.334424,-8.604359,-0.08601661,-2.4376597,7.838968,3.882789,5.2596765,5.40199,9.210031,-12.730381,-2.14192,8.410388,-2.0450444,4.022113,-2.6193585,7.200414,2.1138775,-3.00855,-1.7323248,-5.2231555
../data/train_data_mmini/2/Train_0005.jpg	2	-1.0,-1.0,-1.0,1.0,-1.0,-1.0,-1.0,-1.0,1.0,1.0,1.0,1.0,1.0,-1.0,-1.0,1.0,-1.0,1.0,-1.0,1.0,1.0,-1.0,-1.0,-1.0	-2.7707963,-4.585188,-3.4046385,4.0083823,-1.7772915,-6.3671913,-0.30798733,-1.7694167,6.103722,2.9991004,4.018268,4.1803355,7.084786,-10.031669,-1.674075,6.4511547,-1.661298,3.161885,-2.0730524,5.4271746,1.6891313,-2.4745572,-1.4386085,-4.138365
../data/train_data_mmini/2/Train_0006.jpg	2	-1.0,-1.0,-1.0,1.0,-1.0,-1.0,1.0,-1.0,1.0,1.0,1.0,1.0,1.0,-1.0,-1.0,1.0,-1.0,1.0,-1.0,1.0,1.0,-1.0,-1.0,-1.0	-2.490387,-4.180948,-4.121636,4.1554255,-1.7283407,-6.611697,0.80464214,-2.1464937,6.225475,3.0747132,3.3998253,4.238154,7.487336,-9.922414,-0.6664161,6.723747,-1.4720823,3.46672,-1.8850837,5.9935975,1.8618349,-2.6053092,-1.3110851,-3.9227254
../data/train_data_mmini/2/Train_0007.jpg	2	-1.0,-1.0,-1.0,1.0,-1.0,-1.0,-1.0,-1.0,1.0,1.0,1.0,1.0,1.0,-1.0,-1.0,1.0,-1.0,1.0,-1.0,1.0,1.0,-1.0,-1.0,-1.0	-4.253501,-7.2193794,-5.187431,6.4071784,-2.4984977,-9.918305,-0.50063854,-2.4469998,9.119523,4.4477987,6.4450445,6.2769313,10.537733,-14.892376,-2.587894,9.54738,-2.5147595,4.6774726,-3.162477,7.955744,2.5092826,-3.5057614,-2.1093988,-6.2514606
../data/train_data_mmini/2/Train_0008.jpg	2	-1.0,-1.0,-1.0,1.0,-1.0,-1.0,-1.0,-1.0,1.0,1.0,1.0,1.0,1.0,-1.0,-1.0,1.0,-1.0,1.0,-1.0,1.0,1.0,-1.0,-1.0,-1.0	-2.7624311,-4.6671867,-3.4902506,4.1962156,-1.941081,-6.606545,-0.28363156,-2.0383148,6.1924396,3.1099477,4.3161545,4.181113,7.378454,-10.303925,-1.663424,6.58743,-1.6121025,3.2307358,-2.1697347,5.3783164,1.6491543,-2.39967,-1.4754126,-4.1574206
../data/train_data_mmini/2/Train_0009.jpg	2	-1.0,-1.0,-1.0,1.0,-1.0,-1.0,1.0,-1.0,1.0,1.0,1.0,1.0,1.0,-1.0,-1.0,1.0,-1.0,1.0,-1.0,1.0,1.0,-1.0,-1.0,-1.0	-3.9985123,-6.69511,-5.1593423,6.2393265,-2.512439,-9.476073,0.30674222,-2.6871915,8.645444,4.264412,5.3369355,6.1842513,10.30417,-13.675438,-2.003986,9.225181,-2.427871,4.4953046,-2.5919716,8.191485,2.5077803,-3.2505896,-1.7911983,-5.7851806
../data/train_data_mmini/3/Train_0010.jpg	3	-1.0,-1.0,-1.0,1.0,-1.0,-1.0,-1.0,-1.0,1.0,1.0,1.0,1.0,1.0,-1.0,-1.0,1.0,-1.0,1.0,-1.0,1.0,1.0,-1.0,-1.0,-1.0	-2.1370656,-3.2143195,-2.9220622,3.209305,-1.3034732,-5.5624814,-0.4513499,-1.2933807,4.8370047,2.6907222,3.4872332,3.5485797,5.7906146,-8.227911,-1.0990872,4.861814,-1.2759566,2.3880312,-1.8491776,4.256608,1.4416323,-1.8348695,-1.3025866,-2.9515479
../data/train_data_mmini/3/Train_0011.jpg	3	-1.0,-1.0,-1.0,1.0,-1.0,-1.0,1.0,-1.0,1.0,1.0,1.0,1.0,1.0,-1.0,-1.0,1.0,-1.0,1.0,-1.0,1.0,1.0,-1.0,-1.0,-1.0	-2.2360525,-4.2674756,-3.0034842,3.8509386,-1.4313257,-5.5119367,0.39055142,-1.761435,5.090231,2.6328175,3.04342,3.4625766,6.218987,-7.840205,-1.4600956,5.6830125,-1.2806327,2.5887504,-1.4134561,4.813067,1.6052258,-2.1800387,-1.1684154,-3.3710601
../data/train_data_mmini/3/Train_0012.jpg	3	-1.0,-1.0,-1.0,1.0,-1.0,-1.0,1.0,-1.0,1.0,1.0,1.0,1.0,1.0,-1.0,-1.0,1.0,-1.0,1.0,-1.0,1.0,1.0,-1.0,-1.0,-1.0	-3.121431,-5.9211817,-4.3310285,5.0551987,-1.8618908,-7.4788485,0.6248797,-2.2553706,6.809389,3.1687968,4.056739,4.569486,7.7305813,-10.524725,-1.6690079,7.608154,-2.1731937,3.4044888,-2.3251944,6.239894,2.3053584,-2.569239,-1.2888824,-4.433043
../data/train_data_mmini/3/Train_0013.jpg	3	-1.0,-1.0,-1.0,1.0,-1.0,-1.0,1.0,-1.0,1.0,1.0,1.0,1.0,1.0,-1.0,-1.0,1.0,-1.0,1.0,-1.0,1.0,1.0,-1.0,-1.0,-1.0	-2.5017507,-4.113442,-3.405052,3.884369,-1.8468786,-5.8867383,0.20499861,-2.058539,5.4876523,2.7777522,3.3753614,3.7803698,6.9012303,-9.174338,-1.2788999,6.225365,-1.4953494,2.942926,-1.8266599,5.2407827,1.4908689,-2.1934352,-1.2716913,-3.7116663
../data/train_data_mmini/3/Train_0014.jpg	3	-1.0,-1.0,-1.0,1.0,-1.0,-1.0,-1.0,-1.0,1.0,1.0,1.0,1.0,1.0,-1.0,-1.0,1.0,-1.0,1.0,-1.0,1.0,1.0,-1.0,-1.0,-1.0	-2.8878684,-4.7826114,-3.941006,4.5147033,-1.7480129,-6.849671,-0.07445399,-2.0241697,6.6652803,3.2903628,4.1842246,4.500615,7.664423,-10.60398,-1.5113744,7.0017543,-1.7050506,3.412425,-2.0834255,5.990558,1.8582051,-2.5706534,-1.476828,-4.3818593
../data/train_data_mmini/4/Train_0015.jpg	4	-1.0,-1.0,-1.0,1.0,-1.0,-1.0,-1.0,-1.0,1.0,1.0,1.0,1.0,1.0,-1.0,-1.0,1.0,-1.0,1.0,-1.0,1.0,1.0,-1.0,-1.0,-1.0	-3.2042515,-5.721568,-4.063035,4.8383765,-2.0630302,-7.6468444,-0.33773902,-2.0470972,7.2569723,3.4339013,5.021881,4.970436,8.308957,-11.823077,-2.0398364,7.7535534,-2.082729,3.8853538,-2.4991403,6.228261,2.0224893,-2.8905964,-1.6704754,-5.032485
../data/train_data_mmini/4/Train_0016.jpg	4	-1.0,-1.0,-1.0,1.0,-1.0,-1.0,-1.0,-1.0,1.0,1.0,1.0,1.0,1.0,-1.0,-1.0,1.0,-1.0,1.0,-1.0,1.0,1.0,-1.0,-1.0,-1.0	-2.2706008,-3.80656,-2.6851485,3.3348358,-1.5738801,-5.2652683,-0.07516529,-1.495892,4.719483,2.415736,3.156524,3.4267986,5.778322,-7.7239537,-1.355347,5.1990027,-1.4958712,2.4969554,-1.5701694,4.4444494,1.3619729,-1.8367723,-1.1555399,-3.2930305
../data/train_data_mmini/4/Train_0017.jpg	4	-1.0,-1.0,-1.0,1.0,-1.0,-1.0,1.0,-1.0,1.0,1.0,1.0,1.0,1.0,-1.0,-1.0,1.0,-1.0,1.0,-1.0,1.0,1.0,-1.0,-1.0,-1.0	-2.2940369,-4.104591,-3.8416674,3.847497,-1.7396356,-6.1867723,1.0235664,-2.1505046,5.6492605,2.65066,2.903509,3.7405512,6.8339944,-8.947828,-0.655148,6.3575635,-1.3413033,2.973533,-1.8293211,5.516916,1.7186874,-2.441905,-1.1616565,-3.4511006
../data/train_data_mmini/4/Train_0018.jpg	4	-1.0,-1.0,-1.0,1.0,-1.0,-1.0,-1.0,-1.0,1.0,1.0,1.0,1.0,1.0,-1.0,-1.0,1.0,-1.0,1.0,-1.0,1.0,1.0,-1.0,-1.0,-1.0	-2.4348135,-3.9808934,-3.0228047,3.612088,-1.4231645,-5.452978,-0.15052547,-1.6283289,5.1016226,2.5773776,3.4436073,3.409934,5.9820933,-8.458462,-1.2944984,5.439278,-1.3816551,2.5951371,-1.7991415,4.5341654,1.4742343,-2.1336632,-1.1203446,-3.466932
../data/train_data_mmini/4/Train_0019.jpg	4	-1.0,-1.0,-1.0,1.0,-1.0,-1.0,-1.0,-1.0,1.0,1.0,1.0,1.0,1.0,-1.0,-1.0,1.0,-1.0,1.0,-1.0,1.0,1.0,-1.0,-1.0,-1.0	-2.3514714,-3.669448,-3.2888694,3.3119972,-2.03562,-5.928506,-0.18023868,-2.043777,5.255924,2.5272973,3.788324,3.892578,6.942865,-9.719402,-1.2569396,6.0601344,-1.3241248,2.9908261,-2.0391533,5.0076056,1.1694918,-2.4653373,-1.6321806,-3.9905946
../data/train_data_mmini/5/Train_0020.jpg	5	-1.0,-1.0,-1.0,1.0,-1.0,-1.0,-1.0,-1.0,1.0,1.0,1.0,1.0,1.0,-1.0,-1.0,1.0,-1.0,1.0,-1.0,1.0,1.0,-1.0,-1.0,-1.0	-3.8716345,-6.3720255,-4.7920384,5.6808705,-2.388845,-8.955713,-0.2722317,-2.3129165,8.255272,4.0328026,5.627497,5.77834,9.70338,-13.539054,-2.1541884,8.718599,-2.2029948,4.2927547,-2.7793884,7.388461,2.3043902,-3.1765263,-1.9275407,-5.654084
../data/train_data_mmini/5/Train_0021.jpg	5	-1.0,-1.0,-1.0,1.0,-1.0,-1.0,1.0,-1.0,1.0,1.0,1.0,1.0,1.0,-1.0,-1.0,1.0,-1.0,1.0,-1.0,1.0,1.0,-1.0,-1.0,-1.0	-3.7804906,-6.6175327,-4.6748595,6.04987,-2.4256632,-8.814758,0.09019611,-2.6498077,8.290594,4.175247,5.2636685,5.811278,9.92268,-13.253515,-2.3051333,9.054649,-2.3793323,4.4492126,-2.4862716,7.654771,2.4122844,-3.269873,-1.7715532,-5.748219
../data/train_data_mmini/5/Train_0022.jpg	5	-1.0,-1.0,-1.0,1.0,-1.0,-1.0,-1.0,-1.0,1.0,1.0,1.0,1.0,1.0,-1.0,-1.0,1.0,-1.0,1.0,-1.0,1.0,1.0,-1.0,-1.0,-1.0	-3.9050322,-6.4283786,-4.9571433,5.7707615,-2.4278984,-9.071578,-0.16396362,-2.458961,8.330328,4.1372957,5.639902,5.9206734,9.893139,-13.686635,-2.1292205,8.811632,-2.2342565,4.4061637,-2.831555,7.48968,2.2532368,-3.2168646,-1.8340428,-5.5918922
../data/train_data_mmini/5/Train_0023.jpg	5	-1.0,-1.0,-1.0,1.0,-1.0,-1.0,-1.0,-1.0,1.0,1.0,1.0,1.0,1.0,-1.0,-1.0,1.0,-1.0,1.0,-1.0,1.0,1.0,-1.0,-1.0,-1.0	-3.9498353,-6.6377807,-4.9157724,6.0360374,-2.2922978,-9.168771,-0.09154115,-2.3257494,8.4675665,4.268398,5.619787,5.967286,9.907789,-13.601135,-2.1829457,8.885181,-2.2771285,4.439371,-2.6332781,7.719823,2.423193,-3.2318382,-1.8130261,-5.6904464
../data/train_data_mmini/5/Train_0024.jpg	5	-1.0,-1.0,-1.0,1.0,-1.0,-1.0,-1.0,-1.0,1.0,1.0,1.0,1.0,1.0,-1.0,-1.0,1.0,-1.0,1.0,-1.0,1.0,1.0,-1.0,-1.0,-1.0	-3.957714,-6.9274597,-4.7281384,6.139047,-2.3354704,-9.206118,-0.37377852,-2.2652013,8.54286,4.073279,5.868301,5.5801973,9.597006,-13.547437,-2.6031988,9.010942,-2.4879744,4.3201127,-2.758113,7.361471,2.5064662,-3.1594925,-1.9675711,-5.8403263
../data/train_data_mmini/6/Train_0025.jpg	6	-1.0,-1.0,-1.0,1.0,-1.0,-1.0,-1.0,-1.0,1.0,1.0,1.0,1.0,1.0,-1.0,-1.0,1.0,-1.0,1.0,-1.0,1.0,1.0,-1.0,-1.0,-1.0	-2.7190676,-4.399537,-3.1711807,4.030341,-1.8759769,-6.382265,-0.15824592,-1.7237947,5.8084793,2.9589193,3.616536,3.9014492,6.6525526,-9.124006,-1.8029704,6.1137543,-1.8794448,3.0116875,-1.7439307,5.1386166,1.545727,-2.1634097,-1.4188094,-3.8523772
../data/train_data_mmini/6/Train_0026.jpg	6	-1.0,-1.0,-1.0,1.0,-1.0,-1.0,1.0,-1.0,1.0,1.0,1.0,1.0,1.0,-1.0,-1.0,1.0,-1.0,1.0,-1.0,1.0,1.0,-1.0,-1.0,-1.0	-3.175266,-5.329583,-4.48194,4.8401966,-2.1277127,-8.009519,0.29058146,-2.4765615,7.032244,3.455598,4.629314,4.6947618,8.28769,-11.812057,-1.5888671,7.629478,-1.5596712,3.347732,-2.3946264,6.7537465,2.0552037,-2.9154007,-1.8307073,-4.5161495
../data/train_data_mmini/6/Train_0027.jpg	6	-1.0,-1.0,-1.0,1.0,-1.0,-1.0,-1.0,-1.0,1.0,1.0,1.0,1.0,1.0,-1.0,-1.0,1.0,-1.0,1.0,-1.0,1.0,1.0,-1.0,-1.0,-1.0	-2.4330308,-3.8697731,-2.8972776,3.6643794,-1.5886205,-5.7363825,-4.926138e-05,-1.6532335,5.1095777,2.7369092,2.996958,3.7697544,6.1872773,-7.933927,-1.2402508,5.3736596,-1.5284526,2.7059522,-1.4029498,4.9107656,1.5940118,-1.9911462,-1.0857842,-3.3864307
../data/train_data_mmini/6/Train_0028.jpg	6	-1.0,-1.0,-1.0,1.0,-1.0,-1.0,1.0,-1.0,1.0,1.0,1.0,1.0,1.0,-1.0,-1.0,1.0,-1.0,1.0,-1.0,1.0,1.0,-1.0,-1.0,-1.0	-2.8273292,-4.8754416,-3.6672814,4.4271946,-1.8482229,-6.7691903,0.060934905,-2.125724,6.318003,3.1911702,4.1204605,4.0474052,7.340032,-10.033569,-1.6549801,6.7124805,-1.5330995,3.0779157,-2.0458663,5.6450033,1.7141569,-2.418126,-1.3320193,-4.0398626
../data/train_data_mmini/6/Train_0029.jpg	6	-1.0,-1.0,-1.0,1.0,-1.0,-1.0,-1.0,-1.0,1.0,1.0,1.0,1.0,1.0,-1.0,-1.0,1.0,-1.0,1.0,-1.0,1.0,1.0,-1.0,-1.0,-1.0	-3.1845632,-5.108558,-3.9289913,4.54401,-2.167013,-7.327684,-0.23938362,-1.9905813,6.7141,3.493091,4.5141077,4.6603003,8.073887,-11.024614,-1.8249844,7.2058945,-2.0429735,3.644102,-2.1900885,5.9843354,1.7722619,-2.670324,-1.5573665,-4.588935
../data/train_data_mmini/7/Train_0030.jpg	7	-1.0,-1.0,-1.0,1.0,-1.0,-1.0,1.0,-1.0,1.0,1.0,1.0,1.0,1.0,-1.0,-1.0,1.0,-1.0,1.0,-1.0,1.0,1.0,-1.0,-1.0,-1.0	-3.784455,-6.5757585,-4.764211,5.871429,-2.689128,-9.026282,0.21184763,-2.7909951,8.206655,3.9723065,4.982017,6.2395334,10.198908,-13.442006,-1.9471498,9.077903,-2.4412344,4.4654403,-2.6631453,7.8586845,2.346006,-3.3967626,-1.737206,-5.8193207
../data/train_data_mmini/7/Train_0031.jpg	7	-1.0,-1.0,-1.0,1.0,-1.0,-1.0,1.0,-1.0,1.0,1.0,1.0,1.0,1.0,-1.0,-1.0,1.0,-1.0,1.0,-1.0,1.0,1.0,-1.0,-1.0,-1.0	-3.414703,-5.6655273,-4.6651406,5.2996817,-2.0854313,-7.875957,0.39919052,-2.4318597,7.3859043,3.6421535,4.5676813,4.9095964,8.648776,-11.863884,-1.788507,7.916826,-1.9824739,3.6907187,-2.4639516,6.787411,2.145363,-2.7863681,-1.5325106,-4.7937875
../data/train_data_mmini/7/Train_0032.jpg	7	-1.0,-1.0,-1.0,1.0,-1.0,-1.0,1.0,-1.0,1.0,1.0,1.0,1.0,1.0,-1.0,-1.0,1.0,-1.0,1.0,-1.0,1.0,1.0,-1.0,-1.0,-1.0	-2.4007194,-4.22798,-3.109644,4.0118775,-1.5913757,-5.6969585,0.2879992,-1.772299,5.4793663,2.7106674,3.2359602,3.6821728,6.5741286,-8.360943,-1.4667577,5.9672337,-1.5559362,2.894489,-1.4828527,5.114464,1.8118689,-2.1927338,-1.1410328,-3.5284913
../data/train_data_mmini/7/Train_0033.jpg	7	-1.0,-1.0,-1.0,1.0,-1.0,-1.0,1.0,-1.0,1.0,1.0,1.0,1.0,1.0,-1.0,-1.0,1.0,-1.0,1.0,-1.0,1.0,1.0,-1.0,-1.0,-1.0	-3.4636793,-5.708976,-4.7754803,5.4385643,-1.8518717,-8.20784,0.20818554,-2.07649,7.883164,3.903628,4.949706,5.391386,8.870567,-12.223357,-1.6468345,8.002007,-1.9770741,4.003731,-2.2923431,7.1811776,2.4808903,-3.020981,-1.7675779,-5.0529017
../data/train_data_mmini/7/Train_0034.jpg	7	-1.0,-1.0,-1.0,1.0,-1.0,-1.0,-1.0,-1.0,1.0,1.0,1.0,1.0,1.0,-1.0,-1.0,1.0,-1.0,1.0,-1.0,1.0,1.0,-1.0,-1.0,-1.0	-2.057601,-3.8006904,-2.3519797,3.4396396,-1.3456818,-4.9285026,-0.45271787,-1.3021376,4.609235,2.4239776,3.1432378,2.907773,5.419324,-7.2951546,-1.6418166,4.9788675,-1.3132528,2.2113988,-1.4831194,3.8716176,1.4212269,-1.9044962,-1.1575742,-3.0866256
../data/train_data_mmini/8/Train_0035.jpg	8	-1.0,-1.0,-1.0,1.0,-1.0,-1.0,-1.0,-1.0,1.0,1.0,1.0,1.0,1.0,-1.0,-1.0,1.0,-1.0,1.0,-1.0,1.0,1.0,-1.0,-1.0,-1.0	-3.5929537,-6.0192847,-4.435223,5.5486817,-2.2290895,-8.332698,-0.09620676,-2.2287974,7.605226,3.8392525,4.9314427,5.4279695,9.14267,-12.249361,-2.1003485,8.198067,-2.2582161,4.1201153,-2.390145,6.913959,2.2033947,-2.8650444,-1.6333104,-5.228743
../data/train_data_mmini/8/Train_0036.jpg	8	-1.0,-1.0,-1.0,1.0,-1.0,-1.0,-1.0,-1.0,1.0,1.0,1.0,1.0,1.0,-1.0,-1.0,1.0,-1.0,1.0,-1.0,1.0,1.0,-1.0,-1.0,-1.0	-3.5611167,-5.8782067,-4.720767,5.5440464,-2.04621,-8.411713,-0.06580838,-2.1741004,7.949922,3.792722,5.1084375,5.2126107,8.834884,-12.5190735,-2.047936,8.071777,-2.1913764,3.9262183,-2.6131546,6.815199,2.2065141,-2.8684177,-1.8069446,-5.1724005
../data/train_data_mmini/8/Train_0037.jpg	8	-1.0,-1.0,-1.0,1.0,-1.0,-1.0,1.0,-1.0,1.0,1.0,1.0,1.0,1.0,-1.0,-1.0,1.0,-1.0,1.0,-1.0,1.0,1.0,-1.0,-1.0,-1.0	-3.303403,-5.7049694,-4.206368,5.0363064,-2.080785,-7.663964,0.09572927,-2.411311,7.1802177,3.4308636,4.723787,4.7299423,8.330452,-11.538005,-2.055732,7.7736635,-1.8967826,3.4620562,-2.463277,6.4277253,2.1227405,-2.9053016,-1.6584198,-4.844532
../data/train_data_mmini/8/Train_0038.jpg	8	-1.0,-1.0,-1.0,1.0,-1.0,-1.0,-1.0,-1.0,1.0,1.0,1.0,1.0,1.0,-1.0,-1.0,1.0,-1.0,1.0,-1.0,1.0,1.0,-1.0,-1.0,-1.0	-3.3394685,-5.6047487,-4.081352,5.085172,-2.2713094,-7.7497296,-0.09952406,-2.1379645,7.0019073,3.6670294,4.630051,5.1178575,8.673931,-11.54526,-2.0526757,7.6635838,-2.1412902,3.8626673,-2.1478982,6.4910927,1.9925436,-2.7056193,-1.606747,-4.903766
../data/train_data_mmini/8/Train_0039.jpg	8	-1.0,-1.0,-1.0,1.0,-1.0,-1.0,1.0,-1.0,1.0,1.0,1.0,1.0,1.0,-1.0,-1.0,1.0,-1.0,1.0,-1.0,1.0,1.0,-1.0,-1.0,-1.0	-3.7867174,-6.2429175,-4.748053,5.677364,-2.3375504,-8.625422,0.12201212,-2.4484808,8.016696,4.0114713,5.1290164,5.4615955,9.455765,-12.738375,-2.080821,8.596651,-2.3816876,4.2623334,-2.6343505,7.240241,2.3150024,-3.0329735,-1.7157061,-5.422397
../data/train_data_mmini/9/Train_0040.jpg	9	-1.0,-1.0,-1.0,1.0,-1.0,-1.0,-1.0,-1.0,1.0,1.0,1.0,1.0,1.0,-1.0,-1.0,1.0,-1.0,1.0,-1.0,1.0,1.0,-1.0,-1.0,-1.0	-3.9997613,-6.9586062,-4.9880896,6.016006,-2.5600865,-9.379232,-0.3940974,-2.696911,8.773105,4.1631794,6.09435,5.939576,10.237933,-14.446372,-2.502283,9.384775,-2.3894515,4.4637074,-3.1042442,7.636231,2.371194,-3.442082,-2.0424702,-6.1042953
../data/train_data_mmini/9/Train_0041.jpg	9	-1.0,-1.0,-1.0,1.0,-1.0,-1.0,-1.0,-1.0,1.0,1.0,1.0,1.0,1.0,-1.0,-1.0,1.0,-1.0,1.0,-1.0,1.0,1.0,-1.0,-1.0,-1.0	-2.9094553,-4.6748786,-3.7333128,4.2704344,-1.802184,-6.708421,-0.09988259,-1.8419125,6.326674,3.110165,4.1720223,4.1865373,7.232862,-10.194967,-1.5823098,6.511487,-1.7030386,3.0152962,-2.21249,5.521371,1.8375034,-2.3922157,-1.5135636,-4.122152
../data/train_data_mmini/9/Train_0042.jpg	9	-1.0,-1.0,-1.0,1.0,-1.0,-1.0,-1.0,-1.0,1.0,1.0,1.0,1.0,1.0,-1.0,-1.0,1.0,-1.0,1.0,-1.0,1.0,1.0,-1.0,-1.0,-1.0	-3.2449203,-5.945311,-3.8724535,4.887286,-2.1045544,-7.541427,-0.53824747,-2.20128,7.065149,3.2746625,5.141151,4.4942093,8.120864,-11.754415,-2.42483,7.69963,-2.0348663,3.4355774,-2.7164414,5.8953476,1.9329109,-2.791963,-1.7307101,-4.9911103
../data/train_data_mmini/9/Train_0043.jpg	9	-1.0,-1.0,-1.0,1.0,-1.0,-1.0,-1.0,-1.0,1.0,1.0,1.0,1.0,1.0,-1.0,-1.0,1.0,-1.0,1.0,-1.0,1.0,1.0,-1.0,-1.0,-1.0	-3.9471805,-6.5121627,-4.997243,5.823092,-2.543783,-9.224393,-0.18492669,-2.6672153,8.659621,4.242075,5.795372,5.953304,10.15008,-14.20566,-2.2234848,9.152596,-2.304907,4.5778475,-2.9241812,7.688623,2.3017373,-3.3923714,-1.9874917,-5.8644013
../data/train_data_mmini/9/Train_0044.jpg	9	-1.0,-1.0,-1.0,1.0,-1.0,-1.0,1.0,-1.0,1.0,1.0,1.0,1.0,1.0,-1.0,-1.0,1.0,-1.0,1.0,-1.0,1.0,1.0,-1.0,-1.0,-1.0	-3.4103248,-5.780172,-4.484733,5.0966253,-2.3797905,-8.091072,0.023243947,-2.3613632,7.60121,3.738916,4.9495754,5.1955214,8.951564,-12.249778,-2.026765,8.081779,-2.0790334,3.899774,-2.4680045,6.849148,2.0440311,-2.923371,-1.8039579,-4.9953337
../data/train_data_mmini/10/Train_0045.jpg	10	-1.0,-1.0,-1.0,1.0,-1.0,-1.0,-1.0,-1.0,1.0,1.0,1.0,1.0,1.0,-1.0,-1.0,1.0,-1.0,1.0,-1.0,1.0,1.0,-1.0,-1.0,-1.0	-2.5079193,-4.019215,-2.9490469,3.642029,-1.6673461,-5.7233295,-0.25645435,-1.6455647,5.303524,2.713162,3.4783487,3.5304217,6.2344365,-8.444104,-1.606169,5.6165442,-1.6425233,2.7092352,-1.7167933,4.6540537,1.4242053,-2.090315,-1.1171937,-3.5792096
../data/train_data_mmini/10/Train_0046.jpg	10	-1.0,-1.0,-1.0,1.0,-1.0,-1.0,1.0,-1.0,1.0,1.0,1.0,1.0,1.0,-1.0,-1.0,1.0,-1.0,1.0,-1.0,1.0,1.0,-1.0,-1.0,-1.0	-1.7094307,-2.9931278,-2.1406415,2.6650875,-1.1771175,-4.0746484,0.080388024,-1.184881,3.7762616,2.0771298,2.4658542,2.6046324,4.8150187,-6.1104293,-1.0913506,4.2990837,-0.95142156,2.0857768,-0.9713641,3.6439366,1.1452752,-1.6097358,-0.8672348,-2.453794
../data/train_data_mmini/10/Train_0047.jpg	10	-1.0,-1.0,-1.0,1.0,-1.0,-1.0,-1.0,-1.0,1.0,1.0,1.0,1.0,1.0,-1.0,-1.0,1.0,-1.0,1.0,-1.0,1.0,1.0,-1.0,-1.0,-1.0	-3.1784248,-5.181605,-3.8024182,4.72136,-2.1486304,-7.282346,-0.103805505,-2.254432,6.8225923,3.4447196,4.3513994,4.5693526,8.032768,-10.906864,-2.0749002,7.2957554,-2.0907876,3.5448825,-2.2015815,6.0915627,1.8326615,-2.6481628,-1.5032897,-4.636933
../data/train_data_mmini/10/Train_0048.jpg	10	-1.0,-1.0,-1.0,1.0,-1.0,-1.0,-1.0,-1.0,1.0,1.0,1.0,1.0,1.0,-1.0,-1.0,1.0,-1.0,1.0,-1.0,1.0,1.0,-1.0,-1.0,-1.0	-3.136743,-5.141453,-3.2902439,4.40029,-2.0531378,-6.9770246,-0.63040954,-1.673233,6.2434363,3.151552,4.3019233,4.1164384,7.250797,-10.113045,-2.3279161,6.6256995,-2.459028,3.3765988,-2.07072,5.082549,1.7242836,-2.1176555,-1.3834901,-4.4657016
../data/train_data_mmini/10/Train_0049.jpg	10	-1.0,-1.0,-1.0,1.0,-1.0,-1.0,-1.0,-1.0,1.0,1.0,1.0,1.0,1.0,-1.0,-1.0,1.0,-1.0,1.0,-1.0,1.0,1.0,-1.0,-1.0,-1.0	-3.5217438,-5.8996196,-4.3002462,5.3481956,-2.279224,-7.956682,-0.03079849,-2.4006696,7.4365525,3.8468072,4.829001,5.1329513,9.026046,-11.992243,-2.1563392,8.181874,-2.1188853,3.9753313,-2.3422644,6.8607273,2.0907574,-2.9270122,-1.6205297,-5.0846434
