../data/train_data_mmini/1/Train_0000.jpg	1	-1.0,-1.0,1.0,1.0,1.0,-1.0,1.0,-1.0	-0.19878945,-1.5269191,0.6492929,1.0766207,1.601426,-1.7325416,0.51449305,-0.3864137
../data/train_data_mmini/1/Train_0001.jpg	1	-1.0,-1.0,1.0,1.0,-1.0,-1.0,1.0,-1.0	-0.14961182,-0.4668505,0.08763116,0.64547974,-0.008048538,-1.1079395,0.6260013,-0.17727692
../data/train_data_mmini/1/Train_0002.jpg	1	1.0,1.0,-1.0,-1.0,-1.0,1.0,-1.0,1.0	0.07422002,0.5994736,-0.94550323,-0.37564838,-1.7844403,0.7024772,-0.09960635,0.28072858
../data/train_data_mmini/1/Train_0003.jpg	1	-1.0,-1.0,1.0,1.0,1.0,-1.0,1.0,-1.0	-0.3017119,-1.5789093,0.89834666,1.3103058,2.3544717,-1.9940302,0.6697224,-0.434538
../data/train_data_mmini/1/Train_0004.jpg	1	-1.0,-1.0,1.0,1.0,1.0,-1.0,1.0,-1.0	-0.21423608,-1.6039963,0.7219206,0.8667999,1.5008309,-1.6881838,0.41711727,-0.52044976
../data/train_data_mmini/2/Train_0005.jpg	2	1.0,1.0,-1.0,-1.0,-1.0,1.0,-1.0,1.0	0.35001212,0.18690118,-0.39720833,-0.06875665,-0.28024167,0.29724517,-0.22488627,0.08609944
../data/train_data_mmini/2/Train_0006.jpg	2	-1.0,-1.0,-1.0,-1.0,-1.0,1.0,-1.0,-1.0	-0.14328621,-0.11517873,-0.18006635,-0.108523615,-0.62580824,0.27485654,-0.012829082,-0.1045256
../data/train_data_mmini/2/Train_0007.jpg	2	-1.0,-1.0,1.0,1.0,1.0,-1.0,1.0,-1.0	-0.32441193,-1.8172846,0.9682241,1.4255764,2.5810385,-2.1469164,0.73014975,-0.5123408
../data/train_data_mmini/2/Train_0008.jpg	2	1.0,-1.0,-1.0,-1.0,-1.0,1.0,-1.0,-1.0	0.18235591,-0.25460014,-0.32654697,-0.0033297625,-0.3381018,0.39557794,-0.59088725,-0.057954498
../data/train_data_mmini/2/Train_0009.jpg	2	1.0,-1.0,1.0,1.0,1.0,-1.0,-1.0,-1.0	0.24401705,-0.6878561,0.16756195,0.56668854,1.0070332,-0.62395746,-0.036535,-0.089280315
../data/train_data_mmini/3/Train_0010.jpg	3	-1.0,1.0,-1.0,-1.0,-1.0,1.0,-1.0,1.0	-0.22570868,0.5243717,-0.18770623,-0.3379827,-0.9996795,0.6536642,-0.13209014,0.116900854
../data/train_data_mmini/3/Train_0011.jpg	3	-1.0,1.0,-1.0,-1.0,-1.0,1.0,-1.0,1.0	-0.21409746,1.7940108,-1.2345012,-1.4508983,-4.371063,0.9339353,-0.0009137285,0.27357152
../data/train_data_mmini/3/Train_0012.jpg	3	1.0,1.0,-1.0,-1.0,-1.0,1.0,-1.0,1.0	0.26332602,0.9325006,-0.6738067,-0.7779136,-1.7091357,0.49158886,-0.09114041,0.0731486
../data/train_data_mmini/3/Train_0013.jpg	3	1.0,1.0,-1.0,-1.0,-1.0,1.0,-1.0,1.0	0.15325399,1.1685076,-1.0243365,-0.9053819,-1.7576181,1.8152018,-0.7812007,0.14455025
../data/train_data_mmini/3/Train_0014.jpg	3	-1.0,1.0,-1.0,-1.0,-1.0,1.0,-1.0,1.0	-0.058986925,0.3978792,-0.4604705,-0.6335686,-1.7610438,0.53266734,-0.15346986,0.025570445
../data/train_data_mmini/4/Train_0015.jpg	4	1.0,-1.0,-1.0,1.0,1.0,-1.0,-1.0,-1.0	0.21504577,-0.49102876,-0.17029017,0.18497239,0.2843054,-0.118962474,-0.36155748,-0.09085072
../data/train_data_mmini/4/Train_0016.jpg	4	1.0,1.0,-1.0,1.0,-1.0,-1.0,1.0,1.0	0.37246454,0.32377508,-0.5802098,0.39035964,-0.44253835,-0.004493812,0.0948816,0.37310004
../data/train_data_mmini/4/Train_0017.jpg	4	1.0,1.0,-1.0,-1.0,-1.0,1.0,-1.0,1.0	0.19657166,1.6948481,-1.235269,-0.93705064,-2.990782,1.2800729,-0.079631105,0.3946277
../data/train_data_mmini/4/Train_0018.jpg	4	1.0,-1.0,-1.0,1.0,-1.0,-1.0,-1.0,1.0	0.19613948,-0.25289562,-0.3566565,0.1430249,-0.6029788,-0.052784156,-0.2035524,0.09844633
../data/train_data_mmini/4/Train_0019.jpg	4	-1.0,1.0,-1.0,-1.0,-1.0,1.0,-1.0,1.0	-0.053645592,0.72884023,-0.3075114,-0.5688094,-0.9143143,0.9664155,-0.22576313,0.061897777
../data/train_data_mmini/5/Train_0020.jpg	5	-1.0,-1.0,1.0,1.0,1.0,-1.0,1.0,-1.0	-0.25179487,-1.6048481,0.8184336,1.3880231,2.384423,-2.0232875,0.7446918,-0.41986096
../data/train_data_mmini/5/Train_0021.jpg	5	-1.0,-1.0,1.0,1.0,1.0,-1.0,-1.0,-1.0	-0.05581547,-1.0787649,0.29546618,0.38144726,0.7216375,-0.80505407,-0.1394865,-0.32527018
../data/train_data_mmini/5/Train_0022.jpg	5	-1.0,-1.0,1.0,1.0,1.0,-1.0,1.0,-1.0	-0.17119783,-1.6137452,0.7816038,1.0273007,2.0109634,-1.6031574,0.47750202,-0.47887164
../data/train_data_mmini/5/Train_0023.jpg	5	-1.0,-1.0,1.0,1.0,1.0,-1.0,1.0,-1.0	-0.3212608,-1.9383919,1.0444419,1.4692892,2.7839785,-2.11589,0.6376775,-0.542684
../data/train_data_mmini/5/Train_0024.jpg	5	-1.0,-1.0,1.0,1.0,1.0,-1.0,1.0,-1.0	-0.033946034,-0.66310203,0.19441903,0.3783049,0.9394927,-0.7838286,0.19235033,-0.21740557
../data/train_data_mmini/6/Train_0025.jpg	6	1.0,1.0,-1.0,-1.0,-1.0,1.0,1.0,1.0	0.05209757,2.4604077,-0.7788545,-1.4911615,-1.9609194,1.8201542,0.14928325,0.52792436
../data/train_data_mmini/6/Train_0026.jpg	6	-1.0,1.0,-1.0,1.0,-1.0,-1.0,1.0,-1.0	-0.22019161,0.0091298595,-0.1017691,0.35694563,-1.3880426,-1.2181334,0.9067827,-0.056659706
../data/train_data_mmini/6/Train_0027.jpg	6	-1.0,1.0,-1.0,-1.0,-1.0,1.0,-1.0,1.0	-0.09485865,1.4375224,-0.75230086,-0.8206989,-2.442544,0.9029609,-0.01185875,0.33615774
../data/train_data_mmini/6/Train_0028.jpg	6	-1.0,1.0,-1.0,-1.0,-1.0,-1.0,1.0,1.0	-0.24315786,0.35369435,-0.7527936,-0.41653472,-2.567406,-0.109028585,0.23778668,0.03739255
../data/train_data_mmini/6/Train_0029.jpg	6	1.0,1.0,-1.0,-1.0,-1.0,1.0,-1.0,1.0	0.52763367,1.7964728,-0.7220418,-0.90209854,-0.6895967,2.0581293,-0.62417984,0.49164954
../data/train_data_mmini/7/Train_0030.jpg	7	1.0,-1.0,1.0,1.0,1.0,-1.0,1.0,-1.0	0.11781941,-0.70566285,0.1536066,0.6257503,1.0108554,-0.8231621,0.24280842,-0.13798065
../data/train_data_mmini/7/Train_0031.jpg	7	1.0,1.0,-1.0,-1.0,-1.0,1.0,-1.0,1.0	0.29189146,0.18997249,-0.41763222,-0.012405344,-0.14017685,0.42447552,-0.24161468,0.13218586
../data/train_data_mmini/7/Train_0032.jpg	7	1.0,1.0,-1.0,-1.0,-1.0,1.0,-1.0,1.0	0.03817572,1.6733785,-1.269261,-1.3979868,-3.5393138,1.4575509,-0.71072084,0.13869141
../data/train_data_mmini/7/Train_0033.jpg	7	1.0,-1.0,1.0,1.0,-1.0,-1.0,1.0,-1.0	0.026314232,-0.26912728,0.018389815,0.51212764,-0.10279955,-0.9957534,0.8111718,-0.05775071
../data/train_data_mmini/7/Train_0034.jpg	7	-1.0,1.0,-1.0,-1.0,-1.0,1.0,1.0,1.0	-0.5431076,2.2927015,-1.0299069,-1.8048531,-4.283501,1.1233085,0.03543433,0.18238358
../data/train_data_mmini/8/Train_0035.jpg	8	1.0,-1.0,-1.0,-1.0,-1.0,1.0,-1.0,-1.0	0.21237357,-0.09251609,-0.21559739,-0.2303942,-0.09057085,0.46218047,-0.5102642,-0.007195362
../data/train_data_mmini/8/Train_0036.jpg	8	1.0,1.0,-1.0,-1.0,-1.0,1.0,-1.0,1.0	0.3502354,0.37542644,-0.6898821,-0.15234323,-0.60840017,0.56048125,-0.054051314,0.26221925
../data/train_data_mmini/8/Train_0037.jpg	8	-1.0,1.0,-1.0,-1.0,-1.0,1.0,1.0,1.0	-0.11769681,1.406096,-0.9972676,-0.6482757,-3.0981617,0.32428685,0.16433106,0.27965826
../data/train_data_mmini/8/Train_0038.jpg	8	1.0,1.0,-1.0,-1.0,-1.0,1.0,-1.0,1.0	0.2695597,0.32510385,-0.42642188,-0.17983969,-0.0871454,0.801849,-0.5016217,0.13749282
../data/train_data_mmini/8/Train_0039.jpg	8	1.0,1.0,-1.0,-1.0,-1.0,1.0,-1.0,1.0	0.2617361,0.74751955,-0.6945174,-0.7886104,-1.2741477,1.3025252,-0.6539872,0.14814667
../data/train_data_mmini/9/Train_0040.jpg	9	-1.0,-1.0,1.0,1.0,1.0,-1.0,1.0,-1.0	-0.05417147,-1.0629772,0.34212577,0.62424517,1.0455441,-1.0939271,0.15236205,-0.30259132
../data/train_data_mmini/9/Train_0041.jpg	9	1.0,1.0,-1.0,1.0,-1.0,-1.0,1.0,1.0	0.090896964,0.39372054,-0.29198146,0.047618024,-0.94084495,-0.23789047,0.40077883,0.072837286
../data/train_data_mmini/9/Train_0042.jpg	9	1.0,1.0,-1.0,-1.0,-1.0,1.0,-1.0,1.0	0.113946676,0.027366199,-0.3490259,-0.07756562,-0.58028716,0.08224418,-0.37576005,0.048952572
../data/train_data_mmini/9/Train_0043.jpg	9	-1.0,-1.0,1.0,1.0,1.0,-1.0,-1.0,-1.0	-0.031669807,-1.0499341,0.20611668,0.5891582,1.0564376,-0.7371786,-0.026903082,-0.22302802
../data/train_data_mmini/9/Train_0044.jpg	9	1.0,1.0,-1.0,-1.0,-1.0,1.0,-1.0,1.0	0.30189785,0.9209706,-0.4845804,-0.57265896,-0.57699853,1.1188457,-0.39202958,0.25399268
../data/train_data_mmini/10/Train_0045.jpg	10	1.0,1.0,-1.0,-1.0,-1.0,1.0,-1.0,1.0	0.37347806,2.4861615,-1.2779866,-1.8297949,-3.3870244,2.5838423,-0.9753217,0.2025247
../data/train_data_mmini/10/Train_0046.jpg	10	1.0,1.0,-1.0,-1.0,-1.0,1.0,-1.0,1.0	0.10573499,2.4761603,-1.2992231,-1.5269481,-3.689886,1.9821957,-0.40250552,0.49459228
../data/train_data_mmini/10/Train_0047.jpg	10	1.0,1.0,-1.0,-1.0,-1.0,1.0,-1.0,1.0	0.19135205,1.8977444,-1.3199546,-1.5635911,-2.980044,2.177391,-0.83084005,0.21067016
../data/train_data_mmini/10/Train_0048.jpg	10	1.0,1.0,-1.0,-1.0,-1.0,1.0,-1.0,1.0	0.70307165,2.3992913,-0.9793682,-1.7538313,-1.4623554,3.0269606,-0.9626843,0.42984718
../data/train_data_mmini/10/Train_0049.jpg	10	1.0,1.0,-1.0,-1.0,-1.0,1.0,-1.0,1.0	0.05516549,0.99754584,-0.72512174,-1.0572237,-2.0102792,1.2964077,-0.5948196,0.1858149
