../data/train_data_mmini/1/Train_0000.jpg	1	1.0,1.0,1.0,-1.0,-1.0,-1.0,1.0,1.0	0.52013683,3.052749,0.4687915,-1.5505445,-0.5621112,-0.12342031,0.17826019,1.5546131
../data/train_data_mmini/1/Train_0001.jpg	1	1.0,1.0,-1.0,-1.0,1.0,1.0,1.0,-1.0	0.27434337,3.0573196,-0.15541507,-0.92050713,0.039489113,0.3207447,0.059550986,-0.37972248
../data/train_data_mmini/1/Train_0002.jpg	1	-1.0,1.0,-1.0,1.0,1.0,1.0,-1.0,-1.0	-0.06788783,2.506549,-1.3681693,0.20317876,0.7146458,0.4771642,-0.8887013,-2.8352742
../data/train_data_mmini/1/Train_0003.jpg	1	1.0,1.0,1.0,-1.0,-1.0,-1.0,1.0,1.0	0.65297264,3.374683,0.7516348,-1.7559282,-0.80982274,-0.053841017,0.45285544,2.5517874
../data/train_data_mmini/1/Train_0004.jpg	1	1.0,1.0,1.0,-1.0,-1.0,-1.0,1.0,1.0	0.2470514,3.2739978,0.25002414,-0.8978461,-0.6616009,-0.24350607,0.24058191,1.3409574
../data/train_data_mmini/2/Train_0005.jpg	2	1.0,1.0,-1.0,-1.0,1.0,1.0,-1.0,-1.0	0.5497166,2.5013201,-1.1625513,-0.5788266,0.60123575,0.5528659,-0.72928715,-1.9400544
../data/train_data_mmini/2/Train_0006.jpg	2	1.0,1.0,-1.0,-1.0,1.0,1.0,-1.0,-1.0	0.0070835454,2.2864878,-2.152661,-0.25042865,0.97234726,0.36498168,-0.8744495,-2.4892364
../data/train_data_mmini/2/Train_0007.jpg	2	1.0,1.0,1.0,-1.0,-1.0,-1.0,1.0,1.0	0.5858487,2.9595184,1.1860214,-1.8310384,-1.4669633,-0.5196613,0.1318588,3.6393194
../data/train_data_mmini/2/Train_0008.jpg	2	-1.0,1.0,-1.0,-1.0,1.0,-1.0,-1.0,-1.0	-0.036592845,2.2432723,-1.2566261,-0.3268437,0.34587276,-0.008506792,-0.947038,-1.1500162
../data/train_data_mmini/2/Train_0009.jpg	2	1.0,1.0,-1.0,-1.0,1.0,1.0,-1.0,1.0	0.7846452,3.1244547,-0.7829303,-1.7886245,0.33328408,0.53843707,-0.4906883,0.008150684
../data/train_data_mmini/3/Train_0010.jpg	3	1.0,1.0,-1.0,1.0,1.0,1.0,-1.0,-1.0	0.51187634,1.7373353,-2.029147,0.09293797,0.6372143,0.5439121,-1.5581347,-2.5238485
../data/train_data_mmini/3/Train_0011.jpg	3	-1.0,1.0,-1.0,1.0,1.0,1.0,-1.0,-1.0	-0.51061296,2.4340978,-1.7208893,1.1968765,0.8679181,0.4282478,-0.6685606,-4.8900514
../data/train_data_mmini/3/Train_0012.jpg	3	-1.0,1.0,-1.0,1.0,1.0,1.0,1.0,-1.0	-0.34379023,3.5829458,-1.0569612,0.30935752,0.9616843,0.5754003,0.3163481,-3.0584655
../data/train_data_mmini/3/Train_0013.jpg	3	-1.0,1.0,-1.0,1.0,1.0,1.0,-1.0,-1.0	-0.11293252,2.2148507,-2.87756,0.4075426,1.5003245,0.2673142,-1.0435047,-3.8883972
../data/train_data_mmini/3/Train_0014.jpg	3	1.0,1.0,-1.0,-1.0,1.0,1.0,-1.0,-1.0	0.18020697,2.3370924,-1.5519884,-0.3659902,0.4185351,0.41784644,-0.36364773,-2.1214287
../data/train_data_mmini/4/Train_0015.jpg	4	-1.0,1.0,-1.0,1.0,1.0,1.0,-1.0,-1.0	-0.30873346,3.011109,-1.0524769,0.014540622,0.6056172,0.07459314,-0.2696819,-1.4529543
../data/train_data_mmini/4/Train_0016.jpg	4	1.0,1.0,-1.0,-1.0,1.0,1.0,-1.0,-1.0	0.54671764,2.0558321,-0.6325983,-0.7394026,0.73028946,0.7712061,-0.7579349,-1.8961831
../data/train_data_mmini/4/Train_0017.jpg	4	-1.0,1.0,-1.0,1.0,1.0,1.0,-1.0,-1.0	-0.3486179,2.656985,-2.2890186,0.399577,1.7176989,0.98226315,-0.7707684,-4.551408
../data/train_data_mmini/4/Train_0018.jpg	4	1.0,1.0,-1.0,-1.0,1.0,1.0,-1.0,-1.0	0.46480018,1.8161916,-1.0512702,-0.43662181,0.59861726,0.73371994,-0.98672104,-1.6835905
../data/train_data_mmini/4/Train_0019.jpg	4	-1.0,1.0,-1.0,1.0,1.0,1.0,-1.0,-1.0	-0.24415272,2.8083296,-2.2394457,0.33134332,0.879169,0.41953382,-0.687391,-3.1192806
../data/train_data_mmini/5/Train_0020.jpg	5	1.0,1.0,1.0,-1.0,-1.0,-1.0,1.0,1.0	0.4602111,3.4670005,0.880981,-1.7558454,-0.88761765,-0.053090587,0.4575818,3.1335864
../data/train_data_mmini/5/Train_0021.jpg	5	-1.0,1.0,-1.0,-1.0,1.0,-1.0,1.0,1.0	-0.21747856,3.6946235,-1.0416131,-0.59245354,0.087964065,-0.2773834,0.5432735,0.06986228
../data/train_data_mmini/5/Train_0022.jpg	5	1.0,1.0,1.0,-1.0,-1.0,-1.0,-1.0,1.0	0.5479362,2.5780847,0.44910827,-1.8543906,-0.9053395,-0.26323867,-0.21343076,2.478389
../data/train_data_mmini/5/Train_0023.jpg	5	1.0,1.0,1.0,-1.0,-1.0,-1.0,1.0,1.0	0.62676525,2.977143,0.9596267,-2.0678556,-1.1973404,-0.088145256,0.56992114,3.79594
../data/train_data_mmini/5/Train_0024.jpg	5	1.0,1.0,-1.0,-1.0,-1.0,-1.0,1.0,1.0	0.2811703,3.6669028,-0.2558327,-0.7757873,-0.27171424,-0.27233964,0.15605618,0.48605677
../data/train_data_mmini/6/Train_0025.jpg	6	1.0,1.0,-1.0,1.0,1.0,1.0,-1.0,-1.0	0.20875476,2.6852112,-2.4815567,0.85112303,1.02422,0.6080806,-0.9251762,-4.260392
../data/train_data_mmini/6/Train_0026.jpg	6	1.0,1.0,-1.0,-1.0,1.0,1.0,-1.0,-1.0	0.28078902,3.329378,-0.18353215,-0.87872756,0.08828788,0.46598244,-0.36643973,-0.12820669
../data/train_data_mmini/6/Train_0027.jpg	6	1.0,1.0,-1.0,1.0,1.0,1.0,-1.0,-1.0	0.4876919,1.8869134,-1.8678693,0.11686046,0.8788769,1.112538,-0.93376416,-3.702995
../data/train_data_mmini/6/Train_0028.jpg	6	-1.0,1.0,-1.0,-1.0,-1.0,-1.0,-1.0,-1.0	-0.108455,2.3247595,-0.862827,-0.05522681,-0.12493356,-0.09107953,-0.6004439,-1.5627092
../data/train_data_mmini/6/Train_0029.jpg	6	1.0,1.0,-1.0,-1.0,1.0,1.0,-1.0,-1.0	0.84385717,2.3367229,-2.5826316,-0.14583558,1.3803213,0.65076554,-1.7082729,-3.2764883
../data/train_data_mmini/7/Train_0030.jpg	7	1.0,1.0,-1.0,-1.0,1.0,1.0,1.0,1.0	0.6517755,3.0408416,-0.20230755,-1.6590487,0.22068748,0.41210335,0.03199316,0.115519464
../data/train_data_mmini/7/Train_0031.jpg	7	1.0,1.0,-1.0,-1.0,1.0,1.0,-1.0,-1.0	0.55672014,2.8934736,-1.671748,-0.9723165,0.9324105,0.38937524,-0.723678,-1.3900785
../data/train_data_mmini/7/Train_0032.jpg	7	-1.0,1.0,-1.0,1.0,1.0,1.0,-1.0,-1.0	-0.3412297,2.9082944,-2.9035022,1.1982898,1.8342319,0.9550619,-0.7376234,-6.224165
../data/train_data_mmini/7/Train_0033.jpg	7	1.0,1.0,-1.0,-1.0,1.0,1.0,-1.0,-1.0	0.8668846,3.1197674,-0.4979827,-1.4018184,0.15772629,0.663675,-0.61244196,-0.9213537
../data/train_data_mmini/7/Train_0034.jpg	7	-1.0,1.0,-1.0,1.0,1.0,1.0,-1.0,-1.0	-0.34184232,2.2978883,-2.2479327,1.9765456,0.6472157,0.36125028,-1.0377406,-5.3925138
../data/train_data_mmini/8/Train_0035.jpg	8	1.0,1.0,-1.0,-1.0,1.0,1.0,-1.0,-1.0	0.56485045,2.3058531,-1.8651427,-0.6658879,0.757436,0.17261626,-0.98931694,-2.0321655
../data/train_data_mmini/8/Train_0036.jpg	8	1.0,1.0,-1.0,-1.0,1.0,1.0,-1.0,-1.0	0.6657838,2.5297341,-1.8678348,-0.72795755,0.97807574,0.65667444,-1.447086,-2.5572925
../data/train_data_mmini/8/Train_0037.jpg	8	1.0,1.0,-1.0,1.0,1.0,1.0,-1.0,-1.0	0.11310312,3.307395,-1.6653345,0.2994288,0.9738885,0.43977877,-1.062639,-3.4002256
../data/train_data_mmini/8/Train_0038.jpg	8	1.0,1.0,-1.0,-1.0,1.0,1.0,-1.0,-1.0	0.36234665,2.3618186,-1.791808,-0.37883046,0.7628038,0.32726988,-0.69393927,-1.978228
../data/train_data_mmini/8/Train_0039.jpg	8	1.0,1.0,-1.0,-1.0,1.0,1.0,-1.0,-1.0	0.76229537,2.360943,-2.3109598,-0.5242575,1.0382318,0.44365287,-1.5547866,-3.6506553
../data/train_data_mmini/9/Train_0040.jpg	9	1.0,1.0,-1.0,-1.0,-1.0,-1.0,-1.0,1.0	0.101939835,3.73923,-0.4156211,-0.812625,-0.26317093,-0.16139181,-0.18532375,0.44615754
../data/train_data_mmini/9/Train_0041.jpg	9	1.0,1.0,-1.0,-1.0,1.0,1.0,-1.0,-1.0	0.67110735,2.5879397,-1.1838032,-0.48942754,0.45280802,0.5934754,-0.96032137,-2.261168
../data/train_data_mmini/9/Train_0042.jpg	9	-1.0,1.0,-1.0,1.0,1.0,-1.0,-1.0,-1.0	-0.2907839,3.5815418,-1.288167,0.6218755,0.44355536,-0.17100833,-0.48985097,-1.5021887
../data/train_data_mmini/9/Train_0043.jpg	9	1.0,1.0,-1.0,-1.0,-1.0,-1.0,-1.0,1.0	0.43444833,2.8746147,-1.028969,-1.169303,-0.031329103,-0.11461589,-0.71348894,0.28333244
../data/train_data_mmini/9/Train_0044.jpg	9	1.0,1.0,-1.0,-1.0,1.0,1.0,-1.0,-1.0	0.33100018,3.3604724,-1.9214808,-0.25536218,1.0202924,0.47788292,-0.5776886,-2.2787423
../data/train_data_mmini/10/Train_0045.jpg	10	1.0,1.0,-1.0,1.0,1.0,1.0,-1.0,-1.0	0.6272643,1.5743065,-3.6148655,1.0544947,2.3781242,0.775686,-2.4801803,-7.3133483
../data/train_data_mmini/10/Train_0046.jpg	10	-1.0,1.0,-1.0,1.0,1.0,1.0,-1.0,-1.0	-0.12724623,1.9939151,-2.612888,1.189362,1.6462275,0.9232474,-1.3218241,-5.793909
../data/train_data_mmini/10/Train_0047.jpg	10	1.0,1.0,-1.0,1.0,1.0,1.0,-1.0,-1.0	0.21115501,2.546018,-3.4353845,0.92019135,1.651156,0.48705646,-1.5119722,-5.3936496
../data/train_data_mmini/10/Train_0048.jpg	10	1.0,1.0,-1.0,1.0,1.0,1.0,-1.0,-1.0	0.4431738,2.1205895,-3.3023462,0.54189515,1.6748812,0.9443971,-1.4826394,-5.452285
../data/train_data_mmini/10/Train_0049.jpg	10	1.0,1.0,-1.0,1.0,1.0,1.0,-1.0,-1.0	0.42692995,2.603713,-2.446159,0.16894439,0.99037796,0.3740364,-1.2473722,-3.709528
