../data/train_data_mmini/1/Train_0000.jpg	1	-1.0,-1.0,-1.0,1.0,1.0,1.0,1.0,1.0,-1.0,1.0,-1.0,-1.0,1.0,-1.0,1.0,1.0,-1.0,1.0,-1.0,1.0,1.0,-1.0,1.0,-1.0	-0.12816592,-0.42695215,-0.11958746,0.2771064,0.35829023,0.050676223,0.18076691,0.3710594,-0.042873804,0.29114303,-0.23872052,-0.22655784,0.24980816,-0.31421334,0.29851708,0.036631476,-0.3034451,0.17349418,-0.3204779,0.11119553,0.25696313,-0.058740675,0.12946111,-0.20483324
../data/train_data_mmini/1/Train_0001.jpg	1	-1.0,-1.0,-1.0,1.0,1.0,-1.0,-1.0,1.0,1.0,1.0,-1.0,-1.0,1.0,-1.0,1.0,-1.0,-1.0,-1.0,-1.0,1.0,1.0,-1.0,1.0,-1.0	-0.01084563,-0.3962236,-0.30593938,0.2634244,0.16936007,-0.23349996,-0.025243452,0.27866608,0.3174642,0.1677419,-0.007940048,-0.41774434,0.07600357,-0.035580903,0.23439555,-0.10893819,-0.28063363,-0.003913856,-0.14488736,0.08481528,0.10095701,-0.04922402,0.20918038,-0.32050163
../data/train_data_mmini/1/Train_0002.jpg	1	-1.0,-1.0,1.0,1.0,-1.0,-1.0,1.0,1.0,-1.0,-1.0,-1.0,-1.0,1.0,-1.0,-1.0,1.0,-1.0,-1.0,1.0,1.0,1.0,-1.0,-1.0,-1.0	-0.018731384,-0.24404088,0.025351789,0.3077867,-0.1551731,-0.1257062,0.06542733,0.21789779,-0.17860067,-0.4717819,-0.14573248,-0.052391816,0.18315697,-0.13979797,-0.11981843,0.038717736,-0.49861762,-0.42921078,0.16798879,0.14307666,0.096381925,-0.21906775,-0.08952253,-0.08385078
../data/train_data_mmini/1/Train_0003.jpg	1	-1.0,-1.0,-1.0,1.0,1.0,1.0,1.0,1.0,1.0,1.0,-1.0,-1.0,1.0,-1.0,1.0,1.0,-1.0,1.0,-1.0,1.0,1.0,-1.0,1.0,-1.0	-0.18005331,-0.36642367,-0.050416578,0.25929734,0.42933333,0.16658041,0.18338868,0.3162363,0.0042435504,0.460471,-0.076238796,-0.15758318,0.21459408,-0.0012625176,0.29708531,0.044744268,-0.31857568,0.47156435,-0.43975574,0.117867425,0.1434897,-0.038035434,0.14642791,-0.14438024
../data/train_data_mmini/1/Train_0004.jpg	1	-1.0,-1.0,-1.0,1.0,1.0,1.0,1.0,1.0,-1.0,1.0,1.0,1.0,1.0,-1.0,1.0,1.0,-1.0,1.0,-1.0,1.0,1.0,-1.0,1.0,-1.0	-0.0993873,-0.34277394,-0.16045958,0.22366227,0.3580932,0.082853116,0.093336396,0.38519117,-0.101194635,0.30983958,0.011476813,0.001406054,0.24724834,-0.07208719,0.121670485,0.14289366,-0.10631163,0.20360927,-0.26763394,0.18665697,0.16412865,-0.04427087,0.053507842,-0.256599
../data/train_data_mmini/2/Train_0005.jpg	2	-1.0,-1.0,1.0,1.0,-1.0,-1.0,1.0,-1.0,1.0,-1.0,1.0,-1.0,1.0,1.0,-1.0,1.0,-1.0,1.0,1.0,-1.0,1.0,1.0,1.0,1.0	-0.114623904,-0.081267975,0.0858381,0.013614305,-0.0460989,-0.048326436,0.12551436,-0.0065717166,0.08590835,-0.15659969,0.032798614,-0.0023436742,0.06565352,0.1759588,-0.047210325,0.05955196,-0.028505662,0.21338086,0.20361125,-0.12875178,0.10936264,0.036234558,0.03407657,0.09441102
../data/train_data_mmini/2/Train_0006.jpg	2	-1.0,1.0,-1.0,-1.0,-1.0,1.0,1.0,-1.0,-1.0,-1.0,-1.0,-1.0,-1.0,-1.0,1.0,1.0,1.0,-1.0,1.0,-1.0,1.0,-1.0,-1.0,1.0	-0.07364558,0.1493297,-0.21540125,-0.1097035,-0.24050032,0.050816413,0.04719475,-0.13535467,-0.40649113,-0.12181265,-0.11617527,-0.29790974,-0.078506544,-0.25764048,0.07825568,0.15901788,0.03199553,-0.05107986,0.39209905,-0.155688,0.07203499,-0.03452897,-0.26605207,0.04340668
../data/train_data_mmini/2/Train_0007.jpg	2	-1.0,-1.0,1.0,1.0,1.0,1.0,1.0,1.0,-1.0,1.0,-1.0,1.0,1.0,1.0,1.0,1.0,-1.0,1.0,-1.0,1.0,1.0,-1.0,1.0,1.0	-0.026951564,-0.28263327,0.28028056,0.43333638,0.5038429,0.19114822,0.3893021,0.24766597,-0.2576186,0.4234706,-0.30508688,0.015509452,0.33635166,0.052371606,0.090819255,0.0093947705,-0.19946681,0.47553176,-0.41489083,0.20822066,0.34092736,-0.03969107,0.081134684,0.00075887144
../data/train_data_mmini/2/Train_0008.jpg	2	1.0,1.0,1.0,1.0,-1.0,1.0,-1.0,-1.0,-1.0,-1.0,-1.0,-1.0,-1.0,-1.0,-1.0,1.0,1.0,1.0,1.0,-1.0,1.0,1.0,-1.0,1.0	0.1933857,0.23417293,0.052362558,0.28933358,-0.0874866,0.15793808,-0.19247587,-0.12708534,-0.5059267,-0.04322655,-0.30316278,-0.032275397,-0.022289623,-0.19398628,-0.057432447,0.12520222,0.12647097,0.016016806,0.085833445,-0.07931269,0.21912538,0.0957184,-0.13903257,0.17756546
../data/train_data_mmini/2/Train_0009.jpg	2	1.0,-1.0,-1.0,-1.0,1.0,-1.0,1.0,1.0,1.0,1.0,-1.0,-1.0,1.0,-1.0,1.0,-1.0,-1.0,1.0,-1.0,-1.0,1.0,1.0,1.0,-1.0	0.026634144,-0.35555077,-0.23123407,-0.22855987,0.14168322,-0.20648791,0.09969249,0.21610107,0.037650373,0.27507684,-0.02038961,-0.33974752,0.22193678,-0.46047753,0.34202167,-0.12042005,-0.28065237,0.15628079,-0.15083313,-0.1693032,0.119480945,0.11208664,0.14315857,-0.07956442
../data/train_data_mmini/3/Train_0010.jpg	3	1.0,1.0,1.0,-1.0,-1.0,1.0,-1.0,-1.0,-1.0,-1.0,-1.0,1.0,-1.0,1.0,-1.0,-1.0,1.0,1.0,1.0,-1.0,1.0,-1.0,-1.0,1.0	0.3433649,0.4112456,0.12005081,-0.031782173,-0.3789234,0.029576283,-0.25020292,-0.16921297,-0.20810305,-0.36529672,-0.15193655,0.27681094,-0.06836766,0.31360954,-0.34056595,-0.14614461,0.30653745,0.12701355,0.39472294,-0.0845168,0.23187572,-0.24764042,-0.10932651,0.26348943
../data/train_data_mmini/3/Train_0011.jpg	3	-1.0,-1.0,-1.0,1.0,1.0,-1.0,1.0,1.0,1.0,-1.0,1.0,1.0,1.0,-1.0,-1.0,-1.0,-1.0,-1.0,1.0,1.0,-1.0,-1.0,1.0,-1.0	-0.13626327,-0.59530133,-0.13814533,0.3191388,0.12744486,-0.61151,0.09401226,0.42333248,0.24083209,-0.6986683,0.25923854,0.035975095,0.23550594,-0.012605177,-0.37251177,-0.13133366,-0.47615886,-0.34951028,0.42489195,0.25150004,-0.019044673,-0.36038226,0.071338326,-0.19277133
../data/train_data_mmini/3/Train_0012.jpg	3	-1.0,-1.0,-1.0,-1.0,1.0,-1.0,1.0,1.0,1.0,1.0,1.0,-1.0,1.0,-1.0,1.0,1.0,-1.0,-1.0,1.0,1.0,-1.0,-1.0,-1.0,-1.0	-0.29918015,-0.6183434,-0.6604946,-0.23299824,0.048949603,-0.4896511,0.049299415,0.46310273,0.3908007,0.019288888,1.0108558,-0.45245928,0.38606453,-0.29274344,0.19254708,0.040646493,-0.5492075,-0.2145354,0.084998384,0.049823314,-0.38111472,-0.37549162,-0.23190176,-0.4699701
../data/train_data_mmini/3/Train_0013.jpg	3	-1.0,1.0,-1.0,1.0,-1.0,1.0,-1.0,-1.0,-1.0,-1.0,1.0,-1.0,-1.0,-1.0,-1.0,1.0,1.0,-1.0,1.0,-1.0,1.0,-1.0,-1.0,1.0	-0.06682792,0.41393283,-0.21191405,0.09950874,-0.46802524,0.09440265,-0.21027465,-0.40455052,-0.62095416,-0.24389245,0.020972816,-0.122441046,-0.1299449,-0.20131265,-0.08936076,0.18772067,0.16174604,-0.3456171,0.5155279,-0.10184071,0.054375432,-0.07341636,-0.5011995,0.33050913
../data/train_data_mmini/3/Train_0014.jpg	3	1.0,-1.0,-1.0,-1.0,-1.0,-1.0,1.0,1.0,-1.0,-1.0,1.0,1.0,-1.0,-1.0,-1.0,-1.0,1.0,1.0,1.0,-1.0,1.0,-1.0,1.0,-1.0	0.13211434,-0.15757063,-0.23129109,-0.06123387,-0.039214727,-0.12525788,0.11469996,0.119778335,-0.079375416,-0.057004552,0.0031100267,0.072703525,-0.020190466,-0.11227026,-0.029415641,-0.047300257,0.109099455,0.13377494,0.035676073,-0.10389665,0.21081625,-0.028712261,0.07986581,-0.045859993
../data/train_data_mmini/4/Train_0015.jpg	4	1.0,-1.0,-1.0,1.0,1.0,1.0,1.0,1.0,-1.0,-1.0,-1.0,-1.0,1.0,-1.0,1.0,1.0,-1.0,-1.0,1.0,-1.0,1.0,-1.0,-1.0,-1.0	0.045198083,-0.06863498,-0.17415318,0.20539929,0.110575184,0.035982322,0.040521093,0.2590936,-0.33743352,-0.15587358,-0.014319437,-0.26007873,0.29365024,-0.4434464,0.2609565,0.08686669,-0.29431742,-0.07590496,0.071246125,-0.084539965,0.07963092,-0.15723741,-0.23246482,-0.018898554
../data/train_data_mmini/4/Train_0016.jpg	4	-1.0,-1.0,1.0,1.0,-1.0,-1.0,-1.0,-1.0,1.0,-1.0,1.0,-1.0,1.0,1.0,1.0,-1.0,-1.0,-1.0,-1.0,-1.0,1.0,1.0,1.0,1.0	-0.19098388,-0.1793223,0.21397138,0.12832044,-0.115620226,-0.19023012,-0.016534766,-0.10843045,0.32587573,-0.1151221,0.09159921,-0.30851963,0.08727574,0.020026209,0.12856112,-0.014387729,-0.24550477,-0.003008521,-0.09536629,-0.06391297,0.053599887,0.21681698,0.22462314,0.0738447
../data/train_data_mmini/4/Train_0017.jpg	4	-1.0,-1.0,-1.0,-1.0,-1.0,-1.0,-1.0,-1.0,-1.0,-1.0,1.0,-1.0,1.0,-1.0,1.0,1.0,-1.0,-1.0,1.0,-1.0,-1.0,1.0,-1.0,-1.0	-0.06920692,-0.12788972,-0.6128375,-0.1241964,-0.39920706,-0.42985642,-0.079417884,-0.24722655,-0.01642421,-0.33659104,0.2643318,-0.6987251,0.06410216,-0.3947127,0.19648853,0.13352273,-0.43619385,-0.6529498,0.48068005,-0.19344728,-0.10339873,0.0034070169,-0.10723777,-0.20867397
../data/train_data_mmini/4/Train_0018.jpg	4	1.0,-1.0,1.0,1.0,-1.0,-1.0,1.0,1.0,1.0,-1.0,-1.0,-1.0,1.0,-1.0,-1.0,-1.0,1.0,1.0,1.0,-1.0,1.0,1.0,1.0,-1.0	0.08801299,-0.021796772,0.0077996734,0.084074356,-0.0080461465,-0.2193533,0.02699863,0.16815288,0.09293318,-0.15480065,-0.3113406,-0.09069211,0.20067672,-0.2966295,-0.037878748,-0.050329864,0.020709625,0.006473922,0.07690988,-0.07607197,0.25249147,0.077382416,0.16266695,-0.12689161
../data/train_data_mmini/4/Train_0019.jpg	4	1.0,1.0,-1.0,1.0,-1.0,1.0,-1.0,-1.0,-1.0,-1.0,1.0,1.0,-1.0,1.0,-1.0,1.0,1.0,1.0,1.0,1.0,-1.0,-1.0,-1.0,1.0	0.017888414,0.26787797,-0.111470796,0.06452281,-0.26910815,0.25736254,-0.13312265,-0.26694217,-0.37900385,-0.27499536,0.26290402,0.04480427,-0.26664957,0.29438215,-0.1508623,0.16019279,0.25124305,0.13648134,0.54733545,0.08513161,-0.19427775,-0.15164037,-0.3806381,0.38271546
../data/train_data_mmini/5/Train_0020.jpg	5	-1.0,-1.0,1.0,1.0,1.0,1.0,1.0,1.0,1.0,1.0,-1.0,-1.0,1.0,1.0,1.0,1.0,-1.0,1.0,-1.0,1.0,1.0,1.0,1.0,-1.0	-0.016059099,-0.35315263,0.013760116,0.25100538,0.36112916,0.074723475,0.3031588,0.20598216,0.01210275,0.39795694,-0.18498437,-0.033631224,0.16994919,0.1150884,0.18577245,0.029741457,-0.21626213,0.31259355,-0.35130173,0.11983043,0.1742694,0.009409584,0.1452643,-0.29227823
../data/train_data_mmini/5/Train_0021.jpg	5	1.0,-1.0,-1.0,1.0,1.0,1.0,1.0,1.0,-1.0,1.0,-1.0,-1.0,1.0,-1.0,1.0,1.0,-1.0,1.0,-1.0,-1.0,1.0,1.0,-1.0,-1.0	0.004503356,-0.3105014,-0.4164072,0.2511876,0.49416885,0.08449223,0.104883365,0.34405914,-0.2399677,0.33132955,-0.18676238,-0.13669899,0.119376525,-0.58638453,0.32670268,0.12118466,-0.18633845,0.09121709,-0.101385295,-0.08386403,0.17086689,0.05180819,-0.06406163,-0.25334507
../data/train_data_mmini/5/Train_0022.jpg	5	1.0,-1.0,1.0,1.0,1.0,1.0,1.0,1.0,-1.0,1.0,-1.0,-1.0,1.0,-1.0,1.0,-1.0,-1.0,1.0,-1.0,1.0,1.0,1.0,-1.0,1.0	0.013265506,-0.07165643,0.20365345,0.16362722,0.22997335,0.17673185,0.23832951,0.13009788,-0.40175024,0.30422,-0.2112241,-0.033183474,0.10946663,-0.0058291946,0.05099671,-0.032343835,-0.016704852,0.43112472,-0.24268875,0.16067328,0.2699141,0.025383305,-0.04142595,0.13965753
../data/train_data_mmini/5/Train_0023.jpg	5	1.0,-1.0,1.0,1.0,1.0,1.0,1.0,1.0,-1.0,1.0,-1.0,-1.0,1.0,-1.0,1.0,-1.0,-1.0,1.0,-1.0,1.0,1.0,1.0,1.0,-1.0	0.020587342,-0.35805097,0.008274641,0.21298836,0.5126073,0.1696609,0.23086476,0.43878523,-0.22075397,0.532889,-0.23740102,-0.16829927,0.2188812,-0.13895011,0.2863415,-0.023298861,-0.22512905,0.4573664,-0.38867748,0.1806626,0.20607542,0.048749704,0.091755286,-0.20246938
../data/train_data_mmini/5/Train_0024.jpg	5	-1.0,-1.0,1.0,1.0,1.0,1.0,1.0,1.0,-1.0,1.0,1.0,1.0,1.0,-1.0,1.0,1.0,-1.0,1.0,-1.0,-1.0,1.0,-1.0,-1.0,-1.0	-0.15731731,-0.32950824,0.071289666,0.08697028,0.20704627,0.10232524,0.16857004,0.44992673,-0.023984136,0.1871415,0.05581939,0.19315177,0.34546086,-0.07332751,0.04489774,0.17354079,-0.46387833,0.23864058,-0.06021497,-0.09704815,0.14226015,-0.3082152,-0.115171544,-0.15908165
../data/train_data_mmini/6/Train_0025.jpg	6	-1.0,1.0,1.0,-1.0,-1.0,1.0,-1.0,-1.0,1.0,-1.0,1.0,1.0,-1.0,1.0,-1.0,-1.0,-1.0,1.0,1.0,-1.0,-1.0,-1.0,-1.0,1.0	-0.19585517,0.11050335,0.1929047,-0.5951159,-0.3274954,0.21103671,-0.18291272,-0.34741685,0.16466084,-0.5802459,0.9385238,0.26378265,-0.205361,0.5122088,-0.3155016,-0.003003893,-0.09799513,0.27910697,0.58077437,-0.16893925,-0.51812357,-0.5224613,-0.45717728,0.45304543
../data/train_data_mmini/6/Train_0026.jpg	6	1.0,-1.0,-1.0,1.0,1.0,-1.0,1.0,1.0,1.0,1.0,-1.0,-1.0,1.0,-1.0,1.0,-1.0,-1.0,-1.0,-1.0,-1.0,1.0,-1.0,1.0,-1.0	0.06729846,-0.3769059,-0.2829136,0.13196388,0.14307955,-0.371422,0.09437969,0.26874807,0.44473332,0.14519192,-0.4934049,-0.42689705,0.36300153,-0.31903246,0.34969878,-0.15252455,-0.44342977,-0.17396447,-0.2050347,-0.21776177,0.43270764,-0.028135829,0.5633477,-0.48302084
../data/train_data_mmini/6/Train_0027.jpg	6	1.0,-1.0,1.0,-1.0,-1.0,-1.0,-1.0,1.0,1.0,-1.0,1.0,1.0,1.0,1.0,-1.0,-1.0,1.0,1.0,1.0,-1.0,1.0,-1.0,1.0,1.0	0.09568225,-0.27503616,0.18700728,-0.2736495,-0.20817405,-0.3935334,-0.05305242,0.15819483,0.4995943,-0.52029806,0.2533952,0.088058785,0.010438439,0.08212303,-0.27962497,-0.4007784,0.009054696,0.22116219,0.28007272,-0.08535277,0.01233157,-0.21033835,0.16040587,0.0022321343
../data/train_data_mmini/6/Train_0028.jpg	6	1.0,-1.0,1.0,1.0,1.0,-1.0,1.0,1.0,-1.0,-1.0,-1.0,1.0,1.0,-1.0,-1.0,1.0,-1.0,-1.0,-1.0,1.0,1.0,-1.0,1.0,-1.0	0.02823572,-0.22253323,0.16823749,0.29312888,0.049043518,-0.10095156,0.13630603,0.007318505,-0.18249834,-0.22298107,-0.34863266,0.23152101,0.11289455,-0.08634817,-0.28716898,0.007113895,-0.13076694,-0.17238866,-0.00938895,0.07945182,0.34125498,-0.031293135,0.055015728,-0.0003277138
../data/train_data_mmini/6/Train_0029.jpg	6	-1.0,1.0,1.0,-1.0,-1.0,1.0,-1.0,-1.0,-1.0,-1.0,1.0,-1.0,1.0,-1.0,-1.0,1.0,-1.0,1.0,1.0,-1.0,-1.0,-1.0,-1.0,1.0	-0.10505411,0.27382264,0.14528705,-0.32021618,-0.5797125,0.107088216,-0.18786652,-0.43090174,-0.4156306,-0.3882754,0.44837567,-0.19574106,0.008987141,-0.06810426,-0.074234724,0.1271379,-0.08574495,0.024645904,0.6525021,-0.18265213,-0.2435679,-0.26606157,-0.45078242,0.6846336
../data/train_data_mmini/7/Train_0030.jpg	7	-1.0,-1.0,-1.0,1.0,1.0,-1.0,1.0,1.0,1.0,1.0,1.0,-1.0,1.0,-1.0,1.0,-1.0,-1.0,1.0,-1.0,-1.0,1.0,1.0,1.0,-1.0	-0.2009638,-0.28940824,-0.14243367,0.031920023,0.25771827,-0.041589323,0.099785775,0.06279194,0.14359358,0.21121506,0.16633706,-0.46477407,0.06885554,-0.2696866,0.35400227,-0.05666489,-0.21411793,0.21678221,-0.19226658,-0.0016644439,0.044865288,0.20988569,0.06800128,-0.15215781
../data/train_data_mmini/7/Train_0031.jpg	7	1.0,1.0,-1.0,-1.0,-1.0,-1.0,1.0,-1.0,-1.0,1.0,-1.0,-1.0,-1.0,-1.0,1.0,1.0,-1.0,-1.0,-1.0,-1.0,1.0,1.0,1.0,-1.0	0.09328923,0.18875569,-0.40549248,-0.14427386,-0.27138245,-0.059468944,0.0068945265,-0.1763386,-0.008231672,0.18285848,-0.14897616,-0.21220255,-0.07743202,-0.24735664,0.321247,0.1148602,-0.012229154,-0.18728667,-0.011381336,-0.3899097,0.13951178,0.16823815,0.026935272,-0.20622016
../data/train_data_mmini/7/Train_0032.jpg	7	-1.0,-1.0,-1.0,-1.0,-1.0,-1.0,1.0,1.0,1.0,-1.0,1.0,1.0,1.0,-1.0,-1.0,-1.0,-1.0,-1.0,1.0,-1.0,1.0,-1.0,1.0,-1.0	-0.059684202,-0.29106137,-0.39006105,-0.09671857,-0.12480521,-0.44275206,0.06387174,0.26448652,0.29452038,-0.40628812,0.13311402,0.09808957,0.07336293,-0.27262092,-0.16774508,-0.12119417,-0.330428,-0.18882254,0.39354265,-0.2780675,0.05130128,-0.12992457,0.02606985,-0.2030769
../data/train_data_mmini/7/Train_0033.jpg	7	-1.0,-1.0,1.0,1.0,1.0,-1.0,1.0,1.0,1.0,1.0,-1.0,1.0,1.0,1.0,1.0,-1.0,-1.0,1.0,-1.0,-1.0,1.0,-1.0,1.0,-1.0	-0.021440206,-0.44316667,0.14931478,0.0008794151,0.059182856,-0.21262224,0.34971356,0.23829746,0.29995352,0.084673665,-0.042995322,0.06857857,0.36665493,0.049337685,0.014208171,-0.029203547,-0.401882,0.29389042,-0.057260882,-0.0671936,0.22568472,-0.20768441,0.32896277,-0.24038807
../data/train_data_mmini/7/Train_0034.jpg	7	-1.0,-1.0,1.0,1.0,-1.0,-1.0,-1.0,1.0,1.0,-1.0,1.0,1.0,1.0,1.0,-1.0,-1.0,-1.0,1.0,1.0,1.0,1.0,-1.0,-1.0,1.0	-0.19811009,-0.31819838,0.27827495,0.102311306,-0.059606742,-0.28389147,-0.005298086,0.14118952,0.12864694,-0.88280445,0.502106,0.6335338,0.04965424,0.6002471,-0.9550789,-0.037778884,-0.06336894,0.24317746,0.6672661,0.12753774,0.00026232935,-0.50123554,-0.10117258,0.34131396
../data/train_data_mmini/8/Train_0035.jpg	8	1.0,1.0,1.0,-1.0,-1.0,-1.0,1.0,1.0,-1.0,-1.0,1.0,1.0,-1.0,-1.0,-1.0,-1.0,-1.0,1.0,1.0,-1.0,1.0,-1.0,-1.0,1.0	0.04055035,0.08482771,0.10388346,-0.15151395,-0.13485894,-0.0343397,0.029362652,0.060380593,-0.45627183,-0.19435884,0.1573769,0.0067283763,-0.024835367,-0.14795594,-0.072703205,-0.04087473,-0.0046757404,0.1579001,0.26893637,-0.037330285,0.040944494,-0.1029003,-0.34502482,0.31728625
../data/train_data_mmini/8/Train_0036.jpg	8	-1.0,1.0,1.0,-1.0,-1.0,-1.0,1.0,-1.0,-1.0,-1.0,1.0,1.0,1.0,-1.0,-1.0,-1.0,-1.0,1.0,1.0,-1.0,1.0,-1.0,-1.0,1.0	-0.0004903662,0.047840215,0.15908052,-0.37206745,-0.24091223,-0.088661976,0.22247902,-0.20662783,-0.1537704,-0.25356594,0.11586047,0.016084533,0.105034515,-0.026013898,-0.14141974,-0.03854748,-0.16588761,0.11974532,0.113221996,-0.23647942,0.16632737,-0.025918733,-0.19173926,0.14791588
../data/train_data_mmini/8/Train_0037.jpg	8	1.0,-1.0,-1.0,1.0,-1.0,-1.0,1.0,-1.0,1.0,-1.0,-1.0,-1.0,1.0,-1.0,1.0,1.0,-1.0,-1.0,1.0,-1.0,1.0,-1.0,1.0,1.0	0.038361058,-0.22782004,-0.23404355,0.03550086,-0.008952279,-0.22613934,0.18469357,-0.22602485,0.18385226,-0.19097255,-0.0031106195,-0.17366959,0.26557425,-0.21198796,0.17768365,0.088482775,-0.42958432,-0.23682156,0.29896376,-0.39253274,0.19743381,-0.04566677,0.14739749,0.055191115
../data/train_data_mmini/8/Train_0038.jpg	8	-1.0,1.0,1.0,-1.0,-1.0,-1.0,-1.0,-1.0,-1.0,-1.0,1.0,-1.0,-1.0,1.0,-1.0,-1.0,-1.0,1.0,1.0,-1.0,1.0,1.0,-1.0,1.0	-0.08041783,0.09059019,0.12316323,-0.024448924,-0.23871021,-0.08157211,-0.086537905,-0.07771407,-0.30048403,-0.20138605,0.14364654,-0.03632352,-0.15842496,0.057543516,-0.07407534,-0.007696153,-0.005626479,0.14645,0.20542695,-0.075526565,0.024992684,0.068675965,-0.2907859,0.34618884
../data/train_data_mmini/8/Train_0039.jpg	8	-1.0,1.0,1.0,-1.0,-1.0,-1.0,1.0,-1.0,-1.0,-1.0,1.0,-1.0,1.0,-1.0,-1.0,1.0,-1.0,1.0,1.0,1.0,1.0,-1.0,-1.0,1.0	-0.016324429,0.0040258225,0.09329653,-0.2574224,-0.26363456,-0.23305504,0.055074915,-0.050727546,-0.34556076,-0.4128119,0.47328743,-0.08401578,0.08776273,-0.21810879,-0.14314401,0.040596094,-0.1500472,0.024914721,0.49254513,0.0069933096,0.0041473303,-0.20165715,-0.38190818,0.3639251
../data/train_data_mmini/9/Train_0040.jpg	9	1.0,-1.0,-1.0,1.0,1.0,1.0,1.0,1.0,-1.0,1.0,-1.0,-1.0,1.0,-1.0,1.0,1.0,-1.0,1.0,-1.0,-1.0,1.0,-1.0,-1.0,-1.0	0.036359534,-0.22389159,-0.097728424,0.3078487,0.327676,0.16518307,0.12407197,0.06104611,-0.28590706,0.22497366,-0.005938122,-0.020880315,0.18763413,-0.22811675,0.2200994,0.17804183,-0.19808708,0.12675971,-0.04511884,-0.036767736,0.08191732,-0.12716734,-0.14745824,-0.04991226
../data/train_data_mmini/9/Train_0041.jpg	9	1.0,-1.0,1.0,1.0,-1.0,-1.0,1.0,-1.0,1.0,-1.0,-1.0,1.0,1.0,1.0,-1.0,-1.0,-1.0,1.0,1.0,-1.0,1.0,-1.0,1.0,-1.0	0.12864609,-0.19474587,0.048379663,0.03920854,-0.1601716,-0.2756747,0.18780617,-0.03991346,0.27306247,-0.08726633,-0.13679962,0.19619723,0.06436105,0.34581524,-0.17405333,-0.09714557,-0.016804615,0.056566887,0.123820215,-0.10562065,0.28111014,-0.07167855,0.24692488,-0.22144042
../data/train_data_mmini/9/Train_0042.jpg	9	-1.0,-1.0,-1.0,1.0,1.0,1.0,-1.0,1.0,-1.0,-1.0,1.0,-1.0,1.0,-1.0,1.0,1.0,-1.0,-1.0,1.0,-1.0,1.0,-1.0,-1.0,-1.0	-0.032890752,-0.09031018,-0.23315467,0.26856238,0.14549921,0.17175387,-0.08864227,0.075802386,-0.19336295,-0.10327155,0.19066988,-0.04692379,0.2635867,-0.26058325,0.11245878,0.24200606,-0.21398047,-0.05901427,0.20016687,-0.17711096,0.045596518,-0.21692683,-0.23093364,-0.00722079
../data/train_data_mmini/9/Train_0043.jpg	9	1.0,1.0,1.0,1.0,1.0,1.0,1.0,-1.0,-1.0,1.0,-1.0,-1.0,-1.0,-1.0,1.0,1.0,1.0,1.0,1.0,1.0,1.0,1.0,-1.0,1.0	0.055302456,0.05022893,0.07770876,0.15161978,0.19079658,0.23049992,0.14001544,-0.09668878,-0.52167594,0.07156018,-0.27742237,-0.039767373,-0.032320727,-0.18232109,0.08180554,0.09013558,0.008451467,0.23990262,0.024522744,0.059835374,0.20213364,0.09099208,-0.1567006,0.17794399
../data/train_data_mmini/9/Train_0044.jpg	9	-1.0,1.0,-1.0,-1.0,-1.0,1.0,-1.0,-1.0,-1.0,-1.0,1.0,-1.0,1.0,-1.0,1.0,1.0,-1.0,1.0,1.0,-1.0,-1.0,-1.0,-1.0,1.0	-0.04513423,0.077600636,-0.23913991,-0.20387422,-0.16779806,0.16850446,-0.1162381,-0.082371935,-0.24388729,-0.18696459,0.48811004,-0.17447975,0.021235447,-0.12726921,0.070167586,0.20784663,-0.23100397,0.013418653,0.27687755,-0.13200055,-0.22470835,-0.22584751,-0.40983617,0.07188794
../data/train_data_mmini/10/Train_0045.jpg	10	-1.0,1.0,1.0,-1.0,-1.0,-1.0,-1.0,-1.0,-1.0,-1.0,1.0,1.0,1.0,-1.0,-1.0,-1.0,1.0,1.0,1.0,-1.0,-1.0,-1.0,-1.0,1.0	-0.09951781,0.12526223,0.18396185,-0.4712426,-0.66437334,-0.25241163,-0.044615183,-0.26974925,-0.16011193,-0.78531414,0.6623885,0.12982786,0.091965884,-0.025856296,-0.68230784,-0.040780116,0.06979099,0.17930414,0.83529645,-0.29877144,-0.018632105,-0.36137813,-0.37963325,0.7104769
../data/train_data_mmini/10/Train_0046.jpg	10	-1.0,-1.0,-1.0,-1.0,-1.0,-1.0,-1.0,-1.0,-1.0,-1.0,1.0,-1.0,1.0,1.0,-1.0,1.0,-1.0,-1.0,1.0,1.0,-1.0,-1.0,-1.0,1.0	-0.22788487,-0.22496286,-0.010731574,-0.053922884,-0.35599995,-0.2207421,-0.21193728,-0.011411927,-0.14450727,-0.8285522,0.7882821,-0.06239487,0.110378295,0.08617384,-0.39901766,0.12618221,-0.32724953,-0.12471307,0.8420838,0.025562704,-0.33924466,-0.38794205,-0.27736574,0.47000045
../data/train_data_mmini/10/Train_0047.jpg	10	-1.0,1.0,1.0,-1.0,-1.0,1.0,-1.0,-1.0,-1.0,-1.0,1.0,1.0,-1.0,-1.0,-1.0,1.0,-1.0,1.0,1.0,-1.0,1.0,-1.0,-1.0,1.0	-0.14622422,0.15786988,0.038156893,-0.2811784,-0.3629131,0.026028927,-0.12741694,-0.32395542,-0.28067043,-0.61672777,0.3861915,0.18306194,-0.18567838,-0.03294958,-0.37051532,0.15363093,-0.026308635,0.080883004,0.68764806,-0.35356942,0.03224305,-0.116145,-0.48302382,0.51845837
../data/train_data_mmini/10/Train_0048.jpg	10	-1.0,1.0,1.0,-1.0,-1.0,1.0,-1.0,1.0,-1.0,-1.0,1.0,1.0,-1.0,1.0,-1.0,1.0,1.0,1.0,1.0,1.0,-1.0,-1.0,-1.0,1.0	-0.16427812,0.16628426,0.20246412,-0.83231395,-0.5776107,0.09203168,-0.2692206,0.00739655,-0.4091143,-0.58427364,1.4422946,0.24991173,-0.28077906,0.56203306,-0.5117084,0.111132294,0.025774172,0.5208895,0.64821035,0.03969378,-0.59713626,-0.50347894,-0.7350608,0.6394839
../data/train_data_mmini/10/Train_0049.jpg	10	-1.0,1.0,1.0,-1.0,-1.0,-1.0,-1.0,-1.0,-1.0,-1.0,1.0,1.0,1.0,-1.0,-1.0,1.0,-1.0,1.0,1.0,-1.0,1.0,-1.0,-1.0,1.0	-0.045055047,0.15210523,0.08924883,-0.18300961,-0.26315448,-0.05079097,-0.09849579,-0.10325068,-0.30973798,-0.44562715,0.29906967,0.10446294,0.017623555,-0.060386747,-0.2407348,0.029470539,-0.14522274,0.09275917,0.52421373,-0.1852241,0.04021243,-0.29345593,-0.3931528,0.4150372
