../data/train_data_mmini/1/Train_0000.jpg	1	1.0,1.0,1.0,-1.0,-1.0,1.0,-1.0,-1.0,1.0,-1.0,1.0,-1.0	0.37069374,0.0077856123,0.39037535,-0.06529114,-0.1028274,0.22185878,-0.05544091,-0.5668909,0.16012603,-0.27105278,0.05931211,-0.39011478
../data/train_data_mmini/1/Train_0001.jpg	1	1.0,-1.0,1.0,-1.0,-1.0,1.0,-1.0,-1.0,-1.0,-1.0,-1.0,-1.0	0.24138439,-0.073893525,0.3374987,-0.15808122,-0.38763317,0.22072105,-0.029552111,-0.50293696,-0.24964403,-0.15701373,-0.1547957,-0.38651976
../data/train_data_mmini/1/Train_0002.jpg	1	1.0,-1.0,1.0,-1.0,-1.0,1.0,1.0,-1.0,-1.0,-1.0,1.0,-1.0	0.090105064,-0.25284824,0.69931674,-0.17170167,-0.24248323,0.13102214,0.15337412,-0.44623864,-0.19153519,-0.24811374,0.047040764,-0.57485175
../data/train_data_mmini/1/Train_0003.jpg	1	1.0,1.0,1.0,-1.0,1.0,1.0,-1.0,-1.0,1.0,-1.0,1.0,-1.0	0.5012303,0.18193656,0.4014744,-0.009836398,0.02465507,0.18118079,-0.07749129,-0.60079724,0.28656006,-0.2836112,0.053574983,-0.39002576
../data/train_data_mmini/1/Train_0004.jpg	1	1.0,1.0,1.0,-1.0,-1.0,1.0,-1.0,-1.0,1.0,-1.0,1.0,-1.0	0.51754254,0.1951437,0.41888812,-0.064533494,-0.055682573,0.24259065,-0.11514313,-0.64633805,0.23401518,-0.1364264,0.09144647,-0.44863293
../data/train_data_mmini/2/Train_0005.jpg	2	1.0,1.0,1.0,-1.0,-1.0,1.0,-1.0,-1.0,-1.0,-1.0,1.0,-1.0	0.4224714,0.008068914,0.17289165,-0.04613329,-0.24767613,0.049144406,-0.15727337,-0.6299651,-0.10109719,-0.039635435,0.038929913,-0.40137663
../data/train_data_mmini/2/Train_0006.jpg	2	-1.0,-1.0,1.0,-1.0,-1.0,-1.0,-1.0,-1.0,-1.0,-1.0,1.0,-1.0	-0.013958834,-0.46334684,0.855213,-0.36709177,-0.17024097,-0.058361497,-0.09846259,-0.5615996,-0.1768109,-0.4796736,0.121573724,-0.41932592
../data/train_data_mmini/2/Train_0007.jpg	2	1.0,1.0,1.0,1.0,1.0,1.0,-1.0,-1.0,1.0,-1.0,1.0,-1.0	0.59953666,0.23073578,0.57061553,0.0726378,0.16526458,0.034742508,-0.16827263,-0.643217,0.52484035,-0.35847574,0.21235937,-0.28235087
../data/train_data_mmini/2/Train_0008.jpg	2	1.0,-1.0,1.0,-1.0,1.0,1.0,-1.0,-1.0,1.0,-1.0,1.0,-1.0	0.33398324,-0.13959706,0.6267708,-0.04320244,0.005916085,0.16349386,-0.14441524,-0.73004234,0.1482393,-0.3193917,0.09385405,-0.3399451
../data/train_data_mmini/2/Train_0009.jpg	2	1.0,-1.0,1.0,-1.0,-1.0,1.0,-1.0,-1.0,1.0,-1.0,1.0,-1.0	0.28310686,-0.12209783,0.2667161,-0.11171815,-0.28237638,0.084405944,-0.23985375,-0.5261767,0.0036227806,-0.21476543,0.042495433,-0.5138561
../data/train_data_mmini/3/Train_0010.jpg	3	1.0,-1.0,1.0,-1.0,1.0,-1.0,-1.0,-1.0,1.0,-1.0,1.0,-1.0	0.3117267,-0.08441604,0.9075682,-0.026770514,0.12130305,-0.26604065,-0.20819063,-0.6429217,0.16119348,-0.35857806,0.4817374,-0.41381472
../data/train_data_mmini/3/Train_0011.jpg	3	1.0,1.0,1.0,1.0,-1.0,1.0,1.0,-1.0,-1.0,1.0,-1.0,-1.0	0.6359351,0.31208754,0.22654483,0.24182867,-0.14572588,0.4635417,0.16981314,-0.6035123,-0.018580038,0.15315647,-0.2717626,-0.5623875
../data/train_data_mmini/3/Train_0012.jpg	3	1.0,-1.0,-1.0,-1.0,-1.0,1.0,-1.0,-1.0,-1.0,1.0,-1.0,-1.0	0.11962777,-0.010817712,-0.10201439,-0.30851403,-0.8248755,0.4623005,-0.040777393,-0.31344593,-0.52454,0.34917736,-0.36336994,-0.7850174
../data/train_data_mmini/3/Train_0013.jpg	3	-1.0,-1.0,1.0,-1.0,-1.0,1.0,-1.0,-1.0,-1.0,-1.0,-1.0,-1.0	-0.047042117,-0.38034075,1.1979914,-0.5198636,-0.12635952,0.14163066,-0.055826552,-0.5656509,-0.16466407,-0.54410714,-0.06646573,-0.3803823
../data/train_data_mmini/3/Train_0014.jpg	3	1.0,-1.0,1.0,1.0,-1.0,1.0,-1.0,-1.0,1.0,-1.0,1.0,-1.0	0.5111837,-0.08232982,0.44699493,0.0013351846,-0.15297544,0.07365629,-0.14802964,-0.70615053,0.056649487,-0.18319471,0.0045862845,-0.40528563
../data/train_data_mmini/4/Train_0015.jpg	4	1.0,-1.0,1.0,-1.0,-1.0,1.0,1.0,-1.0,1.0,-1.0,1.0,-1.0	0.12964164,-0.1449599,0.5666814,-0.29088378,-0.2490373,0.3093117,0.024446001,-0.43600994,0.029759537,-0.23311487,0.029292827,-0.5312381
../data/train_data_mmini/4/Train_0016.jpg	4	1.0,-1.0,1.0,-1.0,-1.0,1.0,1.0,-1.0,-1.0,-1.0,-1.0,-1.0	0.27873743,-0.19614956,0.07831803,-0.018947314,-0.33073887,0.10758658,0.02260535,-0.517549,-0.30094665,-0.16356385,-0.12084379,-0.35518512
../data/train_data_mmini/4/Train_0017.jpg	4	-1.0,-1.0,1.0,-1.0,-1.0,1.0,1.0,-1.0,-1.0,-1.0,-1.0,-1.0	-0.12994806,-0.54173267,0.46571693,-0.34886476,-0.5829728,0.07638334,0.018130353,-0.27868766,-0.5772985,-0.0628278,-0.10689255,-0.64110965
../data/train_data_mmini/4/Train_0018.jpg	4	1.0,-1.0,1.0,-1.0,-1.0,1.0,-1.0,-1.0,-1.0,-1.0,1.0,-1.0	0.13027985,-0.23777983,0.3947501,-0.20284887,-0.42583117,0.021530602,-0.05549676,-0.40786064,-0.318244,-0.047582373,0.1163458,-0.46777815
../data/train_data_mmini/4/Train_0019.jpg	4	1.0,-1.0,1.0,-1.0,1.0,-1.0,-1.0,-1.0,1.0,-1.0,1.0,-1.0	0.27175754,-0.15529591,0.9384603,-0.32014552,0.0520198,-0.06291157,-0.12036694,-0.6884816,0.047745418,-0.4746881,0.07185171,-0.35206142
../data/train_data_mmini/5/Train_0020.jpg	5	1.0,1.0,1.0,-1.0,-1.0,1.0,-1.0,-1.0,1.0,-1.0,1.0,-1.0	0.54024094,0.1760115,0.46241102,-0.0016988241,-0.056499038,0.05197807,-0.12699236,-0.63130933,0.26091197,-0.24634159,0.1322011,-0.3514341
../data/train_data_mmini/5/Train_0021.jpg	5	1.0,1.0,1.0,-1.0,1.0,1.0,1.0,-1.0,1.0,-1.0,1.0,-1.0	0.35816061,0.022621686,0.50899714,-0.07199969,0.0046347044,0.3159707,0.0068084504,-0.527118,0.2315547,-0.21514533,0.012680715,-0.45984685
../data/train_data_mmini/5/Train_0022.jpg	5	1.0,1.0,1.0,-1.0,1.0,1.0,-1.0,-1.0,1.0,-1.0,1.0,-1.0	0.47041422,0.07755219,0.4656274,-0.023060335,0.0001851581,0.036331017,-0.2624477,-0.6721578,0.3688395,-0.27761507,0.15200266,-0.28584835
../data/train_data_mmini/5/Train_0023.jpg	5	1.0,1.0,1.0,1.0,1.0,1.0,-1.0,-1.0,1.0,-1.0,1.0,-1.0	0.4966619,0.1455046,0.47830918,0.007227956,0.031359997,0.01679534,-0.16294177,-0.5583028,0.32721522,-0.25396383,0.14816731,-0.36891314
../data/train_data_mmini/5/Train_0024.jpg	5	1.0,1.0,1.0,1.0,1.0,1.0,1.0,-1.0,1.0,-1.0,1.0,-1.0	0.5650098,0.23735607,0.49917236,0.021300215,0.09845194,0.27238795,0.027930012,-0.60235244,0.43814385,-0.14401542,0.095921494,-0.5403078
../data/train_data_mmini/6/Train_0025.jpg	6	1.0,1.0,1.0,1.0,1.0,-1.0,-1.0,-1.0,1.0,-1.0,1.0,-1.0	0.7269278,0.11279314,0.89155376,0.011505963,0.2416515,-0.14120252,-0.08086652,-0.68839127,0.5299804,-0.2709997,0.30502808,-0.49998644
../data/train_data_mmini/6/Train_0026.jpg	6	1.0,-1.0,1.0,-1.0,-1.0,-1.0,-1.0,-1.0,-1.0,-1.0,1.0,-1.0	0.14994891,-0.15395424,0.57866377,-0.2571198,-0.30972755,-0.006007713,-0.073372014,-0.2895044,-0.29228377,-0.28828642,0.038348887,-0.42649868
../data/train_data_mmini/6/Train_0027.jpg	6	1.0,-1.0,1.0,1.0,-1.0,-1.0,-1.0,-1.0,-1.0,-1.0,-1.0,-1.0	0.50055677,-0.08482958,0.31474128,0.021374345,-0.3018752,-0.008712482,-0.17677133,-0.65071636,-0.085308425,-0.1814006,-0.049914148,-0.54046744
../data/train_data_mmini/6/Train_0028.jpg	6	1.0,1.0,1.0,1.0,-1.0,1.0,-1.0,-1.0,1.0,-1.0,-1.0,-1.0	0.6040621,0.123226516,0.40191212,0.061500873,-0.057636295,0.13047107,-0.001781294,-0.6036172,0.08358229,-0.104547456,-0.0065149018,-0.44587648
../data/train_data_mmini/6/Train_0029.jpg	6	1.0,-1.0,1.0,-1.0,1.0,1.0,-1.0,-1.0,1.0,-1.0,1.0,-1.0	0.2980613,-0.14843681,0.8606267,-0.22616339,0.0617592,0.044992287,-0.11704142,-0.68754154,0.17488793,-0.40101784,0.21594855,-0.45245555
../data/train_data_mmini/7/Train_0030.jpg	7	1.0,-1.0,1.0,-1.0,-1.0,1.0,-1.0,-1.0,1.0,-1.0,-1.0,-1.0	0.34331757,-0.054449387,0.16142169,-0.07219593,-0.29710564,0.20036823,-0.13393117,-0.5693501,0.02776308,-0.22994731,-0.13036251,-0.38790312
../data/train_data_mmini/7/Train_0031.jpg	7	1.0,-1.0,1.0,-1.0,-1.0,1.0,-1.0,-1.0,-1.0,-1.0,1.0,-1.0	0.1339851,-0.2379297,0.73208016,-0.27450097,-0.25270525,0.07108092,-0.15523995,-0.5520199,-0.11757492,-0.30655602,0.05039609,-0.44825098
../data/train_data_mmini/7/Train_0032.jpg	7	1.0,-1.0,1.0,-1.0,-1.0,1.0,1.0,-1.0,-1.0,1.0,-1.0,-1.0	0.4206437,-0.019129818,0.30927852,-0.07466209,-0.3556423,0.3735821,0.1151064,-0.5853272,-0.104414634,0.11609354,-0.16933995,-0.629653
../data/train_data_mmini/7/Train_0033.jpg	7	1.0,-1.0,1.0,1.0,-1.0,1.0,-1.0,-1.0,1.0,-1.0,1.0,-1.0	0.55828416,-0.027958756,0.105770856,0.03031116,-0.24848488,0.001420233,-0.07725317,-0.5799776,0.119219996,-0.025612526,0.079856016,-0.574014
../data/train_data_mmini/7/Train_0034.jpg	7	1.0,1.0,1.0,1.0,1.0,1.0,1.0,-1.0,1.0,1.0,-1.0,-1.0	1.3323982,0.6887888,0.5900023,0.42006424,0.44059303,0.19301473,0.2756673,-0.8665644,0.7006494,0.03039705,-0.05360615,-0.29066744
../data/train_data_mmini/8/Train_0035.jpg	8	1.0,-1.0,1.0,-1.0,-1.0,1.0,-1.0,-1.0,1.0,-1.0,1.0,-1.0	0.41352665,-0.03925056,0.4211184,-0.059047677,-0.10444084,0.19737531,-0.2057723,-0.6644674,0.25479692,-0.114008576,0.07861311,-0.43299773
../data/train_data_mmini/8/Train_0036.jpg	8	1.0,-1.0,1.0,-1.0,-1.0,-1.0,-1.0,-1.0,1.0,-1.0,1.0,-1.0	0.3044362,-0.18497276,0.57418364,-0.17290087,-0.2432797,-0.11962974,-0.21717809,-0.54060656,0.03425063,-0.19208534,0.1610339,-0.4917958
../data/train_data_mmini/8/Train_0037.jpg	8	1.0,-1.0,1.0,-1.0,-1.0,1.0,1.0,-1.0,1.0,-1.0,-1.0,-1.0	0.4002214,-0.03802038,0.40143272,-0.026790805,-0.14877316,0.15374762,0.04163932,-0.45429993,0.017467659,-0.1643956,-0.07576441,-0.4742199
../data/train_data_mmini/8/Train_0038.jpg	8	1.0,-1.0,1.0,-1.0,-1.0,1.0,-1.0,-1.0,1.0,-1.0,-1.0,-1.0	0.30804986,-0.11966521,0.69973415,-0.14919579,-0.036017988,0.17445377,-0.132724,-0.70632476,0.151112,-0.38993037,-0.014515514,-0.38240492
../data/train_data_mmini/8/Train_0039.jpg	8	1.0,-1.0,1.0,-1.0,-1.0,1.0,-1.0,-1.0,1.0,-1.0,1.0,-1.0	0.29919755,-0.12940934,0.4708878,-0.15958828,-0.20417902,0.1795807,-0.19061615,-0.61342597,0.12824647,-0.104064,0.0681443,-0.5063965
../data/train_data_mmini/9/Train_0040.jpg	9	1.0,1.0,1.0,1.0,-1.0,1.0,-1.0,-1.0,1.0,-1.0,1.0,-1.0	0.46240765,0.102863304,0.4389315,0.0025955844,-0.013468657,0.20227154,-0.09876401,-0.62629294,0.31661612,-0.25006375,0.08566905,-0.41410956
../data/train_data_mmini/9/Train_0041.jpg	9	1.0,1.0,1.0,1.0,-1.0,1.0,-1.0,-1.0,-1.0,1.0,-1.0,-1.0	0.72060424,0.19913328,0.08360085,0.092361316,-0.3571103,0.025794495,-0.08607758,-0.7026939,-0.113307975,0.07541136,-0.018174822,-0.45916888
../data/train_data_mmini/9/Train_0042.jpg	9	1.0,1.0,1.0,-1.0,-1.0,1.0,1.0,-1.0,1.0,-1.0,1.0,-1.0	0.2285827,0.023402208,0.7833889,-0.14535901,-0.050860915,0.31592697,0.07110398,-0.5035011,0.16767417,-0.3031803,0.041976813,-0.5349102
../data/train_data_mmini/9/Train_0043.jpg	9	1.0,-1.0,1.0,-1.0,-1.0,-1.0,-1.0,-1.0,1.0,-1.0,1.0,-1.0	0.35635006,-0.10901756,0.7004473,-0.1465514,-0.05344442,-0.012051772,-0.21324916,-0.62640154,0.2197407,-0.3993591,0.19586444,-0.38199756
../data/train_data_mmini/9/Train_0044.jpg	9	1.0,-1.0,1.0,-1.0,-1.0,1.0,-1.0,-1.0,-1.0,-1.0,1.0,-1.0	0.07507444,-0.27052176,0.7349665,-0.25850877,-0.1506277,0.11343002,-0.12336201,-0.5159976,-0.015134473,-0.38955215,0.05086494,-0.55524373
../data/train_data_mmini/10/Train_0045.jpg	10	1.0,-1.0,1.0,-1.0,-1.0,1.0,-1.0,-1.0,-1.0,-1.0,-1.0,-1.0	0.3447758,-0.1711722,0.2717695,-0.23992938,-0.28469846,0.20965151,-0.23838972,-0.5550582,-0.062286366,-0.0069666915,-0.11646836,-0.4678302
../data/train_data_mmini/10/Train_0046.jpg	10	1.0,-1.0,1.0,-1.0,1.0,1.0,1.0,-1.0,-1.0,-1.0,-1.0,-1.0	0.10855779,-0.33705157,0.6463726,-0.06853931,0.021924432,0.16421972,0.06190353,-0.48169965,-0.13525672,-0.30152196,-0.058847573,-0.52815366
../data/train_data_mmini/10/Train_0047.jpg	10	1.0,-1.0,1.0,-1.0,1.0,1.0,-1.0,-1.0,1.0,-1.0,1.0,-1.0	0.4706897,-0.08021117,0.7711878,-0.16104983,0.051717546,0.18444426,-0.07464708,-0.75474524,0.22108816,-0.2149242,0.0049272827,-0.48869574
../data/train_data_mmini/10/Train_0048.jpg	10	1.0,1.0,1.0,-1.0,1.0,1.0,-1.0,-1.0,1.0,-1.0,1.0,-1.0	0.5910942,0.011991495,0.5960155,-0.12191955,0.065593034,0.13514048,-0.2311223,-0.8542754,0.3537667,-0.15325584,0.03429282,-0.52765435
../data/train_data_mmini/10/Train_0049.jpg	10	1.0,-1.0,1.0,-1.0,-1.0,1.0,-1.0,-1.0,1.0,-1.0,1.0,-1.0	0.37467647,-0.09824646,0.62276274,-0.07024003,-0.03391168,0.18288593,-0.11759157,-0.6143909,0.22022854,-0.20567665,0.043742422,-0.44308725
