../data/train_data_mmini/1/Train_0000.jpg	1	1.0,-1.0,-1.0,1.0,1.0,1.0,1.0,1.0,-1.0,-1.0,-1.0,-1.0	0.72542244,-0.20731033,-0.46991363,0.1902793,0.11373275,4.850138,1.5158099,0.8324849,-0.029373996,-0.691726,-0.116868965,-0.5656554
../data/train_data_mmini/1/Train_0001.jpg	1	1.0,-1.0,-1.0,-1.0,-1.0,1.0,1.0,1.0,1.0,-1.0,-1.0,-1.0	1.0925651,-0.14702527,-0.3526304,-0.030866258,-0.0029955758,4.6319304,1.3117703,0.84572405,0.05843883,-0.599446,-0.33902904,-0.3853678
../data/train_data_mmini/1/Train_0002.jpg	1	1.0,-1.0,-1.0,1.0,1.0,1.0,1.0,1.0,1.0,-1.0,1.0,-1.0	0.72273535,-0.27223498,-0.5566511,0.3384755,0.39017233,4.2545533,1.2081481,0.9815336,0.31405532,-0.47802165,0.26854205,-0.25423497
../data/train_data_mmini/1/Train_0003.jpg	1	1.0,-1.0,-1.0,1.0,1.0,1.0,1.0,1.0,-1.0,-1.0,-1.0,-1.0	0.67935187,-0.33491707,-0.3950226,0.18752241,0.11022904,4.9309616,1.6213995,0.8440314,-0.1797958,-0.7011737,-0.15799674,-0.72717065
../data/train_data_mmini/1/Train_0004.jpg	1	1.0,-1.0,-1.0,1.0,1.0,1.0,1.0,1.0,1.0,-1.0,1.0,-1.0	0.67940974,-0.5319315,-0.5788782,0.38248426,0.29107013,5.0997815,1.4708078,1.0980922,0.16836464,-0.6043436,0.16421714,-0.6282542
../data/train_data_mmini/2/Train_0005.jpg	2	1.0,-1.0,-1.0,1.0,-1.0,1.0,1.0,1.0,1.0,-1.0,-1.0,-1.0	0.82067305,-0.007062566,-0.47511855,0.16691193,-0.025843147,3.9841835,1.1937293,0.72057426,0.19588503,-0.3934271,-0.105138175,-0.314878
../data/train_data_mmini/2/Train_0006.jpg	2	1.0,1.0,-1.0,-1.0,-1.0,1.0,1.0,1.0,1.0,-1.0,-1.0,1.0	1.6595105,1.1791289,-0.516913,-0.01933726,-0.76334184,4.1939793,1.6270441,1.0998188,0.3554284,-0.7337598,-0.20535728,0.4594196
../data/train_data_mmini/2/Train_0007.jpg	2	1.0,-1.0,-1.0,1.0,1.0,1.0,1.0,1.0,1.0,-1.0,1.0,-1.0	0.4478946,-0.55741566,-0.6466247,0.46477854,0.74571663,5.18337,1.8733972,1.1038202,0.06262282,-0.7306042,0.4518823,-0.7190359
../data/train_data_mmini/2/Train_0008.jpg	2	1.0,1.0,-1.0,1.0,1.0,1.0,1.0,1.0,1.0,-1.0,1.0,1.0	0.9453127,0.028798435,-0.58159417,0.26614562,0.5278927,4.674092,1.3874766,1.2259169,0.620268,-0.45433763,0.47915238,0.043087292
../data/train_data_mmini/2/Train_0009.jpg	2	1.0,1.0,-1.0,1.0,-1.0,1.0,1.0,1.0,1.0,-1.0,-1.0,-1.0	1.156928,0.037031073,-0.45260358,0.103319295,-0.22170356,4.8871994,1.4567679,0.91704196,0.036372937,-0.68832713,-0.4636332,-0.47501677
../data/train_data_mmini/3/Train_0010.jpg	3	1.0,-1.0,-1.0,1.0,1.0,1.0,1.0,1.0,1.0,-1.0,1.0,-1.0	0.9661415,-0.23378855,-0.4358343,0.29345047,0.6869841,3.5503602,1.0972753,1.4652383,0.9339611,-0.2713444,0.6635804,-0.020898534
../data/train_data_mmini/3/Train_0011.jpg	3	1.0,-1.0,-1.0,1.0,1.0,1.0,1.0,1.0,1.0,-1.0,1.0,-1.0	0.30196574,-0.8148754,-0.42122933,0.38299215,0.5088653,4.293455,0.7627699,0.77210695,0.2569021,-0.47505525,0.21033828,-0.4741636
../data/train_data_mmini/3/Train_0012.jpg	3	1.0,-1.0,-1.0,1.0,-1.0,1.0,1.0,1.0,-1.0,-1.0,-1.0,-1.0	1.089406,-0.6854263,-0.31723177,0.40854186,-0.48444906,4.810109,0.91073227,0.77329695,-0.10068583,-0.55416065,-0.5082085,-0.7529615
../data/train_data_mmini/3/Train_0013.jpg	3	1.0,1.0,-1.0,1.0,-1.0,1.0,1.0,1.0,1.0,-1.0,1.0,1.0	1.7855377,0.68466634,-0.5801937,0.014034218,-0.20432818,4.5871882,1.292334,1.1807915,0.5682837,-0.44499636,0.07386721,0.5279086
../data/train_data_mmini/3/Train_0014.jpg	3	1.0,-1.0,-1.0,1.0,-1.0,1.0,1.0,1.0,1.0,-1.0,1.0,-1.0	0.97458345,-0.18150459,-0.588396,0.22053748,-0.033909004,4.457797,1.2655563,0.9845608,0.34555888,-0.47014013,0.092036165,-0.2695617
../data/train_data_mmini/4/Train_0015.jpg	4	1.0,-1.0,-1.0,1.0,1.0,1.0,1.0,1.0,1.0,-1.0,1.0,-1.0	1.1264174,-0.1440291,-0.78385174,0.3741979,0.072048,5.3461328,1.7106633,1.0225438,0.11306328,-0.5635444,0.38902992,-0.2167991
../data/train_data_mmini/4/Train_0016.jpg	4	1.0,1.0,-1.0,1.0,1.0,1.0,1.0,1.0,-1.0,-1.0,-1.0,-1.0	0.6533366,0.17247234,-0.1616076,0.03766609,0.05578326,3.7226963,0.8224984,0.4142452,-0.012956999,-0.5193389,-0.36948004,-0.40828592
../data/train_data_mmini/4/Train_0017.jpg	4	1.0,1.0,-1.0,-1.0,-1.0,1.0,1.0,1.0,1.0,-1.0,-1.0,1.0	1.7498958,0.8989307,-0.385202,-0.046839766,-0.9037203,4.3423524,0.91958106,0.88899595,0.24810402,-0.4657925,-0.6222006,0.31505638
../data/train_data_mmini/4/Train_0018.jpg	4	1.0,-1.0,-1.0,1.0,1.0,1.0,1.0,1.0,1.0,-1.0,1.0,-1.0	0.84570813,-0.13538955,-0.44876903,0.1052878,0.040410805,3.2998075,0.9773881,0.75499785,0.3078907,-0.26231113,0.05486146,-0.24153306
../data/train_data_mmini/4/Train_0019.jpg	4	1.0,1.0,-1.0,1.0,-1.0,1.0,1.0,1.0,1.0,-1.0,1.0,1.0	1.5151398,0.88383,-0.793849,0.1311652,-0.28001,4.7543054,1.5802613,1.1777809,0.61689365,-0.654192,0.35338977,0.61298126
../data/train_data_mmini/5/Train_0020.jpg	5	1.0,-1.0,-1.0,1.0,1.0,1.0,1.0,1.0,1.0,-1.0,1.0,-1.0	0.83054596,-0.20820875,-0.54851145,0.3073184,0.1917151,5.2071667,1.7811906,1.0365943,0.061058886,-0.76274717,0.061215583,-0.60952765
../data/train_data_mmini/5/Train_0021.jpg	5	1.0,-1.0,-1.0,1.0,1.0,1.0,1.0,1.0,1.0,-1.0,1.0,-1.0	0.9958624,-0.31900075,-0.781393,0.3984505,0.021479148,5.749729,1.8751026,1.0967693,0.18645129,-0.75362587,0.07820622,-0.40991348
../data/train_data_mmini/5/Train_0022.jpg	5	1.0,-1.0,-1.0,1.0,1.0,1.0,1.0,1.0,1.0,-1.0,1.0,-1.0	0.833051,-0.083462164,-0.55151504,0.24218512,0.4043679,4.9991117,1.7533251,1.1085105,0.20651767,-0.65877825,0.25310537,-0.32407564
../data/train_data_mmini/5/Train_0023.jpg	5	1.0,-1.0,-1.0,1.0,1.0,1.0,1.0,1.0,-1.0,-1.0,1.0,-1.0	0.61705077,-0.435514,-0.5655859,0.2920407,0.25556985,4.855037,1.899419,0.9503678,-0.06698515,-0.80237025,0.02575988,-0.83718556
../data/train_data_mmini/5/Train_0024.jpg	5	1.0,-1.0,-1.0,1.0,1.0,1.0,1.0,1.0,1.0,-1.0,1.0,-1.0	0.42111516,-0.90769273,-0.58359396,0.6689209,0.31451052,4.9600472,1.5238919,0.9851797,0.095460124,-0.57757837,0.3336588,-0.82492656
../data/train_data_mmini/6/Train_0025.jpg	6	1.0,-1.0,-1.0,1.0,1.0,1.0,1.0,1.0,1.0,-1.0,1.0,-1.0	0.4509373,-0.5398356,-0.16095926,0.35572833,0.23025505,3.8403487,0.8419941,0.75730544,0.21656701,-0.28394297,0.04564834,-0.41668552
../data/train_data_mmini/6/Train_0026.jpg	6	1.0,1.0,-1.0,1.0,-1.0,1.0,1.0,1.0,1.0,-1.0,-1.0,-1.0	1.3159118,0.20227478,-0.37827006,0.040436037,-0.15903318,4.377983,1.1136373,1.0467864,0.13308069,-0.57390255,-0.30019295,-0.19299681
../data/train_data_mmini/6/Train_0027.jpg	6	1.0,-1.0,-1.0,1.0,1.0,1.0,1.0,1.0,1.0,-1.0,-1.0,-1.0	0.48828056,-0.32932532,-0.16130973,0.26311684,0.1961099,3.5368428,0.8601641,0.6757567,0.102740936,-0.37109038,-0.042390462,-0.47948092
../data/train_data_mmini/6/Train_0028.jpg	6	1.0,-1.0,-1.0,1.0,1.0,1.0,1.0,1.0,1.0,-1.0,1.0,-1.0	0.6060515,-0.32776287,-0.43884945,0.3601944,0.56876415,4.2328243,0.96699166,0.9581289,0.35846555,-0.5493842,0.1762582,-0.40142852
../data/train_data_mmini/6/Train_0029.jpg	6	1.0,-1.0,-1.0,1.0,1.0,1.0,1.0,1.0,1.0,-1.0,1.0,-1.0	1.053788,-0.0036191163,-0.36700216,0.21089002,0.067116864,4.2071004,1.2294627,1.0038205,0.26960367,-0.33895928,0.14352521,-0.013086213
../data/train_data_mmini/7/Train_0030.jpg	7	1.0,1.0,-1.0,1.0,-1.0,1.0,1.0,1.0,-1.0,-1.0,-1.0,-1.0	1.1597486,0.3555426,-0.4090569,0.010657138,-0.32662177,5.0997806,1.57144,0.56874007,-0.24476509,-0.72878164,-0.59708387,-0.41754824
../data/train_data_mmini/7/Train_0031.jpg	7	1.0,1.0,-1.0,-1.0,-1.0,1.0,1.0,1.0,1.0,-1.0,-1.0,-1.0	1.4955263,0.14932041,-0.3974471,-0.00518214,-0.33618495,4.6317143,1.1736532,1.0640212,0.23583111,-0.39262018,-0.35697624,-0.09368457
../data/train_data_mmini/7/Train_0032.jpg	7	1.0,-1.0,-1.0,1.0,-1.0,1.0,1.0,1.0,1.0,-1.0,-1.0,-1.0	0.65199876,-0.42517322,-0.5462611,0.44416928,-0.09979171,4.472376,0.85221165,0.81910807,0.2619943,-0.454186,-0.079517506,-0.43084854
../data/train_data_mmini/7/Train_0033.jpg	7	1.0,-1.0,-1.0,1.0,-1.0,1.0,1.0,1.0,-1.0,-1.0,-1.0,-1.0	0.7218568,-0.22616799,-0.34226635,0.19009972,-0.26127818,4.0585537,1.3137456,0.8002674,-0.13309127,-0.5918911,-0.44121775,-0.74830085
../data/train_data_mmini/7/Train_0034.jpg	7	-1.0,-1.0,-1.0,1.0,1.0,1.0,1.0,1.0,1.0,-1.0,1.0,-1.0	-0.22824192,-1.3393946,-0.26424566,0.8187395,1.2978315,3.7596245,0.7139737,0.9984475,0.66514665,-0.20417704,0.9957928,-0.5929976
../data/train_data_mmini/8/Train_0035.jpg	8	1.0,-1.0,-1.0,1.0,1.0,1.0,1.0,1.0,1.0,-1.0,-1.0,-1.0	0.8854851,-0.14719586,-0.53261983,0.22365451,0.1180859,4.497981,1.4256464,0.92038184,0.21917576,-0.44694707,-0.0029980498,-0.3299976
../data/train_data_mmini/8/Train_0036.jpg	8	1.0,-1.0,-1.0,1.0,1.0,1.0,1.0,1.0,1.0,-1.0,-1.0,-1.0	0.9342808,-0.2097324,-0.4844186,0.18761551,0.07573488,4.2576356,1.1065611,0.93123406,0.18221423,-0.34272477,-0.051372286,-0.39891028
../data/train_data_mmini/8/Train_0037.jpg	8	1.0,-1.0,-1.0,1.0,1.0,1.0,1.0,1.0,1.0,-1.0,1.0,-1.0	0.9564006,-0.2804108,-0.50656253,0.28103042,0.12582487,4.854004,1.06214,1.0118299,0.23055601,-0.48488453,0.011491482,-0.2925375
../data/train_data_mmini/8/Train_0038.jpg	8	1.0,-1.0,-1.0,1.0,1.0,1.0,1.0,1.0,1.0,-1.0,1.0,-1.0	0.94890743,-0.121922866,-0.46238205,0.22508448,0.17737325,4.817614,1.396721,1.0146892,0.22996892,-0.47955897,0.091296144,-0.18863566
../data/train_data_mmini/8/Train_0039.jpg	8	1.0,-1.0,-1.0,1.0,1.0,1.0,1.0,1.0,1.0,-1.0,-1.0,-1.0	1.0195996,-0.14233385,-0.49894992,0.19976199,0.008107011,4.418947,1.2811316,0.9210687,0.18635242,-0.37343326,-0.08466988,-0.30880368
../data/train_data_mmini/9/Train_0040.jpg	9	1.0,-1.0,-1.0,1.0,1.0,1.0,1.0,1.0,1.0,-1.0,1.0,-1.0	0.9334141,-0.33641016,-0.76611143,0.39656675,0.33731154,5.828551,1.7494673,1.1440346,0.20925266,-0.61865073,0.30297837,-0.34982187
../data/train_data_mmini/9/Train_0041.jpg	9	1.0,-1.0,-1.0,1.0,1.0,1.0,1.0,1.0,1.0,-1.0,-1.0,-1.0	0.67678803,-0.36059165,-0.35404998,0.2584257,0.20859528,3.8970904,0.87689096,0.86076194,0.35099265,-0.37546143,-0.030967321,-0.3454107
../data/train_data_mmini/9/Train_0042.jpg	9	1.0,-1.0,-1.0,1.0,1.0,1.0,1.0,1.0,1.0,-1.0,1.0,-1.0	0.88372105,-0.6133019,-0.76761645,0.5706141,0.60819566,5.5627584,1.494064,1.1884931,0.40654323,-0.49236754,0.67289174,-0.21868952
../data/train_data_mmini/9/Train_0043.jpg	9	1.0,1.0,-1.0,1.0,1.0,1.0,1.0,1.0,1.0,-1.0,1.0,-1.0	1.226551,0.22765146,-0.75119823,0.28648126,0.29273054,5.388759,1.9403865,1.2139956,0.41145185,-0.61454153,0.3710249,-0.04931898
../data/train_data_mmini/9/Train_0044.jpg	9	1.0,1.0,-1.0,1.0,-1.0,1.0,1.0,1.0,1.0,-1.0,-1.0,-1.0	1.2800053,0.06903763,-0.4763912,0.09761567,-0.18027009,5.0509276,1.5225123,0.99943244,0.07899041,-0.48429105,-0.12737963,-0.21921094
../data/train_data_mmini/10/Train_0045.jpg	10	1.0,-1.0,-1.0,1.0,-1.0,1.0,1.0,1.0,1.0,-1.0,1.0,-1.0	0.8660694,-0.14299196,-0.3301959,0.2132935,-0.061727103,2.9997022,0.54065007,0.7725346,0.33543837,-0.15219773,0.09740684,-0.054500114
../data/train_data_mmini/10/Train_0046.jpg	10	1.0,-1.0,-1.0,1.0,1.0,1.0,1.0,1.0,1.0,-1.0,1.0,-1.0	0.5341618,-0.20911539,-0.35251254,0.2774324,0.11662436,3.3040757,0.81580025,0.63920164,0.3037804,-0.34846222,0.018595789,-0.10830183
../data/train_data_mmini/10/Train_0047.jpg	10	1.0,-1.0,-1.0,1.0,1.0,1.0,1.0,1.0,1.0,-1.0,1.0,-1.0	0.8895897,-0.29860917,-0.59546006,0.38999254,0.28833023,4.731726,1.1641339,1.1387014,0.4953339,-0.33728924,0.33746007,-0.086044386
../data/train_data_mmini/10/Train_0048.jpg	10	1.0,-1.0,-1.0,1.0,1.0,1.0,1.0,1.0,1.0,-1.0,1.0,-1.0	0.42500767,-0.47853985,-0.29720807,0.41238236,0.27104756,3.873254,0.8773046,0.8038555,0.3144372,-0.23769675,0.3037102,-0.35041887
../data/train_data_mmini/10/Train_0049.jpg	10	1.0,-1.0,-1.0,1.0,1.0,1.0,1.0,1.0,1.0,-1.0,1.0,-1.0	0.8967095,-0.2702953,-0.5068438,0.35265958,0.22270593,4.53749,1.2362678,0.9989455,0.3730281,-0.31149456,0.15178666,-0.23679133
