../data/train_data_mmini/1/Train_0000.jpg	1	-1.0,1.0,1.0,1.0,1.0,1.0,1.0,1.0,1.0,-1.0,-1.0,1.0,1.0,-1.0,-1.0,1.0,1.0,-1.0,1.0,-1.0,-1.0,-1.0,1.0,1.0	-0.0269555,0.00881856,0.05825108,0.052223198,0.13587,0.027420148,0.12414636,0.119125456,0.14826195,-0.059947193,-0.07056297,0.021289522,0.033758827,-0.0063409414,-0.015004065,0.026784524,0.122231916,-0.101561904,0.13944072,-0.017472362,-0.033769272,-0.036108777,0.018090455,0.0024990893
../data/train_data_mmini/1/Train_0001.jpg	1	-1.0,1.0,1.0,1.0,1.0,1.0,1.0,1.0,1.0,1.0,-1.0,-1.0,1.0,-1.0,1.0,-1.0,1.0,-1.0,1.0,-1.0,-1.0,-1.0,-1.0,1.0	-0.014622386,0.07260354,0.062842004,0.074181244,0.08821574,0.043514755,0.098993056,0.05106228,0.10590332,2.2978627e-05,-0.060780924,-0.014667401,0.057874884,-0.064212725,0.04871888,-0.027351245,0.15914911,-0.08321598,0.05409265,-0.015255113,-0.053676724,-0.046849772,-0.024322292,0.0006669879
../data/train_data_mmini/1/Train_0002.jpg	1	-1.0,1.0,1.0,1.0,1.0,1.0,1.0,1.0,1.0,-1.0,-1.0,-1.0,1.0,1.0,1.0,-1.0,1.0,-1.0,1.0,-1.0,-1.0,-1.0,1.0,-1.0	-0.103543386,0.045001026,0.006702586,0.13118751,0.05154732,0.039697517,0.07504902,0.089597836,0.17040753,-0.09003462,-0.10043467,-0.0019434186,0.03892008,0.036201276,0.020861601,-0.00038510485,0.06781566,-0.01519273,0.08179971,-0.03484511,-0.118399456,-0.08314878,0.028591035,-0.012626467
../data/train_data_mmini/1/Train_0003.jpg	1	-1.0,1.0,1.0,1.0,1.0,1.0,1.0,1.0,1.0,-1.0,-1.0,1.0,1.0,-1.0,1.0,-1.0,1.0,-1.0,1.0,-1.0,-1.0,-1.0,-1.0,-1.0	-0.010981294,0.024943754,0.0474554,0.02192709,0.16982026,0.052233737,0.10743937,0.108142056,0.117093466,-0.03505604,-0.031480428,0.028056992,0.03852643,-0.028898172,0.01421734,-0.017710267,0.14032923,-0.127041,0.17731562,-0.011923918,-0.020641312,-0.011321925,-0.01226037,-0.008700776
../data/train_data_mmini/1/Train_0004.jpg	1	-1.0,1.0,1.0,1.0,1.0,1.0,1.0,1.0,1.0,-1.0,-1.0,1.0,1.0,-1.0,1.0,1.0,1.0,-1.0,1.0,-1.0,-1.0,-1.0,-1.0,1.0	-0.11295978,0.022996755,0.033384196,0.049384706,0.12155749,0.053038232,0.11276805,0.13428673,0.121316575,-0.025380809,-0.0382926,0.032366417,0.026109988,-0.0023922587,0.064246535,0.0061395112,0.1342164,-0.14966637,0.1902385,-0.028156828,-0.041697796,-0.06422861,-0.014305566,0.024067588
../data/train_data_mmini/2/Train_0005.jpg	2	-1.0,1.0,1.0,-1.0,1.0,-1.0,1.0,1.0,1.0,-1.0,-1.0,1.0,1.0,-1.0,1.0,1.0,1.0,-1.0,1.0,1.0,-1.0,-1.0,1.0,1.0	-0.10656509,0.09417031,0.08372513,-0.006863989,0.078500085,-0.036045745,0.11402416,0.04297413,0.13519579,-0.04703173,-0.10609373,0.021961901,0.012098901,-0.027565425,0.06868694,0.0017201675,0.056827724,-0.07389356,0.1013247,1.1275559e-05,-0.110831894,-0.097861014,0.0066594263,0.045690738
../data/train_data_mmini/2/Train_0006.jpg	2	-1.0,1.0,1.0,1.0,-1.0,-1.0,1.0,1.0,1.0,-1.0,-1.0,-1.0,1.0,-1.0,-1.0,1.0,-1.0,-1.0,1.0,-1.0,1.0,-1.0,1.0,1.0	-0.18458137,0.030670749,0.12478485,0.081071906,-0.02299441,-0.02597116,0.095696695,0.11039779,0.15340568,-0.08435968,-0.11770838,-0.007245522,0.046187807,-0.028287219,-0.004602997,0.030143782,-0.0024545456,-0.12312696,0.21020366,-0.038658444,0.006049358,-0.13021837,0.111178115,0.09858322
../data/train_data_mmini/2/Train_0007.jpg	2	-1.0,-1.0,1.0,1.0,1.0,1.0,1.0,1.0,1.0,-1.0,-1.0,-1.0,-1.0,1.0,1.0,1.0,1.0,-1.0,1.0,1.0,-1.0,-1.0,-1.0,1.0	-0.06132473,-0.014074192,0.03605428,0.020696409,0.11948317,0.032150235,0.14778331,0.11884169,0.16275856,-0.0887793,-0.06793592,-0.0067960005,-0.00028974056,0.05045989,0.07738011,0.03132412,0.11259504,-0.12060684,0.18328169,0.022440476,-0.061119687,-0.018460074,-0.032167446,0.020802682
../data/train_data_mmini/2/Train_0008.jpg	2	-1.0,-1.0,1.0,1.0,1.0,-1.0,1.0,1.0,1.0,-1.0,-1.0,1.0,1.0,1.0,1.0,1.0,1.0,-1.0,1.0,-1.0,-1.0,-1.0,-1.0,1.0	-0.13170646,-0.034430657,0.05887627,0.050930995,0.14334339,-0.014419439,0.10038566,0.053221576,0.21523976,-0.07264118,-0.054317385,0.047680993,0.046874773,0.026357746,0.014165793,0.04362628,0.031337902,-0.059963994,0.14073232,-0.013291231,-0.08369337,-0.06299596,-0.005613008,0.032165337
../data/train_data_mmini/2/Train_0009.jpg	2	-1.0,1.0,1.0,1.0,1.0,1.0,1.0,1.0,1.0,-1.0,-1.0,1.0,1.0,1.0,1.0,-1.0,1.0,-1.0,1.0,-1.0,-1.0,-1.0,1.0,1.0	-0.10374751,0.08722605,0.09752275,0.028923813,0.07870514,0.011029026,0.10350764,0.1530403,0.12191455,-0.081081755,-0.051168907,0.0264808,0.017590182,0.026890352,0.030576428,-0.023055807,0.027530001,-0.07798382,0.1670822,-0.030938478,-0.11866234,-0.1329779,0.05356982,0.01821057
../data/train_data_mmini/3/Train_0010.jpg	3	-1.0,1.0,1.0,-1.0,1.0,1.0,1.0,1.0,1.0,-1.0,1.0,-1.0,-1.0,-1.0,1.0,1.0,1.0,-1.0,1.0,-1.0,-1.0,-1.0,1.0,1.0	-0.14497168,0.07566554,0.08101976,-0.06489177,0.005093675,0.00035017,0.040291566,0.029681854,0.060695514,-0.0782598,0.012956114,-0.017950743,-0.014377936,-0.003324887,0.017767027,0.012292907,0.0051585543,-0.087244146,0.1391686,-0.0029862728,-0.038340416,-0.14093179,0.016860906,0.05949647
../data/train_data_mmini/3/Train_0011.jpg	3	-1.0,1.0,1.0,1.0,1.0,1.0,1.0,1.0,1.0,-1.0,-1.0,-1.0,1.0,-1.0,1.0,-1.0,1.0,-1.0,1.0,-1.0,-1.0,-1.0,-1.0,1.0	-0.12988742,0.11932268,0.037680294,0.11659537,0.15375179,0.028151345,0.08988462,0.08980019,0.21780418,-0.044653136,-0.13474114,-0.034015734,0.09768541,-0.042150605,0.059219338,-0.0072251093,0.11169603,-0.025013512,0.053271193,-0.08847642,-0.12554795,-0.13474365,-0.002221504,0.02729541
../data/train_data_mmini/3/Train_0012.jpg	3	-1.0,1.0,1.0,1.0,1.0,1.0,1.0,1.0,1.0,-1.0,-1.0,-1.0,1.0,-1.0,1.0,-1.0,1.0,-1.0,1.0,-1.0,-1.0,-1.0,-1.0,-1.0	-0.114915155,0.13016236,0.08386178,0.18709588,0.05761107,0.11491473,0.07975576,0.17845269,0.14147046,-0.020998096,-0.06520877,-0.041070852,0.08088758,-0.068045594,0.020983882,-0.047911055,0.13610911,-0.1023685,0.04578923,-0.08963983,-0.08496124,-0.15368499,-0.015725665,-0.029224271
../data/train_data_mmini/3/Train_0013.jpg	3	-1.0,1.0,1.0,1.0,-1.0,1.0,1.0,1.0,1.0,-1.0,-1.0,1.0,1.0,1.0,1.0,1.0,-1.0,-1.0,1.0,-1.0,-1.0,-1.0,1.0,1.0	-0.1676483,0.03994627,0.1241876,0.031497348,-0.010041877,0.022712486,0.08292894,0.05410264,0.1771242,-0.089144856,-0.088830605,0.027979648,0.03215938,0.013895726,0.06402961,0.012701679,-0.046434555,-0.026683172,0.16804197,-0.019433396,-0.11593949,-0.1145716,0.07537477,0.15420344
../data/train_data_mmini/3/Train_0014.jpg	3	-1.0,1.0,1.0,-1.0,1.0,-1.0,1.0,1.0,1.0,-1.0,1.0,1.0,1.0,1.0,1.0,-1.0,1.0,-1.0,1.0,1.0,-1.0,-1.0,1.0,1.0	-0.10452815,0.062178418,0.05766743,-0.020582689,0.055735216,-0.036580976,0.074554354,0.10634779,0.13619843,-0.028888559,0.023565978,0.03751305,0.029185465,0.010574838,0.09061825,-0.0174071,0.052122883,-0.10274501,0.23996,0.025623862,-0.0914554,-0.09666285,0.041407943,0.04244615
../data/train_data_mmini/4/Train_0015.jpg	4	-1.0,1.0,1.0,1.0,1.0,1.0,1.0,1.0,1.0,-1.0,-1.0,-1.0,1.0,1.0,1.0,1.0,1.0,-1.0,1.0,-1.0,-1.0,-1.0,-1.0,1.0	-0.15080397,0.006208464,0.0066987234,0.12261083,0.062325455,0.04659977,0.15974484,0.10156881,0.23786694,-0.11560603,-0.13599396,-0.05351059,0.04163027,0.012749447,0.01165477,0.04278495,0.028483162,-0.10509536,0.1333542,-0.06765343,-0.14227626,-0.111164026,-0.011846816,0.05396479
../data/train_data_mmini/4/Train_0016.jpg	4	-1.0,1.0,1.0,1.0,1.0,1.0,1.0,1.0,1.0,-1.0,-1.0,-1.0,1.0,1.0,1.0,-1.0,1.0,-1.0,1.0,-1.0,-1.0,-1.0,1.0,-1.0	-0.0042373673,0.06508695,0.006561005,0.03635235,0.08373904,0.006412795,0.11448963,0.07054744,0.12586598,-0.08289973,-0.06688655,-3.6021567e-05,0.06299159,0.011209954,0.04048805,-0.025399078,0.089584306,-0.03835969,0.063201316,-0.016713602,-0.14566399,-0.094902046,0.008270957,-0.0017969424
../data/train_data_mmini/4/Train_0017.jpg	4	-1.0,1.0,1.0,1.0,1.0,-1.0,1.0,1.0,1.0,-1.0,-1.0,-1.0,1.0,-1.0,-1.0,1.0,1.0,-1.0,1.0,-1.0,-1.0,-1.0,1.0,1.0	-0.16995487,0.20532997,0.09675001,0.07479018,0.05998563,-0.010665549,0.18383163,0.16106032,0.17288005,-0.007506351,-0.14636564,-0.054982495,0.07794759,-0.06600815,-0.04456605,0.015372405,0.06537491,-0.1318067,0.15937121,-0.03208842,-0.049990818,-0.19416286,0.024713246,0.07222737
../data/train_data_mmini/4/Train_0018.jpg	4	-1.0,1.0,1.0,-1.0,1.0,-1.0,1.0,1.0,1.0,-1.0,-1.0,1.0,1.0,1.0,1.0,1.0,1.0,-1.0,1.0,1.0,-1.0,-1.0,-1.0,1.0	-0.10427858,0.028301518,0.021551358,-0.015567271,0.04000463,-0.01871648,0.08248521,0.026521612,0.14063892,-0.027200153,-0.017804956,0.02857053,0.052631933,0.008741474,0.092822686,0.05452207,0.040011145,-0.022730434,0.117442235,0.02332094,-0.101727575,-0.09852838,-0.032379393,0.03316487
../data/train_data_mmini/4/Train_0019.jpg	4	-1.0,1.0,1.0,1.0,-1.0,1.0,1.0,1.0,1.0,-1.0,-1.0,-1.0,1.0,1.0,1.0,1.0,-1.0,-1.0,1.0,-1.0,-1.0,-1.0,1.0,1.0	-0.24556403,0.07321734,0.103762805,0.10341066,-0.030701648,0.02256413,0.12476127,0.13602442,0.20795614,-0.09092314,-0.14495912,-0.037037645,0.0142301405,0.02610631,0.066829264,0.013292582,-0.054627582,-0.05675588,0.24321243,-0.04844515,-0.06460848,-0.13966572,0.1256978,0.14034754
../data/train_data_mmini/5/Train_0020.jpg	5	-1.0,1.0,1.0,1.0,1.0,1.0,1.0,1.0,1.0,-1.0,1.0,1.0,1.0,1.0,1.0,-1.0,1.0,-1.0,1.0,1.0,-1.0,-1.0,-1.0,-1.0	-0.008587803,0.012100455,0.05765805,0.010232734,0.12297534,0.02187874,0.1063785,0.15654665,0.10988838,-0.025525017,0.0062165936,0.030342301,0.017831754,0.0128682535,0.0450588,-0.01900205,0.14357892,-0.101515986,0.2004555,0.05189977,-0.06827347,-0.009091853,-0.004551155,-0.011347691
../data/train_data_mmini/5/Train_0021.jpg	5	-1.0,1.0,1.0,1.0,1.0,-1.0,1.0,1.0,1.0,-1.0,-1.0,-1.0,1.0,-1.0,1.0,1.0,1.0,-1.0,1.0,-1.0,-1.0,-1.0,1.0,1.0	-0.16564645,0.076577656,0.09556789,0.082121566,0.15170462,-0.010105786,0.10306384,0.14655499,0.17421314,-0.021494763,-0.119881906,-0.021608952,0.09536062,-0.019026423,0.06253613,0.056250133,0.10594906,-0.13624394,0.19582874,-0.10296011,-0.041898295,-0.11579655,0.08664084,0.08355793
../data/train_data_mmini/5/Train_0022.jpg	5	-1.0,-1.0,1.0,1.0,1.0,1.0,1.0,1.0,1.0,-1.0,-1.0,1.0,-1.0,1.0,1.0,1.0,1.0,-1.0,1.0,1.0,-1.0,-1.0,1.0,1.0	-0.057860974,-0.020001676,0.050046086,0.039905142,0.054795977,0.04468253,0.07760547,0.09637372,0.14728716,-0.07847029,-0.05464989,0.0061277114,-0.008506385,0.045775674,0.04314151,0.013112105,0.049726337,-0.05095991,0.17331953,0.0193995,-0.051078003,-0.040491804,0.0149258375,0.01267548
../data/train_data_mmini/5/Train_0023.jpg	5	-1.0,-1.0,1.0,1.0,1.0,1.0,1.0,1.0,1.0,-1.0,-1.0,1.0,1.0,1.0,1.0,1.0,1.0,-1.0,1.0,1.0,-1.0,-1.0,-1.0,1.0	-0.048833765,-0.012321337,0.021059852,0.025826069,0.110926956,0.03157173,0.09756051,0.1139725,0.14511898,-0.051048324,-0.023556413,0.0066262353,0.03880092,0.020932173,0.059576925,0.025383417,0.100108035,-0.11214327,0.19422154,0.022027502,-0.05109025,-0.02826584,-0.0076533477,0.0034913484
../data/train_data_mmini/5/Train_0024.jpg	5	-1.0,1.0,1.0,1.0,1.0,1.0,1.0,1.0,1.0,-1.0,-1.0,-1.0,1.0,1.0,1.0,1.0,1.0,-1.0,1.0,-1.0,-1.0,-1.0,-1.0,1.0	-0.098605,0.019039975,0.018873066,0.035644747,0.112807594,0.058527652,0.14583255,0.1147318,0.1378564,-0.07591179,-0.06923055,-0.0023521052,0.021016812,0.0003028678,0.037826214,0.0012704169,0.10985623,-0.15683328,0.16532429,-0.063179806,-0.098956466,-0.07965927,-0.019213961,0.04272436
../data/train_data_mmini/6/Train_0025.jpg	6	-1.0,1.0,1.0,-1.0,1.0,1.0,1.0,1.0,1.0,-1.0,-1.0,-1.0,1.0,-1.0,1.0,-1.0,-1.0,-1.0,1.0,-1.0,-1.0,-1.0,1.0,1.0	-0.1844217,0.20504314,0.1500221,-0.02541524,0.10240458,0.0040649325,0.13422254,0.059188783,0.09609118,-0.10775843,-0.011425688,-0.004097214,0.005170015,-0.03780345,0.092479795,-0.01813989,-0.008729436,-0.12319051,0.19532265,-0.011569024,-0.071404904,-0.18888353,0.08867204,0.08220437
../data/train_data_mmini/6/Train_0026.jpg	6	-1.0,1.0,1.0,-1.0,1.0,1.0,1.0,1.0,1.0,-1.0,-1.0,-1.0,1.0,-1.0,1.0,1.0,1.0,-1.0,1.0,1.0,-1.0,-1.0,-1.0,1.0	-0.07126423,0.12987798,0.041405182,-0.024212712,0.12540558,0.035757538,0.1602887,0.069942996,0.09920095,-0.041206624,-0.02089642,-0.010066941,0.042140454,-0.07015404,0.00810087,0.005949178,0.14259025,-0.14929874,0.15931988,0.013256536,-0.08777547,-0.09957418,-0.011002807,0.019235387
../data/train_data_mmini/6/Train_0027.jpg	6	-1.0,1.0,1.0,-1.0,1.0,-1.0,1.0,1.0,1.0,-1.0,-1.0,-1.0,1.0,-1.0,1.0,-1.0,1.0,-1.0,1.0,1.0,-1.0,-1.0,1.0,-1.0	-0.0852304,0.050154757,0.07544916,-0.022509007,0.051121473,-0.011354078,0.04647698,0.0056457617,0.07333175,-0.07126169,-0.034858685,-0.016071359,0.005902708,-0.013747565,0.055454075,-0.035620593,0.102241665,-0.045906805,0.11995527,0.01818254,-0.12710027,-0.10864078,0.037597984,-0.0058365986
../data/train_data_mmini/6/Train_0028.jpg	6	-1.0,1.0,-1.0,1.0,1.0,-1.0,1.0,1.0,1.0,-1.0,1.0,1.0,1.0,1.0,1.0,1.0,1.0,-1.0,1.0,-1.0,-1.0,-1.0,-1.0,-1.0	-0.07788914,0.059601,-0.0057170144,0.00985427,0.14121035,-0.016037636,0.15251881,0.040580284,0.19361968,-0.05638295,0.012431868,0.0277073,0.047270495,0.0067608412,0.09462488,0.038996488,0.11592478,-0.13205044,0.1460515,-0.029385598,-0.108629964,-0.0808542,-0.06259293,-0.014889744
../data/train_data_mmini/6/Train_0029.jpg	6	-1.0,1.0,1.0,1.0,1.0,1.0,1.0,1.0,1.0,-1.0,-1.0,1.0,-1.0,1.0,1.0,-1.0,-1.0,-1.0,1.0,-1.0,-1.0,-1.0,1.0,1.0	-0.20153052,0.13928968,0.26961708,0.0055317357,0.018293735,0.08077446,0.123538755,0.12852795,0.12108449,-0.12134263,-0.06535561,0.0073593482,-0.026349483,0.00608805,0.06132111,-0.019077346,-0.04628458,-0.11397014,0.21727265,-0.0048830323,-0.16449356,-0.16711752,0.15008716,0.054195028
../data/train_data_mmini/7/Train_0030.jpg	7	-1.0,1.0,1.0,1.0,1.0,1.0,1.0,1.0,1.0,-1.0,-1.0,-1.0,1.0,1.0,1.0,-1.0,1.0,-1.0,1.0,-1.0,-1.0,-1.0,1.0,1.0	-0.1063951,0.12370189,0.07120753,0.045725677,0.060612082,0.024819043,0.07415882,0.16284367,0.19627343,-0.07543673,-0.10205558,-0.0042315014,0.0516768,0.006512955,0.023616942,-0.0625869,0.029236637,-0.07642511,0.14519134,-0.031063808,-0.0786118,-0.075968,0.105549015,0.012831169
../data/train_data_mmini/7/Train_0031.jpg	7	-1.0,1.0,1.0,-1.0,1.0,-1.0,1.0,1.0,1.0,-1.0,1.0,1.0,1.0,-1.0,1.0,1.0,1.0,-1.0,1.0,1.0,-1.0,-1.0,1.0,1.0	-0.09658852,0.14225323,0.13375102,-0.031990457,0.04208594,-0.0011481232,0.14517704,0.102832355,0.083436444,-0.01806882,0.021859404,0.060792256,0.017240228,-0.031234892,0.09148292,0.014729487,0.0658863,-0.13784091,0.15077002,0.014324202,-0.05400052,-0.16810311,0.0013197664,0.049591288
../data/train_data_mmini/7/Train_0032.jpg	7	-1.0,1.0,1.0,1.0,1.0,-1.0,1.0,1.0,1.0,-1.0,-1.0,-1.0,1.0,1.0,1.0,1.0,1.0,-1.0,1.0,-1.0,-1.0,-1.0,1.0,1.0	-0.14734918,0.08284015,0.02455395,0.024213655,0.09506713,-0.06990331,0.07985463,0.10340347,0.12093428,-0.0453867,-0.05912869,-0.030663641,0.05493644,0.012411887,0.124033384,0.033105765,0.07019474,-0.026995052,0.10259058,-0.10522744,-0.11901198,-0.14657691,0.0047781807,0.079135224
../data/train_data_mmini/7/Train_0033.jpg	7	-1.0,1.0,1.0,-1.0,1.0,-1.0,1.0,1.0,1.0,-1.0,-1.0,1.0,1.0,-1.0,1.0,-1.0,1.0,-1.0,1.0,-1.0,-1.0,-1.0,-1.0,1.0	-0.04512663,0.08835276,0.07017903,-0.02915986,0.041041527,-0.00940295,0.09834468,0.10719369,0.030272715,-0.032573037,-0.02319058,0.030885205,0.010399254,-0.01024583,0.036015447,-0.016682226,0.08710863,-0.084698536,0.13139932,-0.05101557,-0.06576217,-0.11020165,-0.018483832,0.013141788
../data/train_data_mmini/7/Train_0034.jpg	7	-1.0,1.0,-1.0,-1.0,1.0,-1.0,1.0,1.0,1.0,-1.0,-1.0,-1.0,1.0,1.0,1.0,1.0,1.0,-1.0,1.0,-1.0,-1.0,-1.0,-1.0,1.0	-0.22958507,0.16762462,-0.03273073,-0.048222117,0.0770326,-0.028205598,0.14952303,0.05610394,0.15296696,-0.057401247,-0.039755758,-0.0074265916,0.063438945,0.0055571552,0.13667434,0.01374169,0.088254526,-0.1395635,0.12900114,-0.04768525,-0.06316245,-0.13114156,-0.049445853,0.068080924
../data/train_data_mmini/8/Train_0035.jpg	8	-1.0,1.0,1.0,1.0,1.0,-1.0,1.0,1.0,1.0,-1.0,-1.0,-1.0,1.0,1.0,1.0,1.0,-1.0,-1.0,1.0,-1.0,-1.0,-1.0,1.0,1.0	-0.2010327,0.024117308,0.1190611,0.020681273,0.014655271,-0.0529986,0.10963645,0.05704894,0.149721,-0.08220843,-0.07957914,-0.012933828,0.03520146,0.0104906745,0.06631539,0.0037636717,-0.034514956,-0.09348211,0.13310382,-0.014988353,-0.09469914,-0.115442984,0.071281195,0.08078685
../data/train_data_mmini/8/Train_0036.jpg	8	-1.0,1.0,1.0,-1.0,1.0,-1.0,1.0,1.0,1.0,-1.0,-1.0,1.0,-1.0,-1.0,1.0,-1.0,-1.0,-1.0,1.0,1.0,-1.0,-1.0,1.0,1.0	-0.13614428,0.12418901,0.10384998,-0.01779947,0.023089904,-0.048247524,0.09152672,0.08202087,0.15794735,-0.10055391,-0.04378364,0.03172031,-0.026154948,-0.013724737,0.08570253,-0.008762543,-0.012719482,-0.07353465,0.1511055,0.01601469,-0.0684005,-0.13233197,0.043375306,0.014410939
../data/train_data_mmini/8/Train_0037.jpg	8	-1.0,1.0,1.0,-1.0,1.0,-1.0,1.0,1.0,1.0,-1.0,-1.0,-1.0,1.0,-1.0,1.0,1.0,1.0,-1.0,1.0,-1.0,-1.0,-1.0,1.0,1.0	-0.13025002,0.19999154,0.05197334,-0.031105742,0.14241245,-0.04196538,0.2085326,0.13953736,0.15559179,-0.059319697,-0.09357778,-0.00041184935,0.07290457,-0.04541047,0.07866494,0.00040653703,0.12732549,-0.18005742,0.13589676,-0.080140166,-0.09137494,-0.10535056,0.015478691,0.04834926
../data/train_data_mmini/8/Train_0038.jpg	8	-1.0,1.0,1.0,1.0,1.0,-1.0,1.0,1.0,1.0,-1.0,-1.0,-1.0,1.0,-1.0,1.0,-1.0,1.0,-1.0,1.0,-1.0,-1.0,-1.0,1.0,1.0	-0.08882251,0.10029169,0.08675172,0.015018057,0.05803849,-0.026225641,0.13261092,0.04064967,0.13841145,-0.07495294,-0.012355644,-0.0080451425,0.009737103,-0.029391425,0.032945707,-0.032899708,0.04385523,-0.08738749,0.13410863,-0.013204444,-0.106518865,-0.1291503,0.030946204,0.036054645
../data/train_data_mmini/8/Train_0039.jpg	8	-1.0,1.0,1.0,1.0,1.0,-1.0,1.0,1.0,1.0,-1.0,-1.0,-1.0,1.0,-1.0,1.0,-1.0,-1.0,-1.0,1.0,-1.0,-1.0,-1.0,1.0,1.0	-0.22950743,0.07028071,0.15178545,0.064845264,0.009455371,-0.052405335,0.11810943,0.096171394,0.21396326,-0.11131123,-0.11778014,-0.007010267,0.032393876,-0.006616192,0.047563113,-0.023745827,-0.054144487,-0.1026014,0.12592304,-0.031621426,-0.06488384,-0.1483331,0.09987433,0.08451904
../data/train_data_mmini/9/Train_0040.jpg	9	-1.0,1.0,1.0,1.0,1.0,1.0,1.0,1.0,1.0,-1.0,-1.0,-1.0,1.0,1.0,1.0,1.0,1.0,-1.0,1.0,-1.0,-1.0,-1.0,1.0,1.0	-0.18814702,0.08104815,0.07067738,0.084183685,0.14350548,0.032258246,0.1622525,0.12790194,0.18548094,-0.0611754,-0.1286336,-0.012779953,0.054288983,0.03259692,0.055508744,0.03270348,0.07234013,-0.1699427,0.17734033,-0.08078488,-0.06697224,-0.09230712,0.055768486,0.052923065
../data/train_data_mmini/9/Train_0041.jpg	9	-1.0,1.0,1.0,-1.0,1.0,-1.0,1.0,1.0,1.0,-1.0,-1.0,1.0,1.0,-1.0,1.0,-1.0,1.0,-1.0,1.0,1.0,-1.0,-1.0,1.0,1.0	-0.099005595,0.088775545,0.064849794,-0.0270765,0.0732618,-0.05641563,0.1070849,0.054671686,0.14519642,-0.059355468,-0.04480006,0.046581086,0.01277537,-0.006554924,0.098879255,-0.046730164,0.10518089,-0.040554736,0.12397,0.012752633,-0.124815226,-0.08373139,0.0067771454,0.006762564
../data/train_data_mmini/9/Train_0042.jpg	9	-1.0,1.0,1.0,1.0,1.0,1.0,1.0,1.0,1.0,-1.0,-1.0,-1.0,1.0,1.0,1.0,1.0,1.0,-1.0,1.0,-1.0,-1.0,-1.0,1.0,1.0	-0.16758513,0.061605826,0.03877155,0.10880684,0.14308436,0.05940825,0.14708523,0.12959722,0.21330974,-0.073910326,-0.13124174,-0.03745762,0.08266659,0.005126413,0.027656287,0.039874755,0.06520931,-0.12809367,0.14728749,-0.06785459,-0.15299378,-0.10337388,0.029023932,0.039956834
../data/train_data_mmini/9/Train_0043.jpg	9	-1.0,1.0,1.0,1.0,1.0,-1.0,1.0,1.0,1.0,-1.0,-1.0,1.0,1.0,1.0,1.0,-1.0,-1.0,-1.0,1.0,-1.0,-1.0,-1.0,1.0,1.0	-0.18921524,0.0114485435,0.12931556,0.015898097,0.04681266,-0.052384656,0.10345625,0.10222843,0.18369985,-0.10207038,-0.09358353,0.021856993,0.010904728,0.065588556,0.043690056,-0.0014615536,-0.020184714,-0.066450156,0.20477352,-0.028260082,-0.06999439,-0.06633517,0.12018699,0.054560352
../data/train_data_mmini/9/Train_0044.jpg	9	-1.0,1.0,1.0,1.0,-1.0,1.0,1.0,1.0,1.0,-1.0,-1.0,-1.0,1.0,1.0,1.0,-1.0,1.0,-1.0,1.0,-1.0,-1.0,-1.0,1.0,1.0	-0.16899943,0.13214111,0.14751215,0.12619922,-0.0017249112,0.06789815,0.10136911,0.15320136,0.117138006,-0.10926275,-0.10085287,-0.017332666,0.027375236,0.009809298,0.0059449924,-0.0100861015,0.026787644,-0.08346967,0.18870077,-0.07985663,-0.0872904,-0.16462071,0.16133904,0.051694747
../data/train_data_mmini/10/Train_0045.jpg	10	-1.0,1.0,1.0,-1.0,1.0,-1.0,1.0,1.0,1.0,-1.0,-1.0,-1.0,1.0,-1.0,1.0,1.0,-1.0,-1.0,1.0,-1.0,-1.0,-1.0,1.0,1.0	-0.17513947,0.14161077,0.12555529,-0.040825624,0.05418339,-0.133428,0.11044005,0.087311365,0.15234777,-0.03681857,-0.11068378,-0.018253017,0.04493765,-0.018859241,0.051273737,0.0006024612,-0.006889583,-0.13314386,0.21396202,-0.017189663,-0.03479675,-0.2067101,0.04666951,0.110795125
../data/train_data_mmini/10/Train_0046.jpg	10	-1.0,1.0,1.0,1.0,1.0,-1.0,1.0,1.0,1.0,-1.0,-1.0,-1.0,1.0,1.0,-1.0,1.0,1.0,-1.0,1.0,-1.0,-1.0,-1.0,1.0,1.0	-0.11653997,0.09178298,0.1478625,0.09447607,0.0652589,-0.0014088991,0.1028843,0.122272104,0.094277985,-0.06593059,-0.1408926,-0.0605813,0.039853986,0.02168214,-0.010514325,0.034015954,0.03015875,-0.08210575,0.12941186,-0.13125223,-0.08310953,-0.18329431,0.07139004,0.057823595
../data/train_data_mmini/10/Train_0047.jpg	10	-1.0,1.0,1.0,-1.0,1.0,-1.0,1.0,1.0,1.0,-1.0,-1.0,-1.0,1.0,-1.0,1.0,-1.0,-1.0,-1.0,1.0,-1.0,-1.0,-1.0,1.0,1.0	-0.21503055,0.14852867,0.120653994,-0.019193588,0.07561667,-0.110251024,0.1744661,0.13679174,0.202456,-0.062168255,-0.07315124,-0.016482214,0.038152426,-0.04115802,0.11483302,-0.027757343,-0.0036055625,-0.191841,0.17950806,-0.03269834,-0.06637905,-0.12947619,0.042814817,0.13959663
../data/train_data_mmini/10/Train_0048.jpg	10	-1.0,1.0,1.0,1.0,1.0,-1.0,1.0,1.0,1.0,-1.0,-1.0,-1.0,-1.0,1.0,1.0,-1.0,-1.0,-1.0,1.0,-1.0,-1.0,-1.0,1.0,1.0	-0.23344111,0.09475732,0.15698358,0.05035843,0.02642535,-0.007950948,0.12060172,0.10744436,0.23647454,-0.084282614,-0.09931948,-0.0571211,-0.0012327438,0.0008546224,0.102266826,-0.02153827,-0.08181675,-0.06667205,0.22106451,-0.022090571,-0.07229552,-0.2312728,0.07729918,0.12373087
../data/train_data_mmini/10/Train_0049.jpg	10	-1.0,1.0,1.0,1.0,1.0,-1.0,1.0,1.0,1.0,-1.0,-1.0,-1.0,1.0,1.0,1.0,-1.0,-1.0,-1.0,1.0,-1.0,-1.0,-1.0,1.0,1.0	-0.22520018,0.07208345,0.13948701,0.057702694,0.020471942,-0.035653774,0.1202978,0.056577034,0.17148474,-0.12137937,-0.08343014,-0.031970844,0.032445826,0.043732975,0.08908027,-0.018965278,-0.046794016,-0.1145675,0.12804717,-0.057253614,-0.057799976,-0.1361049,0.0930668,0.09539852
