../data/train_data_mmini/1/Train_0000.jpg	1	1.0,-1.0,1.0,1.0,1.0,-1.0,-1.0,-1.0,1.0,-1.0,-1.0,-1.0,-1.0,1.0,-1.0,-1.0,1.0,-1.0,1.0,-1.0,-1.0,1.0,-1.0,-1.0	2.5171263,-0.13249348,0.5812524,1.2350926,0.74281293,-3.681619,-2.7748327,-5.9955306,4.308161,-3.545085,-0.41017908,-1.938695,-3.6764822,1.060364,-2.139359,-3.6952128,2.2550504,-3.9341838,0.5354542,-5.489932,-1.8404231,3.1035717,-7.8225884,-3.7067251
../data/train_data_mmini/1/Train_0001.jpg	1	1.0,1.0,1.0,1.0,1.0,-1.0,-1.0,-1.0,1.0,-1.0,-1.0,-1.0,-1.0,1.0,-1.0,-1.0,1.0,-1.0,1.0,-1.0,-1.0,1.0,-1.0,-1.0	2.3064966,0.00034015242,0.6944385,1.220745,0.599902,-3.4667127,-2.492956,-5.6809983,3.947471,-3.3491397,-0.50978076,-1.76899,-3.5175896,0.96287733,-1.861509,-3.6327524,2.0277643,-3.5701559,0.4469255,-4.9697146,-1.7516507,2.889441,-7.35438,-3.6039293
../data/train_data_mmini/1/Train_0002.jpg	1	1.0,-1.0,1.0,1.0,1.0,-1.0,-1.0,-1.0,1.0,-1.0,-1.0,-1.0,-1.0,1.0,-1.0,-1.0,1.0,-1.0,1.0,-1.0,-1.0,1.0,-1.0,-1.0	1.8335586,-0.017175898,0.27491215,0.6794443,0.44592583,-2.6093676,-2.0120497,-4.3377423,2.9949086,-2.6294272,-0.2038525,-1.3577198,-2.7003148,0.7063187,-1.5508974,-2.7464545,1.7529397,-2.8524003,0.37349805,-3.8401742,-1.3445084,2.3840792,-5.606785,-2.4589498
../data/train_data_mmini/1/Train_0003.jpg	1	1.0,-1.0,1.0,1.0,1.0,-1.0,-1.0,-1.0,1.0,-1.0,-1.0,-1.0,-1.0,1.0,-1.0,-1.0,1.0,-1.0,1.0,-1.0,-1.0,1.0,-1.0,-1.0	2.8010888,-0.22879349,0.6245744,1.3029491,0.7982455,-4.006255,-3.1214356,-6.4727044,4.8005223,-3.7959328,-0.3702488,-2.1997228,-3.882802,1.1532575,-2.4912431,-3.9111843,2.5595322,-4.2790604,0.5894395,-6.0542016,-2.0771065,3.336491,-8.36753,-3.979497
../data/train_data_mmini/1/Train_0004.jpg	1	1.0,-1.0,1.0,1.0,1.0,-1.0,-1.0,-1.0,1.0,-1.0,-1.0,-1.0,-1.0,1.0,-1.0,-1.0,1.0,-1.0,1.0,-1.0,-1.0,1.0,-1.0,-1.0	2.6916516,-0.25095612,0.694532,1.3139731,0.8445118,-3.8520522,-3.0890765,-6.2700934,4.546926,-3.7787166,-0.4059167,-2.2168815,-3.8287778,1.1127037,-2.4909995,-3.8030899,2.5120854,-4.0324917,0.5218303,-5.783262,-2.1792216,3.2333512,-8.000221,-3.8403432
../data/train_data_mmini/2/Train_0005.jpg	2	1.0,-1.0,1.0,1.0,1.0,-1.0,-1.0,-1.0,1.0,-1.0,-1.0,-1.0,-1.0,1.0,-1.0,-1.0,1.0,-1.0,1.0,-1.0,-1.0,1.0,-1.0,-1.0	1.9563475,-0.2601419,0.41024357,0.70768934,0.6063056,-2.767429,-2.1936169,-4.497428,3.1632607,-2.8649151,-0.18684012,-1.6137996,-2.9628768,0.9091079,-1.8775898,-2.948353,1.8386915,-3.151209,0.47782215,-4.310089,-1.6309046,2.3381512,-5.9234076,-2.6476352
../data/train_data_mmini/2/Train_0006.jpg	2	1.0,1.0,1.0,1.0,1.0,-1.0,-1.0,-1.0,1.0,-1.0,-1.0,-1.0,-1.0,1.0,-1.0,-1.0,1.0,-1.0,1.0,-1.0,-1.0,1.0,-1.0,-1.0	1.695636,0.23899536,0.6920683,1.129839,0.28775987,-2.777624,-1.8294349,-4.3978925,3.0832138,-2.5808997,-0.951584,-1.4102643,-3.0082016,1.0457686,-1.0806807,-3.5004468,1.4478153,-2.9051523,0.22922087,-3.7821436,-1.2002584,2.2201166,-6.123971,-2.959229
../data/train_data_mmini/2/Train_0007.jpg	2	1.0,-1.0,1.0,1.0,1.0,-1.0,-1.0,-1.0,1.0,-1.0,-1.0,-1.0,-1.0,1.0,-1.0,-1.0,1.0,-1.0,1.0,-1.0,-1.0,1.0,-1.0,-1.0	2.953812,-0.27712125,0.7209225,1.1513504,0.95775855,-4.0357423,-3.428165,-6.731631,4.783244,-4.0589867,-0.2556523,-2.4790378,-4.1147814,1.241543,-2.8764937,-4.023533,2.8822858,-4.4767885,0.5946773,-6.2321787,-2.4215243,3.5616255,-8.493151,-4.060467
../data/train_data_mmini/2/Train_0008.jpg	2	1.0,-1.0,1.0,1.0,1.0,-1.0,-1.0,-1.0,1.0,-1.0,-1.0,-1.0,-1.0,1.0,-1.0,-1.0,1.0,-1.0,1.0,-1.0,-1.0,1.0,-1.0,-1.0	2.0928206,-0.07253701,0.5907606,0.6444834,0.68830854,-2.8188407,-2.4484825,-4.8423724,3.2580197,-3.0043814,-0.41485754,-1.7718695,-3.321882,0.91300124,-1.9872983,-3.1691158,2.0491195,-3.1646504,0.32612592,-4.3170033,-1.750052,2.6523829,-6.180454,-2.9088433
../data/train_data_mmini/2/Train_0009.jpg	2	1.0,-1.0,1.0,1.0,1.0,-1.0,-1.0,-1.0,1.0,-1.0,-1.0,-1.0,-1.0,1.0,-1.0,-1.0,1.0,-1.0,1.0,-1.0,-1.0,1.0,-1.0,-1.0	2.2729847,-0.28158796,0.57301635,1.2026824,0.6811864,-3.8240128,-2.7599313,-5.8653574,4.2707567,-3.6648786,-0.2228858,-1.845429,-3.6936517,1.0846463,-2.0760186,-3.7607636,2.0307467,-4.126688,0.5443209,-5.54855,-1.6713223,3.048276,-7.8664722,-3.7296064
../data/train_data_mmini/3/Train_0010.jpg	3	1.0,-1.0,1.0,1.0,1.0,-1.0,-1.0,-1.0,1.0,-1.0,1.0,-1.0,-1.0,1.0,-1.0,-1.0,1.0,-1.0,1.0,-1.0,-1.0,1.0,-1.0,-1.0	1.695492,-0.07608518,0.3025698,0.46395263,0.4392682,-2.171843,-1.9181652,-4.0081205,2.4464672,-2.6407588,0.014172509,-1.434891,-2.6353726,0.699699,-1.5223217,-2.5515895,1.7223208,-2.49657,0.24175054,-3.1365464,-1.3994002,2.58745,-4.6430144,-2.3033912
../data/train_data_mmini/3/Train_0011.jpg	3	1.0,-1.0,1.0,1.0,1.0,-1.0,-1.0,-1.0,1.0,-1.0,-1.0,-1.0,-1.0,1.0,-1.0,-1.0,1.0,-1.0,1.0,-1.0,-1.0,1.0,-1.0,-1.0	1.4798663,-0.19416218,0.47093663,0.7646948,0.27953956,-2.4515884,-1.7943009,-3.642971,2.7318945,-2.264268,-0.1992905,-1.0618947,-2.1447997,0.6713335,-1.2184559,-2.3022726,1.3070443,-2.498337,0.41933468,-3.4842336,-1.1528542,1.5929358,-4.9113045,-2.2925093
../data/train_data_mmini/3/Train_0012.jpg	3	1.0,-1.0,1.0,1.0,1.0,-1.0,-1.0,-1.0,1.0,-1.0,-1.0,-1.0,-1.0,1.0,-1.0,-1.0,1.0,-1.0,1.0,-1.0,-1.0,1.0,-1.0,-1.0	2.0589216,-0.42124522,0.79562765,1.0596731,0.2520412,-3.6242082,-2.4515626,-4.790278,3.8405836,-2.9207442,-0.1324529,-1.5777278,-2.6294582,1.0477288,-1.6399457,-3.0758877,1.6379968,-3.4900544,0.6303399,-4.902046,-1.6025608,2.1466606,-6.6303964,-3.1088736
../data/train_data_mmini/3/Train_0013.jpg	3	1.0,1.0,1.0,1.0,1.0,-1.0,-1.0,-1.0,1.0,-1.0,-1.0,-1.0,-1.0,1.0,-1.0,-1.0,1.0,-1.0,1.0,-1.0,-1.0,1.0,-1.0,-1.0	1.7028196,0.01616608,0.62411016,0.8756124,0.5474556,-2.6414702,-1.9797782,-4.3320503,3.0020463,-2.6515455,-0.73576033,-1.5199256,-3.0409544,0.89244777,-1.6033292,-3.0934575,1.5620925,-2.827933,0.266676,-3.9099734,-1.3941276,2.2774901,-5.8193913,-2.7856033
../data/train_data_mmini/3/Train_0014.jpg	3	1.0,-1.0,1.0,1.0,1.0,-1.0,-1.0,-1.0,1.0,-1.0,-1.0,-1.0,-1.0,1.0,-1.0,-1.0,1.0,-1.0,1.0,-1.0,-1.0,1.0,-1.0,-1.0	2.0109644,-0.11587892,0.47876793,0.79296374,0.5590843,-3.3526888,-2.3049462,-4.911901,3.4684062,-3.0248723,-0.28749198,-1.5356406,-3.0889866,1.00593,-1.8093929,-3.355698,1.8064498,-3.417294,0.4727083,-4.6487856,-1.5969478,2.3530638,-6.445191,-2.9047713
../data/train_data_mmini/4/Train_0015.jpg	4	1.0,-1.0,1.0,1.0,1.0,-1.0,-1.0,-1.0,1.0,-1.0,-1.0,-1.0,-1.0,1.0,-1.0,-1.0,1.0,-1.0,1.0,-1.0,-1.0,1.0,-1.0,-1.0	2.348255,-0.047558177,0.77849007,0.7087237,0.6057979,-3.2707384,-2.672906,-5.2009363,3.7353826,-3.0906072,-0.4624001,-1.9136828,-3.2838054,1.155657,-2.1540434,-3.5042732,2.2017133,-3.536677,0.521276,-4.900763,-1.9365786,2.445276,-6.789383,-3.1661165
../data/train_data_mmini/4/Train_0016.jpg	4	1.0,-1.0,1.0,1.0,1.0,-1.0,-1.0,-1.0,1.0,-1.0,-1.0,-1.0,-1.0,1.0,-1.0,-1.0,1.0,-1.0,1.0,-1.0,-1.0,1.0,-1.0,-1.0	1.6885443,-0.29038465,0.27909133,0.54084265,0.51698875,-2.4423838,-1.9771472,-4.1253095,2.9100745,-2.3738987,-0.096917205,-1.292165,-2.6873953,0.63044494,-1.7919158,-2.4921443,1.6024691,-2.8436992,0.35003138,-3.9894545,-1.4078213,2.0139508,-5.2302356,-2.3208807
../data/train_data_mmini/4/Train_0017.jpg	4	1.0,1.0,1.0,1.0,1.0,-1.0,-1.0,-1.0,1.0,-1.0,-1.0,-1.0,-1.0,1.0,-1.0,-1.0,1.0,-1.0,1.0,-1.0,-1.0,1.0,-1.0,-1.0	1.503444,0.061963666,0.7564586,1.1377861,0.044118255,-2.8969288,-1.7844288,-4.20717,3.0093021,-2.5775917,-0.71922183,-1.1829025,-2.7734442,0.95446545,-0.81518114,-3.3817985,1.1761245,-2.8625164,0.29158244,-3.687812,-1.0663408,1.8275794,-5.923302,-2.8696096
../data/train_data_mmini/4/Train_0018.jpg	4	1.0,-1.0,1.0,1.0,1.0,-1.0,-1.0,-1.0,1.0,-1.0,-1.0,-1.0,-1.0,1.0,-1.0,-1.0,1.0,-1.0,1.0,-1.0,-1.0,1.0,-1.0,-1.0	1.5724702,-0.19351947,0.5651025,0.70466626,0.50851274,-2.3256562,-1.8631105,-3.584694,2.6237745,-2.2522016,-0.24886405,-1.4709045,-2.2487032,0.76097244,-1.5558122,-2.4383366,1.4099303,-2.4446404,0.42554554,-3.4272316,-1.475546,1.7190177,-4.7220325,-2.1695993
../data/train_data_mmini/4/Train_0019.jpg	4	1.0,1.0,1.0,1.0,1.0,-1.0,-1.0,-1.0,1.0,-1.0,-1.0,-1.0,-1.0,1.0,-1.0,-1.0,1.0,-1.0,1.0,-1.0,-1.0,1.0,-1.0,-1.0	1.8190019,0.28542545,0.6452095,0.95278645,0.6169027,-2.3241131,-1.8617475,-4.4161587,2.925688,-2.6841998,-1.2307351,-1.9217557,-3.2765265,1.1946306,-1.7782092,-3.5208297,1.83689,-2.9825573,0.08333455,-3.882815,-1.6118584,2.2141225,-6.0715733,-3.0498898
../data/train_data_mmini/5/Train_0020.jpg	5	1.0,-1.0,1.0,1.0,1.0,-1.0,-1.0,-1.0,1.0,-1.0,-1.0,-1.0,-1.0,1.0,-1.0,-1.0,1.0,-1.0,1.0,-1.0,-1.0,1.0,-1.0,-1.0	2.9203165,-0.18734215,0.7355081,1.2044837,0.90759057,-4.1358385,-3.3567126,-6.8554263,4.8828154,-4.09933,-0.5185163,-2.4116442,-4.2847586,1.2374313,-2.7498908,-4.293911,2.7725499,-4.4748397,0.5642287,-6.275237,-2.348236,3.5783606,-8.762619,-4.116383
../data/train_data_mmini/5/Train_0021.jpg	5	1.0,-1.0,1.0,1.0,1.0,-1.0,-1.0,-1.0,1.0,-1.0,-1.0,-1.0,-1.0,1.0,-1.0,-1.0,1.0,-1.0,1.0,-1.0,-1.0,1.0,-1.0,-1.0	2.6882975,-0.3323031,0.7024284,1.248956,0.7541817,-4.1950045,-3.1079469,-6.3749194,4.8006945,-3.905295,-0.43248376,-2.0901473,-3.9713821,1.316217,-2.4155986,-4.0092545,2.4334276,-4.3351684,0.6474739,-6.152322,-2.0223742,3.142243,-8.552815,-3.9535673
../data/train_data_mmini/5/Train_0022.jpg	5	1.0,-1.0,1.0,1.0,1.0,-1.0,-1.0,-1.0,1.0,-1.0,-1.0,-1.0,-1.0,1.0,-1.0,-1.0,1.0,-1.0,1.0,-1.0,-1.0,1.0,-1.0,-1.0	2.6281414,-0.19879803,0.7444051,1.2042011,0.8699168,-3.7859879,-3.0518162,-6.1711583,4.4256253,-3.746906,-0.43107685,-2.2498658,-3.909852,1.0903319,-2.5529943,-3.8507261,2.4580946,-4.140731,0.5393476,-5.739418,-2.16116,3.2500072,-8.117418,-3.8108642
../data/train_data_mmini/5/Train_0023.jpg	5	1.0,-1.0,1.0,1.0,1.0,-1.0,-1.0,-1.0,1.0,-1.0,-1.0,-1.0,-1.0,1.0,-1.0,-1.0,1.0,-1.0,1.0,-1.0,-1.0,1.0,-1.0,-1.0	2.8568788,-0.26166177,0.6274108,1.3308368,0.8726556,-4.203127,-3.2391765,-6.6718125,4.902294,-3.9239564,-0.30037057,-2.325085,-3.962395,1.2568341,-2.6559882,-4.010862,2.6314673,-4.407814,0.6504749,-6.237119,-2.2644007,3.3851273,-8.6137,-4.041418
../data/train_data_mmini/5/Train_0024.jpg	5	1.0,-1.0,1.0,1.0,1.0,-1.0,-1.0,-1.0,1.0,-1.0,1.0,-1.0,-1.0,1.0,-1.0,-1.0,1.0,-1.0,1.0,-1.0,-1.0,1.0,-1.0,-1.0	2.6349661,-0.45361483,0.61450833,1.0476824,0.62145215,-3.9635372,-3.178227,-6.0009375,4.411927,-3.667875,0.010751486,-2.1381707,-3.5758626,1.215786,-2.5773761,-3.6440997,2.5029469,-4.175218,0.6918706,-5.835479,-2.141226,3.1436818,-7.6056123,-3.574468
../data/train_data_mmini/6/Train_0025.jpg	6	1.0,-1.0,1.0,1.0,1.0,-1.0,-1.0,-1.0,1.0,-1.0,1.0,-1.0,-1.0,1.0,-1.0,-1.0,1.0,-1.0,1.0,-1.0,-1.0,1.0,-1.0,-1.0	1.5762869,-0.37847352,0.12847996,0.5682626,0.4799252,-2.4332817,-1.9503943,-3.8322601,2.7593791,-2.4290614,0.19456428,-1.4280571,-2.444774,0.6429599,-1.7339563,-2.2694705,1.5313308,-2.739427,0.3068468,-3.874765,-1.2389382,2.2134383,-4.880885,-2.1829567
../data/train_data_mmini/6/Train_0026.jpg	6	1.0,1.0,1.0,1.0,1.0,-1.0,-1.0,-1.0,1.0,-1.0,-1.0,-1.0,-1.0,1.0,-1.0,-1.0,1.0,-1.0,1.0,-1.0,-1.0,1.0,-1.0,-1.0	2.1973882,0.2839709,0.87446606,1.5640182,0.5881912,-3.386086,-2.606948,-5.708397,3.9226503,-3.674801,-0.69675905,-1.9867642,-3.4792325,1.1512885,-1.8017188,-3.9222572,2.1003242,-3.6105974,0.32430544,-4.714273,-1.7924889,2.9810662,-7.263392,-3.9437761
../data/train_data_mmini/6/Train_0027.jpg	6	1.0,-1.0,1.0,1.0,1.0,-1.0,-1.0,-1.0,1.0,-1.0,1.0,-1.0,-1.0,1.0,-1.0,-1.0,1.0,-1.0,1.0,-1.0,-1.0,1.0,-1.0,-1.0	1.3970323,-0.15764926,0.16361846,0.58831185,0.46511343,-2.280244,-1.662948,-3.6083,2.5074072,-2.1374767,0.15552244,-1.0319793,-2.2399848,0.57770276,-1.3042225,-2.0926132,1.2526926,-2.540245,0.32709903,-3.4352443,-1.1144733,1.9253563,-4.58264,-2.1025293
../data/train_data_mmini/6/Train_0028.jpg	6	1.0,-1.0,1.0,1.0,1.0,-1.0,-1.0,-1.0,1.0,-1.0,-1.0,-1.0,-1.0,1.0,-1.0,-1.0,1.0,-1.0,1.0,-1.0,-1.0,1.0,-1.0,-1.0	1.964897,-0.22078349,0.49736276,0.99755925,0.5624524,-3.093938,-2.406044,-4.81807,3.4532967,-2.879896,-0.17022668,-1.4552562,-2.847717,0.8300074,-1.6675982,-2.91326,1.8305558,-3.1973586,0.43077192,-4.4860587,-1.4965076,2.3067403,-6.161849,-2.8717418
../data/train_data_mmini/6/Train_0029.jpg	6	1.0,-1.0,1.0,1.0,1.0,-1.0,-1.0,-1.0,1.0,-1.0,-1.0,-1.0,-1.0,1.0,-1.0,-1.0,1.0,-1.0,1.0,-1.0,-1.0,1.0,-1.0,-1.0	1.8016169,-0.2257407,0.32543054,0.65239114,0.63282293,-2.5574791,-1.9454057,-4.21206,3.0392177,-2.7677414,-0.00184048,-1.5660887,-2.8393705,0.7437881,-1.8187732,-2.6554728,1.7289652,-2.9696236,0.40862438,-4.0630913,-1.444157,2.4864306,-5.5369887,-2.460213
../data/train_data_mmini/7/Train_0030.jpg	7	1.0,-1.0,1.0,1.0,1.0,-1.0,-1.0,-1.0,1.0,-1.0,-1.0,-1.0,-1.0,1.0,-1.0,-1.0,1.0,-1.0,1.0,-1.0,-1.0,1.0,-1.0,-1.0	2.3442078,-0.2494648,0.7021534,1.2301338,0.77715147,-3.7451463,-2.6435273,-5.885655,4.48209,-3.4478858,-0.6061241,-1.9958844,-3.8976269,1.2058358,-2.1603403,-3.8801124,2.0626862,-4.2137604,0.5778974,-5.754374,-1.7550678,2.8762527,-8.145999,-3.8403466
../data/train_data_mmini/7/Train_0031.jpg	7	1.0,-1.0,1.0,1.0,1.0,-1.0,-1.0,-1.0,1.0,-1.0,-1.0,-1.0,-1.0,1.0,-1.0,-1.0,1.0,-1.0,1.0,-1.0,-1.0,1.0,-1.0,-1.0	2.0981703,-0.22393878,0.80419,1.1575778,0.55241454,-3.7383335,-2.6298203,-5.4518013,4.085274,-3.5239863,-0.3162295,-1.8340533,-3.35097,1.0753478,-1.948086,-3.7072492,1.9142832,-3.8097482,0.5925541,-5.221295,-1.7709457,2.7460258,-7.4190474,-3.4835503
../data/train_data_mmini/7/Train_0032.jpg	7	1.0,-1.0,1.0,1.0,1.0,-1.0,-1.0,-1.0,1.0,-1.0,1.0,-1.0,-1.0,1.0,-1.0,-1.0,1.0,-1.0,1.0,-1.0,-1.0,1.0,-1.0,-1.0	1.6724892,-0.39674622,0.4147321,0.6690388,0.29833364,-2.9742358,-2.0763159,-4.27576,3.0457013,-2.6690266,0.041096658,-1.1513977,-2.6739843,0.8292687,-1.4432234,-2.8010852,1.4014298,-2.9940486,0.5044277,-4.2418723,-1.3241066,1.9798685,-5.6599975,-2.5218437
../data/train_data_mmini/7/Train_0033.jpg	7	1.0,-1.0,1.0,1.0,1.0,-1.0,-1.0,-1.0,1.0,-1.0,-1.0,-1.0,-1.0,1.0,-1.0,-1.0,1.0,-1.0,1.0,-1.0,-1.0,1.0,-1.0,-1.0	2.1475375,-0.17211221,0.48814747,1.0407941,0.4195479,-3.5049071,-2.4344673,-5.2631316,3.6868553,-3.1932867,-0.16138873,-1.6702409,-3.2519457,1.0751504,-1.7832372,-3.6351154,1.8967487,-3.7727332,0.5353042,-4.8849745,-1.6886965,2.6665606,-6.823986,-3.1416972
../data/train_data_mmini/7/Train_0034.jpg	7	1.0,-1.0,1.0,1.0,1.0,-1.0,-1.0,-1.0,1.0,-1.0,1.0,-1.0,-1.0,1.0,-1.0,-1.0,1.0,-1.0,1.0,-1.0,-1.0,1.0,-1.0,-1.0	1.4973563,-0.5223296,0.16334297,0.38794345,0.4378332,-2.1972883,-1.9911333,-3.4725025,2.4930763,-2.189827,0.50955784,-1.1765027,-1.8740709,0.6499899,-1.574073,-1.7895453,1.5121955,-2.3494434,0.41825613,-3.4030464,-1.4184245,1.5647204,-4.0244417,-1.9447645
../data/train_data_mmini/8/Train_0035.jpg	8	1.0,-1.0,1.0,1.0,1.0,-1.0,-1.0,-1.0,1.0,-1.0,-1.0,-1.0,-1.0,1.0,-1.0,-1.0,1.0,-1.0,1.0,-1.0,-1.0,1.0,-1.0,-1.0	1.9120529,-0.30364513,0.5031683,0.95060873,0.6129012,-3.349719,-2.3485944,-4.8899765,3.61985,-3.036922,-0.014767513,-1.6085408,-3.0989006,0.9806371,-1.8498944,-3.0905204,1.7010146,-3.5397892,0.56370515,-4.7611775,-1.5123308,2.5878713,-6.507615,-3.043658
../data/train_data_mmini/8/Train_0036.jpg	8	1.0,-1.0,1.0,1.0,1.0,-1.0,-1.0,-1.0,1.0,-1.0,1.0,-1.0,-1.0,1.0,-1.0,-1.0,1.0,-1.0,1.0,-1.0,-1.0,1.0,-1.0,-1.0	1.8618991,-0.31964776,0.4938856,0.8419425,0.53816986,-3.266754,-2.4350376,-4.764388,3.538696,-3.1306026,0.09196286,-1.6963468,-2.862583,0.94181275,-1.9961289,-3.0831275,1.8121084,-3.5539067,0.51885927,-4.672401,-1.5852745,2.5064182,-6.26932,-2.892284
../data/train_data_mmini/8/Train_0037.jpg	8	1.0,-1.0,1.0,1.0,1.0,-1.0,-1.0,-1.0,1.0,-1.0,-1.0,-1.0,-1.0,1.0,-1.0,-1.0,1.0,-1.0,1.0,-1.0,-1.0,1.0,-1.0,-1.0	2.1470068,-0.16788135,0.69540054,1.0033866,0.48610884,-3.324552,-2.5498521,-5.1409388,3.6167305,-3.3826294,-0.15344194,-1.7399553,-3.190754,0.9931227,-1.9084153,-3.3599076,2.040265,-3.540515,0.45894185,-4.8064604,-1.7857013,2.5462925,-6.76467,-3.2207217
../data/train_data_mmini/8/Train_0038.jpg	8	1.0,-1.0,1.0,1.0,1.0,-1.0,-1.0,-1.0,1.0,-1.0,-1.0,-1.0,-1.0,1.0,-1.0,-1.0,1.0,-1.0,1.0,-1.0,-1.0,1.0,-1.0,-1.0	2.0426626,-0.29506782,0.43569493,0.78634405,0.71896917,-3.2000544,-2.5247228,-5.0586085,3.7620137,-3.1197066,-0.1759909,-1.6909059,-3.280492,0.9494776,-2.118127,-3.1624987,1.9332651,-3.559398,0.5001415,-4.936062,-1.6289413,2.6661754,-6.7477646,-3.0431643
../data/train_data_mmini/8/Train_0039.jpg	8	1.0,-1.0,1.0,1.0,1.0,-1.0,-1.0,-1.0,1.0,-1.0,-1.0,-1.0,-1.0,1.0,-1.0,-1.0,1.0,-1.0,1.0,-1.0,-1.0,1.0,-1.0,-1.0	1.832125,-0.38172352,0.44630668,0.93095505,0.47890386,-3.3015776,-2.2307224,-4.69704,3.5025926,-2.9500804,-0.040395223,-1.4900587,-3.030289,0.901597,-1.6082845,-3.040364,1.5863236,-3.4205377,0.53696597,-4.6252213,-1.3560663,2.485959,-6.3338704,-2.7838516
../data/train_data_mmini/9/Train_0040.jpg	9	1.0,-1.0,1.0,1.0,1.0,-1.0,-1.0,-1.0,1.0,-1.0,-1.0,-1.0,-1.0,1.0,-1.0,-1.0,1.0,-1.0,1.0,-1.0,-1.0,1.0,-1.0,-1.0	2.8226898,-0.2144743,0.8881011,1.198373,0.8656225,-4.047054,-3.2253273,-6.490202,4.6706634,-3.9643044,-0.52948487,-2.402606,-4.1102867,1.3491888,-2.6843789,-4.1734595,2.6481342,-4.4127665,0.60273635,-6.081158,-2.311661,3.2570925,-8.532735,-4.024403
../data/train_data_mmini/9/Train_0041.jpg	9	1.0,-1.0,1.0,1.0,1.0,-1.0,-1.0,-1.0,1.0,-1.0,-1.0,-1.0,-1.0,1.0,-1.0,-1.0,1.0,-1.0,1.0,-1.0,-1.0,1.0,-1.0,-1.0	2.0056288,-0.2490749,0.5138329,0.8289408,0.46732828,-3.0287893,-2.4137042,-4.696757,3.2299862,-2.9753964,-0.10330662,-1.6084278,-2.9313145,0.80304724,-1.818701,-3.048712,1.9052505,-3.1880517,0.4027268,-4.313131,-1.6739001,2.5212328,-6.034737,-2.8072383
../data/train_data_mmini/9/Train_0042.jpg	9	1.0,-1.0,1.0,1.0,1.0,-1.0,-1.0,-1.0,1.0,-1.0,-1.0,-1.0,-1.0,1.0,-1.0,-1.0,1.0,-1.0,1.0,-1.0,-1.0,1.0,-1.0,-1.0	2.5386944,-0.26416132,0.8758983,0.691095,0.69339675,-3.3792717,-3.017787,-5.465816,3.9652123,-3.3687613,-0.32308677,-2.182785,-3.346301,1.2226923,-2.5820763,-3.4772406,2.5168693,-3.6485546,0.5453974,-5.154106,-2.2600946,2.6944957,-6.891684,-3.2622535
../data/train_data_mmini/9/Train_0043.jpg	9	1.0,-1.0,1.0,1.0,1.0,-1.0,-1.0,-1.0,1.0,-1.0,-1.0,-1.0,-1.0,1.0,-1.0,-1.0,1.0,-1.0,1.0,-1.0,-1.0,1.0,-1.0,-1.0	2.6007316,-0.06939725,0.7613413,1.1290691,0.87038594,-3.7596943,-3.0327153,-6.2004495,4.3690963,-3.8310435,-0.5371959,-2.16723,-3.9970949,1.2022448,-2.4139025,-3.99942,2.484701,-4.157866,0.4920105,-5.6706305,-2.1196377,3.2448173,-8.077176,-3.8279953
../data/train_data_mmini/9/Train_0044.jpg	9	1.0,-1.0,1.0,1.0,1.0,-1.0,-1.0,-1.0,1.0,-1.0,-1.0,-1.0,-1.0,1.0,-1.0,-1.0,1.0,-1.0,1.0,-1.0,-1.0,1.0,-1.0,-1.0	2.3370311,-0.13746674,0.68359774,1.0033733,0.6289845,-3.4127223,-2.616603,-5.4799585,3.920869,-3.269958,-0.45077765,-1.8895999,-3.4881816,1.0588595,-2.0511625,-3.5390549,2.1235585,-3.6580446,0.494768,-5.052056,-1.8494321,2.8577743,-7.223942,-3.3774276
../data/train_data_mmini/10/Train_0045.jpg	10	1.0,-1.0,1.0,1.0,1.0,-1.0,-1.0,-1.0,1.0,-1.0,1.0,-1.0,-1.0,1.0,-1.0,-1.0,1.0,-1.0,1.0,-1.0,-1.0,1.0,-1.0,-1.0	0.9614991,-0.32519206,0.10829594,0.38627157,0.28578803,-1.8077979,-1.3421487,-2.5618887,1.8687345,-1.7503809,0.18511294,-0.92605,-1.780515,0.5409386,-1.0220459,-1.7715671,0.9227089,-2.1007442,0.3415148,-2.7470915,-0.8139462,1.4000891,-3.4585884,-1.4881773
../data/train_data_mmini/10/Train_0046.jpg	10	1.0,-1.0,1.0,1.0,1.0,-1.0,-1.0,-1.0,1.0,-1.0,-1.0,-1.0,-1.0,1.0,-1.0,-1.0,1.0,-1.0,1.0,-1.0,-1.0,1.0,-1.0,-1.0	1.1174784,-0.13700667,0.071383476,0.369672,0.20109263,-1.6669288,-1.2225522,-2.7676718,1.7942238,-1.6911874,-0.10661488,-0.8045757,-1.8452344,0.5055064,-0.8791512,-1.7886796,1.0020199,-1.8108234,0.25909635,-2.552781,-0.84872645,1.4585037,-3.571566,-1.5226066
../data/train_data_mmini/10/Train_0047.jpg	10	1.0,-1.0,1.0,1.0,1.0,-1.0,-1.0,-1.0,1.0,-1.0,1.0,-1.0,-1.0,1.0,-1.0,-1.0,1.0,-1.0,1.0,-1.0,-1.0,1.0,-1.0,-1.0	1.8489947,-0.35961396,0.3012271,0.67373383,0.5853531,-3.0790348,-2.3593123,-4.647086,3.4170194,-3.0267336,0.08446495,-1.5982751,-2.9386814,0.93948823,-1.9017425,-2.8717635,1.8254033,-3.2648067,0.52069455,-4.555074,-1.59953,2.3829894,-6.0998874,-2.6333964
../data/train_data_mmini/10/Train_0048.jpg	10	1.0,-1.0,1.0,1.0,1.0,-1.0,-1.0,-1.0,1.0,-1.0,1.0,-1.0,-1.0,1.0,-1.0,-1.0,1.0,-1.0,1.0,-1.0,-1.0,1.0,-1.0,-1.0	1.457354,-0.5961812,0.08401965,0.35128474,0.5446621,-2.4440382,-2.003878,-3.4958954,2.6988993,-2.2444339,0.46455953,-1.3729017,-2.1578813,0.67977476,-1.9347423,-1.996446,1.5323625,-2.7812994,0.33029008,-3.8752484,-1.3048441,1.8923965,-4.581866,-2.0338824
../data/train_data_mmini/10/Train_0049.jpg	10	1.0,-1.0,1.0,1.0,1.0,-1.0,-1.0,-1.0,1.0,-1.0,-1.0,-1.0,-1.0,1.0,-1.0,-1.0,1.0,-1.0,1.0,-1.0,-1.0,1.0,-1.0,-1.0	1.8534033,-0.32329708,0.3878713,0.8034127,0.5746389,-3.0812008,-2.3014932,-4.6921816,3.3510234,-2.991572,-0.0020166712,-1.5121756,-3.079088,0.89962393,-1.837261,-2.9957004,1.7204995,-3.3939228,0.4545091,-4.603236,-1.4790392,2.549229,-6.1867886,-2.7385151
