../data/train_data_mmini/1/Train_0000.jpg	1	-1.0,-1.0,1.0,-1.0,-1.0,-1.0,1.0,1.0,1.0,1.0,-1.0,1.0	-0.36180243,-1.4393692,2.526869,-3.8175802,-1.276525,-1.7574419,1.5238297,0.71010745,0.2618259,0.59268343,-2.3748758,4.0593357
../data/train_data_mmini/1/Train_0001.jpg	1	-1.0,-1.0,1.0,-1.0,-1.0,-1.0,1.0,1.0,1.0,1.0,-1.0,1.0	-0.2175687,-1.565101,2.1147878,-3.9494674,-1.9993587,-2.4918182,1.8207566,1.0213318,0.20066097,0.53727627,-2.5500138,5.1238885
../data/train_data_mmini/1/Train_0002.jpg	1	1.0,-1.0,1.0,-1.0,-1.0,-1.0,1.0,1.0,-1.0,1.0,-1.0,1.0	0.054998938,-1.3515698,0.88401693,-3.2916012,-2.8169885,-2.7957058,1.5735204,0.88526136,-0.61308825,0.30268508,-2.2332892,4.9015117
../data/train_data_mmini/1/Train_0003.jpg	1	-1.0,-1.0,1.0,-1.0,-1.0,-1.0,1.0,1.0,1.0,1.0,-1.0,1.0	-0.65861344,-1.545728,3.0797086,-4.277606,-0.8537377,-1.4290854,1.6217867,0.8017986,0.7618219,0.6933375,-2.4684632,4.1724157
../data/train_data_mmini/1/Train_0004.jpg	1	-1.0,-1.0,1.0,-1.0,-1.0,-1.0,1.0,1.0,1.0,1.0,-1.0,1.0	-0.7052813,-1.3195056,2.7214327,-4.5870175,-1.2160233,-1.912812,1.5824628,1.0026133,0.7195756,0.9372939,-2.3682876,5.1115675
../data/train_data_mmini/2/Train_0005.jpg	2	-1.0,-1.0,1.0,-1.0,-1.0,-1.0,1.0,1.0,-1.0,1.0,-1.0,1.0	-0.31235617,-1.3095051,1.178382,-4.0578337,-2.776557,-2.4195714,1.6488178,1.0425901,-0.14896348,0.43583053,-2.1507936,5.8212924
../data/train_data_mmini/2/Train_0006.jpg	2	1.0,-1.0,1.0,-1.0,-1.0,-1.0,1.0,1.0,-1.0,1.0,-1.0,1.0	0.001719249,-1.3770088,1.2053561,-3.7448463,-2.4674616,-2.36345,1.5891516,0.55659634,-0.38509676,0.40104192,-2.1660585,5.2187905
../data/train_data_mmini/2/Train_0007.jpg	2	-1.0,-1.0,1.0,-1.0,-1.0,-1.0,1.0,1.0,1.0,1.0,-1.0,1.0	-1.1247174,-1.460121,3.561863,-4.8937855,-0.24574082,-1.0947773,1.6844828,0.76066095,1.3466852,0.9195004,-2.162698,4.1173882
../data/train_data_mmini/2/Train_0008.jpg	2	-1.0,-1.0,1.0,-1.0,-1.0,-1.0,1.0,1.0,-1.0,1.0,-1.0,1.0	-0.24138907,-1.449479,1.5303981,-4.2236814,-2.1921947,-2.196279,1.9814172,0.76647216,-0.4956738,0.70718473,-2.1835592,5.741123
../data/train_data_mmini/2/Train_0009.jpg	2	-1.0,-1.0,1.0,-1.0,-1.0,-1.0,1.0,1.0,-1.0,1.0,-1.0,1.0	-0.38164797,-1.5462278,1.8100686,-4.2568145,-2.5977337,-2.712005,1.9459174,0.83105266,-0.4340856,0.5740185,-2.7491603,6.059044
../data/train_data_mmini/3/Train_0010.jpg	3	-1.0,-1.0,1.0,-1.0,-1.0,-1.0,1.0,1.0,1.0,1.0,-1.0,1.0	-0.7392117,-1.2235354,1.328737,-4.1379156,-1.8427836,-2.0785985,1.855782,1.0272102,0.15581498,0.7515479,-1.7505307,5.9933724
../data/train_data_mmini/3/Train_0011.jpg	3	1.0,-1.0,1.0,-1.0,-1.0,-1.0,1.0,1.0,-1.0,1.0,-1.0,1.0	0.04055349,-0.96305305,0.28063104,-3.3809016,-3.677627,-3.8438635,1.3223791,1.1761531,-0.90714926,0.52480114,-2.129014,6.3182993
../data/train_data_mmini/3/Train_0012.jpg	3	1.0,-1.0,1.0,-1.0,-1.0,-1.0,1.0,1.0,-1.0,1.0,-1.0,1.0	0.008568181,-1.2506778,0.7577646,-3.4955952,-3.4163148,-3.6306305,1.2478077,0.99759287,-0.39555252,0.4356443,-2.443131,5.871327
../data/train_data_mmini/3/Train_0013.jpg	3	1.0,-1.0,1.0,-1.0,-1.0,-1.0,1.0,1.0,-1.0,1.0,-1.0,1.0	0.18515049,-1.5230094,0.36455062,-3.8900003,-3.5379887,-3.3495657,1.8485285,0.74427766,-1.3429594,0.5864572,-2.316497,6.551974
../data/train_data_mmini/3/Train_0014.jpg	3	-1.0,-1.0,1.0,-1.0,-1.0,-1.0,1.0,1.0,-1.0,1.0,-1.0,1.0	-0.19850023,-1.2270426,1.3490403,-4.5707283,-2.7938209,-3.0471187,1.8363304,1.0496064,-0.29839483,0.7782151,-2.2982047,6.660608
../data/train_data_mmini/4/Train_0015.jpg	4	-1.0,-1.0,1.0,-1.0,-1.0,-1.0,1.0,1.0,-1.0,1.0,-1.0,1.0	-0.037648592,-1.3843056,1.2006197,-3.814581,-2.557431,-2.7057223,1.5218192,0.7307061,-0.36333063,0.32500422,-2.5136063,5.1200624
../data/train_data_mmini/4/Train_0016.jpg	4	1.0,-1.0,1.0,-1.0,-1.0,-1.0,1.0,1.0,-1.0,1.0,-1.0,1.0	0.100087434,-1.2800255,0.9876971,-3.1328735,-2.2108397,-2.0340266,1.5195664,0.9052102,-0.51592386,0.29126957,-1.732128,4.639315
../data/train_data_mmini/4/Train_0017.jpg	4	1.0,-1.0,-1.0,-1.0,-1.0,-1.0,1.0,1.0,-1.0,1.0,-1.0,1.0	0.6908895,-1.4180428,-0.03188711,-2.9859753,-4.4484076,-4.2644315,1.298328,1.0234989,-1.2554355,0.005140143,-2.4717429,6.4981823
../data/train_data_mmini/4/Train_0018.jpg	4	-1.0,-1.0,1.0,-1.0,-1.0,-1.0,1.0,1.0,1.0,1.0,-1.0,1.0	-0.116123736,-1.0370766,1.189148,-3.1014621,-1.5864581,-1.9184277,1.2642797,0.7896072,0.08074751,0.2930364,-1.7001787,4.2643943
../data/train_data_mmini/4/Train_0019.jpg	4	-1.0,-1.0,1.0,-1.0,-1.0,-1.0,1.0,1.0,-1.0,1.0,-1.0,1.0	-0.44460136,-1.4965518,0.9920512,-4.408649,-2.7309084,-2.513916,1.7814149,0.9709289,-0.32870588,0.48757446,-2.2451503,6.3861146
../data/train_data_mmini/5/Train_0020.jpg	5	-1.0,-1.0,1.0,-1.0,-1.0,-1.0,1.0,1.0,1.0,1.0,-1.0,1.0	-0.77672017,-1.6465212,2.9644806,-5.060681,-1.4749562,-1.90055,1.8682609,1.0764091,0.9143607,0.7641954,-2.6875768,5.181004
../data/train_data_mmini/5/Train_0021.jpg	5	-1.0,-1.0,1.0,-1.0,-1.0,-1.0,1.0,1.0,-1.0,1.0,-1.0,1.0	-0.5148119,-1.6410072,2.0405464,-5.4071426,-2.9718792,-3.2547102,1.9520284,0.9932686,-0.30907527,0.93214923,-2.9870212,6.811662
../data/train_data_mmini/5/Train_0022.jpg	5	-1.0,-1.0,1.0,-1.0,-1.0,-1.0,1.0,1.0,1.0,1.0,-1.0,1.0	-0.720108,-1.434489,2.9914854,-4.4030304,-0.6301265,-1.2411762,1.7313751,0.6031297,0.74820024,0.75627476,-2.1782126,4.401901
../data/train_data_mmini/5/Train_0023.jpg	5	-1.0,-1.0,1.0,-1.0,-1.0,-1.0,1.0,1.0,1.0,1.0,-1.0,1.0	-0.91714066,-1.4171057,3.3130915,-4.434355,-0.47794625,-1.067147,1.6815357,0.69702846,1.0579984,0.8298483,-2.3125525,3.7973428
../data/train_data_mmini/5/Train_0024.jpg	5	-1.0,-1.0,1.0,-1.0,-1.0,-1.0,1.0,1.0,1.0,1.0,-1.0,1.0	-1.0104175,-1.6481651,2.300294,-4.788306,-1.7622713,-2.3462243,1.6548953,0.8957219,0.48837224,1.0601909,-2.493777,5.434664
../data/train_data_mmini/6/Train_0025.jpg	6	-1.0,-1.0,1.0,-1.0,-1.0,-1.0,1.0,1.0,-1.0,1.0,-1.0,1.0	-0.7995348,-1.2298684,0.57621485,-4.7842326,-3.054762,-3.1007822,1.5757145,1.4817244,-0.078713104,0.89025986,-1.6288716,7.571307
../data/train_data_mmini/6/Train_0026.jpg	6	-1.0,-1.0,1.0,-1.0,-1.0,-1.0,1.0,1.0,1.0,1.0,-1.0,1.0	-0.29491156,-1.7641093,1.872033,-4.0297823,-2.108279,-2.7139246,1.5199596,1.2578822,0.73054296,0.34398684,-2.6326368,5.32552
../data/train_data_mmini/6/Train_0027.jpg	6	-1.0,-1.0,1.0,-1.0,-1.0,-1.0,1.0,1.0,-1.0,1.0,-1.0,1.0	-0.48548454,-0.7900338,0.6194484,-3.7866435,-2.7788918,-2.647011,1.6889879,1.2217697,-0.4902411,0.7449638,-1.7492746,6.530886
../data/train_data_mmini/6/Train_0028.jpg	6	-1.0,-1.0,1.0,-1.0,-1.0,-1.0,1.0,1.0,-1.0,1.0,-1.0,1.0	-0.2988401,-1.1150203,1.611485,-4.4138994,-2.255826,-2.7665174,1.5477022,0.95953333,-0.061908886,0.8756026,-2.0530622,5.829706
../data/train_data_mmini/6/Train_0029.jpg	6	-1.0,-1.0,1.0,-1.0,-1.0,-1.0,1.0,1.0,-1.0,1.0,-1.0,1.0	-0.13991624,-1.6568882,0.5597518,-3.8865287,-3.415471,-2.9548087,1.9706751,1.0118259,-1.0286133,0.49749964,-2.1847618,6.5823064
../data/train_data_mmini/7/Train_0030.jpg	7	-1.0,-1.0,1.0,-1.0,-1.0,-1.0,1.0,1.0,-1.0,1.0,-1.0,1.0	-0.08502197,-1.5457288,2.2206445,-4.184166,-2.151418,-2.218358,1.7098167,0.84560907,-0.028072573,0.44632185,-2.589239,5.2724214
../data/train_data_mmini/7/Train_0031.jpg	7	-1.0,-1.0,1.0,-1.0,-1.0,-1.0,1.0,1.0,-1.0,1.0,-1.0,1.0	-0.09235592,-1.7811698,1.4039549,-4.663419,-3.1083672,-3.4447007,1.9574155,1.0302628,-0.27219036,0.50358653,-2.6211,6.699128
../data/train_data_mmini/7/Train_0032.jpg	7	-1.0,-1.0,-1.0,-1.0,-1.0,-1.0,1.0,1.0,-1.0,1.0,-1.0,1.0	-0.22883673,-1.1209766,-0.18028744,-4.305186,-5.024835,-4.565662,1.6789118,1.4258834,-1.6424953,0.7013824,-2.4259763,7.9552026
../data/train_data_mmini/7/Train_0033.jpg	7	-1.0,-1.0,1.0,-1.0,-1.0,-1.0,1.0,1.0,1.0,1.0,-1.0,1.0	-0.5571987,-1.3831528,1.9287223,-4.0913982,-1.9571319,-2.0875878,1.6919466,1.0279387,0.26054513,0.6022454,-2.3808537,5.136304
../data/train_data_mmini/7/Train_0034.jpg	7	-1.0,-1.0,1.0,-1.0,-1.0,-1.0,1.0,1.0,1.0,1.0,-1.0,1.0	-1.1390094,-0.6861503,0.40519717,-4.93396,-2.81432,-3.3862834,1.3733652,1.4743232,0.16144174,1.4106536,-1.5086781,7.683474
../data/train_data_mmini/8/Train_0035.jpg	8	-1.0,-1.0,1.0,-1.0,-1.0,-1.0,1.0,1.0,-1.0,1.0,-1.0,1.0	-0.33246386,-1.2943015,1.3424832,-4.123735,-2.7664654,-2.7604976,1.8701458,0.67360467,-0.6563716,0.8334763,-2.20502,6.43242
../data/train_data_mmini/8/Train_0036.jpg	8	-1.0,-1.0,1.0,-1.0,-1.0,-1.0,1.0,1.0,-1.0,1.0,-1.0,1.0	-0.53806823,-1.4301256,1.0729263,-4.8116155,-3.1232123,-3.1505744,1.7838094,1.1726155,-0.21054272,0.7481381,-2.2840352,7.2595215
../data/train_data_mmini/8/Train_0037.jpg	8	-1.0,-1.0,1.0,-1.0,-1.0,-1.0,1.0,1.0,-1.0,1.0,-1.0,1.0	-0.39650446,-1.6503845,0.628084,-4.9450607,-4.216824,-4.313484,1.9144622,1.6176459,-0.55416656,0.74559224,-2.6927192,8.307939
../data/train_data_mmini/8/Train_0038.jpg	8	-1.0,-1.0,1.0,-1.0,-1.0,-1.0,1.0,1.0,-1.0,1.0,-1.0,1.0	-0.15419132,-1.5249084,1.2351617,-4.464273,-3.0300322,-2.9565902,2.0852237,0.9745178,-0.7443524,0.73824024,-2.3260932,6.7806253
../data/train_data_mmini/8/Train_0039.jpg	8	-1.0,-1.0,1.0,-1.0,-1.0,-1.0,1.0,1.0,-1.0,1.0,-1.0,1.0	-0.16629618,-1.2902781,0.80884683,-4.1885133,-3.8086255,-3.574136,1.893346,1.1242614,-0.97935975,0.7495003,-2.359308,7.3666973
../data/train_data_mmini/9/Train_0040.jpg	9	-1.0,-1.0,1.0,-1.0,-1.0,-1.0,1.0,1.0,1.0,1.0,-1.0,1.0	-0.6360067,-1.8112358,2.4599357,-5.380423,-2.2658672,-2.8076441,2.0247386,1.0671167,0.22423477,0.8853204,-2.8489783,6.619625
../data/train_data_mmini/9/Train_0041.jpg	9	-1.0,-1.0,1.0,-1.0,-1.0,-1.0,1.0,1.0,1.0,1.0,-1.0,1.0	-0.53123236,-1.4464494,1.5134008,-4.5261073,-2.524764,-2.8417282,1.861973,1.155681,0.25223422,0.6212315,-2.1751697,6.12663
../data/train_data_mmini/9/Train_0042.jpg	9	-1.0,-1.0,1.0,-1.0,-1.0,-1.0,1.0,1.0,-1.0,1.0,-1.0,1.0	-0.5250498,-1.7251005,1.4627098,-4.8992314,-2.7191727,-3.1463969,1.8184854,1.118087,-0.022754636,0.88971204,-2.4876142,6.5412397
../data/train_data_mmini/9/Train_0043.jpg	9	-1.0,-1.0,1.0,-1.0,-1.0,-1.0,1.0,1.0,1.0,1.0,-1.0,1.0	-0.55343866,-1.5656182,2.4055862,-5.190637,-2.2187045,-2.2695925,2.0958169,0.8555327,0.008679852,0.6770705,-2.605021,6.317698
../data/train_data_mmini/9/Train_0044.jpg	9	-1.0,-1.0,1.0,-1.0,-1.0,-1.0,1.0,1.0,-1.0,1.0,-1.0,1.0	-0.2652365,-1.6913135,1.0601634,-4.6286755,-3.6689973,-3.3055565,2.1062946,1.2072271,-0.58025223,0.63362354,-2.6764853,7.144432
../data/train_data_mmini/10/Train_0045.jpg	10	-1.0,-1.0,-1.0,-1.0,-1.0,-1.0,1.0,1.0,-1.0,1.0,-1.0,1.0	-0.35951412,-0.937891,-0.90833443,-3.629604,-4.3091516,-3.8949895,1.6489232,1.2503474,-1.3761481,0.87898326,-1.5733867,7.7611036
../data/train_data_mmini/10/Train_0046.jpg	10	-1.0,-1.0,-1.0,-1.0,-1.0,-1.0,1.0,1.0,-1.0,1.0,-1.0,1.0	-0.15674257,-0.98797905,-0.6998452,-2.6593344,-4.0656047,-3.4691765,1.5152166,1.2862352,-1.6109122,0.5638937,-1.6529254,6.6249247
../data/train_data_mmini/10/Train_0047.jpg	10	-1.0,-1.0,1.0,-1.0,-1.0,-1.0,1.0,1.0,-1.0,1.0,-1.0,1.0	-0.52114373,-1.299408,0.026339423,-5.566356,-4.988623,-4.538094,1.9514042,1.7254329,-0.98520327,1.1697435,-2.3871558,9.574699
../data/train_data_mmini/10/Train_0048.jpg	10	-1.0,-1.0,1.0,-1.0,-1.0,-1.0,1.0,1.0,-1.0,1.0,-1.0,1.0	-0.7077325,-1.0373487,0.050334346,-4.571072,-4.05507,-3.2886722,1.8528262,1.3637581,-0.9113913,1.0861425,-1.7294886,8.134974
../data/train_data_mmini/10/Train_0049.jpg	10	-1.0,-1.0,1.0,-1.0,-1.0,-1.0,1.0,1.0,-1.0,1.0,-1.0,1.0	-0.45277628,-1.388641,0.6184156,-4.9502563,-3.8730571,-3.9035852,2.0467079,1.3715268,-0.804416,0.9997182,-2.2993028,8.254523
