../data/train_data_mmini/1/Train_0000.jpg	1	-1.0,1.0,1.0,-1.0,-1.0,1.0,1.0,-1.0,1.0,-1.0,-1.0,-1.0	-0.72939944,7.2124953,0.96890926,-6.7169156,-7.160833,2.6513343,0.87765944,-10.555894,7.236095,-3.3350644,-6.8209944,-3.5232494
../data/train_data_mmini/1/Train_0001.jpg	1	-1.0,1.0,-1.0,-1.0,-1.0,1.0,1.0,-1.0,1.0,-1.0,-1.0,-1.0	-1.374534,5.974791,-1.3821857,-6.183858,-8.529832,2.4435873,1.2996031,-11.754331,6.74111,-2.6686184,-5.369884,-2.2158873
../data/train_data_mmini/1/Train_0002.jpg	1	-1.0,1.0,-1.0,-1.0,-1.0,1.0,1.0,-1.0,1.0,-1.0,-1.0,-1.0	-0.81887025,8.140398,-0.95361024,-9.62993,-11.570725,2.6752703,2.2315392,-13.848655,10.006001,-5.1359334,-8.891523,-5.1291976
../data/train_data_mmini/1/Train_0003.jpg	1	-1.0,1.0,1.0,-1.0,-1.0,1.0,1.0,-1.0,1.0,-1.0,-1.0,-1.0	-0.92672026,4.859721,0.46731853,-4.69572,-5.1486683,2.4818382,0.62843984,-9.768751,5.4011765,-1.8759575,-4.128556,-2.1536024
../data/train_data_mmini/1/Train_0004.jpg	1	-1.0,1.0,1.0,-1.0,-1.0,1.0,-1.0,-1.0,1.0,-1.0,-1.0,-1.0	-0.43360057,6.987867,0.47302416,-7.315073,-8.135111,1.9457469,-0.20022804,-9.770041,7.504109,-3.4424596,-8.036457,-3.939851
../data/train_data_mmini/2/Train_0005.jpg	2	-1.0,1.0,-1.0,-1.0,-1.0,1.0,1.0,-1.0,1.0,-1.0,-1.0,-1.0	-1.6049969,2.9718108,-2.0340898,-7.1713614,-9.164967,1.817167,2.2949286,-13.4521885,5.95191,-2.7082705,-3.9995835,-3.9125154
../data/train_data_mmini/2/Train_0006.jpg	2	-1.0,1.0,-1.0,-1.0,-1.0,1.0,1.0,-1.0,1.0,-1.0,-1.0,-1.0	-1.6418804,2.8846323,-1.5293565,-11.603972,-11.530106,0.9202327,4.5499763,-16.555166,5.3830547,-3.7448952,-4.6187387,-7.8229594
../data/train_data_mmini/2/Train_0007.jpg	2	1.0,1.0,1.0,-1.0,-1.0,1.0,-1.0,-1.0,1.0,-1.0,-1.0,-1.0	0.43180484,7.3169928,1.2967846,-5.435883,-5.8839,2.5296023,-0.8362331,-6.3819547,6.8778954,-2.8115761,-8.16225,-3.478311
../data/train_data_mmini/2/Train_0008.jpg	2	1.0,1.0,-1.0,-1.0,-1.0,1.0,1.0,-1.0,1.0,-1.0,-1.0,-1.0	0.9666969,4.441014,-1.7875781,-9.174497,-11.036414,0.48088515,0.8383262,-8.373473,7.3651814,-4.130785,-9.67902,-7.703854
../data/train_data_mmini/2/Train_0009.jpg	2	-1.0,1.0,-1.0,-1.0,-1.0,1.0,1.0,-1.0,1.0,-1.0,-1.0,-1.0	-1.8786441,5.953993,-0.658439,-9.28795,-9.688786,3.3706968,2.7870202,-16.66965,7.1630354,-2.8504164,-6.3778114,-5.7888823
../data/train_data_mmini/3/Train_0010.jpg	3	1.0,1.0,-1.0,-1.0,-1.0,-1.0,-1.0,-1.0,1.0,-1.0,-1.0,-1.0	0.40840372,1.0752678,-2.8066902,-6.4273977,-8.303905,-0.10374541,-1.0876423,-6.5982056,4.257007,-1.3690146,-6.9194345,-4.9896235
../data/train_data_mmini/3/Train_0011.jpg	3	-1.0,1.0,-1.0,-1.0,-1.0,1.0,-1.0,-1.0,1.0,-1.0,-1.0,-1.0	-0.27927944,12.651427,-0.767277,-10.755504,-14.370104,3.8804815,-0.8063176,-14.160934,14.265899,-6.416703,-14.764878,-4.039912
../data/train_data_mmini/3/Train_0012.jpg	3	-1.0,1.0,-1.0,-1.0,-1.0,1.0,1.0,-1.0,1.0,-1.0,-1.0,-1.0	-3.1923513,11.3662815,-0.29186296,-12.048607,-13.019491,4.8324714,3.4068706,-23.129868,10.793688,-5.4506445,-7.581676,-4.408971
../data/train_data_mmini/3/Train_0013.jpg	3	-1.0,1.0,-1.0,-1.0,-1.0,-1.0,1.0,-1.0,1.0,-1.0,-1.0,-1.0	-0.90731657,3.1760013,-2.7350967,-13.313498,-14.061637,-0.40134937,4.4671106,-15.784721,7.1883807,-5.3737087,-7.2127447,-9.10997
../data/train_data_mmini/3/Train_0014.jpg	3	1.0,1.0,-1.0,-1.0,-1.0,1.0,1.0,-1.0,1.0,-1.0,-1.0,-1.0	0.094564736,3.3886766,-2.6603725,-8.241363,-10.581278,0.93090993,0.9634327,-10.111754,7.232277,-3.4405518,-7.850042,-5.1566
../data/train_data_mmini/4/Train_0015.jpg	4	-1.0,1.0,1.0,-1.0,-1.0,1.0,1.0,-1.0,1.0,-1.0,-1.0,-1.0	-0.8442429,10.007321,0.5062579,-13.193103,-13.805286,2.8532286,2.2401326,-17.325014,10.962718,-6.3929763,-11.095438,-8.128304
../data/train_data_mmini/4/Train_0016.jpg	4	-1.0,1.0,-1.0,-1.0,-1.0,1.0,1.0,-1.0,1.0,-1.0,-1.0,-1.0	-1.638561,2.4479148,-2.3879542,-3.394496,-5.684506,2.4504936,1.9296643,-10.089099,5.1633973,-1.2049315,-2.3600376,-1.0179058
../data/train_data_mmini/4/Train_0017.jpg	4	-1.0,1.0,-1.0,-1.0,-1.0,1.0,1.0,-1.0,1.0,-1.0,-1.0,-1.0	-2.9076576,6.83872,-2.4300835,-12.037768,-14.0228,3.014204,5.0111866,-21.65893,9.142613,-5.078011,-5.9093657,-6.617378
../data/train_data_mmini/4/Train_0018.jpg	4	-1.0,1.0,-1.0,-1.0,-1.0,1.0,1.0,-1.0,1.0,-1.0,-1.0,-1.0	-0.22688095,2.2174578,-1.8698184,-5.55346,-7.0862656,1.1258558,0.048430473,-8.084009,5.551427,-1.858147,-5.539052,-3.382346
../data/train_data_mmini/4/Train_0019.jpg	4	-1.0,1.0,-1.0,-1.0,-1.0,1.0,1.0,-1.0,1.0,-1.0,-1.0,-1.0	-1.4701395,2.8490863,-2.5000908,-12.089211,-12.795935,0.83555055,4.7899165,-17.47343,6.15094,-4.280794,-5.3692446,-7.975888
../data/train_data_mmini/5/Train_0020.jpg	5	-1.0,1.0,-1.0,-1.0,-1.0,1.0,1.0,-1.0,1.0,-1.0,-1.0,-1.0	-0.91207665,4.1568184,-0.9798807,-4.3603783,-5.838389,2.0161,0.9569242,-8.618419,5.247966,-1.5057565,-4.160515,-2.1774952
../data/train_data_mmini/5/Train_0021.jpg	5	-1.0,1.0,-1.0,-1.0,-1.0,1.0,1.0,-1.0,1.0,-1.0,-1.0,-1.0	-0.044995125,7.734081,-0.20930344,-11.665131,-12.386897,1.618857,0.8732733,-13.675962,9.600928,-5.3753414,-10.562376,-7.4148393
../data/train_data_mmini/5/Train_0022.jpg	5	-1.0,1.0,1.0,-1.0,-1.0,1.0,1.0,-1.0,1.0,-1.0,-1.0,-1.0	-0.098516524,5.319607,0.21523626,-7.0678725,-7.5665846,1.9925598,1.3674129,-8.482919,5.504635,-2.7718518,-6.5885134,-5.7966447
../data/train_data_mmini/5/Train_0023.jpg	5	-1.0,1.0,1.0,-1.0,-1.0,1.0,1.0,-1.0,1.0,-1.0,-1.0,-1.0	-0.36026308,4.5671163,0.7504845,-4.5292764,-4.5549884,1.9446317,0.039717607,-7.0937986,4.4862275,-1.4074658,-4.8821197,-2.7602928
../data/train_data_mmini/5/Train_0024.jpg	5	-1.0,1.0,1.0,-1.0,-1.0,1.0,-1.0,-1.0,1.0,-1.0,-1.0,-1.0	-0.9872012,9.399872,1.1099217,-9.040909,-9.771525,3.1569505,-0.31249654,-13.565251,9.921002,-4.563263,-9.652475,-4.3555884
../data/train_data_mmini/6/Train_0025.jpg	6	-1.0,1.0,-1.0,-1.0,-1.0,1.0,1.0,-1.0,1.0,-1.0,-1.0,-1.0	-2.2951279,5.682232,-2.2754653,-10.5110235,-12.74408,3.2449377,3.0163398,-19.987255,9.004743,-4.2529445,-6.2986503,-4.4403906
../data/train_data_mmini/6/Train_0026.jpg	6	-1.0,1.0,-1.0,-1.0,-1.0,1.0,-1.0,-1.0,1.0,-1.0,-1.0,-1.0	-0.92169255,5.3388333,-1.3805368,-5.0893445,-8.21256,2.933889,-0.57497483,-11.49215,8.274478,-2.047798,-6.4630313,-1.7794385
../data/train_data_mmini/6/Train_0027.jpg	6	-1.0,1.0,-1.0,-1.0,-1.0,1.0,1.0,-1.0,1.0,-1.0,-1.0,-1.0	-1.5722001,4.44192,-3.0282276,-7.5474143,-10.204097,2.8651776,0.35525137,-13.512927,7.684505,-2.220704,-7.017563,-3.4912605
../data/train_data_mmini/6/Train_0028.jpg	6	1.0,1.0,-1.0,-1.0,-1.0,1.0,-1.0,-1.0,1.0,-1.0,-1.0,-1.0	1.318402,6.9721336,-1.9328461,-7.365555,-11.00385,1.8435934,-1.023199,-7.5623317,10.320936,-4.1600547,-12.090735,-4.8270235
../data/train_data_mmini/6/Train_0029.jpg	6	-1.0,1.0,-1.0,-1.0,-1.0,1.0,1.0,-1.0,1.0,-1.0,-1.0,-1.0	-2.6319714,5.4614277,-1.447605,-14.857554,-14.417969,1.8785843,5.466763,-23.067516,7.5968413,-4.8975415,-6.4244933,-9.347743
../data/train_data_mmini/7/Train_0030.jpg	7	-1.0,1.0,-1.0,-1.0,-1.0,1.0,1.0,-1.0,1.0,-1.0,-1.0,-1.0	-2.7571447,6.3706784,-0.9219172,-8.759253,-9.384632,4.2692804,4.0666003,-18.110407,7.041977,-3.0920818,-4.396808,-4.4055166
../data/train_data_mmini/7/Train_0031.jpg	7	-1.0,1.0,-1.0,-1.0,-1.0,1.0,1.0,-1.0,1.0,-1.0,-1.0,-1.0	-1.2008059,1.9332201,-2.71339,-7.9137583,-10.3039055,1.2694534,2.9777226,-13.740261,5.915713,-2.6230614,-3.8801148,-5.2039146
../data/train_data_mmini/7/Train_0032.jpg	7	-1.0,1.0,-1.0,-1.0,-1.0,1.0,1.0,-1.0,1.0,-1.0,-1.0,-1.0	-0.68476844,7.059251,-3.102952,-10.808159,-14.524364,2.1389542,0.67776424,-15.506904,11.519953,-5.352232,-10.455477,-5.7037373
../data/train_data_mmini/7/Train_0033.jpg	7	-1.0,1.0,-1.0,-1.0,-1.0,1.0,1.0,-1.0,1.0,-1.0,-1.0,-1.0	-1.9313552,5.6213465,-1.192085,-5.0258055,-6.3837385,3.9515767,0.7668324,-13.968775,6.737369,-1.4348153,-4.8456903,-2.07208
../data/train_data_mmini/7/Train_0034.jpg	7	1.0,1.0,-1.0,-1.0,-1.0,1.0,-1.0,-1.0,1.0,-1.0,-1.0,-1.0	1.281281,8.087545,-2.0788336,-7.571311,-12.695457,1.8626342,-3.9294658,-8.057509,12.002288,-4.57989,-14.16404,-3.3150337
../data/train_data_mmini/8/Train_0035.jpg	8	-1.0,1.0,-1.0,-1.0,-1.0,1.0,1.0,-1.0,1.0,-1.0,-1.0,-1.0	-0.7912003,6.7071323,-0.9059341,-12.825962,-13.503752,2.0265555,2.8894348,-15.705002,8.533496,-4.9787197,-9.4706745,-9.329871
../data/train_data_mmini/8/Train_0036.jpg	8	-1.0,1.0,-1.0,-1.0,-1.0,1.0,1.0,-1.0,1.0,-1.0,-1.0,-1.0	-1.4665446,4.601478,-2.183189,-9.3420725,-11.523754,2.6841588,3.0323389,-15.59914,7.8557577,-3.6549451,-6.4611297,-6.260866
../data/train_data_mmini/8/Train_0037.jpg	8	-1.0,1.0,-1.0,-1.0,-1.0,1.0,1.0,-1.0,1.0,-1.0,-1.0,-1.0	-1.1484617,9.380656,-1.5945835,-9.659067,-13.060036,3.6387293,0.014486767,-16.08122,12.504467,-4.842099,-11.287177,-4.447032
../data/train_data_mmini/8/Train_0038.jpg	8	-1.0,1.0,-1.0,-1.0,-1.0,1.0,1.0,-1.0,1.0,-1.0,-1.0,-1.0	-0.96639496,4.633644,-2.2739708,-10.446181,-12.593686,1.3881663,3.17244,-14.496686,7.7129483,-4.350002,-7.2135577,-7.4595575
../data/train_data_mmini/8/Train_0039.jpg	8	-1.0,1.0,-1.0,-1.0,-1.0,1.0,1.0,-1.0,1.0,-1.0,-1.0,-1.0	-1.9318068,9.455386,-0.77805793,-15.703727,-15.866918,3.1042004,3.875547,-21.042805,10.3775015,-6.0071206,-11.059155,-10.346732
../data/train_data_mmini/9/Train_0040.jpg	9	-1.0,1.0,1.0,-1.0,-1.0,1.0,1.0,-1.0,1.0,-1.0,-1.0,-1.0	-0.20958668,9.880926,0.5094677,-11.750369,-12.460553,2.8736236,1.0204414,-14.087412,10.415224,-5.589449,-11.599177,-7.4185038
../data/train_data_mmini/9/Train_0041.jpg	9	-1.0,1.0,-1.0,-1.0,-1.0,1.0,1.0,-1.0,1.0,-1.0,-1.0,-1.0	-1.110476,2.4115381,-3.3484278,-3.981256,-6.6500325,1.9989928,0.5621319,-8.785569,5.3049183,-0.8239231,-4.2761064,-1.0886654
../data/train_data_mmini/9/Train_0042.jpg	9	-1.0,1.0,1.0,-1.0,-1.0,1.0,1.0,-1.0,1.0,-1.0,-1.0,-1.0	-0.49477383,10.344065,0.120657556,-12.76181,-13.808086,2.6247249,0.7912901,-15.352982,11.539322,-6.272646,-12.309619,-6.861948
../data/train_data_mmini/9/Train_0043.jpg	9	-1.0,1.0,-1.0,-1.0,-1.0,1.0,1.0,-1.0,1.0,-1.0,-1.0,-1.0	-0.26364768,5.7331753,-0.8766932,-11.765224,-12.307104,1.7472298,2.4222667,-13.002529,7.809901,-4.5367875,-9.32064,-8.884547
../data/train_data_mmini/9/Train_0044.jpg	9	-1.0,1.0,-1.0,-1.0,-1.0,1.0,1.0,-1.0,1.0,-1.0,-1.0,-1.0	-2.6329436,7.696237,-1.0415319,-14.763379,-14.733924,2.9791672,4.7612495,-22.797207,8.6980095,-5.318236,-7.382757,-8.65995
../data/train_data_mmini/10/Train_0045.jpg	10	-1.0,1.0,-1.0,-1.0,-1.0,1.0,1.0,-1.0,1.0,-1.0,-1.0,-1.0	-1.7150018,6.7638454,-2.793534,-14.052278,-16.311644,2.2351146,2.5608978,-20.380241,10.314054,-5.3665557,-10.662043,-9.807408
../data/train_data_mmini/10/Train_0046.jpg	10	-1.0,1.0,-1.0,-1.0,-1.0,1.0,1.0,-1.0,1.0,-1.0,-1.0,-1.0	-1.8950231,8.918166,-1.3890923,-13.6319065,-15.058804,2.7518616,2.2634583,-19.716228,11.099023,-5.89187,-10.486451,-7.4419885
../data/train_data_mmini/10/Train_0047.jpg	10	-1.0,1.0,-1.0,-1.0,-1.0,1.0,1.0,-1.0,1.0,-1.0,-1.0,-1.0	-0.74276626,6.2417502,-3.0006282,-13.910056,-17.078207,1.2263706,2.511462,-18.461073,10.955912,-6.227718,-10.796397,-9.34894
../data/train_data_mmini/10/Train_0048.jpg	10	-1.0,1.0,-1.0,-1.0,-1.0,1.0,1.0,-1.0,1.0,-1.0,-1.0,-1.0	-2.3932579,5.597657,-2.3089345,-15.039057,-15.841965,2.0022504,5.58148,-23.21949,8.191129,-5.488204,-6.719311,-9.229915
../data/train_data_mmini/10/Train_0049.jpg	10	-1.0,1.0,-1.0,-1.0,-1.0,1.0,1.0,-1.0,1.0,-1.0,-1.0,-1.0	-1.1070528,9.153448,-1.279942,-14.666188,-15.999181,2.7025273,2.419732,-19.064917,11.118291,-6.195363,-12.123707,-9.381286
