../data/train_data_mmini/1/Train_0000.jpg	1	-1.0,-1.0,1.0,1.0,1.0,-1.0,-1.0,-1.0	-0.32709256,-0.042265482,0.1604347,0.11638711,0.043886054,-0.13385378,-0.11608958,-0.03311957
../data/train_data_mmini/1/Train_0001.jpg	1	-1.0,-1.0,1.0,1.0,-1.0,-1.0,-1.0,-1.0	-0.42424715,-0.039068907,0.30925512,0.21243289,-0.03766909,-0.29900667,-0.14944775,-0.04266986
../data/train_data_mmini/1/Train_0002.jpg	1	-1.0,-1.0,1.0,1.0,-1.0,-1.0,-1.0,-1.0	-0.29263157,-0.06822477,0.27146512,0.15920839,-0.054327797,-0.26493523,-0.18255408,-0.07780666
../data/train_data_mmini/1/Train_0003.jpg	1	-1.0,-1.0,1.0,1.0,1.0,-1.0,-1.0,-1.0	-0.28529263,-0.018836662,0.16656473,0.11005163,0.021025112,-0.19893683,-0.109192334,-0.00021077273
../data/train_data_mmini/1/Train_0004.jpg	1	-1.0,-1.0,1.0,1.0,1.0,-1.0,-1.0,-1.0	-0.3822575,-0.030161092,0.17511338,0.19797404,0.018129807,-0.20413125,-0.079828985,-0.044169184
../data/train_data_mmini/2/Train_0005.jpg	2	-1.0,-1.0,1.0,1.0,-1.0,-1.0,-1.0,-1.0	-0.43796462,-0.07843982,0.26754504,0.25692084,-0.02608008,-0.32524532,-0.2113789,-0.16043203
../data/train_data_mmini/2/Train_0006.jpg	2	-1.0,-1.0,1.0,1.0,-1.0,-1.0,-1.0,-1.0	-0.32960513,-0.15206291,0.21715887,0.14044985,-0.04120769,-0.3646756,-0.21495111,-0.09355197
../data/train_data_mmini/2/Train_0007.jpg	2	-1.0,-1.0,1.0,1.0,1.0,-1.0,-1.0,-1.0	-0.29689297,-0.0022720615,0.15477303,0.10585252,0.042565864,-0.11548085,-0.06521975,-0.033876795
../data/train_data_mmini/2/Train_0008.jpg	2	-1.0,-1.0,1.0,1.0,-1.0,-1.0,-1.0,-1.0	-0.32393172,-0.15173204,0.27146342,0.14418145,-0.09114238,-0.21089047,-0.15399718,-0.17799266
../data/train_data_mmini/2/Train_0009.jpg	2	-1.0,-1.0,1.0,1.0,-1.0,-1.0,-1.0,-1.0	-0.33278906,-0.10790035,0.2573417,0.13481931,-0.07284232,-0.2918513,-0.07726597,-0.21118152
../data/train_data_mmini/3/Train_0010.jpg	3	-1.0,-1.0,1.0,1.0,-1.0,-1.0,-1.0,-1.0	-0.3560929,-0.19148377,0.32664445,0.25150833,-0.15193906,-0.28210038,-0.22778992,-0.20091137
../data/train_data_mmini/3/Train_0011.jpg	3	-1.0,-1.0,1.0,1.0,-1.0,-1.0,-1.0,-1.0	-0.56247145,-0.08786075,0.46806645,0.28793532,-0.15691638,-0.37588048,-0.1559741,-0.0592364
../data/train_data_mmini/3/Train_0012.jpg	3	-1.0,-1.0,1.0,1.0,-1.0,-1.0,-1.0,-1.0	-0.51429224,-0.017234206,0.352268,0.2789881,-0.16913201,-0.48097503,-0.09883354,-0.06682702
../data/train_data_mmini/3/Train_0013.jpg	3	-1.0,-1.0,1.0,1.0,-1.0,-1.0,-1.0,-1.0	-0.34818485,-0.20089881,0.34546393,0.26120487,-0.108530015,-0.42758045,-0.27984965,-0.1976482
../data/train_data_mmini/3/Train_0014.jpg	3	-1.0,-1.0,1.0,1.0,-1.0,-1.0,-1.0,-1.0	-0.4318972,-0.15156378,0.3094657,0.22264308,-0.0733794,-0.30185762,-0.14859898,-0.17573367
../data/train_data_mmini/4/Train_0015.jpg	4	-1.0,-1.0,1.0,1.0,-1.0,-1.0,-1.0,-1.0	-0.40571526,-0.06840829,0.2798879,0.17549248,-0.05953558,-0.32121265,-0.17610958,-0.16002138
../data/train_data_mmini/4/Train_0016.jpg	4	-1.0,-1.0,1.0,1.0,-1.0,-1.0,-1.0,-1.0	-0.29340875,-0.11763057,0.21556985,0.19861121,-0.049907077,-0.22201423,-0.21581803,-0.157828
../data/train_data_mmini/4/Train_0017.jpg	4	-1.0,-1.0,1.0,1.0,-1.0,-1.0,-1.0,-1.0	-0.47454572,-0.12899576,0.41878068,0.3566503,-0.10122995,-0.482476,-0.24494882,-0.1422495
../data/train_data_mmini/4/Train_0018.jpg	4	-1.0,-1.0,1.0,1.0,-1.0,-1.0,-1.0,-1.0	-0.307276,-0.072416835,0.23596375,0.13091189,-0.084555954,-0.17832462,-0.13263057,-0.20671701
../data/train_data_mmini/4/Train_0019.jpg	4	-1.0,-1.0,1.0,1.0,-1.0,-1.0,-1.0,-1.0	-0.36216095,-0.15156822,0.34089974,0.29379523,-0.124763794,-0.4312738,-0.1892591,-0.09661317
../data/train_data_mmini/5/Train_0020.jpg	5	-1.0,1.0,1.0,1.0,1.0,-1.0,-1.0,-1.0	-0.35920736,0.014904182,0.204997,0.18031411,0.03932265,-0.20154376,-0.08462394,-0.026457475
../data/train_data_mmini/5/Train_0021.jpg	5	-1.0,-1.0,1.0,1.0,-1.0,-1.0,-1.0,-1.0	-0.46891877,-0.07958695,0.32702398,0.22366585,-0.021383056,-0.32146925,-0.119698726,-0.17810705
../data/train_data_mmini/5/Train_0022.jpg	5	-1.0,-1.0,1.0,1.0,-1.0,-1.0,-1.0,-1.0	-0.3018517,-0.06348443,0.19171436,0.102397926,-0.032178853,-0.20174024,-0.10891806,-0.07377647
../data/train_data_mmini/5/Train_0023.jpg	5	-1.0,-1.0,1.0,1.0,1.0,-1.0,-1.0,-1.0	-0.30302238,-0.01691196,0.17457174,0.060580634,0.015599259,-0.16638575,-0.058740836,-0.059867647
../data/train_data_mmini/5/Train_0024.jpg	5	-1.0,-1.0,1.0,1.0,1.0,-1.0,-1.0,-1.0	-0.3894312,-0.019288935,0.24022846,0.14014708,0.065045,-0.2340644,-0.07421044,-0.04726286
../data/train_data_mmini/6/Train_0025.jpg	6	-1.0,-1.0,1.0,1.0,-1.0,-1.0,-1.0,-1.0	-0.37852255,-0.13711998,0.4120808,0.3924061,-0.11306326,-0.47964805,-0.29904562,-0.13922068
../data/train_data_mmini/6/Train_0026.jpg	6	-1.0,1.0,1.0,1.0,-1.0,-1.0,-1.0,-1.0	-0.37433106,0.003347497,0.24759811,0.21829851,-0.016386313,-0.22658524,-0.07659856,-0.025593063
../data/train_data_mmini/6/Train_0027.jpg	6	-1.0,-1.0,1.0,1.0,-1.0,-1.0,-1.0,-1.0	-0.432943,-0.14082603,0.36167425,0.25976008,-0.16209549,-0.3510591,-0.20538682,-0.1726503
../data/train_data_mmini/6/Train_0028.jpg	6	-1.0,-1.0,1.0,1.0,-1.0,-1.0,-1.0,-1.0	-0.35178387,-0.08490429,0.26574916,0.12797338,-0.059558444,-0.13558991,-0.058440004,-0.06590785
../data/train_data_mmini/6/Train_0029.jpg	6	-1.0,-1.0,1.0,1.0,-1.0,-1.0,-1.0,-1.0	-0.3169062,-0.15064046,0.3084821,0.24618684,-0.09123955,-0.40283355,-0.16757935,-0.20078489
../data/train_data_mmini/7/Train_0030.jpg	7	-1.0,-1.0,1.0,1.0,-1.0,-1.0,-1.0,-1.0	-0.32125786,-0.06835491,0.23627868,0.14752482,-0.017762074,-0.32655784,-0.1839867,-0.10373439
../data/train_data_mmini/7/Train_0031.jpg	7	-1.0,-1.0,1.0,1.0,-1.0,-1.0,-1.0,-1.0	-0.42271528,-0.19159284,0.2923841,0.30543953,-0.004805077,-0.35004425,-0.24433027,-0.23247723
../data/train_data_mmini/7/Train_0032.jpg	7	-1.0,-1.0,1.0,1.0,-1.0,-1.0,-1.0,-1.0	-0.6883547,-0.14589065,0.55409896,0.4247947,-0.21229285,-0.5002996,-0.16606976,-0.25162402
../data/train_data_mmini/7/Train_0033.jpg	7	-1.0,-1.0,1.0,1.0,-1.0,-1.0,-1.0,-1.0	-0.35051063,-0.01949669,0.23831694,0.16481344,-0.020950854,-0.21562,-0.09109705,-0.04365966
../data/train_data_mmini/7/Train_0034.jpg	7	-1.0,-1.0,1.0,1.0,-1.0,-1.0,-1.0,-1.0	-0.57143474,-0.1034519,0.5813914,0.4447813,-0.19171697,-0.4204811,-0.17612635,-0.11036656
../data/train_data_mmini/8/Train_0035.jpg	8	-1.0,-1.0,1.0,1.0,-1.0,-1.0,-1.0,-1.0	-0.33930206,-0.114372656,0.28200948,0.17237157,-0.046766058,-0.29398268,-0.14638555,-0.15808111
../data/train_data_mmini/8/Train_0036.jpg	8	-1.0,-1.0,1.0,1.0,-1.0,-1.0,-1.0,-1.0	-0.3878322,-0.09717026,0.25267506,0.20290986,-0.032334045,-0.24888057,-0.13309045,-0.14511147
../data/train_data_mmini/8/Train_0037.jpg	8	-1.0,-1.0,1.0,1.0,-1.0,-1.0,-1.0,-1.0	-0.554472,-0.11471464,0.35732484,0.31295544,-0.03577176,-0.29972824,-0.1277767,-0.17522646
../data/train_data_mmini/8/Train_0038.jpg	8	-1.0,-1.0,1.0,1.0,-1.0,-1.0,-1.0,-1.0	-0.34730366,-0.15891808,0.31469205,0.22865319,-0.051435698,-0.3110198,-0.16081671,-0.17767146
../data/train_data_mmini/8/Train_0039.jpg	8	-1.0,-1.0,1.0,1.0,-1.0,-1.0,-1.0,-1.0	-0.42312294,-0.109013245,0.3053489,0.20139484,-0.1020638,-0.35906592,-0.13956226,-0.17262518
../data/train_data_mmini/9/Train_0040.jpg	9	-1.0,-1.0,1.0,1.0,-1.0,-1.0,-1.0,-1.0	-0.43502754,-0.06648567,0.25362128,0.171757,-0.00344397,-0.25092313,-0.12797825,-0.08511918
../data/train_data_mmini/9/Train_0041.jpg	9	-1.0,-1.0,1.0,1.0,-1.0,-1.0,-1.0,-1.0	-0.45579672,-0.10394803,0.37018862,0.2556831,-0.08598042,-0.32770106,-0.17288706,-0.0661055
../data/train_data_mmini/9/Train_0042.jpg	9	-1.0,-1.0,1.0,1.0,-1.0,-1.0,-1.0,-1.0	-0.48547104,-0.056017224,0.30940646,0.20986208,-0.06722218,-0.3301633,-0.18938398,-0.14435932
../data/train_data_mmini/9/Train_0043.jpg	9	-1.0,-1.0,1.0,1.0,-1.0,-1.0,-1.0,-1.0	-0.3768221,-0.09894724,0.25228408,0.15798075,-0.020761486,-0.23903814,-0.10810823,-0.12635662
../data/train_data_mmini/9/Train_0044.jpg	9	-1.0,-1.0,1.0,1.0,-1.0,-1.0,-1.0,-1.0	-0.40227607,-0.08797403,0.3077886,0.2425029,-0.042146273,-0.4230286,-0.21871188,-0.12985797
../data/train_data_mmini/10/Train_0045.jpg	10	-1.0,-1.0,1.0,1.0,-1.0,-1.0,-1.0,-1.0	-0.42547897,-0.21271473,0.43812743,0.30574915,-0.22912508,-0.4387685,-0.17612047,-0.25231794
../data/train_data_mmini/10/Train_0046.jpg	10	-1.0,-1.0,1.0,1.0,-1.0,-1.0,-1.0,-1.0	-0.39763087,-0.17411877,0.40606076,0.29061204,-0.13808094,-0.40421554,-0.18987192,-0.1701734
../data/train_data_mmini/10/Train_0047.jpg	10	-1.0,-1.0,1.0,1.0,-1.0,-1.0,-1.0,-1.0	-0.54912484,-0.21236268,0.4819471,0.4473698,-0.18661542,-0.46860677,-0.2888435,-0.3176698
../data/train_data_mmini/10/Train_0048.jpg	10	-1.0,-1.0,1.0,1.0,-1.0,-1.0,-1.0,-1.0	-0.47636345,-0.1142428,0.38178697,0.23741466,-0.15594552,-0.5307148,-0.18706876,-0.17855266
../data/train_data_mmini/10/Train_0049.jpg	10	-1.0,-1.0,1.0,1.0,-1.0,-1.0,-1.0,-1.0	-0.41075724,-0.1536993,0.37134326,0.27822202,-0.07038399,-0.36248717,-0.10741223,-0.21061079
