../data/train_data_mmini/1/Train_0000.jpg	1	-1.0,-1.0,-1.0,1.0,1.0,1.0,-1.0,1.0,-1.0,-1.0,-1.0,1.0	-3.018691,-2.0239863,-1.3018366,4.781534,11.085931,3.00689,-1.6370462,7.19126,-1.9004613,-2.2730803,-9.317735,9.08216
../data/train_data_mmini/1/Train_0001.jpg	1	-1.0,-1.0,-1.0,1.0,1.0,1.0,-1.0,1.0,-1.0,-1.0,-1.0,1.0	-3.2336822,-2.312531,-1.7535915,5.416489,12.382303,2.9864123,-1.7478659,8.121803,-2.2184858,-2.567253,-10.38305,10.442229
../data/train_data_mmini/1/Train_0002.jpg	1	-1.0,-1.0,-1.0,1.0,1.0,1.0,-1.0,1.0,-1.0,-1.0,-1.0,1.0	-2.120903,-1.7322406,-1.0652629,4.550756,9.359425,2.9050183,-1.590828,6.172079,-2.0126796,-1.6312209,-8.215536,8.167497
../data/train_data_mmini/1/Train_0003.jpg	1	-1.0,-1.0,-1.0,1.0,1.0,1.0,-1.0,1.0,-1.0,-1.0,-1.0,1.0	-3.4390104,-2.1004877,-1.47331,5.0176525,11.873623,3.2103796,-1.6633999,7.6605034,-1.9115705,-2.3207467,-10.296701,9.734977
../data/train_data_mmini/1/Train_0004.jpg	1	-1.0,-1.0,-1.0,1.0,1.0,1.0,-1.0,1.0,-1.0,-1.0,-1.0,1.0	-3.4485407,-2.5461328,-1.4522536,5.352757,12.054091,3.5321283,-1.8692973,7.798889,-2.0301535,-2.5886889,-10.572505,9.818289
../data/train_data_mmini/2/Train_0005.jpg	2	-1.0,-1.0,-1.0,1.0,1.0,1.0,-1.0,1.0,-1.0,-1.0,-1.0,1.0	-3.1501787,-2.2453833,-1.4360268,5.176301,11.547539,3.1505299,-1.7865463,7.711859,-1.9485887,-2.442061,-10.231345,9.774101
../data/train_data_mmini/2/Train_0006.jpg	2	-1.0,-1.0,-1.0,1.0,1.0,1.0,-1.0,1.0,-1.0,-1.0,-1.0,1.0	-3.3148918,-2.092748,-1.6891645,4.96911,11.549197,3.019011,-1.4689021,7.8620358,-1.7279515,-1.9977787,-10.396212,9.736806
../data/train_data_mmini/2/Train_0007.jpg	2	-1.0,-1.0,-1.0,1.0,1.0,1.0,-1.0,1.0,-1.0,-1.0,-1.0,1.0	-3.4361706,-2.474242,-1.3689895,4.758311,11.569669,3.3752117,-1.8442008,7.7471323,-1.8149774,-2.4830823,-10.236126,9.3485
../data/train_data_mmini/2/Train_0008.jpg	2	-1.0,-1.0,-1.0,1.0,1.0,1.0,-1.0,1.0,-1.0,-1.0,-1.0,1.0	-2.7809358,-2.0142205,-1.3845752,5.147022,11.216472,2.8888216,-1.6384896,7.2245092,-1.724095,-2.1595109,-9.398228,8.852746
../data/train_data_mmini/2/Train_0009.jpg	2	-1.0,-1.0,-1.0,1.0,1.0,1.0,-1.0,1.0,-1.0,-1.0,-1.0,1.0	-3.6127558,-2.7479925,-1.6059284,5.809283,12.866704,3.6179028,-2.0992568,8.734683,-2.5620031,-2.8754203,-11.677138,11.04887
../data/train_data_mmini/3/Train_0010.jpg	3	-1.0,-1.0,-1.0,1.0,1.0,1.0,-1.0,1.0,-1.0,-1.0,-1.0,1.0	-3.0105658,-2.1155357,-1.5943469,4.8815336,10.950197,2.5511332,-1.4754452,7.488974,-1.6835669,-1.6476631,-9.784727,9.0043545
../data/train_data_mmini/3/Train_0011.jpg	3	-1.0,-1.0,-1.0,1.0,1.0,1.0,-1.0,1.0,-1.0,-1.0,-1.0,1.0	-2.2714155,-2.278866,-1.0928742,4.9510026,9.808106,3.0870612,-1.8359011,6.410093,-2.3694334,-2.2395988,-8.216704,8.590673
../data/train_data_mmini/3/Train_0012.jpg	3	-1.0,-1.0,-1.0,1.0,1.0,1.0,-1.0,1.0,-1.0,-1.0,-1.0,1.0	-3.101435,-2.6427417,-1.3164245,5.0354924,11.521784,3.7792482,-2.1107574,7.357627,-2.6596956,-2.791224,-10.25446,10.041575
../data/train_data_mmini/3/Train_0013.jpg	3	-1.0,-1.0,-1.0,1.0,1.0,1.0,-1.0,1.0,-1.0,-1.0,-1.0,1.0	-3.036177,-2.2382648,-1.647275,5.192172,12.197365,3.2027254,-1.8213869,7.998098,-1.9946277,-2.3662522,-10.6083145,10.128676
../data/train_data_mmini/3/Train_0014.jpg	3	-1.0,-1.0,-1.0,1.0,1.0,1.0,-1.0,1.0,-1.0,-1.0,-1.0,1.0	-3.1978738,-2.649674,-1.7104421,5.6274614,12.178896,3.3640764,-2.0682693,8.319314,-2.4091125,-2.6629944,-10.753328,10.208827
../data/train_data_mmini/4/Train_0015.jpg	4	-1.0,-1.0,-1.0,1.0,1.0,1.0,-1.0,1.0,-1.0,-1.0,-1.0,1.0	-2.9534018,-2.1305664,-1.1510681,4.7781825,11.006109,3.197081,-1.8299352,7.304026,-2.0702271,-2.3278837,-9.369362,9.396818
../data/train_data_mmini/4/Train_0016.jpg	4	-1.0,-1.0,-1.0,1.0,1.0,1.0,-1.0,1.0,-1.0,-1.0,-1.0,1.0	-2.5012069,-1.5644082,-1.4508289,4.454244,9.995365,2.419992,-1.4872211,6.533615,-1.7834725,-1.9083549,-8.256735,8.58513
../data/train_data_mmini/4/Train_0017.jpg	4	-1.0,-1.0,-1.0,1.0,1.0,1.0,-1.0,1.0,-1.0,-1.0,-1.0,1.0	-3.0751302,-2.1554234,-1.4935609,5.178619,11.638175,3.30126,-1.8613771,8.203637,-2.2985096,-2.1726608,-10.527907,10.569909
../data/train_data_mmini/4/Train_0018.jpg	4	-1.0,-1.0,-1.0,1.0,1.0,1.0,-1.0,1.0,-1.0,-1.0,-1.0,1.0	-2.3631692,-1.9219569,-1.2357143,4.483236,9.509192,2.370791,-1.7108908,6.6770353,-1.8012934,-1.8318847,-8.119615,8.176926
../data/train_data_mmini/4/Train_0019.jpg	4	-1.0,-1.0,-1.0,1.0,1.0,1.0,-1.0,1.0,-1.0,-1.0,-1.0,1.0	-3.6457932,-2.545267,-1.9548339,5.415566,12.657799,3.6608505,-1.5647924,8.292647,-1.7249656,-2.243407,-11.673253,10.571358
../data/train_data_mmini/5/Train_0020.jpg	5	-1.0,-1.0,-1.0,1.0,1.0,1.0,-1.0,1.0,-1.0,-1.0,-1.0,1.0	-3.4993374,-2.465963,-1.6131325,5.1683874,12.166447,3.4456363,-1.8993092,8.1799965,-2.048068,-2.5300364,-10.901794,10.104805
../data/train_data_mmini/5/Train_0021.jpg	5	-1.0,-1.0,-1.0,1.0,1.0,1.0,-1.0,1.0,-1.0,-1.0,-1.0,1.0	-3.776911,-2.8117986,-1.5738604,5.9228973,13.628113,3.8520684,-2.193256,8.964866,-2.4242806,-2.9841387,-11.720803,11.254055
../data/train_data_mmini/5/Train_0022.jpg	5	-1.0,-1.0,-1.0,1.0,1.0,1.0,-1.0,1.0,-1.0,-1.0,-1.0,1.0	-3.528498,-2.4924605,-1.4659898,5.22525,12.071482,3.4724271,-1.706962,8.001777,-1.8885677,-2.5586827,-10.77303,9.781776
../data/train_data_mmini/5/Train_0023.jpg	5	-1.0,-1.0,-1.0,1.0,1.0,1.0,-1.0,1.0,-1.0,-1.0,-1.0,1.0	-3.2940645,-2.3950903,-1.4005607,4.653033,11.137683,3.1675653,-1.7478629,7.4330683,-1.8615694,-2.2699056,-9.943352,9.150123
../data/train_data_mmini/5/Train_0024.jpg	5	-1.0,-1.0,-1.0,1.0,1.0,1.0,-1.0,1.0,-1.0,-1.0,-1.0,1.0	-3.3812196,-2.5784378,-1.1654632,4.7578983,11.9562025,3.6368058,-2.1127362,7.9949565,-2.1808093,-2.6777072,-10.72669,9.93033
../data/train_data_mmini/6/Train_0025.jpg	6	-1.0,-1.0,-1.0,1.0,1.0,1.0,-1.0,1.0,-1.0,-1.0,-1.0,1.0	-3.5140169,-2.491256,-1.4907215,4.8497005,11.767675,3.7577255,-1.8549235,7.8736305,-1.8651786,-1.8208597,-11.400793,10.332439
../data/train_data_mmini/6/Train_0026.jpg	6	-1.0,-1.0,-1.0,1.0,1.0,1.0,-1.0,1.0,-1.0,-1.0,-1.0,1.0	-3.4656262,-2.4340336,-1.5108746,5.1950545,11.601282,2.896034,-1.8317212,8.684934,-2.2502367,-2.3095489,-10.293163,10.1974
../data/train_data_mmini/6/Train_0027.jpg	6	-1.0,-1.0,-1.0,1.0,1.0,1.0,-1.0,1.0,-1.0,-1.0,-1.0,1.0	-2.9591632,-2.3010406,-1.5798196,5.0168915,10.55326,2.6435082,-1.5312995,6.9573703,-2.1313958,-2.205143,-9.287444,9.160832
../data/train_data_mmini/6/Train_0028.jpg	6	-1.0,-1.0,-1.0,1.0,1.0,1.0,-1.0,1.0,-1.0,-1.0,-1.0,1.0	-2.7371218,-2.3010716,-1.2187856,4.9398775,10.232872,2.936411,-1.8050705,7.045454,-2.1703985,-2.3389783,-8.86248,8.610324
../data/train_data_mmini/6/Train_0029.jpg	6	-1.0,-1.0,-1.0,1.0,1.0,1.0,-1.0,1.0,-1.0,-1.0,-1.0,1.0	-3.1750371,-1.9697841,-1.4204435,5.1139007,11.891817,3.4136784,-1.7928269,7.8780417,-1.6792326,-1.87521,-10.918798,10.172073
../data/train_data_mmini/7/Train_0030.jpg	7	-1.0,-1.0,-1.0,1.0,1.0,1.0,-1.0,1.0,-1.0,-1.0,-1.0,1.0	-3.6378133,-2.5228992,-1.7037925,5.6195264,12.844992,3.637511,-1.9505895,8.429015,-2.2578895,-2.8338242,-11.339062,11.092579
../data/train_data_mmini/7/Train_0031.jpg	7	-1.0,-1.0,-1.0,1.0,1.0,1.0,-1.0,1.0,-1.0,-1.0,-1.0,1.0	-3.7742963,-2.759211,-1.6959593,5.9737177,13.568243,3.6500885,-2.2595959,9.484475,-2.4999871,-2.7987523,-12.383756,11.715218
../data/train_data_mmini/7/Train_0032.jpg	7	-1.0,-1.0,-1.0,1.0,1.0,1.0,-1.0,1.0,-1.0,-1.0,-1.0,1.0	-3.1133854,-2.7685587,-1.3595663,5.7298903,12.072162,3.5034537,-2.1671176,7.909494,-3.0107563,-2.9679098,-10.299837,10.484588
../data/train_data_mmini/7/Train_0033.jpg	7	-1.0,-1.0,-1.0,1.0,1.0,1.0,-1.0,1.0,-1.0,-1.0,-1.0,1.0	-3.4117227,-2.4783883,-1.5118989,5.119234,11.813017,3.175145,-1.7677348,8.0751505,-2.20327,-2.5710845,-10.688427,10.2595215
../data/train_data_mmini/7/Train_0034.jpg	7	-1.0,-1.0,-1.0,1.0,1.0,1.0,-1.0,1.0,-1.0,-1.0,-1.0,1.0	-2.917989,-2.659257,-1.3865378,5.1136684,10.810263,3.236415,-1.8305148,7.059345,-2.1838233,-2.38731,-9.257207,8.929143
../data/train_data_mmini/8/Train_0035.jpg	8	-1.0,-1.0,-1.0,1.0,1.0,1.0,-1.0,1.0,-1.0,-1.0,-1.0,1.0	-3.2074385,-2.6194842,-1.2932074,5.2670054,12.044829,3.5069714,-2.0444047,8.01552,-2.226815,-2.7442627,-10.903982,10.10348
../data/train_data_mmini/8/Train_0036.jpg	8	-1.0,-1.0,-1.0,1.0,1.0,1.0,-1.0,1.0,-1.0,-1.0,-1.0,1.0	-3.5371609,-2.8244178,-1.4035583,5.6166463,12.679247,3.8072095,-2.2178385,8.938028,-2.474757,-2.7024786,-12.02733,11.109088
../data/train_data_mmini/8/Train_0037.jpg	8	-1.0,-1.0,-1.0,1.0,1.0,1.0,-1.0,1.0,-1.0,-1.0,-1.0,1.0	-3.5948176,-2.7886858,-1.5431345,5.877041,13.419573,3.5872061,-2.2246408,9.362153,-2.570695,-2.874648,-11.773154,11.7984915
../data/train_data_mmini/8/Train_0038.jpg	8	-1.0,-1.0,-1.0,1.0,1.0,1.0,-1.0,1.0,-1.0,-1.0,-1.0,1.0	-3.4172707,-2.4467854,-1.4834878,5.533953,12.529662,3.5078037,-1.8666941,8.195814,-2.2438598,-2.690295,-11.051655,10.466499
../data/train_data_mmini/8/Train_0039.jpg	8	-1.0,-1.0,-1.0,1.0,1.0,1.0,-1.0,1.0,-1.0,-1.0,-1.0,1.0	-3.3671277,-2.7790213,-1.3289744,5.5836806,12.61045,3.866356,-2.1657221,8.208275,-2.3433132,-2.8310626,-11.410274,10.791708
../data/train_data_mmini/9/Train_0040.jpg	9	-1.0,-1.0,-1.0,1.0,1.0,1.0,-1.0,1.0,-1.0,-1.0,-1.0,1.0	-3.7041783,-2.7275822,-1.4879746,5.8107243,13.533267,3.8956535,-2.2443948,8.902034,-2.1568098,-2.9094863,-11.895972,11.204831
../data/train_data_mmini/9/Train_0041.jpg	9	-1.0,-1.0,-1.0,1.0,1.0,1.0,-1.0,1.0,-1.0,-1.0,-1.0,1.0	-3.3394642,-2.7912135,-1.772598,5.5005,12.396371,3.3847275,-1.9818078,8.547794,-2.365295,-2.6499386,-11.271449,10.688534
../data/train_data_mmini/9/Train_0042.jpg	9	-1.0,-1.0,-1.0,1.0,1.0,1.0,-1.0,1.0,-1.0,-1.0,-1.0,1.0	-3.1331089,-2.3696826,-1.3215777,5.277357,12.638652,3.7065005,-2.1654165,8.263477,-2.2015865,-2.5512724,-10.736809,10.465925
../data/train_data_mmini/9/Train_0043.jpg	9	-1.0,-1.0,-1.0,1.0,1.0,1.0,-1.0,1.0,-1.0,-1.0,-1.0,1.0	-3.637738,-2.644764,-1.5874356,5.7277765,13.094114,3.67934,-2.1143386,8.867499,-2.063303,-2.8240147,-11.675674,10.900476
../data/train_data_mmini/9/Train_0044.jpg	9	-1.0,-1.0,-1.0,1.0,1.0,1.0,-1.0,1.0,-1.0,-1.0,-1.0,1.0	-3.4913406,-2.4038334,-1.5424529,5.422159,13.004754,3.7857926,-2.048728,8.451557,-2.119356,-2.5170655,-11.806805,11.083666
../data/train_data_mmini/10/Train_0045.jpg	10	-1.0,-1.0,-1.0,1.0,1.0,1.0,-1.0,1.0,-1.0,-1.0,-1.0,1.0	-3.281799,-2.7432985,-1.0830433,5.143225,10.951092,3.258273,-1.7628697,7.3194695,-2.1986816,-2.582352,-10.077548,9.51492
../data/train_data_mmini/10/Train_0046.jpg	10	-1.0,-1.0,-1.0,1.0,1.0,1.0,-1.0,1.0,-1.0,-1.0,-1.0,1.0	-1.9420753,-1.2869142,-0.9218118,3.9409182,8.739777,2.3139617,-1.3282604,5.120863,-1.4867383,-1.5166054,-7.206987,7.3521733
../data/train_data_mmini/10/Train_0047.jpg	10	-1.0,-1.0,-1.0,1.0,1.0,1.0,-1.0,1.0,-1.0,-1.0,-1.0,1.0	-3.838415,-3.1389894,-1.5200524,6.363616,14.026773,4.416231,-2.4086678,9.370985,-2.6171644,-2.940669,-12.826023,11.993552
../data/train_data_mmini/10/Train_0048.jpg	10	-1.0,-1.0,-1.0,1.0,1.0,1.0,-1.0,1.0,-1.0,-1.0,-1.0,1.0	-3.2516103,-2.9592097,-1.381101,5.200841,11.8366585,4.3259354,-2.0740361,7.0463457,-2.1403964,-2.4468799,-11.36182,9.893484
../data/train_data_mmini/10/Train_0049.jpg	10	-1.0,-1.0,-1.0,1.0,1.0,1.0,-1.0,1.0,-1.0,-1.0,-1.0,1.0	-3.268279,-2.705457,-1.2392696,5.4150333,12.635944,3.8362007,-2.3212066,8.384799,-2.347773,-2.740676,-11.396398,10.754017
