../data/train_data_mmini/1/Train_0000.jpg	1	1.0,1.0,1.0,1.0,-1.0,1.0,-1.0,-1.0	5.32873,2.6125922,1.7733709,1.9464183,-3.4640458,2.4073436,-4.2172704,-5.7342153
../data/train_data_mmini/1/Train_0001.jpg	1	1.0,1.0,1.0,1.0,-1.0,-1.0,-1.0,-1.0	4.8605742,6.6220937,5.4444532,3.6369972,-5.5683618,-1.6057554,-7.5673532,-4.4444385
../data/train_data_mmini/1/Train_0002.jpg	1	1.0,1.0,1.0,1.0,-1.0,-1.0,-1.0,-1.0	1.6045327,6.281522,5.011159,3.0072343,-1.7812759,-3.326833,-6.8765945,-0.8899642
../data/train_data_mmini/1/Train_0003.jpg	1	1.0,1.0,1.0,1.0,-1.0,1.0,-1.0,-1.0	7.3265057,2.835353,1.8101707,2.8107033,-4.4810667,3.2798433,-4.7382765,-6.8306446
../data/train_data_mmini/1/Train_0004.jpg	1	1.0,1.0,1.0,1.0,-1.0,1.0,-1.0,-1.0	5.579177,3.6576161,3.1422935,2.8112695,-3.8439546,1.7698216,-5.6334405,-5.85095
../data/train_data_mmini/2/Train_0005.jpg	2	1.0,1.0,1.0,1.0,-1.0,-1.0,-1.0,-1.0	2.4100235,10.899625,9.643065,5.491468,-4.3182883,-6.4089556,-10.989718,-0.7847897
../data/train_data_mmini/2/Train_0006.jpg	2	1.0,1.0,1.0,1.0,-1.0,-1.0,-1.0,-1.0	3.9320273,8.105629,7.4092956,5.280944,-2.7867815,-3.2447693,-8.912593,-1.3918612
../data/train_data_mmini/2/Train_0007.jpg	2	1.0,1.0,1.0,1.0,-1.0,1.0,-1.0,-1.0	6.348188,1.4816036,0.7808622,1.8849912,-3.6157312,4.028293,-3.4199746,-7.0981913
../data/train_data_mmini/2/Train_0008.jpg	2	1.0,1.0,1.0,1.0,-1.0,-1.0,-1.0,-1.0	3.4589257,6.0490937,5.489374,3.3189914,-1.942347,-1.1081833,-6.7200084,-3.403357
../data/train_data_mmini/2/Train_0009.jpg	2	1.0,1.0,1.0,1.0,-1.0,-1.0,-1.0,-1.0	3.4259732,9.706844,8.297002,4.6378164,-4.3197427,-4.542593,-9.945621,-2.3291154
../data/train_data_mmini/3/Train_0010.jpg	3	1.0,1.0,1.0,1.0,-1.0,-1.0,-1.0,-1.0	2.8472497,9.239408,7.9558535,4.560955,-4.4109497,-4.5784235,-8.905264,-1.5729033
../data/train_data_mmini/3/Train_0011.jpg	3	-1.0,1.0,1.0,1.0,-1.0,-1.0,-1.0,1.0	-2.0043788,9.385504,7.8926687,2.9064655,-2.5178263,-8.212454,-9.010423,2.2740922
../data/train_data_mmini/3/Train_0012.jpg	3	1.0,1.0,1.0,1.0,-1.0,-1.0,-1.0,1.0	1.0887183,10.771635,9.401153,5.4819803,-3.7328804,-7.405388,-10.654114,1.0154843
../data/train_data_mmini/3/Train_0013.jpg	3	1.0,1.0,1.0,1.0,-1.0,-1.0,-1.0,1.0	2.9989743,11.742773,10.64296,6.7299314,-2.3856852,-6.371479,-11.439339,0.44503602
../data/train_data_mmini/3/Train_0014.jpg	3	1.0,1.0,1.0,1.0,-1.0,-1.0,-1.0,-1.0	2.7427595,9.41145,8.56003,4.915872,-3.5249028,-4.7895875,-10.032793,-2.1000264
../data/train_data_mmini/4/Train_0015.jpg	4	1.0,1.0,1.0,1.0,-1.0,-1.0,-1.0,-1.0	2.6194153,6.247138,5.3369927,3.333524,-1.7594452,-2.1179066,-6.8817406,-2.0265696
../data/train_data_mmini/4/Train_0016.jpg	4	1.0,1.0,1.0,1.0,-1.0,-1.0,-1.0,-1.0	2.8096328,8.545656,6.93512,4.0117126,-4.6526427,-4.7372537,-8.618704,-1.2032372
../data/train_data_mmini/4/Train_0017.jpg	4	1.0,1.0,1.0,1.0,-1.0,-1.0,-1.0,1.0	0.018877408,13.656499,11.63607,6.2891526,-3.4689028,-10.502549,-12.942059,3.3554533
../data/train_data_mmini/4/Train_0018.jpg	4	1.0,1.0,1.0,1.0,-1.0,-1.0,-1.0,-1.0	2.2889242,7.1228266,6.294034,2.865021,-3.6661212,-3.3187149,-7.375944,-2.316083
../data/train_data_mmini/4/Train_0019.jpg	4	1.0,1.0,1.0,1.0,-1.0,-1.0,-1.0,-1.0	3.8605783,9.847674,9.336975,6.6737094,-3.5542202,-4.9310546,-10.893548,-1.2686745
../data/train_data_mmini/5/Train_0020.jpg	5	1.0,1.0,1.0,1.0,-1.0,1.0,-1.0,-1.0	7.8186817,3.5364492,2.7180386,3.3927698,-5.2030964,3.1107395,-5.9672904,-7.885406
../data/train_data_mmini/5/Train_0021.jpg	5	1.0,1.0,1.0,1.0,-1.0,-1.0,-1.0,-1.0	4.810388,7.94034,6.596287,4.4925265,-2.873447,-1.4903411,-9.108377,-3.7659156
../data/train_data_mmini/5/Train_0022.jpg	5	1.0,1.0,1.0,1.0,-1.0,1.0,-1.0,-1.0	6.6500463,3.0219345,2.640791,3.1055865,-3.4950671,2.909045,-5.0195746,-6.526325
../data/train_data_mmini/5/Train_0023.jpg	5	1.0,1.0,1.0,1.0,-1.0,1.0,-1.0,-1.0	7.2773046,1.1950904,0.72818357,2.1805754,-3.7831872,4.7984705,-3.331357,-7.634099
../data/train_data_mmini/5/Train_0024.jpg	5	1.0,1.0,1.0,1.0,-1.0,-1.0,-1.0,-1.0	4.4494367,5.5693684,4.4079385,3.3641765,-3.3994133,-0.6657447,-7.1914597,-3.8343775
../data/train_data_mmini/6/Train_0025.jpg	6	1.0,1.0,1.0,1.0,-1.0,-1.0,-1.0,1.0	1.0200903,14.890562,12.205732,7.4982376,-4.49515,-10.977274,-14.088847,3.5305245
../data/train_data_mmini/6/Train_0026.jpg	6	1.0,1.0,1.0,1.0,-1.0,-1.0,-1.0,-1.0	3.1551948,7.3915544,5.311968,2.6012437,-6.4971623,-3.4741921,-8.419875,-3.4805348
../data/train_data_mmini/6/Train_0027.jpg	6	1.0,1.0,1.0,1.0,-1.0,-1.0,-1.0,1.0	0.4998547,11.483395,9.702149,4.641891,-5.093352,-8.5288315,-10.701735,0.883235
../data/train_data_mmini/6/Train_0028.jpg	6	1.0,1.0,1.0,1.0,-1.0,-1.0,-1.0,-1.0	1.8487836,6.3627925,4.925102,2.565497,-2.6055372,-3.092565,-7.34997,-2.0828733
../data/train_data_mmini/6/Train_0029.jpg	6	1.0,1.0,1.0,1.0,-1.0,-1.0,-1.0,1.0	1.9225612,13.282946,11.777221,6.9463806,-2.4032552,-8.503561,-12.215196,2.726548
../data/train_data_mmini/7/Train_0030.jpg	7	1.0,1.0,1.0,1.0,-1.0,-1.0,-1.0,-1.0	4.490663,9.027402,7.6520815,5.100613,-4.6682153,-3.7036507,-9.705677,-2.8587515
../data/train_data_mmini/7/Train_0031.jpg	7	1.0,1.0,1.0,1.0,-1.0,-1.0,-1.0,-1.0	3.2957628,13.904967,11.997464,7.012903,-4.8623023,-8.148174,-13.579764,-0.4439691
../data/train_data_mmini/7/Train_0032.jpg	7	-1.0,1.0,1.0,1.0,-1.0,-1.0,-1.0,1.0	-1.8612273,15.238489,13.280578,5.7784863,-3.8795888,-12.487826,-13.953928,3.473006
../data/train_data_mmini/7/Train_0033.jpg	7	1.0,1.0,1.0,1.0,-1.0,-1.0,-1.0,-1.0	3.061714,9.445725,7.854235,4.550721,-5.761219,-5.3502345,-9.908735,-1.928995
../data/train_data_mmini/7/Train_0034.jpg	7	-1.0,1.0,1.0,1.0,-1.0,-1.0,-1.0,1.0	-1.7607459,11.856451,9.804868,4.2451873,-3.4342222,-9.80085,-11.073532,2.702454
../data/train_data_mmini/8/Train_0035.jpg	8	1.0,1.0,1.0,1.0,-1.0,-1.0,-1.0,1.0	2.0849562,10.79037,9.786815,5.496184,-1.9983324,-6.114954,-10.306626,0.12252287
../data/train_data_mmini/8/Train_0036.jpg	8	1.0,1.0,1.0,1.0,-1.0,-1.0,-1.0,1.0	1.4365442,13.476613,11.674266,6.4166665,-3.8751934,-9.337775,-12.951291,1.2357924
../data/train_data_mmini/8/Train_0037.jpg	8	-1.0,1.0,1.0,1.0,-1.0,-1.0,-1.0,1.0	-1.2273394,14.546116,11.629228,4.9805055,-4.604867,-11.6173,-13.3761635,3.029124
../data/train_data_mmini/8/Train_0038.jpg	8	1.0,1.0,1.0,1.0,-1.0,-1.0,-1.0,-1.0	3.3542528,10.70721,9.42772,6.010677,-3.3337064,-5.4486284,-10.5191145,-1.2190322
../data/train_data_mmini/8/Train_0039.jpg	8	-1.0,1.0,1.0,1.0,-1.0,-1.0,-1.0,1.0	-0.77587456,14.3509865,12.936939,6.3602366,-2.2256956,-10.793806,-12.911382,3.7596314
../data/train_data_mmini/9/Train_0040.jpg	9	1.0,1.0,1.0,1.0,-1.0,-1.0,-1.0,-1.0	4.2025495,7.100496,6.0066605,4.0691285,-2.993944,-1.7485539,-8.357208,-3.505428
../data/train_data_mmini/9/Train_0041.jpg	9	1.0,1.0,1.0,1.0,-1.0,-1.0,-1.0,-1.0	2.5214853,12.320976,10.835543,5.891754,-6.1976686,-7.99424,-12.408481,-1.1983157
../data/train_data_mmini/9/Train_0042.jpg	9	1.0,1.0,1.0,1.0,-1.0,-1.0,-1.0,-1.0	2.653767,7.95377,6.7050214,3.8643825,-2.526843,-3.396803,-8.648234,-1.7631398
../data/train_data_mmini/9/Train_0043.jpg	9	1.0,1.0,1.0,1.0,-1.0,-1.0,-1.0,-1.0	5.1377025,7.184051,6.4951367,4.6807785,-2.7997584,-1.2196927,-8.408102,-3.9134367
../data/train_data_mmini/9/Train_0044.jpg	9	1.0,1.0,1.0,1.0,-1.0,-1.0,-1.0,1.0	2.8685088,12.262707,10.814855,6.8742347,-3.1176996,-7.0673013,-12.016884,0.7241179
../data/train_data_mmini/10/Train_0045.jpg	10	-1.0,1.0,1.0,1.0,-1.0,-1.0,-1.0,1.0	-3.0657783,17.503574,15.54548,6.9380336,-2.95723,-14.996808,-15.104267,6.5638275
../data/train_data_mmini/10/Train_0046.jpg	10	-1.0,1.0,1.0,1.0,-1.0,-1.0,-1.0,1.0	-2.5867507,11.731954,10.09128,4.3874397,-1.9145187,-10.160818,-10.230379,4.9600177
../data/train_data_mmini/10/Train_0047.jpg	10	-1.0,1.0,1.0,1.0,-1.0,-1.0,-1.0,1.0	-1.3564456,18.50309,15.942729,7.9345293,-2.9781108,-14.149414,-16.446032,5.377865
../data/train_data_mmini/10/Train_0048.jpg	10	-1.0,1.0,1.0,1.0,-1.0,-1.0,-1.0,1.0	-0.7407438,16.297993,15.183922,8.267313,-2.6671479,-12.682325,-14.888838,4.9437146
../data/train_data_mmini/10/Train_0049.jpg	10	-1.0,1.0,1.0,1.0,-1.0,-1.0,-1.0,1.0	-1.2832059,14.577486,12.661706,6.171162,-2.485052,-11.429164,-13.213684,4.2333226
