../data/train_data_mmini/1/Train_0000.jpg	1	-1.0,1.0,1.0,-1.0,1.0,-1.0,1.0,1.0,-1.0,-1.0,-1.0,1.0,-1.0,-1.0,1.0,1.0,-1.0,-1.0,-1.0,1.0,-1.0,-1.0,1.0,-1.0	-1.440751,0.47155645,0.54057395,-0.37221763,0.28539526,-0.5459749,1.5143616,0.6204993,-0.42725155,-1.8605442,-0.97847587,0.98946667,-0.2036132,-0.14441058,0.22843486,0.041199505,-0.13521154,-0.607331,-0.16550511,1.1983231,-1.1139667,-1.895653,1.2470855,-0.10022865
../data/train_data_mmini/1/Train_0001.jpg	1	-1.0,1.0,-1.0,-1.0,1.0,-1.0,1.0,1.0,-1.0,-1.0,-1.0,1.0,-1.0,1.0,-1.0,-1.0,1.0,1.0,1.0,1.0,-1.0,-1.0,1.0,1.0	-1.0360649,1.1676368,-0.089339495,-0.26468748,0.08800748,-0.8488513,0.7832474,0.5423807,-0.43341732,-1.641449,-0.32016593,0.7098062,-0.68342865,0.17554975,-0.13054726,-0.7399663,0.013813257,0.39593145,0.20414943,0.8521935,-1.1311005,-1.0647435,0.06824047,0.29075098
../data/train_data_mmini/1/Train_0002.jpg	1	-1.0,1.0,1.0,1.0,1.0,1.0,-1.0,-1.0,-1.0,-1.0,-1.0,1.0,1.0,1.0,-1.0,1.0,1.0,-1.0,-1.0,1.0,-1.0,-1.0,1.0,-1.0	-1.9031842,0.626137,0.53533244,1.0652746,0.17212135,1.3532782,-1.1477704,-0.5935368,-1.1519115,-0.3755477,-0.1146997,3.4309208,0.0891988,0.6742057,-1.4490205,0.011381909,0.050710008,-0.26448056,-0.6644741,0.1085688,-0.53521824,-0.7242524,1.371223,-0.36790136
../data/train_data_mmini/1/Train_0003.jpg	1	-1.0,1.0,-1.0,-1.0,1.0,-1.0,1.0,1.0,-1.0,-1.0,-1.0,-1.0,-1.0,-1.0,1.0,-1.0,1.0,-1.0,1.0,1.0,-1.0,-1.0,-1.0,1.0	-0.7075805,0.7352992,-0.08504027,-1.1753305,0.38263956,-1.0179093,2.1086617,1.2324295,-0.12108739,-2.745381,-0.9118126,-0.31953037,-0.79102904,-0.37325346,0.5522758,-0.74356353,0.14826095,-0.12174889,0.47385812,1.490837,-1.6075627,-1.1269097,-0.46549985,0.9904695
../data/train_data_mmini/1/Train_0004.jpg	1	-1.0,1.0,1.0,-1.0,1.0,-1.0,1.0,1.0,1.0,-1.0,-1.0,1.0,-1.0,1.0,1.0,-1.0,-1.0,1.0,1.0,1.0,-1.0,-1.0,1.0,1.0	-0.8340746,1.0846573,0.062334776,-0.47394475,0.15423866,-1.1535808,1.4629388,1.0174358,0.07342915,-2.165167,-0.75855714,0.32190686,-0.69125324,0.089920856,0.5485477,-0.8697672,-0.16578546,0.30711225,0.23268881,1.0563456,-1.2975901,-1.5632545,0.1473651,0.018247098
../data/train_data_mmini/2/Train_0005.jpg	2	-1.0,-1.0,1.0,-1.0,1.0,1.0,1.0,1.0,-1.0,-1.0,-1.0,1.0,1.0,-1.0,-1.0,1.0,-1.0,-1.0,-1.0,1.0,-1.0,-1.0,1.0,1.0	-1.7030431,-0.44177178,0.53406656,-0.4329216,0.09207241,0.6967004,0.80913556,0.15381038,-0.6394027,-1.1179924,-1.1952572,2.0609987,0.3171764,-0.103010826,-0.27078754,0.5878917,-0.44605756,-1.2347102,-0.3244684,1.2021788,-0.30899486,-0.6911806,2.013592,0.064856306
../data/train_data_mmini/2/Train_0006.jpg	2	-1.0,1.0,-1.0,-1.0,1.0,1.0,1.0,1.0,1.0,-1.0,-1.0,1.0,-1.0,1.0,-1.0,1.0,-1.0,-1.0,-1.0,1.0,-1.0,-1.0,1.0,-1.0	-1.2392963,0.99151945,-0.08790916,-0.5599878,0.21946621,0.13873255,0.48614,0.3089293,0.19127177,-1.5988834,-1.7209936,1.6958673,-0.82642204,0.69852763,-0.3871614,0.28173333,-0.77380383,-0.17061985,-0.612607,0.84099656,-0.6281143,-1.1181426,0.942462,-0.08938369
../data/train_data_mmini/2/Train_0007.jpg	2	-1.0,-1.0,1.0,-1.0,1.0,-1.0,1.0,1.0,-1.0,-1.0,-1.0,1.0,-1.0,-1.0,1.0,1.0,-1.0,-1.0,-1.0,1.0,-1.0,-1.0,1.0,-1.0	-1.5001996,-0.026757628,0.6737962,-0.93291235,0.42815474,-0.5774687,2.62958,0.75966614,-0.28895158,-2.2650392,-1.646724,0.656882,-0.02862762,-0.26802287,0.7283497,0.47119468,-0.41338968,-1.3696004,-0.32682046,1.7118772,-1.1969908,-2.3284154,2.161632,-0.031809345
../data/train_data_mmini/2/Train_0008.jpg	2	-1.0,1.0,1.0,1.0,1.0,-1.0,-1.0,1.0,-1.0,-1.0,-1.0,1.0,-1.0,1.0,-1.0,-1.0,-1.0,1.0,-1.0,1.0,-1.0,-1.0,1.0,-1.0	-0.8777338,1.0896568,0.0010875762,0.14322901,0.145985,-0.2395359,-0.0030171126,0.26359153,-0.10268901,-1.8068197,-1.0681971,1.2946242,-0.62788254,0.7287846,-0.3579952,-0.4778061,-0.481039,0.47590092,-0.21914372,0.5110548,-0.8645418,-1.1149474,0.38142225,-0.19618274
../data/train_data_mmini/2/Train_0009.jpg	2	-1.0,-1.0,1.0,-1.0,1.0,1.0,1.0,1.0,-1.0,-1.0,-1.0,1.0,1.0,-1.0,1.0,1.0,-1.0,-1.0,-1.0,1.0,-1.0,-1.0,1.0,-1.0	-2.0528417,-1.1896391,1.2735475,-0.767599,0.33623305,0.5805599,2.0105443,0.16324638,-0.67752564,-1.8112018,-2.2345576,2.0931396,1.0128043,-0.28797007,0.420842,1.4967127,-0.86032784,-2.4783552,-0.83600855,1.9471415,-0.30317304,-2.3855317,3.7911298,-0.5783334
../data/train_data_mmini/3/Train_0010.jpg	3	-1.0,1.0,1.0,-1.0,1.0,1.0,1.0,1.0,1.0,-1.0,-1.0,1.0,-1.0,1.0,-1.0,1.0,-1.0,-1.0,-1.0,1.0,-1.0,-1.0,1.0,1.0	-1.2604175,0.8755516,0.10329276,-0.24058688,0.5696985,0.9689679,0.38475502,0.0050884755,0.17624031,-0.90452117,-1.1638923,1.784105,-1.0431226,0.7948664,-0.5302716,0.64182204,-0.42327768,-0.27056837,-0.77356994,0.4850875,-0.81742823,-0.8066807,0.5982341,0.36575514
../data/train_data_mmini/3/Train_0011.jpg	3	-1.0,1.0,1.0,1.0,1.0,1.0,-1.0,-1.0,-1.0,1.0,1.0,1.0,1.0,1.0,-1.0,1.0,1.0,-1.0,-1.0,-1.0,1.0,-1.0,1.0,-1.0	-2.424919,0.49893156,0.8003919,1.9544432,0.22982892,2.6598845,-2.5687814,-1.2511557,-1.3095305,1.4053237,0.6366253,5.0432277,0.33267564,1.5830698,-1.947964,0.546242,0.00018958002,-0.2934579,-1.4306892,-0.7396848,0.054015502,-0.5798906,2.3391411,-0.84058267
../data/train_data_mmini/3/Train_0012.jpg	3	-1.0,1.0,1.0,1.0,-1.0,1.0,-1.0,-1.0,-1.0,-1.0,-1.0,1.0,1.0,1.0,-1.0,1.0,-1.0,-1.0,-1.0,1.0,1.0,1.0,1.0,-1.0	-2.2938178,0.1039882,0.7108425,0.21200585,-0.01797869,1.1011249,-0.60962397,-0.23460189,-1.2567631,-0.2736166,-0.0011946931,3.2289164,0.6677679,0.28938496,-1.1326003,0.10835364,-0.2815894,-0.6906125,-0.27543405,0.55899304,0.037179574,0.009098591,1.7119136,-0.07384513
../data/train_data_mmini/3/Train_0013.jpg	3	-1.0,-1.0,1.0,1.0,1.0,1.0,-1.0,-1.0,-1.0,-1.0,-1.0,1.0,1.0,1.0,-1.0,1.0,-1.0,-1.0,-1.0,1.0,-1.0,-1.0,1.0,1.0	-2.018765,-0.02013281,0.4533277,0.25887766,0.3853309,1.2226363,-0.75192577,-0.38091472,-0.8016556,-1.8087745,-1.3472794,3.0640738,0.55151695,0.55541545,-0.95740384,0.58939767,-0.72259593,-0.7495733,-0.5596357,0.7870029,-0.06343205,-0.68283826,1.500352,0.2145357
../data/train_data_mmini/3/Train_0014.jpg	3	-1.0,1.0,1.0,1.0,1.0,1.0,-1.0,-1.0,-1.0,-1.0,-1.0,1.0,-1.0,1.0,-1.0,1.0,-1.0,-1.0,-1.0,1.0,-1.0,-1.0,1.0,-1.0	-1.7773738,0.5537635,0.5866463,0.25000894,0.2354935,1.3300712,-0.25193375,-0.17390406,-0.4868454,-0.7194306,-0.96467847,2.7924943,-0.06198883,0.80417126,-0.7179523,0.61501575,-0.4115461,-0.5196447,-0.8693538,0.54002845,-0.30757213,-0.9123962,1.7280457,-0.068405494
../data/train_data_mmini/4/Train_0015.jpg	4	-1.0,1.0,1.0,1.0,1.0,1.0,-1.0,1.0,-1.0,-1.0,-1.0,1.0,1.0,1.0,-1.0,-1.0,-1.0,-1.0,-1.0,1.0,-1.0,-1.0,1.0,-1.0	-1.7311746,0.5327567,0.5808828,0.2869078,0.053052574,0.21036234,-0.12009002,0.15475644,-0.7902218,-1.4258671,-0.3763912,2.339975,0.26220894,0.3065083,-0.5417749,-0.36080164,-0.2485692,-0.00027859956,-0.09384683,0.798265,-0.5713282,-0.800039,1.1311442,-0.2011415
../data/train_data_mmini/4/Train_0016.jpg	4	-1.0,1.0,-1.0,-1.0,-1.0,-1.0,-1.0,1.0,-1.0,-1.0,-1.0,1.0,-1.0,1.0,-1.0,-1.0,-1.0,1.0,1.0,1.0,-1.0,1.0,-1.0,1.0	-0.7694105,0.88005805,-0.4426743,-0.3914362,-0.06714743,-0.18522877,-0.09132697,0.27935678,-0.6861532,-1.3636818,-0.4326864,1.0840163,-0.97380745,0.0670009,-0.8976358,-0.79053146,-0.043771423,0.3370705,0.23337126,0.73783267,-0.9485927,0.5173464,-0.3354878,0.7143498
../data/train_data_mmini/4/Train_0017.jpg	4	-1.0,1.0,1.0,-1.0,1.0,1.0,-1.0,-1.0,-1.0,1.0,-1.0,1.0,-1.0,1.0,-1.0,1.0,-1.0,-1.0,-1.0,1.0,-1.0,1.0,1.0,-1.0	-2.0977066,0.91056585,0.17193529,-0.019067667,0.19571736,1.5677571,-1.6592734,-0.72199875,-0.36359456,0.094037175,-0.7783783,4.0510974,-0.7589697,0.7073953,-1.6403434,0.777301,-0.71562374,-0.5437009,-0.6945172,0.14616491,-0.12908293,0.13787368,1.3452787,-0.3422321
../data/train_data_mmini/4/Train_0018.jpg	4	-1.0,1.0,1.0,-1.0,1.0,1.0,1.0,1.0,-1.0,-1.0,-1.0,1.0,-1.0,1.0,-1.0,1.0,-1.0,-1.0,-1.0,1.0,-1.0,-1.0,1.0,-1.0	-1.4552121,0.61665225,0.3888056,-0.34288275,0.2487295,0.23861894,0.72525537,0.06909235,-0.37155932,-0.9405772,-1.1859965,1.5690796,-0.4286343,0.2708107,-0.4207479,0.19342351,-0.43103075,-0.65947664,-0.5215057,0.9014617,-0.8187501,-1.047825,1.7236915,-0.19250083
../data/train_data_mmini/4/Train_0019.jpg	4	-1.0,1.0,-1.0,-1.0,-1.0,-1.0,-1.0,1.0,1.0,-1.0,-1.0,1.0,-1.0,1.0,-1.0,-1.0,-1.0,1.0,1.0,1.0,-1.0,1.0,-1.0,1.0	-0.8260858,1.1375265,-0.7588798,-0.6306916,-0.12968042,-0.023778498,-0.10602565,0.78284836,0.079316214,-1.6802084,-0.3955419,1.2349701,-0.6818429,0.91193897,-0.72609824,-0.8956306,-0.17406116,1.0671525,0.12551814,0.2950437,-0.22717057,0.71995914,-0.9965301,1.1181151
../data/train_data_mmini/5/Train_0020.jpg	5	-1.0,1.0,-1.0,-1.0,-1.0,-1.0,1.0,1.0,-1.0,-1.0,-1.0,-1.0,-1.0,-1.0,1.0,-1.0,1.0,1.0,1.0,1.0,-1.0,-1.0,-1.0,1.0	-0.490796,0.5176492,-0.2566149,-1.0160692,-0.05996514,-1.3806527,2.3168802,1.3314148,-0.11478852,-2.6269534,-0.65590084,-0.84462273,-0.44042796,-0.3078551,0.69977176,-0.9962065,0.21284692,0.18756315,0.52219903,1.4074324,-1.2593174,-0.9684007,-0.40138093,0.8011282
../data/train_data_mmini/5/Train_0021.jpg	5	-1.0,1.0,1.0,1.0,-1.0,-1.0,1.0,1.0,-1.0,-1.0,-1.0,1.0,1.0,1.0,1.0,-1.0,-1.0,1.0,-1.0,1.0,-1.0,-1.0,1.0,-1.0	-1.0942702,0.66453946,0.2226283,0.018067457,-0.0065863207,-0.8307017,0.71759003,0.6991727,-0.31331322,-2.1735501,-0.8305763,1.0041175,0.004549563,0.51563305,0.18246263,-0.7346214,-0.34098238,0.29328567,-0.11225817,0.93062603,-0.8244534,-1.775249,0.65214914,-0.2540475
../data/train_data_mmini/5/Train_0022.jpg	5	-1.0,-1.0,1.0,-1.0,1.0,-1.0,1.0,1.0,-1.0,-1.0,-1.0,1.0,1.0,-1.0,1.0,1.0,-1.0,-1.0,-1.0,1.0,-1.0,-1.0,1.0,-1.0	-1.4652746,-0.52491975,0.7286,-0.8843925,0.25215313,-0.25666496,2.377449,0.6716135,-0.38309258,-2.2620544,-1.5722961,0.7953887,0.4611076,-0.21919793,0.63922906,0.6335733,-0.4419108,-1.4907985,-0.33568245,1.681064,-0.80268663,-1.9470229,2.3567226,-0.014077842
../data/train_data_mmini/5/Train_0023.jpg	5	-1.0,1.0,1.0,-1.0,1.0,-1.0,1.0,1.0,-1.0,-1.0,-1.0,-1.0,-1.0,-1.0,1.0,-1.0,-1.0,-1.0,1.0,1.0,-1.0,-1.0,1.0,1.0	-0.6925727,0.33453175,0.01610294,-1.078542,0.12982382,-1.4606582,2.5059674,1.2519907,-0.042192686,-2.8308113,-1.0717183,-0.6707164,-0.38192853,-0.25142175,0.860641,-0.6171026,-0.035272896,-0.24854454,0.3180862,1.530289,-1.3298151,-1.5111537,0.2719171,0.5021793
../data/train_data_mmini/5/Train_0024.jpg	5	-1.0,-1.0,1.0,-1.0,1.0,1.0,1.0,1.0,-1.0,-1.0,-1.0,1.0,1.0,-1.0,1.0,1.0,-1.0,-1.0,-1.0,1.0,-1.0,-1.0,1.0,-1.0	-2.0187395,-0.37221402,0.9972297,-0.14776143,0.37464762,0.48423582,1.2042589,0.25122473,-0.66943187,-1.3538287,-1.2818344,2.2092385,0.58290714,-0.038922273,0.17718309,0.7343742,-0.47738302,-1.4375141,-0.61041254,1.3081975,-0.56228215,-1.9833372,2.656704,-0.41666162
../data/train_data_mmini/6/Train_0025.jpg	6	-1.0,-1.0,1.0,1.0,1.0,1.0,-1.0,-1.0,-1.0,-1.0,-1.0,1.0,1.0,1.0,-1.0,1.0,-1.0,-1.0,-1.0,1.0,1.0,-1.0,1.0,-1.0	-2.3126879,-0.8023822,0.5470935,0.039418437,0.50637436,2.0278153,-0.32330194,-0.74466956,-0.35730565,-0.06344223,-1.1598427,3.9620824,0.2695728,0.43132845,-0.899522,1.8550557,-0.822216,-1.6272875,-1.2015154,0.77001536,0.013760315,-0.7815066,2.9229598,-0.14863023
../data/train_data_mmini/6/Train_0026.jpg	6	-1.0,-1.0,1.0,-1.0,1.0,1.0,1.0,-1.0,-1.0,-1.0,-1.0,1.0,1.0,-1.0,-1.0,1.0,-1.0,-1.0,-1.0,1.0,-1.0,-1.0,1.0,-1.0	-2.2231898,-0.090938866,1.0538516,-0.12891403,0.55900186,0.62794936,1.0759153,-0.23152217,-0.7576552,-0.48010296,-1.3081601,2.4014454,0.057451293,-0.1000684,-0.15584147,1.081623,-0.49993235,-1.6538223,-0.7500625,1.3479683,-0.55541486,-2.3789918,2.8556666,-0.5803359
../data/train_data_mmini/6/Train_0027.jpg	6	-1.0,-1.0,1.0,1.0,1.0,1.0,-1.0,-1.0,-1.0,1.0,-1.0,1.0,1.0,1.0,-1.0,1.0,-1.0,-1.0,-1.0,1.0,-1.0,-1.0,1.0,-1.0	-1.9997964,-0.056574434,0.77037156,0.47755876,0.5344081,1.7512656,-0.9555349,-0.8218383,-0.47024238,0.29622048,-1.0385338,3.8410156,0.15965398,1.0511811,-1.1687852,1.3799522,-0.7085158,-1.1031938,-1.4407233,0.33303893,-0.1060272,-1.388245,2.9222698,-0.8441151
../data/train_data_mmini/6/Train_0028.jpg	6	-1.0,1.0,1.0,1.0,1.0,1.0,-1.0,-1.0,-1.0,1.0,-1.0,1.0,-1.0,1.0,-1.0,1.0,-1.0,-1.0,-1.0,1.0,-1.0,-1.0,1.0,-1.0	-2.106037,0.7603346,0.960631,0.9320142,0.62090296,1.9238609,-0.62852633,-0.7412312,-0.6977503,0.09997594,-0.5924998,3.63531,-0.15774088,0.8424124,-1.0319364,0.7319289,-0.06629942,-0.7643085,-1.0317256,0.41046536,-0.6166183,-1.3807392,2.2480845,-0.46428657
../data/train_data_mmini/6/Train_0029.jpg	6	-1.0,-1.0,1.0,1.0,1.0,1.0,1.0,-1.0,-1.0,-1.0,-1.0,1.0,1.0,-1.0,-1.0,1.0,-1.0,-1.0,-1.0,1.0,1.0,-1.0,1.0,-1.0	-2.3038428,-2.003297,0.9510312,0.0036203936,0.3304004,2.1766257,0.40555024,-0.5331164,-0.9789865,-1.0501938,-1.7936705,3.627815,1.2647111,-0.55260473,-0.5832066,2.0355427,-0.70963234,-2.656953,-1.038515,1.4203664,0.0976886,-1.1218245,3.3523033,-0.32648808
../data/train_data_mmini/7/Train_0030.jpg	7	-1.0,-1.0,1.0,-1.0,1.0,1.0,1.0,1.0,-1.0,-1.0,-1.0,1.0,1.0,-1.0,1.0,1.0,-1.0,-1.0,-1.0,1.0,-1.0,-1.0,1.0,-1.0	-1.9284792,-0.83878946,1.0285385,-0.7202617,0.17548825,0.15977654,1.946779,0.30772588,-0.7233662,-1.8603036,-1.8238748,1.7528837,0.8351167,-0.39878035,0.3727222,1.0168337,-0.5541554,-1.9608473,-0.51590997,1.810955,-0.46439037,-2.0263932,3.1777897,-0.30279988
../data/train_data_mmini/7/Train_0031.jpg	7	-1.0,-1.0,1.0,-1.0,1.0,1.0,1.0,-1.0,-1.0,-1.0,-1.0,1.0,1.0,-1.0,-1.0,1.0,-1.0,-1.0,-1.0,1.0,-1.0,-1.0,1.0,-1.0	-1.9959044,-0.69006944,0.8862674,-0.41814798,0.37682283,0.7165928,1.0237033,-0.033458237,-0.73342353,-1.7568891,-2.0804532,2.2120888,0.6885886,-0.12369653,-0.08026597,1.1941518,-0.739792,-1.7671641,-0.80628526,1.5887979,-0.4072589,-1.8327875,2.90349,-0.22286525
../data/train_data_mmini/7/Train_0032.jpg	7	-1.0,1.0,1.0,1.0,1.0,1.0,-1.0,-1.0,-1.0,1.0,1.0,1.0,1.0,1.0,-1.0,-1.0,-1.0,1.0,-1.0,-1.0,1.0,1.0,1.0,-1.0	-2.0129824,0.7925532,0.33059832,1.0738226,0.021478377,1.9024333,-2.3607466,-0.79846674,-0.9071474,0.4630455,0.051668026,4.2897997,0.08642618,1.7599666,-1.7467505,-0.024561927,-0.5325225,0.31910095,-0.9456754,-0.29587355,0.17413281,0.13218552,1.5128331,-0.33263487
../data/train_data_mmini/7/Train_0033.jpg	7	-1.0,-1.0,1.0,-1.0,1.0,1.0,1.0,-1.0,-1.0,-1.0,-1.0,1.0,1.0,-1.0,1.0,1.0,-1.0,-1.0,-1.0,1.0,-1.0,-1.0,1.0,-1.0	-2.1746182,-0.8771635,1.2569485,-0.48743066,0.35344794,0.8971814,1.7219725,-0.078327924,-0.6960648,-0.8419532,-1.6796448,2.4626918,0.74313265,-0.10780629,0.0027169883,1.4882125,-0.6996439,-2.181927,-1.0165637,1.4712576,-0.27895004,-2.2286744,3.8632188,-0.67487204
../data/train_data_mmini/7/Train_0034.jpg	7	-1.0,1.0,1.0,1.0,1.0,1.0,-1.0,-1.0,-1.0,1.0,1.0,1.0,-1.0,1.0,-1.0,1.0,-1.0,1.0,-1.0,-1.0,-1.0,-1.0,1.0,-1.0	-1.9761224,1.3991983,0.039558142,1.667673,0.59545654,2.980019,-2.8114517,-1.1322691,-0.3213964,1.5188637,0.71096116,5.1488185,-0.68221825,2.9847105,-2.1741567,0.32623434,-0.13203715,0.6385795,-1.7897168,-1.3207468,-0.5247379,-0.5084442,1.7509921,-0.51032454
../data/train_data_mmini/8/Train_0035.jpg	8	-1.0,-1.0,1.0,-1.0,1.0,1.0,1.0,-1.0,-1.0,-1.0,-1.0,1.0,1.0,-1.0,1.0,1.0,-1.0,-1.0,-1.0,1.0,-1.0,-1.0,1.0,-1.0	-2.299891,-1.3508991,1.3807976,-0.1840089,0.35000914,1.3830547,1.0270034,-0.25789952,-0.8515503,-1.4658737,-2.0908933,3.00104,1.266519,-0.037320755,0.047600865,1.8028027,-0.89937985,-2.5884907,-1.0048634,1.6373397,-0.06915708,-2.0685775,4.01989,-0.6594419
../data/train_data_mmini/8/Train_0036.jpg	8	-1.0,-1.0,1.0,-1.0,1.0,1.0,1.0,-1.0,-1.0,-1.0,-1.0,1.0,1.0,-1.0,-1.0,1.0,-1.0,-1.0,-1.0,1.0,-1.0,-1.0,1.0,-1.0	-2.468279,-1.4026642,1.3031354,-0.45547178,0.48751155,1.4411457,1.6681081,-0.27380064,-0.8070052,-1.3445511,-2.656214,3.1161492,0.90311384,-0.58437705,-0.040095568,2.0347354,-0.89788723,-3.050976,-1.1780297,2.0342982,-0.3601803,-2.3806674,4.222855,-0.5245039
../data/train_data_mmini/8/Train_0037.jpg	8	-1.0,-1.0,1.0,1.0,1.0,1.0,-1.0,-1.0,-1.0,1.0,-1.0,1.0,1.0,1.0,-1.0,1.0,-1.0,-1.0,-1.0,1.0,-1.0,-1.0,1.0,-1.0	-2.5057287,-0.5489955,1.2082186,0.48039964,0.5183965,1.7784184,-0.06981535,-0.74489313,-0.91837686,0.115777045,-1.4347742,3.8549356,0.4940217,0.23854783,-0.6653559,1.5306929,-0.6966181,-2.0518959,-1.3762969,1.0437876,-0.05706139,-2.21116,3.6158316,-1.035557
../data/train_data_mmini/8/Train_0038.jpg	8	-1.0,-1.0,1.0,1.0,1.0,1.0,1.0,-1.0,-1.0,-1.0,-1.0,1.0,1.0,1.0,-1.0,1.0,-1.0,-1.0,-1.0,1.0,-1.0,-1.0,1.0,-1.0	-2.3535943,-0.8755636,1.2027504,0.17920494,0.4037939,1.2910354,0.1962723,-0.37047973,-1.000876,-1.4927125,-1.755433,3.215903,1.0735878,0.022762008,-0.26418602,1.4044329,-0.6951442,-1.9218205,-0.80466616,1.3435934,-0.1906377,-1.7976071,3.166905,-0.5450375
../data/train_data_mmini/8/Train_0039.jpg	8	-1.0,-1.0,1.0,1.0,1.0,1.0,1.0,-1.0,-1.0,-1.0,-1.0,1.0,1.0,-1.0,-1.0,1.0,-1.0,-1.0,-1.0,1.0,1.0,-1.0,1.0,-1.0	-2.5786688,-1.7762343,1.4318372,0.10086233,0.26604575,2.0348153,0.7085747,-0.59427994,-1.0574222,-0.92217857,-2.1219716,3.8313553,1.5150064,-0.25587445,-0.22736827,2.1402328,-0.94237185,-2.979028,-1.3174396,1.5656277,0.21366481,-1.8956869,4.4551215,-0.83494973
../data/train_data_mmini/9/Train_0040.jpg	9	-1.0,1.0,1.0,-1.0,1.0,1.0,1.0,1.0,-1.0,-1.0,-1.0,1.0,1.0,-1.0,1.0,1.0,-1.0,-1.0,-1.0,1.0,-1.0,-1.0,1.0,-1.0	-1.7970995,0.26497993,0.72852576,-0.37496424,0.29967782,0.10784654,1.4934253,0.50703144,-0.5512957,-1.8219478,-1.298531,1.5174056,0.07519461,-0.04303559,0.26865917,0.34095246,-0.28334045,-0.92137605,-0.38947678,1.3411558,-0.90180707,-1.7461019,1.7728746,-0.0033901036
../data/train_data_mmini/9/Train_0041.jpg	9	-1.0,-1.0,1.0,-1.0,1.0,1.0,1.0,-1.0,-1.0,-1.0,-1.0,1.0,1.0,1.0,-1.0,1.0,-1.0,-1.0,-1.0,1.0,-1.0,-1.0,1.0,-1.0	-1.9906586,-0.24578384,0.9429984,-0.042240523,0.1116485,0.6341785,0.7455755,-0.09326871,-0.661036,-0.50015336,-0.88026845,2.342889,0.57710856,0.37752125,-0.43194664,0.8204366,-0.52992904,-1.3092098,-0.7737684,0.79173565,-0.27236393,-1.515864,2.9616232,-0.4727782
../data/train_data_mmini/9/Train_0042.jpg	9	-1.0,1.0,-1.0,1.0,-1.0,-1.0,-1.0,1.0,-1.0,-1.0,-1.0,1.0,-1.0,1.0,-1.0,-1.0,-1.0,1.0,1.0,1.0,-1.0,-1.0,-1.0,1.0	-0.9405582,1.7856241,-0.34884435,0.39557174,-0.003588982,-0.5338639,-0.7844389,0.43748116,-0.46455204,-1.4026077,-0.01648714,1.7024561,-0.9448914,0.8012775,-0.6686538,-1.6313916,-0.15740003,1.3145865,0.20306951,0.27639735,-1.0599285,-0.24970469,-0.6508233,0.20200105
../data/train_data_mmini/9/Train_0043.jpg	9	-1.0,-1.0,1.0,-1.0,1.0,1.0,1.0,1.0,-1.0,-1.0,-1.0,1.0,1.0,-1.0,1.0,1.0,-1.0,-1.0,-1.0,1.0,-1.0,-1.0,1.0,-1.0	-1.9805986,-0.6189613,1.0121274,-0.41850618,0.27492246,0.41469565,1.5347605,0.23729807,-0.65952724,-2.0203435,-1.9467009,2.0301194,0.7828499,-0.078670375,0.3421324,1.0407649,-0.7259973,-1.7064296,-0.649514,1.6994416,-0.42170066,-2.180735,3.042219,-0.40388525
../data/train_data_mmini/9/Train_0044.jpg	9	-1.0,-1.0,1.0,-1.0,1.0,1.0,1.0,-1.0,-1.0,-1.0,-1.0,1.0,1.0,-1.0,-1.0,1.0,-1.0,-1.0,-1.0,1.0,1.0,-1.0,1.0,1.0	-2.3321362,-0.88396704,0.91479146,-0.20876414,0.30607793,1.2195373,0.04399298,-0.21520007,-0.84975773,-1.325675,-1.4493252,3.1937528,0.93309915,-0.080134,-0.620484,1.2246785,-0.6466451,-1.5151899,-0.5894536,1.2194316,0.09171368,-0.8313517,2.418908,0.024857625
../data/train_data_mmini/10/Train_0045.jpg	10	-1.0,-1.0,1.0,1.0,1.0,1.0,-1.0,-1.0,-1.0,1.0,-1.0,1.0,1.0,1.0,-1.0,1.0,-1.0,-1.0,-1.0,1.0,1.0,-1.0,1.0,-1.0	-2.6108942,-1.7112852,1.2293566,0.7164289,0.33559126,2.9594862,-0.7785246,-1.1286743,-0.97760564,0.26674137,-1.6690369,4.823436,1.2381985,0.08320255,-0.9344906,2.1274974,-1.0443331,-2.6562076,-1.6153747,0.8927484,0.47751132,-1.2650478,4.209143,-1.080146
../data/train_data_mmini/10/Train_0046.jpg	10	-1.0,-1.0,1.0,1.0,1.0,1.0,-1.0,-1.0,-1.0,1.0,-1.0,1.0,1.0,1.0,-1.0,1.0,-1.0,-1.0,-1.0,1.0,1.0,-1.0,1.0,-1.0	-2.3357074,-1.0903045,0.86074984,1.2653481,0.3766742,2.8301373,-2.0256407,-1.2544141,-1.3560452,0.4176135,-0.43277097,4.724526,0.8185278,0.3093526,-1.5361645,1.544334,-0.4094972,-1.521995,-1.3543187,0.19527437,0.5057091,-0.40364945,2.3062963,-0.68395483
../data/train_data_mmini/10/Train_0047.jpg	10	-1.0,-1.0,1.0,1.0,1.0,1.0,-1.0,-1.0,-1.0,-1.0,-1.0,1.0,1.0,1.0,-1.0,1.0,-1.0,-1.0,-1.0,1.0,1.0,-1.0,1.0,-1.0	-2.686549,-0.9924464,1.1589446,0.67398715,0.52332336,2.4843473,-0.5559995,-0.89775664,-0.979091,-0.3936457,-1.7689514,4.5495267,0.85253847,0.13759547,-0.80258346,1.7754444,-0.85053813,-2.383548,-1.3398776,1.1194781,0.023883836,-1.6237954,3.6691008,-0.6314579
../data/train_data_mmini/10/Train_0048.jpg	10	-1.0,-1.0,1.0,1.0,1.0,1.0,-1.0,-1.0,-1.0,-1.0,-1.0,1.0,1.0,-1.0,-1.0,1.0,-1.0,-1.0,-1.0,1.0,1.0,-1.0,1.0,-1.0	-2.6841888,-3.0367694,1.1024837,0.32380065,0.118503705,3.0251231,-0.20271875,-0.71233433,-1.3697733,-0.97466713,-1.369698,4.5624385,2.256284,-0.4275755,-0.6314427,2.2013881,-0.88579327,-2.9134116,-1.1285843,1.4493302,0.8813488,-0.21917066,4.037813,-0.15685743
../data/train_data_mmini/10/Train_0049.jpg	10	-1.0,-1.0,1.0,1.0,1.0,1.0,1.0,-1.0,-1.0,-1.0,-1.0,1.0,1.0,-1.0,-1.0,1.0,-1.0,-1.0,-1.0,1.0,1.0,-1.0,1.0,-1.0	-2.4143353,-1.3160225,1.3283051,0.3992689,0.4138457,2.0028539,0.14719455,-0.6753371,-0.92806464,-0.44710582,-1.8044226,3.750471,1.1006066,-0.063701145,-0.3669453,1.994459,-0.8657103,-2.5555906,-1.3328431,1.2673086,0.14320828,-2.0553951,3.9157445,-0.98538643
