../data/train_data_mmini/1/Train_0000.jpg	1	-1.0,-1.0,-1.0,1.0,-1.0,1.0,1.0,1.0,-1.0,1.0,1.0,1.0	-1.1935184,-2.4310758,-5.4065127,1.5033277,-7.147476,1.011318,0.25969326,1.418837,-4.466802,0.56496805,2.1341527,0.33922014
../data/train_data_mmini/1/Train_0001.jpg	1	-1.0,-1.0,-1.0,1.0,-1.0,1.0,1.0,1.0,-1.0,-1.0,1.0,-1.0	-0.86477935,-3.1708727,-9.808941,0.4949434,-9.495029,2.671406,2.5132062,2.6462395,-5.7010765,-0.5255746,4.073458,-1.5129963
../data/train_data_mmini/1/Train_0002.jpg	1	-1.0,-1.0,-1.0,1.0,-1.0,1.0,-1.0,1.0,-1.0,-1.0,1.0,1.0	-3.6875448,-4.5571394,-6.5044923,2.2057502,-10.750541,1.966219,-4.164916,2.5678184,-5.917598,-1.2076496,2.6501489,3.5479264
../data/train_data_mmini/1/Train_0003.jpg	1	1.0,-1.0,-1.0,-1.0,-1.0,1.0,1.0,1.0,-1.0,-1.0,1.0,-1.0	1.8139607,-1.3413116,-6.309332,-0.50378764,-5.0805044,3.515902,1.947483,1.5719159,-3.3682191,-0.0136579415,1.2460604,-0.04462944
../data/train_data_mmini/1/Train_0004.jpg	1	-1.0,-1.0,-1.0,1.0,-1.0,1.0,1.0,-1.0,-1.0,1.0,1.0,1.0	-2.2967834,-2.7199156,-6.216741,0.8465273,-8.817805,0.022904104,1.4440093,-2.4120338,-4.8520007,1.7358865,2.2772827,1.0461205
../data/train_data_mmini/2/Train_0005.jpg	2	-1.0,-1.0,-1.0,-1.0,-1.0,1.0,1.0,-1.0,-1.0,-1.0,1.0,1.0	-4.071536,-3.5412698,-9.726201,-2.922426,-13.4132395,2.5752778,0.6571642,-2.4022317,-6.9374347,-0.020202043,4.5857925,1.7623713
../data/train_data_mmini/2/Train_0006.jpg	2	1.0,-1.0,-1.0,-1.0,-1.0,1.0,1.0,-1.0,-1.0,1.0,1.0,1.0	0.26966223,-2.7263691,-8.153926,-4.54337,-9.262035,4.655459,2.6983764,-7.2332387,-4.147109,0.54033303,1.1919668,2.77414
../data/train_data_mmini/2/Train_0007.jpg	2	-1.0,-1.0,-1.0,1.0,-1.0,1.0,1.0,1.0,-1.0,1.0,1.0,1.0	-2.4001656,-1.8632205,-3.7137208,0.2990642,-5.3814054,0.015814835,0.55108815,0.5098443,-3.3671224,0.1947411,2.1037698,0.03611543
../data/train_data_mmini/2/Train_0008.jpg	2	-1.0,-1.0,-1.0,1.0,-1.0,-1.0,1.0,-1.0,-1.0,1.0,1.0,1.0	-5.169498,-3.9996364,-6.518234,2.169029,-12.710731,-2.1936896,0.337394,-3.872837,-6.922718,2.3896096,3.3164175,2.0884151
../data/train_data_mmini/2/Train_0009.jpg	2	-1.0,-1.0,-1.0,-1.0,-1.0,1.0,1.0,-1.0,-1.0,-1.0,1.0,1.0	-2.863837,-3.282931,-9.867545,-2.2707925,-10.562138,3.3022892,0.88705707,-0.4965773,-6.11927,-0.5997487,4.2590117,0.80297685
../data/train_data_mmini/3/Train_0010.jpg	3	-1.0,-1.0,-1.0,-1.0,-1.0,1.0,1.0,-1.0,-1.0,1.0,1.0,-1.0	-2.2751472,-2.906123,-11.108232,-3.6551878,-11.65108,2.235756,4.8133025,-2.6654773,-6.832072,0.62563676,4.95442,-1.4813805
../data/train_data_mmini/3/Train_0011.jpg	3	-1.0,-1.0,-1.0,1.0,-1.0,1.0,-1.0,1.0,-1.0,-1.0,1.0,1.0	-5.983618,-5.071822,-7.815228,3.615788,-13.852707,0.65316534,-2.7702656,3.214765,-8.59968,-0.44076097,4.19634,2.4749582
../data/train_data_mmini/3/Train_0012.jpg	3	1.0,-1.0,-1.0,1.0,-1.0,1.0,1.0,-1.0,-1.0,1.0,1.0,1.0	0.0393585,-3.3698945,-10.25096,0.49232477,-9.877878,4.1306295,0.47036904,-0.33811578,-5.5647955,0.025530057,2.6143975,1.6188766
../data/train_data_mmini/3/Train_0013.jpg	3	-1.0,-1.0,-1.0,-1.0,-1.0,1.0,1.0,-1.0,-1.0,1.0,1.0,1.0	-2.8609958,-4.742311,-9.970831,-3.3261924,-12.273587,3.0267105,2.2345326,-6.276168,-5.4230995,0.2294064,3.6355326,2.405809
../data/train_data_mmini/3/Train_0014.jpg	3	-1.0,-1.0,-1.0,-1.0,-1.0,1.0,1.0,-1.0,-1.0,1.0,1.0,1.0	-6.0212736,-3.8016062,-8.441128,-2.2805536,-14.520138,0.57795197,1.0355064,-2.9935145,-7.2334948,0.58210695,4.6975517,1.6763798
../data/train_data_mmini/4/Train_0015.jpg	4	-1.0,-1.0,-1.0,1.0,-1.0,-1.0,-1.0,-1.0,-1.0,1.0,1.0,1.0	-4.675329,-3.260056,-5.5009565,2.839961,-11.464864,-0.7225588,-2.092839,-1.0926393,-6.2995925,1.0845153,2.9543085,2.915075
../data/train_data_mmini/4/Train_0016.jpg	4	-1.0,-1.0,-1.0,1.0,-1.0,1.0,-1.0,1.0,-1.0,-1.0,1.0,1.0	-2.0839107,-4.469672,-9.996895,1.8829589,-10.552471,4.182835,-2.2464392,6.054165,-6.462145,-1.7904153,3.8237102,0.808268
../data/train_data_mmini/4/Train_0017.jpg	4	1.0,-1.0,-1.0,-1.0,-1.0,1.0,-1.0,-1.0,-1.0,-1.0,1.0,1.0	0.080428906,-4.0174775,-10.425983,-1.4133097,-10.581088,6.4683733,-1.7952969,-0.6561746,-4.8636227,-1.6616316,2.1794612,4.358836
../data/train_data_mmini/4/Train_0018.jpg	4	-1.0,-1.0,-1.0,-1.0,-1.0,1.0,-1.0,1.0,-1.0,1.0,1.0,1.0	-6.8448987,-4.13202,-8.01513,-0.46235597,-14.349196,0.0071453885,-0.6837345,1.551668,-7.927673,0.08523472,5.2517,1.1582271
../data/train_data_mmini/4/Train_0019.jpg	4	-1.0,-1.0,-1.0,-1.0,-1.0,1.0,1.0,-1.0,-1.0,1.0,1.0,1.0	-0.83650976,-4.1405263,-8.7526455,-6.2403164,-10.680205,5.729625,2.1245444,-10.151532,-3.1096208,0.17290135,0.78018355,5.0346546
../data/train_data_mmini/5/Train_0020.jpg	5	-1.0,-1.0,-1.0,-1.0,-1.0,1.0,1.0,-1.0,-1.0,-1.0,1.0,1.0	-0.91448563,-2.2997766,-6.080165,-1.6944666,-5.8416815,2.5769634,0.8826531,-0.0391389,-3.153162,-0.9266347,2.3250422,0.29988274
../data/train_data_mmini/5/Train_0021.jpg	5	-1.0,-1.0,-1.0,1.0,-1.0,1.0,1.0,-1.0,-1.0,1.0,1.0,1.0	-3.7063766,-2.9939845,-6.2121916,1.0132886,-11.252186,0.16347735,0.101762064,-2.1910768,-6.4618726,1.6113023,2.6472278,2.5778422
../data/train_data_mmini/5/Train_0022.jpg	5	-1.0,-1.0,-1.0,-1.0,-1.0,1.0,1.0,-1.0,-1.0,1.0,1.0,1.0	-1.9350199,-1.9415715,-5.745493,-1.8857161,-7.3090773,1.0211127,2.1665242,-4.6032257,-3.3767176,0.87485695,1.9059964,0.9944276
../data/train_data_mmini/5/Train_0023.jpg	5	1.0,-1.0,-1.0,-1.0,-1.0,1.0,1.0,1.0,-1.0,1.0,1.0,-1.0	0.19966915,-1.3370745,-4.885807,-0.40049443,-4.550914,1.7594061,1.3521607,0.77014047,-2.8559713,0.0607384,1.5838138,-0.32796928
../data/train_data_mmini/5/Train_0024.jpg	5	-1.0,-1.0,-1.0,1.0,-1.0,1.0,1.0,1.0,-1.0,1.0,1.0,1.0	-2.411211,-2.6169012,-7.0715585,0.30745342,-9.06615,1.6371859,0.18666086,0.80386096,-5.8291106,0.24156785,3.1669235,0.6390896
../data/train_data_mmini/6/Train_0025.jpg	6	1.0,-1.0,-1.0,-1.0,-1.0,1.0,1.0,-1.0,-1.0,-1.0,1.0,1.0	2.4531722,-2.6247137,-12.984101,-7.250143,-9.965001,9.4381895,1.255208,-1.495893,-4.672355,-3.7860959,2.1919982,2.611687
../data/train_data_mmini/6/Train_0026.jpg	6	-1.0,-1.0,-1.0,-1.0,-1.0,1.0,1.0,1.0,-1.0,-1.0,1.0,-1.0	-3.2236054,-2.7048087,-9.376477,-1.3422829,-10.016998,2.8145697,0.3044927,4.485019,-6.366907,-1.3346481,4.5600133,-1.1920629
../data/train_data_mmini/6/Train_0027.jpg	6	-1.0,-1.0,-1.0,-1.0,-1.0,1.0,1.0,1.0,-1.0,-1.0,1.0,-1.0	-4.097015,-3.7578313,-12.14207,-3.4830732,-11.046134,3.9101777,1.6339784,2.1253448,-6.6274357,-2.2790542,5.9350114,-1.3241396
../data/train_data_mmini/6/Train_0028.jpg	6	-1.0,-1.0,-1.0,1.0,-1.0,1.0,-1.0,1.0,-1.0,-1.0,1.0,1.0	-6.839658,-4.8705215,-7.201399,0.97271526,-12.013777,0.48953137,-2.1053398,2.261508,-6.934586,-1.1606938,4.49399,1.3376335
../data/train_data_mmini/6/Train_0029.jpg	6	1.0,-1.0,-1.0,-1.0,-1.0,1.0,1.0,-1.0,-1.0,-1.0,1.0,1.0	1.9268382,-3.9590304,-11.648286,-3.7592914,-10.656776,6.7034993,1.3202062,-3.6597922,-5.2469683,-0.048747733,2.081349,4.006018
../data/train_data_mmini/7/Train_0030.jpg	7	-1.0,-1.0,-1.0,-1.0,-1.0,1.0,1.0,-1.0,-1.0,-1.0,1.0,1.0	-0.74857914,-3.094543,-9.430829,-2.4864988,-9.208778,4.809169,0.040970303,-0.5666935,-4.4907475,-1.1740437,2.7692695,2.0507693
../data/train_data_mmini/7/Train_0031.jpg	7	-1.0,-1.0,-1.0,-1.0,-1.0,1.0,1.0,-1.0,-1.0,-1.0,1.0,1.0	-2.7534518,-4.4524097,-12.677609,-4.1620774,-12.819972,4.6977262,1.2739118,-1.0115583,-7.0708885,-1.5929184,5.3648105,0.8125029
../data/train_data_mmini/7/Train_0032.jpg	7	-1.0,-1.0,-1.0,-1.0,-1.0,1.0,-1.0,-1.0,-1.0,-1.0,1.0,1.0	-9.049895,-4.91905,-10.698354,-0.8831885,-16.183077,0.61428905,-0.4381315,-1.3181052,-9.236957,-0.3321101,6.6207995,1.6096079
../data/train_data_mmini/7/Train_0033.jpg	7	-1.0,-1.0,-1.0,-1.0,-1.0,1.0,1.0,1.0,-1.0,-1.0,1.0,-1.0	-0.7797081,-3.1758363,-11.182752,-3.1206913,-10.124259,4.7003956,2.3393807,0.9893011,-5.874964,-1.10337,4.1175833,-0.19418429
../data/train_data_mmini/7/Train_0034.jpg	7	-1.0,-1.0,-1.0,-1.0,-1.0,1.0,1.0,1.0,-1.0,-1.0,1.0,-1.0	-7.237534,-4.4995365,-10.013965,-1.2623422,-14.611353,0.7968928,1.1545538,1.7618932,-8.907907,-0.4399176,6.2003217,-0.09888829
../data/train_data_mmini/8/Train_0035.jpg	8	-1.0,-1.0,-1.0,-1.0,-1.0,1.0,1.0,-1.0,-1.0,1.0,1.0,1.0	-4.462492,-3.412022,-9.665761,-2.6417642,-13.239092,1.6329675,2.2355201,-5.147555,-6.5743504,0.5654416,4.408963,1.4088733
../data/train_data_mmini/8/Train_0036.jpg	8	-1.0,-1.0,-1.0,-1.0,-1.0,1.0,-1.0,1.0,-1.0,-1.0,1.0,1.0	-5.5286365,-4.342805,-12.30848,-5.3254128,-14.3828125,4.9436035,-1.4422182,0.0049014757,-7.7598763,-3.046223,6.3113275,1.8184845
../data/train_data_mmini/8/Train_0037.jpg	8	-1.0,-1.0,-1.0,1.0,-1.0,1.0,-1.0,1.0,-1.0,-1.0,1.0,1.0	-5.5939693,-4.3297653,-10.9267435,0.6927852,-13.436656,3.2014523,-1.4752076,5.2527137,-8.976621,-1.8532685,5.69474,0.0683607
../data/train_data_mmini/8/Train_0038.jpg	8	-1.0,-1.0,-1.0,-1.0,-1.0,1.0,1.0,-1.0,-1.0,-1.0,1.0,1.0	-2.8368526,-3.904321,-10.826318,-2.4294426,-11.536299,3.1547077,1.1641073,-2.3948178,-6.273168,-0.59907895,4.5428834,1.0402412
../data/train_data_mmini/8/Train_0039.jpg	8	-1.0,-1.0,-1.0,-1.0,-1.0,1.0,1.0,-1.0,-1.0,1.0,1.0,1.0	-4.0513754,-4.7343745,-11.3978815,-3.0538793,-14.445126,3.2436686,1.8403052,-5.8882437,-7.2932944,0.31193116,4.4939704,2.9519377
../data/train_data_mmini/9/Train_0040.jpg	9	-1.0,-1.0,-1.0,1.0,-1.0,1.0,-1.0,-1.0,-1.0,1.0,1.0,1.0	-2.7613187,-2.9145074,-6.164878,2.2970092,-10.486916,0.10589357,-0.41540074,-1.7355522,-5.9954805,1.5313324,2.3520033,2.4094129
../data/train_data_mmini/9/Train_0041.jpg	9	-1.0,-1.0,-1.0,-1.0,-1.0,1.0,1.0,1.0,-1.0,-1.0,1.0,-1.0	-4.6912127,-5.1304026,-12.407678,-4.7701097,-12.930624,3.7695863,2.1708553,0.43591598,-7.1644998,-2.333127,6.485052,-0.40016994
../data/train_data_mmini/9/Train_0042.jpg	9	-1.0,-1.0,-1.0,1.0,-1.0,-1.0,-1.0,1.0,-1.0,1.0,1.0,1.0	-3.934428,-4.1920166,-7.01551,3.749543,-12.515467,-0.21444172,-1.3991969,0.62137777,-7.623229,0.9485816,3.3143494,2.4680312
../data/train_data_mmini/9/Train_0043.jpg	9	-1.0,-1.0,-1.0,-1.0,-1.0,1.0,1.0,-1.0,-1.0,1.0,1.0,1.0	-4.9639177,-3.0165997,-6.159003,-1.2515383,-11.0108,0.053969886,0.89028966,-4.9077296,-5.1526055,0.8975677,3.293792,2.052426
../data/train_data_mmini/9/Train_0044.jpg	9	1.0,-1.0,-1.0,-1.0,-1.0,1.0,1.0,-1.0,-1.0,1.0,1.0,1.0	1.3552718,-3.3184376,-10.186709,-1.946563,-9.662353,5.584678,1.2769407,-4.5621605,-4.44109,0.18417858,1.213737,3.3616076
../data/train_data_mmini/10/Train_0045.jpg	10	-1.0,-1.0,-1.0,-1.0,-1.0,1.0,1.0,-1.0,-1.0,-1.0,1.0,1.0	-6.7458425,-4.8017373,-13.898415,-6.8258305,-15.622319,3.5674882,3.7894812,-6.885261,-8.745089,-0.6542775,6.6317444,1.2219583
../data/train_data_mmini/10/Train_0046.jpg	10	-1.0,-1.0,-1.0,1.0,-1.0,1.0,-1.0,-1.0,-1.0,1.0,1.0,1.0	-0.4227395,-3.4305916,-8.411773,2.9114816,-9.702413,3.1692357,-0.8123818,-0.071581945,-5.608569,0.7923992,1.5375613,3.1332672
../data/train_data_mmini/10/Train_0047.jpg	10	-1.0,-1.0,-1.0,-1.0,-1.0,1.0,1.0,-1.0,-1.0,-1.0,1.0,1.0	-6.58865,-4.930342,-12.493268,-4.142771,-16.968618,3.1365368,0.7366234,-5.0732303,-9.2785635,-0.26172695,5.8576946,3.1834455
../data/train_data_mmini/10/Train_0048.jpg	10	-1.0,-1.0,-1.0,-1.0,-1.0,1.0,1.0,-1.0,-1.0,1.0,1.0,1.0	-1.2200041,-4.73645,-12.843672,-6.790272,-14.348566,6.7972627,3.5220842,-12.247152,-5.648145,0.73420376,2.1779895,4.855071
../data/train_data_mmini/10/Train_0049.jpg	10	-1.0,-1.0,-1.0,-1.0,-1.0,1.0,1.0,-1.0,-1.0,-1.0,1.0,1.0	-5.379909,-3.9631522,-10.202371,-1.3860133,-14.198566,2.2640278,0.58248955,-3.48286,-7.411885,-0.2924284,4.625056,2.3283844
