../data/train_data_mmini/1/Train_0000.jpg	1	1.0,-1.0,1.0,1.0,-1.0,-1.0,-1.0,1.0,-1.0,1.0,-1.0,1.0	1.5554783,-0.21183045,0.25277168,0.8228379,-1.1672764,-2.182408,-0.46849263,2.2620888,-1.4199944,0.65006495,-0.11141938,1.8536041
../data/train_data_mmini/1/Train_0001.jpg	1	-1.0,-1.0,1.0,-1.0,-1.0,-1.0,-1.0,1.0,-1.0,-1.0,-1.0,1.0	-0.19967212,-0.09366744,1.3881844,-1.8393215,-0.98829275,-1.4152788,-3.9537332,0.04810003,-2.4407663,-0.21014246,-0.8672616,0.78830785
../data/train_data_mmini/1/Train_0002.jpg	1	-1.0,1.0,1.0,1.0,-1.0,-1.0,-1.0,1.0,1.0,1.0,-1.0,1.0	-2.1317887,2.8442762,3.39897,0.033473242,-2.0915928,-0.47584295,-1.357604,2.7249477,1.0391706,3.48829,-0.5289205,1.4730905
../data/train_data_mmini/1/Train_0003.jpg	1	1.0,-1.0,-1.0,1.0,1.0,-1.0,-1.0,-1.0,-1.0,1.0,1.0,1.0	2.638345,-0.0017762017,-1.3547214,0.30921242,1.4938824,-5.1127887,-0.1497955,-0.15897559,-1.5213119,0.118657954,0.5240946,0.7094346
../data/train_data_mmini/1/Train_0004.jpg	1	1.0,1.0,-1.0,-1.0,-1.0,-1.0,-1.0,1.0,-1.0,-1.0,1.0,1.0	0.66500187,0.5663091,-0.6950012,-0.8025,-3.5627747,-0.46106568,-0.67924184,1.0185989,-2.3798716,-1.1770232,0.3107655,1.7730823
../data/train_data_mmini/2/Train_0005.jpg	2	1.0,1.0,1.0,-1.0,-1.0,1.0,1.0,-1.0,1.0,-1.0,-1.0,-1.0	0.73917705,0.6708652,0.94293636,-2.345579,-0.39931524,0.7480647,0.15342954,-0.16731098,2.8186445,-0.5793013,-0.84299326,-0.44192943
../data/train_data_mmini/2/Train_0006.jpg	2	1.0,1.0,-1.0,-1.0,1.0,-1.0,1.0,1.0,1.0,1.0,-1.0,-1.0	0.7254524,3.1816242,-2.3323221,-0.21997918,1.3158733,-0.8297712,2.1861541,1.337361,1.383159,0.8490979,-1.6039634,-0.8916449
../data/train_data_mmini/2/Train_0007.jpg	2	1.0,-1.0,-1.0,1.0,-1.0,-1.0,1.0,1.0,-1.0,1.0,1.0,1.0	1.3349237,-2.4922595,-0.7829388,2.3953798,-1.5259116,-1.3270167,1.1667253,2.1861105,-3.0531807,0.09600734,0.25094175,1.4038239
../data/train_data_mmini/2/Train_0008.jpg	2	1.0,1.0,1.0,-1.0,-1.0,1.0,1.0,1.0,1.0,1.0,-1.0,1.0	0.28163996,0.3562752,0.39817238,-1.6288953,-4.733472,2.2654665,0.09369771,2.3533359,0.010067761,0.57001853,-0.4137977,0.26594296
../data/train_data_mmini/2/Train_0009.jpg	2	1.0,-1.0,-1.0,1.0,1.0,1.0,1.0,-1.0,1.0,-1.0,-1.0,1.0	0.2218514,-0.3636926,-0.48019624,1.1862234,1.2639028,1.0329204,0.18969263,-0.115306385,3.1228704,-0.1615802,-0.020532921,1.2904501
../data/train_data_mmini/3/Train_0010.jpg	3	-1.0,1.0,-1.0,-1.0,-1.0,1.0,1.0,-1.0,1.0,-1.0,1.0,-1.0	-1.0876793,0.29246846,-2.135197,-1.8158991,-1.7549901,1.3509791,0.0254504,-1.3461548,0.8905729,-3.519921,0.49549085,-0.22578835
../data/train_data_mmini/3/Train_0011.jpg	3	-1.0,1.0,1.0,-1.0,-1.0,1.0,-1.0,1.0,1.0,1.0,-1.0,1.0	-5.149014,2.3795192,2.3537753,-0.49830937,-3.590706,1.2249758,-1.5982009,1.7266929,0.69487464,1.9981285,-2.30679,3.672093
../data/train_data_mmini/3/Train_0012.jpg	3	-1.0,1.0,1.0,1.0,1.0,-1.0,-1.0,1.0,1.0,1.0,-1.0,1.0	-0.716219,3.3354516,2.8223705,0.1357573,0.008015567,-0.78375995,-4.841604,0.0068287095,0.15200292,1.3657804,-2.740054,4.01858
../data/train_data_mmini/3/Train_0013.jpg	3	1.0,1.0,1.0,-1.0,-1.0,1.0,-1.0,1.0,1.0,1.0,-1.0,-1.0	0.25691077,3.2596426,0.9078406,-2.2201982,-1.4638339,1.2662652,-0.6244752,1.8654007,2.8734453,0.3627179,-1.1192021,-0.97482127
../data/train_data_mmini/3/Train_0014.jpg	3	-1.0,1.0,-1.0,-1.0,-1.0,1.0,1.0,-1.0,1.0,-1.0,-1.0,-1.0	-1.9498503,0.46361744,-1.0549265,-3.0753553,-2.573376,1.5813329,1.7418747,-0.16905257,1.9978611,-0.45836347,-1.4613938,-0.9368249
../data/train_data_mmini/4/Train_0015.jpg	4	1.0,1.0,1.0,1.0,-1.0,1.0,-1.0,1.0,1.0,1.0,-1.0,1.0	1.645456,1.1013577,1.6942657,0.35532266,-2.489304,0.23555769,-0.613607,1.8500009,0.76443297,2.2447553,-4.340746,2.5376244
../data/train_data_mmini/4/Train_0016.jpg	4	-1.0,-1.0,1.0,-1.0,1.0,-1.0,-1.0,-1.0,1.0,1.0,-1.0,-1.0	-0.30627954,-0.54654765,2.1324646,-1.6984513,0.113966644,-1.2439871,-1.9606977,-0.8778529,2.6297443,2.3420756,-0.14847006,-0.82241267
../data/train_data_mmini/4/Train_0017.jpg	4	-1.0,1.0,1.0,-1.0,1.0,-1.0,-1.0,1.0,1.0,1.0,-1.0,1.0	-1.1120762,2.9785013,1.541601,-1.2887584,0.7735005,-0.2667583,-1.6814775,0.8668539,3.7490602,2.488051,-3.190301,0.84150195
../data/train_data_mmini/4/Train_0018.jpg	4	1.0,-1.0,1.0,-1.0,-1.0,1.0,1.0,1.0,1.0,-1.0,-1.0,-1.0	0.656612,-1.9284735,0.45649436,-3.0360682,-1.6969495,1.4140337,0.84838414,0.46561307,2.6704874,-0.95365024,-0.25545645,-0.54164547
../data/train_data_mmini/4/Train_0019.jpg	4	-1.0,1.0,-1.0,-1.0,-1.0,1.0,1.0,1.0,-1.0,1.0,-1.0,-1.0	-1.7171898,5.1244364,-0.64884603,-0.23943007,-0.31759894,0.61213714,1.1415129,0.009204767,-0.78369844,1.8363905,-1.7462434,-1.0273148
../data/train_data_mmini/5/Train_0020.jpg	5	1.0,-1.0,1.0,-1.0,-1.0,-1.0,-1.0,-1.0,-1.0,1.0,1.0,-1.0	1.3993286,-0.38098022,0.66209656,-1.1964842,-0.5360235,-3.0280585,-1.3135008,-0.300502,-3.0379138,0.7619061,1.3380244,-1.2309659
../data/train_data_mmini/5/Train_0021.jpg	5	1.0,1.0,-1.0,-1.0,-1.0,-1.0,1.0,1.0,1.0,1.0,-1.0,1.0	1.6283869,1.6087875,-1.1546514,-2.0226858,-2.3714955,-1.3580127,2.7042649,2.1922798,1.6904043,0.46930254,-2.5152874,0.7325737
../data/train_data_mmini/5/Train_0022.jpg	5	1.0,1.0,-1.0,1.0,-1.0,1.0,1.0,1.0,-1.0,1.0,-1.0,-1.0	0.862218,0.50571,-0.8403914,1.7137946,-1.0492681,0.46137384,0.6511095,1.1954381,-2.8120623,0.16919775,-0.13692349,-0.37809452
../data/train_data_mmini/5/Train_0023.jpg	5	1.0,-1.0,-1.0,1.0,1.0,-1.0,1.0,1.0,-1.0,-1.0,1.0,1.0	2.8220708,-0.8909677,-1.5605937,0.25211215,0.0072372276,-3.8264253,0.28392348,0.58453983,-2.4275208,-0.75372064,0.9804349,0.3032544
../data/train_data_mmini/5/Train_0024.jpg	5	1.0,1.0,1.0,1.0,-1.0,-1.0,1.0,1.0,1.0,-1.0,-1.0,1.0	1.1715655,1.0546939,0.40358767,1.5838076,-1.0995361,-1.142555,0.6158605,1.6709781,1.4761698,-1.0856873,-0.6571273,3.2460616
../data/train_data_mmini/6/Train_0025.jpg	6	-1.0,1.0,1.0,1.0,1.0,-1.0,1.0,-1.0,1.0,1.0,-1.0,1.0	-3.046539,4.0640826,0.27924195,2.4031546,1.5511342,-0.32400167,1.0945454,-2.2585957,2.9973361,0.5853699,-1.8402184,1.2528368
../data/train_data_mmini/6/Train_0026.jpg	6	-1.0,-1.0,-1.0,1.0,-1.0,-1.0,1.0,-1.0,1.0,-1.0,-1.0,1.0	-2.1845713,-0.619836,-0.03630151,0.18762542,-0.93755764,-0.2038793,0.57957524,-1.9639211,0.15887327,-0.8835611,-0.53691,1.5986539
../data/train_data_mmini/6/Train_0027.jpg	6	-1.0,1.0,-1.0,-1.0,-1.0,1.0,-1.0,-1.0,1.0,-1.0,-1.0,1.0	-3.815651,0.40713814,-0.34226593,-0.1439117,-0.6017363,1.7613361,-1.7906781,-2.8787904,2.0919785,-0.48015723,-1.5973442,1.3720369
../data/train_data_mmini/6/Train_0028.jpg	6	-1.0,1.0,1.0,-1.0,-1.0,1.0,1.0,1.0,1.0,1.0,1.0,1.0	-4.1142807,1.0060015,1.1258957,-0.006263665,-3.844609,1.4534858,1.0555453,2.1134136,1.2798334,1.1198275,0.0615142,0.8876479
../data/train_data_mmini/6/Train_0029.jpg	6	1.0,1.0,-1.0,1.0,1.0,1.0,-1.0,1.0,1.0,-1.0,-1.0,1.0	0.79113704,3.2516274,-0.3519828,0.9022477,1.7498899,1.1457392,-1.1078047,0.27717048,5.3740582,-0.31423506,-0.52537525,1.3603851
../data/train_data_mmini/7/Train_0030.jpg	7	1.0,1.0,1.0,1.0,1.0,-1.0,-1.0,1.0,1.0,1.0,-1.0,1.0	0.6720019,0.45556003,1.1782489,1.9706278,2.7860513,-1.1077242,-0.45476273,0.24664786,1.7357093,2.484786,-1.8421143,0.8530877
../data/train_data_mmini/7/Train_0031.jpg	7	1.0,1.0,1.0,-1.0,-1.0,1.0,-1.0,1.0,1.0,-1.0,1.0,-1.0	0.92030746,1.1734114,1.3017992,-1.5408238,-0.28117263,0.49401507,-0.45075056,0.010320702,4.2809205,-0.6957367,0.7452251,-0.87117505
../data/train_data_mmini/7/Train_0032.jpg	7	-1.0,1.0,1.0,-1.0,-1.0,1.0,-1.0,-1.0,1.0,1.0,-1.0,1.0	-4.01943,2.1446512,1.8360208,-3.8916457,-3.6051757,2.9297745,-1.4563657,-1.5391041,3.5309954,0.3495868,-3.1002336,1.7390094
../data/train_data_mmini/7/Train_0033.jpg	7	-1.0,1.0,-1.0,1.0,1.0,1.0,-1.0,-1.0,1.0,-1.0,1.0,1.0	-1.0308939,0.24014775,-0.52640676,1.1353508,1.3665489,0.08185543,-0.096876584,-0.47032934,1.8368145,-1.0680951,1.0554564,1.6433284
../data/train_data_mmini/7/Train_0034.jpg	7	-1.0,1.0,-1.0,-1.0,-1.0,1.0,1.0,-1.0,1.0,-1.0,-1.0,1.0	-5.850118,2.831174,-0.9211987,-1.3289373,-4.5212207,1.8651577,1.7708387,-0.7817176,1.8702828,-2.156495,-1.6818299,2.2349963
../data/train_data_mmini/8/Train_0035.jpg	8	1.0,1.0,-1.0,1.0,1.0,1.0,1.0,1.0,1.0,-1.0,-1.0,1.0	0.56495917,0.6657698,-0.35014677,1.2661841,0.2607534,3.1129134,0.38413292,1.9689455,3.5730586,-1.3012171,-2.2629397,1.2426993
../data/train_data_mmini/8/Train_0036.jpg	8	-1.0,1.0,1.0,1.0,1.0,1.0,1.0,1.0,1.0,1.0,-1.0,1.0	-0.75712574,0.9307259,1.3095039,2.4278846,1.0734823,1.7970147,1.3078355,0.6891881,5.323982,0.13583355,-0.26500365,0.24393073
../data/train_data_mmini/8/Train_0037.jpg	8	-1.0,1.0,1.0,1.0,-1.0,1.0,1.0,1.0,1.0,1.0,-1.0,1.0	-2.6078668,0.486765,1.1640519,0.20233263,-0.356637,0.74935824,0.1523667,0.41306844,5.478465,0.11367815,-2.1646905,2.8331866
../data/train_data_mmini/8/Train_0038.jpg	8	1.0,1.0,1.0,1.0,-1.0,1.0,-1.0,-1.0,1.0,-1.0,-1.0,1.0	0.1969014,1.9594175,1.1956826,0.42201534,-1.3652612,1.4337807,-1.2192065,-0.17904265,2.33322,-0.2019574,-1.2840897,0.35256234
../data/train_data_mmini/8/Train_0039.jpg	8	-1.0,1.0,1.0,1.0,1.0,1.0,-1.0,1.0,1.0,-1.0,-1.0,1.0	-1.122799,1.925024,0.04111651,2.5762055,1.0771142,3.9097047,-1.0864981,3.0661552,5.200255,-0.9871939,-1.9350872,3.0498283
../data/train_data_mmini/9/Train_0040.jpg	9	1.0,1.0,1.0,1.0,-1.0,-1.0,1.0,1.0,1.0,1.0,-1.0,1.0	0.5198077,1.0428797,0.23872668,0.68230146,-1.7192031,-0.33789545,0.50722224,2.8309195,0.07165833,1.5157486,-3.167641,2.572369
../data/train_data_mmini/9/Train_0041.jpg	9	-1.0,1.0,1.0,-1.0,-1.0,1.0,-1.0,1.0,1.0,-1.0,1.0,-1.0	-3.0978503,0.83847064,1.1245548,-1.8144221,-0.7017328,1.04488,-2.045961,0.36093515,0.46609595,-0.6487369,1.3367487,-0.32302275
../data/train_data_mmini/9/Train_0042.jpg	9	1.0,1.0,1.0,-1.0,-1.0,-1.0,-1.0,1.0,1.0,1.0,-1.0,1.0	0.9058926,1.6598171,1.5861558,-1.6964401,-3.4717262,-0.2782869,-1.2600155,2.7522798,1.3069947,0.9235791,-3.1106842,2.785134
../data/train_data_mmini/9/Train_0043.jpg	9	1.0,-1.0,-1.0,1.0,-1.0,1.0,1.0,1.0,1.0,1.0,-1.0,-1.0	1.309751,-0.46328184,-1.0912143,0.6706394,-0.96109927,1.8541756,1.9763037,2.3782735,0.39482957,1.4085083,-2.4769223,-0.63502073
../data/train_data_mmini/9/Train_0044.jpg	9	1.0,1.0,-1.0,1.0,1.0,-1.0,-1.0,1.0,1.0,1.0,-1.0,1.0	0.5839517,3.8090088,-0.04190561,0.88404864,1.6128318,-0.24616101,-2.1408534,0.6147592,2.3758729,1.3581684,-2.6855474,1.7748204
../data/train_data_mmini/10/Train_0045.jpg	10	-1.0,1.0,-1.0,1.0,-1.0,1.0,-1.0,-1.0,1.0,-1.0,-1.0,1.0	-3.848575,3.0486565,-0.5179736,2.0340712,-0.31768924,4.745202,-0.12499495,-0.4440863,6.9001937,-2.2367275,-1.9238615,2.707855
../data/train_data_mmini/10/Train_0046.jpg	10	-1.0,1.0,-1.0,-1.0,-1.0,1.0,-1.0,1.0,1.0,1.0,-1.0,1.0	-2.740058,2.770365,-0.2291503,-0.94011843,-0.45262372,1.4364216,-1.9765888,0.292358,4.554406,0.9032492,-3.6598635,2.8786652
../data/train_data_mmini/10/Train_0047.jpg	10	-1.0,1.0,-1.0,-1.0,-1.0,1.0,1.0,1.0,1.0,-1.0,-1.0,1.0	-2.3345947,3.9924433,-0.18245998,-0.06158131,-1.5773515,2.6349573,1.7652222,0.511761,7.131526,-1.5872167,-2.1024928,1.1767952
../data/train_data_mmini/10/Train_0048.jpg	10	-1.0,1.0,1.0,1.0,1.0,1.0,-1.0,-1.0,1.0,-1.0,-1.0,1.0	-1.95817,4.6555686,0.6189662,1.6253203,0.21354659,4.093184,-1.0644265,-1.0765345,3.8241444,-0.65366197,-2.5055428,1.9135793
../data/train_data_mmini/10/Train_0049.jpg	10	-1.0,1.0,-1.0,1.0,-1.0,1.0,1.0,1.0,1.0,-1.0,-1.0,1.0	-2.4102626,2.2231238,-0.28429636,2.036229,-0.18386434,3.477481,0.22331376,1.340541,4.925234,-0.76981366,-3.402178,3.0535982
