../data/train_data_mmini/1/Train_0000.jpg	1	-1.0,-1.0,-1.0,-1.0,-1.0,1.0,1.0,-1.0,-1.0,-1.0,1.0,1.0,1.0,1.0,-1.0,-1.0,-1.0,1.0,1.0,-1.0,-1.0,1.0,-1.0,1.0	-0.6858051,-3.2339356,-0.010049643,-1.3828337,-0.71602607,0.084760405,3.3303254,-2.2205207,-0.70922387,-0.027990937,0.6483119,1.6310123,0.51554304,3.1233668,-0.53274786,-0.84537333,-2.4281707,7.279532,1.665181,-2.6763642,-0.07142458,2.2592719,-1.8044128,0.66400117
../data/train_data_mmini/1/Train_0001.jpg	1	-1.0,-1.0,1.0,1.0,-1.0,-1.0,1.0,-1.0,-1.0,1.0,1.0,-1.0,1.0,1.0,1.0,-1.0,-1.0,1.0,1.0,-1.0,-1.0,1.0,-1.0,1.0	-2.025511,-4.3572483,2.9637568,3.558161,-0.16466126,-2.2625937,0.8484495,-0.1491492,-3.7901275,1.8215396,1.0694854,-4.107486,2.5130682,3.857372,2.3815124,-0.2926238,-2.7298834,5.3577223,2.329343,-2.5874386,-1.1662654,1.2516811,-0.97743464,1.9949111
../data/train_data_mmini/1/Train_0002.jpg	1	-1.0,-1.0,1.0,1.0,-1.0,1.0,1.0,1.0,1.0,1.0,1.0,1.0,-1.0,1.0,1.0,1.0,-1.0,1.0,1.0,-1.0,-1.0,1.0,1.0,1.0	-1.122147,-0.0019704,3.045524,1.0564991,-0.42959723,0.05766538,2.1736696,1.6987239,2.613371,1.4636619,1.2905222,3.028071,-0.44780695,2.420893,2.3228586,1.4708475,-0.9699547,3.8042607,5.4609823,-3.4234283,-2.9797246,1.8294126,0.833461,5.067972
../data/train_data_mmini/1/Train_0003.jpg	1	-1.0,-1.0,-1.0,1.0,-1.0,1.0,1.0,-1.0,-1.0,-1.0,1.0,-1.0,1.0,1.0,1.0,-1.0,-1.0,1.0,-1.0,-1.0,1.0,1.0,-1.0,-1.0	-0.2931769,-2.04304,-1.2203038,2.5160913,-0.39861736,0.28657222,2.8401735,-3.3959355,-2.142744,-0.5397386,1.3981977,-0.26198137,3.818322,5.9976516,0.7946818,-1.4304109,-1.001139,8.62185,-1.1749405,-1.8265349,0.24294147,2.2895348,-3.3940918,-2.0489786
../data/train_data_mmini/1/Train_0004.jpg	1	1.0,-1.0,1.0,-1.0,1.0,1.0,1.0,-1.0,-1.0,-1.0,-1.0,-1.0,-1.0,1.0,-1.0,-1.0,-1.0,1.0,1.0,-1.0,-1.0,1.0,-1.0,1.0	1.3368926,-2.9172316,1.0468099,-0.80875236,0.3682531,0.67488724,2.3654077,-3.6331553,-3.4707818,-0.29172096,-0.6962437,-1.5370115,-0.5371722,1.9433305,-2.7986474,-1.7183493,-2.3024414,5.657838,0.9412256,-3.1858249,-0.099245615,1.944653,-2.534607,0.8310472
../data/train_data_mmini/2/Train_0005.jpg	2	1.0,1.0,-1.0,1.0,-1.0,-1.0,1.0,1.0,-1.0,-1.0,1.0,-1.0,-1.0,1.0,1.0,1.0,-1.0,1.0,1.0,-1.0,1.0,1.0,-1.0,-1.0	0.8314072,1.8798747,-0.36316407,2.938399,-1.8326567,-0.5600319,0.14983776,1.4857489,-1.5209761,-1.6211444,0.2777732,-4.7393885,-1.0430136,0.035886724,1.6307108,0.106847264,-0.6308621,2.2694564,1.0324382,-2.8223453,0.09541973,2.3653195,-0.15238747,-0.35145384
../data/train_data_mmini/2/Train_0006.jpg	2	1.0,1.0,1.0,-1.0,-1.0,-1.0,1.0,-1.0,1.0,-1.0,-1.0,-1.0,-1.0,1.0,1.0,1.0,1.0,1.0,1.0,1.0,1.0,-1.0,-1.0,-1.0	0.03460277,2.6877613,3.6551652,-0.10987699,-1.8250009,-0.7996128,4.3181815,-1.1714734,0.32348773,-3.177071,-1.4309318,-2.0897949,-2.957802,0.41023237,2.1777556,0.07769982,2.903476,1.2172818,1.10741,0.25615975,2.782161,-2.681447,-2.6972485,-2.2587838
../data/train_data_mmini/2/Train_0007.jpg	2	-1.0,-1.0,-1.0,-1.0,-1.0,1.0,1.0,-1.0,-1.0,1.0,1.0,1.0,1.0,1.0,-1.0,1.0,-1.0,1.0,1.0,-1.0,-1.0,1.0,-1.0,-1.0	-1.7528411,-4.401219,-1.3198601,-4.7200723,-2.4447322,0.7911767,1.3168554,-4.3619437,-2.7279205,1.0967631,0.41481355,0.050786793,2.3578036,2.9028542,-3.1540203,1.1306578,-5.325564,8.799186,0.18057442,-1.0842652,-2.55708,2.5635507,-2.4315395,-3.1821766
../data/train_data_mmini/2/Train_0008.jpg	2	-1.0,-1.0,1.0,1.0,1.0,-1.0,1.0,-1.0,-1.0,1.0,-1.0,-1.0,-1.0,-1.0,1.0,1.0,-1.0,1.0,1.0,-1.0,-1.0,1.0,1.0,-1.0	-0.72493976,-5.339538,0.74974,1.1993332,2.4058104,-0.2883956,0.9810347,-4.099922,-1.6808345,0.5694691,-1.3180844,-0.77618086,-1.4822698,-0.4798298,1.9124713,1.6190244,-3.9992278,4.3310885,2.4759197,-0.8064057,-3.2724273,2.7847443,1.1972945,-0.7320767
../data/train_data_mmini/2/Train_0009.jpg	2	1.0,-1.0,-1.0,-1.0,-1.0,1.0,1.0,1.0,-1.0,1.0,1.0,1.0,1.0,1.0,-1.0,1.0,-1.0,1.0,-1.0,1.0,-1.0,1.0,-1.0,-1.0	0.97579503,-0.60632795,-2.164829,-2.5619273,-1.5680761,0.3178597,0.8072149,0.43547723,-1.2095475,0.54474944,0.35814336,1.2542284,2.665222,3.766804,-2.7128983,2.79628,-1.5837065,4.859376,-0.92327213,0.08864391,-1.1959802,1.5602193,-2.6118407,-4.2705193
../data/train_data_mmini/3/Train_0010.jpg	3	1.0,-1.0,1.0,1.0,-1.0,-1.0,1.0,1.0,-1.0,-1.0,-1.0,-1.0,-1.0,1.0,-1.0,1.0,-1.0,1.0,1.0,1.0,-1.0,1.0,-1.0,1.0	2.9779937,-3.7426095,3.618445,2.4780598,-1.5609024,-0.551513,1.2695075,0.29912353,-0.6453358,-0.7281411,-1.6004498,-4.968064,-0.4240755,2.6974983,-0.19357818,0.09034305,-0.8992654,2.6420107,0.6487674,0.018468149,-0.13757323,1.6430728,-1.806822,1.4875954
../data/train_data_mmini/3/Train_0011.jpg	3	-1.0,-1.0,1.0,-1.0,-1.0,-1.0,1.0,-1.0,1.0,1.0,-1.0,1.0,1.0,1.0,1.0,1.0,1.0,1.0,1.0,1.0,-1.0,-1.0,1.0,1.0	-2.6482635,-1.9160926,1.2079172,-0.09580379,-2.9508908,-0.992221,0.40119445,-1.4030505,0.39838377,3.067367,-0.6880092,2.9129186,0.933544,0.15849884,2.779218,2.4468725,0.26830152,0.62223905,3.2254097,2.6587527,-1.7135755,-0.54180866,2.6880918,3.8593974
../data/train_data_mmini/3/Train_0012.jpg	3	-1.0,-1.0,-1.0,1.0,1.0,-1.0,-1.0,1.0,-1.0,1.0,1.0,-1.0,1.0,1.0,1.0,-1.0,1.0,1.0,1.0,1.0,-1.0,-1.0,1.0,-1.0	-2.4034245,-0.5280657,-1.6456319,0.121066965,1.0880488,-3.13626,-1.2521883,0.21978848,-0.7611457,3.060754,1.1793351,-0.6573314,2.2098906,1.1278268,2.5539951,-0.7784218,0.6519494,2.2639644,0.090401694,1.8211689,-1.6855637,-0.6268121,0.3414544,-0.28292778
../data/train_data_mmini/3/Train_0013.jpg	3	1.0,-1.0,1.0,1.0,1.0,-1.0,1.0,-1.0,1.0,1.0,1.0,-1.0,1.0,-1.0,1.0,-1.0,1.0,-1.0,1.0,-1.0,-1.0,1.0,1.0,1.0	0.22986872,-0.29316774,2.7498786,1.8627889,2.983543,-1.395035,1.4259198,-0.12893762,0.012666618,0.3998917,0.16888498,-2.7798684,0.055425406,-0.4492997,1.3315153,-0.9804526,0.3482355,-0.006839105,2.6293042,-2.806741,-0.08896787,0.5328594,0.18857536,1.507865
../data/train_data_mmini/3/Train_0014.jpg	3	1.0,1.0,1.0,1.0,-1.0,1.0,1.0,-1.0,-1.0,-1.0,-1.0,-1.0,-1.0,-1.0,1.0,1.0,-1.0,1.0,-1.0,-1.0,1.0,1.0,-1.0,1.0	2.2674189,1.0139112,2.811655,2.510881,-2.8357055,0.5195495,1.1726714,-1.8635722,-0.53994083,-0.9722721,-0.64732933,-2.8550816,-0.8773144,-0.40642318,2.0050702,1.5577224,-0.8603825,0.649356,-0.41747123,-4.252547,0.89484155,0.98894095,-0.042093065,0.8475641
../data/train_data_mmini/4/Train_0015.jpg	4	-1.0,-1.0,-1.0,-1.0,-1.0,1.0,1.0,-1.0,-1.0,1.0,-1.0,1.0,-1.0,-1.0,1.0,1.0,-1.0,1.0,1.0,1.0,-1.0,1.0,1.0,-1.0	-0.34162372,-1.2405367,-0.39041555,-0.38247687,-1.637789,0.21836063,0.7469104,-2.4572475,-0.07625187,0.38634005,-0.0955276,1.056964,-1.0697975,-1.8215879,1.1534542,1.0838066,-3.694745,4.412805,1.5796014,2.4071927,-3.0664907,1.4808154,1.2977573,-1.4418558
../data/train_data_mmini/4/Train_0016.jpg	4	1.0,1.0,1.0,1.0,-1.0,1.0,-1.0,1.0,1.0,1.0,1.0,1.0,1.0,1.0,1.0,1.0,-1.0,1.0,1.0,-1.0,-1.0,1.0,-1.0,1.0	0.5125008,0.54287666,1.2783364,4.6484246,-1.4053282,0.75881636,-1.3858593,0.7603491,0.05982547,1.6720514,1.5733922,0.18204461,0.6653279,2.5385926,2.0188718,0.7274805,-0.7144456,2.7696412,1.1767426,-3.5179713,-2.1856456,1.2572341,-0.53617716,4.9740157
../data/train_data_mmini/4/Train_0017.jpg	4	-1.0,1.0,1.0,-1.0,-1.0,-1.0,1.0,-1.0,1.0,1.0,-1.0,1.0,-1.0,-1.0,1.0,1.0,1.0,1.0,1.0,1.0,-1.0,-1.0,-1.0,-1.0	-1.7294722,4.2889233,1.8897538,-0.8982644,-3.1295006,-2.033036,0.8121421,-0.9024112,0.5821758,0.46122888,-0.3547173,0.16886465,-0.9399534,-1.7977101,3.6327002,1.3727672,1.3914769,0.8367189,1.144086,1.9512811,-1.231265,-2.7731109,-0.16477129,-0.7342156
../data/train_data_mmini/4/Train_0018.jpg	4	1.0,-1.0,1.0,-1.0,-1.0,1.0,-1.0,-1.0,1.0,1.0,-1.0,-1.0,1.0,-1.0,1.0,-1.0,1.0,1.0,-1.0,-1.0,-1.0,1.0,1.0,1.0	0.5671826,-0.0013596909,0.27175832,-0.0661976,-1.8690771,1.10348,-2.0742354,-1.3454674,0.2661208,1.3724719,-0.98988014,-2.5664244,0.21937203,-0.9742017,0.77014494,-0.024767064,0.35749692,1.5363697,-0.22157636,-0.11908055,-1.6841931,2.1242588,1.0137835,3.1185684
../data/train_data_mmini/4/Train_0019.jpg	4	1.0,1.0,1.0,1.0,-1.0,1.0,1.0,-1.0,-1.0,-1.0,-1.0,-1.0,-1.0,-1.0,1.0,-1.0,1.0,-1.0,1.0,-1.0,1.0,-1.0,-1.0,1.0	1.4444432,5.87487,4.9148626,0.9364506,-1.5532304,0.45722088,3.932213,-0.65628254,-1.3274719,-1.4943869,-0.0635583,-4.4015126,-3.643582,-1.2849746,0.97128296,-0.43412247,1.5896881,-0.48699236,3.684552,-2.6215518,0.8272727,-2.326312,-4.2296567,0.6374153
../data/train_data_mmini/5/Train_0020.jpg	5	-1.0,-1.0,1.0,1.0,1.0,-1.0,1.0,-1.0,-1.0,1.0,1.0,-1.0,1.0,1.0,1.0,-1.0,-1.0,1.0,-1.0,-1.0,-1.0,1.0,-1.0,-1.0	-1.3552939,-0.12156748,0.14537942,3.0757284,0.36555994,-0.21147949,0.3115855,-2.3398411,-3.9574168,0.714274,2.1297305,-3.7308419,2.2527628,3.1736197,0.9162855,-0.28903005,-3.2284238,8.35519,-0.6648175,-9.416478,-1.6222042,3.321717,-3.8746634,-0.40548328
../data/train_data_mmini/5/Train_0021.jpg	5	-1.0,-1.0,-1.0,1.0,1.0,1.0,1.0,-1.0,-1.0,-1.0,1.0,1.0,1.0,1.0,1.0,-1.0,-1.0,1.0,1.0,-1.0,1.0,1.0,1.0,-1.0	-0.98249793,-0.91001016,-0.15851274,0.96369547,0.19073316,2.2313166,3.6127682,-6.7211647,-0.74137807,-2.6806667,1.3198016,0.7656333,0.55586123,0.98084927,0.77762485,-0.9714146,-1.3650632,4.28526,0.10084395,-1.2775925,1.5280522,2.1416628,0.8115078,-1.1751112
../data/train_data_mmini/5/Train_0022.jpg	5	-1.0,-1.0,1.0,-1.0,-1.0,1.0,1.0,-1.0,-1.0,-1.0,-1.0,-1.0,1.0,1.0,-1.0,1.0,-1.0,1.0,-1.0,-1.0,-1.0,1.0,-1.0,-1.0	-1.1112715,-2.8897538,2.0665572,-2.6824517,-2.372286,0.25221175,2.4284787,-3.1301394,-3.678687,-1.3874538,-0.91880924,-1.7348101,1.499896,0.2383334,-2.7743337,2.510106,-4.478187,8.014251,-1.0965856,-1.0861461,-0.4763136,1.9445449,-1.3223265,-7.280135
../data/train_data_mmini/5/Train_0023.jpg	5	-1.0,-1.0,-1.0,1.0,-1.0,1.0,1.0,-1.0,-1.0,-1.0,1.0,-1.0,1.0,1.0,-1.0,-1.0,-1.0,1.0,-1.0,-1.0,1.0,1.0,-1.0,-1.0	-0.94728357,-1.5792795,-1.0775969,0.90548605,-1.2093188,1.0609168,2.0227292,-3.0299592,-3.2981088,-1.262815,2.351642,-2.492257,3.6043315,5.0219994,-1.195243,-1.524253,-2.5182464,8.662808,-1.3826783,-4.866667,0.4809445,3.0672252,-2.7673066,-1.8031582
../data/train_data_mmini/5/Train_0024.jpg	5	-1.0,-1.0,-1.0,-1.0,-1.0,-1.0,1.0,-1.0,-1.0,1.0,1.0,-1.0,1.0,1.0,-1.0,-1.0,-1.0,1.0,1.0,-1.0,-1.0,1.0,-1.0,-1.0	-0.33901572,-3.4897134,-3.1745098,-3.2914221,-0.3933246,-0.15905431,0.6762859,-1.7420259,-1.5212737,0.6339044,0.41474694,-0.3268241,1.0609645,2.7821364,-2.655415,-0.7015275,-2.8246882,5.7207556,1.1793815,-0.15061882,-0.7539121,3.0647297,-0.3262744,-1.4733313
../data/train_data_mmini/6/Train_0025.jpg	6	1.0,1.0,1.0,1.0,-1.0,1.0,1.0,1.0,1.0,1.0,-1.0,1.0,-1.0,1.0,1.0,1.0,1.0,1.0,-1.0,1.0,1.0,-1.0,-1.0,1.0	4.038211,4.1751127,3.167301,0.6916014,-4.096537,0.5542005,0.38392138,1.8712538,4.9435434,1.1182841,-1.2954004,0.4716179,-1.7653698,0.4225761,2.9576924,0.062617265,2.3297281,4.110318,-0.9635182,0.5197973,0.27096763,-1.6621029,-3.4534535,1.8092809
../data/train_data_mmini/6/Train_0026.jpg	6	1.0,1.0,1.0,1.0,-1.0,-1.0,-1.0,-1.0,-1.0,1.0,-1.0,-1.0,1.0,1.0,1.0,1.0,-1.0,1.0,-1.0,1.0,-1.0,1.0,-1.0,-1.0	2.7193067,0.7609336,4.2213883,0.43073374,-4.541647,-0.6794103,-1.231199,-2.7726586,-3.4830172,2.4225457,-3.6301582,-3.437168,2.502659,1.1425563,2.083432,0.92933685,-0.07255371,6.651174,-1.2422073,3.33044,-2.4071953,1.2541459,-5.3345103,-0.011223043
../data/train_data_mmini/6/Train_0027.jpg	6	1.0,-1.0,1.0,1.0,-1.0,1.0,-1.0,-1.0,1.0,1.0,-1.0,-1.0,-1.0,1.0,-1.0,1.0,-1.0,1.0,-1.0,1.0,-1.0,-1.0,-1.0,1.0	2.2379196,-2.1310544,3.9850972,3.0690095,-3.2258463,0.020874185,-1.1669178,-0.29952073,1.8265089,1.4703732,-1.0732356,-1.8526671,-1.4778229,0.9799906,-0.3858676,0.5391287,-0.14269195,1.0775291,-1.570383,1.905265,-0.34096715,-0.65268946,-2.3132455,1.9662632
../data/train_data_mmini/6/Train_0028.jpg	6	-1.0,-1.0,1.0,-1.0,-1.0,1.0,-1.0,-1.0,1.0,1.0,-1.0,1.0,-1.0,-1.0,-1.0,1.0,-1.0,1.0,1.0,-1.0,-1.0,1.0,1.0,1.0	-0.83462626,-2.30072,2.7097585,-2.1110957,-1.860129,0.16517329,-1.216118,-3.7385151,0.08835795,2.9439385,-1.2325413,1.5664289,-0.60851854,-0.8802805,-0.52441406,2.595576,-1.5301267,1.2545867,1.6649749,-1.3611431,-1.841057,0.91672754,0.052366916,3.8489144
../data/train_data_mmini/6/Train_0029.jpg	6	1.0,1.0,1.0,1.0,1.0,1.0,1.0,1.0,1.0,-1.0,1.0,-1.0,-1.0,1.0,-1.0,-1.0,1.0,1.0,1.0,1.0,-1.0,1.0,-1.0,-1.0	4.5855656,1.8003948,0.7592112,0.403207,3.7452924,2.0246403,1.9054959,1.4426175,2.3525176,-0.59492,0.5113604,-0.4610971,-0.64753854,3.6614912,-2.6767547,-1.2690388,2.244818,1.6815038,0.41962275,1.2255695,-0.5761259,0.7574527,-2.6474004,-1.810017
../data/train_data_mmini/7/Train_0030.jpg	7	-1.0,1.0,-1.0,-1.0,-1.0,1.0,1.0,1.0,1.0,-1.0,1.0,1.0,1.0,1.0,1.0,1.0,-1.0,1.0,-1.0,-1.0,-1.0,-1.0,-1.0,-1.0	-0.059030008,3.950589,-0.6908272,-0.6233795,-2.493409,0.4380557,1.1851014,1.4846469,0.018268308,-0.07838842,1.339278,0.048766866,0.9727646,2.0033715,0.58255744,1.0051606,-0.4689819,4.852172,-1.130855,-2.3399067,-1.0894582,-0.51109457,-3.326837,-1.8123704
../data/train_data_mmini/7/Train_0031.jpg	7	1.0,1.0,1.0,1.0,1.0,-1.0,-1.0,-1.0,1.0,1.0,-1.0,1.0,1.0,-1.0,1.0,1.0,1.0,1.0,-1.0,-1.0,-1.0,1.0,-1.0,-1.0	0.0743422,0.7705185,0.09070832,0.6674631,3.1513972,-1.5318371,-2.0747213,-1.6315075,1.1690348,1.8430029,-0.9024745,0.33523864,0.92051035,-0.68494177,1.9116486,0.55655473,0.53783953,4.3068542,-2.210572,-1.8025283,-0.9311473,1.5626007,-2.1909819,-2.5782254
../data/train_data_mmini/7/Train_0032.jpg	7	1.0,-1.0,1.0,1.0,-1.0,1.0,-1.0,-1.0,1.0,1.0,-1.0,-1.0,-1.0,-1.0,1.0,1.0,-1.0,-1.0,-1.0,1.0,-1.0,1.0,1.0,1.0	0.4103212,-1.9037038,2.0043063,2.0971298,-1.1170118,0.40074554,-1.1391807,-1.9379884,0.34592307,0.76332325,-0.7900178,-0.7387478,-0.2800328,-0.016436765,0.51786894,2.1097078,-1.548318,-0.84216577,-1.1781657,1.4396507,-2.7291472,1.6297375,1.1531056,1.0010196
../data/train_data_mmini/7/Train_0033.jpg	7	1.0,-1.0,-1.0,-1.0,-1.0,-1.0,1.0,1.0,-1.0,-1.0,-1.0,-1.0,1.0,1.0,-1.0,1.0,1.0,1.0,1.0,-1.0,1.0,1.0,-1.0,-1.0	1.3771336,-0.74114,-2.2733462,-2.072096,-2.4898286,-1.3619939,1.1371498,0.12420114,-2.7486527,-0.6151769,-0.90854573,-2.714255,1.6439818,3.625785,-1.0909978,0.8182434,0.45211053,3.6434646,0.39207983,-0.70744556,1.4064205,0.4832354,-1.8281229,-3.6859574
../data/train_data_mmini/7/Train_0034.jpg	7	1.0,-1.0,1.0,1.0,-1.0,1.0,-1.0,-1.0,-1.0,1.0,-1.0,-1.0,1.0,1.0,-1.0,1.0,1.0,-1.0,1.0,1.0,1.0,1.0,1.0,1.0	2.1905754,-2.583676,1.5485766,0.83716094,-3.5133219,0.81071687,-0.8007431,-1.0411923,-0.9853674,0.7534379,-0.5748595,-2.5028982,0.22315507,2.4899256,-1.7591213,0.025582694,0.124856286,-1.7195904,1.0690762,1.7658802,0.22630057,0.7219792,0.836213,2.9130375
../data/train_data_mmini/8/Train_0035.jpg	8	1.0,-1.0,-1.0,-1.0,-1.0,-1.0,1.0,1.0,-1.0,-1.0,-1.0,-1.0,1.0,-1.0,-1.0,1.0,-1.0,1.0,-1.0,1.0,1.0,1.0,1.0,-1.0	0.15357798,-1.9452947,-0.8900647,-1.5381958,-1.689803,-1.103336,1.4053715,0.87900186,-1.1506869,-1.8748757,-0.19806676,-1.7242434,0.08917903,-0.19937904,-2.25931,2.0538158,-2.625091,1.7487077,-0.36596924,1.4971144,1.6186942,0.23889816,2.4257488,-4.955085
../data/train_data_mmini/8/Train_0036.jpg	8	1.0,1.0,-1.0,-1.0,-1.0,-1.0,-1.0,1.0,1.0,1.0,-1.0,-1.0,-1.0,-1.0,-1.0,1.0,-1.0,1.0,1.0,1.0,-1.0,1.0,1.0,-1.0	1.8025459,2.4467995,-1.8765126,-4.169114,-3.5599325,-0.9474717,-1.4439731,2.0818903,1.7835757,1.1463295,-1.5238245,-0.38682467,-0.31306636,-1.1880808,-1.5468091,3.7760646,-0.5711427,3.2690468,0.18565792,0.83148384,-0.35255548,1.9771075,1.2906218,-4.277084
../data/train_data_mmini/8/Train_0037.jpg	8	-1.0,-1.0,-1.0,-1.0,-1.0,-1.0,-1.0,-1.0,-1.0,1.0,-1.0,1.0,1.0,1.0,-1.0,1.0,-1.0,1.0,-1.0,1.0,-1.0,1.0,-1.0,1.0	-0.7673686,-1.6526694,-1.7041695,-1.8640242,-3.622515,-1.0135084,-2.4517233,-1.1742823,-1.5070013,3.508043,-1.2907362,0.73762614,2.0508122,0.90579045,-0.20878583,3.2061825,-1.873242,1.5273738,-0.12309876,3.1833856,-2.6116548,1.0948318,-0.18952122,0.016337503
../data/train_data_mmini/8/Train_0038.jpg	8	1.0,-1.0,1.0,1.0,1.0,1.0,-1.0,1.0,-1.0,1.0,1.0,1.0,1.0,1.0,-1.0,1.0,-1.0,1.0,-1.0,-1.0,-1.0,1.0,-1.0,-1.0	1.1523424,-2.3154106,1.9224771,4.119362,1.9425664,0.44305828,-0.015748847,0.66483486,-1.7936012,0.61226994,1.2081246,0.51100916,2.276384,3.375103,-1.4424338,3.6446636,-3.2464726,4.092711,-0.7949488,-1.8304282,-2.1416419,2.234752,-1.3235632,-3.0681787
../data/train_data_mmini/8/Train_0039.jpg	8	-1.0,-1.0,-1.0,-1.0,-1.0,-1.0,1.0,1.0,1.0,1.0,-1.0,1.0,1.0,1.0,-1.0,1.0,1.0,1.0,1.0,1.0,1.0,-1.0,1.0,-1.0	-0.40821052,-2.436723,-2.952373,-5.833145,-1.9601595,-3.230413,0.7871184,1.5116343,0.3872235,1.0695599,-1.1629279,1.064578,0.67597854,0.4939441,-4.396126,4.279146,0.0633981,0.81608844,2.0291822,2.8306084,1.3743634,-1.0294514,2.13615,-7.1027184
../data/train_data_mmini/9/Train_0040.jpg	9	-1.0,-1.0,1.0,-1.0,-1.0,1.0,1.0,-1.0,-1.0,1.0,-1.0,1.0,1.0,-1.0,1.0,-1.0,-1.0,1.0,1.0,1.0,-1.0,1.0,-1.0,-1.0	-0.35171762,-1.3762548,1.066747,-2.4614627,-0.91526985,0.680311,1.5166711,-4.905874,-0.60540044,0.4811225,-0.46771815,0.13141373,0.48180673,-1.702086,0.36472854,-1.223204,-2.9017828,6.549197,1.0351659,3.1461494,-2.4559832,0.52082133,-0.11495045,-1.8102955
../data/train_data_mmini/9/Train_0041.jpg	9	-1.0,-1.0,1.0,1.0,-1.0,-1.0,-1.0,-1.0,-1.0,1.0,1.0,-1.0,1.0,1.0,1.0,1.0,-1.0,1.0,1.0,-1.0,-1.0,1.0,-1.0,1.0	-0.38509077,-1.6420469,1.4275666,2.2275121,-0.6294734,-1.963058,-1.9317936,-0.6636439,-0.7840113,2.0707653,0.9753525,-3.92439,0.06306284,0.87912667,0.37423944,0.12169916,-0.8199002,1.3133105,2.4197557,-3.3123853,-0.61075616,1.2057219,-0.5461533,1.5628161
../data/train_data_mmini/9/Train_0042.jpg	9	-1.0,-1.0,-1.0,1.0,1.0,-1.0,-1.0,-1.0,-1.0,1.0,1.0,1.0,1.0,-1.0,1.0,-1.0,-1.0,1.0,1.0,1.0,-1.0,1.0,1.0,1.0	-1.8002654,-3.36712,-0.87285566,0.10368482,0.27492973,-0.6687502,-0.84703296,-2.6052883,-0.5523424,2.523378,0.6201684,0.4422063,0.41002136,-1.1104155,2.1249235,-0.5582852,-3.4270425,5.1190166,2.3808014,1.8667363,-3.654576,1.6576135,2.5734959,0.8667774
../data/train_data_mmini/9/Train_0043.jpg	9	-1.0,-1.0,1.0,-1.0,-1.0,1.0,1.0,-1.0,-1.0,-1.0,-1.0,-1.0,-1.0,-1.0,-1.0,1.0,-1.0,1.0,1.0,-1.0,1.0,1.0,1.0,-1.0	-1.0517232,-0.05820659,1.1145108,-3.7121305,-3.032002,0.5561279,2.1408188,-3.4025965,-2.2018368,-1.7358011,-0.78215057,-2.798279,-0.5278963,-2.5737677,-1.9457393,1.8723551,-3.323194,5.4455214,0.4522934,-1.3631057,1.0372984,1.4156665,0.4103265,-5.2728753
../data/train_data_mmini/9/Train_0044.jpg	9	-1.0,-1.0,1.0,1.0,1.0,-1.0,1.0,1.0,-1.0,1.0,1.0,1.0,1.0,1.0,1.0,1.0,-1.0,1.0,1.0,1.0,-1.0,-1.0,-1.0,-1.0	-1.2125881,-0.11700059,0.10415163,0.53809696,0.7871405,-2.2307367,1.305751,0.29464108,-0.5900153,0.61818355,1.1634618,0.5876266,0.16255896,1.7306944,0.026331604,0.5953223,-1.3173263,2.4042666,1.4400185,0.16383564,-0.9900406,-2.1064243,-0.13675618,-3.7324772
../data/train_data_mmini/10/Train_0045.jpg	10	1.0,-1.0,-1.0,-1.0,-1.0,-1.0,1.0,1.0,1.0,-1.0,-1.0,1.0,-1.0,1.0,-1.0,1.0,1.0,-1.0,-1.0,1.0,1.0,-1.0,1.0,-1.0	2.6307948,-2.476732,-0.21788147,-3.1546173,-3.452265,-0.01830932,1.7504196,0.115972586,0.5405099,-0.11829688,-2.1107497,0.9610021,-0.23038317,0.33147287,-5.174565,4.7866263,0.2694055,-2.4624028,-0.52459985,1.751774,2.5196931,-0.023013178,1.2252058,-2.9007926
../data/train_data_mmini/10/Train_0046.jpg	10	1.0,-1.0,1.0,1.0,-1.0,-1.0,1.0,1.0,-1.0,-1.0,1.0,1.0,-1.0,1.0,1.0,1.0,-1.0,-1.0,1.0,1.0,-1.0,-1.0,1.0,1.0	0.28827953,-3.369286,1.8642108,2.348301,-1.4849519,-0.50253093,2.8190234,0.77976125,-0.7373393,-0.07624158,0.92236954,2.8729775,-0.84626997,2.505405,0.6361303,1.9577954,-0.89522773,-0.15639809,2.4965417,2.063047,-0.46039087,-0.261764,1.9172279,1.0482
../data/train_data_mmini/10/Train_0047.jpg	10	1.0,1.0,-1.0,-1.0,-1.0,1.0,1.0,1.0,1.0,-1.0,-1.0,-1.0,-1.0,-1.0,-1.0,1.0,1.0,-1.0,1.0,-1.0,1.0,1.0,1.0,-1.0	1.5135736,0.8571952,-0.08030443,-3.0999517,-1.6333182,0.22434983,1.6792779,0.8459306,2.032396,-1.894251,-1.3476661,-1.2153723,-0.9875072,-0.9589508,-2.647746,2.087126,0.93851256,-1.410244,1.8650026,-0.678786,3.451605,1.029874,1.3671364,-2.0564325
../data/train_data_mmini/10/Train_0048.jpg	10	1.0,-1.0,-1.0,-1.0,1.0,-1.0,-1.0,1.0,1.0,1.0,1.0,1.0,-1.0,1.0,-1.0,1.0,1.0,-1.0,1.0,1.0,1.0,-1.0,1.0,-1.0	2.3889525,-0.06400692,-0.0032976586,-1.7801089,1.1287858,-1.5847038,-0.6323371,3.6749976,1.8774014,1.0550796,0.31984466,0.027094455,-0.34801263,0.20732524,-3.2957497,0.3351553,0.5937346,-0.6388094,0.3518294,0.45288548,0.8350409,-0.78574383,1.5211787,-4.32503
../data/train_data_mmini/10/Train_0049.jpg	10	1.0,1.0,1.0,-1.0,-1.0,-1.0,1.0,1.0,1.0,-1.0,-1.0,-1.0,1.0,1.0,-1.0,1.0,-1.0,1.0,1.0,1.0,1.0,-1.0,1.0,-1.0	1.7732456,0.4126203,1.1561252,-3.8540366,-4.3709373,-0.014781499,1.7896649,2.8013701,1.1390218,-0.5090093,-0.6558823,-0.22007334,0.7236867,0.41079617,-3.3359962,2.357474,-0.2595121,0.6269345,0.12150404,2.7434838,0.11652144,-1.0073134,1.0178114,-2.0122545
