../data/train_data_mmini/1/Train_0000.jpg	1	-1.0,1.0,1.0,-1.0,-1.0,1.0,1.0,1.0	-0.68255436,4.178276,1.5755218,-0.0093731815,-2.2927372,0.073250964,0.96263796,0.41144222
../data/train_data_mmini/1/Train_0001.jpg	1	1.0,1.0,1.0,-1.0,-1.0,-1.0,-1.0,1.0	0.5067828,7.146099,2.7068403,-2.0531912,-3.9708648,-0.9304136,-1.2741765,0.8037707
../data/train_data_mmini/1/Train_0002.jpg	1	-1.0,1.0,1.0,-1.0,-1.0,1.0,1.0,-1.0	-3.2253356,8.034012,2.5762668,-1.3815271,-0.26373473,2.1300273,2.7938664,-0.099205084
../data/train_data_mmini/1/Train_0003.jpg	1	1.0,1.0,1.0,-1.0,-1.0,-1.0,-1.0,-1.0	1.3995379,2.800376,0.8528362,-1.4057204,-3.2868311,-0.14834051,-0.8304862,-0.41351038
../data/train_data_mmini/1/Train_0004.jpg	1	1.0,1.0,-1.0,1.0,-1.0,-1.0,1.0,1.0	0.90876347,5.08943,-0.8650981,0.12619933,-5.6183395,-1.6301523,1.3911021,2.4142056
../data/train_data_mmini/2/Train_0005.jpg	2	-1.0,1.0,1.0,1.0,-1.0,1.0,-1.0,-1.0	-1.3514633,10.344595,1.1461328,1.3093266,-3.4249463,1.5581807,-0.39368135,-0.30378452
../data/train_data_mmini/2/Train_0006.jpg	2	1.0,1.0,-1.0,-1.0,-1.0,-1.0,-1.0,-1.0	2.5150266,8.207439,-3.0291817,-1.6112552,-2.3845584,-1.5569507,-1.7517673,-1.8298955
../data/train_data_mmini/2/Train_0007.jpg	2	1.0,1.0,1.0,-1.0,-1.0,-1.0,1.0,1.0	1.6592069,2.6824045,1.5083148,-0.22878073,-3.326256,-1.2730409,2.1811771,1.4178325
../data/train_data_mmini/2/Train_0008.jpg	2	-1.0,1.0,1.0,1.0,-1.0,-1.0,1.0,1.0	-0.3686712,9.951304,1.7217516,0.99574196,-0.048234776,-2.7143633,2.040231,1.0205979
../data/train_data_mmini/2/Train_0009.jpg	2	-1.0,1.0,1.0,1.0,-1.0,1.0,-1.0,1.0	-3.328313,8.817729,2.074789,1.1028725,-2.6809566,2.481988,-2.2928948,0.42288253
../data/train_data_mmini/3/Train_0010.jpg	3	1.0,1.0,1.0,-1.0,-1.0,-1.0,-1.0,1.0	3.5140955,9.94454,0.5631495,-2.3237042,-5.0637484,-3.617091,-1.121789,1.1949304
../data/train_data_mmini/3/Train_0011.jpg	3	-1.0,1.0,1.0,-1.0,-1.0,1.0,1.0,1.0	-4.2470446,9.565798,0.9478145,-2.0065491,-3.9754062,1.0612522,2.072581,2.4651086
../data/train_data_mmini/3/Train_0012.jpg	3	-1.0,1.0,-1.0,-1.0,-1.0,1.0,-1.0,1.0	-3.6148868,6.8454804,-1.9872774,-0.6336159,-4.6996355,2.12863,-1.7850454,0.46053848
../data/train_data_mmini/3/Train_0013.jpg	3	-1.0,1.0,1.0,-1.0,1.0,-1.0,-1.0,-1.0	-0.04273758,12.428641,0.13315548,-0.72665924,0.96900564,-1.2118489,-0.40077442,-2.877639
../data/train_data_mmini/3/Train_0014.jpg	3	1.0,1.0,1.0,1.0,-1.0,-1.0,1.0,1.0	0.08469772,11.00405,1.9766625,1.4335811,-4.56371,-0.9500153,1.7029654,2.0226138
../data/train_data_mmini/4/Train_0015.jpg	4	-1.0,1.0,1.0,1.0,-1.0,1.0,1.0,1.0	-4.2100873,7.915184,0.14384753,1.4733193,-0.48888755,0.811943,1.9079466,0.57268757
../data/train_data_mmini/4/Train_0016.jpg	4	-1.0,1.0,1.0,-1.0,-1.0,1.0,-1.0,-1.0	-2.865151,7.805663,6.3961616,-0.9290792,-1.2488335,3.0608788,-1.3976395,-0.2786711
../data/train_data_mmini/4/Train_0017.jpg	4	-1.0,1.0,-1.0,-1.0,-1.0,1.0,-1.0,-1.0	-3.4144154,9.85879,-0.5747629,-2.5328462,-1.0440278,2.5764215,-2.1383781,-1.1485022
../data/train_data_mmini/4/Train_0018.jpg	4	-1.0,1.0,1.0,1.0,-1.0,1.0,1.0,1.0	-1.634468,9.891424,4.6844697,1.5219015,-2.9799423,0.27799475,2.7226343,1.9297769
../data/train_data_mmini/4/Train_0019.jpg	4	1.0,1.0,-1.0,-1.0,-1.0,-1.0,-1.0,-1.0	2.4425461,9.487144,-4.5599566,-0.26468277,-4.4706187,-1.0396162,-1.1829379,-1.3050082
../data/train_data_mmini/5/Train_0020.jpg	5	1.0,1.0,1.0,1.0,-1.0,1.0,1.0,1.0	2.1624243,4.901233,2.667313,0.39689493,-5.1948705,0.18120113,0.3948415,1.0873091
../data/train_data_mmini/5/Train_0021.jpg	5	-1.0,1.0,-1.0,-1.0,-1.0,-1.0,1.0,1.0	-1.7316307,9.334932,-1.2434926,-0.50900465,-1.8437939,-0.8258461,2.393068,0.41913083
../data/train_data_mmini/5/Train_0022.jpg	5	1.0,1.0,-1.0,1.0,-1.0,-1.0,1.0,1.0	2.5644372,5.413411,-0.25737706,1.2478442,-2.9394765,-2.0352252,0.44323725,0.80812544
../data/train_data_mmini/5/Train_0023.jpg	5	1.0,1.0,1.0,-1.0,-1.0,-1.0,1.0,1.0	2.3027968,2.8716733,1.7184215,-0.1556568,-3.0221436,-0.8378782,0.30199322,0.24448851
../data/train_data_mmini/5/Train_0024.jpg	5	-1.0,1.0,-1.0,-1.0,-1.0,1.0,1.0,1.0	-1.5687469,5.4741054,-0.96061695,-1.3026298,-4.032755,0.5635497,1.3697557,0.62576467
../data/train_data_mmini/6/Train_0025.jpg	6	1.0,1.0,-1.0,-1.0,-1.0,1.0,-1.0,-1.0	2.0039444,9.666915,-3.5295691,-5.3871984,-5.7286196,2.050482,-1.4689938,-3.2206764
../data/train_data_mmini/6/Train_0026.jpg	6	-1.0,1.0,1.0,-1.0,-1.0,1.0,1.0,1.0	-0.80899924,6.5584145,3.2795103,-0.6183835,-7.468488,1.6611532,0.2840819,3.190852
../data/train_data_mmini/6/Train_0027.jpg	6	1.0,1.0,1.0,-1.0,-1.0,1.0,-1.0,1.0	0.03173141,10.470861,2.631539,-2.7832284,-5.4874983,0.6918148,-2.1165366,1.5439777
../data/train_data_mmini/6/Train_0028.jpg	6	1.0,1.0,1.0,-1.0,-1.0,-1.0,1.0,1.0	0.34364367,9.023766,3.3920176,-2.5787597,-2.182958,-1.0943209,4.9696574,1.0940682
../data/train_data_mmini/6/Train_0029.jpg	6	-1.0,1.0,-1.0,-1.0,1.0,1.0,-1.0,-1.0	-2.5899353,11.422152,-0.92953837,-0.98699164,0.43340945,2.2155046,-3.5434525,-3.3321764
../data/train_data_mmini/7/Train_0030.jpg	7	-1.0,1.0,1.0,1.0,-1.0,1.0,-1.0,-1.0	-1.8978082,7.0827394,1.1741796,0.62708235,-2.1281354,2.7510226,-2.3538651,-1.365898
../data/train_data_mmini/7/Train_0031.jpg	7	-1.0,1.0,1.0,-1.0,-1.0,1.0,-1.0,-1.0	-0.2844615,11.824965,3.0908117,-0.24803798,-2.0402384,1.5155281,-1.5625986,-1.4678766
../data/train_data_mmini/7/Train_0032.jpg	7	-1.0,1.0,1.0,1.0,-1.0,1.0,1.0,1.0	-4.2898335,13.165527,0.9202449,0.6005317,-4.3744025,1.5308467,1.1275446,2.5042815
../data/train_data_mmini/7/Train_0033.jpg	7	-1.0,1.0,1.0,-1.0,-1.0,1.0,-1.0,1.0	-0.31033036,6.828943,1.6238109,-0.49048254,-6.065261,1.6220828,-2.2662373,1.252006
../data/train_data_mmini/7/Train_0034.jpg	7	1.0,1.0,-1.0,-1.0,-1.0,-1.0,1.0,1.0	0.8803477,10.285093,-0.66914827,-4.7285166,-7.4902062,-2.3617501,2.6169388,3.040938
../data/train_data_mmini/8/Train_0035.jpg	8	-1.0,1.0,-1.0,-1.0,-1.0,-1.0,-1.0,-1.0	-1.4296117,11.285624,-0.80888623,-0.0048552235,-1.1318787,-0.83515847,-0.4236129,-0.2626953
../data/train_data_mmini/8/Train_0036.jpg	8	-1.0,1.0,1.0,-1.0,-1.0,1.0,-1.0,-1.0	-1.7631043,12.333473,2.2598543,-0.48191115,-2.5425003,2.8812435,-0.23630129,-1.1847093
../data/train_data_mmini/8/Train_0037.jpg	8	-1.0,1.0,1.0,-1.0,-1.0,1.0,-1.0,1.0	-4.5834227,11.59956,1.800907,-3.9883366,-3.11898,2.2433774,-0.4217184,1.2813957
../data/train_data_mmini/8/Train_0038.jpg	8	-1.0,1.0,1.0,-1.0,-1.0,1.0,-1.0,-1.0	-1.1055651,10.807981,1.415878,-0.5996665,-0.797811,0.18673699,-1.8334713,-0.87245595
../data/train_data_mmini/8/Train_0039.jpg	8	-1.0,1.0,-1.0,-1.0,-1.0,1.0,-1.0,1.0	-3.1619928,12.925718,-2.131128,-1.5477259,-1.6396768,0.38801253,-1.7687665,0.06460035
../data/train_data_mmini/9/Train_0040.jpg	9	-1.0,1.0,-1.0,-1.0,-1.0,-1.0,1.0,1.0	-2.04776,7.4878206,-1.3180342,-1.329735,-1.6565628,-0.9175875,1.0745883,1.2522051
../data/train_data_mmini/9/Train_0041.jpg	9	1.0,1.0,1.0,-1.0,-1.0,1.0,-1.0,1.0	1.6244245,11.805298,4.187459,-0.80870956,-6.496433,0.29834333,-0.23173156,1.1446738
../data/train_data_mmini/9/Train_0042.jpg	9	-1.0,1.0,-1.0,-1.0,-1.0,-1.0,1.0,1.0	-3.514019,8.845695,-0.31993547,-1.6861004,-1.4113044,-0.12230836,1.8808024,1.0001801
../data/train_data_mmini/9/Train_0043.jpg	9	-1.0,1.0,1.0,1.0,-1.0,-1.0,1.0,-1.0	-0.18025124,10.202642,0.051472574,0.06662994,-0.7313611,-1.4782935,1.2512136,-0.1330537
../data/train_data_mmini/9/Train_0044.jpg	9	-1.0,1.0,-1.0,-1.0,-1.0,1.0,-1.0,-1.0	-2.049912,9.543972,-3.0807736,-2.2615707,-1.753868,1.1259387,-2.5030928,-1.2880386
../data/train_data_mmini/10/Train_0045.jpg	10	-1.0,1.0,-1.0,-1.0,-1.0,1.0,-1.0,1.0	-2.5621073,13.965028,-1.7259482,-1.9728318,-3.3003755,0.5857492,-1.3965183,0.3732871
../data/train_data_mmini/10/Train_0046.jpg	10	-1.0,1.0,-1.0,-1.0,-1.0,1.0,-1.0,1.0	-4.6298404,9.400638,-1.875717,-3.522011,-1.1665384,1.0982713,-1.9331912,0.7879819
../data/train_data_mmini/10/Train_0047.jpg	10	-1.0,1.0,-1.0,-1.0,-1.0,1.0,1.0,-1.0	-1.5422094,15.312145,-2.4843965,-2.898104,-3.0061622,0.18114357,0.8965978,-0.73039055
../data/train_data_mmini/10/Train_0048.jpg	10	-1.0,1.0,-1.0,1.0,-1.0,1.0,-1.0,1.0	-0.99067724,12.657322,-5.6187387,0.102404766,-6.2752748,0.4347032,-2.7986143,0.72454643
../data/train_data_mmini/10/Train_0049.jpg	10	-1.0,1.0,-1.0,-1.0,-1.0,1.0,-1.0,1.0	-3.1534576,12.171316,-2.7856665,-3.1020513,-2.5653858,0.21159083,-0.27258086,0.6931669
