../data/train_data_mmini/1/Train_0000.jpg	1	-1.0,-1.0,1.0,-1.0,-1.0,1.0,-1.0,-1.0	-1.1398323,-0.12997209,4.2015834,-2.2113445,-9.337204,1.3970494,-5.757112,-2.3615577
../data/train_data_mmini/1/Train_0001.jpg	1	1.0,-1.0,1.0,-1.0,-1.0,1.0,-1.0,-1.0	1.5225153,-0.86087173,3.0279474,-2.3594792,-10.573505,5.433713,-9.135017,-4.703539
../data/train_data_mmini/1/Train_0002.jpg	1	1.0,1.0,-1.0,-1.0,-1.0,1.0,-1.0,-1.0	2.7298238,1.4383731,-0.2395534,-5.8081465,-5.0932717,2.520282,-4.9935536,-6.2246175
../data/train_data_mmini/1/Train_0003.jpg	1	-1.0,-1.0,1.0,-1.0,-1.0,1.0,-1.0,-1.0	-0.37245613,-0.9724222,6.1518817,-0.3065714,-12.550136,3.3403614,-7.1037955,-0.20042825
../data/train_data_mmini/1/Train_0004.jpg	1	-1.0,-1.0,1.0,-1.0,-1.0,1.0,-1.0,-1.0	-1.6101528,-0.57441324,4.2341866,-3.0862684,-10.293271,2.107826,-7.779339,-3.4353137
../data/train_data_mmini/2/Train_0005.jpg	2	1.0,1.0,1.0,-1.0,-1.0,1.0,-1.0,-1.0	5.352839,1.7273005,0.8900264,-4.1509404,-8.031149,4.290744,-6.471981,-0.95164084
../data/train_data_mmini/2/Train_0006.jpg	2	1.0,1.0,1.0,-1.0,-1.0,1.0,-1.0,-1.0	2.864142,2.3149636,0.63700444,-6.4707503,-6.178132,0.1878455,-5.1701407,-2.1230211
../data/train_data_mmini/2/Train_0007.jpg	2	-1.0,-1.0,1.0,1.0,-1.0,1.0,-1.0,-1.0	-4.607805,-0.85840297,5.919225,0.2758774,-10.636354,0.9887386,-5.438061,-0.5812204
../data/train_data_mmini/2/Train_0008.jpg	2	-1.0,1.0,1.0,-1.0,-1.0,-1.0,-1.0,-1.0	-0.54794115,1.969176,1.7009796,-8.833672,-6.992823,-1.814165,-6.5662727,-3.7300413
../data/train_data_mmini/2/Train_0009.jpg	2	1.0,1.0,1.0,-1.0,-1.0,1.0,-1.0,1.0	3.1815667,0.9999562,1.9907728,-3.2503395,-8.194495,2.1960425,-5.6474123,0.76180434
../data/train_data_mmini/3/Train_0010.jpg	3	1.0,1.0,-1.0,-1.0,-1.0,1.0,-1.0,-1.0	0.33516547,0.9701215,-0.044516556,-4.685731,-6.069811,1.6478486,-6.6664844,-2.9895008
../data/train_data_mmini/3/Train_0011.jpg	3	1.0,1.0,-1.0,-1.0,-1.0,1.0,-1.0,-1.0	1.5768933,0.6386294,-1.6360165,-5.8210945,-3.8632479,4.499301,-6.7861633,-8.199081
../data/train_data_mmini/3/Train_0012.jpg	3	1.0,1.0,1.0,-1.0,-1.0,1.0,-1.0,-1.0	7.7504168,0.18084157,0.1462818,-5.216542,-6.15915,6.8289843,-5.788085,-4.560885
../data/train_data_mmini/3/Train_0013.jpg	3	1.0,1.0,1.0,-1.0,-1.0,-1.0,-1.0,-1.0	5.611246,2.9294052,0.15296346,-10.88494,-5.900417,-0.12827092,-5.2706485,-2.90402
../data/train_data_mmini/3/Train_0014.jpg	3	1.0,1.0,-1.0,-1.0,-1.0,1.0,-1.0,-1.0	1.132651,1.1464012,-0.06775783,-6.40905,-7.474873,2.0058982,-8.649429,-4.381621
../data/train_data_mmini/4/Train_0015.jpg	4	1.0,1.0,1.0,-1.0,-1.0,1.0,-1.0,-1.0	4.1044993,1.2573775,2.019901,-7.294097,-6.2390246,1.6109769,-4.9423866,-4.59742
../data/train_data_mmini/4/Train_0016.jpg	4	1.0,1.0,1.0,-1.0,-1.0,1.0,-1.0,-1.0	5.8025236,0.9310455,0.40135312,-2.3733919,-7.6014595,5.4676733,-6.74693,-1.5032516
../data/train_data_mmini/4/Train_0017.jpg	4	1.0,1.0,-1.0,-1.0,-1.0,1.0,-1.0,-1.0	6.6279435,1.874701,-2.1803896,-5.9998236,-4.237404,5.0010667,-6.5861816,-5.301835
../data/train_data_mmini/4/Train_0018.jpg	4	1.0,1.0,1.0,-1.0,-1.0,1.0,-1.0,-1.0	0.7340417,0.7431347,0.6830827,-2.851689,-5.700361,2.0673432,-5.9043665,-2.2198465
../data/train_data_mmini/4/Train_0019.jpg	4	1.0,1.0,-1.0,-1.0,-1.0,1.0,-1.0,-1.0	7.225041,1.8839906,-0.093475595,-7.317845,-7.172722,3.1717703,-6.1578174,-2.9053218
../data/train_data_mmini/5/Train_0020.jpg	5	-1.0,-1.0,1.0,-1.0,-1.0,1.0,-1.0,-1.0	-0.33987844,-1.1605664,5.8391876,-0.17657669,-14.3919735,4.0101,-8.663862,-0.07078467
../data/train_data_mmini/5/Train_0021.jpg	5	1.0,1.0,1.0,-1.0,-1.0,1.0,-1.0,-1.0	1.0968864,1.1738435,3.8121877,-9.587211,-10.858283,0.5796101,-9.173022,-5.0176916
../data/train_data_mmini/5/Train_0022.jpg	5	-1.0,1.0,1.0,-1.0,-1.0,-1.0,-1.0,1.0	-2.3809967,0.14820468,5.1770296,-1.8613721,-10.219162,-0.41290367,-4.538759,1.773028
../data/train_data_mmini/5/Train_0023.jpg	5	-1.0,-1.0,1.0,-1.0,-1.0,1.0,-1.0,1.0	-2.6241224,-0.76469654,6.8412213,-0.8635373,-12.730806,1.0116811,-6.4411106,1.3736459
../data/train_data_mmini/5/Train_0024.jpg	5	1.0,1.0,1.0,-1.0,-1.0,1.0,-1.0,-1.0	1.9739217,0.37197557,2.5806715,-3.5089884,-8.074676,3.6754463,-6.0240126,-4.373448
../data/train_data_mmini/6/Train_0025.jpg	6	1.0,1.0,-1.0,-1.0,-1.0,1.0,-1.0,-1.0	7.3228173,1.8283303,-1.3883705,-4.9579105,-4.9892144,5.5675135,-5.061356,-2.9982553
../data/train_data_mmini/6/Train_0026.jpg	6	-1.0,-1.0,1.0,1.0,-1.0,1.0,-1.0,-1.0	-0.58891803,-1.0329477,2.4909947,2.659268,-9.442365,6.971499,-9.321434,-4.999257
../data/train_data_mmini/6/Train_0027.jpg	6	1.0,1.0,-1.0,-1.0,-1.0,1.0,-1.0,-1.0	3.654964,0.61058944,-1.7981656,-3.5432403,-5.3133116,5.903834,-7.7178826,-3.4734807
../data/train_data_mmini/6/Train_0028.jpg	6	-1.0,1.0,1.0,-1.0,-1.0,1.0,-1.0,-1.0	-3.0330248,0.69234127,0.088993974,-4.825661,-6.257642,1.309605,-8.257461,-7.1258297
../data/train_data_mmini/6/Train_0029.jpg	6	1.0,1.0,1.0,-1.0,-1.0,1.0,-1.0,1.0	7.7374,2.6376386,0.4118864,-6.6992655,-5.042272,1.4324315,-1.3636949,1.4565226
../data/train_data_mmini/7/Train_0030.jpg	7	1.0,1.0,1.0,-1.0,-1.0,1.0,-1.0,1.0	3.9267387,1.0789113,3.1743681,-2.6408556,-9.625443,3.2207618,-5.627686,0.73744804
../data/train_data_mmini/7/Train_0031.jpg	7	1.0,1.0,1.0,-1.0,-1.0,1.0,-1.0,-1.0	5.336468,2.2360268,0.87637275,-6.7311764,-9.33121,2.2809052,-7.8281717,-1.0800207
../data/train_data_mmini/7/Train_0032.jpg	7	1.0,1.0,-1.0,-1.0,-1.0,1.0,-1.0,-1.0	5.372932,1.5901726,-2.2442017,-8.815012,-5.1163964,5.302669,-8.872675,-7.048659
../data/train_data_mmini/7/Train_0033.jpg	7	1.0,-1.0,1.0,1.0,-1.0,1.0,-1.0,-1.0	1.5106944,-0.12918866,1.0246689,1.7619282,-7.3773284,5.568251,-5.7119174,-1.1137587
../data/train_data_mmini/7/Train_0034.jpg	7	1.0,1.0,-1.0,-1.0,-1.0,1.0,-1.0,-1.0	0.35169047,0.6663666,-2.3380575,-6.640773,-4.614453,4.9907355,-8.007482,-9.283945
../data/train_data_mmini/8/Train_0035.jpg	8	1.0,1.0,1.0,-1.0,-1.0,-1.0,-1.0,1.0	1.8090539,2.4182932,1.6114451,-7.167244,-5.5627565,-1.3605101,-3.1862192,0.25230423
../data/train_data_mmini/8/Train_0036.jpg	8	1.0,1.0,-1.0,-1.0,-1.0,1.0,-1.0,-1.0	4.109888,2.5254295,-0.5928557,-2.699922,-5.263029,2.796158,-3.7331429,-0.025710298
../data/train_data_mmini/8/Train_0037.jpg	8	1.0,1.0,-1.0,-1.0,-1.0,1.0,-1.0,-1.0	3.4402297,1.0201572,-1.5009503,-4.5648103,-5.512095,5.9523582,-8.513554,-7.049416
../data/train_data_mmini/8/Train_0038.jpg	8	1.0,1.0,1.0,-1.0,-1.0,1.0,-1.0,-1.0	5.1414194,2.7924492,1.4702665,-8.7353,-7.536644,0.5233267,-5.188549,-1.1423951
../data/train_data_mmini/8/Train_0039.jpg	8	1.0,1.0,-1.0,-1.0,-1.0,1.0,-1.0,-1.0	4.085685,2.5127122,-0.27496654,-5.8975058,-3.3076663,0.7322375,-1.9551271,-0.1273272
../data/train_data_mmini/9/Train_0040.jpg	9	1.0,1.0,1.0,-1.0,-1.0,1.0,-1.0,-1.0	0.9923271,0.5443715,3.1135788,-5.7207403,-9.495708,1.8465048,-7.3940916,-3.702738
../data/train_data_mmini/9/Train_0041.jpg	9	1.0,1.0,1.0,-1.0,-1.0,1.0,-1.0,-1.0	2.0912824,0.13467842,0.1381472,-1.556966,-8.917542,5.2676024,-8.287477,-2.2125432
../data/train_data_mmini/9/Train_0042.jpg	9	1.0,1.0,1.0,-1.0,-1.0,1.0,-1.0,-1.0	3.9621072,1.0293092,1.6008931,-8.572855,-7.132388,3.5294979,-7.460291,-7.0832734
../data/train_data_mmini/9/Train_0043.jpg	9	1.0,1.0,1.0,-1.0,-1.0,-1.0,-1.0,-1.0	0.17093892,1.8818789,3.2851431,-6.8250194,-9.280461,-0.96437967,-6.1253715,-0.6208552
../data/train_data_mmini/9/Train_0044.jpg	9	1.0,1.0,1.0,-1.0,-1.0,1.0,-1.0,-1.0	8.900205,1.9306862,1.127464,-8.028629,-7.7283297,3.4170167,-5.373595,-1.1292863
../data/train_data_mmini/10/Train_0045.jpg	10	1.0,1.0,-1.0,-1.0,-1.0,1.0,-1.0,-1.0	4.5056653,1.9057671,-2.4396615,-4.531716,-0.70021373,1.9801652,-1.9026711,-1.3165041
../data/train_data_mmini/10/Train_0046.jpg	10	1.0,1.0,-1.0,-1.0,-1.0,1.0,-1.0,-1.0	5.444143,1.3423052,-1.8809389,-6.847581,-2.3874364,3.627105,-4.1311946,-4.271496
../data/train_data_mmini/10/Train_0047.jpg	10	1.0,1.0,-1.0,-1.0,-1.0,1.0,-1.0,-1.0	5.918637,3.5647635,-1.9161923,-9.390151,-4.3592834,2.6292381,-6.0393834,-4.670185
../data/train_data_mmini/10/Train_0048.jpg	10	1.0,1.0,-1.0,-1.0,-1.0,1.0,-1.0,1.0	9.475298,2.8797455,-1.2457225,-7.2565293,-3.9195433,2.593808,-1.5296898,1.4154892
../data/train_data_mmini/10/Train_0049.jpg	10	1.0,1.0,-1.0,-1.0,-1.0,1.0,-1.0,-1.0	3.195655,2.2487223,-0.87708014,-7.594178,-3.1101272,1.3111537,-4.205071,-3.7620652
