../data/train_data_mmini/1/Train_0000.jpg	1	-1.0,1.0,1.0,1.0,-1.0,-1.0,-1.0,1.0,-1.0,-1.0,1.0,1.0	-2.2665722,1.3441043,0.96064603,3.5326438,-2.9100018,-3.192324,-0.7008376,2.204961,-3.3347042,-7.004645,2.006734,1.2492962
../data/train_data_mmini/1/Train_0001.jpg	1	-1.0,-1.0,1.0,1.0,-1.0,-1.0,-1.0,1.0,-1.0,-1.0,1.0,-1.0	-1.6367594,-0.3152729,4.7689548,0.63784146,-0.09113477,-0.24886528,-2.798172,0.91141367,-2.1670253,-7.8308935,1.5136783,-2.722946
../data/train_data_mmini/1/Train_0002.jpg	1	1.0,1.0,1.0,-1.0,-1.0,-1.0,-1.0,1.0,1.0,-1.0,1.0,1.0	0.6896289,2.8742785,2.9394534,-2.1472237,-1.1920546,-2.4161277,-0.16624342,1.9346291,2.4781742,-7.716493,2.03249,2.8860676
../data/train_data_mmini/1/Train_0003.jpg	1	-1.0,1.0,1.0,1.0,-1.0,-1.0,-1.0,1.0,-1.0,-1.0,1.0,-1.0	-1.3934578,0.67133665,3.617493,5.026178,-1.7848508,-1.8990746,-2.8866658,1.5202711,-6.4481425,-6.7842555,1.9100219,-1.1265813
../data/train_data_mmini/1/Train_0004.jpg	1	-1.0,1.0,1.0,1.0,-1.0,-1.0,-1.0,1.0,-1.0,-1.0,-1.0,1.0	-1.8543259,1.428788,0.088327326,2.0593433,-0.026772976,-1.8559564,-0.13505301,0.94507265,-4.3184686,-9.70325,-0.16821451,1.0785335
../data/train_data_mmini/2/Train_0005.jpg	2	1.0,-1.0,1.0,-1.0,-1.0,-1.0,-1.0,1.0,1.0,-1.0,1.0,-1.0	0.9889134,-2.3368492,1.6244591,-2.3216305,-1.8548164,-0.793335,-0.013967434,0.15601727,2.2720027,-4.8672996,0.72112995,-0.30475768
../data/train_data_mmini/2/Train_0006.jpg	2	1.0,-1.0,-1.0,-1.0,-1.0,1.0,1.0,1.0,1.0,-1.0,1.0,-1.0	1.889229,-2.43116,-1.4254986,-0.6236776,-3.0480902,0.42822155,2.1113048,1.834886,4.869362,-4.88608,2.0003042,-1.0473781
../data/train_data_mmini/2/Train_0007.jpg	2	-1.0,1.0,-1.0,1.0,-1.0,-1.0,1.0,1.0,-1.0,-1.0,1.0,1.0	-3.0625849,1.2217078,-1.5987333,2.694443,-3.555646,-4.1713667,0.91517615,2.5981684,-6.8729935,-6.211666,1.263346,3.220852
../data/train_data_mmini/2/Train_0008.jpg	2	1.0,1.0,-1.0,-1.0,1.0,1.0,1.0,1.0,-1.0,-1.0,-1.0,1.0	2.448185,0.8323339,-2.957531,-3.0215836,0.6601512,0.045571066,2.9346964,1.4114833,-0.8001858,-8.246214,-0.17377813,1.9375123
../data/train_data_mmini/2/Train_0009.jpg	2	-1.0,-1.0,-1.0,1.0,-1.0,-1.0,1.0,1.0,1.0,-1.0,1.0,-1.0	-4.073474,-4.103993,-1.5274957,2.3924026,-5.8104,-4.020102,0.20142053,1.0094256,1.4634569,-6.364627,0.57100093,-0.30303094
../data/train_data_mmini/3/Train_0010.jpg	3	-1.0,-1.0,-1.0,-1.0,1.0,1.0,1.0,-1.0,-1.0,-1.0,-1.0,-1.0	-3.0967107,-4.5984235,-3.3737714,-2.9627528,0.8473389,0.5450716,0.6369118,-0.6908033,-1.085268,-6.5092206,-4.492,-1.4194566
../data/train_data_mmini/3/Train_0011.jpg	3	-1.0,1.0,1.0,-1.0,-1.0,-1.0,-1.0,1.0,1.0,-1.0,-1.0,1.0	-2.4322493,1.7207597,3.280746,-5.771418,-0.5651101,-2.7731664,-2.4806623,0.31660807,2.8096223,-9.073848,-0.9523498,4.152946
../data/train_data_mmini/3/Train_0012.jpg	3	-1.0,-1.0,1.0,1.0,-1.0,-1.0,-1.0,-1.0,1.0,-1.0,1.0,-1.0	-3.9382,-0.5492671,6.448264,3.8320637,-2.8632655,-2.8306594,-3.9256105,-0.05175157,5.976132,-10.423689,1.9496205,-1.5918217
../data/train_data_mmini/3/Train_0013.jpg	3	1.0,-1.0,-1.0,-1.0,-1.0,-1.0,1.0,1.0,1.0,-1.0,1.0,-1.0	2.2758417,-1.1314532,-1.042474,-1.8501359,-1.2566442,-0.12206321,2.2481642,1.8865006,6.5743146,-7.5261846,1.8405681,-1.2649374
../data/train_data_mmini/3/Train_0014.jpg	3	-1.0,-1.0,-1.0,-1.0,-1.0,-1.0,1.0,1.0,1.0,-1.0,-1.0,1.0	-0.4392932,-1.735955,-0.5816849,-3.9817762,-0.5964718,-0.48738787,0.59565467,0.3588211,1.1224488,-6.970132,-1.0010036,0.8064969
../data/train_data_mmini/4/Train_0015.jpg	4	-1.0,1.0,-1.0,1.0,-1.0,-1.0,1.0,1.0,1.0,-1.0,1.0,1.0	-0.40057722,2.1646366,-0.12803552,2.5699663,-2.2229998,-3.173661,1.7069559,0.941153,3.26185,-10.215569,1.9122776,2.3156607
../data/train_data_mmini/4/Train_0016.jpg	4	1.0,-1.0,1.0,-1.0,-1.0,-1.0,-1.0,1.0,1.0,-1.0,1.0,-1.0	2.1671674,-0.89172524,6.2861032,-2.2972825,-2.222377,-0.9519849,-2.6285977,1.4680996,0.88470274,-3.3693159,2.1227512,-0.8203165
../data/train_data_mmini/4/Train_0017.jpg	4	1.0,-1.0,1.0,-1.0,-1.0,-1.0,-1.0,1.0,1.0,-1.0,1.0,-1.0	0.219244,-2.4476871,4.8078203,-1.8548576,-3.7532375,-0.7800678,-1.4969589,1.3680773,7.8845577,-6.5684233,2.1678376,-1.7082587
../data/train_data_mmini/4/Train_0018.jpg	4	-1.0,-1.0,-1.0,-1.0,-1.0,-1.0,1.0,-1.0,1.0,-1.0,-1.0,1.0	-1.4503683,-2.1774995,-1.4906663,-2.1396768,-1.3423868,-1.8196323,0.6810672,-0.23186012,0.2391319,-4.302936,-1.6345513,1.0216662
../data/train_data_mmini/4/Train_0019.jpg	4	1.0,-1.0,-1.0,-1.0,-1.0,1.0,1.0,1.0,1.0,-1.0,1.0,-1.0	4.0995526,-2.1427526,-0.06622351,-2.4358807,-0.63318074,1.952813,2.2867792,1.153462,4.9838595,-7.0316024,2.1767638,-2.3088453
../data/train_data_mmini/5/Train_0020.jpg	5	1.0,1.0,1.0,1.0,1.0,-1.0,-1.0,1.0,-1.0,-1.0,1.0,-1.0	0.5674122,0.38131237,3.0219514,2.3231275,0.0070397807,-0.051510196,-1.0381151,1.9022737,-8.121425,-7.542515,2.197458,-1.4949265
../data/train_data_mmini/5/Train_0021.jpg	5	1.0,1.0,-1.0,1.0,1.0,-1.0,1.0,1.0,1.0,-1.0,1.0,1.0	1.3198141,2.198588,-0.21477477,0.26869676,1.1788201,-0.603753,0.025942987,0.6747141,0.070522055,-11.682758,0.93283474,1.4919711
../data/train_data_mmini/5/Train_0022.jpg	5	-1.0,-1.0,-1.0,1.0,-1.0,-1.0,1.0,1.0,-1.0,-1.0,1.0,1.0	-2.0626426,-1.0171677,-3.5749097,2.4616024,-4.0897026,-3.071473,2.9592462,2.8066015,-3.7852128,-5.3971586,1.7390186,0.9332981
../data/train_data_mmini/5/Train_0023.jpg	5	-1.0,1.0,-1.0,1.0,-1.0,-1.0,-1.0,1.0,-1.0,-1.0,1.0,-1.0	-1.8111808,0.44577664,-0.3596928,4.761458,-1.4580151,-1.7301548,-0.15585601,1.5115062,-8.483987,-6.8005176,1.6014274,-0.22566815
../data/train_data_mmini/5/Train_0024.jpg	5	-1.0,1.0,1.0,1.0,-1.0,-1.0,-1.0,1.0,-1.0,-1.0,-1.0,1.0	-3.9941676,1.0670024,0.41038066,3.0797105,-2.4428985,-4.3521194,-1.2649965,0.6398297,-1.2285302,-9.868521,-0.27284774,2.7181895
../data/train_data_mmini/6/Train_0025.jpg	6	-1.0,-1.0,1.0,-1.0,-1.0,-1.0,-1.0,1.0,1.0,-1.0,-1.0,-1.0	-2.5883834,-2.8901238,3.241405,-3.1405075,-4.380239,-2.3716478,-2.4742956,0.3774804,6.5711045,-5.2842984,-0.1750688,-0.029199686
../data/train_data_mmini/6/Train_0026.jpg	6	-1.0,-1.0,1.0,-1.0,-1.0,-1.0,-1.0,-1.0,-1.0,-1.0,-1.0,1.0	-3.3793375,-2.5655034,1.2032113,-0.24154218,-2.634945,-1.7932913,-1.8186519,-0.12791951,-2.114802,-6.597035,-1.2416972,0.08639658
../data/train_data_mmini/6/Train_0027.jpg	6	-1.0,-1.0,1.0,-1.0,-1.0,-1.0,-1.0,-1.0,1.0,-1.0,-1.0,-1.0	-3.4512017,-4.4975576,1.1417769,-4.0937366,-2.1549513,-1.3264769,-2.56904,-0.35047448,1.9907111,-5.791485,-2.66285,-0.7333209
../data/train_data_mmini/6/Train_0028.jpg	6	-1.0,1.0,1.0,-1.0,-1.0,-1.0,-1.0,1.0,-1.0,-1.0,-1.0,1.0	-0.70553964,1.0542561,0.37692094,-5.714978,-0.36730778,-2.2164478,-0.58166254,1.5499829,-1.0195391,-5.8890705,-0.79726636,3.5853841
../data/train_data_mmini/6/Train_0029.jpg	6	-1.0,-1.0,-1.0,1.0,-1.0,-1.0,1.0,1.0,1.0,-1.0,-1.0,1.0	-3.6037967,-3.6059704,-0.97043,1.6472629,-5.9889064,-4.481284,0.73345727,1.0416371,7.1434965,-6.0889196,-0.309206,0.11788722
../data/train_data_mmini/7/Train_0030.jpg	7	-1.0,-1.0,1.0,1.0,-1.0,-1.0,1.0,1.0,1.0,-1.0,1.0,1.0	-0.38185024,-1.8424903,1.9606929,2.0221486,-6.1604214,-3.0439749,0.09104719,2.162288,2.3738413,-4.747552,4.232317,0.100642756
../data/train_data_mmini/7/Train_0031.jpg	7	-1.0,-1.0,1.0,-1.0,-1.0,-1.0,-1.0,1.0,1.0,-1.0,1.0,-1.0	-1.1028031,-4.228242,1.1529518,-0.39975634,-2.6226692,-0.8278917,-0.88343924,1.4944233,3.0039961,-6.3654075,0.7015767,-2.7528622
../data/train_data_mmini/7/Train_0032.jpg	7	-1.0,-1.0,1.0,-1.0,1.0,-1.0,-1.0,-1.0,1.0,-1.0,-1.0,1.0	-0.8264355,-2.0574696,2.0449224,-5.9901667,0.92632824,-0.39962175,-2.4324508,-1.3078228,5.160135,-9.766256,-2.448705,0.7477342
../data/train_data_mmini/7/Train_0033.jpg	7	-1.0,-1.0,1.0,1.0,-1.0,-1.0,-1.0,1.0,1.0,-1.0,-1.0,1.0	-4.4128933,-3.641531,0.70557755,1.1650593,-5.3255005,-3.6098707,-2.254252,0.6719159,0.10652585,-4.5531945,-0.5911651,0.5387693
../data/train_data_mmini/7/Train_0034.jpg	7	-1.0,1.0,1.0,-1.0,1.0,-1.0,-1.0,-1.0,-1.0,-1.0,-1.0,1.0	-1.6403548,0.50274324,1.6224796,-9.292771,3.4457111,-0.41475508,-2.7171702,-1.2404373,-0.3996552,-8.792961,-5.3497396,4.980001
../data/train_data_mmini/8/Train_0035.jpg	8	-1.0,-1.0,-1.0,1.0,-1.0,-1.0,1.0,1.0,1.0,-1.0,-1.0,1.0	-4.3355384,-2.3895507,-4.2115197,0.8571763,-5.496595,-4.84314,2.3340588,1.425892,3.7323394,-5.500201,-0.035484575,1.6620804
../data/train_data_mmini/8/Train_0036.jpg	8	-1.0,-1.0,-1.0,-1.0,-1.0,-1.0,1.0,1.0,1.0,-1.0,1.0,1.0	-3.1734715,-3.0237925,-0.84238017,-1.9123129,-6.8062162,-5.051969,0.6517209,1.806051,3.8918073,-3.180981,0.46842256,2.3130932
../data/train_data_mmini/8/Train_0037.jpg	8	-1.0,-1.0,1.0,-1.0,-1.0,-1.0,-1.0,1.0,1.0,-1.0,-1.0,1.0	-3.9872568,-1.8680521,1.7040141,-4.2956877,-3.097417,-3.8802981,-2.2582622,0.22672848,3.798104,-8.845393,-1.939027,2.8015506
../data/train_data_mmini/8/Train_0038.jpg	8	-1.0,-1.0,-1.0,-1.0,-1.0,-1.0,1.0,1.0,1.0,-1.0,1.0,1.0	-0.9942599,-1.8638548,-0.7999749,-0.6996157,-2.8754382,-1.8713241,1.1319096,1.6695938,2.5707664,-7.4754705,0.6979863,0.27948552
../data/train_data_mmini/8/Train_0039.jpg	8	-1.0,-1.0,-1.0,1.0,-1.0,-1.0,1.0,1.0,1.0,-1.0,-1.0,1.0	-6.0191946,-3.1233304,-3.0643303,0.36501217,-7.5438685,-6.3844113,1.6937659,1.1671864,6.900019,-5.5266023,-0.13646525,2.5249386
../data/train_data_mmini/9/Train_0040.jpg	9	-1.0,1.0,-1.0,1.0,-1.0,-1.0,1.0,1.0,-1.0,-1.0,1.0,1.0	-1.4312983,1.3144526,-0.11717469,0.77041084,-2.0854912,-3.5458405,0.7545709,1.8453629,-0.47334415,-10.396385,1.1536167,2.2793186
../data/train_data_mmini/9/Train_0041.jpg	9	-1.0,-1.0,1.0,-1.0,-1.0,-1.0,-1.0,1.0,-1.0,-1.0,-1.0,-1.0	-2.0779097,-3.5137544,2.0369427,-4.3129025,-1.3004221,-1.0521667,-1.8151423,0.9898455,-0.19765127,-4.6128497,-0.8133347,-1.0659498
../data/train_data_mmini/9/Train_0042.jpg	9	-1.0,1.0,1.0,-1.0,1.0,-1.0,-1.0,1.0,1.0,-1.0,-1.0,1.0	-0.23491503,3.253266,1.7209163,-0.2092812,1.1927179,-2.1613975,-0.17010409,0.18849723,1.5666705,-13.351194,-0.24336915,2.8728557
../data/train_data_mmini/9/Train_0043.jpg	9	1.0,-1.0,-1.0,-1.0,-1.0,-1.0,1.0,1.0,-1.0,-1.0,1.0,1.0	0.28379586,-0.44008958,-3.4898279,-0.4206044,-2.7406337,-2.382717,3.430589,2.5766203,-0.6191291,-7.501382,1.5342745,1.5308012
../data/train_data_mmini/9/Train_0044.jpg	9	-1.0,-1.0,1.0,1.0,-1.0,-1.0,-1.0,1.0,1.0,-1.0,1.0,-1.0	-2.1034126,-2.6892316,1.9909774,2.9398994,-3.4705145,-2.2766826,-0.76209563,0.8565281,5.981858,-9.84389,1.5991338,-2.3514957
../data/train_data_mmini/10/Train_0045.jpg	10	-1.0,-1.0,-1.0,-1.0,-1.0,-1.0,1.0,-1.0,1.0,-1.0,-1.0,1.0	-4.695808,-4.3243217,-2.4615097,-1.8052112,-5.007042,-4.1715574,0.49285892,-0.2962788,6.145447,-4.684739,-2.4819143,1.4312236
../data/train_data_mmini/10/Train_0046.jpg	10	-1.0,-1.0,1.0,-1.0,-1.0,-1.0,-1.0,-1.0,1.0,-1.0,-1.0,1.0	-2.268168,-1.6456404,2.087889,-2.9062893,-1.7458451,-1.9016529,-1.8641624,-0.6732134,6.9714537,-8.817761,-1.3519529,0.66794777
../data/train_data_mmini/10/Train_0047.jpg	10	-1.0,-1.0,-1.0,-1.0,-1.0,-1.0,1.0,1.0,1.0,-1.0,-1.0,1.0	-2.2823346,-2.8234155,-1.2698166,-4.99056,-2.925318,-2.8469026,0.720873,0.05619538,7.1352787,-8.074059,-1.8287092,2.3853502
../data/train_data_mmini/10/Train_0048.jpg	10	-1.0,-1.0,-1.0,-1.0,-1.0,-1.0,1.0,-1.0,1.0,-1.0,-1.0,-1.0	-3.6232693,-4.595499,-1.0954635,-0.56102496,-5.0638666,-3.412117,0.7586573,-0.16003008,9.122716,-6.528301,-0.78678924,-0.18085583
../data/train_data_mmini/10/Train_0049.jpg	10	-1.0,-1.0,-1.0,-1.0,-1.0,-1.0,1.0,1.0,1.0,-1.0,-1.0,1.0	-5.374676,-2.5762088,-2.986835,-2.2037663,-5.081701,-5.379401,1.3037661,0.6312622,6.3066306,-7.6253276,-1.4684561,3.0760393
