../data/train_data_mmini/1/Train_0000.jpg	1	-1.0,-1.0,-1.0,-1.0,-1.0,-1.0,-1.0,-1.0,1.0,-1.0,1.0,1.0,-1.0,1.0,-1.0,-1.0,-1.0,1.0,1.0,1.0,1.0,1.0,1.0,1.0	-0.5833288,-0.4580046,-1.4815884,-2.453649,-1.329515,-1.7224828,-0.6572724,-1.6617842,0.23015645,-2.7697358,1.4368501,2.16753,-1.7017844,0.5650069,-1.7557322,-0.78016305,-1.0031874,0.060778406,0.1657109,1.8603674,2.4803991,0.92562413,0.012969384,3.7495594
../data/train_data_mmini/1/Train_0001.jpg	1	1.0,1.0,1.0,-1.0,-1.0,1.0,1.0,1.0,1.0,-1.0,1.0,1.0,-1.0,1.0,1.0,-1.0,1.0,1.0,-1.0,-1.0,1.0,1.0,1.0,1.0	3.2261932,0.58043516,0.02719903,-2.223899,-0.88291216,3.30498,0.6022133,0.99624836,1.1603622,-1.1032681,2.826563,2.834467,-0.27686268,0.11719328,1.6968651,-1.6720076,1.208672,0.6632123,-0.25438645,-0.2698118,1.1199567,2.0403628,1.3357633,2.171324
../data/train_data_mmini/1/Train_0002.jpg	1	1.0,-1.0,-1.0,-1.0,1.0,-1.0,-1.0,-1.0,1.0,-1.0,1.0,-1.0,-1.0,-1.0,1.0,-1.0,1.0,-1.0,-1.0,1.0,-1.0,1.0,1.0,1.0	0.5200284,-0.11036058,-1.452617,-0.042347655,2.1631632,-0.38084137,-1.7933223,-1.6743162,1.4629784,-0.8385845,3.12185,-1.1990125,-2.4480157,-1.5220761,0.2619998,-0.5390738,0.8748143,-3.0320778,-1.5880426,0.5928829,-0.6747591,0.23737061,1.3263456,2.0463753
../data/train_data_mmini/1/Train_0003.jpg	1	1.0,1.0,-1.0,-1.0,-1.0,1.0,-1.0,-1.0,1.0,-1.0,1.0,1.0,-1.0,1.0,-1.0,-1.0,1.0,1.0,-1.0,1.0,1.0,1.0,-1.0,1.0	0.71086067,1.6905127,-0.83458257,-1.5993052,-4.4214354,0.74385846,-1.3195994,-1.0589705,0.19622597,-1.6026634,0.8897479,3.148648,-0.27312192,0.45008934,-2.2360146,-1.8289913,2.0595162,3.3522177,-0.027502857,2.0289838,0.113756776,0.7692071,-0.3758965,2.43735
../data/train_data_mmini/1/Train_0004.jpg	1	-1.0,1.0,-1.0,-1.0,-1.0,1.0,-1.0,1.0,-1.0,-1.0,-1.0,1.0,-1.0,1.0,-1.0,-1.0,1.0,1.0,-1.0,-1.0,1.0,-1.0,-1.0,1.0	-2.0901308,1.8791335,-0.5465746,-3.5850976,-0.973657,1.6910367,-0.9892595,1.6134136,-1.8994374,-1.256293,-0.8344716,2.4978588,-0.053381637,1.5064011,-1.5290974,-2.186558,0.7038184,1.6803299,-0.7904555,-0.27075288,1.8808448,-0.35329747,-1.2472503,1.9620512
../data/train_data_mmini/2/Train_0005.jpg	2	1.0,1.0,1.0,-1.0,1.0,1.0,-1.0,-1.0,-1.0,-1.0,1.0,1.0,-1.0,-1.0,-1.0,-1.0,-1.0,-1.0,-1.0,1.0,1.0,1.0,-1.0,1.0	3.9569108,3.3611867,1.1597885,-3.7100003,3.5888896,2.0725796,-2.6140368,-0.16012229,-4.4959984,-2.2360435,0.21823603,3.53875,-0.31606513,-1.011394,-0.60656536,-1.459283,-4.622326,-2.9711246,-0.9314692,0.81496316,0.68279505,1.3075374,-0.8490129,4.5878396
../data/train_data_mmini/2/Train_0006.jpg	2	1.0,1.0,1.0,-1.0,-1.0,1.0,-1.0,1.0,-1.0,-1.0,1.0,1.0,-1.0,-1.0,1.0,1.0,-1.0,-1.0,-1.0,1.0,-1.0,-1.0,-1.0,1.0	3.3461509,2.6196382,2.1121013,-2.3914008,-0.36363935,3.3658643,-2.1066966,1.668946,-3.3851144,-0.21699122,0.2160539,1.3841391,-0.09545399,-0.7191358,1.9233836,0.13770893,-4.4293065,-2.200369,-4.3300858,1.4248898,-0.033275157,-4.504389,-0.64364606,3.9790747
../data/train_data_mmini/2/Train_0007.jpg	2	1.0,-1.0,-1.0,-1.0,-1.0,1.0,-1.0,-1.0,-1.0,-1.0,1.0,1.0,-1.0,-1.0,-1.0,-1.0,-1.0,1.0,-1.0,1.0,1.0,-1.0,-1.0,1.0	1.0300165,-4.1556716,-2.965414,-1.8138648,-2.1756883,0.33482462,-3.46455,-0.10051645,-0.21568558,-2.106468,2.2263744,3.9854276,-1.7567163,-0.4294417,-1.9480584,-1.2546864,-0.43014735,2.144898,-0.60769105,0.31847793,3.7423458,-1.8304708,-1.1585742,2.2946932
../data/train_data_mmini/2/Train_0008.jpg	2	-1.0,-1.0,-1.0,-1.0,1.0,1.0,-1.0,-1.0,-1.0,-1.0,1.0,-1.0,-1.0,-1.0,1.0,-1.0,1.0,-1.0,-1.0,-1.0,1.0,1.0,-1.0,-1.0	-2.285499,-0.9123075,-2.1992075,-1.8369578,5.549164,2.550658,-1.6224422,-0.005556006,-0.25814888,-0.6385196,0.90125346,-0.3480618,-2.9064808,-0.56266165,0.9939756,-3.4144282,1.7707047,-3.7404895,-0.3450699,-1.8049538,1.8497641,0.43028453,-1.0820516,-0.8980423
../data/train_data_mmini/2/Train_0009.jpg	2	1.0,1.0,-1.0,-1.0,1.0,1.0,-1.0,-1.0,-1.0,1.0,1.0,1.0,1.0,-1.0,-1.0,-1.0,-1.0,1.0,-1.0,1.0,-1.0,-1.0,-1.0,1.0	0.655263,1.1896915,-1.5311867,-1.6163266,2.821653,0.005040489,-0.96244216,-0.6818559,-4.965136,3.4712014,2.5089042,3.0515056,0.4501655,-0.86384106,-1.3318828,-2.2803738,-1.3739302,2.012778,-3.0429444,0.8632593,-0.5400868,-2.251273,-1.1684809,1.305916
../data/train_data_mmini/3/Train_0010.jpg	3	-1.0,1.0,-1.0,-1.0,1.0,1.0,-1.0,1.0,-1.0,1.0,1.0,1.0,1.0,1.0,1.0,-1.0,1.0,-1.0,-1.0,-1.0,1.0,-1.0,-1.0,1.0	-0.9564265,0.10511504,-0.32719052,-3.4116273,1.8636882,5.287446,-0.08796479,2.1935601,-0.062790416,1.0517635,2.9181163,2.7460594,0.64857274,1.3458054,1.7908995,-3.1444972,3.9636147,-0.13223746,-3.197454,-0.047824595,0.27302757,-1.2354976,-1.4158566,0.5467709
../data/train_data_mmini/3/Train_0011.jpg	3	-1.0,1.0,-1.0,1.0,1.0,1.0,-1.0,-1.0,-1.0,1.0,1.0,1.0,1.0,1.0,1.0,-1.0,-1.0,-1.0,-1.0,-1.0,1.0,-1.0,-1.0,1.0	-2.7507215,1.6595839,-0.45450732,0.7012292,6.302585,0.21978027,-0.7156513,-0.14366479,-1.949682,0.08047309,2.7184484,0.61615694,0.15040898,0.1470564,1.1100974,-0.4899262,-1.0022645,-2.0184703,-2.871927,-1.4590024,0.8676764,-0.8150817,-0.0038440134,1.3719971
../data/train_data_mmini/3/Train_0012.jpg	3	1.0,1.0,1.0,-1.0,1.0,1.0,-1.0,1.0,-1.0,1.0,1.0,1.0,-1.0,1.0,-1.0,1.0,-1.0,1.0,-1.0,1.0,1.0,-1.0,1.0,1.0	1.5870463,2.328831,1.1442106,-3.4136996,1.4516027,3.4176328,-1.84337,2.9476604,-1.4069695,0.97048646,5.7676926,2.3512807,-2.6644046,1.4814279,-2.203274,1.498183,-1.6576488,1.2569237,-1.3858708,0.434237,2.8740852,-0.5282971,1.7257695,2.6406014
../data/train_data_mmini/3/Train_0013.jpg	3	1.0,1.0,-1.0,-1.0,1.0,1.0,-1.0,1.0,1.0,1.0,1.0,1.0,1.0,1.0,1.0,-1.0,-1.0,-1.0,-1.0,-1.0,-1.0,-1.0,1.0,1.0	3.5897183,1.0727011,-1.2025149,-1.709334,1.7657697,0.45223945,-2.1805465,2.1781564,0.42267382,1.10077,2.5910954,1.4791685,0.5833542,0.035793558,3.391433,-2.2160935,-0.71316016,-3.641369,-1.6236652,-0.44196922,-1.3526535,-1.331699,1.7647874,1.8752062
../data/train_data_mmini/3/Train_0014.jpg	3	-1.0,1.0,1.0,-1.0,1.0,1.0,1.0,1.0,-1.0,-1.0,-1.0,1.0,1.0,1.0,1.0,-1.0,-1.0,-1.0,-1.0,1.0,-1.0,-1.0,-1.0,1.0	-1.2394301,2.8742115,1.0113964,-3.6147752,2.4390855,0.9994357,1.5139933,0.67594564,-2.1190102,-0.7813929,-0.05051095,0.68914324,3.6765146,1.9005094,1.2258258,-1.6237601,-1.9115589,-1.193821,-3.448613,1.1334493,-0.8717585,-0.6068405,-0.96183115,3.3530428
../data/train_data_mmini/4/Train_0015.jpg	4	-1.0,1.0,1.0,-1.0,1.0,1.0,-1.0,1.0,-1.0,-1.0,1.0,1.0,-1.0,1.0,-1.0,-1.0,-1.0,-1.0,-1.0,-1.0,1.0,-1.0,-1.0,1.0	-1.809833,1.5199912,0.091374785,-1.3145382,4.1086617,1.1135311,-3.5577712,0.4184713,-1.8567133,-1.1341919,2.86583,0.036302134,-2.2855186,1.3932915,-1.3650047,-0.9991045,-0.5213172,-1.7916114,-1.0934007,-1.2790473,3.463981,-1.1096287,-0.62369496,1.0460545
../data/train_data_mmini/4/Train_0016.jpg	4	1.0,1.0,1.0,1.0,1.0,1.0,-1.0,-1.0,1.0,1.0,-1.0,1.0,1.0,-1.0,1.0,-1.0,1.0,-1.0,-1.0,1.0,-1.0,1.0,-1.0,1.0	3.1579676,0.28786886,0.43897995,2.523992,1.952491,0.5664267,-2.0248044,-2.2868042,1.1027997,0.35719693,-0.11881101,0.7204801,0.9270209,-2.5987353,1.0743628,-0.9345975,2.7682965,-0.35583138,-0.2346608,0.87860715,-3.446487,1.1821439,-0.23943438,0.26172596
../data/train_data_mmini/4/Train_0017.jpg	4	1.0,1.0,1.0,-1.0,1.0,1.0,-1.0,-1.0,-1.0,-1.0,1.0,1.0,-1.0,-1.0,-1.0,-1.0,-1.0,-1.0,-1.0,1.0,1.0,-1.0,1.0,1.0	0.6517716,1.376699,3.112116,-3.3207824,5.5902514,4.3697176,-1.7836356,-0.4906873,-3.4276133,-0.6593485,0.7706225,2.0366418,-0.5392228,-1.1452723,-0.24947295,-0.2383757,-0.88673574,-0.83445543,-2.3440855,1.4562179,0.1231565,-0.56105995,0.11179627,4.4883494
../data/train_data_mmini/4/Train_0018.jpg	4	1.0,1.0,1.0,-1.0,1.0,1.0,-1.0,-1.0,-1.0,-1.0,-1.0,1.0,1.0,-1.0,-1.0,-1.0,-1.0,-1.0,-1.0,-1.0,1.0,-1.0,-1.0,1.0	0.3231929,1.4485317,1.0618817,-1.3847629,4.5901413,1.1539427,-2.4441707,-0.44575727,-3.5105684,-1.8014758,-0.74206024,2.11115,2.087933,-0.3878217,-0.17937134,-2.0517704,-2.397381,-1.3468795,-1.9973797,-0.49006557,0.1955635,-0.45920435,-1.9426203,2.433993
../data/train_data_mmini/4/Train_0019.jpg	4	1.0,1.0,1.0,-1.0,-1.0,1.0,-1.0,1.0,-1.0,1.0,1.0,-1.0,-1.0,1.0,1.0,-1.0,1.0,-1.0,-1.0,1.0,-1.0,-1.0,1.0,1.0	0.8752304,4.520953,0.45377207,-4.4348826,-0.57714957,3.6481807,-1.9531031,2.5294423,-0.92484415,1.3110992,1.7243369,-0.7685322,-0.1723388,0.83224255,0.6282201,-1.2010616,0.811733,-1.8452045,-4.040795,1.563509,-2.4567132,-2.433674,0.48668033,2.4705155
../data/train_data_mmini/5/Train_0020.jpg	5	1.0,1.0,-1.0,-1.0,-1.0,1.0,1.0,1.0,-1.0,-1.0,-1.0,1.0,1.0,-1.0,1.0,-1.0,-1.0,1.0,-1.0,-1.0,-1.0,1.0,1.0,1.0	4.743548,3.0621574,-1.8888136,-1.943189,-3.116429,1.7488391,1.0897913,2.0713453,-1.883549,-0.36357057,-0.5717993,3.9081075,0.53936964,-2.0985973,0.34298134,-0.12733953,-1.7985466,2.0353189,-0.81259656,-0.7683389,-1.7823694,2.105272,1.889861,3.2403984
../data/train_data_mmini/5/Train_0021.jpg	5	1.0,1.0,-1.0,-1.0,1.0,1.0,-1.0,1.0,-1.0,-1.0,-1.0,1.0,-1.0,-1.0,1.0,-1.0,-1.0,-1.0,-1.0,-1.0,-1.0,1.0,1.0,1.0	0.55560297,6.548867,-1.6526017,-2.379769,1.3049262,0.6137766,-0.5653419,1.8791466,-5.472513,-0.9224226,-1.9328256,2.7746456,-0.4175279,-0.82503444,1.1144205,-2.4607866,-4.3281226,-1.7476552,-0.9166448,-2.2962725,-0.027197868,1.0358443,0.8995216,3.2369454
../data/train_data_mmini/5/Train_0022.jpg	5	1.0,-1.0,-1.0,-1.0,-1.0,1.0,-1.0,1.0,-1.0,-1.0,1.0,1.0,-1.0,-1.0,-1.0,-1.0,-1.0,-1.0,-1.0,1.0,1.0,-1.0,-1.0,1.0	2.2901418,-3.6093168,-1.8020166,-3.4307044,-0.22964022,2.2161272,-2.2688482,0.26636317,-1.231555,-0.17336279,3.2708497,2.536674,-3.2056162,-0.7884039,-1.2591617,-1.2258059,-0.4693051,-0.12709936,-0.5367963,1.3510511,2.7921333,-1.7234821,-0.6038349,1.6022704
../data/train_data_mmini/5/Train_0023.jpg	5	1.0,-1.0,-1.0,-1.0,-1.0,1.0,-1.0,-1.0,-1.0,-1.0,-1.0,1.0,-1.0,-1.0,-1.0,-1.0,1.0,1.0,1.0,1.0,1.0,1.0,-1.0,1.0	1.7492757,-0.82387817,-1.330576,-1.9932591,-3.6305265,1.1231111,-1.6383023,-0.2771919,-2.2136378,-1.2190413,-0.98239166,2.8031669,-1.3441535,-1.4590716,-0.13975817,-2.1556005,0.92879546,2.5814497,1.3549876,0.055404123,1.4371827,0.7562119,-0.61502594,3.021174
../data/train_data_mmini/5/Train_0024.jpg	5	1.0,1.0,-1.0,-1.0,-1.0,-1.0,-1.0,1.0,-1.0,-1.0,1.0,1.0,-1.0,-1.0,-1.0,-1.0,-1.0,1.0,-1.0,1.0,1.0,-1.0,1.0,1.0	1.8872044,1.357452,-2.2767549,-1.3326315,-1.5411733,-2.0781703,-4.012317,0.49691102,-2.1552916,-1.0311586,2.0511165,5.543238,-0.09521436,-0.21112713,-1.9545623,-0.873505,-2.2328784,0.90237385,-1.9167925,0.27298403,0.3601876,-1.5237913,0.29473865,4.5071726
../data/train_data_mmini/6/Train_0025.jpg	6	1.0,1.0,1.0,-1.0,1.0,1.0,-1.0,1.0,-1.0,1.0,1.0,1.0,1.0,1.0,1.0,1.0,1.0,-1.0,-1.0,1.0,-1.0,-1.0,-1.0,1.0	0.09207551,2.1212997,2.817167,-2.434582,1.0730228,1.7216537,-0.52582484,0.13086323,-0.232095,0.81272906,3.611932,2.3425603,0.55644435,1.5095472,1.3638742,1.4578311,0.50460935,-1.464649,-3.9663258,4.915797,-0.44057727,-2.9874184,-2.1065228,4.4791574
../data/train_data_mmini/6/Train_0026.jpg	6	-1.0,1.0,1.0,-1.0,1.0,1.0,-1.0,1.0,-1.0,-1.0,1.0,1.0,1.0,1.0,-1.0,-1.0,1.0,1.0,-1.0,1.0,1.0,1.0,-1.0,1.0	-0.80869216,1.1826943,0.8935057,-2.3054106,1.241968,2.31164,-2.5513756,0.2605677,-1.9133437,-2.8937109,0.21457034,4.727013,1.5438594,0.5684658,-2.5487008,-1.0706457,0.12786171,2.817143,-1.7319441,0.27017856,0.75955695,0.38499308,-1.7263703,4.4046907
../data/train_data_mmini/6/Train_0027.jpg	6	-1.0,1.0,1.0,-1.0,1.0,1.0,1.0,1.0,-1.0,1.0,1.0,1.0,1.0,1.0,1.0,-1.0,1.0,1.0,-1.0,1.0,-1.0,-1.0,-1.0,1.0	-0.8633673,1.657515,1.656118,-0.67020714,3.391618,4.2662663,0.3135389,1.7201105,-2.2795763,2.4269173,2.2159338,1.430096,1.9181554,0.58852106,1.9923099,-0.74028635,1.2478802,0.1113317,-4.474064,0.3446082,-0.92129415,-3.192306,-1.8542502,0.19718109
../data/train_data_mmini/6/Train_0028.jpg	6	1.0,-1.0,-1.0,-1.0,1.0,-1.0,-1.0,-1.0,1.0,-1.0,1.0,1.0,1.0,-1.0,1.0,-1.0,1.0,-1.0,-1.0,-1.0,-1.0,-1.0,-1.0,1.0	0.36987382,-2.1671636,-1.813869,-0.37150878,1.8191447,-1.0839565,-2.695642,-0.65641046,0.68649274,-2.260723,1.0665394,2.6513188,1.2047979,-1.0958025,1.2774878,-1.7806201,0.7229524,-2.9282088,-2.4745305,-0.13634606,-1.6146805,-1.3524534,-0.20927899,3.7593513
../data/train_data_mmini/6/Train_0029.jpg	6	-1.0,1.0,1.0,-1.0,1.0,1.0,-1.0,-1.0,-1.0,1.0,1.0,1.0,-1.0,1.0,-1.0,-1.0,-1.0,-1.0,-1.0,1.0,1.0,-1.0,-1.0,1.0	-0.99252874,1.019926,1.9371396,-3.27632,5.1898017,1.2774347,-1.0716231,-1.4091083,-4.050883,2.4247916,3.2572055,2.6824777,-0.85912585,0.928122,-1.1021342,-1.8802595,-0.86709934,-0.05734021,-1.4320004,3.178003,1.9125559,-2.2771647,-1.206034,1.7679697
../data/train_data_mmini/7/Train_0030.jpg	7	1.0,1.0,1.0,-1.0,1.0,1.0,-1.0,-1.0,-1.0,1.0,1.0,1.0,-1.0,-1.0,-1.0,1.0,-1.0,1.0,-1.0,1.0,1.0,-1.0,-1.0,1.0	4.8630753,0.72235817,1.1358529,-0.37100947,1.7529655,1.5494057,-2.5554926,-0.610113,-2.849388,1.7075213,3.6484692,3.433825,-1.2879044,-1.295758,-1.4227542,1.3464555,-2.8920412,0.3013934,-1.7421864,2.660173,1.0082593,-2.071872,-1.1520923,1.764415
../data/train_data_mmini/7/Train_0031.jpg	7	1.0,-1.0,-1.0,-1.0,1.0,1.0,-1.0,-1.0,1.0,-1.0,1.0,1.0,-1.0,-1.0,1.0,-1.0,-1.0,-1.0,1.0,1.0,1.0,1.0,-1.0,1.0	2.485698,-0.94382405,-0.6434721,-3.0241,2.158793,0.67474943,-0.22177754,-0.05063804,0.29771715,-0.7106936,1.1345834,3.5129535,-0.32508016,-0.29583263,0.8983851,-0.88240266,-0.8589937,-2.158658,0.08300725,2.3993797,0.26926333,1.0755202,-0.066782944,3.2424328
../data/train_data_mmini/7/Train_0032.jpg	7	1.0,1.0,-1.0,-1.0,1.0,1.0,-1.0,1.0,-1.0,1.0,1.0,1.0,1.0,-1.0,1.0,-1.0,-1.0,-1.0,-1.0,-1.0,-1.0,-1.0,1.0,1.0	1.390117,5.1021714,-0.18623397,-1.4080671,5.7340255,2.8675368,-1.0055503,4.7109265,-3.5619192,1.0094936,0.45226026,3.2480066,2.868416,-0.061530024,3.0410335,-1.2891898,-3.425711,-2.9512155,-3.6032877,-3.4145226,-1.9206355,-1.580637,2.4758463,1.8220229
../data/train_data_mmini/7/Train_0033.jpg	7	1.0,-1.0,-1.0,-1.0,-1.0,1.0,-1.0,1.0,-1.0,1.0,1.0,1.0,1.0,-1.0,-1.0,-1.0,-1.0,1.0,-1.0,1.0,-1.0,-1.0,1.0,1.0	3.2108266,-1.1906894,-2.234219,-2.1489315,-0.55954134,0.9464496,-2.3986795,0.39187208,-1.3100317,1.2452272,3.6850433,5.7771387,0.3458442,-1.2052946,-2.9410057,-0.720157,-0.9780956,3.6259463,-3.8699112,2.1168878,-0.7873743,-2.9109814,0.067617245,3.0863116
../data/train_data_mmini/7/Train_0034.jpg	7	-1.0,1.0,-1.0,-1.0,1.0,1.0,-1.0,1.0,-1.0,1.0,1.0,1.0,1.0,1.0,1.0,-1.0,1.0,-1.0,-1.0,-1.0,-1.0,-1.0,1.0,1.0	-4.351976,1.2991258,-2.303083,-1.6456409,3.23021,2.0670125,-0.26114663,3.3718698,-0.42176777,0.87452716,1.110812,1.8511809,1.7172097,1.4394133,2.2795668,-2.544372,2.3174067,-1.3974187,-3.8711607,-1.9543061,-1.3450689,-2.3620858,0.35179883,0.60696524
../data/train_data_mmini/8/Train_0035.jpg	8	1.0,-1.0,1.0,-1.0,1.0,1.0,-1.0,-1.0,-1.0,1.0,1.0,1.0,-1.0,-1.0,1.0,-1.0,-1.0,-1.0,-1.0,1.0,1.0,-1.0,-1.0,1.0	2.2027566,-0.49226117,0.7898536,-2.9283326,5.806384,1.8300616,-2.5220022,-0.058282275,-5.1075597,1.9577268,5.0418587,4.5368376,-1.6562207,-0.112716645,0.88952404,-1.9378716,-2.4821944,-2.5669885,-2.2741914,1.0119711,3.161773,-2.6302872,-1.6259506,2.5826101
../data/train_data_mmini/8/Train_0036.jpg	8	1.0,-1.0,1.0,-1.0,1.0,-1.0,-1.0,1.0,-1.0,1.0,1.0,1.0,1.0,1.0,-1.0,1.0,-1.0,-1.0,-1.0,1.0,-1.0,-1.0,-1.0,1.0	2.7302144,-2.5949097,0.991621,-2.2064843,2.7219594,-0.61502194,-3.2405071,0.22182803,-0.66896105,0.789634,3.44615,4.2201524,1.760461,0.7372343,-0.030331321,0.033151813,-1.2233636,-1.6425183,-2.6555936,4.0093684,-0.32749492,-4.4694405,-1.1006904,3.9666276
../data/train_data_mmini/8/Train_0037.jpg	8	-1.0,1.0,-1.0,-1.0,1.0,1.0,-1.0,-1.0,-1.0,-1.0,1.0,1.0,1.0,-1.0,-1.0,-1.0,-1.0,-1.0,-1.0,-1.0,-1.0,-1.0,-1.0,1.0	-0.7250951,0.15182938,-0.13691697,-0.2845912,5.759096,0.9166386,-3.6234188,-0.597647,-2.9497268,-0.15275386,0.69788176,4.666663,1.2980951,-1.0126064,-0.062727086,-2.0740182,-0.19886962,-0.5398388,-2.2365901,-0.04831087,-1.5290735,-1.8237292,-0.26946926,3.484864
../data/train_data_mmini/8/Train_0038.jpg	8	-1.0,1.0,-1.0,-1.0,1.0,1.0,-1.0,1.0,-1.0,1.0,1.0,1.0,-1.0,1.0,1.0,-1.0,1.0,-1.0,-1.0,1.0,1.0,1.0,-1.0,-1.0	-2.1948097,0.50528383,-0.7785325,-2.0673003,4.9721146,4.0317354,-0.28837672,0.36392996,-0.78323185,2.1881826,4.1902075,1.271988,-4.0531783,0.24652767,1.092374,-2.5232573,3.90503,-2.5306444,-0.06308051,0.35819727,1.2367654,0.88972974,-0.33295912,-0.27777642
../data/train_data_mmini/8/Train_0039.jpg	8	1.0,1.0,1.0,-1.0,1.0,-1.0,-1.0,-1.0,-1.0,1.0,1.0,1.0,-1.0,-1.0,1.0,-1.0,-1.0,-1.0,-1.0,1.0,1.0,-1.0,-1.0,1.0	3.8019161,0.057195082,0.8660439,-2.8680937,5.898686,-0.05769802,-3.8317537,-0.08822431,-6.3389707,2.3917005,5.972986,6.460921,-0.31802404,-0.30841792,0.44447774,-1.6321886,-4.4660687,-1.9170738,-3.2631335,1.559159,2.358129,-4.156836,-0.6452552,4.6777744
../data/train_data_mmini/9/Train_0040.jpg	9	-1.0,1.0,-1.0,-1.0,1.0,1.0,-1.0,-1.0,-1.0,-1.0,1.0,1.0,-1.0,1.0,-1.0,-1.0,-1.0,-1.0,-1.0,-1.0,1.0,-1.0,-1.0,1.0	-1.2786789,1.9793355,-0.0076067746,-3.1997998,4.228696,1.588262,-1.4634413,-0.18528719,-4.823826,-0.70729744,2.4570658,2.1553953,-1.694803,0.6324851,-1.7140485,-1.033495,-3.3641016,-0.87829554,-2.020909,-0.4307049,3.9377942,-0.72187257,-1.7881067,2.6503167
../data/train_data_mmini/9/Train_0041.jpg	9	1.0,1.0,-1.0,-1.0,-1.0,1.0,1.0,1.0,-1.0,1.0,1.0,1.0,1.0,-1.0,1.0,-1.0,-1.0,-1.0,-1.0,-1.0,-1.0,-1.0,1.0,1.0	5.990431,0.9113023,-1.9604205,-2.1759908,-0.6556939,1.5121897,0.31688455,2.5665352,-1.4602027,1.2344481,3.1454298,4.1092706,2.0364027,-1.4804246,2.7795727,-1.2510258,-1.8445778,-0.24010283,-3.9715297,-0.35811064,-1.9169912,-1.0607367,1.726306,3.3370054
../data/train_data_mmini/9/Train_0042.jpg	9	-1.0,1.0,-1.0,-1.0,1.0,1.0,-1.0,1.0,-1.0,-1.0,1.0,-1.0,-1.0,1.0,1.0,-1.0,-1.0,-1.0,-1.0,-1.0,1.0,-1.0,-1.0,1.0	-0.7201409,2.9583862,-0.03954321,-0.77284086,3.4940226,0.9158949,-2.0369017,1.2588041,-1.3744826,-0.96609324,0.38220578,-0.30917758,-0.67781943,0.7921303,0.8826464,-0.99041796,-1.0324492,-2.0937934,-0.47508264,-2.136828,1.8981688,-0.04128521,-0.064210825,0.46547753
../data/train_data_mmini/9/Train_0043.jpg	9	1.0,1.0,1.0,-1.0,1.0,1.0,-1.0,1.0,-1.0,-1.0,1.0,1.0,-1.0,-1.0,1.0,-1.0,-1.0,-1.0,-1.0,1.0,1.0,-1.0,-1.0,1.0	3.9987876,0.079147235,0.152511,-1.5444652,1.7071733,0.94683856,-2.6112082,0.503325,-3.9115806,-0.063043125,1.8032002,1.7328625,-0.5282418,-0.996662,1.7859291,-0.6371108,-4.772162,-3.9533865,-2.8983057,0.49069256,1.3300993,-3.5778513,-1.727721,2.6015334
../data/train_data_mmini/9/Train_0044.jpg	9	1.0,1.0,1.0,-1.0,1.0,1.0,-1.0,1.0,-1.0,1.0,1.0,1.0,-1.0,1.0,1.0,1.0,-1.0,-1.0,-1.0,1.0,1.0,-1.0,-1.0,1.0	2.1613326,2.0457132,3.376851,-2.6312919,2.153695,2.4593353,-0.8692583,0.15718041,-2.3099797,2.0772965,4.645216,0.9061671,-1.6476057,1.4607348,0.65659213,1.0595727,-1.6964474,-1.4159658,-1.7199903,3.3533144,2.8153987,-2.214923,-1.7533468,2.1431518
../data/train_data_mmini/10/Train_0045.jpg	10	-1.0,1.0,1.0,-1.0,1.0,-1.0,-1.0,1.0,-1.0,1.0,1.0,1.0,1.0,1.0,1.0,-1.0,1.0,-1.0,-1.0,1.0,-1.0,-1.0,-1.0,1.0	-2.640056,1.4250735,0.012507409,-1.5918344,6.1384635,-0.17708063,-4.6574955,3.10635,-3.5640695,3.0971925,4.4997787,6.438416,1.1955949,2.5881572,0.7382279,-1.3576639,0.35547093,-1.9373593,-3.0574868,1.0328454,-0.57455754,-5.689827,-0.1605988,3.3095193
../data/train_data_mmini/10/Train_0046.jpg	10	-1.0,1.0,1.0,-1.0,1.0,1.0,-1.0,-1.0,-1.0,1.0,1.0,1.0,-1.0,1.0,1.0,-1.0,-1.0,-1.0,-1.0,-1.0,1.0,-1.0,-1.0,1.0	-2.9662836,3.9489772,1.232911,-0.009807199,6.6789823,2.2384562,-0.64908034,-0.20917536,-3.869069,2.8272092,3.4439125,0.62190074,-1.2854029,0.32473502,0.3011052,-0.38421392,-0.10840115,-1.14057,-2.8842351,-0.634689,0.7246441,-0.8988775,-0.62412417,0.4182667
../data/train_data_mmini/10/Train_0047.jpg	10	-1.0,1.0,1.0,-1.0,1.0,1.0,-1.0,1.0,-1.0,-1.0,1.0,1.0,1.0,1.0,1.0,-1.0,-1.0,-1.0,-1.0,1.0,-1.0,-1.0,1.0,1.0	-0.80274516,0.80568314,0.9062811,-3.9846847,4.975356,0.33076856,-4.5282836,3.2718112,-2.4804513,-0.1894514,0.30071473,5.811531,1.7948682,2.020246,0.93796366,-1.4333453,-0.83277655,-3.114257,-1.034018,0.9791394,-0.94253653,-2.8609498,0.8060714,5.3460217
../data/train_data_mmini/10/Train_0048.jpg	10	-1.0,1.0,1.0,-1.0,1.0,1.0,-1.0,1.0,-1.0,1.0,1.0,1.0,-1.0,1.0,-1.0,1.0,-1.0,-1.0,-1.0,1.0,1.0,-1.0,-1.0,1.0	-0.7152433,3.156781,0.80966926,-4.1253514,6.211997,2.138454,-1.6605034,2.0015287,-3.2779088,4.5175257,7.312501,2.169389,-2.4584908,1.8773968,-0.5359052,0.45603293,-0.29276636,-2.3932858,-3.1730657,2.4833114,1.3545947,-2.1877344,-0.6156755,2.4295993
../data/train_data_mmini/10/Train_0049.jpg	10	-1.0,1.0,1.0,-1.0,1.0,1.0,-1.0,-1.0,-1.0,1.0,1.0,1.0,1.0,1.0,1.0,-1.0,-1.0,-1.0,-1.0,1.0,1.0,-1.0,-1.0,1.0	-0.6263283,1.580267,2.7459579,-3.5004241,7.5423193,1.4217609,-2.083376,-1.0407227,-5.578701,1.5034412,4.4502687,4.3197436,0.022498772,0.8251484,1.157089,-1.7584823,-2.237453,-2.3094444,-3.4162114,2.4799528,1.798816,-3.2168274,-2.1760654,5.0120773
