../data/train_data_mmini/1/Train_0000.jpg	1	-1.0,-1.0,-1.0,1.0,-1.0,-1.0,1.0,1.0,-1.0,-1.0,1.0,-1.0	-0.06874987,-0.09425687,-0.082513124,0.020854447,-0.19398057,-0.16398782,0.011648204,0.031724703,-0.21959625,-0.04482737,0.25924322,-0.06116149
../data/train_data_mmini/1/Train_0001.jpg	1	-1.0,-1.0,-1.0,1.0,-1.0,-1.0,1.0,-1.0,-1.0,1.0,1.0,-1.0	-0.3938519,-0.21574253,-0.23434058,0.0457162,-0.08039952,-0.17987719,0.04176482,-0.13476329,-0.16103275,0.08862695,0.32847622,-0.020496935
../data/train_data_mmini/1/Train_0002.jpg	1	1.0,-1.0,1.0,1.0,-1.0,1.0,1.0,1.0,-1.0,1.0,-1.0,1.0	0.09266243,-0.05264184,0.030971738,0.028288458,-0.15165928,0.08464036,0.024873044,0.14055659,-0.16417964,0.052439064,-0.022564217,0.016641587
../data/train_data_mmini/1/Train_0003.jpg	1	-1.0,-1.0,-1.0,1.0,-1.0,-1.0,1.0,1.0,-1.0,-1.0,1.0,-1.0	-0.11830299,-0.10459236,-0.15216121,0.0021427008,-0.106016584,-0.22918761,0.04405382,0.038030516,-0.36061633,-0.050767273,0.30346927,-0.06863657
../data/train_data_mmini/1/Train_0004.jpg	1	1.0,-1.0,-1.0,-1.0,-1.0,-1.0,1.0,1.0,-1.0,-1.0,1.0,-1.0	0.024943272,-0.008283912,-0.052297916,-0.0638133,-0.22212717,-0.13014945,0.07042256,0.04383589,-0.40713584,-0.15215054,0.24763556,-0.1027455
../data/train_data_mmini/2/Train_0005.jpg	2	-1.0,-1.0,-1.0,1.0,1.0,1.0,-1.0,1.0,-1.0,1.0,1.0,-1.0	-0.11794352,-0.25124758,-0.15969327,0.13604227,0.02723884,0.0009597873,-0.13958815,0.08899905,-0.15004246,0.013921886,0.07361214,-0.10499373
../data/train_data_mmini/2/Train_0006.jpg	2	1.0,1.0,1.0,1.0,1.0,1.0,-1.0,1.0,1.0,1.0,-1.0,1.0	0.022060761,0.062163852,0.09037444,0.12625805,0.6087383,0.14874649,-0.045341227,0.10986389,0.7983102,0.13140836,-0.5444121,0.044794172
../data/train_data_mmini/2/Train_0007.jpg	2	1.0,-1.0,1.0,-1.0,-1.0,-1.0,1.0,1.0,-1.0,-1.0,1.0,-1.0	0.06987033,-0.09714576,0.097441345,-0.005616155,-0.123230286,-0.056601174,0.0423077,0.14859279,-0.32495338,-0.21189567,0.25330868,-0.21762815
../data/train_data_mmini/2/Train_0008.jpg	2	1.0,1.0,1.0,1.0,1.0,1.0,-1.0,1.0,1.0,-1.0,-1.0,-1.0	0.2516303,0.09408019,0.23260364,0.017077062,0.16422385,0.12691423,-0.20515344,0.16129918,0.27068973,-0.15491048,-0.3329569,-0.18012181
../data/train_data_mmini/2/Train_0009.jpg	2	-1.0,-1.0,-1.0,1.0,1.0,-1.0,1.0,1.0,1.0,1.0,1.0,1.0	-0.32814676,-0.06325561,-0.34817836,0.100933164,0.14038521,-0.12681183,0.1983299,0.2284276,0.023142077,0.03588155,0.13976814,0.032166332
../data/train_data_mmini/3/Train_0010.jpg	3	-1.0,1.0,-1.0,-1.0,1.0,1.0,-1.0,-1.0,1.0,-1.0,-1.0,-1.0	-0.30050704,0.032883238,-0.024273125,-0.039811578,0.5156584,0.6566265,-0.066150814,-0.15366565,0.3860848,-0.4032342,-0.79591787,-0.19195774
../data/train_data_mmini/3/Train_0011.jpg	3	1.0,-1.0,-1.0,-1.0,-1.0,-1.0,1.0,-1.0,-1.0,1.0,1.0,-1.0	0.19646268,-0.32624146,-0.14948127,-0.07133415,-0.53689617,-0.008227881,0.12171152,-0.035609473,-1.2173986,0.01744315,0.6338376,-0.28106812
../data/train_data_mmini/3/Train_0012.jpg	3	-1.0,-1.0,-1.0,-1.0,-1.0,-1.0,1.0,1.0,-1.0,1.0,1.0,1.0	-0.3949414,-0.11872584,-0.432438,-0.29320407,-0.7498231,-0.7148834,0.51544166,0.061245035,-0.58958995,0.19123021,0.7660269,0.4829856
../data/train_data_mmini/3/Train_0013.jpg	3	1.0,1.0,1.0,1.0,1.0,1.0,-1.0,1.0,1.0,1.0,-1.0,1.0	0.12565987,0.31607553,0.42282954,0.018430326,0.3900844,0.0026495566,-0.022840235,0.182009,0.85695136,0.35494718,-0.52932864,0.0048318207
../data/train_data_mmini/3/Train_0014.jpg	3	1.0,-1.0,-1.0,1.0,1.0,1.0,-1.0,1.0,-1.0,-1.0,-1.0,-1.0	0.21076755,-0.07078779,-0.05038282,0.03543571,0.00812822,0.10021892,-0.05345956,0.16436733,-0.26536804,-0.11396089,-0.08126889,-0.21188453
../data/train_data_mmini/4/Train_0015.jpg	4	1.0,1.0,1.0,-1.0,-1.0,-1.0,1.0,1.0,-1.0,1.0,1.0,1.0	0.17026465,0.052624166,0.39667007,-0.14123008,-0.43293822,-0.13779128,0.17338356,0.27200043,-0.0036666328,0.11449394,0.15433998,0.19286874
../data/train_data_mmini/4/Train_0016.jpg	4	-1.0,-1.0,-1.0,1.0,1.0,-1.0,-1.0,-1.0,-1.0,-1.0,1.0,-1.0	-0.07309546,-0.41648868,-0.34661385,0.32262996,0.15303701,-0.13490784,-0.26239154,-0.06392585,-0.21847445,-0.038356304,0.24157612,-0.15615734
../data/train_data_mmini/4/Train_0017.jpg	4	-1.0,-1.0,-1.0,1.0,1.0,-1.0,1.0,-1.0,1.0,1.0,1.0,1.0	-0.11415615,-0.23191217,-0.124568254,0.03710476,0.18817598,-0.2424326,0.19917008,-0.12647425,0.43237966,0.22611633,0.036149815,0.28314957
../data/train_data_mmini/4/Train_0018.jpg	4	-1.0,-1.0,-1.0,1.0,-1.0,1.0,-1.0,1.0,-1.0,1.0,-1.0,-1.0	-0.39260843,-0.345363,-0.13880149,0.057102952,-0.016016519,0.2641947,-0.014156196,0.02115203,-0.06587627,0.028959692,-0.057676986,-0.01705584
../data/train_data_mmini/4/Train_0019.jpg	4	1.0,1.0,1.0,1.0,1.0,1.0,-1.0,1.0,1.0,1.0,-1.0,-1.0	0.3279018,0.32710007,0.3960978,0.061884437,0.4970693,0.054059383,-0.018861149,0.26994485,0.55757844,0.051271886,-0.50944376,-0.030780524
../data/train_data_mmini/5/Train_0020.jpg	5	-1.0,-1.0,-1.0,1.0,-1.0,-1.0,1.0,1.0,-1.0,-1.0,1.0,-1.0	-0.13138734,-0.13192628,-0.090203136,0.054374907,-0.014781838,-0.13647866,0.04913285,0.09322782,-0.2958513,-0.070129484,0.2286473,-0.13193509
../data/train_data_mmini/5/Train_0021.jpg	5	1.0,1.0,1.0,-1.0,-1.0,-1.0,1.0,1.0,-1.0,1.0,1.0,-1.0	0.21174555,0.07119772,0.1131033,-0.06493303,-0.27368948,-0.11468386,0.05264088,0.32993275,-0.18290198,0.0015514189,0.25140283,-0.017804116
../data/train_data_mmini/5/Train_0022.jpg	5	-1.0,1.0,1.0,1.0,1.0,-1.0,1.0,1.0,-1.0,-1.0,1.0,-1.0	-0.036496423,0.019939816,0.06608793,0.023239765,0.031240994,-0.070281625,0.028773215,0.15418728,-0.024772279,-0.17213407,0.06027551,-0.14651701
../data/train_data_mmini/5/Train_0023.jpg	5	-1.0,-1.0,-1.0,-1.0,-1.0,-1.0,1.0,1.0,-1.0,-1.0,1.0,-1.0	-0.20801769,-0.09698265,-0.102583855,-0.023811784,-0.13936448,-0.09887811,0.097356945,0.20868422,-0.23503476,-0.099327534,0.3333135,-0.04359576
../data/train_data_mmini/5/Train_0024.jpg	5	1.0,-1.0,-1.0,-1.0,-1.0,-1.0,1.0,1.0,-1.0,-1.0,1.0,-1.0	0.095527746,-0.009589265,-0.13243493,-0.15853098,-0.4492206,-0.3399375,0.07354972,0.33332735,-0.7278281,-0.09211263,0.4951711,-0.112500876
../data/train_data_mmini/6/Train_0025.jpg	6	1.0,-1.0,-1.0,1.0,1.0,1.0,-1.0,-1.0,-1.0,-1.0,-1.0,-1.0	0.067098595,-0.017418547,-0.04957327,0.005215201,0.20220822,0.13743572,-0.07554868,-0.006219852,-0.36016876,-0.10718146,-0.097540006,-0.24540582
../data/train_data_mmini/6/Train_0026.jpg	6	-1.0,-1.0,-1.0,1.0,1.0,-1.0,1.0,-1.0,-1.0,1.0,1.0,1.0	-0.46050778,-0.4530517,-0.36556014,0.12930408,0.0105670635,-0.09540357,0.19598171,-0.10623221,-0.06949029,0.25683537,0.28237215,0.021101087
../data/train_data_mmini/6/Train_0027.jpg	6	-1.0,-1.0,-1.0,1.0,1.0,1.0,-1.0,-1.0,-1.0,-1.0,-1.0,-1.0	-0.32889178,-0.30728832,-0.28428677,0.22518393,0.27614486,0.3105364,-0.045604203,-0.055506397,-0.54892945,-0.18547496,-0.06027277,-0.16675135
../data/train_data_mmini/6/Train_0028.jpg	6	1.0,-1.0,-1.0,1.0,-1.0,1.0,-1.0,1.0,-1.0,-1.0,1.0,-1.0	0.32785752,-0.313429,-0.12688622,0.16337922,-0.08906145,0.08292276,-0.1451855,0.08005877,-0.77099645,-0.17175895,0.28715798,-0.35283354
../data/train_data_mmini/6/Train_0029.jpg	6	-1.0,1.0,1.0,-1.0,1.0,1.0,1.0,1.0,1.0,-1.0,-1.0,1.0	-0.0931954,0.23602599,0.090298206,-0.027686622,0.27061915,0.16638039,0.055254962,0.016385507,0.455024,-0.018456072,-0.44808933,0.013233751
../data/train_data_mmini/7/Train_0030.jpg	7	-1.0,-1.0,-1.0,1.0,-1.0,-1.0,1.0,1.0,-1.0,1.0,1.0,-1.0	-0.10878625,-0.22341698,-0.04307541,0.15217265,-0.0666594,-0.28401032,0.022320654,0.19357736,-0.16910508,0.101412505,0.34170154,-0.03347668
../data/train_data_mmini/7/Train_0031.jpg	7	-1.0,-1.0,-1.0,1.0,1.0,-1.0,-1.0,-1.0,1.0,1.0,-1.0,1.0	-0.41064808,-0.14977622,-0.2395595,0.012491617,0.24606532,-0.10564666,-0.020892892,-0.13039939,0.23941952,0.082253724,-0.10248797,0.009206265
../data/train_data_mmini/7/Train_0032.jpg	7	1.0,-1.0,-1.0,-1.0,-1.0,-1.0,-1.0,1.0,-1.0,-1.0,1.0,-1.0	0.20604901,-0.20708933,-0.15269181,-0.08765134,-0.3182053,-0.06440415,-0.025156233,0.2600624,-0.7084994,-0.17575207,0.2531214,-0.048630744
../data/train_data_mmini/7/Train_0033.jpg	7	-1.0,-1.0,-1.0,1.0,1.0,-1.0,1.0,1.0,-1.0,-1.0,1.0,-1.0	-0.19029973,-0.3253673,-0.5200129,0.15768471,0.054275744,-0.16390531,0.026825156,0.2437057,-0.59778225,-0.18379685,0.27015164,-0.087040395
../data/train_data_mmini/7/Train_0034.jpg	7	1.0,-1.0,-1.0,-1.0,-1.0,1.0,-1.0,1.0,-1.0,-1.0,1.0,-1.0	0.66650003,-0.40453434,-0.26031572,-0.32207236,-0.42648375,0.43369848,-0.34038728,0.03430726,-1.880839,-0.59026915,0.36086443,-0.5237982
../data/train_data_mmini/8/Train_0035.jpg	8	-1.0,1.0,1.0,1.0,1.0,-1.0,1.0,1.0,1.0,-1.0,1.0,-1.0	-0.020698568,0.1862154,0.1095573,0.0018076036,0.052991025,-0.01928131,0.006066706,0.22055574,0.07104134,-0.13253465,0.031477824,-0.041224808
../data/train_data_mmini/8/Train_0036.jpg	8	-1.0,-1.0,-1.0,1.0,1.0,1.0,1.0,-1.0,-1.0,-1.0,-1.0,-1.0	-0.21472134,-0.21606994,-0.17578503,0.12817654,0.19897604,0.004194293,0.015952375,-0.007254827,-0.033307634,-0.0161151,-0.008323893,-0.09380463
../data/train_data_mmini/8/Train_0037.jpg	8	1.0,-1.0,-1.0,1.0,-1.0,-1.0,1.0,1.0,-1.0,1.0,1.0,-1.0	0.014771559,-0.3531675,-0.13595721,0.06935367,-0.04899288,-0.046538826,0.054514255,0.006519747,-0.47196352,0.0011365706,0.31648532,-0.13226041
../data/train_data_mmini/8/Train_0038.jpg	8	1.0,1.0,1.0,1.0,1.0,-1.0,-1.0,1.0,1.0,-1.0,-1.0,-1.0	0.10481236,0.07051943,0.1250566,0.05601326,0.16422898,-0.07409547,-0.12030193,0.05144204,0.07337568,-0.03238848,-0.10499428,-0.06722012
../data/train_data_mmini/8/Train_0039.jpg	8	-1.0,1.0,1.0,-1.0,1.0,-1.0,1.0,1.0,1.0,-1.0,-1.0,1.0	-0.050637208,0.17793399,0.07444468,-0.041081753,0.05365526,-0.031977322,0.08707371,0.15504189,0.14172882,-0.065907806,-0.018550321,0.024208337
../data/train_data_mmini/9/Train_0040.jpg	9	1.0,-1.0,1.0,-1.0,-1.0,-1.0,1.0,1.0,-1.0,-1.0,1.0,-1.0	0.20162736,-0.004741928,0.19447413,-0.07142064,-0.20698762,-0.1269345,0.12716326,0.21046622,-0.21630292,-0.09215096,0.17512836,-0.13493833
../data/train_data_mmini/9/Train_0041.jpg	9	-1.0,-1.0,-1.0,1.0,1.0,1.0,1.0,-1.0,-1.0,-1.0,1.0,-1.0	-0.38366514,-0.43668455,-0.5754225,0.21260431,0.14819086,0.0049421303,0.014428463,-0.15784745,-0.637541,-0.15452373,0.23016663,-0.2822279
../data/train_data_mmini/9/Train_0042.jpg	9	1.0,1.0,1.0,-1.0,-1.0,-1.0,1.0,1.0,-1.0,-1.0,1.0,-1.0	0.25138494,0.09343202,0.34603348,-0.26811716,-0.45462495,-0.15473671,0.17220148,0.14003994,-0.27014032,-0.0027599637,0.22333391,-0.0075688064
../data/train_data_mmini/9/Train_0043.jpg	9	1.0,1.0,1.0,1.0,1.0,1.0,-1.0,1.0,1.0,-1.0,-1.0,-1.0	0.070525445,0.050986383,0.35653344,0.08118245,0.20523763,0.11107911,-0.013128791,0.21825768,0.32412422,-0.0026473706,-0.15788744,-0.078989655
../data/train_data_mmini/9/Train_0044.jpg	9	-1.0,1.0,1.0,-1.0,1.0,-1.0,1.0,1.0,1.0,1.0,-1.0,1.0	-0.17982982,0.24397162,0.11055961,-0.07307878,0.16744894,-0.091136865,0.12770006,0.10971053,0.4385326,0.1009852,-0.218908,0.1653479
../data/train_data_mmini/10/Train_0045.jpg	10	-1.0,1.0,-1.0,1.0,1.0,1.0,-1.0,1.0,1.0,-1.0,-1.0,1.0	-0.010467849,0.16687882,-0.038342383,0.105570525,0.24064612,0.06347938,-0.062365685,0.18302502,0.09800587,-0.24417034,-0.2659017,0.0016082823
../data/train_data_mmini/10/Train_0046.jpg	10	1.0,1.0,1.0,-1.0,1.0,1.0,1.0,1.0,1.0,1.0,-1.0,1.0	0.20701651,0.19257863,0.02150038,-0.041805055,0.18842822,0.075291425,0.018598344,0.088070706,0.16078357,0.051618665,-0.2239782,0.029582173
../data/train_data_mmini/10/Train_0047.jpg	10	1.0,1.0,1.0,-1.0,1.0,1.0,-1.0,1.0,-1.0,-1.0,-1.0,-1.0	0.38145438,0.05426987,0.1630638,-0.02179351,0.1360746,0.09288913,-0.23894086,0.2050807,-0.089774705,-0.07899514,-0.14695679,-0.1370404
../data/train_data_mmini/10/Train_0048.jpg	10	1.0,1.0,1.0,-1.0,1.0,-1.0,-1.0,1.0,1.0,-1.0,-1.0,1.0	0.14345776,0.34622768,0.06914547,-0.105662435,0.19507372,-0.09927787,-0.115805775,0.15464278,0.070509814,-0.24340603,-0.26146215,0.03654316
../data/train_data_mmini/10/Train_0049.jpg	10	1.0,1.0,1.0,-1.0,1.0,1.0,-1.0,1.0,-1.0,-1.0,-1.0,-1.0	0.10822884,0.16463989,0.10543206,-0.052173343,0.011902684,0.061408836,-0.026062164,0.16075654,-0.0269432,-0.12616333,-0.0016194431,-0.10219988
