../data/train_data_mmini/1/Train_0000.jpg	1	1.0,1.0,1.0,-1.0,1.0,-1.0,-1.0,-1.0	0.03253367,3.865146,0.44656658,-0.6555343,0.6271961,-2.9835377,-1.214556,-0.09798326
../data/train_data_mmini/1/Train_0001.jpg	1	-1.0,1.0,1.0,-1.0,1.0,-1.0,-1.0,1.0	-1.3834528,9.623711,3.2407107,-0.38903219,0.2416252,-3.8169546,-0.4553735,0.16844666
../data/train_data_mmini/1/Train_0002.jpg	1	1.0,1.0,1.0,-1.0,1.0,-1.0,-1.0,-1.0	6.803516,6.254027,0.07579602,-1.1126628,1.9399748,-2.5046914,-6.4338336,-2.263596
../data/train_data_mmini/1/Train_0003.jpg	1	-1.0,1.0,1.0,-1.0,1.0,-1.0,1.0,1.0	-1.4999188,4.397774,0.6163189,-0.02896498,3.2228045,-2.6922362,2.5091195,4.6006427
../data/train_data_mmini/1/Train_0004.jpg	1	-1.0,1.0,1.0,1.0,-1.0,-1.0,-1.0,-1.0	-0.3728199,3.1733856,2.6928933,0.7619959,-1.751381,-0.8781446,-1.0531033,-1.8673918
../data/train_data_mmini/2/Train_0005.jpg	2	1.0,1.0,1.0,1.0,1.0,1.0,-1.0,-1.0	3.1319675,10.207687,5.4133205,3.0374222,0.78418446,0.3305866,-3.2289047,-2.546485
../data/train_data_mmini/2/Train_0006.jpg	2	1.0,1.0,1.0,1.0,1.0,1.0,1.0,1.0	0.85878175,5.3591967,7.217308,5.0032477,1.9512255,3.9388425,1.7384211,1.4211918
../data/train_data_mmini/2/Train_0007.jpg	2	1.0,1.0,1.0,1.0,-1.0,-1.0,-1.0,1.0	0.02816401,2.3068268,0.14035591,0.14616844,-0.95848995,-2.296353,-1.1014663,0.88920105
../data/train_data_mmini/2/Train_0008.jpg	2	1.0,1.0,1.0,1.0,-1.0,1.0,-1.0,-1.0	2.691955,4.190832,3.6082973,0.91756207,-4.295878,0.049972657,-4.3411655,-7.6338215
../data/train_data_mmini/2/Train_0009.jpg	2	1.0,1.0,1.0,1.0,1.0,-1.0,-1.0,-1.0	1.7197026,10.312272,5.3086443,2.6563842,1.0013932,-0.60558695,-2.2693312,-0.545605
../data/train_data_mmini/3/Train_0010.jpg	3	-1.0,1.0,1.0,1.0,-1.0,-1.0,-1.0,-1.0	-1.6955205,12.340549,7.382103,2.955755,-1.7113266,-0.7202566,-0.24417587,-1.4515193
../data/train_data_mmini/3/Train_0011.jpg	3	1.0,1.0,1.0,-1.0,-1.0,-1.0,-1.0,-1.0	5.5652347,8.605843,1.2881867,-1.5457006,-0.5808448,-3.806868,-7.612285,-6.6074333
../data/train_data_mmini/3/Train_0012.jpg	3	1.0,1.0,1.0,1.0,1.0,-1.0,-1.0,1.0	1.762383,6.7236924,4.1591372,0.9956401,2.8623345,-0.73538613,-0.9113352,0.12672094
../data/train_data_mmini/3/Train_0013.jpg	3	1.0,1.0,1.0,1.0,-1.0,1.0,-1.0,-1.0	2.6338382,8.491605,8.229039,4.0069447,-0.68312114,3.1002033,-1.6630714,-2.600623
../data/train_data_mmini/3/Train_0014.jpg	3	1.0,1.0,1.0,1.0,-1.0,1.0,-1.0,-1.0	2.6823783,9.747997,5.543445,3.1511729,-1.6153245,0.040025357,-4.2156553,-4.461034
../data/train_data_mmini/4/Train_0015.jpg	4	1.0,1.0,1.0,1.0,-1.0,-1.0,-1.0,-1.0	3.9957473,2.0336258,1.3511624,0.33279696,-1.5467843,-0.84760666,-4.9714403,-5.270052
../data/train_data_mmini/4/Train_0016.jpg	4	1.0,1.0,-1.0,-1.0,1.0,-1.0,-1.0,-1.0	3.6832988,10.677717,-0.13527744,-1.5315757,3.653342,-4.8607655,-4.3071136,-0.35143214
../data/train_data_mmini/4/Train_0017.jpg	4	1.0,1.0,1.0,1.0,1.0,1.0,-1.0,1.0	5.231419,8.037902,4.602407,2.0480132,5.521744,0.51646817,-2.325098,0.6579962
../data/train_data_mmini/4/Train_0018.jpg	4	1.0,1.0,1.0,1.0,-1.0,-1.0,-1.0,-1.0	3.8660846,10.811604,1.8679198,0.5083326,-1.5331507,-3.056795,-6.60488,-5.98137
../data/train_data_mmini/4/Train_0019.jpg	4	1.0,1.0,1.0,1.0,1.0,1.0,1.0,1.0	3.3469555,4.831031,8.5067,6.427956,2.1526759,6.232182,1.4429901,1.2540362
../data/train_data_mmini/5/Train_0020.jpg	5	1.0,1.0,1.0,1.0,1.0,-1.0,1.0,1.0	0.17866027,4.216345,1.8104856,1.1920135,1.0959069,-1.2080109,0.2980622,3.3747308
../data/train_data_mmini/5/Train_0021.jpg	5	1.0,1.0,1.0,1.0,-1.0,-1.0,-1.0,-1.0	2.2033918,3.7297916,2.7470899,1.6904364,-1.4369661,-0.4340138,-2.9295857,-3.5005226
../data/train_data_mmini/5/Train_0022.jpg	5	1.0,1.0,1.0,1.0,-1.0,1.0,1.0,1.0	0.284519,2.8744066,4.3571076,3.0202684,-1.7881713,1.3215638,0.10425624,0.2633637
../data/train_data_mmini/5/Train_0023.jpg	5	-1.0,1.0,1.0,1.0,1.0,-1.0,1.0,1.0	-0.93463355,2.1622355,0.18206681,0.3616593,1.0051976,-2.08137,1.317942,3.6228895
../data/train_data_mmini/5/Train_0024.jpg	5	1.0,1.0,1.0,1.0,1.0,-1.0,-1.0,-1.0	1.0572228,5.601724,1.8576782,0.41749123,0.25174454,-2.226745,-2.1787765,-1.0204213
../data/train_data_mmini/6/Train_0025.jpg	6	1.0,1.0,1.0,1.0,1.0,1.0,1.0,1.0	3.4480333,13.394572,7.9939756,4.580482,7.981326,1.0558852,1.2109793,4.9449534
../data/train_data_mmini/6/Train_0026.jpg	6	1.0,1.0,1.0,1.0,1.0,-1.0,-1.0,-1.0	1.1379316,11.356725,1.3527281,0.02091092,1.1341537,-4.8355737,-2.787043,-0.09125582
../data/train_data_mmini/6/Train_0027.jpg	6	1.0,1.0,1.0,1.0,1.0,-1.0,-1.0,-1.0	0.42650634,15.193752,6.0378623,1.6679734,0.44020516,-2.7824366,-2.90968,-0.3225393
../data/train_data_mmini/6/Train_0028.jpg	6	1.0,1.0,1.0,-1.0,-1.0,-1.0,-1.0,-1.0	4.3867497,9.004997,1.1409189,-0.80815583,-1.5499312,-3.781119,-7.090934,-4.50756
../data/train_data_mmini/6/Train_0029.jpg	6	1.0,1.0,1.0,1.0,1.0,1.0,-1.0,1.0	3.2522132,10.796471,7.4472146,3.679665,5.005035,2.0264258,-0.043423057,0.878438
../data/train_data_mmini/7/Train_0030.jpg	7	1.0,1.0,1.0,1.0,1.0,-1.0,-1.0,1.0	2.5180087,7.7233367,4.495846,2.3509626,3.8265681,-0.22074062,-0.7226581,2.447489
../data/train_data_mmini/7/Train_0031.jpg	7	1.0,1.0,1.0,1.0,1.0,-1.0,-1.0,-1.0	2.4444013,13.633981,7.128732,3.183403,1.8882866,-0.16648445,-2.201666,-0.018115586
../data/train_data_mmini/7/Train_0032.jpg	7	1.0,1.0,1.0,1.0,-1.0,-1.0,-1.0,-1.0	4.0071673,11.688357,5.681526,2.3113685,-3.44103,-0.46961963,-6.8150206,-7.541008
../data/train_data_mmini/7/Train_0033.jpg	7	1.0,1.0,1.0,1.0,1.0,-1.0,-1.0,1.0	0.039379787,12.6941395,5.125699,1.8135309,2.7324936,-2.3619514,-0.76264095,1.4559209
../data/train_data_mmini/7/Train_0034.jpg	7	1.0,1.0,1.0,1.0,-1.0,-1.0,-1.0,-1.0	2.144736,13.751796,3.8664172,0.5263809,-3.019699,-3.6035736,-6.269869,-5.9754925
../data/train_data_mmini/8/Train_0035.jpg	8	1.0,1.0,1.0,1.0,-1.0,1.0,-1.0,-1.0	2.1568706,9.679562,8.541226,4.7281137,-1.4552634,2.1150587,-2.8891714,-4.143607
../data/train_data_mmini/8/Train_0036.jpg	8	1.0,1.0,1.0,1.0,1.0,-1.0,-1.0,-1.0	6.009181,15.467015,6.9791903,3.549373,3.1780944,-0.11850097,-5.422687,-1.2052166
../data/train_data_mmini/8/Train_0037.jpg	8	1.0,1.0,1.0,-1.0,1.0,-1.0,-1.0,-1.0	3.5606782,13.962803,2.2160933,-0.5460285,0.8261391,-4.9632144,-6.232682,-3.2417793
../data/train_data_mmini/8/Train_0038.jpg	8	1.0,1.0,1.0,1.0,-1.0,1.0,-1.0,-1.0	2.3333018,10.064057,6.8224535,2.9149873,-0.28821328,0.4936999,-2.314031,-1.91438
../data/train_data_mmini/8/Train_0039.jpg	8	1.0,1.0,1.0,1.0,1.0,1.0,-1.0,-1.0	3.5893948,12.18493,9.767315,4.733749,0.17461266,2.594701,-3.6694221,-4.311616
../data/train_data_mmini/9/Train_0040.jpg	9	1.0,1.0,1.0,1.0,-1.0,-1.0,-1.0,-1.0	2.5955741,2.728794,2.2839935,0.9199314,-0.5410006,-1.0868635,-3.0224185,-2.729811
../data/train_data_mmini/9/Train_0041.jpg	9	1.0,1.0,1.0,1.0,1.0,-1.0,-1.0,-1.0	1.8445264,16.162912,6.6504016,2.1546528,0.21664913,-1.6694009,-3.794291,-1.0909426
../data/train_data_mmini/9/Train_0042.jpg	9	1.0,1.0,1.0,-1.0,-1.0,-1.0,-1.0,-1.0	3.5443175,4.2204247,1.1955016,-0.6968257,-0.949597,-2.6483967,-5.095709,-5.4575763
../data/train_data_mmini/9/Train_0043.jpg	9	1.0,1.0,1.0,1.0,-1.0,1.0,-1.0,-1.0	2.4698567,4.999134,5.275423,3.597495,-2.515052,1.5043763,-3.203367,-3.3130226
../data/train_data_mmini/9/Train_0044.jpg	9	1.0,1.0,1.0,1.0,1.0,1.0,1.0,1.0	2.0876102,6.0820045,6.827762,3.5282545,3.679195,2.4316742,0.9018692,1.6983051
../data/train_data_mmini/10/Train_0045.jpg	10	1.0,1.0,1.0,1.0,-1.0,1.0,-1.0,-1.0	2.3645353,16.017862,12.382924,6.3205333,-2.1247816,3.2253807,-3.3589513,-4.266539
../data/train_data_mmini/10/Train_0046.jpg	10	1.0,1.0,1.0,1.0,1.0,-1.0,-1.0,-1.0	2.4927683,6.5826573,4.0314784,0.36955374,2.1300948,-0.27928537,-2.4860616,-3.123522
../data/train_data_mmini/10/Train_0047.jpg	10	1.0,1.0,1.0,1.0,-1.0,1.0,-1.0,-1.0	5.338023,13.524334,8.891417,4.9442782,-0.21114534,2.2262897,-5.084623,-4.995333
../data/train_data_mmini/10/Train_0048.jpg	10	1.0,1.0,1.0,1.0,1.0,1.0,1.0,-1.0	3.2947247,9.834185,13.975269,8.583946,1.422446,7.45924,0.85619545,-1.5510255
../data/train_data_mmini/10/Train_0049.jpg	10	1.0,1.0,1.0,1.0,-1.0,1.0,-1.0,-1.0	3.9377162,11.219162,8.377876,3.93087,-0.7881925,1.5135778,-4.5745797,-4.8116417
