../data/train_data_mmini/1/Train_0000.jpg	1	1.0,1.0,1.0,-1.0,1.0,1.0,-1.0,-1.0,-1.0,-1.0,-1.0,-1.0,-1.0,-1.0,-1.0,-1.0,-1.0,1.0,1.0,-1.0,-1.0,1.0,1.0,1.0	0.1754775,1.3770367,1.7033885,-1.3377508,0.46185786,1.2458236,-0.57359034,-0.25205407,-0.54040676,-1.8977007,-2.5112345,-0.4317087,-2.4228382,-0.6659788,-2.2651894,-1.3820477,-0.0134706795,2.5601063,1.307511,-0.17825612,-0.71165776,0.2930832,1.6234362,2.2165658
../data/train_data_mmini/1/Train_0001.jpg	1	-1.0,-1.0,1.0,1.0,1.0,-1.0,1.0,1.0,1.0,1.0,-1.0,1.0,1.0,-1.0,-1.0,1.0,1.0,1.0,1.0,1.0,-1.0,1.0,1.0,-1.0	-1.1451042,-3.2855184,1.1448829,0.16893071,1.0351386,-0.15192178,0.40260214,0.32876956,1.8752475,3.1351542,-1.4510531,0.9254964,3.2007313,-3.2441914,-1.1374806,1.6850874,0.3001478,2.1234655,0.8080699,0.30893174,-0.9707833,0.6257565,4.563167,-2.3033366
../data/train_data_mmini/1/Train_0002.jpg	1	-1.0,-1.0,1.0,-1.0,-1.0,1.0,1.0,-1.0,1.0,1.0,-1.0,-1.0,-1.0,-1.0,-1.0,1.0,1.0,1.0,-1.0,-1.0,1.0,1.0,-1.0,1.0	-0.15018404,-0.3608649,2.1076047,-1.7445834,-1.4832352,1.8602654,0.046553463,-0.9649967,0.7314347,1.5444198,-2.614092,-0.09141901,-1.351062,-0.23441008,-2.4349692,0.6978623,1.3048439,0.76088166,-0.63149357,-0.12968405,3.1259432,1.8142045,-1.3959689,2.6994636
../data/train_data_mmini/1/Train_0003.jpg	1	1.0,1.0,1.0,-1.0,1.0,1.0,-1.0,1.0,-1.0,-1.0,-1.0,-1.0,-1.0,-1.0,-1.0,-1.0,-1.0,1.0,1.0,-1.0,-1.0,-1.0,1.0,1.0	1.6435096,1.5444247,1.4607848,-0.8231447,4.190181,1.9653796,-1.9966321,0.5673759,-0.5196463,-2.1447322,-2.4538143,-0.59210277,-1.7228341,-2.3020167,-0.27602798,-1.7518857,-0.5041379,2.3703935,0.7867822,-0.4256155,-1.8264048,-0.70971286,3.5551467,1.8240631
../data/train_data_mmini/1/Train_0004.jpg	1	1.0,1.0,1.0,-1.0,1.0,1.0,-1.0,1.0,-1.0,-1.0,-1.0,-1.0,-1.0,1.0,-1.0,-1.0,-1.0,1.0,1.0,1.0,-1.0,-1.0,1.0,1.0	0.38396135,1.7291994,1.5811117,-2.0342507,2.2506711,1.9739561,-0.7480287,0.7590767,-0.9226419,-3.1520908,-0.2721836,-0.56081194,-2.2839289,1.6134018,-0.83478487,-0.5036542,-0.7357938,1.8844148,0.52981585,0.5988143,-0.7935908,-0.88338345,1.9352134,1.232382
../data/train_data_mmini/2/Train_0005.jpg	2	-1.0,-1.0,1.0,1.0,-1.0,1.0,-1.0,-1.0,-1.0,1.0,-1.0,-1.0,-1.0,1.0,1.0,1.0,1.0,-1.0,-1.0,-1.0,-1.0,1.0,1.0,-1.0	-1.6994762,-4.1916413,2.9030774,0.22457123,-1.4137805,3.09088,-0.09939942,-1.122859,-0.110215254,2.0716639,-2.5930688,-3.5761127,-0.64713883,2.042732,1.2340912,2.0079033,1.525601,-1.0805193,-1.9243221,-0.6650066,-0.3096208,0.5835073,0.90401185,-1.072368
../data/train_data_mmini/2/Train_0006.jpg	2	-1.0,-1.0,1.0,1.0,-1.0,1.0,1.0,-1.0,1.0,1.0,-1.0,-1.0,-1.0,1.0,1.0,1.0,1.0,1.0,-1.0,1.0,-1.0,1.0,-1.0,1.0	-1.0955436,-1.0312542,3.6346786,0.85299027,-0.045770727,1.1858964,1.9877002,-3.822226,0.2882972,0.7745323,-1.6592916,-1.3111877,-0.10975532,3.821308,0.16383773,1.8149426,0.772452,1.2449795,-1.3170489,0.19836994,-0.074213386,0.07932848,-2.1596088,2.5109181
../data/train_data_mmini/2/Train_0007.jpg	2	-1.0,-1.0,1.0,1.0,1.0,1.0,-1.0,-1.0,-1.0,-1.0,-1.0,-1.0,-1.0,1.0,-1.0,-1.0,1.0,1.0,1.0,-1.0,-1.0,-1.0,1.0,1.0	-0.4465226,-1.6551385,2.1334426,1.4045469,1.656159,0.939967,-0.9094072,-0.52580225,-1.7226595,-1.2867756,-2.2841408,-1.9068525,-2.2189047,0.39755338,-0.22486669,-0.55125237,0.6539128,0.16395544,2.9305348,-1.4602733,-1.6080768,-1.2984697,3.6653054,0.3192008
../data/train_data_mmini/2/Train_0008.jpg	2	-1.0,-1.0,1.0,1.0,-1.0,-1.0,1.0,-1.0,1.0,1.0,-1.0,-1.0,-1.0,1.0,-1.0,1.0,1.0,1.0,1.0,1.0,1.0,1.0,-1.0,-1.0	-0.2761982,-2.2775192,4.467321,1.3196727,-0.8832235,-0.010655604,0.8244358,-2.2771993,0.9287455,2.0767133,-1.6671872,-0.22285673,-1.3863204,3.8659773,-1.0077193,2.7818778,0.38151267,0.39153078,2.0165844,0.5186213,0.7446793,0.04194015,-3.4444075,-0.3573168
../data/train_data_mmini/2/Train_0009.jpg	2	-1.0,-1.0,1.0,1.0,1.0,-1.0,-1.0,1.0,-1.0,1.0,1.0,1.0,-1.0,-1.0,1.0,1.0,1.0,-1.0,-1.0,-1.0,-1.0,1.0,1.0,1.0	-2.8413846,-2.0506198,1.800345,2.121201,0.6341656,-0.17185184,-2.0453613,3.2693048,-2.3345096,0.24347934,0.576576,0.27064496,-2.0131404,-0.17228982,0.48169178,0.25868443,1.6029679,-2.3783216,-2.3125906,-0.10852699,-0.78768843,0.72073483,3.0822923,0.53978896
../data/train_data_mmini/3/Train_0010.jpg	3	-1.0,-1.0,1.0,1.0,1.0,-1.0,-1.0,1.0,1.0,1.0,1.0,1.0,1.0,1.0,1.0,1.0,-1.0,1.0,1.0,1.0,-1.0,-1.0,1.0,-1.0	-0.74292177,-4.5997095,0.15681441,1.0562557,0.7069251,-0.7150805,-1.0493531,0.8210976,1.9040059,0.18759003,1.3591852,0.028698087,1.1516929,1.3491505,1.6701708,2.65757,-0.53197044,0.98876595,0.67287207,0.324546,-0.9295166,-2.1123922,1.3333511,-2.3564332
../data/train_data_mmini/3/Train_0011.jpg	3	-1.0,-1.0,-1.0,-1.0,-1.0,1.0,1.0,1.0,1.0,1.0,-1.0,1.0,1.0,-1.0,-1.0,1.0,1.0,-1.0,-1.0,1.0,1.0,1.0,1.0,-1.0	-1.0441139,-2.1627831,-0.82621145,-1.6075228,-2.6311316,1.9680873,1.0992965,0.043947205,1.272266,1.9420427,-0.20032099,1.2107339,1.6840351,-2.0730867,-2.6110518,2.0514872,0.22604802,-0.0673272,-0.6398582,1.358542,1.6157994,1.2739707,1.4367414,-1.3428367
../data/train_data_mmini/3/Train_0012.jpg	3	1.0,-1.0,1.0,-1.0,-1.0,1.0,-1.0,-1.0,1.0,1.0,-1.0,-1.0,1.0,-1.0,-1.0,-1.0,-1.0,1.0,-1.0,1.0,-1.0,1.0,1.0,-1.0	0.24427837,-0.95998627,1.1620497,-1.4195564,-1.0620393,2.2751455,-0.39894944,-0.27435765,2.329798,2.4159636,-2.4932065,-0.7335088,1.3871709,-3.2382495,-1.8626249,-0.86272675,-0.43599838,1.6813952,-0.7987141,0.70189595,-0.63581246,1.9817468,2.920969,-0.9276616
../data/train_data_mmini/3/Train_0013.jpg	3	-1.0,-1.0,1.0,1.0,-1.0,1.0,1.0,-1.0,1.0,1.0,-1.0,-1.0,-1.0,1.0,-1.0,1.0,-1.0,1.0,-1.0,1.0,1.0,1.0,-1.0,-1.0	-2.1119494,-1.3147427,2.1245382,2.2091084,-0.8102646,0.7986375,0.07759625,-1.7150801,2.9268389,3.524441,-0.24488226,-1.5419075,-0.2707759,0.7807977,-0.0544895,1.7236745,-0.22132,1.9398795,-2.265801,1.4243019,0.1666125,2.3177757,-1.2529731,-1.6797673
../data/train_data_mmini/3/Train_0014.jpg	3	-1.0,-1.0,-1.0,1.0,1.0,1.0,1.0,1.0,-1.0,1.0,1.0,1.0,1.0,-1.0,1.0,1.0,1.0,-1.0,-1.0,1.0,1.0,1.0,1.0,-1.0	-3.036927,-2.8499503,-0.85355365,0.6449369,0.3200985,2.1530836,0.4172146,0.13753287,-1.1264002,1.1389431,1.1479603,0.48443034,0.608356,-0.49511483,0.5007635,3.495954,1.2363787,-2.3383863,-2.9698539,1.2465504,0.45992026,0.6143143,1.4401499,-1.1792996
../data/train_data_mmini/4/Train_0015.jpg	4	1.0,-1.0,1.0,-1.0,-1.0,1.0,1.0,-1.0,1.0,1.0,-1.0,-1.0,1.0,1.0,-1.0,-1.0,-1.0,1.0,1.0,1.0,-1.0,1.0,-1.0,1.0	0.93752307,-0.9923247,2.9154975,-1.1113385,-3.4977453,2.718061,0.31687152,-3.1773937,1.246457,1.6723402,-3.8097653,-1.8834784,0.74939275,1.1107175,-1.896171,-1.0658519,-0.011900753,0.44284147,2.4655762,0.6711794,-0.9995561,0.15612698,-0.7770529,0.10823144
../data/train_data_mmini/4/Train_0016.jpg	4	-1.0,-1.0,1.0,-1.0,1.0,1.0,-1.0,1.0,1.0,1.0,-1.0,1.0,1.0,-1.0,1.0,1.0,1.0,-1.0,-1.0,-1.0,1.0,1.0,1.0,1.0	-0.2866873,-4.252389,1.3615216,-0.6264409,0.70116544,1.9013143,-0.15345868,0.6879622,0.20533657,1.1562209,-2.302491,0.4386385,1.1922779,-2.386111,0.381942,2.6994967,1.126058,-0.45126292,-1.3055459,-0.75412786,2.8051665,0.5412958,1.3052814,1.8835808
../data/train_data_mmini/4/Train_0017.jpg	4	-1.0,-1.0,1.0,-1.0,-1.0,1.0,1.0,-1.0,1.0,1.0,-1.0,-1.0,1.0,-1.0,-1.0,1.0,1.0,-1.0,-1.0,-1.0,1.0,1.0,1.0,1.0	-2.2731156,-3.1258543,2.3536453,-0.8494339,-1.2659065,0.6517722,0.23377341,-0.5582504,0.695461,1.8114268,-1.7926774,-0.14288983,2.8780608,-1.5301307,-0.5654848,1.3718765,1.7550869,-0.36666402,-1.2366397,-0.19803171,2.2996063,0.7978583,1.5956634,2.1776366
../data/train_data_mmini/4/Train_0018.jpg	4	1.0,-1.0,1.0,1.0,-1.0,1.0,1.0,-1.0,1.0,1.0,-1.0,-1.0,1.0,1.0,1.0,1.0,-1.0,-1.0,1.0,-1.0,-1.0,-1.0,1.0,-1.0	0.042633653,-3.5509052,0.096586674,1.0925436,-0.97825557,3.3192601,0.61305714,-1.2668458,0.19510171,0.5713209,-1.2969215,-2.2820497,0.12500429,0.19101726,1.4647214,1.6960986,-0.47160706,-0.3429059,0.19325797,-0.36057967,-1.1475291,-0.1449189,1.8451596,-2.7211974
../data/train_data_mmini/4/Train_0019.jpg	4	-1.0,1.0,1.0,1.0,1.0,1.0,1.0,-1.0,1.0,1.0,1.0,1.0,1.0,1.0,1.0,1.0,-1.0,1.0,-1.0,1.0,1.0,1.0,-1.0,1.0	-0.61518174,0.2054043,1.8353753,0.66727793,1.4555428,0.5184102,1.0001932,-1.1092106,1.3761057,1.6705613,0.60519344,0.4299363,1.3259171,1.6081269,0.86808,1.5855145,-0.45683262,2.0676873,-2.4119134,1.5726875,0.09568125,1.1234711,-0.6191312,0.31841177
../data/train_data_mmini/5/Train_0020.jpg	5	-1.0,-1.0,1.0,-1.0,1.0,1.0,1.0,-1.0,1.0,1.0,-1.0,-1.0,1.0,1.0,-1.0,1.0,1.0,1.0,-1.0,-1.0,-1.0,-1.0,1.0,-1.0	-0.13713193,-1.85443,4.0499597,-0.79004955,2.1202009,2.8910217,1.1864984,-0.6540172,0.12679163,1.9925612,-2.2991712,-0.6081552,0.70891523,0.49784616,-0.7693089,2.3944972,0.5120369,0.80717266,-1.2828245,-0.09152655,-0.14091083,-0.06882092,2.6723142,-0.67854536
../data/train_data_mmini/5/Train_0021.jpg	5	-1.0,1.0,1.0,1.0,1.0,1.0,1.0,-1.0,-1.0,-1.0,-1.0,-1.0,-1.0,1.0,-1.0,1.0,1.0,-1.0,-1.0,1.0,-1.0,1.0,-1.0,1.0	-3.9559813,1.5642849,2.493951,0.134274,0.21465567,4.3401074,0.27006218,-1.718406,-2.0275848,-0.36978522,-0.28658995,-0.9971327,-1.0707047,0.6268139,-1.0983044,1.9701705,0.82298017,-0.9912263,-2.346323,2.5955815,-0.78477883,0.3308313,-0.94817877,0.5560075
../data/train_data_mmini/5/Train_0022.jpg	5	-1.0,-1.0,1.0,1.0,1.0,-1.0,-1.0,-1.0,-1.0,1.0,-1.0,-1.0,-1.0,1.0,1.0,1.0,1.0,1.0,1.0,-1.0,-1.0,1.0,1.0,-1.0	-1.7069886,-2.8274949,3.3510566,3.0960984,0.18353647,-0.7019419,-0.88790256,-0.034891173,-1.2996813,1.1164864,-1.7170709,-1.3279603,-2.545942,1.9348457,0.3326378,0.81874615,1.3887844,0.094876945,1.8479742,-0.5818845,-1.8093524,0.39578956,2.3899565,-0.8926419
../data/train_data_mmini/5/Train_0023.jpg	5	1.0,-1.0,1.0,1.0,1.0,1.0,1.0,-1.0,-1.0,-1.0,-1.0,1.0,1.0,1.0,-1.0,1.0,1.0,1.0,1.0,-1.0,-1.0,-1.0,1.0,1.0	0.882368,-0.060228456,2.8109226,0.48541033,3.3061848,0.7705933,0.7904693,-0.2423884,-1.9880298,-0.8917434,-1.9879405,0.24059936,0.2558436,0.6261864,-0.284504,0.34380767,0.21770921,0.76860785,2.152492,-0.35900792,-1.571049,-0.98212147,3.0301905,1.4164908
../data/train_data_mmini/5/Train_0024.jpg	5	-1.0,1.0,1.0,-1.0,-1.0,1.0,-1.0,1.0,-1.0,-1.0,-1.0,-1.0,-1.0,1.0,-1.0,-1.0,-1.0,1.0,1.0,-1.0,-1.0,-1.0,1.0,1.0	-0.6391315,1.0820488,2.233754,-1.7802585,-1.2313842,1.9386241,-1.979727,1.1084869,-0.800058,-3.495228,-1.4024652,-1.9398363,-2.6285613,1.1483707,-0.9398153,-1.6035972,-0.36103967,1.8179373,1.0471753,-0.02369852,-0.76623935,-0.9216615,0.8362411,2.0995977
../data/train_data_mmini/6/Train_0025.jpg	6	-1.0,-1.0,-1.0,-1.0,-1.0,1.0,-1.0,-1.0,1.0,1.0,1.0,-1.0,1.0,1.0,1.0,1.0,1.0,1.0,-1.0,1.0,1.0,-1.0,1.0,1.0	-1.8303673,-3.0174172,-1.7498747,-0.1486007,-0.12673083,2.9837534,-0.79412174,-0.31111008,1.5464221,0.24047595,0.43140975,-2.4411314,0.8100325,0.77051026,0.8844532,2.1487436,1.0255358,0.44112507,-4.027203,0.67105013,0.044873625,-0.38968763,2.572763,0.3694921
../data/train_data_mmini/6/Train_0026.jpg	6	-1.0,-1.0,1.0,-1.0,1.0,1.0,-1.0,1.0,-1.0,1.0,-1.0,-1.0,1.0,-1.0,1.0,1.0,1.0,-1.0,1.0,-1.0,1.0,-1.0,1.0,-1.0	-0.9525476,-3.091499,0.32620424,-0.02621594,1.287033,1.0348711,-2.304653,3.2595005,-0.15936139,0.2316159,-0.46915817,-0.32708544,0.46221548,-2.393366,0.7620913,0.3754502,0.9716352,-0.08009109,0.45715678,-1.0441,0.01841268,-0.71796525,6.751161,-1.2164975
../data/train_data_mmini/6/Train_0027.jpg	6	1.0,-1.0,-1.0,-1.0,1.0,1.0,-1.0,1.0,1.0,1.0,1.0,1.0,1.0,-1.0,1.0,1.0,1.0,-1.0,-1.0,1.0,1.0,-1.0,1.0,-1.0	0.46022353,-4.1678,-1.49173,-0.9654629,0.5210933,1.535695,-0.31183016,0.5666295,1.8641349,0.4497604,0.6162168,0.58734053,1.7038147,-0.12637132,0.3897965,2.5896251,0.06033215,-0.72692573,-1.2909431,0.29692408,0.88166785,-1.7258507,1.6746246,-0.75840867
../data/train_data_mmini/6/Train_0028.jpg	6	-1.0,-1.0,-1.0,-1.0,-1.0,1.0,1.0,1.0,-1.0,1.0,-1.0,-1.0,-1.0,1.0,-1.0,1.0,1.0,1.0,-1.0,-1.0,1.0,1.0,1.0,1.0	-1.4807775,-1.4403514,-0.61864936,-0.09611072,-1.9364866,2.1507857,0.6693381,0.7055217,-0.8525297,0.09319425,-0.1377217,-0.1503273,-1.0663095,0.15520623,-0.73620313,2.590699,0.70904744,0.26910168,-0.5817997,-0.15502045,2.2328892,1.7588054,0.8681419,0.19572423
../data/train_data_mmini/6/Train_0029.jpg	6	-1.0,-1.0,1.0,1.0,-1.0,1.0,-1.0,-1.0,1.0,1.0,1.0,-1.0,-1.0,-1.0,-1.0,-1.0,-1.0,1.0,-1.0,-1.0,1.0,1.0,1.0,-1.0	-3.3080618,-1.7631031,1.7433472,2.608541,-0.5297586,0.21536452,-2.2629998,-0.30611083,2.348888,0.2263172,0.12471695,-2.9436696,-2.6729667,-0.28743854,-0.34602064,-0.18571043,-0.53367865,0.24788097,-2.559656,-0.27833706,0.4275713,0.3397091,0.31536934,-0.038554296
../data/train_data_mmini/7/Train_0030.jpg	7	-1.0,-1.0,1.0,1.0,-1.0,1.0,-1.0,-1.0,-1.0,1.0,-1.0,-1.0,-1.0,-1.0,-1.0,1.0,1.0,-1.0,-1.0,-1.0,-1.0,1.0,1.0,1.0	-3.0091748,-5.0193706,3.2456183,0.36678874,-1.3271848,2.943987,-0.378038,-1.7351358,-1.1351982,2.3681376,-4.734201,-3.0331893,-1.0685627,-0.31307456,-0.22716948,0.6959081,2.9641583,-1.0598313,-1.3821131,-0.02690364,-1.5877516,1.8373922,4.244057,0.36551607
../data/train_data_mmini/7/Train_0031.jpg	7	-1.0,-1.0,1.0,1.0,-1.0,1.0,-1.0,-1.0,1.0,1.0,-1.0,-1.0,-1.0,1.0,1.0,1.0,1.0,1.0,-1.0,-1.0,1.0,1.0,1.0,-1.0	-3.5256042,-5.575326,5.4332757,2.9016376,-2.1908262,1.6817727,-0.23185712,-0.8299118,0.850357,3.2608988,-2.951966,-2.482614,-1.4546038,1.4862716,0.7141349,3.9306018,1.3869979,0.09541419,-1.8153712,-0.6434967,1.2130017,1.9490241,0.5512998,-0.94074994
../data/train_data_mmini/7/Train_0032.jpg	7	-1.0,-1.0,1.0,-1.0,-1.0,1.0,-1.0,1.0,1.0,1.0,1.0,1.0,1.0,-1.0,-1.0,1.0,-1.0,-1.0,-1.0,1.0,1.0,-1.0,-1.0,-1.0	-1.8238337,-3.2090616,0.5195794,-1.317094,-3.113049,3.2677555,-1.2728534,0.7919009,2.811972,0.71892774,0.3896206,0.8007241,1.01206,-1.425565,-0.7005111,2.7849247,-1.1488913,-0.9203334,-2.7137213,2.174648,2.1658416,-0.027684484,-0.69006765,-1.2979215
../data/train_data_mmini/7/Train_0033.jpg	7	-1.0,-1.0,1.0,1.0,1.0,1.0,-1.0,1.0,-1.0,-1.0,-1.0,-1.0,-1.0,1.0,1.0,1.0,1.0,-1.0,-1.0,-1.0,1.0,-1.0,1.0,1.0	-0.12941813,-2.346171,4.0616493,0.6310158,0.7627987,1.4215146,-2.678093,2.2272894,-0.20218825,-0.5656799,-1.9172642,-2.097512,-4.114779,0.82913846,0.77648914,0.49508768,0.38221452,-0.14368957,-1.0069125,-2.4823556,0.80630153,-0.92119074,1.9132574,1.1514093
../data/train_data_mmini/7/Train_0034.jpg	7	1.0,-1.0,-1.0,-1.0,-1.0,1.0,-1.0,1.0,1.0,-1.0,1.0,1.0,1.0,-1.0,1.0,1.0,-1.0,1.0,-1.0,1.0,1.0,-1.0,1.0,-1.0	0.8158587,-1.587719,-1.6003914,-0.91093063,-1.0073282,2.364894,-0.051925436,3.148582,1.7060754,-0.15485653,2.5182216,1.1084621,1.1579055,-0.729195,0.15685862,3.0860868,-1.7330532,0.07910554,-0.6795656,0.9111024,2.4006698,-1.3673326,1.0386614,-1.8149327
../data/train_data_mmini/8/Train_0035.jpg	8	-1.0,-1.0,1.0,1.0,-1.0,1.0,-1.0,1.0,-1.0,1.0,-1.0,-1.0,-1.0,1.0,1.0,1.0,1.0,-1.0,-1.0,1.0,-1.0,1.0,1.0,-1.0	-4.212234,-4.633375,1.9993553,2.989102,-4.2251368,0.0056000873,-0.4779616,0.79224396,-0.24713427,1.8103355,-1.2510891,-1.9169667,-0.022163466,0.83270705,0.44420773,1.1396406,1.1843846,-0.26284757,-0.14294662,0.5535631,-1.9155777,0.84909236,2.9608097,-1.4547879
../data/train_data_mmini/8/Train_0036.jpg	8	-1.0,-1.0,1.0,1.0,-1.0,1.0,-1.0,1.0,-1.0,1.0,-1.0,-1.0,-1.0,1.0,1.0,1.0,1.0,-1.0,-1.0,-1.0,-1.0,1.0,1.0,-1.0	-5.0229125,-6.63094,3.2414303,2.779346,-4.276928,2.8181167,-1.9980993,0.8198484,-0.38443217,1.3762074,-3.3102393,-5.309692,-2.6299274,1.1597147,2.3650882,2.1530397,1.9386637,-0.92580116,-2.7066445,-1.5337789,-0.07081407,1.4668134,3.59315,-0.7614609
../data/train_data_mmini/8/Train_0037.jpg	8	-1.0,-1.0,1.0,1.0,-1.0,1.0,-1.0,1.0,-1.0,1.0,-1.0,-1.0,1.0,-1.0,1.0,1.0,1.0,-1.0,-1.0,-1.0,1.0,1.0,1.0,-1.0	-3.2717376,-4.873023,2.5291083,0.20943415,-3.0125747,2.387406,-0.57697624,2.5816221,-0.104437985,1.7045864,-0.760959,-1.5368617,0.9990717,-0.8546153,0.72111857,2.8948913,1.0372798,-1.3524407,-2.0443492,-0.719041,1.3237197,0.14527464,3.467323,-2.3854544
../data/train_data_mmini/8/Train_0038.jpg	8	-1.0,-1.0,1.0,1.0,-1.0,-1.0,-1.0,1.0,1.0,1.0,-1.0,1.0,-1.0,1.0,-1.0,1.0,1.0,1.0,1.0,1.0,1.0,1.0,1.0,1.0	-2.0133445,-3.7664504,3.1949065,1.7927183,-2.6653771,-0.530957,-1.1527398,1.44645,1.177523,3.688041,-1.8579879,0.46839932,-0.108347535,0.90944827,-0.69714797,2.8953462,2.1196692,0.90524065,0.6437473,0.96146065,0.5718801,0.9317892,1.1923177,0.17014201
../data/train_data_mmini/8/Train_0039.jpg	8	-1.0,-1.0,1.0,1.0,-1.0,1.0,-1.0,1.0,1.0,1.0,-1.0,-1.0,-1.0,-1.0,1.0,1.0,1.0,1.0,-1.0,1.0,-1.0,1.0,1.0,-1.0	-7.3453236,-4.105175,2.1269014,3.573413,-5.519742,2.043427,-1.3974862,1.1804444,0.49542925,0.631706,-1.4036471,-4.6751437,-2.2195091,-0.5938066,0.75784934,0.55144423,0.30342522,1.5133322,-3.7586658,1.0846357,-2.4875007,2.8163745,4.759748,-2.1904905
../data/train_data_mmini/9/Train_0040.jpg	9	-1.0,-1.0,1.0,1.0,-1.0,1.0,-1.0,-1.0,-1.0,1.0,-1.0,-1.0,-1.0,1.0,-1.0,1.0,1.0,-1.0,-1.0,1.0,-1.0,1.0,1.0,-1.0	-2.6365564,-0.11136901,2.3573093,0.7211058,-0.7463818,2.3735309,-0.6849015,-0.14528477,-1.5654376,1.2422196,-1.3279177,-2.9068725,-2.9733427,0.69467837,-0.6689546,0.1853441,1.5362246,-0.3755196,-0.91457695,0.056337524,-2.30947,1.6577725,1.3068997,-2.8241951
../data/train_data_mmini/9/Train_0041.jpg	9	-1.0,-1.0,1.0,1.0,-1.0,1.0,1.0,1.0,1.0,1.0,-1.0,-1.0,1.0,-1.0,1.0,1.0,-1.0,1.0,-1.0,-1.0,1.0,1.0,1.0,-1.0	-2.814606,-5.147546,0.92450356,2.2493057,-0.2984124,0.9431151,1.1066554,0.9079304,0.56699854,2.1513274,-0.4207097,-0.56827843,0.47519484,-1.4076777,0.63508874,4.139265,-0.09811559,0.91192794,-1.4978728,-0.5905059,0.31741345,1.1943368,2.6777833,-2.8150012
../data/train_data_mmini/9/Train_0042.jpg	9	-1.0,-1.0,1.0,-1.0,-1.0,1.0,-1.0,-1.0,1.0,1.0,-1.0,-1.0,1.0,1.0,-1.0,1.0,-1.0,1.0,1.0,1.0,-1.0,1.0,-1.0,-1.0	-0.7562712,-0.9655595,2.1589062,-1.3763394,-2.0938067,2.8787453,-0.07402086,-2.2561853,1.5410585,1.4769026,-2.0661876,-1.6121938,0.4189721,0.2279168,-2.0482557,0.08585328,-0.6481929,0.7663474,0.5580098,1.506067,-1.4401572,0.26509365,-0.5259565,-2.532562
../data/train_data_mmini/9/Train_0043.jpg	9	-1.0,-1.0,1.0,1.0,-1.0,1.0,1.0,-1.0,-1.0,1.0,-1.0,-1.0,-1.0,1.0,-1.0,1.0,1.0,-1.0,-1.0,1.0,-1.0,1.0,1.0,-1.0	-3.3938363,-3.3275518,1.7172402,1.2376446,-1.6977721,2.6925187,1.7133646,-2.5225375,-1.5076454,1.8545525,-1.3241035,-2.9085839,-0.54465854,3.6351347,-0.08425902,2.0577197,2.0143676,-1.7634192,-1.9404874,0.8008581,-2.1638353,0.82505,1.3882686,-1.622004
../data/train_data_mmini/9/Train_0044.jpg	9	-1.0,-1.0,1.0,-1.0,-1.0,1.0,-1.0,-1.0,1.0,1.0,-1.0,-1.0,-1.0,1.0,-1.0,-1.0,1.0,1.0,-1.0,1.0,-1.0,1.0,1.0,-1.0	-2.4815238,-1.6039784,2.8639328,-0.90576154,-0.8391843,0.6364115,-1.3391309,-0.71709824,1.7144946,1.7884749,-1.4807507,-1.980314,-0.6065266,0.8879227,-1.411713,-0.9514261,0.8124752,0.9048346,-3.0927677,1.5162066,-2.791449,1.3580576,0.5558373,-0.604245
../data/train_data_mmini/10/Train_0045.jpg	10	-1.0,-1.0,1.0,1.0,-1.0,1.0,-1.0,1.0,1.0,-1.0,1.0,-1.0,-1.0,1.0,1.0,1.0,-1.0,1.0,-1.0,1.0,-1.0,1.0,1.0,-1.0	-4.515241,-3.4346206,1.9589207,2.9105735,-5.110743,0.543285,-2.390392,4.4986496,0.69968665,-0.7575395,0.3621722,-2.8875418,-1.702442,0.7923926,2.4208126,1.3177047,-0.9420259,2.611276,-3.041991,0.27095643,-0.23430097,1.3955226,3.0622306,-1.0487413
../data/train_data_mmini/10/Train_0046.jpg	10	-1.0,-1.0,1.0,-1.0,-1.0,-1.0,-1.0,1.0,1.0,1.0,1.0,1.0,1.0,-1.0,-1.0,1.0,1.0,1.0,-1.0,1.0,1.0,1.0,-1.0,1.0	-0.12627822,-0.41264737,0.60989845,-1.9628853,-1.86546,-0.8206352,-0.9607566,2.694246,1.8326211,0.3949599,1.2697191,1.7820323,1.1058232,-0.080610104,-1.5804584,0.3790457,0.13953248,0.85701084,-2.0598762,1.4515924,2.364955,0.14636895,-0.29885295,1.8853041
../data/train_data_mmini/10/Train_0047.jpg	10	-1.0,-1.0,1.0,1.0,-1.0,1.0,-1.0,1.0,1.0,-1.0,-1.0,-1.0,-1.0,1.0,1.0,1.0,1.0,1.0,-1.0,1.0,1.0,1.0,1.0,1.0	-5.8590593,-4.5386715,1.9263103,0.8222215,-4.4238873,2.9557908,-1.3671498,1.476283,0.056375228,-0.380071,-0.5258985,-2.7846317,-1.3114867,2.256368,1.407255,3.7856956,1.3185167,0.024336338,-4.3877134,1.9833364,1.298665,1.5845543,1.4971688,0.6300114
../data/train_data_mmini/10/Train_0048.jpg	10	-1.0,-1.0,1.0,1.0,-1.0,1.0,-1.0,1.0,1.0,1.0,-1.0,-1.0,-1.0,1.0,1.0,1.0,-1.0,1.0,-1.0,1.0,-1.0,1.0,1.0,-1.0	-2.4772108,-3.678265,2.2019253,2.6618967,-4.899998,0.55549085,-2.0327835,2.7626448,3.2675352,2.9192586,-0.9803008,-1.9327755,-1.8262551,1.2326348,0.8134614,1.2335949,-0.17233196,3.343324,-3.029851,2.5293715,-0.9434326,3.039442,1.6069283,-1.0083436
../data/train_data_mmini/10/Train_0049.jpg	10	-1.0,-1.0,1.0,1.0,-1.0,1.0,-1.0,1.0,-1.0,1.0,1.0,-1.0,-1.0,1.0,1.0,1.0,1.0,-1.0,-1.0,1.0,-1.0,1.0,1.0,-1.0	-7.901737,-4.6518865,0.13021936,2.5749264,-4.144833,0.25071415,-0.8033468,2.4908671,-0.6228068,0.8032299,1.0330777,-1.4827645,-0.36837354,0.4237431,0.21014091,2.7225277,2.342527,-0.3000966,-3.4734392,1.4530159,-1.1463265,2.0163167,5.4563293,-1.4806701
