../data/train_data_mmini/1/Train_0000.jpg	1	1.0,1.0,-1.0,-1.0,1.0,-1.0,1.0,-1.0	1.5393953,1.880621,-0.91931456,-0.9627061,0.8473065,-1.0074428,0.30174023,-1.3154987
../data/train_data_mmini/1/Train_0001.jpg	1	1.0,-1.0,1.0,1.0,1.0,-1.0,-1.0,-1.0	1.0475072,-0.41096917,0.23303562,0.9175163,0.517214,-0.37410182,-0.47919196,-0.95883006
../data/train_data_mmini/1/Train_0002.jpg	1	1.0,1.0,-1.0,-1.0,-1.0,-1.0,-1.0,1.0	0.5796417,0.24535297,-0.944655,-0.08015525,-0.9416277,-0.4509968,-0.13598348,0.4105557
../data/train_data_mmini/1/Train_0003.jpg	1	1.0,1.0,-1.0,-1.0,1.0,-1.0,1.0,-1.0	0.8517497,0.2807357,-1.1770568,-0.429722,1.0886661,-1.9955914,0.49008,-2.3594222
../data/train_data_mmini/1/Train_0004.jpg	1	1.0,1.0,-1.0,-1.0,1.0,-1.0,1.0,-1.0	1.9304929,1.455435,-0.74371946,-0.053174738,1.0654844,-0.81124836,0.25497645,-1.1440983
../data/train_data_mmini/2/Train_0005.jpg	2	-1.0,1.0,-1.0,-1.0,-1.0,-1.0,-1.0,1.0	-0.9145919,0.10532682,-0.019377435,-0.40835747,-0.90267813,-0.673715,-1.0088573,0.93066806
../data/train_data_mmini/2/Train_0006.jpg	2	1.0,1.0,1.0,1.0,1.0,1.0,-1.0,1.0	1.9890405,0.073733136,0.065279484,1.4139949,0.32971048,1.1154716,-0.30292016,0.34110215
../data/train_data_mmini/2/Train_0007.jpg	2	1.0,1.0,-1.0,-1.0,1.0,-1.0,1.0,-1.0	1.2995914,3.675782,-1.377314,-1.6913302,0.9935355,-1.4983068,0.15715817,-1.1420748
../data/train_data_mmini/2/Train_0008.jpg	2	1.0,1.0,1.0,1.0,1.0,1.0,-1.0,-1.0	2.895258,0.19986118,0.6129442,0.6792021,0.8173194,0.6017142,-0.21382141,-0.63190943
../data/train_data_mmini/2/Train_0009.jpg	2	-1.0,1.0,-1.0,-1.0,-1.0,-1.0,-1.0,1.0	-0.92254275,2.3128037,-0.33831158,-2.6673055,-0.71496165,-1.5965409,-0.90040404,1.2680677
../data/train_data_mmini/3/Train_0010.jpg	3	1.0,-1.0,1.0,1.0,-1.0,-1.0,-1.0,-1.0	0.65892524,-1.0459135,0.24729016,0.8723311,-0.18052766,-0.602834,-0.6015069,-0.33932254
../data/train_data_mmini/3/Train_0011.jpg	3	-1.0,1.0,-1.0,1.0,-1.0,-1.0,-1.0,1.0	-1.3275672,0.79152375,-1.1505786,0.021873321,-3.0200355,-0.27139556,-0.52375203,2.0756738
../data/train_data_mmini/3/Train_0012.jpg	3	-1.0,-1.0,-1.0,-1.0,-1.0,-1.0,-1.0,-1.0	-1.2351997,-1.1010828,-1.1177144,-0.42111737,-1.1141902,-1.7785388,-0.13473201,-0.11976383
../data/train_data_mmini/3/Train_0013.jpg	3	1.0,-1.0,1.0,1.0,-1.0,1.0,-1.0,1.0	1.5590689,-2.5449705,1.2778653,1.2337642,-0.26693514,1.2751772,-0.08430652,0.6904935
../data/train_data_mmini/3/Train_0014.jpg	3	-1.0,-1.0,1.0,1.0,-1.0,1.0,-1.0,1.0	-0.31162402,-0.5592696,0.25684565,0.58395654,-0.7283262,0.18207851,-0.78462505,0.8905478
../data/train_data_mmini/4/Train_0015.jpg	4	1.0,-1.0,1.0,-1.0,1.0,-1.0,1.0,-1.0	1.7154065,-0.14577751,0.19130802,-0.13117845,0.8259748,-0.27114215,0.7256003,-1.1845379
../data/train_data_mmini/4/Train_0016.jpg	4	1.0,-1.0,1.0,1.0,1.0,-1.0,-1.0,-1.0	0.657892,-1.2733859,1.2564089,1.7821417,0.07683351,-0.09116489,-0.7118914,-1.2965047
../data/train_data_mmini/4/Train_0017.jpg	4	1.0,-1.0,-1.0,1.0,-1.0,1.0,-1.0,1.0	0.4658794,-1.7706072,-0.13606027,0.27946782,-0.7309462,0.42537156,-0.29691464,1.494042
../data/train_data_mmini/4/Train_0018.jpg	4	-1.0,1.0,1.0,1.0,1.0,-1.0,-1.0,-1.0	-0.008122653,0.24277468,0.8727457,0.28671345,0.39357242,-0.12590593,-0.78308535,-0.2895212
../data/train_data_mmini/4/Train_0019.jpg	4	1.0,-1.0,1.0,1.0,1.0,1.0,-1.0,-1.0	2.2556345,-1.0964792,0.87564623,3.0602164,0.8365959,0.4380528,-0.58593595,-0.8237422
../data/train_data_mmini/5/Train_0020.jpg	5	1.0,1.0,-1.0,1.0,1.0,-1.0,-1.0,-1.0	1.4026085,1.1872534,-0.43514958,0.27833337,1.2079631,-1.2238278,-0.03885833,-1.7602801
../data/train_data_mmini/5/Train_0021.jpg	5	1.0,1.0,1.0,1.0,1.0,1.0,1.0,-1.0	2.3897653,0.52002674,0.24932528,0.21713474,0.4954301,0.7547104,0.86427915,-0.79366714
../data/train_data_mmini/5/Train_0022.jpg	5	1.0,1.0,-1.0,-1.0,1.0,-1.0,-1.0,-1.0	0.9940895,3.1986554,-0.5062623,-0.9738673,0.701924,-1.0389419,-0.26625383,-0.41866833
../data/train_data_mmini/5/Train_0023.jpg	5	1.0,1.0,-1.0,-1.0,1.0,-1.0,1.0,-1.0	1.505682,1.8240451,-0.6666566,-0.57841,1.4480302,-1.1805744,0.55170745,-1.8541483
../data/train_data_mmini/5/Train_0024.jpg	5	1.0,1.0,-1.0,-1.0,-1.0,-1.0,1.0,-1.0	0.023328848,1.537102,-1.5073057,-1.832642,-0.43757442,-1.4569285,0.56778115,-0.26380613
../data/train_data_mmini/6/Train_0025.jpg	6	-1.0,-1.0,-1.0,-1.0,-1.0,-1.0,-1.0,1.0	-1.352785,-0.36869735,-1.2618939,-1.0288131,-3.2873642,-0.7123267,-0.44859686,2.8407865
../data/train_data_mmini/6/Train_0026.jpg	6	-1.0,1.0,-1.0,-1.0,-1.0,-1.0,-1.0,1.0	-2.31346,1.4876696,-1.4757158,-1.505336,-1.857507,-2.3713112,-1.2064774,1.2363449
../data/train_data_mmini/6/Train_0027.jpg	6	-1.0,-1.0,-1.0,-1.0,-1.0,-1.0,-1.0,1.0	-1.2190758,-0.071951255,-0.30415484,-1.0055492,-2.5280778,-0.6766995,-1.4172597,2.5803866
../data/train_data_mmini/6/Train_0028.jpg	6	-1.0,1.0,-1.0,-1.0,-1.0,-1.0,-1.0,1.0	-0.82089245,1.0668269,-1.143677,-0.48246253,-1.9327974,-0.20576696,-0.41355798,1.8058232
../data/train_data_mmini/6/Train_0029.jpg	6	-1.0,-1.0,-1.0,-1.0,-1.0,-1.0,-1.0,1.0	-1.1699775,-0.2170183,-1.2911044,-3.3581336,-2.7911456,-1.7108235,-0.4331352,3.2769794
../data/train_data_mmini/7/Train_0030.jpg	7	-1.0,1.0,-1.0,-1.0,-1.0,-1.0,-1.0,1.0	-0.6437143,2.4559731,-0.46566886,-1.6042916,-0.49485314,-1.261814,-0.90784734,0.51527417
../data/train_data_mmini/7/Train_0031.jpg	7	1.0,-1.0,1.0,-1.0,-1.0,1.0,-1.0,1.0	0.064487614,-0.043443006,0.6165253,-0.38137344,-1.0917716,0.08623901,-1.1078204,1.3902495
../data/train_data_mmini/7/Train_0032.jpg	7	-1.0,-1.0,-1.0,1.0,-1.0,-1.0,-1.0,1.0	-0.7954201,-1.957886,-0.34859055,0.5012514,-2.2650685,-0.3115397,-0.8094759,1.4293973
../data/train_data_mmini/7/Train_0033.jpg	7	-1.0,1.0,-1.0,-1.0,-1.0,-1.0,-1.0,1.0	-2.0173757,3.7674754,-1.3038573,-1.8272974,-1.5311555,-2.3989084,-1.8805116,1.6394937
../data/train_data_mmini/7/Train_0034.jpg	7	-1.0,-1.0,-1.0,1.0,-1.0,-1.0,-1.0,1.0	-1.2244233,-0.11023624,-1.1269618,0.78583795,-3.5365326,-0.23616207,-0.5815325,1.8600235
../data/train_data_mmini/8/Train_0035.jpg	8	-1.0,1.0,-1.0,-1.0,-1.0,-1.0,-1.0,1.0	-0.77515036,1.1446661,-0.5399843,-2.8585036,-1.8512005,-0.6782975,-0.0041872635,2.4085543
../data/train_data_mmini/8/Train_0036.jpg	8	-1.0,1.0,-1.0,-1.0,-1.0,-1.0,-1.0,1.0	-2.0990808,1.3617125,-1.3666351,-2.851789,-2.8244252,-1.7442471,-1.2378153,3.4553123
../data/train_data_mmini/8/Train_0037.jpg	8	-1.0,1.0,-1.0,-1.0,-1.0,-1.0,-1.0,1.0	-1.804275,0.22493918,-1.1663548,-1.832461,-3.1450772,-0.8951739,-1.0031655,3.290992
../data/train_data_mmini/8/Train_0038.jpg	8	1.0,1.0,1.0,-1.0,-1.0,-1.0,-1.0,1.0	0.19490497,0.114014074,0.25419196,-1.316706,-1.3158383,-0.00202832,-0.23400086,1.3343575
../data/train_data_mmini/8/Train_0039.jpg	8	-1.0,1.0,-1.0,-1.0,-1.0,-1.0,-1.0,1.0	-2.169781,1.270542,-1.7694044,-3.336958,-3.5915883,-1.6309999,-0.47841412,4.3920355
../data/train_data_mmini/9/Train_0040.jpg	9	1.0,1.0,-1.0,-1.0,1.0,-1.0,1.0,-1.0	1.0165726,0.90939635,-1.0261817,-0.9833686,0.60603106,-1.4249582,0.32574475,-1.1426208
../data/train_data_mmini/9/Train_0041.jpg	9	-1.0,1.0,-1.0,-1.0,-1.0,-1.0,-1.0,1.0	-0.8625981,1.8650289,-0.037056882,-0.08615257,-1.7164868,-0.36215538,-1.8621957,2.1326642
../data/train_data_mmini/9/Train_0042.jpg	9	1.0,-1.0,1.0,1.0,1.0,1.0,1.0,-1.0	2.4892597,-1.1254842,0.47640398,1.001939,0.8631152,0.13422936,0.7747871,-1.6373999
../data/train_data_mmini/9/Train_0043.jpg	9	1.0,1.0,-1.0,-1.0,1.0,-1.0,-1.0,1.0	1.2731012,2.5436509,-0.093240604,-1.1640929,0.70037675,-0.05705962,-0.01249285,0.4637809
../data/train_data_mmini/9/Train_0044.jpg	9	-1.0,-1.0,-1.0,-1.0,-1.0,-1.0,1.0,1.0	-0.08079012,-0.8439123,-0.62237746,-1.3714088,-1.5339147,-0.41033006,0.052914098,1.4864223
../data/train_data_mmini/10/Train_0045.jpg	10	-1.0,1.0,-1.0,-1.0,-1.0,-1.0,-1.0,1.0	-3.291379,0.57628065,-2.2945144,-3.4486616,-4.6600018,-2.4116735,-0.9024611,5.3120832
../data/train_data_mmini/10/Train_0046.jpg	10	-1.0,-1.0,-1.0,-1.0,-1.0,-1.0,-1.0,1.0	-1.1646031,-1.1821998,-0.87099546,-1.39161,-2.6936107,-0.6015352,-0.6618813,2.9175234
../data/train_data_mmini/10/Train_0047.jpg	10	-1.0,-1.0,-1.0,-1.0,-1.0,-1.0,-1.0,1.0	-1.5871665,-1.1275096,-1.0853561,-1.651964,-3.7976773,-0.3738316,-0.4118976,3.934311
../data/train_data_mmini/10/Train_0048.jpg	10	-1.0,-1.0,-1.0,-1.0,-1.0,-1.0,-1.0,1.0	-2.6562874,-0.06917052,-0.8575089,-2.4481351,-3.516013,-1.9497931,-1.2545743,3.6961598
../data/train_data_mmini/10/Train_0049.jpg	10	-1.0,1.0,-1.0,-1.0,-1.0,-1.0,-1.0,1.0	-1.694144,0.8495353,-1.6496261,-2.8178582,-3.555026,-1.1240723,-0.22439924,3.893784
