../data/train_data_mmini/1/Train_0000.jpg	1	1.0,1.0,1.0,1.0,1.0,-1.0,-1.0,1.0	1.7402154,0.032143768,0.3493474,0.15445769,0.9561082,-0.84735703,-0.22119257,1.6007986
../data/train_data_mmini/1/Train_0001.jpg	1	1.0,1.0,-1.0,1.0,1.0,-1.0,-1.0,1.0	0.80806476,0.07233717,-0.40603495,0.33191866,0.5856534,-0.6489736,-0.0117564555,1.0206683
../data/train_data_mmini/1/Train_0002.jpg	1	-1.0,1.0,-1.0,1.0,-1.0,-1.0,-1.0,1.0	-0.082927905,0.47281855,-0.056726515,0.2593782,-0.07880372,-0.4579478,-0.6949448,0.037773598
../data/train_data_mmini/1/Train_0003.jpg	1	1.0,-1.0,1.0,1.0,1.0,-1.0,-1.0,1.0	2.0626948,-0.06628288,0.33410525,0.22204441,1.3180153,-1.0015357,-0.09123107,1.910898
../data/train_data_mmini/1/Train_0004.jpg	1	1.0,1.0,1.0,1.0,1.0,-1.0,-1.0,1.0	1.9170967,0.03221157,0.38493726,0.0695228,1.0311035,-0.9527701,-0.22894867,1.621676
../data/train_data_mmini/2/Train_0005.jpg	2	-1.0,1.0,-1.0,1.0,-1.0,-1.0,-1.0,-1.0	-0.35278207,0.44084755,-1.1385647,0.2370575,-0.51678574,-0.11853144,-0.602502,-0.5773406
../data/train_data_mmini/2/Train_0006.jpg	2	-1.0,-1.0,-1.0,-1.0,1.0,1.0,-1.0,-1.0	-0.10657544,-1.1383989,-1.8565158,-0.6287251,0.773495,1.1218305,-0.3902291,-0.19862078
../data/train_data_mmini/2/Train_0007.jpg	2	1.0,1.0,1.0,1.0,1.0,-1.0,-1.0,1.0	2.4776633,0.073075704,1.1019758,0.19448328,0.97835255,-1.2215947,-0.34373727,1.8493682
../data/train_data_mmini/2/Train_0008.jpg	2	1.0,-1.0,1.0,-1.0,-1.0,-1.0,-1.0,-1.0	0.73843706,-0.5592078,0.024219543,-0.45089564,-0.14174609,-0.067612,-0.63891184,-0.31548828
../data/train_data_mmini/2/Train_0009.jpg	2	1.0,1.0,-1.0,1.0,-1.0,-1.0,-1.0,1.0	0.2771312,0.35992983,-1.3370095,0.33290923,-0.3800996,-0.36384672,-0.4200044,0.06439491
../data/train_data_mmini/3/Train_0010.jpg	3	-1.0,1.0,-1.0,-1.0,-1.0,-1.0,-1.0,-1.0	-0.60730654,0.22432114,-0.78812814,-0.09061134,-0.49104935,-0.13658425,-0.118027724,-1.267344
../data/train_data_mmini/3/Train_0011.jpg	3	-1.0,1.0,-1.0,1.0,-1.0,-1.0,-1.0,-1.0	-1.3466514,2.1335738,-0.14639443,0.4801548,-0.8107973,-1.1432992,-0.7958762,-0.7630823
../data/train_data_mmini/3/Train_0012.jpg	3	-1.0,1.0,-1.0,1.0,1.0,-1.0,-1.0,1.0	-0.6350343,1.080706,-1.4188913,0.16523099,0.31258145,-1.0335792,-0.40852144,1.0715835
../data/train_data_mmini/3/Train_0013.jpg	3	-1.0,-1.0,-1.0,-1.0,-1.0,1.0,-1.0,-1.0	-0.7410929,-0.90048295,-1.4578322,-0.7564662,-0.2578754,0.83713573,-0.8404068,-1.368304
../data/train_data_mmini/3/Train_0014.jpg	3	-1.0,1.0,-1.0,-1.0,-1.0,-1.0,-1.0,-1.0	-0.10976037,0.4886977,-0.753197,-0.0857411,-0.2955284,-0.368215,-0.63729817,-0.52817166
../data/train_data_mmini/4/Train_0015.jpg	4	1.0,1.0,-1.0,-1.0,1.0,-1.0,-1.0,1.0	0.8531376,0.160218,-0.23254654,-0.41702107,0.17987439,-0.4827588,-1.0780339,0.8943568
../data/train_data_mmini/4/Train_0016.jpg	4	1.0,1.0,-1.0,1.0,-1.0,-1.0,-1.0,-1.0	0.1385877,0.3489809,-0.2426894,0.90476614,-0.3707738,-0.9267018,-0.47797856,-0.32797164
../data/train_data_mmini/4/Train_0017.jpg	4	-1.0,-1.0,-1.0,-1.0,-1.0,1.0,-1.0,-1.0	-1.111202,-0.31114423,-2.3652885,-0.16444036,-0.23888256,0.28957742,-0.62604094,-0.78175724
../data/train_data_mmini/4/Train_0018.jpg	4	-1.0,1.0,-1.0,1.0,-1.0,-1.0,-1.0,-1.0	-0.29137176,0.3548677,-0.7013408,0.22719324,-0.65762895,-0.3254084,-0.6920099,-0.6539429
../data/train_data_mmini/4/Train_0019.jpg	4	1.0,-1.0,-1.0,-1.0,1.0,1.0,-1.0,-1.0	0.09808796,-1.235448,-1.7343938,-0.5661371,0.48359737,1.0637312,-0.5723335,-0.48197514
../data/train_data_mmini/5/Train_0020.jpg	5	1.0,-1.0,1.0,1.0,1.0,-1.0,-1.0,1.0	2.432846,-0.47318277,0.66136986,0.2911027,1.4599638,-0.9621775,-0.03691805,2.0501812
../data/train_data_mmini/5/Train_0021.jpg	5	1.0,1.0,-1.0,-1.0,1.0,-1.0,-1.0,1.0	1.3848537,0.15264902,-0.12866059,-0.32426667,0.7882602,-0.7183265,-0.7333399,1.3097341
../data/train_data_mmini/5/Train_0022.jpg	5	1.0,-1.0,1.0,-1.0,1.0,-1.0,-1.0,1.0	1.7390742,-0.28113407,0.09057225,-0.00083506317,0.7103128,-0.53373605,-0.2300194,1.0990026
../data/train_data_mmini/5/Train_0023.jpg	5	1.0,-1.0,1.0,1.0,1.0,-1.0,-1.0,1.0	2.3705235,-0.29829186,0.6306127,0.18453056,1.3640655,-1.053585,-0.104265,2.1567435
../data/train_data_mmini/5/Train_0024.jpg	5	1.0,1.0,1.0,1.0,1.0,-1.0,-1.0,1.0	0.98912144,1.1921656,0.009862662,0.2881441,0.4869557,-1.207399,-0.5430328,1.1709404
../data/train_data_mmini/6/Train_0025.jpg	6	-1.0,1.0,-1.0,1.0,-1.0,-1.0,-1.0,-1.0	-1.7152253,1.64906,-1.5445688,0.4422316,-0.700917,-0.12354648,-0.50434554,-1.6390902
../data/train_data_mmini/6/Train_0026.jpg	6	1.0,1.0,-1.0,1.0,1.0,-1.0,-1.0,1.0	0.60209095,0.35031438,-0.9474537,0.37064356,0.33265612,-0.723217,-0.1406897,0.617358
../data/train_data_mmini/6/Train_0027.jpg	6	-1.0,1.0,-1.0,1.0,-1.0,-1.0,-1.0,-1.0	-1.4031609,1.5797839,-0.93943816,0.78014976,-1.1125159,-0.6783223,-0.3309762,-1.6160958
../data/train_data_mmini/6/Train_0028.jpg	6	1.0,1.0,1.0,1.0,-1.0,-1.0,-1.0,-1.0	0.21484359,1.0469079,0.43874276,0.528125,-0.0726525,-0.8887033,-0.41442963,-0.48103118
../data/train_data_mmini/6/Train_0029.jpg	6	-1.0,1.0,-1.0,-1.0,-1.0,1.0,-1.0,-1.0	-1.5607147,0.39947325,-2.0372605,-0.19146901,-1.1037796,0.43066558,-0.849937,-1.6505177
../data/train_data_mmini/7/Train_0030.jpg	7	1.0,1.0,-1.0,1.0,1.0,-1.0,-1.0,1.0	0.6429851,0.16018742,-1.1194285,0.43288332,0.2625911,-0.2796323,-0.49298912,0.46922648
../data/train_data_mmini/7/Train_0031.jpg	7	-1.0,1.0,-1.0,1.0,-1.0,1.0,-1.0,-1.0	-0.4108471,0.013707172,-1.5749472,0.12377828,-0.4001588,0.043559756,-0.49597093,-0.97652054
../data/train_data_mmini/7/Train_0032.jpg	7	-1.0,1.0,-1.0,1.0,-1.0,-1.0,-1.0,-1.0	-1.4655308,1.5228021,-0.96256834,0.22916234,-0.9807727,-0.5388413,-0.82028127,-1.3443078
../data/train_data_mmini/7/Train_0033.jpg	7	-1.0,1.0,-1.0,1.0,-1.0,-1.0,-1.0,1.0	-0.041349184,1.1933446,-1.3839207,0.6936327,-0.13811107,-0.7789453,-0.19088978,0.225051
../data/train_data_mmini/7/Train_0034.jpg	7	-1.0,1.0,1.0,1.0,-1.0,-1.0,-1.0,-1.0	-2.0117505,3.3062906,0.49829906,0.7515651,-1.088628,-1.5402555,-0.66567326,-1.8873533
../data/train_data_mmini/8/Train_0035.jpg	8	-1.0,1.0,-1.0,-1.0,-1.0,-1.0,-1.0,-1.0	-0.81988955,0.6286226,-1.3012038,-0.14159292,-0.7342153,-0.003055695,-0.60572183,-1.1388997
../data/train_data_mmini/8/Train_0036.jpg	8	-1.0,1.0,-1.0,1.0,-1.0,-1.0,-1.0,-1.0	-1.2535177,1.1137035,-1.4990276,0.35891724,-1.3174851,-0.23364742,-0.74810064,-1.7295177
../data/train_data_mmini/8/Train_0037.jpg	8	-1.0,1.0,-1.0,1.0,-1.0,-1.0,-1.0,-1.0	-1.0114112,1.5512573,-1.0337372,0.41064858,-1.0498425,-0.9328756,-0.8098433,-1.00126
../data/train_data_mmini/8/Train_0038.jpg	8	-1.0,1.0,-1.0,1.0,-1.0,-1.0,-1.0,-1.0	-0.21464266,0.2977187,-0.74773365,0.15860814,-0.48677382,-0.2878465,-0.51475245,-0.8592184
../data/train_data_mmini/8/Train_0039.jpg	8	-1.0,1.0,-1.0,-1.0,-1.0,1.0,-1.0,-1.0	-2.0875409,1.1693805,-2.2229912,-0.1175217,-1.3793896,0.18141456,-0.8301174,-1.7984676
../data/train_data_mmini/9/Train_0040.jpg	9	1.0,1.0,-1.0,-1.0,1.0,-1.0,-1.0,1.0	1.3797704,0.15901713,-0.06712845,-0.15588832,0.6174813,-0.70118487,-0.6828075,1.0518382
../data/train_data_mmini/9/Train_0041.jpg	9	-1.0,1.0,-1.0,1.0,-1.0,-1.0,-1.0,-1.0	-0.54946345,0.7583181,-1.0429534,0.7176423,-0.66124094,-0.52813804,-0.13564497,-0.91635597
../data/train_data_mmini/9/Train_0042.jpg	9	1.0,1.0,1.0,-1.0,1.0,-1.0,-1.0,1.0	0.7485982,0.57533693,0.14576009,-0.36368808,0.20148754,-0.78000695,-1.0378306,0.7750065
../data/train_data_mmini/9/Train_0043.jpg	9	1.0,-1.0,-1.0,-1.0,1.0,1.0,-1.0,1.0	1.0262276,-0.34397328,-0.5086958,-0.3546623,0.23642315,0.02527763,-0.6846093,0.30180967
../data/train_data_mmini/9/Train_0044.jpg	9	-1.0,-1.0,-1.0,-1.0,1.0,1.0,-1.0,-1.0	-0.366044,-0.08006047,-1.7928988,-0.38833532,0.12749954,0.3076531,-0.5632616,-0.026604187
../data/train_data_mmini/10/Train_0045.jpg	10	-1.0,1.0,-1.0,1.0,-1.0,1.0,-1.0,-1.0	-2.9135447,1.8325932,-2.294485,0.29329196,-2.150669,0.18167283,-1.056894,-3.1366374
../data/train_data_mmini/10/Train_0046.jpg	10	-1.0,1.0,-1.0,-1.0,-1.0,-1.0,-1.0,-1.0	-2.1620653,1.231894,-1.458557,-0.07357231,-1.0264277,-0.023537356,-0.92049015,-1.4377145
../data/train_data_mmini/10/Train_0047.jpg	10	-1.0,1.0,-1.0,-1.0,-1.0,-1.0,-1.0,-1.0	-2.2214634,1.5191652,-1.559023,-0.054999534,-1.4444546,-0.044868845,-1.1984845,-2.4675956
../data/train_data_mmini/10/Train_0048.jpg	10	-1.0,1.0,-1.0,1.0,-1.0,1.0,-1.0,-1.0	-2.6216455,1.5407062,-2.4251244,0.038893994,-1.5028994,0.38365135,-0.8737012,-2.5367644
../data/train_data_mmini/10/Train_0049.jpg	10	-1.0,1.0,-1.0,-1.0,-1.0,-1.0,-1.0,-1.0	-1.7303084,1.2902057,-1.5475861,-0.06292373,-1.1727433,-0.05419997,-0.8445196,-1.7439266
