../data/train_data_mmini/1/Train_0000.jpg	1	-1.0,-1.0,-1.0,1.0,1.0,1.0,1.0,1.0,-1.0,-1.0,1.0,-1.0	-0.5123566,-1.0057249,-3.6176562,0.16400646,1.0631721,0.4581238,0.6337945,2.3240788,-0.85430837,-2.6754806,1.6981308,-3.346857
../data/train_data_mmini/1/Train_0001.jpg	1	-1.0,1.0,-1.0,1.0,1.0,-1.0,1.0,1.0,-1.0,-1.0,1.0,-1.0	-3.2006478,0.5790846,-1.8038684,0.050500438,4.4606795,-3.700631,0.6255728,2.3010325,-0.09824696,-1.7973896,4.047507,-5.167749
../data/train_data_mmini/1/Train_0002.jpg	1	-1.0,-1.0,-1.0,-1.0,-1.0,1.0,-1.0,1.0,1.0,1.0,1.0,1.0	-1.5612853,-6.509981,-5.2174125,-4.350429,-3.521721,3.8000531,-0.9418416,2.9338412,0.22665389,0.96020347,4.5708113,3.4084861
../data/train_data_mmini/1/Train_0003.jpg	1	-1.0,1.0,-1.0,-1.0,1.0,-1.0,1.0,1.0,-1.0,-1.0,-1.0,-1.0	-2.4095378,3.1280987,-4.7903748,-0.104731575,3.26584,-2.305132,0.52620405,3.0977423,-1.3136855,-4.163178,-2.8871384,-3.0529509
../data/train_data_mmini/1/Train_0004.jpg	1	1.0,-1.0,-1.0,1.0,1.0,1.0,1.0,1.0,-1.0,-1.0,1.0,-1.0	0.77915657,-0.6976643,-0.7082801,1.7239451,1.7630547,1.4586626,1.0442393,0.84607905,-0.0465757,-2.8458524,1.0835108,-4.3469787
../data/train_data_mmini/2/Train_0005.jpg	2	1.0,-1.0,1.0,1.0,-1.0,-1.0,-1.0,1.0,-1.0,1.0,1.0,1.0	0.2640416,-1.4342307,1.4792491,0.6170328,-1.2332331,-2.6282625,-1.0910741,0.05030247,-0.41530907,3.6773746,1.1813171,2.1544416
../data/train_data_mmini/2/Train_0006.jpg	2	-1.0,1.0,1.0,-1.0,1.0,1.0,-1.0,-1.0,1.0,1.0,-1.0,1.0	-0.6413924,0.32590663,1.1260291,-1.0172676,1.409689,0.005044005,-1.304443,-1.1517988,2.1079733,2.7749164,-4.8788266,0.23485084
../data/train_data_mmini/2/Train_0007.jpg	2	1.0,1.0,-1.0,1.0,-1.0,1.0,1.0,1.0,-1.0,-1.0,1.0,-1.0	0.36371458,2.220733,-1.6808192,0.13562815,-0.22888047,1.1279486,2.074286,0.7188585,-2.376253,-5.0507264,1.8019668,-1.5491165
../data/train_data_mmini/2/Train_0008.jpg	2	1.0,-1.0,1.0,1.0,-1.0,1.0,-1.0,-1.0,1.0,1.0,1.0,-1.0	2.768902,-3.6889923,2.2873468,1.2215531,-1.0052305,3.6807964,-0.4410049,-0.40630272,0.8965357,0.18490908,3.7436907,-2.9301207
../data/train_data_mmini/2/Train_0009.jpg	2	-1.0,1.0,1.0,1.0,-1.0,-1.0,-1.0,1.0,-1.0,1.0,1.0,1.0	-0.5178862,0.061202984,0.76685435,1.0316365,-0.28613904,-3.8557596,-0.42652056,0.15393315,-1.0153185,2.2960923,1.139085,1.1334637
../data/train_data_mmini/3/Train_0010.jpg	3	-1.0,1.0,1.0,1.0,1.0,-1.0,1.0,-1.0,-1.0,1.0,1.0,-1.0	-0.50852907,1.4796767,4.146519,3.3884969,3.1291447,-5.591303,0.30023724,-0.67629564,-1.2261891,1.996535,3.130917,-3.0889683
../data/train_data_mmini/3/Train_0011.jpg	3	-1.0,-1.0,-1.0,-1.0,-1.0,1.0,-1.0,1.0,-1.0,1.0,1.0,-1.0	-0.44903892,-7.258232,-2.952947,-0.81803596,-2.3298345,1.5666254,-0.59164405,2.2095206,-1.1298056,2.066721,8.182051,-0.52725977
../data/train_data_mmini/3/Train_0012.jpg	3	-1.0,-1.0,-1.0,-1.0,1.0,-1.0,-1.0,1.0,1.0,1.0,1.0,-1.0	-3.0461466,-1.6715773,-3.8615878,-1.8468988,2.7029777,-1.8260094,-0.74494857,3.1232352,1.5636064,0.56172043,0.8218505,-2.2989755
../data/train_data_mmini/3/Train_0013.jpg	3	-1.0,-1.0,1.0,-1.0,1.0,1.0,-1.0,-1.0,1.0,1.0,1.0,-1.0	-0.898833,-1.0186143,3.3756387,-0.91190726,1.2182474,0.435564,-0.7732728,-1.153057,2.6194956,3.8476374,0.83537424,-0.0903597
../data/train_data_mmini/3/Train_0014.jpg	3	1.0,-1.0,1.0,1.0,-1.0,-1.0,-1.0,-1.0,-1.0,1.0,1.0,-1.0	1.1255016,-1.7861265,2.217928,2.312553,-0.6262413,-0.8823852,-0.046432957,-0.957147,-0.7912616,2.947153,2.2611282,-0.24793275
../data/train_data_mmini/4/Train_0015.jpg	4	1.0,-1.0,-1.0,-1.0,-1.0,1.0,-1.0,1.0,1.0,-1.0,1.0,-1.0	2.2704446,-4.5413833,-1.7121898,-1.0981091,-2.0890696,4.969983,-0.72052646,1.3982726,1.0715028,-1.2776067,2.0027752,-1.2242997
../data/train_data_mmini/4/Train_0016.jpg	4	-1.0,-1.0,-1.0,-1.0,-1.0,-1.0,-1.0,1.0,-1.0,1.0,1.0,1.0	-3.2026124,-3.608038,-5.415111,-2.3145719,-0.70981055,-2.0851088,-0.56392497,3.6418228,-1.2051897,1.1026446,5.252487,1.9290963
../data/train_data_mmini/4/Train_0017.jpg	4	-1.0,-1.0,-1.0,-1.0,-1.0,-1.0,-1.0,1.0,1.0,1.0,-1.0,1.0	-2.661154,-3.6113498,-3.960924,-3.354416,-0.43196473,-1.3875856,-2.2743366,2.644038,1.5273436,3.1666744,-1.0562494,2.3676877
../data/train_data_mmini/4/Train_0018.jpg	4	1.0,-1.0,1.0,1.0,-1.0,-1.0,-1.0,-1.0,-1.0,1.0,1.0,1.0	1.0514624,-3.280417,1.0283103,1.6841303,-2.3544614,-1.132929,-0.09413651,-0.044906326,-2.545796,2.377079,6.1548014,0.96742475
../data/train_data_mmini/4/Train_0019.jpg	4	-1.0,1.0,1.0,-1.0,1.0,1.0,-1.0,-1.0,1.0,1.0,-1.0,1.0	-1.0559332,0.09037593,1.7325573,-2.817577,0.9528268,2.1602345,-1.204743,-3.0064473,3.7997086,3.6528468,-6.3364644,2.2163856
../data/train_data_mmini/5/Train_0020.jpg	5	-1.0,1.0,-1.0,-1.0,1.0,1.0,1.0,1.0,-1.0,-1.0,-1.0,-1.0	-1.5358971,4.374543,-2.5557852,-1.607949,0.7327141,0.33811828,1.8074299,0.92198366,-1.1616895,-4.996136,-1.7203144,-0.11823404
../data/train_data_mmini/5/Train_0021.jpg	5	1.0,-1.0,-1.0,1.0,-1.0,1.0,1.0,1.0,-1.0,-1.0,1.0,-1.0	2.2945504,-2.1254256,-0.60871667,1.3502396,-1.1294937,3.0687594,0.5351049,0.55747163,-0.33233362,-1.8334905,1.0899274,-2.5594218
../data/train_data_mmini/5/Train_0022.jpg	5	1.0,1.0,1.0,-1.0,1.0,1.0,1.0,-1.0,1.0,-1.0,-1.0,-1.0	0.96822494,2.822155,2.01801,-0.08560215,0.6578086,0.76866364,0.7545832,-0.87662137,0.63642925,-1.8973756,-1.4005353,-1.2837158
../data/train_data_mmini/5/Train_0023.jpg	5	-1.0,1.0,-1.0,-1.0,1.0,1.0,1.0,1.0,-1.0,-1.0,-1.0,-1.0	-0.53526276,4.148216,-3.0333927,-0.011542467,1.7966008,0.5223647,1.8382983,1.4560331,-1.605722,-6.4704404,-1.8511333,-2.6162694
../data/train_data_mmini/5/Train_0024.jpg	5	1.0,-1.0,-1.0,1.0,1.0,-1.0,1.0,1.0,-1.0,-1.0,1.0,-1.0	0.122257255,-0.9633225,-1.9580678,0.85248375,0.27361727,-1.1233962,0.58305734,1.5055429,-1.3946885,-1.3593209,2.5144982,-1.2857898
../data/train_data_mmini/6/Train_0025.jpg	6	-1.0,-1.0,-1.0,-1.0,-1.0,-1.0,-1.0,1.0,-1.0,1.0,-1.0,1.0	-4.107532,-0.5829597,-2.1297724,-2.9079993,-1.2275312,-6.0752974,-1.808261,0.5727879,-0.6549895,6.3479686,-4.45553,6.1388764
../data/train_data_mmini/6/Train_0026.jpg	6	-1.0,1.0,-1.0,1.0,-1.0,-1.0,1.0,1.0,-1.0,-1.0,1.0,1.0	-0.97758496,1.0674222,-2.341852,1.406424,-0.27227965,-4.718439,0.43318132,1.2107576,-3.9776468,-1.2743667,3.5436227,0.6352296
../data/train_data_mmini/6/Train_0027.jpg	6	-1.0,1.0,1.0,1.0,1.0,-1.0,1.0,1.0,-1.0,1.0,1.0,1.0	-2.1117404,0.6446444,0.700265,1.4467977,0.87445587,-6.8380027,0.31743047,0.35600862,-2.7058172,2.9734387,5.2245398,1.3363699
../data/train_data_mmini/6/Train_0028.jpg	6	-1.0,-1.0,-1.0,-1.0,-1.0,1.0,1.0,1.0,-1.0,1.0,1.0,1.0	-0.11697228,-2.674226,-1.1988195,-0.68110454,-2.7161486,0.86662596,0.755752,0.38423592,-2.5572827,0.0011202474,7.579135,2.2032843
../data/train_data_mmini/6/Train_0029.jpg	6	-1.0,-1.0,-1.0,-1.0,1.0,-1.0,-1.0,1.0,1.0,1.0,-1.0,1.0	-2.9376018,-4.1996083,-0.6367569,-0.49672705,1.0729917,-4.094219,-2.2150803,0.78065646,1.833373,6.833602,-1.2032363,1.468264
../data/train_data_mmini/7/Train_0030.jpg	7	-1.0,1.0,-1.0,-1.0,-1.0,-1.0,-1.0,1.0,-1.0,1.0,-1.0,1.0	-1.7769893,0.12569296,-2.4251857,-2.0504942,-0.9391587,-2.1651013,-0.50858676,1.218479,-0.018914359,1.1178674,-1.7973725,2.877445
../data/train_data_mmini/7/Train_0031.jpg	7	-1.0,1.0,1.0,-1.0,-1.0,-1.0,-1.0,-1.0,-1.0,1.0,1.0,1.0	-1.9929614,0.2739223,0.9770964,-0.35035092,-0.58490413,-4.854718,-0.908042,-0.19201554,-1.1827707,3.5030258,1.7963022,2.9407673
../data/train_data_mmini/7/Train_0032.jpg	7	1.0,-1.0,1.0,1.0,-1.0,-1.0,1.0,-1.0,-1.0,1.0,1.0,1.0	1.292581,-2.802302,3.2775793,1.3032798,-1.9203676,-0.5099884,0.06293559,-0.8836197,-1.4524999,3.1903315,6.799686,0.5979825
../data/train_data_mmini/7/Train_0033.jpg	7	-1.0,-1.0,-1.0,1.0,1.0,-1.0,-1.0,1.0,-1.0,1.0,1.0,1.0	-2.6284661,-0.107194334,-1.1465607,1.2215973,1.3149939,-7.0139427,-0.75863886,1.3645222,-1.7558423,2.8238487,1.7412132,0.9442301
../data/train_data_mmini/7/Train_0034.jpg	7	1.0,-1.0,1.0,1.0,-1.0,-1.0,1.0,-1.0,-1.0,1.0,1.0,-1.0	0.60684997,-2.4899285,1.7163931,3.7182193,-0.54800475,-3.4337468,0.90190446,-0.42364606,-3.8557196,2.2127054,8.438372,-0.7469714
../data/train_data_mmini/8/Train_0035.jpg	8	1.0,-1.0,1.0,1.0,1.0,-1.0,-1.0,-1.0,1.0,1.0,1.0,-1.0	1.163088,-2.02306,5.1030393,1.7020043,0.799936,-2.1579282,-1.1362058,-0.78093505,1.0538111,5.537163,2.3174305,-0.7841069
../data/train_data_mmini/8/Train_0036.jpg	8	-1.0,-1.0,1.0,-1.0,-1.0,-1.0,-1.0,-1.0,-1.0,1.0,1.0,1.0	-0.9443343,-1.5643787,0.6485259,-1.2689271,-4.3805356,-5.306375,-1.9740534,-0.019241609,-2.2839801,6.6428294,2.681844,7.986765
../data/train_data_mmini/8/Train_0037.jpg	8	-1.0,-1.0,-1.0,1.0,-1.0,-1.0,1.0,1.0,-1.0,1.0,1.0,1.0	-0.66073984,-2.7544293,-1.6606184,1.2205324,-1.5663568,-4.1298456,0.3115656,1.3860588,-3.5791657,1.9441578,7.757829,1.6438268
../data/train_data_mmini/8/Train_0038.jpg	8	-1.0,-1.0,1.0,-1.0,1.0,-1.0,-1.0,-1.0,1.0,1.0,1.0,1.0	-0.09477712,-0.30390507,2.372487,-0.08991641,0.2241241,-2.4474125,-1.0045218,-0.17607526,0.5898614,2.6675618,2.4985209,0.67256093
../data/train_data_mmini/8/Train_0039.jpg	8	-1.0,-1.0,1.0,1.0,1.0,-1.0,-1.0,-1.0,1.0,1.0,1.0,1.0	-0.71074367,-4.376317,4.0000734,1.4989376,0.8721083,-3.7600982,-2.1480932,-0.07408289,1.4810159,8.973216,3.183821,0.4533966
../data/train_data_mmini/9/Train_0040.jpg	9	1.0,-1.0,-1.0,-1.0,-1.0,1.0,1.0,1.0,1.0,-1.0,1.0,-1.0	1.0864766,-2.276054,-1.9920145,-0.17180915,-0.34168938,1.8736625,0.41008887,1.6571268,0.018105729,-1.5760999,1.7543501,-2.084825
../data/train_data_mmini/9/Train_0041.jpg	9	-1.0,1.0,1.0,1.0,1.0,-1.0,1.0,-1.0,-1.0,1.0,1.0,1.0	-3.2588048,0.024999803,1.4756149,0.8060144,0.835816,-5.7081084,0.34045014,-0.3272577,-1.8791299,4.182296,5.7903647,2.0668142
../data/train_data_mmini/9/Train_0042.jpg	9	1.0,-1.0,-1.0,-1.0,-1.0,1.0,-1.0,1.0,1.0,-1.0,1.0,-1.0	0.73072284,-5.5023103,-2.829807,-0.60503703,-0.5583884,3.4086747,-0.008433848,2.508218,0.19489428,-0.9807957,4.5128613,-3.7812202
../data/train_data_mmini/9/Train_0043.jpg	9	1.0,1.0,1.0,1.0,-1.0,1.0,1.0,-1.0,1.0,1.0,1.0,1.0	1.9806315,0.024578383,3.1931808,0.2357312,-1.3841769,1.7874833,0.32836202,-1.1503601,0.32130012,0.85710657,0.8563929,0.34909824
../data/train_data_mmini/9/Train_0044.jpg	9	-1.0,-1.0,-1.0,-1.0,1.0,-1.0,-1.0,1.0,1.0,1.0,-1.0,-1.0	-2.3840954,-1.5802548,-1.6794353,-1.7373432,2.6884012,-1.2331535,-1.7631935,1.4767016,3.1694832,3.088593,-3.0313115,-1.2672944
../data/train_data_mmini/10/Train_0045.jpg	10	-1.0,-1.0,1.0,1.0,1.0,-1.0,-1.0,-1.0,-1.0,1.0,1.0,1.0	-0.68942505,-1.515155,6.9596434,3.7666512,0.4005213,-6.244104,-1.6923361,-2.3418975,-0.9926097,9.340992,3.2177613,1.921913
../data/train_data_mmini/10/Train_0046.jpg	10	-1.0,-1.0,-1.0,1.0,1.0,-1.0,-1.0,1.0,1.0,1.0,1.0,-1.0	-1.3960619,-5.913512,-2.5248084,0.037989326,1.718012,-0.6606156,-1.9481682,2.5079365,2.361933,4.2465463,2.2401984,-3.4048753
../data/train_data_mmini/10/Train_0047.jpg	10	1.0,-1.0,1.0,1.0,-1.0,-1.0,-1.0,-1.0,-1.0,1.0,1.0,1.0	1.1528908,-2.9243436,4.485427,1.9002175,-2.5669873,-3.0595303,-2.0057027,-0.9584464,-0.7475471,7.29113,2.7849596,3.5537343
../data/train_data_mmini/10/Train_0048.jpg	10	-1.0,-1.0,1.0,-1.0,1.0,-1.0,-1.0,-1.0,1.0,1.0,-1.0,1.0	-0.961491,-2.9896796,5.441971,-1.0302173,1.369603,-1.7473704,-2.8472095,-2.7428253,3.9861667,10.17872,-3.6451688,2.4941409
../data/train_data_mmini/10/Train_0049.jpg	10	1.0,-1.0,1.0,1.0,1.0,-1.0,-1.0,-1.0,1.0,1.0,1.0,-1.0	0.37469345,-3.6025631,3.7523687,1.6272529,0.246456,-2.8339627,-1.2918482,-0.2530002,0.55591106,6.460314,3.9370072,-0.043535575
