../data/train_data_mmini/1/Train_0000.jpg	1	1.0,1.0,1.0,1.0,-1.0,-1.0,1.0,-1.0,1.0,-1.0,-1.0,1.0,1.0,1.0,-1.0,1.0,1.0,-1.0,1.0,1.0,-1.0,1.0,1.0,-1.0	0.29455104,1.9314455,0.6249051,0.70681185,-1.4755671,-0.59237754,0.4803569,-0.060415447,0.34662607,-0.105550624,-0.76891893,1.0257325,0.017264333,0.6238676,-0.5771004,0.15095976,0.17790014,-0.49769992,0.26240414,1.0026317,-0.22134693,0.53697413,0.34023753,-0.48038617
../data/train_data_mmini/1/Train_0001.jpg	1	1.0,1.0,1.0,1.0,-1.0,-1.0,-1.0,1.0,1.0,-1.0,-1.0,1.0,1.0,1.0,-1.0,1.0,1.0,-1.0,1.0,1.0,-1.0,1.0,1.0,-1.0	0.4084995,1.7691032,0.6154566,0.44753563,-1.3299744,-0.65893507,-0.023644608,0.45300627,0.35537827,-0.019337421,-0.6306875,1.0775214,0.103137225,0.64438176,-0.48526758,0.121430546,0.4383989,-0.938631,0.27232724,0.9212341,-0.037758924,0.5697977,0.38581958,-0.1528046
../data/train_data_mmini/1/Train_0002.jpg	1	1.0,1.0,1.0,1.0,-1.0,-1.0,1.0,-1.0,1.0,-1.0,-1.0,1.0,-1.0,1.0,-1.0,-1.0,-1.0,-1.0,1.0,1.0,-1.0,1.0,1.0,-1.0	0.24495114,1.249022,0.52577305,0.6671069,-1.2565367,-0.3763412,0.65401554,-0.28992707,0.22948074,-0.059174024,-0.5272334,1.0036416,-0.21744624,0.7001727,-0.5161208,-0.15592256,-0.15807043,-0.5566893,0.30693075,0.60370463,-0.4811935,0.14392625,0.21610896,-0.5455525
../data/train_data_mmini/1/Train_0003.jpg	1	1.0,1.0,1.0,1.0,-1.0,-1.0,1.0,-1.0,1.0,-1.0,-1.0,1.0,1.0,1.0,-1.0,1.0,1.0,-1.0,1.0,1.0,-1.0,1.0,1.0,-1.0	0.2866415,2.048219,0.6671432,0.59576774,-1.5478427,-0.7164079,0.40684167,-0.035965025,0.33838052,-0.15181379,-0.78212124,1.0502996,0.16245118,0.48153332,-0.54305965,0.17214748,0.16757005,-0.41843337,0.17739089,1.0802442,-0.13515712,0.6488045,0.29748502,-0.41589466
../data/train_data_mmini/1/Train_0004.jpg	1	1.0,1.0,1.0,1.0,-1.0,-1.0,1.0,-1.0,1.0,1.0,-1.0,1.0,-1.0,1.0,-1.0,-1.0,1.0,-1.0,1.0,1.0,-1.0,1.0,1.0,-1.0	0.38712767,1.9003162,0.7471477,0.7345364,-1.7315376,-0.505369,0.49197453,-0.4812965,0.28478393,0.09126631,-0.6327316,1.0720887,-0.053125147,0.47283491,-0.5572747,-0.021155389,0.040652607,-0.36305737,0.29757673,1.1116017,-0.3302817,0.41258916,0.05857219,-0.6713972
../data/train_data_mmini/2/Train_0005.jpg	2	1.0,1.0,1.0,1.0,-1.0,-1.0,1.0,-1.0,1.0,-1.0,-1.0,1.0,-1.0,1.0,-1.0,1.0,1.0,-1.0,1.0,1.0,-1.0,1.0,1.0,-1.0	0.13492696,1.4727657,0.6843708,0.50206083,-1.256329,-0.6249546,0.6977185,-0.114656225,0.15026742,-0.029892853,-0.8443441,0.88084996,-0.12483299,0.64673346,-0.5564138,0.24710253,0.32598555,-0.57055295,0.3283023,0.7134986,-0.3649386,0.3843982,0.21599309,-0.35753095
../data/train_data_mmini/2/Train_0006.jpg	2	1.0,1.0,1.0,1.0,-1.0,-1.0,1.0,1.0,1.0,1.0,-1.0,1.0,1.0,1.0,-1.0,1.0,1.0,-1.0,1.0,1.0,-1.0,1.0,1.0,1.0	0.46044597,1.9528978,0.7014369,0.66461116,-0.7078205,-0.7886233,1.2124968,0.75077856,0.14726783,0.43932796,-0.9461917,0.7386506,0.13190436,1.779171,-0.59543484,0.49792412,1.0985007,-1.9768764,0.3285426,0.03824239,-0.4622294,0.5577903,0.004174968,0.04043642
../data/train_data_mmini/2/Train_0007.jpg	2	1.0,1.0,1.0,1.0,-1.0,-1.0,1.0,-1.0,1.0,-1.0,-1.0,1.0,-1.0,1.0,-1.0,-1.0,-1.0,-1.0,1.0,1.0,-1.0,1.0,1.0,-1.0	0.2570497,1.9818596,0.75458825,0.7794971,-2.0400743,-0.53965104,0.47358054,-0.6545177,0.16518988,-0.14802487,-0.86096424,1.1925887,-0.05582908,0.4397749,-0.6189476,-0.22255519,-0.25956136,-0.07743758,0.14212218,1.0080727,-0.4827812,0.341239,0.24033327,-1.1003742
../data/train_data_mmini/2/Train_0008.jpg	2	1.0,1.0,1.0,1.0,-1.0,-1.0,1.0,-1.0,-1.0,-1.0,-1.0,1.0,-1.0,1.0,-1.0,-1.0,-1.0,-1.0,-1.0,1.0,-1.0,1.0,-1.0,-1.0	0.2881609,1.6120542,0.80061233,0.7681606,-1.259095,-0.26259622,0.9366477,-0.7582979,-0.014511462,-0.0362565,-0.6113939,1.0201604,-0.53869814,1.0381352,-0.83500475,-0.2885326,-0.13757393,-1.010696,-0.065063275,0.20170249,-0.65945214,0.17629792,-0.009812633,-0.97368544
../data/train_data_mmini/2/Train_0009.jpg	2	1.0,1.0,1.0,1.0,-1.0,-1.0,1.0,1.0,1.0,-1.0,-1.0,1.0,-1.0,1.0,-1.0,1.0,1.0,-1.0,1.0,1.0,-1.0,1.0,1.0,-1.0	0.24585168,2.2331765,0.74305,0.5937067,-1.345998,-0.9899113,0.77182925,0.371772,0.37765977,-0.061741136,-1.0503094,0.8885924,-0.044607107,0.71180314,-0.757772,0.27291605,0.48951957,-0.954149,0.33245334,1.2464691,-0.20782287,0.6911852,0.3008696,-0.44192493
../data/train_data_mmini/3/Train_0010.jpg	3	1.0,1.0,1.0,1.0,-1.0,-1.0,1.0,-1.0,-1.0,-1.0,-1.0,1.0,-1.0,1.0,-1.0,-1.0,-1.0,-1.0,-1.0,1.0,1.0,1.0,1.0,-1.0	0.26679078,1.2873037,0.3584729,0.31179222,-0.90370566,-0.53890866,0.7601191,-0.35113412,-0.057615113,-0.10521521,-0.73641557,0.82617503,-0.09674865,0.6031517,-1.2632236,-0.4256281,-0.59441286,-1.1363434,-0.50226516,0.4088627,0.113644116,0.24577846,0.08978736,-0.26245624
../data/train_data_mmini/3/Train_0011.jpg	3	1.0,1.0,1.0,1.0,-1.0,-1.0,1.0,-1.0,1.0,1.0,-1.0,1.0,-1.0,1.0,-1.0,-1.0,-1.0,1.0,1.0,1.0,-1.0,1.0,1.0,-1.0	0.33009997,0.8829142,0.4746446,0.4862205,-1.6455997,-0.3895808,0.19610864,-0.4602496,0.26125017,0.009951362,-0.5045989,0.8065642,-0.27436867,0.061702557,-0.018086713,-0.28353596,-0.04642656,0.11689615,0.47792965,1.1743689,-0.44662148,0.084264815,0.1951636,-0.6973648
../data/train_data_mmini/3/Train_0012.jpg	3	1.0,1.0,1.0,1.0,-1.0,-1.0,-1.0,1.0,1.0,1.0,-1.0,1.0,1.0,1.0,1.0,1.0,1.0,-1.0,1.0,1.0,-1.0,1.0,-1.0,-1.0	0.33938828,1.951141,0.638861,0.24117428,-1.5764494,-0.9714371,-0.19646741,0.5305534,0.24664786,0.76411724,-0.45009506,0.8601662,0.50215024,0.5544418,0.3124826,0.31807324,1.0496851,-0.3423897,0.740572,1.4504204,-0.68962747,0.58217025,-0.08820931,-0.12919925
../data/train_data_mmini/3/Train_0013.jpg	3	1.0,1.0,1.0,1.0,-1.0,-1.0,1.0,1.0,-1.0,1.0,-1.0,1.0,-1.0,1.0,-1.0,-1.0,1.0,-1.0,1.0,-1.0,-1.0,1.0,1.0,-1.0	0.5467635,1.8584768,0.9245136,0.681176,-0.9150483,-0.29199323,1.2336164,0.0030942406,-0.042594936,0.30115557,-0.49247134,0.8092174,-0.44789726,1.5706323,-0.8050403,-0.0060844133,0.67662245,-1.5168144,0.14354274,-0.005374564,-0.5852369,0.35855275,0.02753543,-0.41368097
../data/train_data_mmini/3/Train_0014.jpg	3	1.0,1.0,1.0,1.0,-1.0,-1.0,1.0,-1.0,1.0,-1.0,-1.0,1.0,1.0,1.0,-1.0,1.0,1.0,-1.0,1.0,1.0,-1.0,1.0,1.0,-1.0	0.19330095,1.7653763,0.5252243,0.50934154,-1.4048773,-0.55468,0.5605202,-0.26325563,0.14571065,-0.13442858,-0.8106272,1.0839407,0.0007720856,0.6438374,-0.4857763,0.03458777,0.14598963,-0.57754606,0.19128801,0.7571424,-0.2629357,0.26427582,0.39576498,-0.4018737
../data/train_data_mmini/4/Train_0015.jpg	4	1.0,1.0,1.0,1.0,-1.0,-1.0,1.0,-1.0,-1.0,1.0,-1.0,1.0,-1.0,1.0,-1.0,-1.0,1.0,-1.0,1.0,1.0,-1.0,1.0,1.0,-1.0	0.23478465,1.6549755,0.5323099,0.76398796,-1.7874687,-0.6083336,0.5943835,-0.57621807,-0.099467784,0.33202317,-0.85812825,0.76900554,-0.30511984,1.3029629,-0.3140291,-0.025275083,0.18625292,-0.3720873,0.16663438,0.6413611,-1.3100035,0.28351608,0.21413727,-0.7873873
../data/train_data_mmini/4/Train_0016.jpg	4	1.0,1.0,1.0,1.0,-1.0,-1.0,1.0,1.0,1.0,-1.0,-1.0,1.0,-1.0,1.0,-1.0,1.0,1.0,-1.0,1.0,1.0,-1.0,1.0,1.0,-1.0	0.16312371,1.2267729,0.75664884,0.24652098,-0.91788673,-0.5358291,0.1488537,0.027042776,0.45650694,-0.35895917,-0.5833952,1.1162376,-0.069627196,0.46559834,-0.409877,0.23083574,0.34694117,-0.48217732,0.6068832,0.6826649,-0.09155027,0.566831,0.1799661,-0.4001385
../data/train_data_mmini/4/Train_0017.jpg	4	1.0,1.0,1.0,1.0,-1.0,-1.0,1.0,1.0,1.0,1.0,-1.0,1.0,1.0,1.0,-1.0,1.0,1.0,-1.0,1.0,1.0,-1.0,1.0,-1.0,1.0	0.6333507,1.8360263,0.70657486,0.4610161,-0.57409155,-0.9485906,0.5740738,0.97011095,0.28986824,0.7100048,-0.8063685,0.7349597,0.084555954,1.7871212,-0.28089562,0.61031455,1.532352,-1.933606,0.619513,0.35496175,-0.7688038,0.47463813,-0.021790842,0.11836949
../data/train_data_mmini/4/Train_0018.jpg	4	1.0,1.0,1.0,1.0,-1.0,-1.0,1.0,-1.0,1.0,1.0,-1.0,1.0,1.0,1.0,-1.0,-1.0,-1.0,-1.0,1.0,1.0,-1.0,1.0,1.0,-1.0	0.05468551,1.0172191,0.39765888,0.3926619,-1.1815614,-0.3124135,0.36533028,-0.30599684,0.074318774,0.0839468,-0.5887678,0.9094501,0.10528125,0.35628933,-0.5284452,-0.061318696,-0.069558956,-0.39547518,0.29223812,0.7679683,-0.26524696,0.17101993,0.05343123,-0.2957059
../data/train_data_mmini/4/Train_0019.jpg	4	1.0,1.0,1.0,1.0,-1.0,-1.0,1.0,1.0,-1.0,1.0,-1.0,1.0,-1.0,1.0,-1.0,1.0,1.0,-1.0,1.0,-1.0,-1.0,1.0,1.0,-1.0	0.6933564,1.946289,0.95534086,0.7568054,-1.0412879,-0.52685875,1.3262675,0.32424313,-0.2829813,0.25598657,-0.8583351,0.7995641,-0.58576065,1.6181968,-0.7803858,0.10724887,0.59648544,-1.8722004,0.051051103,-0.0035580972,-0.95676845,0.41265848,0.20244722,-0.6840141
../data/train_data_mmini/5/Train_0020.jpg	5	1.0,1.0,1.0,1.0,-1.0,-1.0,1.0,-1.0,1.0,-1.0,-1.0,1.0,1.0,1.0,-1.0,1.0,1.0,-1.0,1.0,1.0,-1.0,1.0,1.0,-1.0	0.29673162,2.1822836,0.73776346,0.56662357,-1.71762,-0.66235113,0.40662378,-0.09520793,0.27671966,-0.21530296,-0.87348676,1.2481384,0.13703927,0.53569764,-0.7042445,0.08329424,0.11101604,-0.52776706,0.19236937,0.9495091,-0.159429,0.51221496,0.27197465,-0.58370346
../data/train_data_mmini/5/Train_0021.jpg	5	1.0,1.0,1.0,1.0,-1.0,-1.0,1.0,-1.0,1.0,1.0,-1.0,1.0,-1.0,1.0,-1.0,1.0,1.0,-1.0,1.0,1.0,-1.0,1.0,1.0,-1.0	0.18059377,2.158561,0.7771487,0.7602215,-1.8461144,-0.636054,0.8782463,-0.42953762,0.15523662,0.05669094,-0.9523412,1.1096594,-0.19333357,0.93434554,-0.48119098,0.09569892,0.24305092,-0.35861325,0.2654699,1.1087565,-0.67703944,0.45547464,0.28771237,-0.7922179
../data/train_data_mmini/5/Train_0022.jpg	5	1.0,1.0,1.0,1.0,-1.0,-1.0,1.0,-1.0,1.0,-1.0,-1.0,1.0,-1.0,1.0,-1.0,1.0,-1.0,-1.0,1.0,1.0,-1.0,1.0,1.0,-1.0	0.3513069,2.1376705,0.7268689,0.7112386,-1.5465798,-0.632296,0.62903935,-0.2613802,0.16153282,-0.11156342,-0.8954186,1.0664713,-0.10177848,0.79039556,-0.7372165,0.020026593,-0.011952201,-0.8047666,0.11286127,0.77711874,-0.49790648,0.3453297,0.19072945,-0.75404
../data/train_data_mmini/5/Train_0023.jpg	5	1.0,1.0,1.0,1.0,-1.0,-1.0,1.0,-1.0,1.0,-1.0,-1.0,1.0,1.0,1.0,-1.0,1.0,1.0,-1.0,1.0,1.0,-1.0,1.0,1.0,-1.0	0.13244192,2.2391334,0.5771557,0.5819468,-1.7587128,-0.66383195,0.39934796,-0.08347674,0.27559492,-0.22017302,-0.896923,1.2091012,0.20601872,0.37031326,-0.5942387,0.15334317,0.04607648,-0.21783131,0.09973324,1.1465026,-0.03247256,0.5036085,0.22207977,-0.4046274
../data/train_data_mmini/5/Train_0024.jpg	5	1.0,1.0,1.0,1.0,-1.0,-1.0,1.0,-1.0,1.0,1.0,-1.0,1.0,-1.0,1.0,-1.0,-1.0,1.0,1.0,1.0,1.0,-1.0,1.0,-1.0,-1.0	0.06551222,1.7413925,0.6403128,0.7971114,-2.0537002,-0.7019389,0.73563737,-0.68539816,0.23915575,0.12227578,-0.82861155,0.9935661,-0.05237544,0.3769724,-0.43883878,-0.039865583,0.08821813,0.15071502,0.19829634,1.2845196,-0.5125296,0.54103154,-0.020776609,-0.8170688
../data/train_data_mmini/6/Train_0025.jpg	6	1.0,1.0,1.0,1.0,-1.0,-1.0,1.0,-1.0,1.0,-1.0,-1.0,1.0,-1.0,1.0,-1.0,1.0,1.0,-1.0,1.0,1.0,-1.0,1.0,1.0,-1.0	0.2687123,1.1731468,0.6016623,0.5254454,-1.1027627,-0.766489,0.68129873,-0.20496121,0.24436863,-0.12677775,-0.6503523,0.735519,-0.21910003,0.40982598,-0.5685447,0.078042775,0.10130065,-0.27649784,0.26913086,0.99812424,-0.42947382,0.3835977,0.18361793,-0.40049663
../data/train_data_mmini/6/Train_0026.jpg	6	1.0,1.0,1.0,1.0,-1.0,-1.0,1.0,1.0,1.0,1.0,-1.0,1.0,1.0,1.0,-1.0,1.0,1.0,-1.0,1.0,1.0,-1.0,1.0,1.0,-1.0	0.3042234,1.7072219,0.5905724,0.57427734,-1.183286,-0.68623585,0.23748554,0.23506787,0.260735,0.106138475,-0.78808475,0.8940913,0.09929842,0.7004078,-0.7457681,0.045806497,0.3020543,-1.1621385,0.13443422,0.9125475,-0.2696126,0.47992024,0.2772287,-0.45629087
../data/train_data_mmini/6/Train_0027.jpg	6	1.0,1.0,1.0,1.0,-1.0,-1.0,1.0,1.0,1.0,-1.0,-1.0,1.0,1.0,1.0,-1.0,-1.0,-1.0,-1.0,1.0,1.0,1.0,1.0,1.0,-1.0	0.12308175,1.0277406,0.36637244,0.18458255,-1.2247751,-0.7849771,0.2279759,0.036296517,0.27420685,-0.20733039,-0.5913972,0.8533999,0.14295533,0.03337363,-0.60774094,-0.31296626,-0.016783694,-0.7863003,0.44936204,1.1459405,0.36214456,0.41163668,0.14470537,-0.096122935
../data/train_data_mmini/6/Train_0028.jpg	6	1.0,1.0,1.0,1.0,-1.0,-1.0,1.0,-1.0,1.0,-1.0,-1.0,1.0,-1.0,1.0,-1.0,-1.0,-1.0,-1.0,1.0,1.0,-1.0,1.0,1.0,-1.0	0.3491598,1.1783315,0.73008025,0.6527306,-1.3963128,-0.22477368,0.4628151,-0.88721555,0.34166875,-0.25072068,-0.5738475,1.2624555,-0.29241312,0.26390776,-0.6002774,-0.31316364,-0.25793988,-0.31453902,0.5577424,0.8368475,-0.29344442,0.19903077,0.023264369,-0.9656224
../data/train_data_mmini/6/Train_0029.jpg	6	1.0,1.0,1.0,1.0,-1.0,-1.0,1.0,1.0,1.0,1.0,-1.0,1.0,-1.0,1.0,-1.0,1.0,1.0,-1.0,-1.0,1.0,-1.0,1.0,-1.0,-1.0	0.46996698,1.927789,0.6352733,0.73471373,-0.9102292,-0.9588557,1.4741826,0.24025933,0.0815049,0.25579888,-0.81712717,0.46149656,-0.5816646,1.2505474,-0.9272768,0.20369181,0.58582944,-1.2305185,-0.024684602,0.47387153,-0.58209807,0.41041288,-0.09275148,-0.20591643
../data/train_data_mmini/7/Train_0030.jpg	7	1.0,1.0,1.0,1.0,-1.0,-1.0,1.0,1.0,1.0,-1.0,-1.0,1.0,-1.0,1.0,-1.0,1.0,1.0,-1.0,1.0,1.0,-1.0,1.0,1.0,-1.0	0.344286,2.2388122,1.0106038,0.5196878,-1.3333215,-1.0039192,0.46263963,0.6070573,0.19073373,-0.035875224,-1.1555443,1.0320935,-0.060618106,0.9901502,-0.42925435,0.50787866,0.9276628,-0.96629256,0.6449509,0.9884389,-0.64529663,0.7359198,0.53992873,-0.44226196
../data/train_data_mmini/7/Train_0031.jpg	7	1.0,1.0,1.0,1.0,-1.0,-1.0,1.0,1.0,1.0,1.0,-1.0,1.0,1.0,1.0,-1.0,1.0,1.0,-1.0,1.0,1.0,-1.0,1.0,1.0,-1.0	0.2643247,2.0479634,0.7588849,0.5848512,-1.0226558,-0.6091255,0.7159104,0.25204647,0.30033457,0.16777907,-0.78059644,0.98881584,0.1053268,0.9198724,-0.647398,0.30885878,0.8332463,-1.0065851,0.27842903,0.7539466,-0.1995653,0.5966759,0.03327443,-0.15549307
../data/train_data_mmini/7/Train_0032.jpg	7	1.0,1.0,1.0,1.0,-1.0,-1.0,1.0,-1.0,1.0,1.0,-1.0,1.0,-1.0,1.0,-1.0,-1.0,1.0,-1.0,1.0,1.0,-1.0,1.0,1.0,-1.0	0.042041875,1.2379969,0.5661752,0.32870275,-1.2521714,-0.6474104,0.5941168,-0.2658617,0.31306827,0.06868792,-0.7703237,0.865472,-0.1520856,0.69935644,-0.4345676,-0.065133065,0.13099913,-0.50431544,0.4612559,0.9791193,-0.31111473,0.38803688,0.14927505,-0.3743537
../data/train_data_mmini/7/Train_0033.jpg	7	1.0,1.0,1.0,1.0,-1.0,-1.0,1.0,1.0,1.0,-1.0,-1.0,1.0,1.0,1.0,-1.0,1.0,1.0,-1.0,1.0,1.0,-1.0,1.0,1.0,-1.0	0.13354145,1.9399633,0.36540556,0.4218413,-1.4267725,-0.98211485,0.49546504,0.36654964,0.32262215,-0.06756329,-1.065373,0.7840369,0.41845772,0.37235472,-0.63684815,0.23092207,0.40568393,-0.6495654,0.21746902,1.2627807,-0.08855087,0.59848523,0.27373657,-0.07083383
../data/train_data_mmini/7/Train_0034.jpg	7	1.0,1.0,1.0,1.0,-1.0,-1.0,1.0,-1.0,1.0,-1.0,-1.0,1.0,-1.0,-1.0,-1.0,-1.0,-1.0,1.0,1.0,1.0,-1.0,-1.0,-1.0,-1.0	0.21756147,0.4272724,0.6451925,0.6706398,-2.0101514,-0.29009974,0.3332104,-1.423376,0.32241216,-0.27493852,-0.44912413,0.982472,-0.24775308,-0.6077178,-0.28702095,-0.83441836,-0.6094908,0.623228,0.35685998,1.2634293,-0.18886061,-0.11518128,-0.2232105,-0.9977095
../data/train_data_mmini/8/Train_0035.jpg	8	1.0,1.0,1.0,1.0,-1.0,-1.0,1.0,-1.0,1.0,-1.0,-1.0,1.0,-1.0,1.0,-1.0,-1.0,1.0,-1.0,1.0,1.0,-1.0,1.0,1.0,-1.0	0.18614869,1.880036,0.58304334,0.6372487,-1.3664677,-0.6810585,0.92872393,-0.1346111,0.1848978,-0.027955016,-0.9311238,0.7848005,-0.26249737,0.8812114,-0.6652848,-0.009331972,0.23581529,-0.70817155,0.1414952,0.83756286,-0.3489013,0.3288297,0.11215111,-0.42031565
../data/train_data_mmini/8/Train_0036.jpg	8	1.0,1.0,1.0,1.0,-1.0,-1.0,1.0,-1.0,1.0,-1.0,-1.0,1.0,-1.0,1.0,-1.0,1.0,1.0,-1.0,1.0,1.0,-1.0,1.0,1.0,-1.0	0.16418575,1.7536308,0.6415915,0.6823167,-1.2307544,-0.70107913,0.8359057,-0.15605164,0.19920507,-0.070871286,-0.90033513,0.92267084,-0.1283024,0.6594234,-0.7211627,0.10367814,0.15186644,-0.6216679,0.23040995,0.8674728,-0.47032943,0.30083218,0.17976256,-0.5370685
../data/train_data_mmini/8/Train_0037.jpg	8	1.0,1.0,1.0,1.0,-1.0,-1.0,1.0,-1.0,1.0,1.0,-1.0,1.0,-1.0,1.0,-1.0,-1.0,1.0,-1.0,1.0,1.0,-1.0,1.0,1.0,-1.0	0.21144389,1.3711625,0.581379,0.6936566,-1.5748106,-0.7014509,0.5192131,-0.33402044,0.20341367,0.21550177,-0.82191855,0.81134516,-0.29995444,0.5147697,-0.4122365,-0.111226946,0.22425984,-0.41836435,0.3518432,1.1516702,-0.77086973,0.39932564,0.14630665,-0.8166171
../data/train_data_mmini/8/Train_0038.jpg	8	1.0,1.0,1.0,1.0,-1.0,-1.0,1.0,-1.0,1.0,-1.0,-1.0,1.0,-1.0,1.0,-1.0,1.0,1.0,-1.0,1.0,1.0,-1.0,1.0,1.0,-1.0	0.19537805,1.8208607,0.7201774,0.52509034,-1.3054185,-0.7622173,0.74098,-0.16931084,0.33747524,-0.17607473,-0.84255135,1.0075121,-0.2703011,0.8306957,-0.59021145,0.13476416,0.2793663,-0.72220176,0.2772575,0.7397094,-0.27723345,0.4409814,0.19759981,-0.49622166
../data/train_data_mmini/8/Train_0039.jpg	8	1.0,1.0,1.0,1.0,-1.0,-1.0,1.0,1.0,1.0,1.0,-1.0,1.0,-1.0,1.0,-1.0,1.0,1.0,-1.0,1.0,1.0,-1.0,1.0,1.0,-1.0	0.32020625,1.8916926,0.5903561,0.80130607,-1.2444093,-0.88826877,1.0030339,0.12504548,0.23583907,0.3423561,-0.9646923,0.53998333,-0.37646753,1.0415308,-0.71834016,0.10775247,0.57556933,-0.87904674,0.2403386,0.94938177,-0.6201187,0.27398625,0.06747576,-0.33329177
../data/train_data_mmini/9/Train_0040.jpg	9	1.0,1.0,1.0,1.0,-1.0,-1.0,1.0,-1.0,1.0,1.0,-1.0,1.0,-1.0,1.0,-1.0,-1.0,1.0,-1.0,1.0,1.0,-1.0,1.0,1.0,-1.0	0.3280578,2.0386283,0.7724978,0.874425,-1.974405,-0.5559209,0.829498,-0.630949,0.102092445,0.15161626,-0.88194364,1.0593052,-0.3451252,0.91628677,-0.57180905,-0.15395483,0.03344615,-0.4201346,0.14260392,0.99475497,-0.9745196,0.3471422,0.17114528,-1.1181898
../data/train_data_mmini/9/Train_0041.jpg	9	1.0,1.0,1.0,1.0,-1.0,-1.0,1.0,1.0,1.0,-1.0,-1.0,1.0,1.0,1.0,-1.0,-1.0,1.0,-1.0,1.0,1.0,1.0,1.0,1.0,-1.0	0.27576664,1.4297665,0.54963714,0.29359826,-1.2336287,-0.5505959,0.2340479,0.030720621,0.30117905,-0.22410719,-0.60617393,1.0985013,0.09744766,0.0009103038,-0.6756947,-0.121145785,0.039927322,-0.67447215,0.30956724,0.8173557,0.14781472,0.31237823,0.074207835,-0.22213164
../data/train_data_mmini/9/Train_0042.jpg	9	1.0,1.0,1.0,1.0,-1.0,-1.0,1.0,-1.0,1.0,1.0,-1.0,1.0,-1.0,1.0,-1.0,-1.0,1.0,-1.0,1.0,1.0,-1.0,1.0,-1.0,-1.0	0.3189943,1.4877012,0.7197485,0.8297066,-2.0778337,-0.41917765,0.635807,-0.982102,0.05113289,0.4878534,-0.5956128,0.83923453,-0.4656632,0.7763079,-0.29324263,-0.3045399,0.15477958,-0.08458084,0.010706863,0.8424658,-1.1597723,0.12262383,-0.06934152,-1.1021854
../data/train_data_mmini/9/Train_0043.jpg	9	1.0,1.0,1.0,1.0,-1.0,-1.0,1.0,-1.0,-1.0,1.0,-1.0,1.0,-1.0,1.0,-1.0,-1.0,1.0,-1.0,1.0,1.0,-1.0,1.0,1.0,-1.0	0.40828148,2.1577017,0.80474925,0.76465917,-1.6665826,-0.66245395,1.1283157,-0.3627251,-0.05242249,0.030960808,-1.0359378,0.98448086,-0.404425,1.1548948,-0.9228683,-0.056546777,0.06971926,-1.0075232,0.11281826,0.5491096,-0.8176269,0.20919809,0.21197365,-0.8208919
../data/train_data_mmini/9/Train_0044.jpg	9	1.0,1.0,1.0,1.0,-1.0,-1.0,1.0,1.0,1.0,1.0,-1.0,1.0,-1.0,1.0,-1.0,1.0,1.0,-1.0,1.0,1.0,-1.0,1.0,1.0,-1.0	0.38845828,2.1569943,0.6660612,0.6571923,-1.3365002,-0.97490394,1.0556587,0.2991815,0.08458668,0.3056435,-0.8861642,0.62284034,-0.35338074,1.3511224,-0.66740304,0.1757262,0.6538226,-1.0780498,0.004599235,0.6984549,-0.7051241,0.4876685,0.099388205,-0.2915901
../data/train_data_mmini/10/Train_0045.jpg	10	1.0,1.0,1.0,1.0,-1.0,-1.0,1.0,-1.0,1.0,1.0,-1.0,1.0,-1.0,1.0,-1.0,-1.0,1.0,-1.0,1.0,1.0,-1.0,1.0,-1.0,-1.0	0.23359318,1.1537805,0.5177958,0.7344952,-0.8121253,-0.7230978,0.99186087,-0.11851907,0.16941863,0.18758042,-0.7358998,0.31754228,-0.58603793,0.6109103,-0.66100836,-0.12255734,0.28820828,-0.7874445,0.099950366,0.8258016,-0.4653264,0.08926554,-0.081929006,-0.32182264
../data/train_data_mmini/10/Train_0046.jpg	10	1.0,1.0,1.0,1.0,-1.0,-1.0,1.0,-1.0,1.0,1.0,-1.0,1.0,-1.0,1.0,-1.0,-1.0,1.0,-1.0,1.0,1.0,-1.0,1.0,1.0,-1.0	0.27805552,0.8909218,0.41733953,0.5426483,-0.8934741,-0.7083837,0.8548286,-0.014460474,0.22657152,0.17929147,-0.5564731,0.27930203,-0.55900747,0.69323564,-0.5082736,-0.13045725,0.2712432,-0.6739854,0.08168935,0.7890651,-0.50818914,0.13376173,0.020710846,-0.28977078
../data/train_data_mmini/10/Train_0047.jpg	10	1.0,1.0,1.0,1.0,-1.0,-1.0,1.0,-1.0,1.0,1.0,-1.0,1.0,-1.0,1.0,-1.0,-1.0,1.0,-1.0,1.0,1.0,-1.0,1.0,1.0,-1.0	0.23188893,1.5542018,0.7586454,0.82827926,-1.3967197,-0.6592067,1.0872657,-0.6331717,0.13884242,0.020082587,-0.8595758,0.93037254,-0.5944626,0.8702525,-0.7239972,-0.12022683,0.1928645,-0.6036319,0.13791475,0.8556202,-0.7107678,0.14823891,0.055906374,-0.74521184
../data/train_data_mmini/10/Train_0048.jpg	10	1.0,1.0,1.0,1.0,-1.0,-1.0,1.0,-1.0,1.0,1.0,-1.0,1.0,-1.0,1.0,-1.0,1.0,1.0,-1.0,1.0,1.0,-1.0,1.0,-1.0,-1.0	0.17821895,1.4781845,0.57029617,0.75298434,-1.2344897,-0.8146783,1.1701956,-0.30111554,0.23453006,0.044393875,-0.76942235,0.56984055,-0.4145766,0.6282181,-0.44203964,0.017837672,0.13508196,-0.162211,0.0005641941,1.1135223,-0.4479623,0.29648498,-0.085457005,-0.34798142
../data/train_data_mmini/10/Train_0049.jpg	10	1.0,1.0,1.0,1.0,-1.0,-1.0,1.0,-1.0,1.0,1.0,-1.0,1.0,-1.0,1.0,-1.0,-1.0,1.0,-1.0,1.0,1.0,-1.0,1.0,1.0,-1.0	0.30754635,1.6436461,0.597412,0.8277281,-1.4476311,-0.75299627,1.0018631,-0.290614,0.17083015,0.10419672,-0.8947462,0.71452206,-0.5848276,0.8007925,-0.6410554,-0.15187493,0.258097,-0.6753463,0.07721416,0.99557847,-0.6681706,0.21682818,0.041054983,-0.6376848
