../data/train_data_mmini/1/Train_0000.jpg	1	-1.0,1.0,-1.0,-1.0,1.0,1.0,1.0,-1.0,1.0,-1.0,1.0,1.0,1.0,1.0,1.0,1.0,1.0,-1.0,-1.0,-1.0,1.0,1.0,1.0,1.0	-0.7303988,0.5199129,-0.72076935,-1.7024937,0.49033785,1.2888612,0.77296084,-2.4793086,0.18674001,-0.015080759,0.0696563,0.53975123,1.751119,0.060466446,1.0908587,2.1304133,0.32158834,-0.17579149,-0.14521322,-1.09431,1.8967214,0.7656488,2.444371,4.348124
../data/train_data_mmini/1/Train_0001.jpg	1	-1.0,1.0,1.0,-1.0,1.0,-1.0,1.0,1.0,1.0,-1.0,1.0,-1.0,-1.0,1.0,1.0,-1.0,-1.0,1.0,1.0,1.0,1.0,-1.0,-1.0,1.0	-0.8110548,4.204975,1.1525339,-0.021035636,2.2534924,-1.018252,0.36979824,0.25249457,2.4046202,-0.17115389,0.06793304,-2.988522,-0.027735638,1.183561,0.7427915,-1.0305506,-1.8788892,0.6107787,1.294692,0.4731082,4.866157,-0.91487193,-1.5424747,0.7820122
../data/train_data_mmini/1/Train_0002.jpg	1	-1.0,1.0,1.0,1.0,-1.0,1.0,1.0,1.0,-1.0,1.0,1.0,-1.0,1.0,-1.0,1.0,1.0,-1.0,-1.0,-1.0,1.0,1.0,1.0,1.0,-1.0	-0.6149964,0.89531344,0.0710572,1.2275872,-4.282339,0.2199563,0.38930124,0.17454034,-0.80631435,2.8844361,1.7491275,-1.476176,1.6332135,-0.52981657,2.4095488,3.421727,-2.3600051,-4.0559587,-1.0419332,1.0850301,1.0176569,0.9957691,1.3235509,-0.56811583
../data/train_data_mmini/1/Train_0003.jpg	1	-1.0,1.0,1.0,-1.0,1.0,1.0,-1.0,-1.0,-1.0,-1.0,1.0,1.0,1.0,1.0,1.0,-1.0,-1.0,1.0,-1.0,-1.0,1.0,-1.0,1.0,1.0	-1.8365786,0.96159506,0.19599055,-1.7799633,1.0116552,0.090030834,-0.800045,-2.2892885,-0.661824,-2.9595,1.1338913,0.40119466,1.864351,2.2879782,1.2018491,-0.8259749,-0.53931886,0.47806355,-0.6617675,-0.5446705,4.596952,-0.19828752,2.4852235,5.9134245
../data/train_data_mmini/1/Train_0004.jpg	1	-1.0,1.0,-1.0,-1.0,1.0,1.0,-1.0,-1.0,1.0,1.0,1.0,-1.0,1.0,1.0,-1.0,1.0,1.0,1.0,1.0,-1.0,1.0,1.0,1.0,1.0	-1.6924284,0.21205491,-0.03585402,-2.881383,2.0331798,1.3251629,-0.4715072,-2.8467956,1.6985321,0.5698882,0.4191771,-0.67120254,0.6853852,1.0508895,-0.19447315,0.58025444,1.1667746,0.9772105,1.266133,-1.7324396,2.1011457,0.44868013,1.5895281,1.9067532
../data/train_data_mmini/2/Train_0005.jpg	2	1.0,1.0,1.0,1.0,1.0,-1.0,1.0,1.0,-1.0,-1.0,-1.0,1.0,-1.0,-1.0,1.0,-1.0,-1.0,-1.0,-1.0,1.0,-1.0,1.0,-1.0,-1.0	1.3826288,0.8942725,0.6065291,2.7791262,0.11032881,-1.1723007,0.20514941,0.55636805,-0.29745007,-0.09852091,-0.8678481,0.6456566,-0.78742415,-0.49901134,0.71670604,-1.7731346,-0.20785235,-0.61752355,-0.011101971,0.2930091,-0.60658383,0.84123796,-2.3587139,-1.3587289
../data/train_data_mmini/2/Train_0006.jpg	2	-1.0,-1.0,-1.0,-1.0,1.0,-1.0,-1.0,1.0,-1.0,1.0,1.0,1.0,1.0,1.0,-1.0,-1.0,1.0,1.0,-1.0,1.0,-1.0,-1.0,1.0,-1.0	-0.5251442,-2.334717,-0.4824183,-1.1331037,0.17081985,-1.8434312,-1.7216355,2.3902051,-1.4753523,0.044764273,0.6067574,0.8911318,0.25657174,1.5955806,-0.97308695,-0.80814576,1.0905415,0.75983983,-0.791755,1.0132213,-1.8100516,-2.637641,0.16551141,-1.5386447
../data/train_data_mmini/2/Train_0007.jpg	2	1.0,-1.0,-1.0,-1.0,1.0,1.0,1.0,-1.0,-1.0,-1.0,-1.0,1.0,1.0,-1.0,-1.0,1.0,1.0,1.0,1.0,-1.0,1.0,1.0,1.0,1.0	1.0922335,-0.7928366,-0.860024,-2.6853182,1.6375303,2.0615654,1.8013082,-3.2038968,-0.3419049,-1.0231109,-2.1073158,1.1841571,1.3684798,-0.52564,-1.0171763,2.9650419,2.947778,1.2310629,0.28851876,-2.7107694,1.5784038,3.7212002,2.2361925,6.6766973
../data/train_data_mmini/2/Train_0008.jpg	2	-1.0,-1.0,-1.0,-1.0,1.0,1.0,1.0,-1.0,1.0,1.0,1.0,-1.0,-1.0,-1.0,-1.0,1.0,1.0,1.0,1.0,-1.0,-1.0,1.0,-1.0,-1.0	-0.4467146,-1.6795971,-1.0952976,-1.7118927,0.6503058,1.8176975,0.4107501,-1.2271339,1.467363,3.2814562,0.41644374,-1.5041447,-0.43708146,-1.4377282,-0.2125715,1.90384,1.1900771,0.74408644,2.3012087,-0.73609567,-2.0025814,0.7130811,-0.7228571,-3.6359248
../data/train_data_mmini/2/Train_0009.jpg	2	1.0,1.0,-1.0,1.0,1.0,1.0,1.0,-1.0,1.0,-1.0,-1.0,1.0,-1.0,-1.0,1.0,-1.0,1.0,1.0,-1.0,-1.0,-1.0,1.0,-1.0,1.0	2.9447997,0.27236414,-1.1736723,1.4589176,0.9667358,0.6501655,2.2930965,-0.24467719,0.048826177,-1.6211383,-2.2782776,3.6323025,-0.3287247,-1.1310807,0.30762848,-0.04439182,0.77201676,0.6461016,-1.2348429,-1.7577077,-2.5057511,0.01941292,-0.32382926,3.3111298
../data/train_data_mmini/3/Train_0010.jpg	3	1.0,1.0,1.0,1.0,1.0,-1.0,-1.0,-1.0,1.0,-1.0,-1.0,-1.0,-1.0,1.0,-1.0,-1.0,1.0,1.0,1.0,-1.0,-1.0,-1.0,-1.0,-1.0	0.98896277,1.7012998,1.525611,0.03563728,3.261897,-1.0553429,-0.100008756,-0.45274964,1.3123529,-0.004387663,-0.1689351,-2.0445259,-2.6398902,1.610471,-1.6779288,-3.2809756,1.4159652,2.832524,2.037094,-0.1573737,-0.11753248,-1.4857849,-2.6962674,-2.4073527
../data/train_data_mmini/3/Train_0011.jpg	3	-1.0,1.0,1.0,1.0,-1.0,1.0,1.0,-1.0,1.0,1.0,1.0,-1.0,1.0,-1.0,1.0,1.0,-1.0,-1.0,1.0,1.0,-1.0,1.0,1.0,-1.0	-0.4554935,3.8184144,1.0203071,1.591887,-2.0625196,0.769114,1.1976563,-0.35703737,0.9658176,4.8570337,0.5749885,-2.476241,0.40113366,-0.24880904,1.9435652,2.5200078,-1.082483,-2.8915205,0.7601894,0.32527664,-0.3193417,0.4694957,0.51342577,-1.0514557
../data/train_data_mmini/3/Train_0012.jpg	3	-1.0,1.0,1.0,1.0,-1.0,-1.0,-1.0,1.0,1.0,-1.0,1.0,1.0,1.0,1.0,1.0,1.0,-1.0,-1.0,-1.0,1.0,1.0,-1.0,1.0,1.0	-2.2559032,4.1903253,1.0886848,1.1102481,-0.6399945,-1.1302981,-0.06850618,1.2305954,3.0097456,-0.42964718,0.9727981,1.2215544,1.4198501,0.71355605,3.151795,0.49904633,-4.3616285,-1.8401173,-1.2856314,1.1782713,1.9906219,-1.7865032,1.6169491,1.206938
../data/train_data_mmini/3/Train_0013.jpg	3	-1.0,-1.0,1.0,-1.0,-1.0,-1.0,-1.0,1.0,1.0,1.0,1.0,-1.0,-1.0,1.0,-1.0,-1.0,-1.0,1.0,-1.0,1.0,-1.0,-1.0,-1.0,-1.0	-0.98285997,-0.89895403,0.21399678,-0.11257701,-0.72198075,-1.2507045,-0.06217217,2.1158037,0.39133665,0.5695243,1.2683289,-0.13152811,-0.4290427,0.017125659,-0.122481905,-0.8568155,-0.91858053,1.1027071,-0.1270935,2.4994702,-1.8744016,-2.6905575,-1.2567878,-4.4723835
../data/train_data_mmini/3/Train_0014.jpg	3	1.0,1.0,-1.0,1.0,1.0,1.0,-1.0,1.0,-1.0,1.0,-1.0,-1.0,-1.0,-1.0,-1.0,-1.0,1.0,1.0,1.0,-1.0,-1.0,1.0,-1.0,-1.0	1.112412,0.2714141,-0.5164741,1.1412591,0.68374866,0.33437717,-0.4050066,0.22606827,-0.03391077,2.2706037,-0.38413364,-2.1809158,-1.6621151,-0.42946512,-1.2402095,-1.9177321,2.4616966,0.29833367,1.3491747,-0.44963172,-0.9625114,0.63597006,-2.7382457,-3.0403366
../data/train_data_mmini/4/Train_0015.jpg	4	-1.0,1.0,-1.0,-1.0,-1.0,1.0,-1.0,-1.0,1.0,1.0,-1.0,1.0,1.0,-1.0,1.0,1.0,-1.0,-1.0,-1.0,1.0,-1.0,1.0,1.0,-1.0	-3.2823553,1.3136723,-1.1362377,-1.207727,-0.4829659,1.8611262,-0.34549803,-1.6244774,2.1908917,1.6847786,-0.18178459,0.5539415,2.326917,-1.8082856,2.9664721,1.7506633,-2.1227083,-1.8423522,-0.10105016,1.0657687,-0.47982427,0.4057555,2.266145,-0.28616157
../data/train_data_mmini/4/Train_0016.jpg	4	1.0,1.0,-1.0,1.0,-1.0,-1.0,1.0,1.0,-1.0,-1.0,1.0,-1.0,-1.0,-1.0,1.0,-1.0,-1.0,-1.0,-1.0,1.0,1.0,1.0,-1.0,1.0	1.0426302,2.5274134,-0.07910277,3.6707428,-1.8754133,-0.62576866,0.33059552,0.35877222,-1.3020909,-0.55033606,0.778683,-2.690894,-0.123490825,-0.54510623,1.7084804,-1.4381356,-2.7888982,-1.8412194,-0.41322467,0.91172916,3.0903978,0.946991,-1.6767378,0.13525355
../data/train_data_mmini/4/Train_0017.jpg	4	-1.0,1.0,1.0,1.0,-1.0,-1.0,-1.0,1.0,-1.0,1.0,1.0,1.0,1.0,1.0,1.0,1.0,-1.0,-1.0,-1.0,1.0,-1.0,-1.0,1.0,1.0	-0.45037737,2.9968712,0.8528825,2.696786,-2.4471223,-1.7802558,-0.13804746,2.5057535,-0.5919124,0.9423187,0.26072425,0.7645215,1.4139845,0.51702356,2.3357263,0.24936618,-2.7616208,-1.973006,-2.040496,1.1905836,-0.96593046,-1.8943871,1.0699518,0.46029496
../data/train_data_mmini/4/Train_0018.jpg	4	1.0,1.0,-1.0,1.0,1.0,1.0,1.0,-1.0,-1.0,1.0,-1.0,-1.0,-1.0,-1.0,1.0,-1.0,1.0,-1.0,1.0,-1.0,-1.0,1.0,-1.0,-1.0	1.867555,1.2502226,-0.49639043,1.946363,1.0135635,0.9249436,1.0440284,-1.1367532,-0.22632182,1.1054206,-1.3464823,-1.245664,-0.8859814,-1.6702855,0.48002386,-1.7822535,1.0492522,-0.34884796,2.2351263,-0.9883887,-0.5796654,1.5800539,-2.856022,-1.9562477
../data/train_data_mmini/4/Train_0019.jpg	4	-1.0,-1.0,1.0,-1.0,-1.0,-1.0,-1.0,1.0,-1.0,-1.0,1.0,-1.0,1.0,1.0,-1.0,-1.0,-1.0,-1.0,-1.0,1.0,1.0,-1.0,1.0,-1.0	-2.0972261,-2.1464665,0.83260936,-1.032566,-1.613142,-2.8400536,-2.8828073,3.876938,-0.9670147,-0.5079787,2.1671236,-0.026578745,0.53625345,1.5588024,-0.5430619,-1.2633735,-1.2970496,-0.15173154,-1.1252562,2.147642,0.6993933,-2.1817093,0.23128547,-2.9706128
../data/train_data_mmini/5/Train_0020.jpg	5	-1.0,-1.0,-1.0,-1.0,1.0,-1.0,-1.0,-1.0,-1.0,-1.0,1.0,-1.0,1.0,1.0,-1.0,-1.0,-1.0,-1.0,-1.0,-1.0,1.0,1.0,-1.0,1.0	-0.2949636,-0.6479028,-0.95523787,-1.4583648,0.71120375,-0.30462742,-0.75413674,-0.57096314,-0.08168429,-2.2911708,0.03125326,-1.5387769,1.0806147,0.25121683,-0.17655717,-0.11423514,-0.25523037,-0.15689972,-0.10321307,-0.8051753,5.845855,2.5133016,-0.55910146,2.7276053
../data/train_data_mmini/5/Train_0021.jpg	5	-1.0,-1.0,-1.0,-1.0,1.0,1.0,1.0,-1.0,1.0,1.0,1.0,-1.0,1.0,1.0,1.0,1.0,1.0,1.0,1.0,-1.0,-1.0,-1.0,1.0,-1.0	-2.0635011,-0.271763,-1.3757749,-1.8888524,0.7905002,2.3494174,0.03133044,-3.1249278,0.73783267,1.776299,1.1054922,-0.4635002,1.4285771,0.08193504,0.6775777,1.3190172,1.1081744,0.3213277,0.38486594,-0.16930796,-1.8489655,-1.289683,2.3915415,-0.27111807
../data/train_data_mmini/5/Train_0022.jpg	5	1.0,-1.0,-1.0,-1.0,1.0,1.0,1.0,-1.0,1.0,-1.0,-1.0,1.0,1.0,-1.0,-1.0,1.0,1.0,1.0,-1.0,-1.0,-1.0,1.0,1.0,1.0	1.296693,-2.845792,-0.85378385,-2.4390125,1.9352782,0.70359194,0.9017007,-0.4330855,0.3640328,-1.6961113,-1.6363857,2.920088,0.0056300443,-0.66670483,-1.7459197,2.0058465,2.1096814,1.7876401,-0.07137489,-1.6922436,-0.34736377,1.8037676,0.48321903,3.017845
../data/train_data_mmini/5/Train_0023.jpg	5	-1.0,-1.0,-1.0,-1.0,1.0,1.0,-1.0,-1.0,1.0,-1.0,-1.0,1.0,1.0,1.0,-1.0,1.0,1.0,1.0,1.0,-1.0,1.0,1.0,1.0,1.0	-0.49987504,-1.1698253,-1.4351419,-3.43331,2.1307333,1.2771606,-0.09649268,-2.7370083,0.040441524,-2.9629424,-0.09341308,0.123574145,1.5932603,0.28529644,-0.64540046,0.5891059,1.0354971,1.6225911,0.1453602,-1.860789,4.014743,1.7986472,1.9262269,5.3079505
../data/train_data_mmini/5/Train_0024.jpg	5	-1.0,1.0,1.0,-1.0,-1.0,1.0,1.0,-1.0,1.0,1.0,-1.0,1.0,1.0,1.0,1.0,1.0,1.0,-1.0,-1.0,-1.0,-1.0,1.0,1.0,1.0	-1.0576168,1.8334781,0.4103173,-0.49092966,-0.129095,1.4823078,1.0294714,-3.0285285,0.3346092,0.57482255,-0.46792522,1.9134731,1.6691304,0.45288274,1.6375227,1.8805747,0.25321147,-1.0347015,-0.6967256,-0.582206,-0.48444393,0.17255402,3.1464486,4.2359695
../data/train_data_mmini/6/Train_0025.jpg	6	1.0,1.0,1.0,1.0,-1.0,-1.0,-1.0,1.0,-1.0,-1.0,1.0,1.0,1.0,1.0,1.0,-1.0,-1.0,-1.0,-1.0,1.0,-1.0,-1.0,1.0,1.0	0.15130503,2.632295,3.0698762,3.9497206,-2.9940667,-2.266131,-0.7673966,1.5355766,-2.2334058,-1.1724206,0.91621184,1.0005243,0.11844505,2.9325113,0.2202654,-1.5665715,-1.0385526,-1.1892197,-2.8702497,2.8381665,-1.0565131,-1.8513587,0.79929453,1.2789412
../data/train_data_mmini/6/Train_0026.jpg	6	1.0,1.0,1.0,1.0,1.0,-1.0,1.0,-1.0,-1.0,1.0,-1.0,-1.0,-1.0,1.0,1.0,-1.0,1.0,-1.0,1.0,-1.0,1.0,1.0,-1.0,1.0	1.2248129,3.6370697,1.1655506,1.3409046,1.4706521,-0.36265263,0.53722394,-1.4503579,-1.0497767,0.112577565,-1.7494918,-0.906208,-0.2369674,1.2759732,0.57514435,-1.7069137,1.5059804,-0.8560238,1.40183,-2.32197,2.5862358,2.1311226,-0.6301991,3.7755632
../data/train_data_mmini/6/Train_0027.jpg	6	1.0,1.0,1.0,1.0,1.0,-1.0,-1.0,1.0,1.0,1.0,-1.0,-1.0,-1.0,1.0,-1.0,-1.0,-1.0,-1.0,1.0,1.0,1.0,-1.0,-1.0,-1.0	0.90989155,4.1205344,0.78373367,2.8830383,1.3183119,-0.952023,-0.1823827,0.7298753,1.0200958,0.6997179,-0.38370132,-3.6295242,-2.039803,0.45609233,-0.020219916,-3.9206176,-0.11247967,-0.0075046537,1.3959773,0.23299435,1.670789,-0.26340726,-3.1145616,-1.8750095
../data/train_data_mmini/6/Train_0028.jpg	6	1.0,1.0,1.0,1.0,-1.0,1.0,1.0,-1.0,-1.0,1.0,1.0,-1.0,-1.0,-1.0,-1.0,1.0,1.0,-1.0,1.0,-1.0,-1.0,1.0,-1.0,-1.0	1.0240737,1.1257375,0.5624463,1.3924631,-2.3954968,1.4690307,0.96915406,-1.5131751,-1.2345054,4.0952263,0.30237618,-3.4396167,-0.48988068,-0.29763278,-0.22118478,1.9050516,1.7441705,-2.1484501,1.1548616,-1.1518627,-0.521297,2.259229,-0.6050933,-0.7003011
../data/train_data_mmini/6/Train_0029.jpg	6	1.0,1.0,1.0,1.0,-1.0,-1.0,1.0,1.0,-1.0,-1.0,-1.0,1.0,1.0,1.0,1.0,1.0,-1.0,1.0,-1.0,1.0,-1.0,-1.0,1.0,1.0	1.2064661,0.6083588,0.9139381,1.6599513,-1.2321621,-0.9652941,2.107091,2.1743052,-0.9379476,-0.91837454,-0.60902923,5.4277086,0.6057036,0.48063648,2.0727718,1.3902081,-1.3722523,0.58491904,-2.2672055,1.3901713,-5.0180125,-3.767806,1.750674,2.559768
../data/train_data_mmini/7/Train_0030.jpg	7	1.0,1.0,-1.0,1.0,-1.0,-1.0,1.0,1.0,-1.0,-1.0,-1.0,1.0,1.0,-1.0,1.0,1.0,-1.0,-1.0,-1.0,1.0,-1.0,1.0,1.0,1.0	1.3015901,0.72072595,-0.40051785,1.8938514,-0.7264721,-0.5857427,1.0601685,1.2417653,-0.6313224,-2.1469293,-1.2102903,3.1683378,0.834824,-0.4646239,0.61102116,0.5321831,-0.9117194,-0.9460914,-2.4517164,0.16064903,-0.78854305,0.19483359,0.50960296,3.5536833
../data/train_data_mmini/7/Train_0031.jpg	7	1.0,1.0,1.0,1.0,-1.0,-1.0,1.0,1.0,-1.0,-1.0,-1.0,1.0,-1.0,-1.0,-1.0,-1.0,-1.0,1.0,-1.0,1.0,-1.0,1.0,-1.0,-1.0	2.6624942,0.18590374,0.543701,3.39325,-1.1958112,-0.4803418,1.0271282,0.30378658,-0.52870077,-0.63726735,-0.23806134,0.9621557,-1.5044781,-0.097986214,-0.7767437,-1.3114513,-0.19789629,0.042851735,-0.8675423,0.094251014,-2.2245083,0.24996789,-2.640668,-1.0314885
../data/train_data_mmini/7/Train_0032.jpg	7	1.0,1.0,1.0,1.0,-1.0,-1.0,1.0,1.0,1.0,1.0,1.0,-1.0,-1.0,-1.0,1.0,-1.0,-1.0,-1.0,1.0,1.0,-1.0,1.0,-1.0,-1.0	0.26292786,3.2961793,0.83987445,2.8896866,-0.81339717,-0.04052212,0.44073892,0.5742728,1.3716317,3.9399579,0.48624232,-2.9958005,-1.5924975,-0.65164316,1.3568821,-1.3968261,-0.15071915,-1.3105178,1.58441,0.9099704,-0.8479402,0.4167891,-2.7394834,-4.9046445
../data/train_data_mmini/7/Train_0033.jpg	7	1.0,1.0,1.0,1.0,1.0,-1.0,1.0,1.0,-1.0,-1.0,-1.0,1.0,-1.0,1.0,1.0,-1.0,1.0,-1.0,-1.0,-1.0,1.0,1.0,-1.0,1.0	3.267709,2.2597437,1.2165575,2.540716,0.65560657,-1.5429616,1.7873201,0.5794848,-1.0010645,-1.0020791,-2.1421869,1.5190074,-0.95574987,1.1838506,0.34857583,-0.33340222,0.88766354,-0.3711589,-0.82277256,-1.7410262,0.055203456,0.4432916,-0.8869528,4.2354717
../data/train_data_mmini/7/Train_0034.jpg	7	1.0,1.0,1.0,1.0,-1.0,1.0,1.0,-1.0,-1.0,1.0,1.0,-1.0,-1.0,1.0,-1.0,-1.0,1.0,-1.0,1.0,1.0,-1.0,1.0,-1.0,-1.0	0.27453783,3.3733883,2.002172,1.9989624,-0.12894996,0.7457053,0.5084295,-1.5280163,-0.5193002,4.541498,1.1778686,-4.7454863,-1.9958309,1.735453,-0.48024118,-0.6700218,1.9588357,-0.9174857,2.217783,0.30697256,-0.56155914,0.070800096,-1.3647193,-2.6610565
../data/train_data_mmini/8/Train_0035.jpg	8	1.0,1.0,-1.0,1.0,1.0,1.0,1.0,1.0,1.0,1.0,-1.0,1.0,-1.0,-1.0,-1.0,1.0,1.0,1.0,-1.0,-1.0,-1.0,-1.0,-1.0,1.0	2.1083276,0.16331689,-0.17869528,0.19116718,1.585881,0.74701905,2.9032269,0.060038697,1.4519637,0.37299302,-2.745466,4.4231467,-1.058914,-1.5050697,-0.35346207,0.9882223,1.9013492,2.255362,-0.44468305,-0.25657123,-6.2689323,-1.064438,-0.25994018,0.63537425
../data/train_data_mmini/8/Train_0036.jpg	8	1.0,1.0,1.0,1.0,-1.0,-1.0,1.0,1.0,-1.0,-1.0,-1.0,1.0,-1.0,-1.0,-1.0,1.0,1.0,-1.0,-1.0,-1.0,-1.0,1.0,-1.0,1.0	4.2719173,0.565978,1.0300995,4.7868004,-2.6231036,-0.5273404,2.497621,0.6641849,-2.3215563,-0.0398025,-2.6359031,4.3439665,-1.0399423,-1.1312095,-0.086448334,0.8968702,1.6809453,-1.3509877,-1.9686568,-0.4136671,-5.4220595,2.0816753,-1.5191481,1.9781259
../data/train_data_mmini/8/Train_0037.jpg	8	1.0,1.0,1.0,1.0,-1.0,1.0,1.0,-1.0,-1.0,1.0,-1.0,-1.0,-1.0,1.0,1.0,-1.0,1.0,-1.0,1.0,-1.0,-1.0,1.0,-1.0,1.0	1.9174482,4.9442163,1.4469545,3.7762716,-0.760706,0.85263276,2.4859638,-1.4396032,-0.31724632,3.0840845,-1.7476711,-0.83395576,-0.4701128,0.0695549,1.3933507,-0.0983079,0.63746893,-1.6855347,0.41831565,-1.2266213,-2.5854366,0.290329,-0.6261467,1.3065131
../data/train_data_mmini/8/Train_0038.jpg	8	1.0,-1.0,-1.0,1.0,-1.0,1.0,1.0,-1.0,1.0,1.0,1.0,1.0,-1.0,-1.0,1.0,1.0,-1.0,1.0,-1.0,1.0,-1.0,-1.0,-1.0,-1.0	0.56760144,-0.16329242,-0.1606793,1.173457,-0.7705613,0.5748492,0.7528081,-0.06317755,1.1772398,0.31931356,0.26243323,1.5826283,-0.7989592,-0.5285599,0.004241038,0.77591896,-1.0139828,0.46195966,-0.96388745,0.4676718,-2.735567,-0.6378443,-0.80345315,-0.99955964
../data/train_data_mmini/8/Train_0039.jpg	8	1.0,1.0,1.0,1.0,1.0,-1.0,1.0,1.0,1.0,1.0,-1.0,1.0,-1.0,-1.0,1.0,1.0,1.0,1.0,-1.0,-1.0,-1.0,-1.0,1.0,1.0	3.0655234,1.4826964,1.3064609,1.7956371,0.057560056,-0.24625072,4.295686,1.4559946,0.96135217,0.8088002,-3.188912,6.772996,-0.5835458,-1.0358903,0.86861676,2.9897463,1.3231428,1.2266157,-1.7817318,-0.26693416,-8.404348,-2.852273,0.9531292,2.3562376
../data/train_data_mmini/9/Train_0040.jpg	9	-1.0,1.0,1.0,-1.0,1.0,1.0,1.0,-1.0,1.0,1.0,-1.0,1.0,1.0,-1.0,1.0,1.0,1.0,-1.0,-1.0,-1.0,-1.0,1.0,1.0,1.0	-1.124632,0.8798312,0.04312283,-1.6515723,0.1584869,1.3904645,0.9392331,-1.6238858,0.9451647,1.6709362,-1.5212008,1.8317411,1.7713641,-0.2985924,1.2500029,2.7408123,0.60575014,-0.5408112,-0.13129358,-0.52788806,-1.4535477,0.4062026,2.7762926,2.7330208
../data/train_data_mmini/9/Train_0041.jpg	9	1.0,1.0,1.0,1.0,1.0,-1.0,1.0,1.0,1.0,1.0,-1.0,-1.0,-1.0,1.0,-1.0,-1.0,1.0,1.0,1.0,-1.0,1.0,1.0,-1.0,-1.0	4.0355597,2.3071957,1.574108,4.0331826,0.19688697,-2.3114805,2.0125165,2.204219,0.06325551,0.34275493,-0.60424036,-2.2431688,-2.6118371,0.006697751,-0.7346196,-1.3153045,0.34118986,0.1384124,0.7089085,-0.538469,1.6971041,0.77575535,-4.58313,-0.6215946
../data/train_data_mmini/9/Train_0042.jpg	9	-1.0,1.0,-1.0,-1.0,-1.0,1.0,-1.0,-1.0,1.0,1.0,1.0,-1.0,1.0,-1.0,1.0,1.0,-1.0,-1.0,1.0,1.0,1.0,-1.0,1.0,-1.0	-3.657649,2.8047264,-0.12003101,-1.1338246,-0.045814723,1.5641421,-0.023824032,-2.3176515,2.0076823,2.2661355,0.6652046,-1.9053522,2.0653195,-0.084808774,2.4880679,0.9901561,-2.0683913,-1.0485841,0.7288186,1.4811941,0.5869023,-1.0131695,2.181214,-0.643654
../data/train_data_mmini/9/Train_0043.jpg	9	1.0,-1.0,-1.0,-1.0,1.0,1.0,1.0,1.0,1.0,1.0,-1.0,1.0,1.0,-1.0,-1.0,1.0,1.0,1.0,1.0,-1.0,-1.0,1.0,1.0,1.0	0.5106448,-1.8744752,-1.6801491,-1.6732104,1.5276045,1.1165748,1.0260514,0.0829157,0.46596202,0.8241709,-2.7671723,2.6516967,0.34670654,-1.8620981,-0.72752905,1.5008708,2.7873514,1.3948405,0.32095233,-0.4166646,-4.074253,0.5540191,0.60433286,0.21635744
../data/train_data_mmini/9/Train_0044.jpg	9	-1.0,1.0,1.0,-1.0,-1.0,-1.0,-1.0,1.0,1.0,-1.0,-1.0,1.0,1.0,1.0,1.0,1.0,-1.0,1.0,-1.0,1.0,-1.0,-1.0,1.0,1.0	-1.6142484,1.6598923,0.7092221,-0.10746201,-0.48519138,-1.220793,-0.22168559,2.3448424,1.441279,-1.6795411,-0.17553301,3.8527024,1.5624796,0.49318868,2.2369032,0.45512903,-3.0175977,0.09601085,-2.090254,1.8637104,-2.2968922,-3.6177053,2.4658816,1.4051212
../data/train_data_mmini/10/Train_0045.jpg	10	1.0,1.0,1.0,1.0,-1.0,-1.0,1.0,1.0,1.0,1.0,-1.0,1.0,-1.0,1.0,1.0,-1.0,1.0,1.0,-1.0,-1.0,-1.0,-1.0,-1.0,-1.0	3.2890043,2.3871124,2.9230707,4.1295843,-0.1765644,-1.1603076,3.2633696,1.4372311,0.8500653,1.6515784,-3.064569,5.138256,-2.8341296,0.2541209,0.17947574,-0.6706525,1.52662,2.0542321,-1.1536111,-0.124116085,-9.028801,-2.607006,-1.71204,-0.44790703
../data/train_data_mmini/10/Train_0046.jpg	10	-1.0,1.0,1.0,1.0,-1.0,-1.0,1.0,1.0,1.0,1.0,1.0,1.0,1.0,1.0,1.0,1.0,-1.0,-1.0,-1.0,1.0,-1.0,-1.0,1.0,-1.0	-1.3504902,3.4894338,1.0720494,0.84939814,-0.7247657,-0.6241398,0.537618,1.1938211,1.1728432,2.3081791,0.22802,0.79075927,0.9679948,0.54680485,2.7105553,0.91241956,-2.3715694,-0.5242894,-0.7357132,1.1571417,-2.9476476,-3.6587331,2.0850785,-0.48821175
../data/train_data_mmini/10/Train_0047.jpg	10	1.0,1.0,1.0,1.0,-1.0,-1.0,1.0,-1.0,-1.0,1.0,-1.0,1.0,-1.0,1.0,1.0,1.0,1.0,-1.0,-1.0,1.0,-1.0,-1.0,-1.0,-1.0	1.2795006,1.0334834,1.9304883,3.6318438,-1.8590571,-0.11707368,1.292536,-0.41942072,-0.8396154,3.1712062,-0.7214725,2.6054726,-1.3865353,0.84586066,0.31485638,0.04300659,1.7316971,-0.019263577,-0.8561689,0.481385,-7.9137297,-1.9051975,-0.38428137,-2.5636904
../data/train_data_mmini/10/Train_0048.jpg	10	1.0,-1.0,1.0,1.0,-1.0,-1.0,1.0,1.0,1.0,-1.0,-1.0,1.0,-1.0,-1.0,1.0,1.0,-1.0,1.0,-1.0,1.0,-1.0,-1.0,1.0,-1.0	0.33974645,-0.53490275,2.398065,1.3045758,-2.1347291,-1.9558446,0.7631019,3.792659,1.3779792,-1.3923268,-0.3142371,6.9102197,-0.9943565,-0.23346677,0.6291322,0.7412073,-2.2184625,0.74654984,-2.9160368,1.8537722,-6.591944,-3.050281,0.27043685,-1.2890913
../data/train_data_mmini/10/Train_0049.jpg	10	1.0,1.0,1.0,1.0,1.0,1.0,1.0,1.0,1.0,1.0,-1.0,1.0,-1.0,-1.0,1.0,1.0,1.0,1.0,-1.0,-1.0,-1.0,-1.0,1.0,1.0	2.1966236,2.667073,1.354045,1.7905906,0.25762942,0.46942315,3.3433266,0.49502695,1.2085391,2.599939,-3.1306138,4.094229,-0.90380573,-0.30310166,0.05808196,2.1159723,1.8512925,1.1115026,-0.8643965,-0.048605703,-7.579597,-2.2517462,0.7839034,1.2260805
