../data/train_data_mmini/1/Train_0000.jpg	1	1.0,1.0,1.0,-1.0,1.0,1.0,1.0,1.0	0.087189496,0.011836374,0.2847996,-0.010690392,0.084539615,0.2940133,0.046376716,0.18436247
../data/train_data_mmini/1/Train_0001.jpg	1	-1.0,1.0,1.0,1.0,1.0,1.0,1.0,1.0	-0.27729312,0.06725783,0.42889437,0.16121373,0.03640028,0.20716266,0.23682156,0.24952628
../data/train_data_mmini/1/Train_0002.jpg	1	1.0,1.0,1.0,-1.0,-1.0,-1.0,-1.0,1.0	0.15198229,0.34165722,0.2869657,-0.11262581,-0.17209806,-0.12089058,-0.101717174,0.018922392
../data/train_data_mmini/1/Train_0003.jpg	1	1.0,1.0,1.0,-1.0,1.0,1.0,1.0,1.0	0.14399685,0.015418308,0.16828762,-0.046682954,0.07550388,0.09219489,0.0035105771,0.03161787
../data/train_data_mmini/1/Train_0004.jpg	1	1.0,-1.0,1.0,-1.0,1.0,1.0,-1.0,1.0	0.04773734,-0.09957227,0.077565275,-0.15143219,0.04429137,0.08213178,-0.009460079,0.088748656
../data/train_data_mmini/2/Train_0005.jpg	2	-1.0,-1.0,1.0,-1.0,1.0,-1.0,1.0,-1.0	-0.03039802,-0.013085915,0.14680548,-0.065031946,0.015448861,-0.03527244,0.11529988,-0.08403165
../data/train_data_mmini/2/Train_0006.jpg	2	-1.0,1.0,1.0,1.0,-1.0,1.0,1.0,1.0	-0.5051714,0.09774311,0.51951694,0.28349125,-0.115428396,0.0014937901,0.5269015,0.21907234
../data/train_data_mmini/2/Train_0007.jpg	2	-1.0,-1.0,-1.0,-1.0,1.0,-1.0,-1.0,-1.0	-0.064751185,-0.021645425,-0.10130421,-0.111396044,0.035420798,-0.094722115,-0.0880909,-0.06443498
../data/train_data_mmini/2/Train_0008.jpg	2	-1.0,-1.0,1.0,-1.0,-1.0,-1.0,1.0,1.0	-0.17285046,-0.05886048,0.22836705,-0.1483694,-0.056546412,-0.15025707,0.023941917,0.046845112
../data/train_data_mmini/2/Train_0009.jpg	2	1.0,-1.0,1.0,1.0,1.0,1.0,1.0,1.0	0.22285566,-0.030797271,0.3651099,0.2054432,0.14596778,0.43144473,0.19088522,0.06979159
../data/train_data_mmini/3/Train_0010.jpg	3	-1.0,1.0,1.0,-1.0,-1.0,-1.0,-1.0,-1.0	-0.36915,0.2771436,0.1554553,-0.13003835,-0.28481856,-0.5362315,-0.23663224,-0.3253121
../data/train_data_mmini/3/Train_0011.jpg	3	1.0,-1.0,1.0,-1.0,-1.0,1.0,1.0,1.0	0.27786592,-0.09408955,0.26254568,-0.1909082,-0.16465452,0.33532542,0.13896665,0.30815983
../data/train_data_mmini/3/Train_0012.jpg	3	1.0,-1.0,1.0,-1.0,1.0,1.0,1.0,1.0	0.32383737,-0.26860106,0.036749206,-0.07222164,0.17516902,0.18444507,0.43157384,0.36730334
../data/train_data_mmini/3/Train_0013.jpg	3	-1.0,-1.0,1.0,-1.0,-1.0,-1.0,1.0,1.0	-0.30187458,-0.08436174,0.4607322,-0.010637761,-0.0043061,-0.16770066,0.31272176,0.18160759
../data/train_data_mmini/3/Train_0014.jpg	3	1.0,-1.0,1.0,1.0,1.0,1.0,1.0,1.0	0.009314288,-0.10135378,0.12098447,0.057251394,0.044662677,0.16608824,0.15274817,0.08796067
../data/train_data_mmini/4/Train_0015.jpg	4	-1.0,1.0,1.0,-1.0,-1.0,-1.0,1.0,1.0	-0.09528288,0.00092971465,0.04808437,-0.10622519,-0.13293454,-0.12712009,0.160331,0.3255674
../data/train_data_mmini/4/Train_0016.jpg	4	-1.0,1.0,1.0,1.0,1.0,-1.0,1.0,1.0	-0.28596553,0.014013635,0.25560093,0.029316634,0.036833756,-0.030812256,0.26334852,0.007800762
../data/train_data_mmini/4/Train_0017.jpg	4	-1.0,1.0,1.0,1.0,-1.0,1.0,1.0,1.0	-0.6200716,0.12237503,0.6022293,0.4776602,-0.16334125,0.12432519,0.882,0.19132954
../data/train_data_mmini/4/Train_0018.jpg	4	-1.0,-1.0,1.0,1.0,-1.0,1.0,1.0,1.0	-0.13623562,-0.041004647,0.19331512,0.12362099,-0.20228662,0.08058647,0.22098741,0.06021731
../data/train_data_mmini/4/Train_0019.jpg	4	-1.0,1.0,1.0,-1.0,-1.0,-1.0,1.0,1.0	-0.55485135,0.11918178,0.19693254,-0.15932056,-0.116764344,-0.5185003,0.17521484,0.0944081
../data/train_data_mmini/5/Train_0020.jpg	5	-1.0,1.0,-1.0,1.0,1.0,-1.0,1.0,-1.0	-0.052330915,0.07330783,-0.021475503,0.019730419,0.049361907,-0.06304409,0.06126636,-0.015524682
../data/train_data_mmini/5/Train_0021.jpg	5	1.0,-1.0,1.0,-1.0,1.0,1.0,1.0,1.0	0.24830922,-0.20480935,0.18331154,-0.038320035,0.11741071,0.3773571,0.08649117,0.22576156
../data/train_data_mmini/5/Train_0022.jpg	5	-1.0,-1.0,1.0,-1.0,1.0,-1.0,1.0,-1.0	-0.0029153065,-0.03915067,0.036493383,-0.059925795,0.060735844,-0.03376385,0.029410033,-0.0025325227
../data/train_data_mmini/5/Train_0023.jpg	5	1.0,-1.0,1.0,1.0,1.0,1.0,-1.0,1.0	0.096860364,-0.06350632,0.022666803,0.04563287,0.05883109,0.14511798,-0.035693053,0.0053950143
../data/train_data_mmini/5/Train_0024.jpg	5	1.0,-1.0,-1.0,-1.0,1.0,-1.0,-1.0,-1.0	0.3458689,-0.090001866,-0.17655577,-0.08433461,0.118521474,-0.24125935,-0.07042304,-0.15644562
../data/train_data_mmini/6/Train_0025.jpg	6	1.0,-1.0,-1.0,-1.0,1.0,-1.0,-1.0,-1.0	0.36753336,-0.059921414,-0.01158678,-0.31559682,0.01249259,-0.4514983,-0.0071985745,-0.62241346
../data/train_data_mmini/6/Train_0026.jpg	6	-1.0,1.0,1.0,1.0,-1.0,1.0,1.0,1.0	-0.8868777,0.2254358,0.5490875,0.5671674,-0.33273384,0.026632525,0.5527184,0.20904745
../data/train_data_mmini/6/Train_0027.jpg	6	1.0,1.0,1.0,1.0,-1.0,1.0,1.0,-1.0	0.3332629,0.062588245,0.15461226,0.0036278658,-0.02958975,0.14633624,0.111175805,-0.06053401
../data/train_data_mmini/6/Train_0028.jpg	6	1.0,-1.0,1.0,-1.0,-1.0,1.0,1.0,1.0	0.04725262,-0.08924693,0.21740486,-0.012588353,-0.0396652,0.23505034,0.12735182,0.10997609
../data/train_data_mmini/6/Train_0029.jpg	6	1.0,1.0,1.0,-1.0,-1.0,-1.0,1.0,-1.0	0.111746475,0.106471896,0.11715596,-0.33977807,-0.27991366,-0.28723243,0.031531837,-0.15617616
../data/train_data_mmini/7/Train_0030.jpg	7	-1.0,-1.0,1.0,1.0,1.0,1.0,1.0,1.0	-0.063277856,-0.19866805,0.36001492,0.10334402,0.2422069,0.38509473,0.387812,0.21919137
../data/train_data_mmini/7/Train_0031.jpg	7	-1.0,-1.0,1.0,1.0,1.0,1.0,1.0,-1.0	-0.031396076,-0.07545632,0.39981815,0.23015606,0.017870538,0.04844687,0.35709655,-0.012382697
../data/train_data_mmini/7/Train_0032.jpg	7	1.0,-1.0,1.0,1.0,1.0,1.0,1.0,1.0	0.44962037,-0.13860859,0.10487031,0.06722441,0.25892344,0.38003913,0.16152053,0.06516091
../data/train_data_mmini/7/Train_0033.jpg	7	-1.0,1.0,1.0,1.0,1.0,-1.0,1.0,-1.0	-0.029836567,0.105382554,0.05491277,0.29728943,0.024788551,-0.013094059,0.15652262,-0.019984093
../data/train_data_mmini/7/Train_0034.jpg	7	1.0,-1.0,-1.0,-1.0,-1.0,-1.0,-1.0,-1.0	0.5529582,-0.20698658,-0.38527262,-0.45693454,-0.118622415,-0.11501705,-0.16972788,-0.20936991
../data/train_data_mmini/8/Train_0035.jpg	8	1.0,-1.0,1.0,1.0,1.0,1.0,1.0,-1.0	0.43015158,-0.15340288,0.1954223,0.018670857,0.19730157,0.26489696,0.08289942,-0.09396466
../data/train_data_mmini/8/Train_0036.jpg	8	1.0,-1.0,1.0,1.0,1.0,-1.0,1.0,-1.0	0.2561955,-0.100489356,0.22037317,0.104496896,0.030973516,-0.12558647,0.18580806,-0.31875852
../data/train_data_mmini/8/Train_0037.jpg	8	-1.0,1.0,1.0,1.0,-1.0,1.0,1.0,1.0	-0.216534,0.01700862,0.28265688,0.058749408,-0.16050369,0.034309722,0.26959136,0.13417456
../data/train_data_mmini/8/Train_0038.jpg	8	1.0,-1.0,1.0,-1.0,1.0,1.0,1.0,-1.0	0.254555,-0.057706013,0.104814924,-0.11516228,0.013757072,0.05745641,0.07738136,-0.123886354
../data/train_data_mmini/8/Train_0039.jpg	8	1.0,-1.0,1.0,-1.0,1.0,1.0,1.0,1.0	0.35876176,-0.12370265,0.17247024,-0.044443846,0.053945832,0.29848468,0.21410239,0.06396104
../data/train_data_mmini/9/Train_0040.jpg	9	-1.0,-1.0,1.0,-1.0,1.0,-1.0,1.0,1.0	-0.021427171,-0.051716484,0.06615489,-0.16350123,0.05633568,-0.11199006,0.02951902,0.09191964
../data/train_data_mmini/9/Train_0041.jpg	9	1.0,1.0,1.0,1.0,1.0,-1.0,1.0,-1.0	0.0074883453,0.00032778224,0.038033478,0.009445666,0.030159794,-0.04006835,0.12928411,-0.11674731
../data/train_data_mmini/9/Train_0042.jpg	9	-1.0,-1.0,-1.0,-1.0,-1.0,-1.0,-1.0,1.0	-0.11813711,-0.072388716,-0.0043707136,-0.30556545,-0.114658184,-0.43378934,-0.016993346,0.11647526
../data/train_data_mmini/9/Train_0043.jpg	9	-1.0,-1.0,1.0,-1.0,-1.0,1.0,1.0,1.0	-0.06391458,-0.03402324,0.1876391,-0.05806625,-0.032556392,0.036818244,0.15166654,0.039101515
../data/train_data_mmini/9/Train_0044.jpg	9	1.0,1.0,1.0,-1.0,1.0,-1.0,1.0,-1.0	0.105497524,0.008302318,0.29158568,-0.10532099,0.031703852,-0.2102061,0.18552373,-0.015398484
../data/train_data_mmini/10/Train_0045.jpg	10	1.0,-1.0,1.0,-1.0,-1.0,1.0,1.0,-1.0	0.2960787,-0.1750511,0.06621043,-0.13064048,-0.040671833,0.035663314,0.16111928,-0.13623534
../data/train_data_mmini/10/Train_0046.jpg	10	1.0,1.0,1.0,-1.0,-1.0,-1.0,1.0,-1.0	0.15023264,0.22302616,0.1823483,-0.3087624,-0.13934834,-0.31262907,0.07487341,-0.051821936
../data/train_data_mmini/10/Train_0047.jpg	10	1.0,-1.0,1.0,-1.0,-1.0,-1.0,1.0,-1.0	0.4562675,-0.27224568,0.17657135,-0.2534831,-0.17133674,-0.09685739,0.0541601,-0.24567771
../data/train_data_mmini/10/Train_0048.jpg	10	1.0,-1.0,-1.0,-1.0,1.0,-1.0,-1.0,-1.0	0.86594754,-0.32750884,-0.34468922,-0.3763682,0.0784206,-0.14660598,-0.08604775,-0.58714306
../data/train_data_mmini/10/Train_0049.jpg	10	1.0,-1.0,1.0,-1.0,1.0,1.0,1.0,-1.0	0.34026334,-0.073861,0.108076625,-0.064623654,0.027981274,0.11608062,0.099846646,-0.05890445
