../data/train_data_mmini/1/Train_0000.jpg	1	-1.0,1.0,-1.0,1.0,-1.0,-1.0,1.0,-1.0,-1.0,-1.0,1.0,1.0,-1.0,-1.0,1.0,-1.0,-1.0,1.0,-1.0,1.0,1.0,1.0,1.0,-1.0	-2.317678,0.7069471,-0.9365631,0.17541882,-0.16118054,-0.7551236,1.3722428,-0.07007277,-1.1401662,-1.9735736,4.9204836,1.2372289,-2.3865614,-2.3770778,1.4443263,-1.7489073,-1.5581007,0.045842715,-0.3871516,0.28608048,3.4728024,3.0270748,0.6026732,-0.5054305
../data/train_data_mmini/1/Train_0001.jpg	1	-1.0,1.0,-1.0,-1.0,1.0,-1.0,1.0,-1.0,-1.0,-1.0,1.0,1.0,-1.0,-1.0,1.0,-1.0,-1.0,-1.0,-1.0,1.0,1.0,1.0,-1.0,-1.0	-4.335735,1.7458314,-1.0062491,-0.43988758,0.85915846,-0.5795772,1.3414664,-1.6253985,-0.69705397,-2.952609,4.322112,1.9988385,-4.9023423,-3.2747478,3.3653708,-1.1373539,-0.18242192,-1.8396753,-0.9593688,1.7365214,3.4832428,3.8328183,-1.6887199,-0.8989345
../data/train_data_mmini/1/Train_0002.jpg	1	-1.0,1.0,-1.0,-1.0,-1.0,-1.0,1.0,-1.0,1.0,1.0,1.0,1.0,-1.0,-1.0,1.0,1.0,-1.0,-1.0,-1.0,1.0,1.0,1.0,-1.0,-1.0	-2.790612,1.0783972,-0.45809373,-4.5769825,-0.3907675,-3.1824813,3.2060893,-4.7425,0.15286826,0.98139846,5.2412424,3.2281005,-7.458716,-3.0854726,3.5559795,4.551537,-0.0010414743,-5.539022,-4.5795794,4.2943525,3.5369973,4.147582,-1.7447177,-0.5395689
../data/train_data_mmini/1/Train_0003.jpg	1	-1.0,1.0,-1.0,1.0,1.0,-1.0,1.0,1.0,-1.0,-1.0,1.0,1.0,-1.0,-1.0,1.0,-1.0,-1.0,1.0,1.0,-1.0,1.0,1.0,1.0,-1.0	-3.1724112,1.033054,-1.7084043,2.3358214,0.5740745,-0.015723228,0.6993015,1.9226497,-0.8748191,-3.1948676,4.1687346,1.2612685,-0.27530926,-1.6785014,1.3601569,-4.2130504,-1.6959207,1.1008712,1.1268129,-1.360115,3.6491969,2.705937,0.9914931,-1.8465604
../data/train_data_mmini/1/Train_0004.jpg	1	-1.0,1.0,1.0,-1.0,-1.0,-1.0,1.0,-1.0,-1.0,-1.0,1.0,1.0,-1.0,-1.0,1.0,-1.0,-1.0,-1.0,-1.0,1.0,1.0,1.0,-1.0,1.0	-2.3590405,0.9411155,0.28165567,-0.84429747,-0.15564114,-0.8687281,0.8744114,-1.4421322,-1.5381266,-2.6310968,6.0316286,1.4370962,-4.202018,-3.4617772,1.780582,-1.0018533,-1.7275052,-0.11899609,-0.953549,1.2676144,4.044881,3.7575135,-0.45152798,0.8678712
../data/train_data_mmini/2/Train_0005.jpg	2	-1.0,1.0,-1.0,-1.0,1.0,-1.0,1.0,-1.0,1.0,-1.0,1.0,1.0,-1.0,-1.0,1.0,1.0,-1.0,-1.0,-1.0,1.0,1.0,1.0,-1.0,-1.0	-4.8430786,1.7531992,-0.10486148,-0.97666985,1.9920757,-2.1782453,1.2950425,-2.5082366,0.96882015,-1.6878536,3.8915966,3.5018659,-3.994225,-0.806533,3.2690873,1.0157362,-0.91707104,-5.6570888,-2.6119425,1.7405444,4.421416,3.3982282,-2.1448178,-3.1768322
../data/train_data_mmini/2/Train_0006.jpg	2	-1.0,1.0,1.0,-1.0,1.0,-1.0,1.0,-1.0,1.0,1.0,1.0,1.0,-1.0,1.0,1.0,1.0,-1.0,-1.0,-1.0,1.0,1.0,1.0,-1.0,-1.0	-3.1288898,0.11172092,0.54768246,-2.6503088,1.0599489,-5.0059037,3.3150358,-3.7474232,1.7447789,1.910059,4.764442,4.092447,-2.9293332,1.4017559,1.835892,3.6910763,-3.2314007,-7.7585373,-5.19293,1.4220365,4.5352077,3.2050686,-1.3334868,-3.5588307
../data/train_data_mmini/2/Train_0007.jpg	2	-1.0,1.0,1.0,1.0,-1.0,1.0,-1.0,1.0,-1.0,-1.0,1.0,-1.0,-1.0,-1.0,1.0,-1.0,-1.0,1.0,1.0,-1.0,1.0,1.0,1.0,1.0	-1.7027164,0.48193166,0.40138227,1.936734,-0.7724679,0.793928,-0.09585371,1.4805176,-2.4456387,-4.079689,5.570805,-0.14410096,-0.573612,-2.9916663,0.29807016,-3.9469872,-2.544598,3.209174,1.6639171,-1.0165032,4.050126,2.6196973,1.175393,1.2605551
../data/train_data_mmini/2/Train_0008.jpg	2	-1.0,-1.0,1.0,-1.0,-1.0,-1.0,1.0,-1.0,-1.0,1.0,1.0,1.0,-1.0,-1.0,1.0,1.0,-1.0,-1.0,-1.0,1.0,1.0,1.0,-1.0,1.0	-1.21156,-0.7310889,2.5031207,-3.8846385,-1.1119367,-4.227634,2.7436645,-4.393792,-0.5042508,1.2164506,7.243382,2.6607516,-4.0070252,-0.35002127,0.886541,4.214989,-4.240401,-5.0346484,-5.07516,2.7408137,5.1902084,3.3862457,-1.5652949,1.007984
../data/train_data_mmini/2/Train_0009.jpg	2	-1.0,1.0,-1.0,1.0,1.0,-1.0,1.0,-1.0,1.0,-1.0,1.0,1.0,-1.0,-1.0,1.0,-1.0,-1.0,-1.0,-1.0,1.0,1.0,1.0,-1.0,-1.0	-5.354941,1.504095,-0.6974886,0.8012002,2.4619508,-2.0692742,1.5218302,-1.0137802,1.0651499,-2.3926833,4.142259,3.3227456,-2.5351288,-0.26132253,2.6845007,-0.7960854,-1.9564773,-4.8202343,-1.890553,0.72550327,4.668673,3.2047858,-1.43805,-3.8076975
../data/train_data_mmini/3/Train_0010.jpg	3	-1.0,1.0,1.0,-1.0,1.0,-1.0,1.0,-1.0,-1.0,-1.0,1.0,1.0,-1.0,-1.0,1.0,1.0,-1.0,-1.0,-1.0,1.0,1.0,1.0,-1.0,1.0	-2.5168266,0.55560786,2.7486644,-1.4100885,0.5336443,-2.1184509,0.92043275,-3.2558005,-0.09043496,-1.9973652,5.0855455,2.05965,-3.213907,-1.3341541,1.5647309,1.0414851,-2.9158216,-3.086378,-2.527598,1.8834909,3.916104,2.9435847,-2.6492171,0.8960579
../data/train_data_mmini/3/Train_0011.jpg	3	-1.0,1.0,1.0,-1.0,-1.0,-1.0,1.0,-1.0,-1.0,-1.0,1.0,1.0,-1.0,-1.0,1.0,1.0,1.0,-1.0,-1.0,1.0,1.0,1.0,-1.0,1.0	-3.951753,2.794361,0.8308179,-6.2668395,-0.1114055,-1.851552,2.1016583,-8.070772,-0.84688693,-1.0971068,5.5110865,3.25741,-13.006462,-6.359187,5.7772903,5.5308905,2.4848757,-5.6724415,-5.1803756,7.5663853,3.4248478,5.906339,-4.3567615,1.8938912
../data/train_data_mmini/3/Train_0012.jpg	3	-1.0,1.0,-1.0,-1.0,1.0,-1.0,1.0,-1.0,1.0,-1.0,1.0,1.0,-1.0,-1.0,1.0,1.0,1.0,-1.0,-1.0,1.0,1.0,1.0,-1.0,-1.0	-6.9063144,3.1577017,-2.9673517,-4.1547136,2.852241,-2.7089384,3.5489283,-5.18426,2.0916643,-0.2562916,3.3806944,4.9682035,-10.747657,-3.7016053,6.4844675,3.8471448,2.8476734,-8.658937,-5.3709087,5.6465545,2.7070432,5.4749956,-3.782365,-4.3343334
../data/train_data_mmini/3/Train_0013.jpg	3	-1.0,-1.0,1.0,-1.0,1.0,-1.0,1.0,-1.0,1.0,1.0,1.0,1.0,-1.0,1.0,1.0,1.0,-1.0,-1.0,-1.0,1.0,1.0,1.0,-1.0,-1.0	-3.1379552,-0.23766331,0.9942267,-4.907417,0.8023712,-6.743957,4.681968,-6.4042945,2.317979,3.7595057,6.0384274,5.190952,-5.3318887,1.1913635,2.583182,6.914451,-3.5395548,-10.674864,-8.390954,3.8400784,5.5374985,4.12072,-2.5955198,-3.6701734
../data/train_data_mmini/3/Train_0014.jpg	3	-1.0,1.0,1.0,-1.0,1.0,-1.0,1.0,-1.0,-1.0,-1.0,1.0,1.0,-1.0,-1.0,1.0,1.0,-1.0,-1.0,-1.0,1.0,1.0,1.0,-1.0,-1.0	-3.489268,0.82251525,1.6206913,-2.4022207,0.27119753,-2.407957,1.0267309,-3.5463283,-0.34815395,-1.9365807,5.9273334,2.6554532,-5.2276793,-1.7465274,2.507407,2.1167295,-2.1624792,-4.617138,-3.0278926,2.5812047,4.839936,3.92681,-1.8908283,-0.21161953
../data/train_data_mmini/4/Train_0015.jpg	4	-1.0,1.0,-1.0,-1.0,1.0,-1.0,1.0,-1.0,1.0,1.0,1.0,1.0,-1.0,-1.0,1.0,1.0,-1.0,-1.0,-1.0,1.0,1.0,1.0,-1.0,-1.0	-3.1204743,0.48834962,-0.49325943,-4.8362064,0.061232843,-4.237343,3.9237826,-5.619067,1.1595697,2.3198853,5.8377047,4.0305276,-7.343732,-1.5780839,2.8603783,5.2027392,-1.5353844,-7.0565753,-6.182043,4.0845,3.842155,4.3177485,-1.7780544,-1.5065373
../data/train_data_mmini/4/Train_0016.jpg	4	-1.0,1.0,-1.0,-1.0,1.0,-1.0,1.0,-1.0,1.0,-1.0,1.0,1.0,-1.0,-1.0,1.0,1.0,1.0,-1.0,-1.0,1.0,1.0,1.0,-1.0,-1.0	-5.2644243,2.3277423,-1.2323092,-0.54493576,1.7151648,-1.2343104,1.2646372,-1.6700995,0.65772074,-2.6593406,2.622248,3.1670914,-4.3320003,-1.2642256,3.9356823,0.35686007,0.6314212,-4.639007,-1.3480695,1.8087126,3.797658,2.9738967,-2.1672673,-3.266064
../data/train_data_mmini/4/Train_0017.jpg	4	-1.0,1.0,-1.0,-1.0,1.0,-1.0,1.0,-1.0,1.0,1.0,1.0,1.0,-1.0,-1.0,1.0,1.0,1.0,-1.0,-1.0,1.0,1.0,1.0,-1.0,-1.0	-6.249027,2.3923728,-1.3167576,-5.288493,2.263694,-4.794513,3.9020274,-6.917196,2.8543184,1.3691237,3.847383,6.191353,-9.7523,-1.2446626,5.6949024,6.3355045,1.0237786,-11.286529,-6.8727207,5.4775624,3.9074779,4.995258,-4.298518,-4.809006
../data/train_data_mmini/4/Train_0018.jpg	4	-1.0,1.0,1.0,-1.0,1.0,-1.0,1.0,-1.0,-1.0,-1.0,1.0,1.0,-1.0,-1.0,1.0,1.0,-1.0,-1.0,-1.0,1.0,1.0,1.0,-1.0,1.0	-2.9267297,0.7573232,1.3950686,-0.7496075,0.394218,-1.0047866,0.28249148,-2.3273654,-0.22720943,-2.2997549,4.094248,1.4472736,-3.0970838,-1.7804912,1.6322937,0.41956303,-1.3381246,-2.4340055,-1.2265637,1.5560994,3.4221327,2.8479967,-1.7690787,0.20764944
../data/train_data_mmini/4/Train_0019.jpg	4	-1.0,1.0,-1.0,-1.0,1.0,-1.0,1.0,-1.0,1.0,1.0,1.0,1.0,-1.0,1.0,1.0,1.0,-1.0,-1.0,-1.0,1.0,1.0,1.0,-1.0,-1.0	-4.18498,0.99467045,-0.04630251,-3.780863,1.7448652,-5.8636713,3.776663,-5.244244,2.3181,2.2273285,4.7709403,5.510729,-5.2311125,1.108305,3.3613389,4.9649863,-2.300362,-10.198124,-6.7175245,2.825915,4.8024154,4.0029187,-2.381164,-4.777427
../data/train_data_mmini/5/Train_0020.jpg	5	-1.0,1.0,-1.0,1.0,1.0,-1.0,1.0,1.0,-1.0,-1.0,1.0,1.0,-1.0,-1.0,1.0,-1.0,-1.0,1.0,1.0,-1.0,1.0,1.0,1.0,-1.0	-3.422983,0.8775648,-0.77816665,2.6798444,0.7675898,-0.022398233,0.42283377,2.145562,-1.1716081,-4.0669155,4.9618015,1.2020522,-0.15110546,-1.6364477,1.6399509,-4.3832235,-2.251025,0.79902947,1.427018,-1.6907266,4.8266735,3.0374382,0.545119,-1.5719842
../data/train_data_mmini/5/Train_0021.jpg	5	-1.0,1.0,1.0,-1.0,-1.0,-1.0,1.0,-1.0,-1.0,1.0,1.0,1.0,-1.0,-1.0,1.0,1.0,-1.0,-1.0,-1.0,1.0,1.0,1.0,-1.0,-1.0	-2.8770335,0.4641179,0.6485861,-4.4925175,-0.084512845,-4.352573,2.9653063,-5.6635733,-0.05785196,0.85594845,7.9791946,3.841054,-7.151416,-2.0649912,2.5632539,4.173783,-3.0638626,-6.1550765,-5.980318,3.9975686,5.690497,4.8393016,-1.629822,-0.44014996
../data/train_data_mmini/5/Train_0022.jpg	5	-1.0,-1.0,1.0,1.0,1.0,-1.0,1.0,1.0,-1.0,-1.0,1.0,1.0,1.0,-1.0,1.0,-1.0,-1.0,-1.0,-1.0,-1.0,1.0,1.0,1.0,-1.0	-2.1808999,-0.24810183,0.7115428,1.5725002,0.12774849,-1.106341,0.7829003,1.375531,-1.0494324,-2.0371182,5.3893948,0.91649514,0.7787098,-0.12034283,0.17023024,-2.3912745,-3.9062428,-0.122501984,-0.0091993045,-1.3698843,4.6761117,2.3932056,0.8277562,-1.0753813
../data/train_data_mmini/5/Train_0023.jpg	5	-1.0,1.0,-1.0,1.0,-1.0,1.0,1.0,1.0,-1.0,-1.0,1.0,1.0,1.0,-1.0,-1.0,-1.0,-1.0,1.0,1.0,-1.0,1.0,1.0,1.0,-1.0	-1.9077866,0.02362365,-0.5166657,2.999113,-0.08209663,0.114699244,0.18280207,2.7798839,-1.510158,-3.2513208,4.825954,0.15566641,1.8985993,-1.1885643,-0.1618245,-4.768927,-3.2929611,2.5727673,1.6719244,-2.6660829,4.0609713,2.1951857,1.7443109,-0.840501
../data/train_data_mmini/5/Train_0024.jpg	5	-1.0,1.0,-1.0,-1.0,1.0,-1.0,1.0,-1.0,-1.0,-1.0,1.0,1.0,-1.0,-1.0,1.0,1.0,-1.0,-1.0,-1.0,1.0,1.0,1.0,-1.0,1.0	-3.029228,1.8883369,-0.43214536,-1.7499439,0.3078955,-1.1132483,1.3882568,-3.0549242,-0.73160404,-2.3667722,5.8090835,2.2277815,-6.319793,-4.112916,2.9215012,0.44009224,-0.37280697,-1.7254521,-2.3132238,2.841233,3.784978,4.1627336,-1.182905,0.23150252
../data/train_data_mmini/6/Train_0025.jpg	6	-1.0,1.0,-1.0,-1.0,1.0,-1.0,1.0,-1.0,1.0,-1.0,1.0,1.0,-1.0,-1.0,1.0,1.0,1.0,-1.0,-1.0,1.0,1.0,1.0,-1.0,-1.0	-5.904898,3.2776833,-0.6614576,-3.562224,2.5003138,-2.8778968,2.0864716,-5.597826,1.8701254,-1.3031297,3.761191,5.1392384,-7.978247,-2.2400982,5.456487,3.5541646,1.0743712,-8.028139,-4.7844224,4.5529575,3.793741,4.590395,-3.692738,-3.318104
../data/train_data_mmini/6/Train_0026.jpg	6	-1.0,1.0,-1.0,1.0,1.0,1.0,-1.0,-1.0,-1.0,-1.0,1.0,1.0,-1.0,-1.0,1.0,-1.0,1.0,1.0,1.0,1.0,1.0,1.0,-1.0,1.0	-4.794772,2.4146924,-0.7997785,1.3768158,0.7869156,1.0895454,-0.124558724,-0.7434189,-1.0593216,-5.838946,3.741786,1.3040822,-4.3071156,-4.0914383,2.9790676,-2.853835,0.5343302,0.20745347,1.7477214,1.1723299,3.2326381,3.379269,-1.9250867,0.18664713
../data/train_data_mmini/6/Train_0027.jpg	6	-1.0,1.0,1.0,-1.0,1.0,-1.0,1.0,-1.0,1.0,-1.0,1.0,1.0,-1.0,-1.0,1.0,1.0,1.0,-1.0,-1.0,1.0,1.0,1.0,-1.0,-1.0	-5.216406,2.46318,0.57768595,-1.3209517,1.9918417,-0.91626906,0.50434405,-3.6969886,0.39319962,-3.602061,3.5754817,3.0379212,-6.4588113,-2.7373164,4.0101213,0.81388026,0.334851,-4.4738913,-1.8979781,3.2033215,3.3923087,3.630374,-3.760153,-0.511619
../data/train_data_mmini/6/Train_0028.jpg	6	-1.0,1.0,1.0,-1.0,-1.0,-1.0,1.0,-1.0,-1.0,-1.0,1.0,1.0,-1.0,-1.0,1.0,1.0,-1.0,-1.0,-1.0,1.0,1.0,1.0,-1.0,1.0	-1.5079606,1.0442817,2.1183343,-3.619828,-1.8654323,-1.216931,0.70444876,-4.6881437,-2.3777802,-2.2966366,6.6643267,1.352129,-7.131151,-4.251466,2.0615842,2.2346644,-1.0058637,-1.468989,-2.092946,3.7996852,4.34917,3.7446048,-1.8903635,3.1109562
../data/train_data_mmini/6/Train_0029.jpg	6	-1.0,1.0,-1.0,-1.0,1.0,-1.0,1.0,-1.0,1.0,1.0,1.0,1.0,-1.0,1.0,1.0,1.0,-1.0,-1.0,-1.0,1.0,1.0,1.0,-1.0,-1.0	-5.061331,0.9685975,-0.55809194,-2.441917,2.9907365,-5.581079,4.0393705,-4.0922737,3.6521811,2.130582,3.7963347,5.7284307,-3.7027783,1.5873592,3.2242076,4.2160177,-2.267839,-10.197127,-6.7723985,2.4325871,4.3369164,3.4743695,-2.1330686,-5.6855783
../data/train_data_mmini/7/Train_0030.jpg	7	-1.0,1.0,-1.0,1.0,1.0,-1.0,1.0,-1.0,1.0,-1.0,1.0,1.0,-1.0,-1.0,1.0,-1.0,-1.0,-1.0,-1.0,1.0,1.0,1.0,-1.0,-1.0	-5.8869405,1.7364695,-1.7443342,0.3162653,2.4456298,-2.239025,2.3236156,-0.8707032,1.2906061,-1.6796383,3.5154638,3.813691,-2.7031472,-0.036837485,3.30711,-0.49365726,-1.2286699,-5.5047474,-2.1827102,0.51784784,4.7728124,3.3337061,-1.1567844,-5.0585375
../data/train_data_mmini/7/Train_0031.jpg	7	-1.0,1.0,1.0,-1.0,1.0,-1.0,1.0,-1.0,1.0,-1.0,1.0,1.0,-1.0,1.0,1.0,1.0,-1.0,-1.0,-1.0,1.0,1.0,1.0,-1.0,-1.0	-5.4401555,0.7963761,0.32151803,-1.177035,2.333583,-3.5436735,2.293315,-2.6386929,1.3754138,-1.5339199,5.167187,4.193484,-3.8085055,0.06935068,3.349974,1.6721245,-2.369848,-7.278742,-3.5307312,2.002646,5.7905726,4.1047945,-2.4595582,-3.5956407
../data/train_data_mmini/7/Train_0032.jpg	7	-1.0,1.0,1.0,-1.0,1.0,-1.0,1.0,-1.0,1.0,-1.0,1.0,1.0,-1.0,-1.0,1.0,1.0,1.0,-1.0,-1.0,1.0,1.0,1.0,-1.0,-1.0	-5.1359887,2.3264904,0.82572526,-6.726537,1.4804909,-3.7992115,2.3656006,-9.067372,1.0098561,-0.40181017,6.091307,5.254529,-12.444449,-3.7066545,5.7823706,7.0293593,1.1277598,-9.819267,-7.0745416,7.539927,4.789055,5.795309,-5.386084,-0.45659354
../data/train_data_mmini/7/Train_0033.jpg	7	-1.0,1.0,-1.0,1.0,1.0,1.0,-1.0,-1.0,-1.0,-1.0,1.0,1.0,-1.0,-1.0,1.0,-1.0,1.0,-1.0,1.0,1.0,1.0,1.0,-1.0,-1.0	-5.4329844,2.769692,-1.1224643,1.8253964,2.2046196,0.5173566,-0.103987716,-0.16669106,-0.17276855,-5.359319,3.1378014,2.0735497,-3.3639286,-2.7614594,3.4290624,-2.8641548,0.5649746,-1.4882067,0.831049,0.78643614,3.6604364,3.1631856,-1.7675406,-2.0449965
../data/train_data_mmini/7/Train_0034.jpg	7	-1.0,1.0,1.0,-1.0,-1.0,-1.0,1.0,-1.0,-1.0,-1.0,1.0,1.0,-1.0,-1.0,1.0,1.0,1.0,-1.0,-1.0,1.0,1.0,1.0,-1.0,1.0	-2.9818134,3.0206747,2.933141,-5.873411,-0.6117764,-0.82050407,0.37377667,-8.820958,-1.9087449,-3.4033756,6.6898136,2.582102,-12.9394455,-7.5971055,5.055771,4.255164,1.8820771,-3.2737296,-4.273302,7.1861362,3.8821113,5.627604,-4.780253,4.2796135
../data/train_data_mmini/8/Train_0035.jpg	8	-1.0,-1.0,1.0,-1.0,1.0,-1.0,1.0,-1.0,1.0,1.0,1.0,1.0,-1.0,1.0,1.0,1.0,-1.0,-1.0,-1.0,1.0,1.0,1.0,-1.0,-1.0	-3.3374643,-0.10643344,1.4161227,-2.4655523,1.1649599,-4.166415,2.7298875,-3.6304913,1.3607312,1.007285,5.7094955,3.3750927,-3.1903753,0.7317057,1.6480224,3.200645,-3.739738,-6.870282,-5.299165,2.3077443,4.90505,3.403088,-1.6035048,-2.3724904
../data/train_data_mmini/8/Train_0036.jpg	8	-1.0,1.0,1.0,-1.0,1.0,-1.0,1.0,-1.0,1.0,-1.0,1.0,1.0,-1.0,-1.0,1.0,1.0,-1.0,-1.0,-1.0,1.0,1.0,1.0,-1.0,-1.0	-5.3281174,1.8470689,0.6302251,-0.99760073,1.904974,-2.2143188,1.3626398,-2.708929,0.93585366,-2.253755,4.460434,3.5869396,-4.4160714,-0.85466623,3.4311526,1.5291128,-1.2580204,-6.121699,-2.7818954,2.5274508,4.9703903,3.6785614,-2.3835945,-2.8951182
../data/train_data_mmini/8/Train_0037.jpg	8	-1.0,1.0,1.0,-1.0,1.0,-1.0,1.0,-1.0,1.0,-1.0,1.0,1.0,-1.0,-1.0,1.0,1.0,1.0,-1.0,-1.0,1.0,1.0,1.0,-1.0,1.0	-5.5108156,3.330164,0.8018685,-4.687438,1.2511657,-1.8621368,1.5157076,-7.8346076,0.30583683,-2.7910626,5.632671,4.312471,-11.939661,-5.116368,5.573226,4.665059,1.6783931,-6.8576446,-4.623692,7.074625,4.20985,5.588306,-5.1661406,0.6211997
../data/train_data_mmini/8/Train_0038.jpg	8	-1.0,1.0,1.0,-1.0,1.0,-1.0,1.0,-1.0,1.0,1.0,1.0,1.0,-1.0,1.0,1.0,1.0,-1.0,-1.0,-1.0,1.0,1.0,1.0,-1.0,-1.0	-4.013711,0.1724607,0.5741742,-2.5181537,1.3342079,-4.23847,3.2923684,-3.1321266,1.4428399,0.6291896,5.652645,4.0024443,-3.6825373,0.49117836,2.4360552,3.1225975,-3.1058915,-7.1379204,-4.959347,2.2973025,5.283129,3.6240935,-1.8254935,-3.0084815
../data/train_data_mmini/8/Train_0039.jpg	8	-1.0,1.0,1.0,-1.0,1.0,-1.0,1.0,-1.0,1.0,1.0,1.0,1.0,-1.0,-1.0,1.0,1.0,-1.0,-1.0,-1.0,1.0,1.0,1.0,-1.0,-1.0	-5.160525,1.4938931,0.681096,-3.9091804,2.596552,-4.6330724,2.9010189,-6.0904384,2.2487276,0.70994145,4.870656,4.744326,-6.869093,-0.4050243,4.036778,4.8268,-1.6303571,-10.065647,-6.860356,4.5670757,4.5789857,4.4595184,-3.6748188,-3.5741582
../data/train_data_mmini/9/Train_0040.jpg	9	-1.0,1.0,1.0,-1.0,1.0,-1.0,1.0,-1.0,-1.0,-1.0,1.0,1.0,-1.0,-1.0,1.0,1.0,-1.0,-1.0,-1.0,1.0,1.0,1.0,-1.0,-1.0	-3.4859238,1.0994985,0.37787786,-3.504903,0.16751994,-3.2154367,2.723219,-4.7328634,-0.1934093,-0.40460804,7.022294,3.522827,-7.118171,-2.6561172,3.029424,2.9762118,-1.9943911,-5.2135897,-4.5885067,3.8283327,5.15702,4.5900383,-1.817291,-0.39184284
../data/train_data_mmini/9/Train_0041.jpg	9	-1.0,1.0,1.0,1.0,1.0,-1.0,-1.0,-1.0,-1.0,-1.0,1.0,1.0,-1.0,-1.0,1.0,-1.0,1.0,-1.0,-1.0,1.0,1.0,1.0,-1.0,-1.0	-4.9120917,2.3535938,0.51307774,0.24645412,1.849995,-0.2376089,-0.31390074,-1.7093488,-0.8507885,-4.873155,4.3118577,2.0061545,-4.6397743,-3.0811172,4.031423,-1.249977,0.28093377,-2.7249584,-0.32631895,2.0457144,4.5308084,3.9587862,-2.7964313,-1.0100638
../data/train_data_mmini/9/Train_0042.jpg	9	-1.0,1.0,1.0,-1.0,1.0,-1.0,1.0,-1.0,1.0,1.0,1.0,1.0,-1.0,-1.0,1.0,1.0,-1.0,-1.0,-1.0,1.0,1.0,1.0,-1.0,1.0	-3.095764,1.3484937,0.45515117,-6.179817,0.02161374,-3.948109,3.466687,-7.653408,0.25786215,1.1427262,6.991294,4.2311716,-10.337941,-3.9426272,4.1267023,6.0258646,-0.84603244,-6.936557,-6.9321218,5.989998,4.31055,5.497257,-3.1298409,0.41904786
../data/train_data_mmini/9/Train_0043.jpg	9	-1.0,-1.0,1.0,-1.0,1.0,-1.0,1.0,-1.0,1.0,1.0,1.0,1.0,-1.0,1.0,1.0,1.0,-1.0,-1.0,-1.0,1.0,1.0,1.0,-1.0,-1.0	-2.7624304,-0.17327091,1.7885987,-1.9896815,0.22749674,-3.8924496,2.3839126,-3.1069171,0.32489562,0.4661626,6.8071795,3.0272746,-2.7347453,0.4530873,0.9178436,2.5250456,-4.586016,-5.418831,-4.3337283,1.3217378,5.6790967,3.5093505,-0.92650807,-1.298434
../data/train_data_mmini/9/Train_0044.jpg	9	-1.0,1.0,-1.0,-1.0,1.0,-1.0,1.0,-1.0,1.0,1.0,1.0,1.0,-1.0,1.0,1.0,1.0,-1.0,-1.0,-1.0,1.0,1.0,1.0,-1.0,-1.0	-6.048278,1.6847919,-1.3627666,-4.0704794,3.0990949,-5.5165744,4.5433803,-5.63051,3.4269001,1.9941609,4.5180564,6.357754,-7.056291,0.23707366,4.4817724,5.061129,-1.4566202,-11.070824,-7.670835,3.9404206,4.4527755,4.6163445,-3.0346568,-5.5467796
../data/train_data_mmini/10/Train_0045.jpg	10	-1.0,1.0,1.0,-1.0,1.0,-1.0,1.0,-1.0,1.0,-1.0,1.0,1.0,-1.0,-1.0,1.0,1.0,-1.0,-1.0,-1.0,1.0,1.0,1.0,-1.0,-1.0	-5.57064,2.1598904,0.9963977,-4.633356,2.981271,-4.234183,2.0867944,-7.2190332,2.6808898,-0.4069409,3.7883456,5.3460293,-8.415978,-0.9343172,4.898545,5.742419,-0.078767724,-11.10151,-6.557529,5.537677,3.6800659,4.357353,-5.0665736,-3.0106826
../data/train_data_mmini/10/Train_0046.jpg	10	-1.0,1.0,-1.0,-1.0,1.0,-1.0,1.0,-1.0,1.0,1.0,1.0,1.0,-1.0,-1.0,1.0,1.0,1.0,-1.0,-1.0,1.0,1.0,1.0,-1.0,-1.0	-4.7264833,2.3015518,-0.5128613,-6.3504252,1.7414182,-4.434218,3.1180475,-8.122614,2.6529427,1.8701265,4.2371836,5.6747265,-10.4148245,-2.001786,5.0441093,7.3957586,0.85924757,-10.578956,-7.526609,6.335707,3.0853636,4.829764,-4.435541,-2.544026
../data/train_data_mmini/10/Train_0047.jpg	10	-1.0,1.0,1.0,-1.0,1.0,-1.0,1.0,-1.0,1.0,1.0,1.0,1.0,-1.0,-1.0,1.0,1.0,-1.0,-1.0,-1.0,1.0,1.0,1.0,-1.0,-1.0	-5.1307645,2.0115087,1.7616917,-6.8865314,1.6841508,-5.713805,3.213364,-9.496348,2.0966983,0.8696834,6.7731605,6.351855,-10.750422,-1.5680404,5.1967406,8.16833,-1.2232922,-12.1455145,-8.680872,6.8430586,5.923755,5.6694927,-5.227089,-2.0711904
../data/train_data_mmini/10/Train_0048.jpg	10	-1.0,1.0,-1.0,-1.0,1.0,-1.0,1.0,-1.0,1.0,1.0,1.0,1.0,-1.0,1.0,1.0,1.0,-1.0,-1.0,-1.0,1.0,1.0,1.0,-1.0,-1.0	-6.49775,1.8890599,-0.5254992,-4.2244825,4.07207,-5.718039,3.7397523,-5.584642,3.8155334,1.5726756,4.0207195,6.699561,-6.7228355,1.3481331,4.9946256,5.4221754,-1.286939,-12.701732,-7.727306,4.066956,4.6987333,4.258947,-3.6246424,-6.4112973
../data/train_data_mmini/10/Train_0049.jpg	10	-1.0,1.0,1.0,-1.0,1.0,-1.0,1.0,-1.0,1.0,1.0,1.0,1.0,-1.0,-1.0,1.0,1.0,-1.0,-1.0,-1.0,1.0,1.0,1.0,-1.0,-1.0	-4.504246,1.7191002,1.4928232,-5.611848,1.5646468,-4.44756,2.633922,-7.927038,1.5693954,0.45790997,6.1104584,4.898026,-9.369133,-2.1872091,4.27257,6.291053,-1.0989147,-9.570657,-7.313183,6.0816865,4.6750865,4.929239,-4.293815,-1.1794188
