../data/train_data_mmini/1/Train_0000.jpg	1	1.0,-1.0,-1.0,1.0,-1.0,-1.0,1.0,-1.0,1.0,1.0,1.0,1.0	3.98948,-0.028777363,-2.7908728,2.5258343,-1.9865603,-0.4668652,2.168831,-0.7250072,8.247849,0.0011959099,1.8309,1.0210439
../data/train_data_mmini/1/Train_0001.jpg	1	1.0,-1.0,-1.0,-1.0,1.0,1.0,1.0,1.0,1.0,-1.0,-1.0,-1.0	5.216271,-0.96628517,-1.8452895,-0.17499715,0.07342696,4.4823227,0.90630674,1.2456985,3.7710097,-0.20725797,-1.7292666,-1.9155568
../data/train_data_mmini/1/Train_0002.jpg	1	1.0,1.0,1.0,1.0,-1.0,-1.0,1.0,1.0,1.0,1.0,-1.0,-1.0	3.1738324,0.0029658205,0.27569225,4.001493,-1.4418405,-3.8641207,3.2258577,3.730988,4.564656,0.99729866,-1.0136069,-2.8646147
../data/train_data_mmini/1/Train_0003.jpg	1	1.0,1.0,-1.0,-1.0,-1.0,1.0,1.0,-1.0,1.0,-1.0,1.0,1.0	3.6972115,0.21362022,-1.1411532,-1.7076832,-0.90900487,2.2914371,0.25213516,-2.2527041,7.8902836,-0.036424737,0.7078567,4.4914536
../data/train_data_mmini/1/Train_0004.jpg	1	1.0,1.0,-1.0,1.0,-1.0,1.0,1.0,-1.0,1.0,1.0,-1.0,1.0	1.7764547,0.4200142,-1.4791527,2.7439272,-2.5147848,2.533967,1.1703963,-2.7969735,7.3439484,1.3042381,-2.3461945,0.5883913
../data/train_data_mmini/2/Train_0005.jpg	2	-1.0,-1.0,-1.0,1.0,1.0,1.0,1.0,1.0,1.0,1.0,1.0,1.0	-0.89060044,-0.17662004,-2.3778825,2.0466156,0.9670401,1.6566696,1.6059247,1.7625563,2.1180086,2.683701,0.68911165,1.7752887
../data/train_data_mmini/2/Train_0006.jpg	2	-1.0,1.0,1.0,1.0,-1.0,1.0,1.0,1.0,1.0,1.0,1.0,-1.0	-4.8713336,2.0848484,0.6106534,3.4561875,-0.764439,1.8887902,0.58060867,5.981944,5.568389,3.2197926,1.4826307,-1.4678234
../data/train_data_mmini/2/Train_0007.jpg	2	1.0,-1.0,-1.0,1.0,-1.0,1.0,1.0,-1.0,1.0,1.0,-1.0,1.0	2.9098816,-0.96622884,-6.6352453,0.8660622,-4.738843,1.8350372,4.2475863,-1.2164458,7.4864616,2.1244664,-0.077174984,4.1045294
../data/train_data_mmini/2/Train_0008.jpg	2	-1.0,1.0,-1.0,1.0,-1.0,-1.0,1.0,-1.0,1.0,1.0,-1.0,1.0	-0.95365477,1.4358865,-2.6559956,3.003524,-2.6527104,-1.327842,5.409979,-3.3543203,4.237469,1.0172472,-0.29557443,0.51736236
../data/train_data_mmini/2/Train_0009.jpg	2	-1.0,1.0,-1.0,1.0,-1.0,1.0,-1.0,-1.0,1.0,1.0,1.0,1.0	-1.3054292,1.9633874,-3.8569374,0.8353394,-1.5082058,1.0128522,-0.9692539,-0.49888065,2.6939018,0.10440476,0.68205506,3.8124516
../data/train_data_mmini/3/Train_0010.jpg	3	-1.0,1.0,-1.0,1.0,-1.0,1.0,-1.0,-1.0,1.0,1.0,-1.0,1.0	-1.1860764,0.4701599,-3.3478475,0.98245215,-1.5545669,2.8903096,-0.5519032,-1.8493496,1.0805188,0.9851093,-1.0897914,0.6718146
../data/train_data_mmini/3/Train_0011.jpg	3	1.0,-1.0,-1.0,1.0,-1.0,-1.0,1.0,1.0,1.0,1.0,-1.0,-1.0	1.9139287,-2.3914216,-0.91586804,2.6296785,-1.7294093,-2.1516397,1.1020072,2.163122,1.1875184,0.7495595,-3.5250368,-5.0260725
../data/train_data_mmini/3/Train_0012.jpg	3	1.0,-1.0,1.0,-1.0,1.0,1.0,-1.0,1.0,1.0,-1.0,-1.0,-1.0	2.853436,-0.47951,1.7877712,-0.7598294,2.2458134,0.67664087,-0.5924141,1.3983519,1.8708897,-1.5441272,-1.851087,-2.3744576
../data/train_data_mmini/3/Train_0013.jpg	3	-1.0,1.0,-1.0,1.0,1.0,-1.0,1.0,1.0,1.0,1.0,1.0,-1.0	-1.1325902,3.038845,-0.51405466,4.368359,0.21593188,-0.11786093,0.83908063,2.8691204,2.2811205,0.37631896,0.98136157,-2.7782345
../data/train_data_mmini/3/Train_0014.jpg	3	-1.0,1.0,-1.0,1.0,-1.0,1.0,1.0,1.0,1.0,1.0,-1.0,1.0	-4.1262207,0.38839865,-1.2022936,0.53645515,-2.940168,1.5540605,0.59988326,1.8748746,2.9688065,1.4954038,-3.1052806,0.0026889348
../data/train_data_mmini/4/Train_0015.jpg	4	1.0,1.0,-1.0,-1.0,-1.0,-1.0,1.0,-1.0,1.0,1.0,1.0,-1.0	1.624572,1.4709944,-0.2681897,-1.3018273,-2.4701931,-0.80562735,4.5113125,-0.32504427,3.1342573,2.83054,1.2663827,-1.5229919
../data/train_data_mmini/4/Train_0016.jpg	4	1.0,-1.0,-1.0,-1.0,1.0,-1.0,1.0,1.0,1.0,1.0,-1.0,1.0	2.7348397,-1.3418292,-0.8508663,-0.9710882,1.2228088,-0.6925055,3.2151053,0.6808143,1.0009649,0.22064963,-1.3858658,1.6553785
../data/train_data_mmini/4/Train_0017.jpg	4	-1.0,-1.0,1.0,-1.0,1.0,-1.0,1.0,1.0,1.0,1.0,-1.0,-1.0	-0.6871973,-0.40079272,2.5613375,-0.074131906,1.173201,-0.9572814,0.46062386,3.527592,1.2836542,0.67957574,-0.7216225,-2.677267
../data/train_data_mmini/4/Train_0018.jpg	4	-1.0,-1.0,-1.0,1.0,-1.0,-1.0,1.0,-1.0,1.0,1.0,-1.0,1.0	-2.309996,-1.2980328,-2.7439125,1.8066971,-1.6294589,-0.4038377,1.3609033,-1.0790088,2.712087,2.121527,-2.3974967,1.8004452
../data/train_data_mmini/4/Train_0019.jpg	4	-1.0,1.0,1.0,1.0,1.0,1.0,-1.0,1.0,1.0,1.0,-1.0,-1.0	-3.3416476,4.5981793,3.5483234,4.6529264,0.61428875,2.6957314,-0.92870337,3.4536288,3.9700708,4.1827736,-0.5005493,-1.6761918
../data/train_data_mmini/5/Train_0020.jpg	5	1.0,1.0,-1.0,1.0,1.0,1.0,1.0,-1.0,1.0,1.0,-1.0,1.0	2.540787,0.35086066,-2.5773554,1.4616841,0.77471286,5.7968173,4.3843284,-0.7364207,7.1622877,2.3084633,-3.9110205,3.007309
../data/train_data_mmini/5/Train_0021.jpg	5	-1.0,1.0,1.0,1.0,-1.0,1.0,1.0,-1.0,1.0,1.0,-1.0,1.0	-2.6579587,1.6974612,1.0753818,0.46049315,-4.3754435,0.029054763,2.0074484,-2.218283,7.46805,1.3441124,-0.6666315,1.1796339
../data/train_data_mmini/5/Train_0022.jpg	5	1.0,1.0,-1.0,1.0,-1.0,1.0,1.0,1.0,1.0,1.0,1.0,1.0	1.8412178,1.3516428,-5.8076496,0.2765367,-3.1411507,2.2236068,4.7952285,0.69314885,5.4124155,1.5249846,1.292614,3.7103682
../data/train_data_mmini/5/Train_0023.jpg	5	1.0,1.0,-1.0,1.0,-1.0,1.0,1.0,-1.0,1.0,1.0,-1.0,1.0	2.0604818,0.91692823,-4.0287433,0.08265084,-2.4386437,4.9066253,1.4489876,-2.3916025,8.71288,0.6507421,-1.8625102,4.5022035
../data/train_data_mmini/5/Train_0024.jpg	5	1.0,-1.0,-1.0,1.0,-1.0,-1.0,1.0,-1.0,1.0,1.0,-1.0,1.0	2.5249612,-0.27872533,-1.9003389,3.2013588,-1.9257156,-1.4594996,0.78685176,-2.8763397,6.2062454,0.8439626,-0.0009227006,1.9437014
../data/train_data_mmini/6/Train_0025.jpg	6	-1.0,1.0,1.0,1.0,1.0,-1.0,-1.0,1.0,-1.0,1.0,1.0,-1.0	-0.3983051,0.6285003,0.8749623,1.3971925,0.1460982,-1.5069032,-2.2911613,4.4017076,-0.26557735,2.2440085,1.7185608,-0.38798976
../data/train_data_mmini/6/Train_0026.jpg	6	1.0,-1.0,-1.0,-1.0,-1.0,1.0,1.0,-1.0,1.0,1.0,-1.0,1.0	0.6093656,-2.1405275,-2.1935503,-1.1456826,-3.050639,3.4378903,0.039619062,-1.2827177,3.886533,5.974177,-1.0185119,2.1248353
../data/train_data_mmini/6/Train_0027.jpg	6	-1.0,-1.0,-1.0,-1.0,1.0,1.0,-1.0,-1.0,-1.0,1.0,-1.0,-1.0	-1.450088,-0.3513799,-1.3158886,-0.96432185,0.64415056,2.0406165,-0.6633654,-0.20483534,-2.637365,1.1679868,-3.1810768,-0.25059545
../data/train_data_mmini/6/Train_0028.jpg	6	-1.0,-1.0,-1.0,1.0,-1.0,-1.0,1.0,1.0,1.0,-1.0,-1.0,-1.0	-1.1355687,-3.1338313,-2.051693,2.7150178,-1.9500524,-1.6907978,3.4345198,1.3272222,5.062388,-0.9608411,-4.0009966,-1.2695475
../data/train_data_mmini/6/Train_0029.jpg	6	1.0,1.0,-1.0,1.0,-1.0,-1.0,-1.0,-1.0,1.0,-1.0,1.0,1.0	1.6499789,4.781124,-0.7685843,3.510988,-0.24442685,-4.731383,-3.7104678,-0.7871131,0.13093048,-1.2474539,2.383244,1.9617429
../data/train_data_mmini/7/Train_0030.jpg	7	1.0,1.0,-1.0,-1.0,1.0,1.0,1.0,1.0,1.0,1.0,1.0,1.0	2.211818,0.3349018,-3.1622725,-0.4095192,0.018758561,1.8514576,2.4788814,3.7310133,3.466368,2.8669071,2.8459973,2.649481
../data/train_data_mmini/7/Train_0031.jpg	7	1.0,-1.0,-1.0,1.0,1.0,-1.0,1.0,1.0,1.0,1.0,1.0,1.0	0.0045770356,-0.4143979,-4.289838,1.4932126,2.2204833,-0.48331127,3.7355046,1.0085433,2.073267,0.27715543,1.2356423,2.4551468
../data/train_data_mmini/7/Train_0032.jpg	7	-1.0,-1.0,1.0,1.0,1.0,-1.0,1.0,-1.0,-1.0,1.0,-1.0,-1.0	-1.7708058,-1.1162791,0.96213,2.6178255,0.27177987,-1.991805,2.2350304,-0.73357636,-0.8283767,1.171026,-3.8589585,-2.5800288
../data/train_data_mmini/7/Train_0033.jpg	7	1.0,-1.0,-1.0,1.0,1.0,-1.0,1.0,1.0,1.0,1.0,-1.0,1.0	0.54447675,-0.36374104,-5.0678506,2.5105126,0.26104796,-0.56723917,0.96997935,0.89624673,4.2316947,2.0809155,-0.2956848,2.5059817
../data/train_data_mmini/7/Train_0034.jpg	7	-1.0,-1.0,-1.0,1.0,-1.0,-1.0,1.0,-1.0,1.0,1.0,-1.0,-1.0	-1.0782427,-1.7091068,-1.5555946,2.630432,-1.1193138,-2.3911374,0.56153566,-2.517433,0.39357102,0.3725938,-5.4184656,-1.40049
../data/train_data_mmini/8/Train_0035.jpg	8	-1.0,1.0,-1.0,1.0,-1.0,-1.0,-1.0,1.0,1.0,-1.0,1.0,1.0	-0.26470134,1.4065884,-4.997672,1.278888,-2.2065418,-0.9243746,-0.016056444,2.1447916,1.2406023,-2.243685,3.3873618,1.2487947
../data/train_data_mmini/8/Train_0036.jpg	8	-1.0,-1.0,-1.0,1.0,-1.0,-1.0,1.0,1.0,1.0,1.0,1.0,1.0	-0.49079695,-0.72390336,-5.5182,2.0902886,-1.2196419,-2.76374,2.2482574,4.3175063,1.2336457,2.1007442,2.4032135,2.8659456
../data/train_data_mmini/8/Train_0037.jpg	8	-1.0,-1.0,-1.0,1.0,-1.0,-1.0,1.0,-1.0,1.0,1.0,-1.0,1.0	-0.63976705,-2.5950584,-1.4039598,0.92800766,-0.37798414,-0.94277626,1.1493151,-2.2762573,0.501861,0.91525674,-3.3554952,0.58536166
../data/train_data_mmini/8/Train_0038.jpg	8	1.0,1.0,-1.0,-1.0,1.0,-1.0,1.0,-1.0,-1.0,-1.0,1.0,1.0	2.6608078,1.588816,-3.4679503,-0.2972509,0.054607343,-1.644341,3.5757575,-0.52331847,-0.033115707,-0.9916374,3.2109869,1.3292558
../data/train_data_mmini/8/Train_0039.jpg	8	-1.0,1.0,-1.0,1.0,-1.0,-1.0,-1.0,1.0,1.0,-1.0,1.0,-1.0	-0.25732878,1.5929803,-4.213426,4.42503,-1.3020234,-2.246255,-2.9734967,2.6286068,1.2861042,-2.5080109,2.0577066,-0.2156361
../data/train_data_mmini/9/Train_0040.jpg	9	1.0,1.0,1.0,1.0,-1.0,1.0,1.0,-1.0,1.0,1.0,-1.0,1.0	0.8803282,0.08333808,0.17001694,0.3244782,-3.2850502,1.0688572,2.6997404,-1.0510775,5.932554,1.1853422,-1.5967981,1.3201902
../data/train_data_mmini/9/Train_0041.jpg	9	1.0,-1.0,-1.0,1.0,1.0,1.0,1.0,1.0,1.0,-1.0,-1.0,-1.0	1.0862896,-0.7469669,-5.2333074,3.950218,1.0571913,1.5069966,1.4179989,1.5459741,2.1241817,-0.4898124,-3.4952142,-0.8563892
../data/train_data_mmini/9/Train_0042.jpg	9	1.0,1.0,1.0,1.0,-1.0,1.0,1.0,-1.0,1.0,1.0,-1.0,-1.0	2.6349373,0.44297296,0.40005538,0.17008927,-2.3227687,0.029568272,3.5548954,-2.3868208,2.1050346,2.6636112,-2.330879,-2.0625477
../data/train_data_mmini/9/Train_0043.jpg	9	-1.0,1.0,-1.0,1.0,-1.0,1.0,1.0,1.0,1.0,1.0,1.0,1.0	-3.5562336,1.4917563,-2.9765806,1.7526188,-3.9255123,2.48313,3.591232,2.8856742,5.287539,3.0176382,0.30362305,1.3287386
../data/train_data_mmini/9/Train_0044.jpg	9	1.0,1.0,1.0,1.0,1.0,1.0,-1.0,1.0,1.0,1.0,1.0,-1.0	2.0256727,3.26685,0.19457787,0.49379003,1.8269826,1.5654093,-0.33559465,1.7154251,1.4470648,0.9462983,2.499246,-0.7060289
../data/train_data_mmini/10/Train_0045.jpg	10	-1.0,1.0,-1.0,1.0,1.0,-1.0,-1.0,-1.0,-1.0,-1.0,1.0,1.0	-1.5599291,1.0962089,-3.6420825,2.695974,0.48735097,-0.9787169,-2.94565,-1.1243443,-3.1983514,-1.9439327,0.13656324,0.09779192
../data/train_data_mmini/10/Train_0046.jpg	10	-1.0,1.0,1.0,1.0,-1.0,-1.0,-1.0,-1.0,-1.0,1.0,-1.0,-1.0	-0.6574967,0.85605013,1.2514563,0.8288026,-0.2796434,-1.3204064,-2.6340787,-0.27663633,-0.72096246,0.521977,-0.52517724,-3.501141
../data/train_data_mmini/10/Train_0047.jpg	10	-1.0,-1.0,-1.0,1.0,-1.0,-1.0,-1.0,-1.0,1.0,-1.0,1.0,-1.0	-4.2279224,-0.06834267,-1.711772,3.4455996,-1.0057167,-3.3701792,-1.2743415,-0.4701484,1.115403,-0.8191027,0.6038651,-1.5050331
../data/train_data_mmini/10/Train_0048.jpg	10	1.0,1.0,-1.0,1.0,1.0,-1.0,-1.0,1.0,-1.0,-1.0,1.0,1.0	1.0408508,4.694285,-2.5880291,3.696853,0.079211876,-1.5210787,-3.3085792,0.9280484,-1.5272726,-0.3699043,4.0521994,0.5474505
../data/train_data_mmini/10/Train_0049.jpg	10	-1.0,1.0,-1.0,1.0,-1.0,-1.0,-1.0,1.0,-1.0,-1.0,1.0,-1.0	-1.0186204,0.7536116,-2.8797991,1.4272716,-3.1326795,-1.4924895,-2.9799445,1.1037333,-0.42173612,-1.7671243,0.9584226,-1.1001282
