../data/train_data_mmini/1/Train_0000.jpg	1	1.0,1.0,1.0,1.0,-1.0,1.0,1.0,-1.0	0.92656183,0.5054263,1.0516462,2.2864404,-0.65141404,0.46332157,0.33464888,-0.4585475
../data/train_data_mmini/1/Train_0001.jpg	1	1.0,1.0,1.0,1.0,-1.0,1.0,1.0,-1.0	0.2660784,0.5698154,0.8494803,1.2351501,-0.2753617,0.4855758,0.26049396,-0.30743837
../data/train_data_mmini/1/Train_0002.jpg	1	-1.0,1.0,-1.0,-1.0,1.0,-1.0,-1.0,1.0	-0.8245431,0.31617886,-0.38617533,-1.0322642,0.24741787,-0.27659675,-0.28447846,0.18071043
../data/train_data_mmini/1/Train_0003.jpg	1	1.0,1.0,1.0,1.0,-1.0,1.0,1.0,-1.0	1.2598104,0.6340451,1.5884917,3.0884235,-0.70775735,0.49402303,0.5918616,-0.6135345
../data/train_data_mmini/1/Train_0004.jpg	1	1.0,1.0,1.0,1.0,-1.0,1.0,1.0,-1.0	0.8272509,0.56805146,1.2973573,1.861757,-0.42161548,0.35356623,0.27492532,-0.49573174
../data/train_data_mmini/2/Train_0005.jpg	2	-1.0,1.0,-1.0,-1.0,1.0,-1.0,-1.0,1.0	-0.28160897,0.055835426,-0.32715654,-0.7474166,0.06625348,-0.16093333,-0.0073271277,0.13326108
../data/train_data_mmini/2/Train_0006.jpg	2	-1.0,-1.0,-1.0,-1.0,1.0,1.0,1.0,1.0	-0.8092779,-0.10888362,-0.76440275,-0.30108076,0.12555969,0.27643776,0.0958844,0.23765701
../data/train_data_mmini/2/Train_0007.jpg	2	1.0,1.0,1.0,1.0,-1.0,1.0,1.0,-1.0	1.2149286,0.57462305,1.8656238,2.8310585,-0.57936084,0.5457341,0.6274252,-0.83750767
../data/train_data_mmini/2/Train_0008.jpg	2	-1.0,-1.0,1.0,1.0,1.0,1.0,1.0,-1.0	-0.41654062,-0.19729002,0.025370311,0.0970446,0.24281752,0.26317227,0.22563788,-0.20878339
../data/train_data_mmini/2/Train_0009.jpg	2	1.0,-1.0,-1.0,1.0,1.0,1.0,1.0,1.0	0.30330667,-0.15403321,-0.50688565,0.12770513,0.030128954,0.1612813,0.05489349,0.33416364
../data/train_data_mmini/3/Train_0010.jpg	3	-1.0,-1.0,1.0,-1.0,1.0,-1.0,1.0,1.0	-0.74418736,-0.045022026,0.20585732,-0.4623492,1.0205739,-0.107335955,0.13727686,0.09285139
../data/train_data_mmini/3/Train_0011.jpg	3	-1.0,1.0,-1.0,-1.0,1.0,-1.0,-1.0,1.0	-1.1614659,0.3724706,-0.55012965,-3.6790035,0.53461814,-0.40872565,-1.3854369,0.0049417247
../data/train_data_mmini/3/Train_0012.jpg	3	-1.0,1.0,-1.0,-1.0,1.0,-1.0,-1.0,1.0	-0.12816572,0.6761181,-1.1520694,-2.5042584,0.0070597506,-0.5584148,-0.92518747,0.75457114
../data/train_data_mmini/3/Train_0013.jpg	3	-1.0,-1.0,-1.0,-1.0,1.0,1.0,-1.0,1.0	-1.4487636,-0.3376612,-1.5619135,-1.9386591,0.32634315,0.0007968652,-0.0008522603,0.4194186
../data/train_data_mmini/3/Train_0014.jpg	3	-1.0,1.0,-1.0,-1.0,1.0,1.0,-1.0,-1.0	-0.13324857,0.07252049,-0.00061443844,-0.64812773,0.018990306,0.10314597,-0.22003284,-0.07826812
../data/train_data_mmini/4/Train_0015.jpg	4	-1.0,1.0,-1.0,-1.0,-1.0,-1.0,-1.0,1.0	-0.1611931,0.3463846,-0.8424648,-0.5971686,-0.14209226,-0.22314405,-0.044043396,0.3221211
../data/train_data_mmini/4/Train_0016.jpg	4	-1.0,-1.0,1.0,-1.0,1.0,1.0,1.0,-1.0	-0.1658391,-0.0012720965,0.13865708,-0.18980804,0.20548302,0.024478372,0.25773832,-0.44630632
../data/train_data_mmini/4/Train_0017.jpg	4	-1.0,1.0,-1.0,-1.0,1.0,-1.0,-1.0,1.0	-1.450196,0.10770319,-1.7114583,-2.746137,0.61622083,-0.10435621,-0.7357329,0.4507454
../data/train_data_mmini/4/Train_0018.jpg	4	-1.0,1.0,-1.0,1.0,1.0,1.0,1.0,1.0	-0.009605095,0.08774835,-0.12979874,0.04444285,0.22051315,0.10196211,0.026429173,0.016675659
../data/train_data_mmini/4/Train_0019.jpg	4	-1.0,-1.0,-1.0,-1.0,1.0,1.0,1.0,1.0	-1.2533029,-0.14199542,-0.6133941,-1.2813993,0.46907428,0.10141956,0.16885817,0.085623346
../data/train_data_mmini/5/Train_0020.jpg	5	1.0,1.0,1.0,1.0,-1.0,1.0,1.0,-1.0	1.198522,0.47458068,1.7316384,2.9661007,-0.4927229,0.4749529,0.776725,-0.6787248
../data/train_data_mmini/5/Train_0021.jpg	5	1.0,1.0,-1.0,1.0,-1.0,1.0,-1.0,1.0	0.11452615,0.1951068,-0.22726934,0.2702527,-0.4658736,0.20368399,-0.09852484,0.17859548
../data/train_data_mmini/5/Train_0022.jpg	5	1.0,1.0,1.0,1.0,-1.0,1.0,1.0,-1.0	0.934203,0.3241657,1.2130748,2.1551762,-0.4311406,0.5294323,0.50170684,-0.48161197
../data/train_data_mmini/5/Train_0023.jpg	5	1.0,1.0,1.0,1.0,-1.0,1.0,1.0,-1.0	1.5601932,0.5604779,1.7754046,3.7598965,-0.8198879,0.6367728,0.7730927,-0.661336
../data/train_data_mmini/5/Train_0024.jpg	5	1.0,1.0,1.0,-1.0,-1.0,-1.0,-1.0,-1.0	0.47943345,0.4191891,0.13969946,-0.097003594,-0.18882465,-0.2924377,-0.30645043,-0.033819087
../data/train_data_mmini/6/Train_0025.jpg	6	-1.0,1.0,-1.0,-1.0,1.0,-1.0,-1.0,1.0	-1.2818822,0.15444326,-1.1696552,-3.7536848,0.8970964,-0.93438,-0.98860484,0.6572759
../data/train_data_mmini/6/Train_0026.jpg	6	1.0,1.0,1.0,1.0,1.0,1.0,1.0,-1.0	0.0444569,0.54740304,0.65397286,0.88886994,0.2262561,0.480412,0.032587644,-0.43330067
../data/train_data_mmini/6/Train_0027.jpg	6	-1.0,-1.0,-1.0,-1.0,1.0,-1.0,-1.0,1.0	-0.5818934,-0.019389551,-0.45445445,-2.1812909,0.83830154,-0.51933146,-0.5708489,0.2781155
../data/train_data_mmini/6/Train_0028.jpg	6	-1.0,1.0,1.0,-1.0,1.0,1.0,-1.0,-1.0	-0.5189534,0.07833611,0.5015269,-0.7105359,0.12065342,0.3569175,-0.46869317,-0.46613196
../data/train_data_mmini/6/Train_0029.jpg	6	-1.0,-1.0,-1.0,-1.0,1.0,-1.0,-1.0,1.0	-1.2519838,-0.14837576,-2.0563383,-2.658907,0.8721048,-0.90144795,-0.015631262,1.0117825
../data/train_data_mmini/7/Train_0030.jpg	7	1.0,1.0,-1.0,1.0,-1.0,1.0,1.0,-1.0	0.25461358,0.13551724,-0.21917482,0.39934263,-0.34043726,0.2954144,0.23181656,-0.04478825
../data/train_data_mmini/7/Train_0031.jpg	7	-1.0,1.0,-1.0,-1.0,1.0,1.0,-1.0,1.0	-0.3150298,0.09208053,-1.1637648,-0.89524,0.25555703,0.14207403,-0.14705312,0.47418606
../data/train_data_mmini/7/Train_0032.jpg	7	-1.0,-1.0,-1.0,-1.0,1.0,-1.0,-1.0,1.0	-1.1342282,-0.038399078,-1.6446368,-3.74484,0.6877445,-0.75399363,-1.1873767,0.60991293
../data/train_data_mmini/7/Train_0033.jpg	7	1.0,1.0,1.0,-1.0,1.0,-1.0,-1.0,-1.0	0.42444518,0.10145855,0.35434875,-0.24260125,0.26034707,-0.14085326,-0.16137257,-0.2566398
../data/train_data_mmini/7/Train_0034.jpg	7	-1.0,1.0,-1.0,-1.0,1.0,-1.0,-1.0,-1.0	-1.1823018,0.3920393,-0.02705777,-4.421581,1.1846194,-0.76112,-1.6074882,-0.03976365
../data/train_data_mmini/8/Train_0035.jpg	8	-1.0,-1.0,-1.0,-1.0,1.0,-1.0,-1.0,1.0	-0.582789,-0.028137758,-1.3951912,-1.3799263,0.18355519,-0.24753359,-0.41577962,0.79088825
../data/train_data_mmini/8/Train_0036.jpg	8	-1.0,-1.0,-1.0,-1.0,1.0,-1.0,-1.0,1.0	-0.6585516,-0.07311863,-1.2786977,-2.1593814,0.43864787,-0.26622266,-0.40579665,0.49303073
../data/train_data_mmini/8/Train_0037.jpg	8	-1.0,-1.0,-1.0,-1.0,1.0,-1.0,-1.0,1.0	-1.2263201,-0.038282685,-1.1514262,-3.3438928,0.8771569,-0.35038978,-0.85852146,0.11263388
../data/train_data_mmini/8/Train_0038.jpg	8	-1.0,1.0,-1.0,-1.0,1.0,-1.0,-1.0,1.0	-0.55514944,0.07354176,-0.88472205,-1.147472,0.36647353,-0.24336207,-0.030347113,0.4017474
../data/train_data_mmini/8/Train_0039.jpg	8	-1.0,-1.0,-1.0,-1.0,1.0,-1.0,-1.0,1.0	-1.3844348,-0.1536785,-2.2100468,-3.4575968,0.536605,-0.64234966,-0.71488595,0.87722003
../data/train_data_mmini/9/Train_0040.jpg	9	1.0,1.0,1.0,1.0,-1.0,1.0,-1.0,-1.0	0.031726867,0.22544496,0.1863914,0.030322049,-0.14788207,0.17475452,-0.015972082,-0.20547482
../data/train_data_mmini/9/Train_0041.jpg	9	-1.0,1.0,1.0,-1.0,1.0,1.0,-1.0,-1.0	-0.14138058,0.0040759677,0.31338027,-0.8722185,0.20177665,0.027428042,-0.22654542,-0.15113533
../data/train_data_mmini/9/Train_0042.jpg	9	-1.0,1.0,-1.0,-1.0,1.0,-1.0,-1.0,1.0	-0.46157268,0.36107245,-0.47373664,-1.5288128,0.16429815,-0.3329905,-0.23781797,0.08379441
../data/train_data_mmini/9/Train_0043.jpg	9	-1.0,-1.0,-1.0,1.0,-1.0,1.0,1.0,-1.0	-0.08526701,-0.12655157,-0.037811883,0.4028388,-0.13396883,0.23311913,0.3479357,-0.04845912
../data/train_data_mmini/9/Train_0044.jpg	9	-1.0,-1.0,-1.0,-1.0,1.0,-1.0,-1.0,1.0	-0.8122504,-0.021271288,-1.655423,-1.9119587,0.33076555,-0.51611155,-0.29324776,0.90289885
../data/train_data_mmini/10/Train_0045.jpg	10	-1.0,-1.0,-1.0,-1.0,1.0,-1.0,-1.0,1.0	-1.8299482,-0.3336796,-2.3900661,-4.655407,1.3659432,-0.9705408,-1.074316,0.9127812
../data/train_data_mmini/10/Train_0046.jpg	10	-1.0,-1.0,-1.0,-1.0,1.0,-1.0,-1.0,1.0	-1.8052901,-0.09400075,-1.7665572,-4.1203284,1.1987786,-1.091095,-1.06742,0.7031555
../data/train_data_mmini/10/Train_0047.jpg	10	-1.0,-1.0,-1.0,-1.0,1.0,-1.0,-1.0,1.0	-1.8556126,-0.16138926,-2.134704,-4.550823,0.9602053,-0.8447633,-0.930346,0.6059479
../data/train_data_mmini/10/Train_0048.jpg	10	-1.0,1.0,-1.0,-1.0,1.0,-1.0,-1.0,1.0	-1.4054265,0.17016794,-2.2320278,-4.81392,1.0347251,-1.3955588,-1.2150979,1.2691572
../data/train_data_mmini/10/Train_0049.jpg	10	-1.0,-1.0,-1.0,-1.0,1.0,-1.0,-1.0,1.0	-1.524393,-0.055463724,-1.8692183,-3.813438,0.8576708,-0.71666837,-0.9436573,0.8109769
