../data/train_data_mmini/1/Train_0000.jpg	1	-1.0,-1.0,1.0,-1.0,1.0,1.0,1.0,1.0,-1.0,-1.0,1.0,-1.0	-4.343575,-6.190544,3.865174,-2.0286596,6.865396,0.1266267,4.196355,3.676023,-0.3989497,-3.91384,1.4406886,-0.26685613
../data/train_data_mmini/1/Train_0001.jpg	1	-1.0,-1.0,1.0,-1.0,1.0,1.0,1.0,1.0,-1.0,-1.0,1.0,-1.0	-3.9891438,-5.6309094,3.826712,-2.251187,6.381349,0.51300937,4.026704,3.6710267,-0.109488614,-3.306648,1.4781264,-0.110336386
../data/train_data_mmini/1/Train_0002.jpg	1	-1.0,-1.0,1.0,-1.0,1.0,1.0,1.0,1.0,1.0,-1.0,1.0,1.0	-3.1858559,-4.143269,3.518123,-1.6689526,4.589366,0.008986684,3.4019842,2.3663168,0.22175157,-2.9938872,1.6626441,0.6508167
../data/train_data_mmini/1/Train_0003.jpg	1	-1.0,-1.0,1.0,-1.0,1.0,1.0,1.0,1.0,-1.0,-1.0,1.0,-1.0	-4.574457,-6.6683555,3.6130946,-2.1935153,7.3179855,0.053226795,4.2175817,4.179556,-0.24541518,-4.1781144,1.0813066,-0.8269539
../data/train_data_mmini/1/Train_0004.jpg	1	-1.0,-1.0,1.0,-1.0,1.0,1.0,1.0,1.0,-1.0,-1.0,1.0,-1.0	-4.6024585,-6.5650926,3.648918,-1.9395615,7.217405,0.00059459725,4.1438646,3.864429,-0.4783522,-4.1184473,1.0307482,-0.72028416
../data/train_data_mmini/2/Train_0005.jpg	2	-1.0,-1.0,1.0,-1.0,1.0,-1.0,1.0,1.0,-1.0,-1.0,1.0,-1.0	-3.9542994,-5.5628614,2.864892,-1.8768096,6.2180066,-0.107666075,3.4096968,3.438175,-0.123093665,-3.568979,0.7608424,-0.6499954
../data/train_data_mmini/2/Train_0006.jpg	2	-1.0,-1.0,1.0,-1.0,1.0,1.0,1.0,1.0,-1.0,-1.0,1.0,1.0	-3.593802,-5.0821004,3.4578063,-1.7100441,5.5542483,0.45453742,3.4004502,2.8940735,-0.22466378,-3.1614094,1.4156178,0.2609728
../data/train_data_mmini/2/Train_0007.jpg	2	-1.0,-1.0,1.0,-1.0,1.0,-1.0,1.0,1.0,-1.0,-1.0,1.0,-1.0	-5.2524266,-7.3806767,3.7305179,-2.4413593,8.246793,-0.06562695,4.418574,4.46365,-0.15546958,-4.5759234,1.0080799,-0.96246094
../data/train_data_mmini/2/Train_0008.jpg	2	-1.0,-1.0,1.0,-1.0,1.0,-1.0,1.0,1.0,-1.0,-1.0,1.0,-1.0	-3.8065507,-5.0750217,3.2465105,-1.9001848,5.8946247,-0.005863566,3.4683807,3.0914035,-0.31499767,-3.1943526,1.2046847,-0.23760803
../data/train_data_mmini/2/Train_0009.jpg	2	-1.0,-1.0,1.0,-1.0,1.0,1.0,1.0,1.0,-1.0,-1.0,1.0,-1.0	-5.2294245,-7.392259,4.02567,-2.262875,8.269933,0.09516604,4.6648784,4.129484,-0.78107804,-4.6259966,1.0093024,-0.5037824
../data/train_data_mmini/3/Train_0010.jpg	3	-1.0,-1.0,1.0,-1.0,1.0,1.0,1.0,1.0,1.0,-1.0,1.0,-1.0	-3.1590998,-4.2896266,2.7805827,-1.7203476,4.911678,0.054792266,2.930113,2.9602723,0.34770232,-2.8187857,1.0124863,-0.3869617
../data/train_data_mmini/3/Train_0011.jpg	3	-1.0,-1.0,1.0,-1.0,1.0,1.0,1.0,1.0,-1.0,-1.0,1.0,1.0	-2.9452507,-4.23192,3.257836,-1.2630183,4.565972,0.4589712,3.2024782,2.175703,-0.45118022,-2.518272,1.523976,0.69187933
../data/train_data_mmini/3/Train_0012.jpg	3	-1.0,-1.0,1.0,-1.0,1.0,-1.0,1.0,1.0,-1.0,-1.0,1.0,-1.0	-4.0512433,-5.99187,2.736293,-1.6176431,6.2716537,-0.034390647,3.412977,3.1700351,-0.79290056,-3.8235111,0.2868031,-0.5274104
../data/train_data_mmini/3/Train_0013.jpg	3	-1.0,-1.0,1.0,-1.0,1.0,-1.0,1.0,1.0,-1.0,-1.0,1.0,-1.0	-3.6661205,-4.871491,2.9345317,-1.7216022,5.6346116,-0.023029808,3.2328606,2.8993468,-0.5367353,-3.0371373,0.8876042,-0.22530507
../data/train_data_mmini/3/Train_0014.jpg	3	-1.0,-1.0,1.0,-1.0,1.0,1.0,1.0,1.0,-1.0,-1.0,1.0,-1.0	-4.536791,-6.0800085,3.4215186,-1.9085032,6.786063,0.034524325,3.751321,3.3043568,-0.4273182,-3.7605596,0.83403915,-0.25539765
../data/train_data_mmini/4/Train_0015.jpg	4	-1.0,-1.0,1.0,-1.0,1.0,-1.0,1.0,1.0,-1.0,-1.0,1.0,-1.0	-4.0010347,-5.419305,2.9066503,-1.9217519,6.1766973,-0.1801251,3.3968084,3.266209,-0.30389994,-3.4322746,0.98643565,-0.3170835
../data/train_data_mmini/4/Train_0016.jpg	4	-1.0,-1.0,1.0,-1.0,1.0,1.0,1.0,1.0,1.0,-1.0,1.0,-1.0	-3.072422,-4.366908,2.5154424,-1.776755,4.9500785,0.088781066,2.875335,2.8463576,0.060353722,-2.4432037,0.72793454,-0.46243352
../data/train_data_mmini/4/Train_0017.jpg	4	-1.0,-1.0,1.0,-1.0,1.0,1.0,1.0,1.0,-1.0,-1.0,1.0,1.0	-3.2098215,-4.9399066,3.686373,-1.4345286,5.0249667,0.928111,3.530517,2.8524487,-0.29049394,-2.883809,1.5728426,0.5385783
../data/train_data_mmini/4/Train_0018.jpg	4	-1.0,-1.0,1.0,-1.0,1.0,1.0,1.0,1.0,-1.0,-1.0,1.0,-1.0	-3.1912088,-4.738656,2.8249643,-1.3148814,5.1601796,0.2585943,2.9397,2.711074,-0.19322754,-2.9925876,1.0346624,-0.29110435
../data/train_data_mmini/4/Train_0019.jpg	4	-1.0,-1.0,1.0,-1.0,1.0,1.0,1.0,1.0,1.0,-1.0,1.0,-1.0	-3.367587,-4.6983714,2.7012012,-2.105888,5.467868,0.0917415,2.9368174,3.5593774,0.100483134,-2.7423942,0.8708482,-0.7136732
../data/train_data_mmini/5/Train_0020.jpg	5	-1.0,-1.0,1.0,-1.0,1.0,1.0,1.0,1.0,-1.0,-1.0,1.0,-1.0	-5.0902143,-7.0533495,3.676163,-2.52642,7.854123,0.019873392,4.2524457,4.328853,-0.023371119,-4.313171,0.93071336,-0.8702672
../data/train_data_mmini/5/Train_0021.jpg	5	-1.0,-1.0,1.0,-1.0,1.0,-1.0,1.0,1.0,-1.0,-1.0,1.0,-1.0	-5.2064805,-7.0490675,3.9617965,-2.255888,7.9357333,-0.10351276,4.547409,3.812604,-0.94034594,-4.334619,1.2378128,-0.31165665
../data/train_data_mmini/5/Train_0022.jpg	5	-1.0,-1.0,1.0,-1.0,1.0,-1.0,1.0,1.0,-1.0,-1.0,1.0,-1.0	-4.9772806,-6.9783463,3.5225165,-2.2238004,7.9028473,-0.06573685,4.212135,4.092097,-0.48038065,-4.379698,0.8700121,-0.8792689
../data/train_data_mmini/5/Train_0023.jpg	5	-1.0,-1.0,1.0,-1.0,1.0,1.0,1.0,1.0,-1.0,-1.0,1.0,-1.0	-4.9717255,-6.9531274,3.5805268,-2.3637016,7.8621397,0.010857616,4.231268,4.139519,-0.3647437,-4.280614,0.9533394,-0.8462726
../data/train_data_mmini/5/Train_0024.jpg	5	-1.0,-1.0,1.0,-1.0,1.0,-1.0,1.0,1.0,-1.0,-1.0,1.0,-1.0	-5.018405,-6.938552,3.3298316,-2.15691,7.7734494,-0.30482534,4.06305,4.0227637,-0.43638957,-4.493086,0.75109404,-0.8809063
../data/train_data_mmini/6/Train_0025.jpg	6	-1.0,-1.0,1.0,-1.0,1.0,-1.0,1.0,1.0,-1.0,-1.0,-1.0,-1.0	-3.7554138,-5.1669245,2.058052,-1.3823128,5.676931,-0.4986641,2.9063349,3.029405,-0.23092104,-3.5146089,-0.15716846,-0.87860864
../data/train_data_mmini/6/Train_0026.jpg	6	-1.0,-1.0,1.0,-1.0,1.0,1.0,1.0,1.0,1.0,-1.0,1.0,-1.0	-3.9890385,-6.4559817,4.6691074,-2.0106823,6.510847,1.4807366,4.2851524,4.1577168,0.31682342,-3.5642722,2.1200538,-0.122370236
../data/train_data_mmini/6/Train_0027.jpg	6	-1.0,-1.0,1.0,-1.0,1.0,1.0,1.0,1.0,-1.0,-1.0,1.0,-1.0	-3.3397572,-4.5498285,2.789935,-1.6820333,5.345288,0.110114045,3.0129251,2.733441,-0.32299262,-2.7864914,0.7621075,-0.27428123
../data/train_data_mmini/6/Train_0028.jpg	6	-1.0,-1.0,1.0,-1.0,1.0,1.0,1.0,1.0,-1.0,-1.0,1.0,1.0	-3.9440732,-5.5281167,3.760194,-1.5538265,6.0034723,0.4458325,3.6942873,2.9551978,-0.27405593,-3.4061708,1.443036,0.1473531
../data/train_data_mmini/6/Train_0029.jpg	6	-1.0,-1.0,1.0,-1.0,1.0,-1.0,1.0,1.0,-1.0,-1.0,1.0,-1.0	-4.0395427,-5.4828157,2.8059618,-1.9531441,6.1727614,-0.65395206,3.304992,3.506527,-0.2541516,-3.8112297,0.533578,-0.87253344
../data/train_data_mmini/7/Train_0030.jpg	7	-1.0,-1.0,1.0,-1.0,1.0,1.0,1.0,1.0,-1.0,-1.0,1.0,-1.0	-4.9719844,-7.0221977,3.675723,-2.4065733,8.031211,0.07312856,4.4159985,4.164028,-0.7751596,-4.1945567,0.8802463,-0.64948875
../data/train_data_mmini/7/Train_0031.jpg	7	-1.0,-1.0,1.0,-1.0,1.0,1.0,1.0,1.0,-1.0,-1.0,1.0,-1.0	-4.8046956,-7.1707196,3.7465444,-1.8532071,7.725024,0.38680148,4.2818894,3.7933347,-0.64208734,-4.6152754,0.99118435,-0.55906844
../data/train_data_mmini/7/Train_0032.jpg	7	-1.0,-1.0,1.0,-1.0,1.0,-1.0,1.0,1.0,-1.0,-1.0,1.0,1.0	-3.9295566,-5.04772,3.0173635,-1.6919369,5.7873597,-0.0076708496,3.4127362,2.531817,-0.78844535,-2.8620834,0.8642426,0.15653789
../data/train_data_mmini/7/Train_0033.jpg	7	-1.0,-1.0,1.0,-1.0,1.0,1.0,1.0,1.0,-1.0,-1.0,1.0,-1.0	-4.6576653,-6.6555734,3.8461337,-2.366513,7.3334837,0.2203237,4.1814237,4.023569,-0.042573545,-4.165879,1.2075616,-0.43801492
../data/train_data_mmini/7/Train_0034.jpg	7	-1.0,-1.0,1.0,-1.0,1.0,-1.0,1.0,1.0,-1.0,-1.0,1.0,-1.0	-3.2189097,-4.3429475,2.3631058,-1.1406622,4.9565735,-0.21085319,2.7819734,2.3889763,-0.41109052,-2.907841,0.5915125,-0.34446618
../data/train_data_mmini/8/Train_0035.jpg	8	-1.0,-1.0,1.0,-1.0,1.0,-1.0,1.0,1.0,-1.0,-1.0,1.0,-1.0	-4.9667296,-6.5298448,3.164093,-2.0489864,7.590641,-0.42109814,4.065086,3.5085707,-0.9315607,-4.1839046,0.39348146,-0.48500553
../data/train_data_mmini/8/Train_0036.jpg	8	-1.0,-1.0,1.0,-1.0,1.0,1.0,1.0,1.0,-1.0,-1.0,1.0,-1.0	-4.9768977,-7.2406735,3.5142944,-1.7389848,7.8188133,0.09736481,4.257373,3.7306082,-0.44442692,-4.930315,0.6155802,-0.45387727
../data/train_data_mmini/8/Train_0037.jpg	8	-1.0,-1.0,1.0,-1.0,1.0,1.0,1.0,1.0,-1.0,-1.0,1.0,-1.0	-4.224525,-6.4977856,3.939161,-1.8676475,6.89971,0.5445354,4.1620245,3.8513532,-0.25228897,-3.9529204,1.3083014,-0.22735171
../data/train_data_mmini/8/Train_0038.jpg	8	-1.0,-1.0,1.0,-1.0,1.0,-1.0,1.0,1.0,-1.0,-1.0,1.0,-1.0	-4.6418285,-6.2204185,3.146026,-2.1898859,7.331676,-0.31543085,3.8818965,3.503208,-0.7558314,-3.9659166,0.6727093,-0.694468
../data/train_data_mmini/8/Train_0039.jpg	8	-1.0,-1.0,1.0,-1.0,1.0,-1.0,1.0,1.0,-1.0,-1.0,1.0,-1.0	-5.0826144,-6.757851,3.4002826,-1.9138432,7.6293364,-0.45390427,4.2355094,3.6123605,-0.8132775,-4.544698,0.4887152,-0.35927328
../data/train_data_mmini/9/Train_0040.jpg	9	-1.0,-1.0,1.0,-1.0,1.0,-1.0,1.0,1.0,-1.0,-1.0,1.0,-1.0	-5.1616178,-7.260739,3.7389123,-2.4669898,8.174223,-0.0946623,4.402151,4.465303,-0.37035957,-4.4391,0.99459964,-0.85768837
../data/train_data_mmini/9/Train_0041.jpg	9	-1.0,-1.0,1.0,-1.0,1.0,1.0,1.0,1.0,1.0,-1.0,1.0,-1.0	-4.410529,-6.124676,3.4957848,-2.1125884,6.6417274,0.1901067,3.763384,3.7671397,0.10268806,-3.8663027,0.8590551,-0.4363303
../data/train_data_mmini/9/Train_0042.jpg	9	-1.0,-1.0,1.0,-1.0,1.0,-1.0,1.0,1.0,-1.0,-1.0,1.0,-1.0	-4.143906,-5.7669907,2.8632913,-1.9444362,6.4466205,-0.22123191,3.3511589,3.6263807,-0.16413991,-3.6228917,0.7286857,-0.8274508
../data/train_data_mmini/9/Train_0043.jpg	9	-1.0,-1.0,1.0,-1.0,1.0,-1.0,1.0,1.0,-1.0,-1.0,1.0,-1.0	-5.262287,-7.158145,3.9187584,-2.2566657,8.08578,-0.07543997,4.491397,4.224481,-0.39140388,-4.5493746,1.0787278,-0.507314
../data/train_data_mmini/9/Train_0044.jpg	9	-1.0,-1.0,1.0,-1.0,1.0,-1.0,1.0,1.0,-1.0,-1.0,1.0,-1.0	-4.5475097,-6.1352158,3.0794063,-2.1273015,6.9568405,-0.37062135,3.706648,3.7374113,-0.3622116,-3.9300714,0.59171987,-0.7349518
../data/train_data_mmini/10/Train_0045.jpg	10	-1.0,-1.0,1.0,-1.0,1.0,-1.0,1.0,1.0,-1.0,-1.0,1.0,-1.0	-3.4998941,-4.6603174,2.0789618,-1.0747794,5.456188,-0.41719985,2.7706833,2.7207682,-0.67608255,-3.242901,0.043605722,-0.580586
../data/train_data_mmini/10/Train_0046.jpg	10	-1.0,-1.0,1.0,-1.0,1.0,-1.0,1.0,1.0,-1.0,-1.0,1.0,-1.0	-2.2665114,-2.8474565,1.9979726,-1.2209587,3.4564328,-0.3277892,2.1404028,1.7464763,-0.13594867,-1.8683901,0.7599913,-0.032902893
../data/train_data_mmini/10/Train_0047.jpg	10	-1.0,-1.0,1.0,-1.0,1.0,-1.0,1.0,1.0,-1.0,-1.0,1.0,-1.0	-4.7617664,-6.4621644,3.106061,-1.5342195,7.145831,-0.42673966,3.8621452,3.4401064,-0.67209053,-4.3781276,0.52958745,-0.5255847
../data/train_data_mmini/10/Train_0048.jpg	10	-1.0,-1.0,1.0,-1.0,1.0,-1.0,1.0,1.0,-1.0,-1.0,-1.0,-1.0	-4.701379,-5.85852,1.4509032,-1.3669518,6.769135,-1.4283651,2.7958686,2.9485073,-0.8704889,-4.333571,-1.0724279,-1.3329109
../data/train_data_mmini/10/Train_0049.jpg	10	-1.0,-1.0,1.0,-1.0,1.0,-1.0,1.0,1.0,-1.0,-1.0,1.0,-1.0	-4.8209567,-6.2511,3.1438525,-2.047786,7.2536964,-0.41396162,3.8923404,3.5439308,-0.6633974,-3.9872258,0.51375383,-0.47151753
