../data/train_data_mmini/1/Train_0000.jpg	1	1.0,-1.0,1.0,-1.0,1.0,1.0,-1.0,-1.0	2.8666081,-0.7789042,0.07985647,-2.2444305,0.058245435,2.7603302,-0.13588092,-0.9906748
../data/train_data_mmini/1/Train_0001.jpg	1	-1.0,-1.0,1.0,-1.0,-1.0,1.0,-1.0,-1.0	-2.210455,-2.3216755,0.49250364,-2.4908576,-2.4013443,4.1496644,-2.8587418,-0.93014145
../data/train_data_mmini/1/Train_0002.jpg	1	1.0,1.0,-1.0,-1.0,-1.0,1.0,-1.0,-1.0	1.1140991,0.9445264,-1.8583927,-0.5830565,-0.13956854,3.4150434,-0.24760978,-2.2863727
../data/train_data_mmini/1/Train_0003.jpg	1	1.0,-1.0,-1.0,-1.0,-1.0,1.0,-1.0,1.0	1.3242127,-1.1000925,-1.237101,-5.144205,-1.4515567,3.3867986,-0.90521395,0.07948649
../data/train_data_mmini/1/Train_0004.jpg	1	1.0,-1.0,-1.0,-1.0,1.0,1.0,-1.0,-1.0	0.6763226,-3.2006028,-0.98971057,-1.9311109,0.43360612,2.1535947,-0.00676772,-1.8912067
../data/train_data_mmini/2/Train_0005.jpg	2	-1.0,-1.0,-1.0,-1.0,-1.0,-1.0,-1.0,-1.0	-0.16232193,-0.8225114,-0.5507965,-1.3824233,-0.97812814,-0.7346877,-2.138269,-1.6627691
../data/train_data_mmini/2/Train_0006.jpg	2	1.0,-1.0,-1.0,1.0,1.0,1.0,-1.0,-1.0	1.4662682,-2.3229432,-2.1612093,0.09723,0.74452114,0.478922,-3.876428,-2.7068484
../data/train_data_mmini/2/Train_0007.jpg	2	1.0,-1.0,1.0,-1.0,1.0,1.0,1.0,-1.0	2.4041417,-2.544722,2.8459194,-3.0374012,0.93216604,1.8259938,0.30200574,-0.09927723
../data/train_data_mmini/2/Train_0008.jpg	2	1.0,-1.0,-1.0,1.0,1.0,1.0,1.0,-1.0	2.0040462,-2.7729607,-0.2518373,0.94944614,0.94142145,0.63543147,0.64475906,-2.2536576
../data/train_data_mmini/2/Train_0009.jpg	2	-1.0,1.0,1.0,-1.0,-1.0,-1.0,-1.0,-1.0	-0.21375304,1.924331,0.78279877,-0.8303212,-0.6706038,-1.8622266,-2.9874623,-0.9934024
../data/train_data_mmini/3/Train_0010.jpg	3	-1.0,-1.0,1.0,-1.0,1.0,1.0,-1.0,-1.0	-1.9176601,-3.6458821,1.060404,-0.15854779,0.71987474,2.1987505,-1.0770137,-3.0704205
../data/train_data_mmini/3/Train_0011.jpg	3	-1.0,-1.0,-1.0,-1.0,-1.0,1.0,1.0,-1.0	-0.36522433,-1.0590391,-1.1803415,-1.2626224,-1.2112497,2.9653087,1.0284504,-4.3167467
../data/train_data_mmini/3/Train_0012.jpg	3	1.0,-1.0,-1.0,-1.0,-1.0,1.0,-1.0,-1.0	0.018238977,-0.26015988,-0.7820174,-0.2698356,-2.8475533,3.1392565,-4.7861414,-3.2304666
../data/train_data_mmini/3/Train_0013.jpg	3	1.0,-1.0,-1.0,1.0,-1.0,1.0,-1.0,-1.0	0.6684432,-0.075278684,-1.3321153,1.3121625,-0.04476013,0.94227016,-3.851803,-1.9291215
../data/train_data_mmini/3/Train_0014.jpg	3	-1.0,-1.0,-1.0,1.0,1.0,1.0,-1.0,-1.0	-1.3743998,-1.5112772,-0.9381416,0.13570936,0.5151874,0.47192472,-0.2433916,-2.427981
../data/train_data_mmini/4/Train_0015.jpg	4	1.0,-1.0,-1.0,-1.0,-1.0,1.0,-1.0,-1.0	2.421329,-1.4181826,-0.988952,-0.14381084,-2.9460309,3.1914065,-2.6979332,-2.5240848
../data/train_data_mmini/4/Train_0016.jpg	4	-1.0,-1.0,-1.0,-1.0,-1.0,1.0,-1.0,-1.0	-0.5600045,-1.4377794,-2.5172682,-3.329213,-0.8545931,1.7312406,-1.1403726,-3.4474137
../data/train_data_mmini/4/Train_0017.jpg	4	1.0,1.0,-1.0,-1.0,-1.0,-1.0,-1.0,-1.0	0.25524852,0.7904166,-2.626737,-1.3553177,-2.4929857,-0.63567746,-2.2237825,-3.5325644
../data/train_data_mmini/4/Train_0018.jpg	4	-1.0,-1.0,1.0,-1.0,1.0,1.0,-1.0,-1.0	-0.3112088,-2.768245,0.6081241,-1.4163455,1.0761286,1.3374882,-0.44688487,-3.7742069
../data/train_data_mmini/4/Train_0019.jpg	4	-1.0,-1.0,-1.0,1.0,-1.0,1.0,-1.0,-1.0	-0.116218,-1.173898,-4.0919333,0.28746456,-0.07375083,2.128383,-4.0676055,-2.724972
../data/train_data_mmini/5/Train_0020.jpg	5	-1.0,-1.0,-1.0,-1.0,-1.0,1.0,-1.0,1.0	-0.76180613,-1.4125974,-2.188125,-2.9201975,-0.54236597,2.0593061,-0.6553483,1.2579961
../data/train_data_mmini/5/Train_0021.jpg	5	1.0,-1.0,-1.0,1.0,-1.0,1.0,1.0,1.0	1.4038767,-0.12884445,-2.237799,0.6410478,-1.7784599,1.9426646,1.9195591,1.8635263
../data/train_data_mmini/5/Train_0022.jpg	5	1.0,-1.0,1.0,-1.0,1.0,1.0,-1.0,-1.0	1.3236333,-1.3324656,1.8894204,-0.27625734,0.27857655,1.4075117,-1.3889817,-0.040345997
../data/train_data_mmini/5/Train_0023.jpg	5	1.0,-1.0,1.0,-1.0,-1.0,1.0,-1.0,1.0	1.7520455,-2.9545376,0.2561102,-3.2061713,-1.2434387,2.1486564,-0.70125824,1.1297784
../data/train_data_mmini/5/Train_0024.jpg	5	1.0,1.0,1.0,-1.0,-1.0,1.0,-1.0,-1.0	1.9425346,1.0767987,0.3235919,-2.2070253,-0.5110613,1.2182949,-0.08270292,-2.0780594
../data/train_data_mmini/6/Train_0025.jpg	6	-1.0,1.0,-1.0,-1.0,-1.0,-1.0,-1.0,-1.0	-1.0235435,0.26254508,-1.8368317,-1.085953,-2.6247745,-0.66301405,-3.579721,-3.4502761
../data/train_data_mmini/6/Train_0026.jpg	6	-1.0,1.0,1.0,-1.0,-1.0,-1.0,1.0,-1.0	-1.8732363,0.19273087,0.11849831,-4.185017,-0.84265435,-0.7310871,0.6594784,-1.3124459
../data/train_data_mmini/6/Train_0027.jpg	6	-1.0,-1.0,-1.0,-1.0,-1.0,1.0,-1.0,-1.0	-2.5638454,-1.4599748,-0.77981603,-1.507538,-1.1471493,0.6342099,-1.6558925,-3.3756006
../data/train_data_mmini/6/Train_0028.jpg	6	1.0,-1.0,-1.0,-1.0,1.0,1.0,1.0,-1.0	0.3313595,-1.2204866,-1.4264752,-0.6193636,0.78440756,0.20401904,1.9536041,-4.389672
../data/train_data_mmini/6/Train_0029.jpg	6	1.0,1.0,1.0,1.0,-1.0,-1.0,-1.0,-1.0	0.6181365,4.402263,0.03494197,0.13528831,-1.6703497,-2.270617,-3.356912,-3.1843088
../data/train_data_mmini/7/Train_0030.jpg	7	1.0,1.0,1.0,-1.0,-1.0,-1.0,-1.0,-1.0	0.7639854,0.1559284,0.40786982,-2.0567832,-2.5593479,-0.28282937,-3.7453804,-0.6137944
../data/train_data_mmini/7/Train_0031.jpg	7	-1.0,1.0,1.0,-1.0,1.0,-1.0,-1.0,-1.0	-0.3782988,0.19354302,0.56291366,-0.6043561,0.95948166,-3.2304652,-0.7901975,-1.5319631
../data/train_data_mmini/7/Train_0032.jpg	7	-1.0,-1.0,-1.0,1.0,-1.0,1.0,1.0,-1.0	-1.9478508,-1.7069972,-1.0024799,0.21375395,-0.38092387,0.62586415,0.32384005,-3.0733542
../data/train_data_mmini/7/Train_0033.jpg	7	-1.0,-1.0,-1.0,-1.0,1.0,-1.0,-1.0,-1.0	-0.6639072,-0.292381,-0.16180362,-3.032666,1.4412929,-0.2884905,-1.6619282,-3.3822
../data/train_data_mmini/7/Train_0034.jpg	7	-1.0,-1.0,-1.0,-1.0,1.0,1.0,1.0,-1.0	-2.634491,-2.8886247,-1.1616148,-1.9506176,0.2612375,2.9308698,1.8665549,-4.4836116
../data/train_data_mmini/8/Train_0035.jpg	8	1.0,1.0,1.0,1.0,-1.0,-1.0,-1.0,-1.0	0.6315691,1.3484066,2.7214308,0.727783,-3.4348028,-0.36122182,-2.5706758,-1.5369608
../data/train_data_mmini/8/Train_0036.jpg	8	1.0,1.0,1.0,-1.0,-1.0,-1.0,-1.0,-1.0	0.16754043,2.934857,1.027093,-0.6340042,-0.72687286,-4.310947,-1.4871854,-1.9159169
../data/train_data_mmini/8/Train_0037.jpg	8	-1.0,1.0,-1.0,-1.0,-1.0,-1.0,1.0,-1.0	-1.2346315,2.0242882,-1.076534,-0.9564542,-1.9780215,-2.37953,1.3544657,-2.678098
../data/train_data_mmini/8/Train_0038.jpg	8	1.0,1.0,1.0,1.0,-1.0,1.0,-1.0,1.0	0.4381236,1.9119072,1.5401539,0.9567887,-4.1096616,0.80451894,-0.6052996,1.1174314
../data/train_data_mmini/8/Train_0039.jpg	8	1.0,1.0,1.0,1.0,-1.0,-1.0,-1.0,-1.0	0.12487339,4.4835515,1.4954224,1.5724187,-2.9342473,-3.0339174,-2.4873664,-2.300798
../data/train_data_mmini/9/Train_0040.jpg	9	1.0,1.0,-1.0,1.0,-1.0,1.0,-1.0,-1.0	2.1087382,0.77144146,-1.1595596,0.25687826,-1.6259197,0.9752766,-0.46202514,-1.6382577
../data/train_data_mmini/9/Train_0041.jpg	9	-1.0,-1.0,-1.0,-1.0,1.0,1.0,-1.0,-1.0	-4.3993106,-0.9576089,-0.1875819,-1.7377304,0.75033367,0.7990861,-0.9052625,-2.3392384
../data/train_data_mmini/9/Train_0042.jpg	9	1.0,-1.0,-1.0,-1.0,-1.0,1.0,-1.0,-1.0	1.1354369,-1.4065852,-1.3206736,-0.3322258,-2.1625648,3.036421,-0.64980054,-2.0701375
../data/train_data_mmini/9/Train_0043.jpg	9	1.0,-1.0,-1.0,1.0,-1.0,-1.0,-1.0,1.0	1.7466192,-1.2275655,-0.018825747,0.939405,-0.7899115,-0.5128825,-1.1470896,0.47685117
../data/train_data_mmini/9/Train_0044.jpg	9	1.0,1.0,-1.0,1.0,-1.0,-1.0,-1.0,-1.0	0.53004986,1.7128294,-1.2844688,0.6491323,-4.337944,-0.27435163,-5.563062,-1.1509354
../data/train_data_mmini/10/Train_0045.jpg	10	1.0,1.0,-1.0,1.0,-1.0,-1.0,-1.0,-1.0	0.052039728,2.8532467,-0.5278114,0.51534235,-1.9285165,-3.784274,-0.2720446,-4.468629
../data/train_data_mmini/10/Train_0046.jpg	10	1.0,1.0,-1.0,1.0,-1.0,-1.0,-1.0,-1.0	0.24395043,3.1689112,-2.149778,1.9339606,-3.7002103,-0.7179148,-0.31427675,-1.750303
../data/train_data_mmini/10/Train_0047.jpg	10	1.0,1.0,-1.0,1.0,-1.0,-1.0,1.0,-1.0	1.199993,2.3538868,-0.8826156,1.7005242,-1.9056131,-4.1463494,2.7768672,-1.919811
../data/train_data_mmini/10/Train_0048.jpg	10	1.0,1.0,-1.0,1.0,-1.0,-1.0,-1.0,-1.0	0.068388134,4.0985312,-0.2179782,2.2948022,-4.48176,-1.9792973,-4.835075,-1.5888064
../data/train_data_mmini/10/Train_0049.jpg	10	-1.0,1.0,1.0,1.0,-1.0,-1.0,-1.0,-1.0	-1.2072017,3.3896914,1.7620333,1.7152317,-3.766298,-2.8437326,-1.072556,-1.3199289
