../data/train_data_mmini/1/Train_0000.jpg	1	-1.0,1.0,1.0,-1.0,-1.0,1.0,-1.0,1.0,-1.0,-1.0,-1.0,-1.0	-1.3064086,2.0614684,1.1173913,-0.7891979,-1.2425894,5.671129,-0.82879525,1.2651036,-0.25836492,-0.5472013,-0.80676407,-4.7845297
../data/train_data_mmini/1/Train_0001.jpg	1	1.0,-1.0,-1.0,-1.0,-1.0,1.0,1.0,1.0,-1.0,-1.0,-1.0,-1.0	0.54788303,-0.49152195,-1.4922702,-2.6681628,-1.0907707,6.476433,1.8243499,2.4485283,-1.1677853,-1.2590086,-1.3255694,-7.3022294
../data/train_data_mmini/1/Train_0002.jpg	1	1.0,1.0,1.0,-1.0,-1.0,1.0,1.0,-1.0,1.0,-1.0,-1.0,-1.0	0.4036631,1.0881932,0.82256395,-0.19002439,-3.714492,8.666213,2.4266744,-1.2087766,2.08155,-1.61575,-1.1420099,-3.8476403
../data/train_data_mmini/1/Train_0003.jpg	1	-1.0,1.0,-1.0,-1.0,-1.0,1.0,-1.0,1.0,-1.0,1.0,-1.0,-1.0	-1.2958926,2.7799654,-0.6789054,-1.3031777,-0.4674181,5.1955743,-0.26114544,3.3388498,-2.8086033,1.2650812,-1.0651015,-7.1236687
../data/train_data_mmini/1/Train_0004.jpg	1	-1.0,1.0,1.0,-1.0,1.0,1.0,-1.0,1.0,-1.0,-1.0,1.0,-1.0	-1.4092593,0.9346839,1.1587344,-1.2836858,0.50706017,6.391189,-2.240925,0.9872509,-0.2614933,-2.0908294,0.35239807,-6.417941
../data/train_data_mmini/2/Train_0005.jpg	2	-1.0,1.0,1.0,1.0,1.0,1.0,1.0,1.0,1.0,-1.0,1.0,-1.0	-0.16787927,0.05400578,0.023940157,0.7603151,1.1788985,4.2083974,3.77835,0.8941887,3.5149064,-1.2125001,0.34371275,-5.119537
../data/train_data_mmini/2/Train_0006.jpg	2	1.0,1.0,-1.0,1.0,1.0,1.0,1.0,-1.0,1.0,1.0,-1.0,-1.0	2.41217,1.1676621,-0.9995139,1.7775437,1.6066873,5.1259575,1.7449677,-0.8130795,1.3675615,3.2254438,-1.7449241,-5.6329207
../data/train_data_mmini/2/Train_0007.jpg	2	-1.0,1.0,-1.0,1.0,-1.0,1.0,-1.0,1.0,-1.0,-1.0,1.0,-1.0	-2.9570959,1.9251156,-0.21057954,0.051752284,-0.5442673,5.3523498,-3.0214221,1.5233188,-2.0025158,-0.29625037,2.0993712,-5.0664907
../data/train_data_mmini/2/Train_0008.jpg	2	-1.0,-1.0,-1.0,1.0,1.0,1.0,-1.0,-1.0,1.0,-1.0,1.0,-1.0	-1.3630674,-1.3718574,-0.11871358,2.3305948,0.4682767,6.9933944,-1.2312734,-2.9868293,1.5905917,-1.1210911,2.1509542,-6.6814528
../data/train_data_mmini/2/Train_0009.jpg	2	1.0,1.0,1.0,-1.0,1.0,1.0,1.0,1.0,1.0,1.0,-1.0,-1.0	0.10399112,0.16031969,0.2375771,-0.22186239,0.76068395,4.161318,2.3252697,0.9818092,1.9267484,0.05064751,-1.5687515,-6.4044247
../data/train_data_mmini/3/Train_0010.jpg	3	1.0,-1.0,-1.0,-1.0,1.0,1.0,1.0,-1.0,-1.0,-1.0,1.0,-1.0	1.2166623,-3.1666331,-1.5734512,-1.0553561,4.15056,3.513286,2.2661016,-1.1614709,-1.5664889,-0.94408315,2.1399727,-7.884591
../data/train_data_mmini/3/Train_0011.jpg	3	-1.0,1.0,1.0,-1.0,-1.0,1.0,1.0,-1.0,1.0,-1.0,1.0,-1.0	-0.47452512,0.9496421,2.9979255,-2.7188325,-2.4584928,10.106652,3.4673162,-0.42411703,2.353515,-5.2877083,1.0528458,-4.3007145
../data/train_data_mmini/3/Train_0012.jpg	3	1.0,1.0,1.0,-1.0,-1.0,1.0,1.0,1.0,1.0,-1.0,-1.0,-1.0	2.4049125,1.5822141,2.661579,-5.5391335,-2.9885015,8.195059,2.5160954,2.5046952,2.9229832,-1.5795697,-6.79271,-4.705834
../data/train_data_mmini/3/Train_0013.jpg	3	1.0,-1.0,-1.0,1.0,1.0,1.0,1.0,-1.0,1.0,1.0,-1.0,-1.0	3.5558681,-1.9611824,-0.81725866,1.3270108,0.4367292,7.1788573,2.729673,-2.865144,2.356949,1.0975107,-2.415285,-6.906928
../data/train_data_mmini/3/Train_0014.jpg	3	1.0,-1.0,1.0,1.0,1.0,1.0,1.0,-1.0,1.0,-1.0,1.0,-1.0	0.12609535,-0.7317198,0.21954401,0.72013575,2.140697,5.2545977,2.8178253,-0.0049580466,3.299737,-2.7471712,1.7685714,-6.1306143
../data/train_data_mmini/4/Train_0015.jpg	4	-1.0,1.0,1.0,-1.0,-1.0,1.0,-1.0,-1.0,1.0,-1.0,-1.0,-1.0	-0.35161352,1.090993,3.8048723,-0.9738579,-2.3404992,8.797399,-0.9811205,-1.605148,3.1098185,-0.55799043,-2.773232,-4.2914333
../data/train_data_mmini/4/Train_0016.jpg	4	-1.0,1.0,-1.0,1.0,-1.0,1.0,1.0,1.0,1.0,-1.0,-1.0,-1.0	-0.983255,1.0868593,-1.7090385,0.2309881,-2.1825466,5.864435,5.21164,2.0796716,0.6778743,-0.484924,-0.019331537,-5.417842
../data/train_data_mmini/4/Train_0017.jpg	4	1.0,1.0,1.0,-1.0,-1.0,1.0,1.0,1.0,1.0,1.0,-1.0,-1.0	2.5316203,1.4243978,0.028725851,-1.1474074,-1.9354414,8.275922,4.9143577,0.16028999,3.7594943,0.6168598,-3.9660828,-5.360073
../data/train_data_mmini/4/Train_0018.jpg	4	-1.0,-1.0,1.0,-1.0,1.0,1.0,1.0,-1.0,1.0,-1.0,1.0,-1.0	-0.8017128,-1.053655,1.1418849,-0.095080025,0.9847636,3.403795,2.7366848,-0.40959683,2.1611564,-2.2082782,1.6154885,-3.4951458
../data/train_data_mmini/4/Train_0019.jpg	4	1.0,1.0,-1.0,1.0,1.0,1.0,1.0,-1.0,1.0,1.0,-1.0,-1.0	2.5805047,1.0822324,-1.5912193,2.2093604,1.1130116,6.8308587,1.6553187,-0.018525092,3.394859,2.079797,-2.0943394,-6.4036217
../data/train_data_mmini/5/Train_0020.jpg	5	-1.0,1.0,-1.0,1.0,-1.0,1.0,-1.0,1.0,-1.0,1.0,1.0,-1.0	-1.4769562,1.2615756,-2.8674812,0.11750838,-0.46972293,6.117016,-0.60887396,3.914342,-1.564166,0.12563437,0.33105123,-8.707368
../data/train_data_mmini/5/Train_0021.jpg	5	-1.0,1.0,1.0,1.0,1.0,1.0,-1.0,-1.0,1.0,-1.0,1.0,-1.0	-0.7629444,0.30261046,1.7531127,0.7358948,0.57723147,10.184662,-0.9371971,-1.1128496,0.65463436,-0.41276655,0.43716508,-9.180406
../data/train_data_mmini/5/Train_0022.jpg	5	-1.0,1.0,-1.0,1.0,1.0,1.0,-1.0,1.0,1.0,1.0,1.0,-1.0	-1.0215049,0.6965441,-1.0834051,1.1094873,0.52910966,4.05837,-2.328776,0.5223103,0.25135857,0.47355,0.38066792,-5.4853225
../data/train_data_mmini/5/Train_0023.jpg	5	-1.0,1.0,-1.0,-1.0,-1.0,1.0,-1.0,1.0,-1.0,1.0,1.0,-1.0	-2.0644364,1.5000105,-0.7676626,-0.47159892,-0.07463867,4.6959105,-2.5304313,2.268454,-3.4831343,1.6915591,0.33194312,-6.616791
../data/train_data_mmini/5/Train_0024.jpg	5	-1.0,1.0,1.0,-1.0,1.0,1.0,1.0,1.0,-1.0,-1.0,-1.0,-1.0	-0.8810321,1.6954206,2.6380916,-1.9950547,0.13980925,7.035105,0.06843367,0.72563934,-0.06624272,-1.8890291,-0.6748761,-5.893545
../data/train_data_mmini/6/Train_0025.jpg	6	1.0,1.0,-1.0,-1.0,1.0,1.0,1.0,-1.0,1.0,1.0,-1.0,-1.0	3.4588532,1.1326922,-0.33073646,-1.642683,1.674342,5.947078,7.3973885,-0.058211736,0.9000683,0.57316774,-0.62445027,-5.240621
../data/train_data_mmini/6/Train_0026.jpg	6	-1.0,1.0,1.0,-1.0,1.0,1.0,1.0,1.0,1.0,-1.0,1.0,-1.0	-1.1141794,0.42740226,0.73753756,-1.693661,1.109122,4.491947,3.4673603,2.1298294,1.0419983,-2.6544585,0.61683905,-6.118315
../data/train_data_mmini/6/Train_0027.jpg	6	1.0,-1.0,-1.0,-1.0,1.0,1.0,1.0,1.0,1.0,-1.0,1.0,-1.0	0.99368036,-1.0675739,-0.58393574,-1.9255319,2.0044632,4.562134,5.699776,0.9801051,0.7706759,-2.4249249,1.625946,-6.496726
../data/train_data_mmini/6/Train_0028.jpg	6	-1.0,1.0,1.0,1.0,1.0,1.0,1.0,-1.0,1.0,-1.0,1.0,-1.0	-1.2249876,0.42722663,0.2908785,0.17857876,0.056977816,7.0212746,2.450484,-0.7891338,1.2125467,-4.0041585,3.7678685,-5.182334
../data/train_data_mmini/6/Train_0029.jpg	6	1.0,-1.0,1.0,-1.0,1.0,1.0,1.0,-1.0,1.0,1.0,-1.0,-1.0	4.1234455,-1.3174361,1.3666921,-1.101174,0.6983054,4.8175893,4.674966,-2.8376765,1.9947397,2.0686522,-3.8957314,-4.3581076
../data/train_data_mmini/7/Train_0030.jpg	7	1.0,1.0,-1.0,1.0,-1.0,1.0,1.0,1.0,1.0,1.0,-1.0,-1.0	0.41038042,1.836498,-0.5950862,0.18845683,-0.94500166,5.520709,3.1038733,1.9458197,2.2860305,1.5849059,-2.0151634,-4.841392
../data/train_data_mmini/7/Train_0031.jpg	7	1.0,-1.0,-1.0,1.0,1.0,1.0,1.0,1.0,1.0,-1.0,-1.0,-1.0	1.7217681,-1.3427421,-1.7896961,0.17696069,1.9003689,5.0861707,5.4853444,0.15783234,2.076981,-0.4599778,-1.2529708,-8.272652
../data/train_data_mmini/7/Train_0032.jpg	7	1.0,-1.0,1.0,-1.0,1.0,1.0,1.0,-1.0,1.0,-1.0,1.0,-1.0	0.45902455,-1.4108446,2.1550064,-1.3709035,1.2754487,8.15969,4.7181463,-0.09216141,5.5766544,-6.081735,0.05181366,-7.4831133
../data/train_data_mmini/7/Train_0033.jpg	7	-1.0,1.0,1.0,-1.0,1.0,1.0,1.0,1.0,1.0,-1.0,-1.0,-1.0	-0.18449534,1.4441624,0.53667015,-1.4626858,0.83930814,2.5978785,3.4071245,2.3628337,1.3095269,-1.6767119,-0.39977127,-4.5009336
../data/train_data_mmini/7/Train_0034.jpg	7	-1.0,-1.0,1.0,-1.0,1.0,1.0,1.0,-1.0,1.0,-1.0,1.0,-1.0	-0.73375595,-0.39161223,1.4667119,-2.164122,2.5420911,8.657467,4.3867693,-0.3286308,0.24488218,-6.659467,5.6083612,-7.2145157
../data/train_data_mmini/8/Train_0035.jpg	8	1.0,-1.0,1.0,-1.0,1.0,1.0,1.0,-1.0,1.0,-1.0,-1.0,-1.0	1.7320677,-1.6241417,1.5522921,-0.2468159,1.9017155,4.4110603,1.8887682,-2.453994,2.8409216,-0.70453846,-0.8486593,-4.8478894
../data/train_data_mmini/8/Train_0036.jpg	8	1.0,-1.0,-1.0,1.0,1.0,1.0,1.0,-1.0,1.0,-1.0,1.0,-1.0	1.0876225,-0.040211007,-0.1317167,0.6496045,1.2788417,3.732661,6.213299,-0.22661623,4.282174,-1.6244802,0.5733001,-4.1893983
../data/train_data_mmini/8/Train_0037.jpg	8	-1.0,-1.0,1.0,-1.0,1.0,1.0,1.0,-1.0,1.0,-1.0,1.0,-1.0	-0.12663987,-0.18069464,1.8424505,-2.0312266,0.18263906,8.386224,5.9931564,-0.38039476,1.5989496,-4.0132113,1.4044714,-6.953061
../data/train_data_mmini/8/Train_0038.jpg	8	1.0,-1.0,-1.0,1.0,1.0,1.0,1.0,-1.0,1.0,-1.0,-1.0,-1.0	1.2053043,-1.3991984,-0.8823942,0.5398157,0.783396,5.452169,2.803445,-1.3509632,2.0404282,-0.40711606,-1.1990676,-7.4179506
../data/train_data_mmini/8/Train_0039.jpg	8	1.0,-1.0,1.0,-1.0,1.0,1.0,1.0,-1.0,1.0,-1.0,-1.0,-1.0	3.222192,-1.5806757,2.890477,-1.6808383,1.4970673,4.647066,4.1870236,-2.120905,4.893931,-1.9629501,-2.3968682,-3.1020532
../data/train_data_mmini/9/Train_0040.jpg	9	-1.0,1.0,1.0,-1.0,-1.0,1.0,-1.0,-1.0,1.0,-1.0,1.0,-1.0	-0.7589863,1.1460608,1.4208814,-0.2038928,-0.96144813,9.336292,-0.88224226,-0.2972489,0.836154,-0.83567876,0.095338576,-7.329732
../data/train_data_mmini/9/Train_0041.jpg	9	1.0,-1.0,-1.0,-1.0,1.0,1.0,1.0,1.0,1.0,-1.0,1.0,-1.0	1.0493901,-1.2775028,-2.4064698,-0.90517086,0.9388871,4.369559,5.48831,2.305751,2.0703838,-3.7820854,1.1920723,-6.2505116
../data/train_data_mmini/9/Train_0042.jpg	9	1.0,-1.0,1.0,-1.0,-1.0,1.0,1.0,-1.0,1.0,-1.0,-1.0,-1.0	0.046989366,-0.15973431,2.9518442,-1.8164669,-1.2588816,11.311599,0.027846906,-1.8718016,0.38281694,-2.22342,-0.5148858,-7.353114
../data/train_data_mmini/9/Train_0043.jpg	9	-1.0,-1.0,1.0,1.0,1.0,1.0,-1.0,-1.0,1.0,1.0,1.0,-1.0	-0.5166839,-0.5892452,0.0069591785,2.437791,1.1665666,6.5180783,-0.76407427,-1.4024884,2.027423,0.6060261,1.2802829,-6.829036
../data/train_data_mmini/9/Train_0044.jpg	9	1.0,-1.0,1.0,-1.0,1.0,1.0,1.0,-1.0,1.0,1.0,-1.0,-1.0	3.520545,-0.09637243,0.48420304,-1.8776186,0.21885931,7.7270436,2.5698059,-0.22748527,1.4172994,2.1008573,-4.7053666,-7.5018725
../data/train_data_mmini/10/Train_0045.jpg	10	1.0,-1.0,1.0,-1.0,1.0,1.0,1.0,-1.0,1.0,-1.0,-1.0,-1.0	2.9165988,-2.1892965,3.2852938,-1.997325,3.554866,2.4423847,6.50931,-2.1880987,5.7877326,-3.3556652,-1.4914262,-2.6275325
../data/train_data_mmini/10/Train_0046.jpg	10	1.0,-1.0,1.0,-1.0,-1.0,1.0,1.0,-1.0,1.0,-1.0,-1.0,-1.0	2.1408427,-0.5164143,2.75472,-2.0851772,-0.4338366,8.007762,4.1610208,-2.0252206,2.1579874,-1.5364114,-1.8889887,-5.4764943
../data/train_data_mmini/10/Train_0047.jpg	10	1.0,-1.0,1.0,1.0,1.0,1.0,1.0,-1.0,1.0,-1.0,1.0,-1.0	2.2025683,-1.6146028,1.4056898,0.34768912,3.5323157,7.1607904,6.4576287,-3.0166535,4.2524166,-2.6687405,0.7772157,-7.1166077
../data/train_data_mmini/10/Train_0048.jpg	10	1.0,-1.0,1.0,-1.0,1.0,1.0,1.0,-1.0,1.0,-1.0,-1.0,-1.0	4.5720983,-1.4329199,1.9755822,-1.3626163,2.7144809,4.34014,4.6137486,-1.1046112,6.5865045,-1.1871676,-4.2100096,-4.486547
../data/train_data_mmini/10/Train_0049.jpg	10	1.0,-1.0,1.0,-1.0,1.0,1.0,1.0,-1.0,1.0,-1.0,-1.0,-1.0	2.5997145,-1.7314973,2.4249527,-1.709829,2.0794678,6.417834,4.041811,-2.9879022,3.0538585,-2.4330895,-0.45852405,-5.327286
