../data/train_data_mmini/1/Train_0000.jpg	1	-1.0,-1.0,1.0,1.0,-1.0,-1.0,1.0,1.0,1.0,1.0,-1.0,1.0	-0.147077,-0.08311966,0.073848486,0.27631778,-0.051438335,-0.017012948,0.00087574986,0.035997998,0.087882556,0.11452311,-0.02294742,0.029775975
../data/train_data_mmini/1/Train_0001.jpg	1	-1.0,-1.0,1.0,1.0,-1.0,1.0,-1.0,1.0,1.0,1.0,-1.0,1.0	-0.17867544,-0.058233656,0.07458997,0.36843243,-0.026937112,0.017421115,-0.018989213,0.03715245,0.21156225,0.12701026,-0.0009926913,0.047141436
../data/train_data_mmini/1/Train_0002.jpg	1	-1.0,-1.0,1.0,1.0,-1.0,-1.0,1.0,1.0,1.0,1.0,1.0,1.0	-0.07365919,-0.10215628,0.12927815,0.26732382,-0.07514286,-0.013024283,0.040470388,0.012380751,0.123788565,0.11502119,0.009109207,0.045121077
../data/train_data_mmini/1/Train_0003.jpg	1	-1.0,-1.0,1.0,1.0,-1.0,-1.0,-1.0,1.0,1.0,1.0,-1.0,1.0	-0.19264491,-0.0980885,0.056591887,0.32296175,-0.009223713,-0.0039524855,-0.049926393,0.01558343,0.11821523,0.11904716,-0.0040174443,0.030231617
../data/train_data_mmini/1/Train_0004.jpg	1	-1.0,-1.0,1.0,1.0,-1.0,-1.0,1.0,1.0,1.0,1.0,-1.0,1.0	-0.16741693,-0.08511968,0.065477096,0.29635036,-0.01623722,-0.027812371,0.008188005,0.061338346,0.09808251,0.097590365,-0.019252945,0.038117513
../data/train_data_mmini/2/Train_0005.jpg	2	-1.0,-1.0,1.0,1.0,-1.0,-1.0,-1.0,1.0,1.0,1.0,-1.0,1.0	-0.13041186,-0.119820416,0.03486219,0.3443485,-0.123943284,-0.04312577,-0.026067019,0.047106646,0.109890886,0.124177374,-0.014557267,0.054144256
../data/train_data_mmini/2/Train_0006.jpg	2	-1.0,-1.0,1.0,1.0,-1.0,-1.0,1.0,1.0,1.0,1.0,-1.0,1.0	-0.20294683,-0.083368875,0.03171865,0.26733205,-0.0567344,-0.08735489,0.014160692,0.11176024,0.12952456,0.1397171,-0.017706135,0.08915374
../data/train_data_mmini/2/Train_0007.jpg	2	-1.0,-1.0,1.0,1.0,1.0,1.0,1.0,1.0,1.0,1.0,-1.0,1.0	-0.18518926,-0.06777376,0.06524235,0.28693715,0.01974886,0.002871527,0.024726836,0.05801875,0.07096741,0.11801134,-0.047019783,0.0037531483
../data/train_data_mmini/2/Train_0008.jpg	2	-1.0,-1.0,1.0,1.0,-1.0,-1.0,1.0,1.0,1.0,1.0,1.0,1.0	-0.12003567,-0.10104887,0.0898683,0.22884178,-0.003929783,-0.049140196,0.03564235,0.020590868,0.061486345,0.08692052,0.015573043,0.04972043
../data/train_data_mmini/2/Train_0009.jpg	2	-1.0,-1.0,1.0,1.0,-1.0,1.0,-1.0,1.0,1.0,1.0,1.0,1.0	-0.1510676,-0.08779376,0.053185992,0.35080752,-0.017464098,0.02240079,-0.010640639,0.05739973,0.117655665,0.1337897,0.0034431384,0.025664072
../data/train_data_mmini/3/Train_0010.jpg	3	-1.0,-1.0,1.0,1.0,1.0,-1.0,-1.0,1.0,1.0,1.0,1.0,1.0	-0.1314476,-0.09047842,0.0660671,0.21986534,0.025882015,-0.02405873,-0.054309744,0.060515232,0.10544489,0.09943484,0.046774335,0.009317481
../data/train_data_mmini/3/Train_0011.jpg	3	-1.0,-1.0,1.0,1.0,-1.0,-1.0,1.0,1.0,1.0,1.0,1.0,1.0	-0.1251633,-0.12874043,0.17830582,0.3406417,-0.073892996,-0.03219448,0.051884994,0.12127015,0.17105366,0.102938175,0.07208698,0.020007754
../data/train_data_mmini/3/Train_0012.jpg	3	-1.0,-1.0,1.0,1.0,-1.0,-1.0,1.0,1.0,1.0,1.0,1.0,1.0	-0.15785454,-0.109978676,0.09274846,0.44726774,-0.16064763,-0.07477237,0.014643122,0.039895546,0.17294264,0.07003255,0.0660525,0.11062744
../data/train_data_mmini/3/Train_0013.jpg	3	-1.0,-1.0,1.0,1.0,-1.0,-1.0,-1.0,1.0,1.0,1.0,1.0,1.0	-0.13082069,-0.022214472,0.030655226,0.31425005,-0.0673815,-0.06004387,-0.0045023714,0.071143724,0.17488486,0.12718055,0.0712664,0.08949297
../data/train_data_mmini/3/Train_0014.jpg	3	-1.0,-1.0,1.0,1.0,-1.0,-1.0,-1.0,1.0,1.0,1.0,1.0,1.0	-0.13351756,-0.04952333,0.063664176,0.30636054,-0.093709335,-0.05750996,-0.020593954,0.11408316,0.12918165,0.13007975,0.004937749,0.020412037
../data/train_data_mmini/4/Train_0015.jpg	4	-1.0,-1.0,1.0,1.0,-1.0,-1.0,-1.0,1.0,1.0,1.0,1.0,1.0	-0.08103186,-0.07773466,0.06931385,0.30879936,-0.0903526,-0.084906854,-0.009858921,0.03765799,0.10911304,0.08645461,0.06656166,0.061308224
../data/train_data_mmini/4/Train_0016.jpg	4	-1.0,-1.0,1.0,1.0,-1.0,1.0,-1.0,1.0,1.0,1.0,1.0,1.0	-0.097072825,-0.16168529,0.074521415,0.3177269,-0.10033638,0.02119127,-0.0070168907,0.007498763,0.16776787,0.09341141,0.026330657,0.043704588
../data/train_data_mmini/4/Train_0017.jpg	4	-1.0,-1.0,1.0,1.0,-1.0,-1.0,-1.0,1.0,1.0,1.0,1.0,1.0	-0.17582308,-0.10408771,0.068496116,0.37631503,-0.15582658,-0.06542228,-0.022883503,0.010392901,0.17549878,0.15448387,0.062270205,0.09269019
../data/train_data_mmini/4/Train_0018.jpg	4	-1.0,-1.0,1.0,1.0,-1.0,-1.0,1.0,1.0,1.0,1.0,1.0,1.0	-0.05129776,-0.09074858,0.07896842,0.26997218,-0.060189154,-0.013817363,0.009925935,0.05179718,0.09443231,0.117004685,0.035830088,0.05361313
../data/train_data_mmini/4/Train_0019.jpg	4	-1.0,-1.0,1.0,1.0,-1.0,-1.0,-1.0,1.0,1.0,1.0,1.0,1.0	-0.22203085,-0.053658452,0.03301481,0.35572058,-0.092573516,-0.1139713,-0.013546025,0.07324807,0.17212555,0.13864452,0.064250976,0.06358633
../data/train_data_mmini/5/Train_0020.jpg	5	-1.0,-1.0,1.0,1.0,-1.0,1.0,-1.0,1.0,1.0,1.0,-1.0,1.0	-0.21069042,-0.10870913,0.03066323,0.34496114,-0.04609578,0.025075689,-0.027473621,0.05935377,0.13433498,0.17208701,-0.054526906,0.028086986
../data/train_data_mmini/5/Train_0021.jpg	5	-1.0,-1.0,1.0,1.0,-1.0,-1.0,1.0,1.0,1.0,1.0,-1.0,1.0	-0.21084318,-0.1040073,0.098903336,0.31759053,-0.037309937,-0.10696,0.032701854,0.10840256,0.08768656,0.14081237,-0.013244818,0.03168526
../data/train_data_mmini/5/Train_0022.jpg	5	-1.0,-1.0,1.0,1.0,1.0,1.0,-1.0,1.0,1.0,1.0,-1.0,1.0	-0.15589279,-0.05999639,0.026205773,0.25285828,0.031433117,0.015887858,-0.013035892,0.048813242,0.090551004,0.09824376,-0.014141759,0.045598783
../data/train_data_mmini/5/Train_0023.jpg	5	-1.0,-1.0,1.0,1.0,1.0,1.0,-1.0,1.0,1.0,1.0,-1.0,1.0	-0.19980295,-0.031393282,0.045988865,0.25805566,0.00011535333,0.010817329,-0.030764546,0.059781037,0.09181837,0.096977085,-0.05465575,0.036130536
../data/train_data_mmini/5/Train_0024.jpg	5	-1.0,-1.0,1.0,1.0,-1.0,-1.0,1.0,1.0,1.0,1.0,-1.0,1.0	-0.1497805,-0.11738217,0.089223616,0.32924026,-0.048955444,-0.051318143,0.031818055,0.06658371,0.04319919,0.090787046,-0.024649583,0.0044887247
../data/train_data_mmini/6/Train_0025.jpg	6	-1.0,-1.0,1.0,1.0,-1.0,-1.0,-1.0,1.0,1.0,1.0,1.0,1.0	-0.22016177,-0.21937466,0.08917385,0.31848678,-0.068942465,-0.07566509,-0.06194507,0.065919824,0.09952783,0.12192269,0.1014098,0.07345688
../data/train_data_mmini/6/Train_0026.jpg	6	-1.0,-1.0,1.0,1.0,-1.0,1.0,-1.0,1.0,1.0,1.0,-1.0,1.0	-0.18888664,-0.10481943,0.09517056,0.34372452,-0.0027944196,0.026638923,-0.060213238,0.033618078,0.15070377,0.12821458,-0.040764943,0.04443956
../data/train_data_mmini/6/Train_0027.jpg	6	-1.0,-1.0,1.0,1.0,-1.0,-1.0,-1.0,1.0,1.0,1.0,1.0,-1.0	-0.12673168,-0.16251281,0.07184434,0.3026385,-0.07908877,-0.006957192,-0.007979018,0.052304633,0.21169987,0.100402504,0.06031813,-0.02202624
../data/train_data_mmini/6/Train_0028.jpg	6	-1.0,-1.0,1.0,1.0,-1.0,1.0,1.0,1.0,1.0,1.0,1.0,-1.0	-0.116836786,-0.15768678,0.09914377,0.26644182,-0.08827871,0.022954602,0.06307815,0.049729113,0.15350834,0.12196044,0.016162917,-0.016649704
../data/train_data_mmini/6/Train_0029.jpg	6	-1.0,-1.0,1.0,1.0,-1.0,-1.0,-1.0,1.0,1.0,1.0,1.0,1.0	-0.17210856,-0.04502641,0.09164236,0.32261506,-0.030349435,-0.08535736,-0.11139997,0.09212385,0.075635515,0.14331867,0.085904606,0.08097494
../data/train_data_mmini/7/Train_0030.jpg	7	-1.0,-1.0,1.0,1.0,-1.0,-1.0,-1.0,1.0,1.0,1.0,1.0,1.0	-0.18431446,-0.08094222,0.046279922,0.40665668,-0.07451293,-0.019444756,-0.06396075,0.029452026,0.1223166,0.14417079,0.050638508,0.06502092
../data/train_data_mmini/7/Train_0031.jpg	7	-1.0,-1.0,1.0,1.0,-1.0,-1.0,-1.0,1.0,1.0,1.0,-1.0,1.0	-0.18060565,-0.14518538,0.064631715,0.3977581,-0.10574699,-0.03287052,-0.05630857,0.067861505,0.13766012,0.18689328,-0.0070731645,0.10184662
../data/train_data_mmini/7/Train_0032.jpg	7	-1.0,-1.0,1.0,1.0,-1.0,-1.0,1.0,1.0,1.0,1.0,1.0,-1.0	-0.108003326,-0.15878117,0.1354633,0.35772556,-0.103226535,-0.040661573,0.013882293,0.07181525,0.15078755,0.1471188,0.046260577,-0.049076147
../data/train_data_mmini/7/Train_0033.jpg	7	-1.0,-1.0,1.0,1.0,-1.0,1.0,-1.0,1.0,1.0,1.0,-1.0,1.0	-0.19266136,-0.12163074,0.09121317,0.328276,-0.06712318,0.06177055,-0.016861318,0.051132426,0.118139096,0.12968759,-0.065532394,0.022755116
../data/train_data_mmini/7/Train_0034.jpg	7	-1.0,-1.0,1.0,1.0,-1.0,-1.0,1.0,1.0,1.0,1.0,1.0,-1.0	-0.15073049,-0.17592028,0.120845504,0.25681496,-0.0600211,-0.06579093,0.039600953,0.1447871,0.16364808,0.12213976,0.032801677,-0.031889476
../data/train_data_mmini/8/Train_0035.jpg	8	-1.0,-1.0,1.0,1.0,-1.0,-1.0,-1.0,1.0,1.0,1.0,1.0,1.0	-0.12590536,-0.05041585,0.04403814,0.26694736,-0.039122377,-0.072281286,-0.018924521,0.047351487,0.08091054,0.09564942,0.079924986,0.047667082
../data/train_data_mmini/8/Train_0036.jpg	8	-1.0,-1.0,1.0,1.0,-1.0,-1.0,1.0,1.0,1.0,1.0,1.0,1.0	-0.1467621,-0.12545867,0.042012278,0.30789784,-0.12418082,-0.051396895,0.018423984,0.05634442,0.11105091,0.12253946,0.03842681,0.05276448
../data/train_data_mmini/8/Train_0037.jpg	8	-1.0,-1.0,1.0,1.0,-1.0,-1.0,-1.0,1.0,1.0,1.0,1.0,1.0	-0.19005892,-0.1111055,0.09208039,0.34791562,-0.10327143,-0.055778887,-0.016050085,0.12102025,0.09702272,0.16406563,0.013485515,0.0020008252
../data/train_data_mmini/8/Train_0038.jpg	8	-1.0,-1.0,1.0,1.0,-1.0,-1.0,-1.0,1.0,1.0,1.0,1.0,1.0	-0.11516098,-0.044349976,0.04586529,0.29054606,-0.074612394,-0.06431025,-0.07082,0.032844353,0.105882175,0.12930919,0.050668556,0.030496249
../data/train_data_mmini/8/Train_0039.jpg	8	-1.0,-1.0,1.0,1.0,-1.0,-1.0,-1.0,1.0,1.0,1.0,1.0,1.0	-0.11475365,-0.091199,0.023539789,0.3150458,-0.08101269,-0.10597281,-0.010229424,0.053760096,0.11449649,0.07014999,0.122260444,0.070379324
../data/train_data_mmini/9/Train_0040.jpg	9	-1.0,-1.0,1.0,1.0,-1.0,-1.0,1.0,1.0,1.0,1.0,1.0,1.0	-0.20468202,-0.05908533,0.10904803,0.3918224,-0.029638883,-0.068180084,0.012253462,0.08627718,0.06566351,0.13485867,0.016870882,0.018724438
../data/train_data_mmini/9/Train_0041.jpg	9	-1.0,-1.0,1.0,1.0,-1.0,1.0,1.0,1.0,1.0,1.0,-1.0,1.0	-0.18612821,-0.15816002,0.07193917,0.3862745,-0.12312841,0.042988643,0.045672446,0.1083829,0.15704314,0.16085033,-0.028760422,0.015607374
../data/train_data_mmini/9/Train_0042.jpg	9	-1.0,-1.0,1.0,1.0,-1.0,-1.0,1.0,1.0,1.0,1.0,1.0,1.0	-0.1479403,-0.115880005,0.12876648,0.34581625,-0.039422292,-0.10055369,0.06987423,0.07807797,0.090940036,0.07111787,0.033819348,0.021885503
../data/train_data_mmini/9/Train_0043.jpg	9	-1.0,-1.0,1.0,1.0,-1.0,-1.0,1.0,1.0,1.0,1.0,1.0,1.0	-0.17240243,-0.0694417,0.015548501,0.30020928,-0.036930494,-0.07007625,0.022345565,0.05273895,0.07636051,0.12848549,0.0005797826,0.045098156
../data/train_data_mmini/9/Train_0044.jpg	9	-1.0,-1.0,1.0,1.0,-1.0,-1.0,-1.0,1.0,1.0,1.0,1.0,1.0	-0.21545367,-0.098057464,0.057004455,0.35330504,-0.12787157,-0.11651395,-0.047319684,0.042488728,0.1090381,0.094289705,0.032621354,0.0711058
../data/train_data_mmini/10/Train_0045.jpg	10	-1.0,-1.0,1.0,1.0,-1.0,-1.0,-1.0,1.0,1.0,1.0,1.0,1.0	-0.08966661,-0.17771204,0.044610173,0.34432855,-0.15049286,-0.09859372,-0.004983865,0.015374439,0.12868226,0.07736558,0.14834449,0.053813163
../data/train_data_mmini/10/Train_0046.jpg	10	-1.0,-1.0,1.0,1.0,-1.0,-1.0,1.0,1.0,1.0,1.0,1.0,1.0	-0.118721046,-0.10503937,0.07579873,0.23491739,-0.084150515,-0.10216135,0.009922351,0.09328773,0.0994997,0.08156744,0.03650949,0.015343136
../data/train_data_mmini/10/Train_0047.jpg	10	-1.0,-1.0,1.0,1.0,-1.0,-1.0,-1.0,1.0,1.0,1.0,1.0,1.0	-0.17212395,-0.08658826,0.026176454,0.27696976,-0.13297215,-0.17270885,-0.02838386,0.114300154,0.13609457,0.14418945,0.015798146,0.014028827
../data/train_data_mmini/10/Train_0048.jpg	10	-1.0,-1.0,1.0,1.0,-1.0,-1.0,-1.0,1.0,1.0,1.0,1.0,1.0	-0.123387195,-0.110148564,0.06305443,0.3223304,-0.111483075,-0.12796682,-0.0071718954,0.041837066,0.07948899,0.042477313,0.13027361,0.08418184
../data/train_data_mmini/10/Train_0049.jpg	10	-1.0,-1.0,1.0,1.0,-1.0,-1.0,-1.0,1.0,1.0,1.0,1.0,1.0	-0.1399163,-0.025632821,0.047552377,0.27284497,-0.062320735,-0.102240115,-0.00026205194,0.103096046,0.065944314,0.12617274,0.0806454,0.015412963
