../data/train_data_mmini/1/Train_0000.jpg	1	-1.0,1.0,1.0,-1.0,1.0,-1.0,-1.0,-1.0,-1.0,-1.0,1.0,1.0,-1.0,1.0,-1.0,-1.0,1.0,-1.0,-1.0,-1.0,1.0,1.0,1.0,1.0	-6.6637383,4.3598423,0.23041233,-1.5127434,2.9970622,-0.706184,-3.6710494,-3.1420302,-2.9222748,-0.66905314,2.890693,2.9580672,-6.349892,3.59786,-2.8781455,-1.0434755,1.9948791,-1.7291136,-0.04318498,-0.6999103,1.8851396,2.1295927,6.209578,4.739779
../data/train_data_mmini/1/Train_0001.jpg	1	-1.0,1.0,1.0,-1.0,1.0,-1.0,-1.0,-1.0,-1.0,-1.0,1.0,1.0,-1.0,1.0,-1.0,-1.0,1.0,-1.0,1.0,-1.0,1.0,1.0,1.0,1.0	-5.817604,3.908338,0.04617015,-1.5317533,2.7440794,-0.71052283,-3.5052502,-2.8407383,-2.6050756,-0.8778232,2.53999,2.4038115,-5.523719,3.0654285,-2.6576278,-0.9453497,1.6505059,-1.4654822,0.11982496,-0.6549426,1.685531,2.0303226,5.675562,4.1703186
../data/train_data_mmini/1/Train_0002.jpg	1	-1.0,1.0,1.0,-1.0,1.0,-1.0,-1.0,-1.0,-1.0,-1.0,1.0,1.0,-1.0,1.0,-1.0,-1.0,1.0,-1.0,-1.0,-1.0,1.0,1.0,1.0,1.0	-4.9440436,3.116102,0.19264144,-0.9047143,2.1908169,-0.5803012,-2.6915622,-2.0842457,-2.1611006,-0.4014655,2.1739442,1.994943,-4.741712,2.7002218,-2.0226722,-0.7468339,1.3856608,-1.1201684,-0.010258512,-0.43350753,1.2790842,1.643545,4.4924746,3.6309729
../data/train_data_mmini/1/Train_0003.jpg	1	-1.0,1.0,1.0,-1.0,1.0,-1.0,-1.0,-1.0,-1.0,-1.0,1.0,1.0,-1.0,1.0,-1.0,-1.0,1.0,-1.0,1.0,-1.0,1.0,1.0,1.0,1.0	-6.996776,4.489438,0.3540436,-1.4980873,3.0765002,-0.78179616,-3.844419,-3.2818902,-3.0184228,-0.68333584,3.01857,3.0723517,-6.6476626,3.7664447,-2.979404,-1.1373895,2.086202,-1.7721521,0.044515535,-0.71892196,1.8990484,2.247021,6.378878,4.928803
../data/train_data_mmini/1/Train_0004.jpg	1	-1.0,1.0,1.0,-1.0,1.0,-1.0,-1.0,-1.0,-1.0,-1.0,1.0,1.0,-1.0,1.0,-1.0,-1.0,1.0,-1.0,1.0,-1.0,1.0,1.0,1.0,1.0	-6.926637,4.4812922,0.44766527,-1.1078478,3.162582,-0.90593493,-3.9164932,-3.1959617,-3.14877,-0.63084334,2.720137,2.97508,-6.570369,3.6642616,-2.8657322,-1.1479322,1.9157712,-1.6178112,0.2437801,-0.686523,1.956675,2.0463324,6.294091,5.1039534
../data/train_data_mmini/2/Train_0005.jpg	2	-1.0,1.0,1.0,-1.0,1.0,-1.0,-1.0,-1.0,-1.0,-1.0,1.0,1.0,-1.0,1.0,-1.0,-1.0,1.0,-1.0,-1.0,-1.0,1.0,1.0,1.0,1.0	-5.4086413,3.483855,0.3080787,-0.9993065,2.3679843,-0.58481497,-2.993398,-2.3796582,-2.2552598,-0.54543525,2.228627,2.270884,-5.1163416,2.7676818,-2.3159044,-0.8131882,1.6141837,-1.3271109,-0.083313644,-0.3771166,1.3612254,1.7039691,4.825054,3.9530008
../data/train_data_mmini/2/Train_0006.jpg	2	-1.0,1.0,-1.0,-1.0,1.0,-1.0,-1.0,-1.0,-1.0,-1.0,1.0,1.0,-1.0,1.0,-1.0,-1.0,1.0,-1.0,1.0,-1.0,1.0,1.0,1.0,1.0	-4.9157767,3.6947916,-0.51064354,-1.7329198,2.4467015,-0.36727235,-3.0569825,-2.6753902,-2.343951,-1.309853,2.4175456,2.2172778,-4.5064383,2.2378767,-2.7019343,-1.0733771,1.5891551,-1.3423893,0.120785356,-0.47373703,1.4124784,1.6558924,5.2948084,3.4902396
../data/train_data_mmini/2/Train_0007.jpg	2	-1.0,1.0,1.0,-1.0,1.0,-1.0,-1.0,-1.0,-1.0,-1.0,1.0,1.0,-1.0,1.0,-1.0,-1.0,1.0,-1.0,1.0,-1.0,1.0,1.0,1.0,1.0	-7.8320913,4.9264374,0.70649713,-0.75748837,3.4703214,-0.94118446,-4.334959,-3.4010777,-3.440284,-0.49727476,3.0835419,3.378703,-7.4043612,4.0597115,-3.0282402,-1.1665907,2.1764004,-1.7450136,0.027825518,-0.77931297,1.9605665,2.237692,6.711582,5.853632
../data/train_data_mmini/2/Train_0008.jpg	2	-1.0,1.0,1.0,-1.0,1.0,-1.0,-1.0,-1.0,-1.0,-1.0,1.0,1.0,-1.0,1.0,-1.0,-1.0,1.0,-1.0,-1.0,-1.0,1.0,1.0,1.0,1.0	-5.445569,3.450532,0.3563474,-0.4415826,2.5084913,-0.5862476,-3.3185906,-2.4497838,-2.6564002,-0.54201597,2.060348,2.1744683,-5.234266,2.5064464,-2.021664,-0.8676439,1.4531242,-1.3259494,-0.29142478,-0.41841283,1.2398185,1.4273916,5.0090175,4.3480864
../data/train_data_mmini/2/Train_0009.jpg	2	-1.0,1.0,1.0,-1.0,1.0,-1.0,-1.0,-1.0,-1.0,-1.0,1.0,1.0,-1.0,1.0,-1.0,-1.0,1.0,-1.0,-1.0,-1.0,1.0,1.0,1.0,1.0	-7.108402,4.822416,0.17215136,-1.7063743,3.1535306,-0.6560924,-3.982579,-3.4189322,-3.0897691,-0.7363575,3.134745,3.4181406,-6.7777886,3.8743126,-3.215318,-1.1527627,2.212359,-1.8946203,-0.09525764,-0.74223155,2.0357292,2.339558,6.8205595,4.993093
../data/train_data_mmini/3/Train_0010.jpg	3	-1.0,1.0,1.0,1.0,1.0,-1.0,-1.0,-1.0,-1.0,-1.0,1.0,1.0,-1.0,1.0,-1.0,-1.0,1.0,-1.0,1.0,-1.0,1.0,1.0,1.0,1.0	-4.126146,2.6342654,0.32527527,0.047505945,1.7546571,-0.80681664,-2.6860003,-1.5568591,-2.263943,-0.42472094,1.6815224,1.5082133,-4.4173145,1.9062762,-1.5872781,-0.78587055,0.76256067,-0.65168667,0.06085053,-0.6449842,0.6947982,1.3866968,3.750102,3.39823
../data/train_data_mmini/3/Train_0011.jpg	3	-1.0,1.0,1.0,-1.0,1.0,-1.0,-1.0,-1.0,-1.0,-1.0,1.0,1.0,-1.0,1.0,-1.0,-1.0,1.0,-1.0,1.0,-1.0,1.0,1.0,1.0,1.0	-4.788449,3.041351,0.26859957,-1.1401422,2.1735477,-0.63385886,-2.5654385,-2.1871607,-1.8419404,-0.24152185,1.9649807,2.067255,-4.422878,2.9130175,-2.1558185,-0.59563434,1.4097106,-1.25228,0.0953853,-0.5245399,1.4899652,1.5059657,4.269552,3.3247867
../data/train_data_mmini/3/Train_0012.jpg	3	-1.0,1.0,-1.0,-1.0,1.0,-1.0,-1.0,-1.0,-1.0,-1.0,1.0,1.0,-1.0,1.0,-1.0,-1.0,1.0,-1.0,1.0,-1.0,1.0,1.0,1.0,1.0	-6.230699,4.002014,-0.15070817,-1.8315243,2.82152,-0.69915104,-3.2577407,-3.21799,-2.4252374,-0.70193845,2.417998,2.7663007,-5.4836926,3.797035,-3.261396,-0.8972095,1.8551922,-1.436772,0.7250741,-0.89644736,2.3306646,1.7585584,5.663831,4.040915
../data/train_data_mmini/3/Train_0013.jpg	3	-1.0,1.0,1.0,-1.0,1.0,-1.0,-1.0,-1.0,-1.0,-1.0,1.0,1.0,-1.0,1.0,-1.0,-1.0,1.0,-1.0,-1.0,-1.0,1.0,1.0,1.0,1.0	-4.7673507,3.3011243,0.050071094,-1.0453821,2.431416,-0.4442031,-3.0534322,-2.3733504,-2.2921739,-0.7364756,1.8640201,1.978148,-4.5650983,2.2485485,-2.1404798,-0.90446985,1.4443481,-1.2688516,-0.08335495,-0.2607021,1.3360964,1.5246654,4.872426,3.8976736
../data/train_data_mmini/3/Train_0014.jpg	3	-1.0,1.0,1.0,-1.0,1.0,-1.0,-1.0,-1.0,-1.0,-1.0,1.0,1.0,-1.0,1.0,-1.0,-1.0,1.0,-1.0,1.0,-1.0,1.0,1.0,1.0,1.0	-5.6390066,3.758305,0.20552889,-1.1112679,2.4714954,-0.6282385,-3.2079716,-2.5660584,-2.4597816,-0.66784,2.4679236,2.4899385,-5.3978596,2.9008973,-2.5048997,-0.84504044,1.6263101,-1.3757696,0.036918446,-0.46948403,1.4766771,1.8275719,5.2790546,4.0298796
../data/train_data_mmini/4/Train_0015.jpg	4	-1.0,1.0,1.0,-1.0,1.0,-1.0,-1.0,-1.0,-1.0,-1.0,1.0,1.0,-1.0,1.0,-1.0,-1.0,1.0,-1.0,1.0,-1.0,1.0,1.0,1.0,1.0	-6.702652,4.159327,0.3022564,-0.96171093,3.1039438,-0.5878345,-3.5768733,-2.8776846,-2.7139819,-0.56773114,2.5457242,2.7107592,-6.140865,3.3446162,-2.8137488,-0.9023942,1.8897239,-1.6331362,0.013015284,-0.60342306,1.8183825,1.7062333,5.7664557,4.938324
../data/train_data_mmini/4/Train_0016.jpg	4	-1.0,1.0,1.0,-1.0,1.0,-1.0,-1.0,-1.0,-1.0,-1.0,1.0,1.0,-1.0,1.0,-1.0,-1.0,1.0,-1.0,-1.0,-1.0,1.0,1.0,1.0,1.0	-4.420995,2.8325107,0.29947042,-1.028846,2.1087554,-0.5176012,-2.5167737,-2.0888133,-1.7363853,-0.32234666,1.7166463,1.909953,-4.1769056,2.4322598,-1.8415936,-0.5555254,1.3658503,-1.2461714,-0.2665814,-0.3519041,1.1685706,1.3483653,3.9706604,3.2329783
../data/train_data_mmini/4/Train_0017.jpg	4	-1.0,1.0,-1.0,-1.0,1.0,-1.0,-1.0,-1.0,-1.0,-1.0,1.0,1.0,-1.0,1.0,-1.0,-1.0,1.0,-1.0,1.0,-1.0,1.0,1.0,1.0,1.0	-4.437286,3.3875654,-0.50142425,-1.8426363,2.4403872,-0.16744754,-2.8635566,-2.8224082,-2.1708279,-1.2290729,1.9879693,1.9109635,-3.9125774,2.0946941,-2.6488802,-0.8156702,1.442004,-1.2486503,0.32524174,-0.5186972,1.4073036,1.4490405,5.0919213,2.975375
../data/train_data_mmini/4/Train_0018.jpg	4	-1.0,1.0,1.0,-1.0,1.0,-1.0,-1.0,-1.0,-1.0,-1.0,1.0,1.0,-1.0,1.0,-1.0,-1.0,1.0,-1.0,1.0,-1.0,1.0,1.0,1.0,1.0	-4.4895077,2.7816734,0.13461539,-0.589007,2.0727293,-0.559615,-2.5447142,-2.0171816,-1.8138402,-0.45426843,1.659623,1.8651493,-4.2029614,2.3648505,-1.948446,-0.7191361,1.2604336,-1.0266565,0.20927963,-0.29315007,1.2696005,1.3890216,3.9206066,3.3354983
../data/train_data_mmini/4/Train_0019.jpg	4	-1.0,1.0,1.0,-1.0,1.0,-1.0,-1.0,-1.0,-1.0,-1.0,1.0,1.0,-1.0,1.0,-1.0,-1.0,1.0,-1.0,-1.0,-1.0,1.0,1.0,1.0,1.0	-4.9853935,3.377076,0.17329744,-0.8865597,2.5719683,-0.23825003,-3.1652863,-2.3721175,-2.2533832,-0.9126504,1.8480822,1.9500585,-4.6604176,1.9376774,-2.1433682,-0.8237447,1.6060083,-1.409689,-0.47823185,-0.30642465,1.0691837,1.338245,4.9192786,4.2353363
../data/train_data_mmini/5/Train_0020.jpg	5	-1.0,1.0,1.0,-1.0,1.0,-1.0,-1.0,-1.0,-1.0,-1.0,1.0,1.0,-1.0,1.0,-1.0,-1.0,1.0,-1.0,1.0,-1.0,1.0,1.0,1.0,1.0	-7.2295027,4.6238003,0.44043648,-1.1617346,3.2394328,-0.84367895,-4.0766463,-3.2682009,-3.190135,-0.7545623,2.9384995,3.0326095,-6.819527,3.7542822,-2.9713686,-1.1509765,2.0484412,-1.6984372,0.053726792,-0.63465303,1.8368025,2.2831042,6.5142403,5.309524
../data/train_data_mmini/5/Train_0021.jpg	5	-1.0,1.0,1.0,-1.0,1.0,-1.0,-1.0,-1.0,-1.0,-1.0,1.0,1.0,-1.0,1.0,-1.0,-1.0,1.0,-1.0,-1.0,-1.0,1.0,1.0,1.0,1.0	-7.5290675,4.9378986,0.35605106,-1.5613321,3.345956,-0.84423923,-4.002893,-3.5381296,-3.090275,-0.69948214,3.204517,3.4796503,-7.0157957,4.1994205,-3.2993405,-1.0990717,2.3626506,-2.0166008,-0.024231123,-0.6652681,2.0482805,2.3253615,6.8138356,5.4145813
../data/train_data_mmini/5/Train_0022.jpg	5	-1.0,1.0,1.0,-1.0,1.0,-1.0,-1.0,-1.0,-1.0,-1.0,1.0,1.0,-1.0,1.0,-1.0,-1.0,1.0,-1.0,-1.0,-1.0,1.0,1.0,1.0,1.0	-7.1250544,4.653703,0.40178794,-1.0584118,3.2894435,-0.77371705,-4.078863,-3.2069595,-3.225481,-0.7817535,2.8661742,3.010184,-6.788603,3.6186118,-2.799075,-1.1888813,2.0428553,-1.6356218,-0.0067500635,-0.6180422,1.8552941,2.1444688,6.5177054,5.374098
../data/train_data_mmini/5/Train_0023.jpg	5	-1.0,1.0,1.0,-1.0,1.0,-1.0,-1.0,-1.0,-1.0,-1.0,1.0,1.0,-1.0,1.0,-1.0,-1.0,1.0,-1.0,1.0,-1.0,1.0,1.0,1.0,1.0	-7.340526,4.7565556,0.4100794,-1.3630174,3.221244,-0.9130458,-3.9404168,-3.270562,-3.1389453,-0.6405888,3.1250036,3.292671,-6.887653,4.010348,-3.0665061,-1.1797146,2.12744,-1.7064229,0.08713204,-0.7400173,1.9290985,2.347727,6.5068684,5.312854
../data/train_data_mmini/5/Train_0024.jpg	5	-1.0,1.0,1.0,-1.0,1.0,-1.0,-1.0,-1.0,-1.0,-1.0,1.0,1.0,-1.0,1.0,-1.0,-1.0,1.0,-1.0,1.0,-1.0,1.0,1.0,1.0,1.0	-7.5239844,4.711656,0.68511426,-0.8077616,3.1528053,-0.9605354,-3.9697714,-3.321756,-3.3116708,-0.38048786,2.884076,3.4686074,-7.110755,4.193929,-3.1075115,-0.9854316,2.145737,-1.7808859,0.090307534,-0.8226647,2.0312521,2.0159898,6.313607,5.5882783
../data/train_data_mmini/6/Train_0025.jpg	6	-1.0,1.0,1.0,-1.0,1.0,-1.0,-1.0,-1.0,-1.0,-1.0,1.0,1.0,-1.0,1.0,-1.0,-1.0,1.0,-1.0,1.0,-1.0,1.0,1.0,1.0,1.0	-5.17223,3.2719214,0.54842913,-0.7418537,2.11636,-0.7385703,-2.7622323,-2.1108236,-2.0609238,-0.36338875,2.065797,2.2085583,-4.9054093,2.834931,-2.0010777,-0.7836096,1.4810663,-1.2071484,0.06820278,-0.48348358,1.2970282,1.7247804,4.5057745,3.6568525
../data/train_data_mmini/6/Train_0026.jpg	6	-1.0,1.0,-1.0,-1.0,1.0,-1.0,-1.0,-1.0,-1.0,-1.0,1.0,1.0,-1.0,1.0,-1.0,-1.0,1.0,-1.0,1.0,-1.0,1.0,1.0,1.0,1.0	-5.813018,3.9795663,-0.0019547613,-1.2454739,2.7103014,-0.557556,-3.688062,-2.934929,-2.9480917,-0.9973298,2.4074364,2.2329264,-5.622401,2.6572456,-2.7761443,-0.96059084,1.5051892,-1.3397154,0.2549885,-0.72761965,1.5714562,1.8406544,5.797926,4.2613673
../data/train_data_mmini/6/Train_0027.jpg	6	-1.0,1.0,1.0,-1.0,1.0,-1.0,-1.0,-1.0,-1.0,-1.0,1.0,1.0,-1.0,1.0,-1.0,-1.0,1.0,-1.0,-1.0,-1.0,1.0,1.0,1.0,1.0	-4.3975368,2.8821743,0.2384767,-1.0065919,1.7743007,-0.72973055,-2.51892,-1.8735635,-1.668465,-0.39457303,2.1140757,2.0370939,-4.3318195,2.7645917,-1.8285043,-0.7207119,1.2779369,-1.1373129,-0.02089076,-0.54079086,1.0864972,1.7568451,3.9909444,2.9031081
../data/train_data_mmini/6/Train_0028.jpg	6	-1.0,1.0,1.0,-1.0,1.0,-1.0,-1.0,-1.0,-1.0,-1.0,1.0,1.0,-1.0,1.0,-1.0,-1.0,1.0,-1.0,1.0,-1.0,1.0,1.0,1.0,1.0	-5.3652864,3.4480863,0.47059092,-0.83478636,2.4850297,-0.69740045,-3.1198206,-2.4859815,-2.4545488,-0.33231968,2.0948868,2.272437,-5.2439375,2.829039,-2.1817589,-0.7436523,1.467007,-1.273012,0.071663186,-0.48795375,1.4987953,1.6602018,4.9260216,3.99762
../data/train_data_mmini/6/Train_0029.jpg	6	-1.0,1.0,1.0,-1.0,1.0,-1.0,-1.0,-1.0,-1.0,-1.0,1.0,1.0,-1.0,1.0,-1.0,-1.0,1.0,-1.0,-1.0,-1.0,1.0,1.0,1.0,1.0	-5.5775104,3.729926,0.273739,-0.99428374,2.5302205,-0.5189155,-3.1978416,-2.4439454,-2.5387623,-0.6829636,2.3482625,2.3163846,-5.387593,2.7791317,-2.2701132,-1.067843,1.706901,-1.2687235,-0.06725465,-0.43597037,1.4061129,1.7444782,5.2672215,4.15479
../data/train_data_mmini/7/Train_0030.jpg	7	-1.0,1.0,-1.0,-1.0,1.0,-1.0,-1.0,-1.0,-1.0,-1.0,1.0,1.0,-1.0,1.0,-1.0,-1.0,1.0,-1.0,-1.0,-1.0,1.0,1.0,1.0,1.0	-7.0643787,4.8178697,-0.026824888,-2.0972462,3.4173734,-0.48045012,-3.888342,-3.7273583,-2.6140764,-0.91704756,3.1519063,3.3351285,-6.616885,3.8959615,-3.3544734,-1.1477393,2.451118,-2.0828037,-0.366468,-0.5932942,1.9232112,2.1905222,6.8039913,4.9224486
../data/train_data_mmini/7/Train_0031.jpg	7	-1.0,1.0,-1.0,-1.0,1.0,-1.0,-1.0,-1.0,-1.0,-1.0,1.0,1.0,-1.0,1.0,-1.0,-1.0,1.0,-1.0,1.0,-1.0,1.0,1.0,1.0,1.0	-6.189165,4.1588206,-0.06742737,-1.3707776,2.8767087,-0.66066957,-3.6241724,-3.032482,-2.6792464,-0.81210315,2.5126579,2.6950574,-5.6906395,3.2084472,-2.930453,-1.1027404,1.8328687,-1.4604278,0.38748166,-0.64849764,1.894182,2.06729,5.995864,4.364885
../data/train_data_mmini/7/Train_0032.jpg	7	-1.0,1.0,1.0,-1.0,1.0,-1.0,-1.0,-1.0,-1.0,-1.0,1.0,1.0,-1.0,1.0,-1.0,-1.0,1.0,-1.0,-1.0,-1.0,1.0,1.0,1.0,1.0	-5.1177473,3.458716,0.27287355,-1.2889963,2.1770198,-0.65451175,-2.8169038,-2.5091736,-2.0910375,-0.5098712,2.2278998,2.4076371,-4.926816,3.0738106,-2.343884,-0.7354692,1.6243794,-1.5601853,-0.034895986,-0.43665907,1.3534883,1.7286313,4.821667,3.5066473
../data/train_data_mmini/7/Train_0033.jpg	7	-1.0,1.0,1.0,-1.0,1.0,-1.0,-1.0,-1.0,-1.0,-1.0,1.0,1.0,-1.0,1.0,-1.0,-1.0,1.0,-1.0,1.0,-1.0,1.0,1.0,1.0,1.0	-6.4367733,4.38,0.09393084,-1.4463797,2.6831477,-0.6489342,-3.4987912,-3.0006251,-2.8071105,-0.8616746,2.9383802,3.0051606,-6.073577,3.5326009,-3.0748742,-1.0096502,1.9163938,-1.6485392,0.03828767,-0.76328164,1.6653081,2.007593,5.9764724,4.3880506
../data/train_data_mmini/7/Train_0034.jpg	7	-1.0,1.0,1.0,-1.0,1.0,-1.0,-1.0,-1.0,-1.0,1.0,1.0,1.0,-1.0,1.0,-1.0,-1.0,1.0,-1.0,-1.0,-1.0,1.0,1.0,1.0,1.0	-4.4292955,2.5834222,0.8635851,-0.13478938,1.6851236,-1.1282164,-2.2635503,-1.691546,-1.8351753,0.08337671,1.6823707,2.121994,-4.4068,2.878413,-1.4976659,-0.22926709,1.1494414,-0.9360469,-0.06569629,-0.47751743,1.1215154,1.2914671,3.1366525,3.243201
../data/train_data_mmini/8/Train_0035.jpg	8	-1.0,1.0,1.0,-1.0,1.0,-1.0,-1.0,-1.0,-1.0,-1.0,1.0,1.0,-1.0,1.0,-1.0,-1.0,1.0,-1.0,1.0,-1.0,1.0,1.0,1.0,1.0	-6.5198197,4.36818,0.33052847,-1.2118384,2.9078631,-0.724878,-3.5997314,-2.9673367,-2.8160675,-0.6038819,2.8378613,3.0565686,-6.2242465,3.4803102,-2.7800314,-1.0899098,1.9271547,-1.6222142,0.005940883,-0.6711486,1.7934487,2.0408182,6.089013,4.761839
../data/train_data_mmini/8/Train_0036.jpg	8	-1.0,1.0,1.0,-1.0,1.0,-1.0,-1.0,-1.0,-1.0,-1.0,1.0,1.0,-1.0,1.0,-1.0,-1.0,1.0,-1.0,1.0,-1.0,1.0,1.0,1.0,1.0	-6.3820786,4.2759247,0.3082193,-0.9486968,2.7380333,-0.6796681,-3.5473945,-2.8493848,-2.790722,-0.54341227,2.6426752,2.940246,-6.0489683,3.2913346,-2.757896,-1.0012944,1.7883109,-1.4697577,0.11639206,-0.72098714,1.786005,1.9783807,5.881563,4.533398
../data/train_data_mmini/8/Train_0037.jpg	8	-1.0,1.0,1.0,-1.0,1.0,-1.0,-1.0,-1.0,-1.0,-1.0,1.0,1.0,-1.0,1.0,-1.0,-1.0,1.0,-1.0,1.0,-1.0,1.0,1.0,1.0,1.0	-6.4351587,4.1833797,0.330175,-1.0138391,2.921218,-0.6546417,-3.6626234,-2.9414027,-2.7406874,-0.55719715,2.4710474,2.7308338,-5.939367,3.2835844,-2.9174585,-0.80103725,1.784409,-1.5561376,0.12880537,-0.72408915,1.8276838,1.8045154,5.90434,4.6665716
../data/train_data_mmini/8/Train_0038.jpg	8	-1.0,1.0,1.0,-1.0,1.0,-1.0,-1.0,-1.0,-1.0,-1.0,1.0,1.0,-1.0,1.0,-1.0,-1.0,1.0,-1.0,-1.0,-1.0,1.0,1.0,1.0,1.0	-6.248662,4.0511007,0.33695707,-1.25356,2.801314,-0.7926484,-3.455762,-2.811137,-2.6014297,-0.47850788,2.6913161,2.805164,-5.994725,3.375977,-2.6367033,-0.94797647,1.842862,-1.6357026,-0.15837716,-0.5516859,1.628826,1.9823382,5.676851,4.5097327
../data/train_data_mmini/8/Train_0039.jpg	8	-1.0,1.0,1.0,-1.0,1.0,-1.0,-1.0,-1.0,-1.0,-1.0,1.0,1.0,-1.0,1.0,-1.0,-1.0,1.0,-1.0,1.0,-1.0,1.0,1.0,1.0,1.0	-6.6703467,4.558811,0.18160802,-1.4099128,3.029507,-0.6322696,-3.6709893,-3.0865927,-2.9185643,-0.73522586,2.9312801,3.1011658,-6.275881,3.6440735,-3.0656943,-1.1543938,1.9843897,-1.6200906,0.13282163,-0.72212654,1.9473727,2.1546888,6.3181357,4.6603475
../data/train_data_mmini/9/Train_0040.jpg	9	-1.0,1.0,1.0,-1.0,1.0,-1.0,-1.0,-1.0,-1.0,-1.0,1.0,1.0,-1.0,1.0,-1.0,-1.0,1.0,-1.0,-1.0,-1.0,1.0,1.0,1.0,1.0	-7.84676,5.0630927,0.5654368,-0.9927293,3.5607703,-0.7680913,-4.3589306,-3.526418,-3.4109595,-0.62305146,3.0037518,3.3427403,-7.2829514,3.959764,-3.185348,-1.1713475,2.272211,-1.8407786,-0.0021772694,-0.68631285,2.0579453,2.1228848,7.016012,5.9545197
../data/train_data_mmini/9/Train_0041.jpg	9	-1.0,1.0,1.0,-1.0,1.0,-1.0,-1.0,-1.0,-1.0,-1.0,1.0,1.0,-1.0,1.0,-1.0,-1.0,1.0,-1.0,1.0,-1.0,1.0,1.0,1.0,1.0	-5.268199,3.3456695,0.30625454,-0.7156482,2.2936046,-0.695278,-3.08295,-2.316915,-2.365316,-0.54422385,2.0827196,2.2004788,-4.9278655,2.7328725,-2.180406,-0.8357833,1.4047052,-1.1845361,0.17093416,-0.527674,1.3585293,1.7674643,4.7602043,3.8411696
../data/train_data_mmini/9/Train_0042.jpg	9	-1.0,1.0,1.0,-1.0,1.0,-1.0,-1.0,-1.0,-1.0,-1.0,1.0,1.0,-1.0,1.0,-1.0,-1.0,1.0,-1.0,1.0,-1.0,1.0,1.0,1.0,1.0	-6.854725,4.1188717,0.6395432,-0.3621809,3.1595895,-0.7767077,-3.8065848,-2.9317422,-2.925725,-0.2922573,2.2740097,2.776748,-6.185547,3.4256756,-2.6408741,-0.93678284,1.8464454,-1.4979997,0.23218761,-0.6116238,1.8708405,1.7100853,5.7156315,5.3760576
../data/train_data_mmini/9/Train_0043.jpg	9	-1.0,1.0,1.0,-1.0,1.0,-1.0,-1.0,-1.0,-1.0,-1.0,1.0,1.0,-1.0,1.0,-1.0,-1.0,1.0,-1.0,-1.0,-1.0,1.0,1.0,1.0,1.0	-7.260152,4.8046947,0.32792994,-1.0861114,3.404679,-0.7239704,-4.1646976,-3.2550383,-3.348295,-0.8766524,3.032632,3.00545,-6.8945436,3.5378032,-3.0237033,-1.2562791,2.075453,-1.6500828,-0.05525671,-0.554144,1.8576338,2.1674867,6.709832,5.4926734
../data/train_data_mmini/9/Train_0044.jpg	9	-1.0,1.0,1.0,-1.0,1.0,-1.0,-1.0,-1.0,-1.0,-1.0,1.0,1.0,-1.0,1.0,-1.0,-1.0,1.0,-1.0,1.0,-1.0,1.0,1.0,1.0,1.0	-6.6667814,4.4654527,0.28707957,-1.2988508,3.0716848,-0.62190825,-3.7700322,-3.0181186,-2.9642231,-0.8132791,2.7649717,2.761793,-6.2126317,3.38718,-2.9116375,-1.1962062,2.0131798,-1.5803376,0.09382062,-0.6088589,1.8579824,2.036326,6.3064637,4.8717866
../data/train_data_mmini/10/Train_0045.jpg	10	-1.0,1.0,1.0,-1.0,1.0,-1.0,-1.0,-1.0,-1.0,-1.0,1.0,1.0,-1.0,1.0,-1.0,-1.0,1.0,-1.0,-1.0,-1.0,1.0,1.0,1.0,1.0	-4.45062,2.9583614,0.42933655,-0.5992154,1.817923,-0.47347158,-2.491765,-1.9600371,-1.9139607,-0.15892957,1.9236327,2.129532,-4.3741117,2.4451418,-1.8814973,-0.68704945,1.2929039,-1.093757,-0.074026935,-0.49398372,1.2001207,1.389177,3.9573505,3.2019758
../data/train_data_mmini/10/Train_0046.jpg	10	-1.0,1.0,1.0,-1.0,1.0,-1.0,-1.0,-1.0,-1.0,-1.0,1.0,1.0,-1.0,1.0,-1.0,-1.0,1.0,-1.0,-1.0,-1.0,1.0,1.0,1.0,1.0	-3.6583643,2.4199748,0.26980022,-0.6754992,1.6163847,-0.3682033,-2.020703,-1.6032704,-1.5593233,-0.31442326,1.5829593,1.5407286,-3.485562,2.0571373,-1.6319892,-0.6341473,1.1329677,-0.91098243,-0.06634583,-0.2901716,0.90085566,1.1706295,3.401795,2.6516418
../data/train_data_mmini/10/Train_0047.jpg	10	-1.0,1.0,1.0,-1.0,1.0,-1.0,-1.0,-1.0,-1.0,-1.0,1.0,1.0,-1.0,1.0,-1.0,-1.0,1.0,-1.0,-1.0,-1.0,1.0,1.0,1.0,1.0	-6.0780272,3.9603946,0.4992773,-0.87997884,2.682328,-0.82270676,-3.3843014,-2.7534187,-2.580924,-0.36879542,2.5886037,2.8278382,-5.7965236,3.310725,-2.5507026,-0.9220862,1.759295,-1.6157507,-0.07051219,-0.5179668,1.5793655,1.9462785,5.42583,4.4716606
../data/train_data_mmini/10/Train_0048.jpg	10	-1.0,1.0,1.0,-1.0,1.0,-1.0,-1.0,-1.0,-1.0,1.0,1.0,1.0,-1.0,1.0,-1.0,-1.0,1.0,-1.0,1.0,-1.0,1.0,1.0,1.0,1.0	-5.6307607,3.4093294,0.7263561,-0.40996242,2.318144,-0.9584394,-2.9181125,-2.233963,-2.177166,0.051034845,2.2740016,2.6965115,-5.389735,3.448259,-2.1225543,-0.8378173,1.6791286,-1.1591054,0.024808628,-0.5844696,1.488349,1.7657802,4.4062586,4.0501866
../data/train_data_mmini/10/Train_0049.jpg	10	-1.0,1.0,1.0,-1.0,1.0,-1.0,-1.0,-1.0,-1.0,-1.0,1.0,1.0,-1.0,1.0,-1.0,-1.0,1.0,-1.0,-1.0,-1.0,1.0,1.0,1.0,1.0	-6.495188,4.318792,0.39337167,-1.1626852,2.9986174,-0.68527263,-3.6726844,-3.0130286,-2.829718,-0.57169914,2.760626,2.958913,-6.18182,3.4611228,-2.8318644,-1.0945858,1.947077,-1.6153963,-0.043271735,-0.53082687,1.7486931,1.9725692,5.9982715,4.7083397
