../data/train_data_mmini/1/Train_0000.jpg	1	-1.0,-1.0,1.0,-1.0,-1.0,1.0,-1.0,-1.0,-1.0,-1.0,-1.0,1.0	-1.0426575,-3.3535967,1.7265708,-0.2890929,-1.1087308,0.3629056,-1.7514656,-0.2509,-0.7044504,-2.840475,-0.9141509,1.1961784
../data/train_data_mmini/1/Train_0001.jpg	1	-1.0,-1.0,1.0,-1.0,-1.0,1.0,1.0,-1.0,1.0,-1.0,-1.0,1.0	-0.42291474,-1.6614693,0.25477687,-0.289621,-0.20704533,0.9526374,0.88791806,-0.29857805,0.9380978,-2.0439115,-0.19728896,3.0651152
../data/train_data_mmini/1/Train_0002.jpg	1	1.0,-1.0,1.0,-1.0,-1.0,-1.0,1.0,-1.0,1.0,-1.0,-1.0,1.0	0.474014,-2.1456974,2.9492204,-1.3962717,-0.7498239,-1.7598544,1.2441689,-1.1573462,1.1836454,-1.6238092,-0.3233446,0.43276554
../data/train_data_mmini/1/Train_0003.jpg	1	-1.0,-1.0,1.0,1.0,1.0,1.0,-1.0,1.0,-1.0,-1.0,1.0,1.0	-2.036542,-3.260961,1.996518,0.09361805,0.3718024,0.949062,-0.2304465,1.5990775,-2.5420191,-1.3685068,0.039154477,3.0279014
../data/train_data_mmini/1/Train_0004.jpg	1	-1.0,1.0,1.0,1.0,1.0,1.0,-1.0,1.0,-1.0,-1.0,-1.0,1.0	-0.5107793,0.5654081,2.6174166,0.73539895,0.45118815,0.38404056,-1.2049875,1.0495961,-0.7474232,-3.2040381,-1.533709,1.7058972
../data/train_data_mmini/2/Train_0005.jpg	2	1.0,-1.0,-1.0,-1.0,1.0,1.0,-1.0,-1.0,-1.0,1.0,-1.0,1.0	0.8039573,-1.1751722,-2.4453185,-1.1832812,0.69343275,1.1832331,-0.26939946,-0.93864995,-0.0047733053,0.16130406,-1.7046522,1.1855731
../data/train_data_mmini/2/Train_0006.jpg	2	1.0,-1.0,1.0,-1.0,-1.0,1.0,1.0,-1.0,-1.0,1.0,-1.0,-1.0	0.73309743,-1.0224022,1.4835227,-2.4110484,-2.139967,1.2872877,0.6564981,-0.6043802,-1.9376711,0.9722086,-2.5239985,-0.24354917
../data/train_data_mmini/2/Train_0007.jpg	2	-1.0,-1.0,1.0,1.0,-1.0,1.0,-1.0,1.0,-1.0,-1.0,-1.0,1.0	-0.89463323,-2.197579,1.8071696,0.612783,-0.28773066,0.5897554,-4.636621,1.8254311,-0.58136433,-2.248662,-2.1949563,0.332375
../data/train_data_mmini/2/Train_0008.jpg	2	1.0,1.0,1.0,-1.0,-1.0,-1.0,-1.0,-1.0,1.0,1.0,1.0,1.0	0.9786736,1.1025442,1.4284294,-2.663073,-1.0173929,-0.68317884,-1.8455653,-2.4839215,0.2598746,0.5911214,0.56532705,0.9501814
../data/train_data_mmini/2/Train_0009.jpg	2	1.0,-1.0,-1.0,-1.0,-1.0,1.0,-1.0,1.0,1.0,-1.0,-1.0,-1.0	0.09266026,-0.7848131,-3.6323154,-1.4516468,-2.9269316,0.24466152,-2.460829,0.59326196,0.030355109,-2.377035,-0.04146356,-0.14201644
../data/train_data_mmini/3/Train_0010.jpg	3	-1.0,1.0,-1.0,-1.0,-1.0,-1.0,-1.0,1.0,-1.0,1.0,1.0,1.0	-1.6942238,3.297429,-0.3705856,-0.85669625,-1.2185416,-0.3582009,-1.8186975,0.9899223,-0.81662756,0.8533471,0.7523393,1.3460073
../data/train_data_mmini/3/Train_0011.jpg	3	1.0,1.0,1.0,1.0,1.0,-1.0,1.0,-1.0,1.0,-1.0,-1.0,1.0	0.0688013,0.62038416,1.8530021,0.23113994,0.71726584,-2.8223877,0.13202807,-1.8527015,1.3000785,-1.6018548,-2.4963353,1.2378353
../data/train_data_mmini/3/Train_0012.jpg	3	-1.0,-1.0,1.0,1.0,-1.0,1.0,1.0,1.0,-1.0,-1.0,-1.0,1.0	-0.6444675,-1.266087,0.55771416,1.2311414,-0.12719336,0.27848664,3.3111413,0.23134257,-0.34271356,-4.154641,-2.9468482,1.5007904
../data/train_data_mmini/3/Train_0013.jpg	3	1.0,-1.0,1.0,-1.0,-1.0,1.0,1.0,-1.0,1.0,1.0,-1.0,-1.0	1.7440113,-1.5154252,0.78114164,-1.9943575,-2.8050976,1.4613727,2.086368,-1.2042357,0.63913345,0.0077229002,-0.39834785,-1.5216167
../data/train_data_mmini/3/Train_0014.jpg	3	1.0,1.0,-1.0,-1.0,1.0,-1.0,-1.0,-1.0,1.0,-1.0,-1.0,1.0	1.7385464,1.6299437,-0.5294317,-1.9133911,0.3483405,-0.35256928,-0.21729283,-0.84178436,0.9577412,-1.454922,-1.2946888,1.0423038
../data/train_data_mmini/4/Train_0015.jpg	4	-1.0,-1.0,1.0,-1.0,-1.0,1.0,1.0,-1.0,-1.0,-1.0,-1.0,-1.0	-0.950974,-1.8903562,1.3971556,-0.06513756,-0.80433166,0.44679588,0.16515799,-2.558942,-1.2996651,-2.716992,-0.11416814,-0.36247903
../data/train_data_mmini/4/Train_0016.jpg	4	1.0,-1.0,-1.0,-1.0,1.0,-1.0,1.0,-1.0,1.0,1.0,1.0,1.0	0.5423678,-3.6496317,-1.3604312,-3.2883484,0.9418944,-0.7128129,0.3155381,-1.9233512,0.9228252,1.3762031,1.3420984,2.9811037
../data/train_data_mmini/4/Train_0017.jpg	4	1.0,-1.0,-1.0,-1.0,-1.0,-1.0,1.0,-1.0,1.0,1.0,-1.0,1.0	0.06771095,-1.9707476,-1.0886168,-0.6854498,-0.5206158,-0.15894496,2.4156613,-1.3551713,0.2869762,0.89206886,-1.5165437,0.84625405
../data/train_data_mmini/4/Train_0018.jpg	4	-1.0,1.0,-1.0,-1.0,1.0,-1.0,-1.0,-1.0,1.0,1.0,-1.0,1.0	-0.41735852,0.06431369,-1.7782387,-2.0879517,0.15019621,-0.60745585,-2.9089127,-1.4468226,0.029427288,0.09300012,-0.07548438,2.2645974
../data/train_data_mmini/4/Train_0019.jpg	4	1.0,1.0,1.0,-1.0,-1.0,1.0,1.0,1.0,-1.0,-1.0,-1.0,-1.0	1.721429,1.1794102,1.8487394,-0.99750096,-0.4909925,1.2130067,3.6201348,1.6084108,-1.3800261,-0.055552647,-2.909445,-0.11253572
../data/train_data_mmini/5/Train_0020.jpg	5	1.0,-1.0,1.0,-1.0,1.0,1.0,1.0,1.0,-1.0,-1.0,-1.0,1.0	0.38984022,-1.2906046,0.9383111,-0.32962155,0.746293,0.89553726,0.11555263,2.0454078,-0.34375504,-2.782714,-0.5036459,2.348242
../data/train_data_mmini/5/Train_0021.jpg	5	1.0,-1.0,1.0,1.0,1.0,1.0,1.0,-1.0,-1.0,-1.0,1.0,-1.0	2.0260105,-0.93995994,1.7920184,1.7895725,0.09789529,1.9454694,0.048014604,-1.0434182,-0.07740958,-0.80465066,1.0501786,-1.4932488
../data/train_data_mmini/5/Train_0022.jpg	5	-1.0,-1.0,1.0,-1.0,-1.0,1.0,-1.0,1.0,-1.0,-1.0,-1.0,1.0	-0.086717345,-0.2596706,0.5077458,-1.1866753,-1.9126877,1.2820431,-3.5689008,1.6672151,-1.0126206,-1.5465959,-2.1750112,0.34632993
../data/train_data_mmini/5/Train_0023.jpg	5	-1.0,-1.0,1.0,-1.0,-1.0,1.0,-1.0,1.0,-1.0,-1.0,1.0,1.0	-1.1911095,-1.3435459,1.9501363,-0.7142481,-0.6498642,1.4638497,-2.0203118,1.4915617,-2.0890758,-2.3320282,1.2013577,2.2208755
../data/train_data_mmini/5/Train_0024.jpg	5	-1.0,-1.0,1.0,1.0,-1.0,1.0,-1.0,1.0,-1.0,-1.0,-1.0,-1.0	-1.4515252,-2.4860766,1.0393627,2.393705,-0.48108968,0.5935627,-1.9043479,1.140959,-0.85872453,-2.5293179,-1.976714,-1.0627395
../data/train_data_mmini/6/Train_0025.jpg	6	-1.0,-1.0,1.0,1.0,-1.0,1.0,1.0,1.0,-1.0,1.0,-1.0,-1.0	-0.6198154,-1.8491384,0.7723067,0.5734566,-0.81978494,0.04370244,1.5789852,3.4404948,-1.4076614,0.87965816,-4.0728416,-2.3666203
../data/train_data_mmini/6/Train_0026.jpg	6	-1.0,-1.0,-1.0,1.0,1.0,-1.0,-1.0,1.0,-1.0,-1.0,-1.0,1.0	-2.0077834,-1.1707839,-1.3521,0.0039213393,2.185003,-1.1977395,-2.3567393,0.5893738,-0.8471703,-1.0305482,-1.7047913,3.2958856
../data/train_data_mmini/6/Train_0027.jpg	6	-1.0,1.0,-1.0,-1.0,1.0,-1.0,-1.0,-1.0,1.0,-1.0,-1.0,1.0	-1.2859219,1.8268814,-1.5801789,-1.4693124,0.28502384,-1.4133964,-0.98802125,-0.66887665,0.06097527,-0.41619107,-0.6825537,1.0039893
../data/train_data_mmini/6/Train_0028.jpg	6	1.0,1.0,1.0,-1.0,1.0,-1.0,-1.0,1.0,1.0,1.0,-1.0,-1.0	0.104422055,0.52589446,2.133895,-0.6795643,0.29515946,-2.117973,-2.6904118,0.085361056,0.9913823,0.97825724,-1.9129425,-0.113858506
../data/train_data_mmini/6/Train_0029.jpg	6	-1.0,-1.0,-1.0,-1.0,-1.0,-1.0,-1.0,-1.0,-1.0,-1.0,1.0,-1.0	-1.8092558,-2.8305204,-2.0159683,-1.714153,-5.576802,-0.6194244,-0.24988677,-0.31392938,-0.5656939,-0.8681062,1.5858828,-1.799761
../data/train_data_mmini/7/Train_0030.jpg	7	1.0,-1.0,-1.0,-1.0,-1.0,1.0,-1.0,-1.0,-1.0,-1.0,-1.0,1.0	0.10683641,-3.683736,-1.9177194,-1.3073642,-1.2110348,1.431008,-1.0937016,-0.14558052,-0.7115275,-1.2665746,-1.9581676,0.29860687
../data/train_data_mmini/7/Train_0031.jpg	7	1.0,-1.0,-1.0,-1.0,-1.0,1.0,-1.0,1.0,1.0,1.0,-1.0,-1.0	1.1319425,-2.421288,-2.8465755,-1.6846017,-1.0339589,1.3133621,-0.84583855,0.505951,0.8624429,0.36226755,-0.11179419,-0.45929372
../data/train_data_mmini/7/Train_0032.jpg	7	1.0,1.0,-1.0,-1.0,1.0,-1.0,1.0,-1.0,1.0,-1.0,-1.0,-1.0	1.6988498,1.4287843,-1.3868793,-0.14901014,2.1174052,-1.0419472,1.3979311,-2.9716318,2.1218398,-1.7239043,-0.7856475,-0.012539424
../data/train_data_mmini/7/Train_0033.jpg	7	-1.0,-1.0,-1.0,-1.0,-1.0,-1.0,-1.0,1.0,1.0,-1.0,-1.0,1.0	-0.8117959,-1.3912239,-1.8238329,-1.5551206,-0.5928738,-0.5568221,-2.646277,1.579551,0.06478159,-1.7250795,-3.293092,1.6428305
../data/train_data_mmini/7/Train_0034.jpg	7	-1.0,1.0,1.0,1.0,1.0,-1.0,-1.0,1.0,1.0,1.0,-1.0,1.0	-0.27493206,4.004314,3.0086162,1.5098641,2.1337504,-3.19029,-0.54258275,0.25062752,0.41278157,1.5110124,-2.5870066,1.1719654
../data/train_data_mmini/8/Train_0035.jpg	8	-1.0,-1.0,-1.0,-1.0,-1.0,1.0,-1.0,-1.0,-1.0,-1.0,-1.0,-1.0	-0.8348829,-0.06993314,-2.1339843,-0.6262608,-4.022091,0.80102366,-2.458935,-0.80801207,-0.47300217,-1.2638459,-1.2728153,-2.1848338
../data/train_data_mmini/8/Train_0036.jpg	8	-1.0,-1.0,-1.0,-1.0,-1.0,-1.0,-1.0,1.0,1.0,1.0,-1.0,-1.0	-0.16463822,-2.566754,-3.220895,-1.4871619,-1.3220342,-0.014159002,-2.6079364,0.46267545,0.12217395,0.45395976,-3.486271,-1.397941
../data/train_data_mmini/8/Train_0037.jpg	8	-1.0,-1.0,-1.0,1.0,1.0,-1.0,-1.0,-1.0,1.0,1.0,-1.0,-1.0	-0.30424818,-1.8060148,-2.3522081,0.37283295,0.43514866,-1.7714089,-1.9431553,-0.77020824,1.0548401,1.1712173,-1.5480922,-0.093274444
../data/train_data_mmini/8/Train_0038.jpg	8	-1.0,-1.0,-1.0,-1.0,-1.0,1.0,-1.0,-1.0,-1.0,1.0,1.0,-1.0	-0.16734119,-0.20835844,-0.79115134,-2.0825996,-1.4971619,0.7249461,-0.019726215,-1.2174807,-0.34856367,0.49769452,0.1922364,-0.6430887
../data/train_data_mmini/8/Train_0039.jpg	8	-1.0,-1.0,-1.0,1.0,-1.0,1.0,-1.0,1.0,1.0,-1.0,-1.0,-1.0	-0.80852586,-0.027155254,-3.1781673,0.26529768,-5.0618057,0.67050856,-2.432387,0.33461207,0.02707277,-1.7812927,-3.1680198,-2.8932576
../data/train_data_mmini/9/Train_0040.jpg	9	-1.0,-1.0,1.0,1.0,-1.0,1.0,-1.0,1.0,-1.0,-1.0,-1.0,-1.0	-0.11011192,-1.6222316,0.98348784,1.2912176,-0.9512016,0.47340322,-1.119579,0.23802185,-0.46849886,-1.7469063,-1.6402512,-0.723395
../data/train_data_mmini/9/Train_0041.jpg	9	1.0,-1.0,-1.0,-1.0,-1.0,-1.0,-1.0,1.0,1.0,-1.0,-1.0,1.0	1.2442951,-0.04411969,-1.5461626,-1.7575378,-0.7531369,-0.43003762,-0.37080827,1.7812508,2.2785664,-1.3682276,-1.648145,1.5156158
../data/train_data_mmini/9/Train_0042.jpg	9	-1.0,-1.0,1.0,1.0,-1.0,-1.0,1.0,-1.0,-1.0,-1.0,1.0,1.0	-0.3375,-0.9829001,2.4064379,0.9860903,-0.39308307,-0.50652534,0.5231677,-1.6474978,-0.3733397,-1.7943242,0.48167545,0.2936231
../data/train_data_mmini/9/Train_0043.jpg	9	1.0,-1.0,-1.0,-1.0,-1.0,1.0,-1.0,-1.0,-1.0,-1.0,-1.0,-1.0	1.3153756,-0.37321037,-0.26082107,-1.3075329,-1.9873785,1.3995731,-2.4937882,-0.84863585,-0.88334525,-0.45110875,-1.4586383,-1.6754488
../data/train_data_mmini/9/Train_0044.jpg	9	-1.0,-1.0,-1.0,1.0,-1.0,1.0,1.0,1.0,-1.0,-1.0,-1.0,-1.0	-1.0597938,-1.1702813,-0.45934775,0.86569524,-2.6221635,1.1374711,2.3937464,0.9060736,-1.3383657,-1.9895154,-1.1198769,-1.4453627
../data/train_data_mmini/10/Train_0045.jpg	10	-1.0,1.0,-1.0,1.0,-1.0,-1.0,-1.0,1.0,1.0,-1.0,-1.0,-1.0	-1.1207893,1.4678019,-3.9162714,0.27238697,-2.6093285,-0.70045054,-1.4307619,0.16280033,0.33505264,-0.263459,-3.1129816,-2.4166918
../data/train_data_mmini/10/Train_0046.jpg	10	-1.0,1.0,1.0,-1.0,-1.0,-1.0,1.0,-1.0,-1.0,-1.0,-1.0,-1.0	-0.5142803,1.7312394,0.09612085,-0.044682883,-1.1932323,-1.9540035,1.9581014,-1.5747854,-0.25633624,-0.1852194,-0.8211078,-0.36749184
../data/train_data_mmini/10/Train_0047.jpg	10	1.0,1.0,-1.0,1.0,-1.0,1.0,-1.0,1.0,-1.0,1.0,-1.0,-1.0	0.312613,0.18112779,-1.748702,0.9538761,-0.7971635,0.10369968,-0.6877591,0.028568672,-0.115509376,2.5055804,-2.3099139,-2.7384586
../data/train_data_mmini/10/Train_0048.jpg	10	1.0,1.0,-1.0,-1.0,-1.0,1.0,1.0,1.0,-1.0,-1.0,-1.0,-1.0	0.76301956,2.4790049,-2.1191463,-0.19653915,-2.203749,0.7388024,2.0364091,2.6622927,-0.8485752,-2.2991421,-4.884424,-2.4936461
../data/train_data_mmini/10/Train_0049.jpg	10	-1.0,1.0,-1.0,1.0,-1.0,-1.0,-1.0,1.0,1.0,-1.0,-1.0,-1.0	-0.28887174,0.83157814,-2.3708398,1.1326718,-2.841623,-0.1443777,-1.7327538,0.44870335,0.5689215,-0.45200673,-2.2642918,-3.842483
