../data/train_data_mmini/1/Train_0000.jpg	1	1.0,-1.0,-1.0,-1.0,1.0,-1.0,1.0,1.0,-1.0,-1.0,1.0,1.0,1.0,-1.0,-1.0,-1.0,1.0,-1.0,1.0,1.0,1.0,-1.0,-1.0,-1.0	1.0367798,-1.1634578,-3.1737108,-1.1314334,1.0159305,-2.9357057,0.15588968,0.49703738,-4.1405153,-3.3892777,3.851163,6.6259933,1.7123754,-0.894066,-11.456735,-1.4189565,4.343104,-1.0417465,0.74829954,1.8504127,3.133721,-1.1719838,-1.838025,-7.460798
../data/train_data_mmini/1/Train_0001.jpg	1	1.0,-1.0,-1.0,-1.0,1.0,-1.0,1.0,1.0,-1.0,-1.0,1.0,1.0,1.0,-1.0,-1.0,-1.0,1.0,-1.0,1.0,1.0,1.0,-1.0,-1.0,-1.0	1.1205157,-1.4485974,-3.595279,-1.4624393,1.1074009,-3.4735868,0.17171477,0.6910654,-4.613065,-4.032383,4.5401263,7.7113366,2.2056715,-0.80266887,-13.164188,-1.7790073,4.841461,-1.4885623,1.1181238,2.1843948,3.9021223,-1.2294155,-1.812334,-8.86094
../data/train_data_mmini/1/Train_0002.jpg	1	1.0,-1.0,-1.0,-1.0,1.0,-1.0,1.0,-1.0,-1.0,-1.0,1.0,1.0,1.0,-1.0,-1.0,-1.0,1.0,-1.0,1.0,1.0,1.0,-1.0,-1.0,-1.0	1.407214,-1.5870141,-2.8404021,-1.0751649,1.020243,-2.6180887,0.091884956,-0.44686106,-3.5982537,-2.80841,2.6469648,5.453315,1.1782253,-0.5074509,-9.972079,-1.0269752,3.9115665,-0.82393134,0.6898602,1.6895086,2.9442418,-1.0189762,-1.5242385,-6.3974476
../data/train_data_mmini/1/Train_0003.jpg	1	1.0,-1.0,-1.0,-1.0,1.0,-1.0,1.0,1.0,-1.0,-1.0,1.0,1.0,1.0,-1.0,-1.0,-1.0,1.0,-1.0,1.0,1.0,1.0,-1.0,-1.0,-1.0	0.9528441,-0.8104947,-3.384497,-1.1588881,1.0274134,-3.2147295,0.2896644,0.7239156,-4.793537,-4.003593,4.4794025,7.788027,2.1730733,-0.92326933,-12.617975,-1.6757597,4.7338715,-1.3515403,0.918458,2.2956228,3.5972698,-1.5722064,-1.9269016,-8.240663
../data/train_data_mmini/1/Train_0004.jpg	1	1.0,-1.0,-1.0,-1.0,1.0,-1.0,1.0,1.0,-1.0,-1.0,1.0,1.0,1.0,-1.0,-1.0,-1.0,1.0,-1.0,1.0,1.0,1.0,-1.0,-1.0,-1.0	0.89654684,-0.8564157,-3.841415,-1.2475071,1.0392224,-3.0107174,0.39634627,0.97901404,-4.904595,-3.9139981,4.6631927,7.87112,1.995523,-1.1748728,-12.81759,-1.5023826,4.818043,-1.4051226,0.7020352,2.3286908,3.5762856,-1.4771252,-2.1740258,-8.185904
../data/train_data_mmini/2/Train_0005.jpg	2	1.0,-1.0,-1.0,-1.0,1.0,-1.0,1.0,1.0,-1.0,-1.0,1.0,1.0,1.0,-1.0,-1.0,-1.0,1.0,-1.0,1.0,1.0,1.0,-1.0,-1.0,-1.0	0.9411714,-1.1980739,-3.8370373,-1.3260999,1.042844,-3.0193293,0.43413347,0.7093856,-4.684504,-3.8404853,4.568346,7.8704805,2.1639895,-0.88858455,-12.629699,-1.5112752,4.7664924,-1.56244,0.923228,2.2972703,3.8094835,-1.3846172,-2.0378976,-8.254088
../data/train_data_mmini/2/Train_0006.jpg	2	1.0,-1.0,-1.0,-1.0,1.0,-1.0,1.0,1.0,-1.0,-1.0,1.0,1.0,1.0,-1.0,-1.0,-1.0,1.0,-1.0,1.0,1.0,1.0,-1.0,-1.0,-1.0	0.8501987,-0.7617512,-3.4408567,-0.84554935,0.98884493,-2.6504986,0.50061595,0.60903406,-4.0809655,-3.4189823,4.0093293,7.1187167,2.07481,-0.68764096,-11.26273,-1.2773068,4.3982005,-1.3593801,0.5791805,2.0555995,3.4961603,-1.4183806,-1.7971113,-7.2382474
../data/train_data_mmini/2/Train_0007.jpg	2	1.0,-1.0,-1.0,-1.0,1.0,-1.0,1.0,1.0,-1.0,-1.0,1.0,1.0,1.0,-1.0,-1.0,-1.0,1.0,-1.0,1.0,1.0,1.0,-1.0,-1.0,-1.0	0.8236608,-0.87312603,-3.6266506,-1.2127138,1.034151,-3.171006,0.45744026,0.9859067,-4.6485524,-3.6526399,4.4414663,7.7199516,2.116949,-1.1331879,-12.567158,-1.5613556,4.660935,-1.4410678,0.93006694,2.260583,3.47893,-1.6433848,-2.0359097,-8.188534
../data/train_data_mmini/2/Train_0008.jpg	2	1.0,-1.0,-1.0,-1.0,1.0,-1.0,1.0,1.0,-1.0,-1.0,1.0,1.0,1.0,-1.0,-1.0,-1.0,1.0,-1.0,1.0,1.0,1.0,-1.0,-1.0,-1.0	0.89175284,-1.3394248,-3.4476128,-1.0477746,0.9071682,-2.832537,0.3283761,0.60084057,-4.201564,-3.4472237,3.9805179,6.694844,1.6462327,-0.9362568,-11.62391,-1.4218524,4.2305536,-1.0915186,0.6719897,1.8401965,3.3644335,-1.0228436,-1.7097689,-7.5098705
../data/train_data_mmini/2/Train_0009.jpg	2	1.0,-1.0,-1.0,-1.0,1.0,-1.0,1.0,1.0,-1.0,-1.0,1.0,1.0,1.0,-1.0,-1.0,-1.0,1.0,-1.0,1.0,1.0,1.0,-1.0,-1.0,-1.0	1.2406871,-1.4872477,-4.3915405,-1.4150229,1.3142494,-3.5010214,0.35110366,0.82669646,-5.2589054,-4.1316295,4.93537,8.490359,2.133607,-1.2205799,-14.192291,-1.5361342,5.5316105,-1.4318098,0.93222547,2.425708,3.969883,-1.4325161,-2.550718,-9.273414
../data/train_data_mmini/3/Train_0010.jpg	3	1.0,-1.0,-1.0,-1.0,1.0,-1.0,1.0,1.0,-1.0,-1.0,1.0,1.0,1.0,-1.0,-1.0,-1.0,1.0,-1.0,1.0,1.0,1.0,-1.0,-1.0,-1.0	0.83593416,-0.7947788,-3.122787,-0.9564144,0.7908926,-2.8723907,0.35558236,0.8575996,-4.029964,-3.884936,4.218684,7.3716865,2.0444014,-0.71975774,-11.438374,-1.452549,4.06268,-1.4939915,0.87425596,1.9863153,3.5231414,-1.1881483,-1.6229627,-7.67967
../data/train_data_mmini/3/Train_0011.jpg	3	1.0,-1.0,-1.0,-1.0,1.0,-1.0,1.0,1.0,-1.0,-1.0,1.0,1.0,1.0,-1.0,-1.0,-1.0,1.0,-1.0,1.0,1.0,1.0,-1.0,-1.0,-1.0	1.1624326,-1.7294759,-2.8907816,-1.4273832,0.9000583,-2.6137397,0.2003666,0.13226266,-3.673585,-2.8958664,3.0564268,5.51305,1.1939865,-0.43515825,-10.193294,-1.2029512,4.1432123,-1.0067629,0.65902114,1.6643889,2.9440417,-0.670097,-1.5745496,-6.479694
../data/train_data_mmini/3/Train_0012.jpg	3	1.0,-1.0,-1.0,-1.0,1.0,-1.0,1.0,1.0,-1.0,-1.0,1.0,1.0,1.0,-1.0,-1.0,-1.0,1.0,-1.0,1.0,1.0,1.0,-1.0,-1.0,-1.0	0.9288135,-1.1870817,-3.640837,-1.6321068,1.2060297,-2.826633,0.35676932,0.7146571,-4.6008554,-3.4273975,4.0862565,7.2995253,1.9124777,-0.8350064,-11.7998,-1.3231828,4.805157,-1.6281073,0.63192236,2.3477721,3.5207093,-1.4130023,-2.0370617,-7.4960504
../data/train_data_mmini/3/Train_0013.jpg	3	1.0,-1.0,-1.0,-1.0,1.0,-1.0,1.0,1.0,-1.0,-1.0,1.0,1.0,1.0,-1.0,-1.0,-1.0,1.0,-1.0,1.0,1.0,1.0,-1.0,-1.0,-1.0	0.8143859,-1.2620025,-3.9441597,-1.2554789,0.9640987,-3.014475,0.34891272,0.64663243,-4.5342255,-3.7999487,4.545041,7.6063423,2.2021065,-0.9515596,-12.531369,-1.4155552,4.74353,-1.5189015,0.72404957,2.1654134,3.9989028,-1.1223598,-1.7694117,-8.095224
../data/train_data_mmini/3/Train_0014.jpg	3	1.0,-1.0,-1.0,-1.0,1.0,-1.0,1.0,1.0,-1.0,-1.0,1.0,1.0,1.0,-1.0,-1.0,-1.0,1.0,-1.0,1.0,1.0,1.0,-1.0,-1.0,-1.0	0.96279967,-1.3538746,-4.4000783,-1.4363399,1.0093458,-3.1752427,0.42761832,1.1381873,-5.1994405,-4.0148053,4.9669185,8.492935,2.1682558,-1.1279896,-13.671315,-1.5709445,5.2187347,-1.4291006,0.83330035,2.4516318,3.9760523,-1.4175256,-2.3507376,-8.931117
../data/train_data_mmini/4/Train_0015.jpg	4	1.0,-1.0,-1.0,-1.0,1.0,-1.0,1.0,1.0,-1.0,-1.0,1.0,1.0,1.0,-1.0,-1.0,-1.0,1.0,-1.0,1.0,1.0,1.0,-1.0,-1.0,-1.0	1.0405526,-1.3994339,-3.3202205,-1.3465567,1.1473374,-2.5065436,0.19277333,0.42558026,-3.8821938,-2.7577355,3.3453553,5.8962455,1.4303818,-0.84682703,-10.519201,-1.2366884,4.1591015,-1.1046236,0.6444522,1.6936926,2.912404,-0.9861918,-1.7511123,-6.7669654
../data/train_data_mmini/4/Train_0016.jpg	4	1.0,-1.0,-1.0,-1.0,1.0,-1.0,1.0,1.0,-1.0,-1.0,1.0,1.0,1.0,-1.0,-1.0,-1.0,1.0,-1.0,1.0,1.0,1.0,-1.0,-1.0,-1.0	1.0193229,-1.2136303,-2.7303722,-1.0770282,0.9816654,-2.9445448,0.24899666,0.29875156,-3.72857,-3.279235,3.3762817,6.137362,1.7564614,-0.35492826,-10.357417,-1.4860995,3.7498882,-1.1406726,1.0802392,1.7361466,3.244262,-1.1537324,-1.3306441,-7.1437097
../data/train_data_mmini/4/Train_0017.jpg	4	1.0,-1.0,-1.0,-1.0,1.0,-1.0,1.0,1.0,-1.0,-1.0,1.0,1.0,1.0,-1.0,-1.0,-1.0,1.0,-1.0,1.0,1.0,1.0,-1.0,-1.0,-1.0	1.0152061,-1.3286011,-3.1993966,-1.29558,1.2187815,-3.1174815,0.45945168,0.26318797,-4.231919,-3.3921576,3.725335,6.477156,1.8209513,-0.44314584,-11.541432,-1.3795444,4.685403,-1.318662,0.80272025,1.9684285,3.566443,-1.1400445,-1.8306402,-7.703371
../data/train_data_mmini/4/Train_0018.jpg	4	1.0,-1.0,-1.0,-1.0,1.0,-1.0,1.0,1.0,-1.0,-1.0,1.0,1.0,1.0,-1.0,-1.0,-1.0,1.0,-1.0,1.0,1.0,1.0,-1.0,-1.0,-1.0	0.9421348,-1.3193194,-2.915236,-1.2708435,0.9352859,-2.4329317,0.25288522,0.5256305,-3.7553792,-2.8981297,3.3653955,5.7222986,1.4280323,-0.6512355,-10.02294,-1.1002877,4.0171294,-0.9571779,0.6438087,1.6519934,2.685981,-0.976206,-1.6702535,-6.794041
../data/train_data_mmini/4/Train_0019.jpg	4	1.0,-1.0,-1.0,-1.0,1.0,-1.0,1.0,1.0,-1.0,-1.0,1.0,1.0,1.0,-1.0,-1.0,-1.0,1.0,-1.0,1.0,1.0,1.0,-1.0,-1.0,-1.0	0.61589056,-0.6112106,-3.8925736,-0.96061146,1.0104767,-2.878129,0.61869156,0.79379576,-4.495403,-3.7709029,4.8546324,8.345819,2.4414465,-0.90405434,-12.5970125,-1.4257698,4.7700953,-1.9424002,0.83805573,2.4559433,4.1188064,-1.5451686,-1.8875182,-7.948736
../data/train_data_mmini/5/Train_0020.jpg	5	1.0,-1.0,-1.0,-1.0,1.0,-1.0,1.0,1.0,-1.0,-1.0,1.0,1.0,1.0,-1.0,-1.0,-1.0,1.0,-1.0,1.0,1.0,1.0,-1.0,-1.0,-1.0	0.9685132,-1.0491453,-4.123047,-1.3085885,1.2326407,-3.6024363,0.55929095,0.89414763,-5.3455667,-4.2117834,5.0860167,8.837104,2.5317132,-1.1449023,-14.4463215,-1.7254179,5.35796,-1.6228749,1.0673642,2.6833162,4.140382,-1.9964074,-2.2691135,-9.506212
../data/train_data_mmini/5/Train_0021.jpg	5	1.0,-1.0,-1.0,-1.0,1.0,-1.0,1.0,1.0,-1.0,-1.0,1.0,1.0,1.0,-1.0,-1.0,-1.0,1.0,-1.0,1.0,1.0,1.0,-1.0,-1.0,-1.0	0.96555597,-1.4289762,-4.6319594,-1.533766,1.2215154,-3.608335,0.57433677,1.0823541,-5.6628366,-4.3819404,5.30417,8.91763,2.372523,-1.2296196,-15.052785,-1.6786711,5.8586907,-1.5293063,0.8286775,2.5329235,4.359982,-1.5004098,-2.4896202,-9.613278
../data/train_data_mmini/5/Train_0022.jpg	5	1.0,-1.0,-1.0,-1.0,1.0,-1.0,1.0,1.0,-1.0,-1.0,1.0,1.0,1.0,-1.0,-1.0,-1.0,1.0,-1.0,1.0,1.0,1.0,-1.0,-1.0,-1.0	0.76448655,-0.774799,-3.7983398,-1.0985575,0.96503407,-2.9674993,0.47770548,1.0895854,-4.6706944,-3.608202,4.6262774,7.8286533,2.1011617,-1.2111171,-12.5162735,-1.4541253,4.770264,-1.4493841,0.7621753,2.321246,3.514831,-1.5346464,-2.1151097,-8.004564
../data/train_data_mmini/5/Train_0023.jpg	5	1.0,-1.0,-1.0,-1.0,1.0,-1.0,1.0,1.0,-1.0,-1.0,1.0,1.0,1.0,-1.0,-1.0,-1.0,1.0,-1.0,1.0,1.0,1.0,-1.0,-1.0,-1.0	0.8844844,-0.81835335,-3.607127,-1.1640066,1.0649769,-3.100208,0.3724327,0.7638663,-4.7579827,-3.6605651,4.4845996,7.655323,2.105155,-1.1006329,-12.488823,-1.4517655,4.7099643,-1.3230221,0.83047247,2.3058422,3.5051801,-1.601423,-2.093941,-8.139311
../data/train_data_mmini/5/Train_0024.jpg	5	1.0,-1.0,-1.0,-1.0,1.0,-1.0,1.0,1.0,-1.0,-1.0,1.0,1.0,1.0,-1.0,-1.0,-1.0,1.0,-1.0,1.0,1.0,1.0,-1.0,-1.0,-1.0	0.94396096,-1.0328871,-3.8515286,-1.43985,1.0961971,-3.2533824,0.3138839,0.87199485,-4.7878594,-3.8415263,4.5204325,8.144127,2.1706786,-1.0562066,-12.917143,-1.4936264,4.9556246,-1.5679895,0.80877686,2.3819451,3.7180815,-1.6642889,-2.0875313,-8.3787985
../data/train_data_mmini/6/Train_0025.jpg	6	1.0,-1.0,-1.0,-1.0,1.0,-1.0,1.0,1.0,-1.0,-1.0,1.0,1.0,1.0,-1.0,-1.0,-1.0,1.0,-1.0,1.0,1.0,1.0,-1.0,-1.0,-1.0	0.9130371,-0.42481253,-3.6692295,-1.0130646,0.81595314,-3.1129296,0.726842,0.6670263,-4.9051995,-4.405315,4.69583,9.0605955,2.5800562,-0.7129257,-12.479747,-1.5566508,4.8656487,-2.0162816,0.94625807,2.9211092,4.364848,-1.9669336,-2.071097,-8.032838
../data/train_data_mmini/6/Train_0026.jpg	6	1.0,-1.0,-1.0,-1.0,1.0,-1.0,1.0,1.0,-1.0,-1.0,1.0,1.0,1.0,-1.0,-1.0,-1.0,1.0,-1.0,1.0,1.0,1.0,-1.0,-1.0,-1.0	1.1934823,-1.2804946,-3.1439006,-1.5158439,1.4844792,-3.5861356,0.45608675,0.61863244,-4.5420723,-3.9002986,4.227466,7.1296625,1.9504427,-0.48614794,-12.914115,-1.6610665,5.364226,-1.3338449,1.2359228,2.0756848,3.4419873,-1.4596821,-2.149883,-8.997901
../data/train_data_mmini/6/Train_0027.jpg	6	1.0,-1.0,-1.0,-1.0,1.0,-1.0,1.0,1.0,-1.0,-1.0,1.0,1.0,1.0,-1.0,-1.0,-1.0,1.0,-1.0,1.0,1.0,1.0,-1.0,-1.0,-1.0	0.99561733,-1.1435555,-3.3226883,-1.1869807,0.9129722,-2.8380768,0.32687253,0.88606,-4.2031083,-3.6243956,4.0507503,7.3451123,1.8525745,-0.691471,-11.458355,-1.3896317,4.28286,-1.4292437,0.96106625,2.1932027,3.5812135,-1.1561059,-1.6592196,-7.672283
../data/train_data_mmini/6/Train_0028.jpg	6	1.0,-1.0,-1.0,-1.0,1.0,-1.0,1.0,1.0,-1.0,-1.0,1.0,1.0,1.0,-1.0,-1.0,-1.0,1.0,-1.0,1.0,1.0,1.0,-1.0,-1.0,-1.0	1.0283092,-1.4836402,-3.5422585,-1.2720478,1.0209556,-2.8563507,0.4402244,0.65801686,-4.406543,-3.3563678,3.8414507,6.7774367,1.6129934,-0.8480039,-11.727282,-1.3416674,4.4594827,-1.141749,0.90472233,1.9394647,3.3837438,-1.2295063,-1.8372172,-7.7104774
../data/train_data_mmini/6/Train_0029.jpg	6	1.0,-1.0,-1.0,-1.0,1.0,-1.0,1.0,1.0,-1.0,-1.0,1.0,1.0,1.0,-1.0,-1.0,-1.0,1.0,-1.0,1.0,1.0,1.0,-1.0,-1.0,-1.0	1.0501616,-0.7824286,-3.508321,-1.0072317,0.8623035,-3.0147989,0.26499605,0.19285513,-4.4342785,-4.109249,4.315815,7.865524,2.2152524,-0.7451326,-11.726265,-1.3606393,4.5996513,-1.5321374,0.6557761,2.305547,3.8387978,-1.3011864,-1.852645,-7.5366263
../data/train_data_mmini/7/Train_0030.jpg	7	1.0,-1.0,-1.0,-1.0,1.0,-1.0,1.0,1.0,-1.0,-1.0,1.0,1.0,1.0,-1.0,-1.0,-1.0,1.0,-1.0,1.0,1.0,1.0,-1.0,-1.0,-1.0	1.0246699,-1.266541,-3.9852104,-1.4228239,1.2696805,-3.3891392,0.41358924,0.7501601,-4.8891397,-3.9454057,4.691237,8.19091,2.3166568,-1.0142661,-13.489695,-1.6693561,5.156139,-1.5213467,1.0847435,2.4061127,3.8980217,-1.4978778,-2.1617386,-8.815622
../data/train_data_mmini/7/Train_0031.jpg	7	1.0,-1.0,-1.0,-1.0,1.0,-1.0,1.0,1.0,-1.0,-1.0,1.0,1.0,1.0,-1.0,-1.0,-1.0,1.0,-1.0,1.0,1.0,1.0,-1.0,-1.0,-1.0	1.1197498,-1.4493306,-4.777568,-1.6767478,1.3813868,-3.8888538,0.5445404,1.0375037,-5.791132,-4.636932,5.633096,9.430614,2.6423562,-1.1136097,-15.591498,-1.8224329,6.0018373,-1.7801346,1.2552891,2.8342938,4.747421,-1.9512335,-2.4897203,-10.343798
../data/train_data_mmini/7/Train_0032.jpg	7	1.0,-1.0,-1.0,-1.0,1.0,-1.0,1.0,1.0,-1.0,-1.0,1.0,1.0,1.0,-1.0,-1.0,-1.0,1.0,-1.0,1.0,1.0,1.0,-1.0,-1.0,-1.0	0.943633,-1.8627678,-4.519358,-1.7617904,1.0874695,-3.0751834,0.61537796,1.1117412,-5.1741953,-3.8794255,4.688017,7.96616,1.8115181,-1.0422937,-13.557992,-1.531232,5.147579,-1.4999374,0.7449018,2.3969414,4.179271,-1.1534467,-2.30723,-8.690638
../data/train_data_mmini/7/Train_0033.jpg	7	1.0,-1.0,-1.0,-1.0,1.0,-1.0,1.0,1.0,-1.0,-1.0,1.0,1.0,1.0,-1.0,-1.0,-1.0,1.0,-1.0,1.0,1.0,1.0,-1.0,-1.0,-1.0	1.0842164,-1.1215676,-3.6123784,-1.407061,1.1209496,-3.3485317,0.31798178,0.8730428,-4.589994,-3.9522123,4.4357896,8.071812,2.189986,-0.8368935,-12.814353,-1.6359332,4.8843527,-1.6059803,1.1428026,2.2638211,3.7068367,-1.4750932,-1.9546657,-8.5396385
../data/train_data_mmini/7/Train_0034.jpg	7	1.0,-1.0,-1.0,-1.0,1.0,-1.0,1.0,1.0,-1.0,-1.0,1.0,1.0,1.0,-1.0,-1.0,-1.0,1.0,-1.0,1.0,1.0,1.0,-1.0,-1.0,-1.0	0.7404119,-0.98310876,-3.590639,-1.2927568,0.633285,-2.9403825,0.6126854,1.3202506,-4.66119,-3.9848156,4.6235747,8.093101,1.8750674,-0.7870741,-12.278214,-1.5252563,4.7035007,-1.699636,0.77605927,2.4130697,3.9745455,-1.2388219,-1.8627598,-7.9308186
../data/train_data_mmini/8/Train_0035.jpg	8	1.0,-1.0,-1.0,-1.0,1.0,-1.0,1.0,1.0,-1.0,-1.0,1.0,1.0,1.0,-1.0,-1.0,-1.0,1.0,-1.0,1.0,1.0,1.0,-1.0,-1.0,-1.0	0.8640979,-1.2880145,-4.375518,-1.3614035,0.89374816,-2.8675573,0.3491513,0.95352423,-4.7024183,-3.603554,4.591816,7.7800984,1.8962687,-1.3141168,-12.354813,-1.3230067,4.7312436,-1.4634064,0.6308509,2.2751813,3.705351,-1.0502568,-2.3148537,-7.834153
../data/train_data_mmini/8/Train_0036.jpg	8	1.0,-1.0,-1.0,-1.0,1.0,-1.0,1.0,1.0,-1.0,-1.0,1.0,1.0,1.0,-1.0,-1.0,-1.0,1.0,-1.0,1.0,1.0,1.0,-1.0,-1.0,-1.0	1.0316907,-1.2995281,-4.6730595,-1.4565728,1.260575,-3.4172962,0.5453137,0.94558036,-5.2382145,-4.106992,5.0250545,9.1159935,2.250619,-1.1348903,-14.152143,-1.6161737,5.5525618,-1.7650377,1.0969162,2.790114,4.3184147,-1.84901,-2.5278373,-9.200068
../data/train_data_mmini/8/Train_0037.jpg	8	1.0,-1.0,-1.0,-1.0,1.0,-1.0,1.0,1.0,-1.0,-1.0,1.0,1.0,1.0,-1.0,-1.0,-1.0,1.0,-1.0,1.0,1.0,1.0,-1.0,-1.0,-1.0	1.2891743,-1.6052554,-3.8109808,-1.543587,1.3625772,-3.9017901,0.5074122,0.74551827,-5.0833073,-4.3982325,4.736094,8.395279,2.3497336,-0.6326601,-14.273367,-1.8596209,5.612838,-1.693139,1.3291192,2.348454,4.218179,-1.5601984,-2.0972936,-9.813869
../data/train_data_mmini/8/Train_0038.jpg	8	1.0,-1.0,-1.0,-1.0,1.0,-1.0,1.0,1.0,-1.0,-1.0,1.0,1.0,1.0,-1.0,-1.0,-1.0,1.0,-1.0,1.0,1.0,1.0,-1.0,-1.0,-1.0	0.90124404,-1.3265511,-4.439242,-1.3615632,0.9798311,-3.3560412,0.24114071,0.8335031,-5.019557,-4.083693,5.1092186,8.574761,2.2632256,-1.133735,-13.7302885,-1.6366973,5.1838884,-1.5448352,0.9613421,2.5567496,4.2060986,-1.4070435,-2.2094145,-8.954119
../data/train_data_mmini/8/Train_0039.jpg	8	1.0,-1.0,-1.0,-1.0,1.0,-1.0,1.0,1.0,-1.0,-1.0,1.0,1.0,1.0,-1.0,-1.0,-1.0,1.0,-1.0,1.0,1.0,1.0,-1.0,-1.0,-1.0	0.90502185,-1.4524302,-4.451133,-1.4258254,0.9665731,-2.981845,0.3218968,0.7959043,-4.765091,-3.8403003,4.69676,8.135794,2.0208926,-1.0988387,-12.842431,-1.322349,4.9827366,-1.6552078,0.6455562,2.4696038,3.938248,-1.0244043,-2.293666,-8.011987
../data/train_data_mmini/9/Train_0040.jpg	9	1.0,-1.0,-1.0,-1.0,1.0,-1.0,1.0,1.0,-1.0,-1.0,1.0,1.0,1.0,-1.0,-1.0,-1.0,1.0,-1.0,1.0,1.0,1.0,-1.0,-1.0,-1.0	1.0437657,-1.2464416,-4.160054,-1.4004974,1.1883029,-3.5625184,0.4619677,0.85800934,-5.2364035,-4.1989403,4.9217706,8.53504,2.2991488,-1.1506308,-14.220416,-1.711549,5.3549266,-1.6336931,0.91968155,2.435111,4.099969,-1.5243101,-2.2213733,-9.103847
../data/train_data_mmini/9/Train_0041.jpg	9	1.0,-1.0,-1.0,-1.0,1.0,-1.0,1.0,1.0,-1.0,-1.0,1.0,1.0,1.0,-1.0,-1.0,-1.0,1.0,-1.0,1.0,1.0,1.0,-1.0,-1.0,-1.0	1.0477089,-1.3222483,-4.213425,-1.6065941,1.1257495,-3.6425369,0.5138411,0.99508625,-5.264986,-4.331687,5.2441187,9.062487,2.5358887,-0.83414024,-14.579999,-1.6916112,5.530799,-1.791011,1.3025976,2.8154664,4.4526234,-1.7113217,-2.1293862,-9.733675
../data/train_data_mmini/9/Train_0042.jpg	9	1.0,-1.0,-1.0,-1.0,1.0,-1.0,1.0,1.0,-1.0,-1.0,1.0,1.0,1.0,-1.0,-1.0,-1.0,1.0,-1.0,1.0,1.0,1.0,-1.0,-1.0,-1.0	1.0601821,-1.249593,-3.5262077,-1.3643553,1.1831331,-3.2402246,0.3690492,0.5763643,-4.6182737,-3.7616274,4.2219005,7.5634966,2.0600443,-0.77560896,-12.596403,-1.5990591,4.8382215,-1.5753125,0.7792551,2.1596642,3.7109942,-1.4383725,-1.8819463,-8.179477
../data/train_data_mmini/9/Train_0043.jpg	9	1.0,-1.0,-1.0,-1.0,1.0,-1.0,1.0,1.0,-1.0,-1.0,1.0,1.0,1.0,-1.0,-1.0,-1.0,1.0,-1.0,1.0,1.0,1.0,-1.0,-1.0,-1.0	0.9655241,-1.2844063,-4.501132,-1.3135476,1.1478298,-3.340335,0.5229999,0.964911,-5.2367487,-4.078924,5.0917177,8.664969,2.30663,-1.2948519,-14.226176,-1.6072493,5.360697,-1.5423783,0.84620106,2.4568038,4.1451316,-1.513533,-2.3657258,-9.071092
../data/train_data_mmini/9/Train_0044.jpg	9	1.0,-1.0,-1.0,-1.0,1.0,-1.0,1.0,1.0,-1.0,-1.0,1.0,1.0,1.0,-1.0,-1.0,-1.0,1.0,-1.0,1.0,1.0,1.0,-1.0,-1.0,-1.0	1.0198029,-1.0135347,-4.1012344,-1.2002878,1.2018038,-3.331716,0.37711734,0.54746246,-5.120006,-4.2812552,4.879325,8.761803,2.409729,-0.8867881,-13.685883,-1.5908228,5.334998,-1.878225,0.8254493,2.6614723,4.345574,-1.6730423,-2.2499108,-8.7343
../data/train_data_mmini/10/Train_0045.jpg	10	1.0,-1.0,-1.0,-1.0,1.0,-1.0,1.0,1.0,-1.0,-1.0,1.0,1.0,1.0,-1.0,-1.0,-1.0,1.0,-1.0,1.0,1.0,1.0,-1.0,-1.0,-1.0	0.55067027,-1.0848624,-3.743292,-1.4682022,0.76613355,-2.4827178,0.4142043,1.1055142,-3.7503457,-3.4600236,4.289639,7.2204256,1.8289398,-0.80938035,-10.828136,-1.2896969,4.197931,-1.6997954,0.72057104,2.196522,3.5663214,-0.85878986,-1.8925127,-6.8223314
../data/train_data_mmini/10/Train_0046.jpg	10	1.0,-1.0,-1.0,-1.0,1.0,-1.0,1.0,1.0,-1.0,-1.0,1.0,1.0,1.0,-1.0,-1.0,-1.0,1.0,-1.0,1.0,1.0,1.0,-1.0,-1.0,-1.0	0.7457569,-0.9950436,-2.2877946,-0.74623466,0.5884495,-2.1593971,0.06885187,0.0615692,-2.8330653,-2.9602103,2.7362113,5.0625176,1.2389088,-0.24578537,-8.325059,-1.1264151,3.1577249,-1.2374834,0.40222308,1.3824719,2.856339,-0.4060307,-1.150624,-5.2413974
../data/train_data_mmini/10/Train_0047.jpg	10	1.0,-1.0,-1.0,-1.0,1.0,-1.0,1.0,1.0,-1.0,-1.0,1.0,1.0,1.0,-1.0,-1.0,-1.0,1.0,-1.0,1.0,1.0,1.0,-1.0,-1.0,-1.0	0.9682897,-1.3958302,-5.129362,-1.4788095,1.1311605,-3.5211942,0.71775776,1.0722976,-5.7841277,-4.7897773,5.7334228,10.035341,2.5815887,-1.1875564,-15.388237,-1.7260348,6.039618,-1.981792,0.94595337,3.1106296,4.9768825,-1.636659,-2.6364396,-9.710404
../data/train_data_mmini/10/Train_0048.jpg	10	1.0,-1.0,-1.0,-1.0,1.0,-1.0,1.0,1.0,-1.0,-1.0,1.0,1.0,1.0,-1.0,-1.0,-1.0,1.0,-1.0,1.0,1.0,1.0,-1.0,-1.0,-1.0	0.52604127,-0.6589608,-4.9894266,-1.2035124,0.6089647,-2.490282,0.5327104,1.160846,-5.2161217,-4.1597285,5.384928,9.414666,2.2380445,-1.4008108,-12.7394,-1.0721912,5.004101,-2.1448922,0.36758193,3.2451243,4.3114123,-1.4352721,-2.6077743,-7.3705688
../data/train_data_mmini/10/Train_0049.jpg	10	1.0,-1.0,-1.0,-1.0,1.0,-1.0,1.0,1.0,-1.0,-1.0,1.0,1.0,1.0,-1.0,-1.0,-1.0,1.0,-1.0,1.0,1.0,1.0,-1.0,-1.0,-1.0	0.90514344,-1.330969,-4.543868,-1.4216413,0.88710207,-3.1993651,0.3748836,0.91543925,-4.889371,-4.159877,4.985093,8.651618,2.1744986,-1.0907847,-13.324846,-1.4452147,5.1512756,-1.8547406,0.7654699,2.5317488,4.2019196,-1.1388962,-2.276473,-8.461321
