../data/train_data_mmini/1/Train_0000.jpg	1	1.0,1.0,-1.0,1.0,-1.0,1.0,1.0,1.0,-1.0,-1.0,1.0,-1.0	13.091437,2.9366214,-2.391099,1.8644878,-0.34060866,3.2361228,5.508094,1.7175162,-2.5593503,-1.598159,5.8440123,-4.751119
../data/train_data_mmini/1/Train_0001.jpg	1	1.0,1.0,-1.0,1.0,-1.0,1.0,1.0,1.0,-1.0,-1.0,1.0,-1.0	13.36063,2.8922334,-2.3898032,1.6042682,-0.24038945,3.1270669,5.8080454,1.8562123,-2.3796833,-1.7613928,6.0599823,-4.873285
../data/train_data_mmini/1/Train_0002.jpg	1	1.0,1.0,-1.0,1.0,-1.0,1.0,1.0,1.0,-1.0,-1.0,1.0,-1.0	11.9597025,2.7132428,-2.1576035,1.4792755,-0.39671323,2.6672735,4.3834643,1.4757566,-2.1395054,-1.5851226,4.8362384,-4.35756
../data/train_data_mmini/1/Train_0003.jpg	1	1.0,1.0,-1.0,1.0,-1.0,1.0,1.0,1.0,-1.0,-1.0,1.0,-1.0	13.961596,3.0027173,-2.6037645,2.0947897,-0.22025028,3.5740368,5.8710957,1.7773613,-2.84059,-1.5931801,6.456049,-4.987016
../data/train_data_mmini/1/Train_0004.jpg	1	1.0,1.0,-1.0,1.0,-1.0,1.0,1.0,1.0,-1.0,-1.0,1.0,-1.0	14.713723,3.2451699,-2.6736965,1.7536501,-0.23119418,3.2950947,5.705215,1.6611023,-2.9190714,-1.5221719,6.459376,-5.2261333
../data/train_data_mmini/2/Train_0005.jpg	2	1.0,1.0,-1.0,1.0,-1.0,1.0,1.0,1.0,-1.0,-1.0,1.0,-1.0	12.352552,2.687149,-2.022188,1.7335303,-0.6724711,3.0925996,4.7486978,1.5101336,-2.0438983,-1.5653477,4.939324,-4.6359787
../data/train_data_mmini/2/Train_0006.jpg	2	1.0,1.0,-1.0,1.0,-1.0,1.0,1.0,1.0,-1.0,-1.0,1.0,-1.0	11.550387,3.2157426,-1.9640645,1.4346576,-0.8058668,2.619825,4.6376324,1.9715616,-0.9219955,-2.6711555,4.593012,-4.760386
../data/train_data_mmini/2/Train_0007.jpg	2	1.0,1.0,-1.0,1.0,-1.0,1.0,1.0,1.0,-1.0,-1.0,1.0,-1.0	14.637946,3.2928786,-2.811171,1.9592067,-0.474907,3.4857967,5.594108,1.4649795,-2.89918,-1.5384451,6.097069,-5.2463827
../data/train_data_mmini/2/Train_0008.jpg	2	1.0,1.0,-1.0,1.0,-1.0,1.0,1.0,1.0,-1.0,-1.0,1.0,-1.0	12.987172,3.3381293,-2.182741,1.6612788,-0.65188205,2.994428,4.337892,1.5409628,-1.4957528,-2.4120877,4.821503,-5.08847
../data/train_data_mmini/2/Train_0009.jpg	2	1.0,1.0,-1.0,1.0,-1.0,1.0,1.0,1.0,-1.0,-1.0,1.0,-1.0	14.058926,2.8948212,-2.6302352,2.0370288,-0.6326191,3.4918764,6.4595404,1.9071943,-2.552166,-1.7372489,6.221594,-5.177982
../data/train_data_mmini/3/Train_0010.jpg	3	1.0,1.0,-1.0,1.0,-1.0,1.0,1.0,1.0,-1.0,-1.0,1.0,-1.0	9.900407,2.2258441,-2.2438571,1.0529598,-0.35626635,2.3312988,3.760726,0.953891,-1.1089127,-2.122052,4.14073,-4.191494
../data/train_data_mmini/3/Train_0011.jpg	3	1.0,1.0,-1.0,1.0,-1.0,1.0,1.0,1.0,-1.0,-1.0,1.0,-1.0	12.228247,2.3940384,-2.0019376,1.2187775,-0.3559265,2.7641954,4.724711,1.1888938,-3.1293354,-0.5878866,4.9052057,-4.103956
../data/train_data_mmini/3/Train_0012.jpg	3	1.0,1.0,-1.0,1.0,1.0,1.0,1.0,1.0,-1.0,-1.0,1.0,-1.0	13.971673,3.012939,-2.456577,1.1829547,0.06679789,3.0899212,6.5959153,2.07795,-3.847276,-0.49612796,6.418759,-4.616163
../data/train_data_mmini/3/Train_0013.jpg	3	1.0,1.0,-1.0,1.0,-1.0,1.0,1.0,1.0,-1.0,-1.0,1.0,-1.0	12.879564,3.5136123,-1.9544355,1.3162311,-0.79943234,2.5967357,4.7794614,1.9448903,-1.1346714,-2.5175138,4.759623,-5.2043643
../data/train_data_mmini/3/Train_0014.jpg	3	1.0,1.0,-1.0,1.0,-1.0,1.0,1.0,1.0,-1.0,-1.0,1.0,-1.0	13.161428,2.962774,-2.3731732,1.5937922,-0.4319193,3.199898,5.3112364,1.5214571,-2.3001578,-1.7925241,5.5753794,-4.996602
../data/train_data_mmini/4/Train_0015.jpg	4	1.0,1.0,-1.0,1.0,-1.0,1.0,1.0,1.0,-1.0,-1.0,1.0,-1.0	14.134651,3.6090147,-2.5217922,1.6058295,-0.53603226,3.43071,5.4109025,1.8657453,-2.6437263,-1.8710659,5.3628354,-5.3794336
../data/train_data_mmini/4/Train_0016.jpg	4	1.0,1.0,-1.0,1.0,-1.0,1.0,1.0,1.0,-1.0,-1.0,1.0,-1.0	10.444796,2.0504558,-1.451136,1.764744,-0.45991176,2.6571138,4.2171416,1.412719,-2.0440385,-1.1549072,4.4074187,-3.64595
../data/train_data_mmini/4/Train_0017.jpg	4	1.0,1.0,-1.0,1.0,-1.0,1.0,1.0,1.0,-1.0,-1.0,1.0,-1.0	12.477834,3.0966816,-1.9536971,1.3728617,-0.682216,2.7315912,5.751078,2.254504,-1.8131044,-2.0403683,5.164507,-4.7477207
../data/train_data_mmini/4/Train_0018.jpg	4	1.0,1.0,-1.0,1.0,-1.0,1.0,1.0,1.0,-1.0,-1.0,1.0,-1.0	9.378779,2.055833,-1.5798528,1.2166034,-0.48193035,2.2026086,3.5765612,1.0603057,-1.5282806,-1.2405727,3.7032452,-3.4756157
../data/train_data_mmini/4/Train_0019.jpg	4	1.0,1.0,-1.0,1.0,-1.0,1.0,1.0,1.0,-1.0,-1.0,1.0,-1.0	13.01639,3.5556436,-2.1574736,1.52209,-0.76176614,2.9600806,4.4181876,1.9121574,-0.96754265,-2.8820705,4.84805,-5.361581
../data/train_data_mmini/5/Train_0020.jpg	5	1.0,1.0,-1.0,1.0,-1.0,1.0,1.0,1.0,-1.0,-1.0,1.0,-1.0	15.117731,3.4077458,-2.9018517,2.075802,-0.40054303,3.6523542,6.0292697,1.9082292,-2.6815984,-2.1280315,6.867634,-5.495834
../data/train_data_mmini/5/Train_0021.jpg	5	1.0,1.0,-1.0,1.0,-1.0,1.0,1.0,1.0,-1.0,-1.0,1.0,-1.0	17.747625,4.1915464,-3.3012502,2.1789434,-0.6900922,4.1545978,6.71128,2.0688965,-3.2516847,-2.2789202,7.270912,-6.611511
../data/train_data_mmini/5/Train_0022.jpg	5	1.0,1.0,-1.0,1.0,-1.0,1.0,1.0,1.0,-1.0,-1.0,1.0,-1.0	13.658006,3.1323702,-2.5370846,1.7629117,-0.4562655,3.3032324,5.3872027,1.6661931,-2.1778011,-1.9293044,5.707515,-5.0018816
../data/train_data_mmini/5/Train_0023.jpg	5	1.0,1.0,-1.0,1.0,-1.0,1.0,1.0,1.0,-1.0,-1.0,1.0,-1.0	13.84892,3.059585,-2.9537816,1.940895,-0.30745894,3.40545,5.636554,1.6239058,-2.583328,-1.792205,6.3769665,-4.989353
../data/train_data_mmini/5/Train_0024.jpg	5	1.0,1.0,-1.0,1.0,-1.0,1.0,1.0,1.0,-1.0,-1.0,1.0,-1.0	15.345964,3.4314713,-2.8743827,1.6466185,-0.6055836,3.4370267,5.936644,1.6746521,-3.4856558,-1.1025321,6.2706823,-5.564102
../data/train_data_mmini/6/Train_0025.jpg	6	1.0,1.0,-1.0,1.0,-1.0,1.0,1.0,1.0,-1.0,-1.0,1.0,-1.0	11.7779875,2.397144,-2.0920057,1.3540548,-0.4404018,2.7979054,4.8770595,1.3799807,-2.7081733,-0.88079786,4.846214,-4.208994
../data/train_data_mmini/6/Train_0026.jpg	6	1.0,1.0,-1.0,1.0,-1.0,1.0,1.0,1.0,-1.0,-1.0,1.0,-1.0	12.56168,2.8802607,-2.5221972,1.5982594,-0.5813219,2.9114575,5.72989,1.7128689,-2.0433438,-1.7924467,5.6978374,-4.7028174
../data/train_data_mmini/6/Train_0027.jpg	6	1.0,1.0,-1.0,1.0,-1.0,1.0,1.0,1.0,-1.0,-1.0,1.0,-1.0	9.477904,1.4849392,-1.7917615,1.4901466,-0.13465276,2.6442304,4.163873,0.99240595,-2.2553124,-0.7655481,4.2498717,-3.343096
../data/train_data_mmini/6/Train_0028.jpg	6	1.0,1.0,-1.0,1.0,-1.0,1.0,1.0,1.0,-1.0,-1.0,1.0,-1.0	12.101014,2.6354752,-1.9712527,1.6140972,-0.4439817,2.6650684,4.3315873,1.2669542,-2.3480346,-1.187146,4.842512,-4.265062
../data/train_data_mmini/6/Train_0029.jpg	6	1.0,1.0,-1.0,1.0,-1.0,1.0,1.0,1.0,-1.0,-1.0,1.0,-1.0	11.873602,2.807783,-2.0414832,1.4656341,-0.6936796,2.7715695,4.8444133,1.7539474,-1.6206331,-1.8534057,4.7027817,-4.611927
../data/train_data_mmini/7/Train_0030.jpg	7	1.0,1.0,-1.0,1.0,-1.0,1.0,1.0,1.0,-1.0,-1.0,1.0,-1.0	13.88189,3.0552514,-2.2048314,2.222053,-0.62147254,3.6089838,5.9566336,2.0163357,-2.55898,-1.7481647,5.8189774,-4.900453
../data/train_data_mmini/7/Train_0031.jpg	7	1.0,1.0,-1.0,1.0,-1.0,1.0,1.0,1.0,-1.0,-1.0,1.0,-1.0	14.387376,3.34852,-2.294166,1.6638185,-0.7541473,3.0904436,6.3451633,2.109953,-2.1507344,-2.1468377,6.1381884,-5.5067215
../data/train_data_mmini/7/Train_0032.jpg	7	1.0,1.0,-1.0,1.0,-1.0,1.0,1.0,1.0,-1.0,-1.0,1.0,-1.0	14.119316,2.8539884,-2.2899835,1.5700078,-0.72315586,3.2690594,5.80505,1.5821198,-3.0935678,-1.1349366,5.615927,-5.0106616
../data/train_data_mmini/7/Train_0033.jpg	7	1.0,1.0,-1.0,1.0,-1.0,1.0,1.0,1.0,-1.0,-1.0,1.0,-1.0	11.888525,2.2988963,-2.2034965,1.5629764,-0.53026986,3.1152432,5.4075027,1.520132,-2.6477752,-1.1197078,5.199337,-4.2180247
../data/train_data_mmini/7/Train_0034.jpg	7	1.0,1.0,-1.0,1.0,-1.0,1.0,1.0,1.0,-1.0,-1.0,1.0,-1.0	12.721024,2.3102808,-2.35097,1.2547946,-0.5601946,2.835629,3.961126,0.6950747,-3.5758476,-0.028123679,4.837724,-4.282705
../data/train_data_mmini/8/Train_0035.jpg	8	1.0,1.0,-1.0,1.0,-1.0,1.0,1.0,1.0,-1.0,-1.0,1.0,-1.0	12.81749,2.9259765,-2.343911,1.5768378,-0.66867095,3.10517,5.270959,1.6235932,-2.0875654,-1.6286458,5.1207523,-4.8172584
../data/train_data_mmini/8/Train_0036.jpg	8	1.0,1.0,-1.0,1.0,-1.0,1.0,1.0,1.0,-1.0,-1.0,1.0,-1.0	13.056358,2.8526406,-2.2164743,1.6753798,-0.72118765,3.183433,5.6228633,1.5965956,-2.4342759,-1.3425218,5.210037,-4.7654037
../data/train_data_mmini/8/Train_0037.jpg	8	1.0,1.0,-1.0,1.0,-1.0,1.0,1.0,1.0,-1.0,-1.0,1.0,-1.0	15.226475,3.3072302,-2.5916483,1.7750021,-0.72013456,3.4818482,6.1091366,1.6753545,-2.9578352,-1.6015149,5.892953,-5.6160507
../data/train_data_mmini/8/Train_0038.jpg	8	1.0,1.0,-1.0,1.0,-1.0,1.0,1.0,1.0,-1.0,-1.0,1.0,-1.0	14.140017,3.1959474,-2.4459538,1.8166217,-0.63831073,3.469047,5.5564613,1.8208245,-2.4215443,-1.8353125,5.752364,-5.3304834
../data/train_data_mmini/8/Train_0039.jpg	8	1.0,1.0,-1.0,1.0,-1.0,1.0,1.0,1.0,-1.0,-1.0,1.0,-1.0	13.162151,2.8537424,-2.359848,1.433763,-0.7027128,3.1761262,5.8166227,1.7218277,-2.4077697,-1.4240764,5.270571,-4.8941393
../data/train_data_mmini/9/Train_0040.jpg	9	1.0,1.0,-1.0,1.0,-1.0,1.0,1.0,1.0,-1.0,-1.0,1.0,-1.0	17.088882,4.0442843,-3.06666,2.0664098,-0.631675,4.003664,6.4072237,1.950079,-2.9960804,-2.2059855,6.8578672,-6.3386245
../data/train_data_mmini/9/Train_0041.jpg	9	1.0,1.0,-1.0,1.0,-1.0,1.0,1.0,1.0,-1.0,-1.0,1.0,-1.0	12.151203,2.407636,-2.1575365,1.2856436,-0.5154343,2.621271,4.9531302,1.2981973,-2.124803,-1.4849089,5.124689,-4.374861
../data/train_data_mmini/9/Train_0042.jpg	9	1.0,1.0,-1.0,1.0,-1.0,1.0,1.0,1.0,-1.0,-1.0,1.0,-1.0	16.486116,4.008739,-2.9054265,1.6735687,-0.49050027,3.5329044,5.8235483,1.763706,-3.1459737,-1.8059514,6.3024535,-6.0900016
../data/train_data_mmini/9/Train_0043.jpg	9	1.0,1.0,-1.0,1.0,-1.0,1.0,1.0,1.0,-1.0,-1.0,1.0,-1.0	15.419701,3.835075,-2.888126,2.1331744,-0.78553313,3.7249236,5.716145,1.8914028,-2.0645595,-2.625371,6.1397204,-6.008085
../data/train_data_mmini/9/Train_0044.jpg	9	1.0,1.0,-1.0,1.0,-1.0,1.0,1.0,1.0,-1.0,-1.0,1.0,-1.0	15.110764,3.5992014,-2.767566,1.7334445,-0.47643068,3.5253465,6.492015,2.174226,-2.504686,-2.2587276,6.5178533,-5.7778463
../data/train_data_mmini/10/Train_0045.jpg	10	1.0,1.0,-1.0,1.0,-1.0,1.0,1.0,1.0,-1.0,-1.0,1.0,-1.0	9.784008,1.9651095,-1.673984,0.87440175,-0.7542388,2.3840456,4.4017415,1.0207673,-1.9549401,-0.5518366,3.441895,-3.579087
../data/train_data_mmini/10/Train_0046.jpg	10	1.0,1.0,-1.0,1.0,-1.0,1.0,1.0,1.0,-1.0,-1.0,1.0,-1.0	10.350988,2.194541,-1.7072719,1.2235925,-0.44440964,2.5008068,4.163775,1.2569047,-2.032317,-1.0780782,4.101694,-3.889035
../data/train_data_mmini/10/Train_0047.jpg	10	1.0,1.0,-1.0,1.0,-1.0,1.0,1.0,1.0,-1.0,-1.0,1.0,-1.0	15.724348,3.5251005,-2.651578,1.771221,-0.9654328,3.6330683,5.912663,1.7710007,-2.8154526,-1.7505199,5.9145985,-5.945114
../data/train_data_mmini/10/Train_0048.jpg	10	1.0,1.0,-1.0,1.0,-1.0,1.0,1.0,1.0,-1.0,-1.0,1.0,-1.0	12.469699,2.4938273,-2.2408981,1.1780971,-0.6118383,2.9567907,5.4736824,1.5548159,-2.699191,-0.73849475,5.175067,-4.6081634
../data/train_data_mmini/10/Train_0049.jpg	10	1.0,1.0,-1.0,1.0,-1.0,1.0,1.0,1.0,-1.0,-1.0,1.0,-1.0	14.385568,3.2165787,-2.5848315,1.6354581,-0.8188086,3.3359218,5.621339,1.6967056,-2.5548763,-1.5743926,5.5098844,-5.405359
