../data/train_data_mmini/1/Train_0000.jpg	1	1.0,-1.0,-1.0,1.0,-1.0,-1.0,1.0,-1.0,-1.0,-1.0,1.0,-1.0	1.3486993,-0.13087241,-1.0335947,0.49972185,-0.5037236,-0.9790874,1.0275038,-0.2779974,-1.0835236,-0.2838245,0.5430272,-0.31640545
../data/train_data_mmini/1/Train_0001.jpg	1	1.0,1.0,1.0,-1.0,1.0,1.0,-1.0,1.0,-1.0,-1.0,1.0,-1.0	1.1735371,0.4081303,0.3034582,-0.049413133,0.050962,0.17225553,-0.11552875,0.054080952,-0.16178757,-0.9454998,0.3586879,-0.46778584
../data/train_data_mmini/1/Train_0002.jpg	1	-1.0,-1.0,1.0,-1.0,1.0,1.0,-1.0,1.0,1.0,-1.0,1.0,1.0	-0.113141425,-0.18539543,0.94808847,-0.39837402,0.22068056,1.2427939,-1.2283269,0.14340214,0.6613748,-0.16844289,0.73646265,0.38348246
../data/train_data_mmini/1/Train_0003.jpg	1	1.0,1.0,-1.0,1.0,-1.0,-1.0,1.0,-1.0,-1.0,-1.0,1.0,-1.0	1.6589304,0.023169635,-1.1862694,0.9606564,-0.746888,-1.2627795,1.3973341,-0.093172744,-1.6399885,-0.16884308,0.2693235,-0.592049
../data/train_data_mmini/1/Train_0004.jpg	1	1.0,1.0,-1.0,1.0,-1.0,-1.0,1.0,-1.0,-1.0,-1.0,1.0,-1.0	1.4950775,0.17863794,-0.9259124,0.2810505,-0.7221946,-1.0987941,0.90129733,-0.36823973,-0.7671999,-0.4004132,0.62183625,-0.6022023
../data/train_data_mmini/2/Train_0005.jpg	2	-1.0,1.0,1.0,1.0,1.0,1.0,-1.0,1.0,1.0,-1.0,-1.0,1.0	-0.09257341,0.24175705,1.0679133,0.23582971,0.5343803,0.5467431,-0.7918627,0.7408142,0.07821161,-0.033401262,-0.41809633,0.40542147
../data/train_data_mmini/2/Train_0006.jpg	2	-1.0,-1.0,1.0,-1.0,1.0,1.0,-1.0,1.0,1.0,1.0,1.0,1.0	-0.6954073,-0.23570172,0.27677178,-0.3653875,0.31539324,0.5705325,-0.3973324,0.3360855,0.053004302,0.014993237,0.3067046,0.92345965
../data/train_data_mmini/2/Train_0007.jpg	2	1.0,1.0,-1.0,1.0,-1.0,-1.0,1.0,-1.0,-1.0,1.0,1.0,-1.0	1.8828961,0.13474463,-2.056042,0.8652118,-0.9474952,-1.9596543,2.2428603,-0.3566892,-1.8633591,0.06556891,0.26922807,-0.63610864
../data/train_data_mmini/2/Train_0008.jpg	2	-1.0,-1.0,-1.0,-1.0,1.0,-1.0,1.0,-1.0,1.0,1.0,1.0,1.0	-0.5987823,-0.18274392,-0.84791017,-0.5876078,0.09094621,-0.3526696,0.3688127,-0.2882534,0.10518626,0.040302236,0.48390558,0.48906347
../data/train_data_mmini/2/Train_0009.jpg	2	1.0,1.0,-1.0,1.0,1.0,-1.0,1.0,1.0,-1.0,1.0,-1.0,1.0	0.36338732,0.08028896,-0.23244508,0.48479706,0.29024258,-0.39826941,0.3453689,0.09839354,-0.6194149,0.118690625,-0.5245654,0.18954228
../data/train_data_mmini/3/Train_0010.jpg	3	-1.0,1.0,1.0,-1.0,-1.0,1.0,-1.0,1.0,1.0,-1.0,-1.0,-1.0	-0.090378605,0.5195711,0.19460523,-0.7597212,-0.092276275,0.43384323,-0.33729613,0.027225768,0.423156,-0.25365806,-0.39380154,-0.038138904
../data/train_data_mmini/3/Train_0011.jpg	3	-1.0,1.0,1.0,-1.0,1.0,1.0,-1.0,1.0,1.0,-1.0,1.0,-1.0	-0.015561795,0.55075186,2.1059964,-1.4779809,0.039321393,1.8422617,-2.3309567,0.09200296,2.4049728,-1.0299299,1.0337012,-0.004727358
../data/train_data_mmini/3/Train_0012.jpg	3	1.0,1.0,1.0,1.0,1.0,1.0,-1.0,1.0,1.0,-1.0,1.0,-1.0	0.3785353,0.26594523,2.8161337,0.03855763,0.52732426,1.8192153,-1.9881549,0.5521282,1.410512,-0.4025465,0.08134063,-0.15167353
../data/train_data_mmini/3/Train_0013.jpg	3	-1.0,-1.0,1.0,-1.0,1.0,1.0,-1.0,1.0,1.0,1.0,1.0,1.0	-1.7543092,-0.5456878,0.6767235,-0.65692854,0.6622801,1.0641501,-0.8588208,0.29250118,0.76486564,0.5656081,0.14738835,1.3618534
../data/train_data_mmini/3/Train_0014.jpg	3	-1.0,1.0,1.0,-1.0,1.0,1.0,-1.0,1.0,1.0,-1.0,1.0,1.0	-0.10349391,0.25720114,0.2650131,-0.49730408,0.070879444,0.27415222,-0.48727602,0.23857877,0.6186889,-0.31355,0.17396484,0.41059107
../data/train_data_mmini/4/Train_0015.jpg	4	-1.0,-1.0,1.0,-1.0,-1.0,1.0,-1.0,-1.0,1.0,1.0,1.0,1.0	-0.55673337,-0.5375082,0.4627335,-0.16894868,-0.007545918,0.47283497,-0.41458434,-0.15894789,0.4445519,0.24060799,0.4396031,0.24444169
../data/train_data_mmini/4/Train_0016.jpg	4	1.0,1.0,1.0,1.0,1.0,1.0,-1.0,1.0,1.0,-1.0,-1.0,1.0	0.40603667,0.47135583,1.0476289,0.42168778,0.35746416,0.6890059,-0.8753712,0.7219576,0.15365203,-0.45000622,-0.39660212,0.04601205
../data/train_data_mmini/4/Train_0017.jpg	4	-1.0,1.0,1.0,-1.0,1.0,1.0,-1.0,1.0,1.0,-1.0,-1.0,1.0	-0.6748638,0.0034130048,2.5421004,-0.7371264,0.89608884,2.1484342,-2.2933886,0.6334556,1.6303116,-0.35631335,-0.11105857,0.81944513
../data/train_data_mmini/4/Train_0018.jpg	4	1.0,1.0,1.0,-1.0,1.0,1.0,-1.0,1.0,1.0,-1.0,-1.0,1.0	0.079792686,0.24590458,0.11117115,-0.07603258,0.06860472,0.051200427,-0.17202802,0.1354402,0.12182725,-0.25099874,-0.29089174,0.1532855
../data/train_data_mmini/4/Train_0019.jpg	4	-1.0,1.0,1.0,-1.0,1.0,1.0,-1.0,1.0,1.0,1.0,1.0,1.0	-0.61704475,0.07965012,1.1349005,-0.48464084,0.32298368,1.1319835,-1.1331162,0.63997334,0.5273614,0.16740729,0.22469802,0.5351058
../data/train_data_mmini/5/Train_0020.jpg	5	1.0,1.0,-1.0,1.0,-1.0,-1.0,1.0,1.0,-1.0,-1.0,1.0,-1.0	1.8831568,0.32234573,-1.3325397,0.9776477,-0.58107483,-1.5927007,1.5290604,0.05214083,-1.7971272,-0.14739843,0.22541536,-0.5805523
../data/train_data_mmini/5/Train_0021.jpg	5	-1.0,-1.0,-1.0,-1.0,-1.0,-1.0,1.0,-1.0,-1.0,1.0,1.0,1.0	-0.114032485,-0.45794168,-0.5856388,-0.29622245,-0.16865943,-0.38888356,0.42100367,-0.48002315,-0.094230376,0.16488872,0.7500555,0.3446239
../data/train_data_mmini/5/Train_0022.jpg	5	1.0,-1.0,-1.0,1.0,-1.0,-1.0,1.0,-1.0,-1.0,1.0,1.0,-1.0	1.1257701,-0.052251607,-1.637719,0.68653744,-0.44567895,-1.6110482,1.7612746,-0.17636427,-1.51944,0.18823111,0.21220756,-0.15707855
../data/train_data_mmini/5/Train_0023.jpg	5	1.0,-1.0,-1.0,1.0,-1.0,-1.0,1.0,-1.0,-1.0,1.0,1.0,-1.0	1.6453891,-0.0031209458,-2.0347404,0.9944143,-0.7087832,-2.033397,2.2903266,-0.3286037,-2.028223,0.22110616,0.25785315,-0.5512307
../data/train_data_mmini/5/Train_0024.jpg	5	1.0,-1.0,-1.0,1.0,-1.0,-1.0,1.0,-1.0,-1.0,-1.0,1.0,-1.0	0.98734653,-0.033330888,-0.0035752514,0.25592685,-0.54375535,-0.23737986,0.1610318,-0.10093824,-0.24735,-0.05867062,0.27312234,-0.20126078
../data/train_data_mmini/6/Train_0025.jpg	6	-1.0,1.0,1.0,-1.0,-1.0,1.0,-1.0,1.0,1.0,1.0,-1.0,1.0	-0.43814102,0.12618618,2.3495295,-0.05058563,-0.061803624,1.6809614,-1.7818712,1.0109637,1.1005449,0.2373042,-0.6320606,0.36656144
../data/train_data_mmini/6/Train_0026.jpg	6	1.0,1.0,1.0,-1.0,-1.0,1.0,-1.0,-1.0,1.0,-1.0,-1.0,-1.0	2.031005,0.7709119,0.29026896,-0.21268076,-0.5654948,0.5737035,-0.15298285,-0.11242664,0.009901142,-1.3288735,-0.07189899,-0.9091176
../data/train_data_mmini/6/Train_0027.jpg	6	1.0,1.0,1.0,-1.0,1.0,1.0,-1.0,1.0,1.0,-1.0,-1.0,-1.0	0.009489441,0.91370237,1.5313488,-0.6261555,0.09478231,1.220629,-1.6303911,0.41898128,1.4345617,-0.62781304,-0.53733826,-0.22806934
../data/train_data_mmini/6/Train_0028.jpg	6	1.0,1.0,-1.0,-1.0,-1.0,1.0,-1.0,-1.0,1.0,-1.0,1.0,1.0	0.59539557,0.3902456,-0.155436,-0.98380476,-0.52303237,0.27077156,-0.5543624,-0.19926488,0.8655566,-1.0099484,1.0051593,0.08692951
../data/train_data_mmini/6/Train_0029.jpg	6	-1.0,-1.0,1.0,1.0,1.0,1.0,-1.0,1.0,1.0,1.0,-1.0,1.0	-1.4264407,-0.37070364,1.3439234,0.32351893,0.7023659,0.9220946,-1.0440711,0.66482055,0.33046025,1.093195,-0.89582163,0.9232316
../data/train_data_mmini/7/Train_0030.jpg	7	1.0,-1.0,1.0,1.0,1.0,-1.0,1.0,1.0,-1.0,1.0,-1.0,1.0	0.4802481,-0.06420913,0.08910601,0.653651,0.21145898,-0.18637398,0.21408717,0.4086297,-0.6733587,0.03266116,-0.28810188,0.30597642
../data/train_data_mmini/7/Train_0031.jpg	7	-1.0,-1.0,1.0,1.0,1.0,1.0,-1.0,1.0,1.0,1.0,-1.0,1.0	-0.37932238,-0.16857253,0.4661208,0.037378248,0.468392,0.39509815,-0.24505316,0.41973612,0.0648858,0.28109172,-0.6129386,0.87007904
../data/train_data_mmini/7/Train_0032.jpg	7	-1.0,1.0,1.0,-1.0,1.0,1.0,-1.0,1.0,1.0,-1.0,1.0,1.0	-1.0421343,0.19929992,2.1380513,-1.2532926,0.61789453,1.8914566,-2.2772262,0.16886717,2.3758955,-0.4526789,0.027829817,0.65943855
../data/train_data_mmini/7/Train_0033.jpg	7	1.0,1.0,1.0,1.0,-1.0,1.0,-1.0,1.0,-1.0,-1.0,-1.0,-1.0	1.4342247,0.8406459,0.6290198,0.34716952,-0.00055612624,0.2878012,-0.2831757,0.48149016,-0.3641354,-0.62588066,-0.42880175,-0.2217393
../data/train_data_mmini/7/Train_0034.jpg	7	1.0,1.0,1.0,-1.0,-1.0,1.0,-1.0,1.0,1.0,-1.0,1.0,1.0	0.0641846,0.854583,1.9501969,-1.8668172,-0.6211734,1.5016621,-2.211725,0.30308458,2.6122665,-0.8820503,0.8190064,0.14789492
../data/train_data_mmini/8/Train_0035.jpg	8	-1.0,-1.0,-1.0,-1.0,1.0,-1.0,1.0,1.0,1.0,1.0,-1.0,1.0	-0.90185356,-0.41872656,-0.11731838,-0.07919045,0.51942676,-0.16561429,0.14486597,0.0003283373,0.0333013,0.43741387,-0.15446289,0.77605015
../data/train_data_mmini/8/Train_0036.jpg	8	-1.0,1.0,1.0,1.0,1.0,1.0,-1.0,1.0,1.0,1.0,-1.0,1.0	-0.23018745,0.04007508,0.9090201,0.20453489,0.29515716,0.7038244,-0.5765504,0.7216383,0.099509485,0.2056862,-0.795001,0.7808943
../data/train_data_mmini/8/Train_0037.jpg	8	1.0,1.0,1.0,-1.0,1.0,1.0,-1.0,1.0,1.0,-1.0,-1.0,1.0	0.11002403,0.5248612,1.7192028,-1.0043818,0.13678943,1.6687489,-1.8062427,0.31326783,1.7880296,-0.8238412,-0.15601508,0.20889384
../data/train_data_mmini/8/Train_0038.jpg	8	-1.0,-1.0,1.0,-1.0,1.0,1.0,-1.0,1.0,1.0,1.0,-1.0,1.0	-0.75908464,-0.38583234,0.1104619,-0.1256133,0.3837486,0.20003188,-0.11603962,0.16048124,0.1356965,0.41051462,-0.18910827,0.75934356
../data/train_data_mmini/8/Train_0039.jpg	8	-1.0,-1.0,1.0,-1.0,1.0,1.0,-1.0,1.0,1.0,1.0,-1.0,1.0	-1.1468879,-0.19760521,1.2411036,-0.30902392,0.95081824,0.9747422,-1.170536,0.4513939,0.83614016,0.38803712,-0.42639202,1.0416118
../data/train_data_mmini/9/Train_0040.jpg	9	1.0,-1.0,-1.0,-1.0,-1.0,-1.0,1.0,-1.0,-1.0,-1.0,1.0,-1.0	0.61128104,-0.12376262,-0.6645279,-0.04134998,-0.394836,-0.63630044,0.5954173,-0.22577533,-0.3332334,-0.09963347,0.44942793,-0.022813791
../data/train_data_mmini/9/Train_0041.jpg	9	1.0,1.0,1.0,-1.0,1.0,1.0,-1.0,1.0,1.0,-1.0,-1.0,-1.0	0.9030409,1.0781292,1.261739,-0.15940396,0.54539514,0.67308474,-1.0226009,0.6735401,0.37241083,-0.8041347,-0.19104803,-0.15906322
../data/train_data_mmini/9/Train_0042.jpg	9	-1.0,-1.0,1.0,-1.0,-1.0,1.0,-1.0,-1.0,1.0,-1.0,1.0,-1.0	-0.33494508,-0.17752697,0.6136111,-0.6060352,-0.32394248,0.68780595,-0.7055553,-0.17090632,0.9489708,-0.02804665,0.52369577,-0.046057247
../data/train_data_mmini/9/Train_0043.jpg	9	-1.0,-1.0,-1.0,1.0,-1.0,-1.0,1.0,-1.0,-1.0,1.0,1.0,1.0	-0.225514,-0.26609743,-0.8986135,0.12498635,-0.005489379,-0.72509813,0.8312737,-0.03633346,-0.67214525,0.32364127,0.11335208,0.50469923
../data/train_data_mmini/9/Train_0044.jpg	9	-1.0,-1.0,1.0,1.0,1.0,1.0,-1.0,1.0,1.0,1.0,-1.0,1.0	-0.9105023,-0.29348865,1.6137669,0.041870218,0.66548467,1.1887872,-1.2462041,0.526364,0.5948632,0.5253196,-0.4781002,0.6043134
../data/train_data_mmini/10/Train_0045.jpg	10	-1.0,1.0,1.0,-1.0,1.0,1.0,-1.0,1.0,1.0,-1.0,-1.0,1.0	-1.5757272,0.052849665,2.634088,-1.046816,1.0677716,1.9555981,-2.4545133,0.6271165,1.9407065,-0.017469598,-0.6242601,0.94548833
../data/train_data_mmini/10/Train_0046.jpg	10	-1.0,1.0,1.0,-1.0,1.0,1.0,-1.0,1.0,1.0,-1.0,1.0,1.0	-1.4439588,0.040623948,2.4113414,-0.9945639,0.52498263,1.976994,-2.5333722,0.47980896,1.8976827,-0.09332456,0.038092785,0.5521076
../data/train_data_mmini/10/Train_0047.jpg	10	-1.0,-1.0,1.0,-1.0,1.0,1.0,-1.0,1.0,1.0,1.0,-1.0,1.0	-1.6853956,-0.111886755,1.9351369,-1.0827336,0.7040312,1.8099515,-2.1560996,0.5635605,1.8916836,0.15206017,-0.33658022,1.318376
../data/train_data_mmini/10/Train_0048.jpg	10	-1.0,-1.0,1.0,-1.0,1.0,1.0,-1.0,1.0,1.0,1.0,-1.0,1.0	-1.8063017,-0.08396278,2.582962,-0.0031807758,1.0780555,1.5187818,-2.1186087,0.9731475,1.3025489,0.9029746,-0.88620275,0.95588386
../data/train_data_mmini/10/Train_0049.jpg	10	-1.0,-1.0,1.0,-1.0,1.0,1.0,-1.0,1.0,1.0,1.0,-1.0,1.0	-1.2240683,-0.15830095,1.1738665,-0.8179984,0.69349813,1.1370212,-1.3375211,0.18822318,1.414108,0.11408059,-0.1825022,0.91239053
