../data/train_data_mmini/1/Train_0000.jpg	1	-1.0,-1.0,-1.0,-1.0,-1.0,1.0,-1.0,1.0,-1.0,-1.0,1.0,-1.0,-1.0,-1.0,-1.0,-1.0,1.0,-1.0,-1.0,1.0,-1.0,1.0,-1.0,1.0	-0.7830099,-1.5481495,-0.07816416,-0.8348753,-1.0997813,0.34473857,-1.8091577,0.6307336,-0.42636803,-0.8436189,0.97045815,-0.903806,-0.4559651,-0.031068051,-0.033928327,-2.6248198,1.2018015,-0.26714137,-0.5248676,2.573827,-1.1003925,0.46926585,-1.6280463,2.0408852
../data/train_data_mmini/1/Train_0001.jpg	1	-1.0,-1.0,1.0,1.0,1.0,1.0,-1.0,-1.0,-1.0,1.0,1.0,1.0,1.0,1.0,1.0,-1.0,-1.0,-1.0,-1.0,1.0,-1.0,-1.0,-1.0,1.0	-1.1628702,-2.5604675,1.5118427,4.1580296,1.0304476,1.3137611,-2.287497,-0.26816726,-0.59462816,0.59565145,2.4228716,2.0623038,0.3299837,0.22634706,0.52823603,-2.2853591,-0.18570745,-4.041101,-0.2917483,0.5117186,-1.7152802,-3.0441723,-2.9667726,2.4739516
../data/train_data_mmini/1/Train_0002.jpg	1	-1.0,1.0,-1.0,1.0,-1.0,1.0,-1.0,-1.0,1.0,-1.0,1.0,1.0,-1.0,1.0,1.0,-1.0,-1.0,1.0,-1.0,1.0,-1.0,1.0,-1.0,-1.0	-1.6903588,1.1410135,-1.8780116,0.8236746,-1.6213013,1.5441003,-6.2399087,-1.0910444,1.5204197,-1.9247055,2.2184863,0.86498165,-1.1134081,0.18374914,0.96831,-0.6646945,-2.6823149,0.098758824,-3.0283954,2.7147682,-0.41049826,1.8899082,-0.72092205,-0.10445209
../data/train_data_mmini/1/Train_0003.jpg	1	-1.0,-1.0,-1.0,-1.0,-1.0,-1.0,-1.0,-1.0,1.0,-1.0,-1.0,-1.0,1.0,-1.0,-1.0,-1.0,1.0,-1.0,1.0,1.0,-1.0,1.0,-1.0,1.0	-0.78798014,-2.2239797,-1.1257755,-1.4090736,-2.652273,-0.88324016,-0.21965896,-1.0614688,1.776968,-0.41928822,-0.63774115,-0.7988756,0.872065,-0.82046777,-1.2132727,-2.2378414,2.3344333,-1.1167831,1.9601626,2.723328,-2.3282979,0.34232107,-1.0694919,0.25185537
../data/train_data_mmini/1/Train_0004.jpg	1	1.0,-1.0,1.0,-1.0,-1.0,-1.0,1.0,1.0,-1.0,-1.0,1.0,-1.0,-1.0,1.0,1.0,-1.0,1.0,-1.0,-1.0,1.0,-1.0,1.0,-1.0,1.0	1.4756237,-0.86184525,0.78993464,-0.21686165,-0.122581445,-1.5701946,1.4206938,2.782926,-2.5023994,-0.36053735,0.31404477,-0.12374823,-1.638499,1.1204246,0.005250721,-1.2052224,0.4332657,-0.16093333,-1.6803371,1.2531881,-1.0640144,0.23174432,-0.9723588,1.1647404
../data/train_data_mmini/2/Train_0005.jpg	2	-1.0,1.0,-1.0,-1.0,1.0,1.0,-1.0,1.0,-1.0,1.0,-1.0,-1.0,-1.0,-1.0,-1.0,-1.0,1.0,1.0,1.0,1.0,1.0,1.0,1.0,1.0	-0.038315535,3.3626711,-0.3444857,-0.16447422,0.54927474,1.4508618,-1.0369558,0.060942672,-0.47837925,1.0135764,-2.366171,-0.24884154,-0.4296342,-0.53467023,-0.8336477,-0.3501164,1.0150894,0.07205241,1.4630188,0.5987375,1.5700157,0.93259376,0.9652054,1.2049375
../data/train_data_mmini/2/Train_0006.jpg	2	1.0,1.0,-1.0,1.0,-1.0,-1.0,1.0,-1.0,1.0,-1.0,1.0,1.0,1.0,-1.0,1.0,-1.0,-1.0,1.0,-1.0,-1.0,1.0,-1.0,1.0,-1.0	1.7369143,0.5356135,-0.016175838,1.107722,-1.6538265,-1.604999,2.4604106,-1.6230062,1.4124099,-0.4147372,1.1780535,3.2105975,0.40885967,-0.9710033,0.71552306,-0.18585406,-0.028467443,1.1507242,-0.2031328,-0.2719078,0.49825734,-2.473677,1.1964917,-1.3840046
../data/train_data_mmini/2/Train_0007.jpg	2	1.0,-1.0,1.0,-1.0,-1.0,-1.0,-1.0,1.0,-1.0,-1.0,-1.0,-1.0,1.0,1.0,-1.0,-1.0,1.0,1.0,-1.0,-1.0,-1.0,1.0,-1.0,1.0	0.20484556,-3.5734928,1.8073071,-0.3057912,-0.30513483,-1.4324498,-0.48807466,0.5085587,-0.88398963,-0.07556899,-0.70004106,-0.46772978,1.4629381,0.52784926,-1.4277159,-1.666278,0.22101825,1.1080415,-0.35741752,-0.6239208,-1.5960302,2.92432,-0.84565014,0.802156
../data/train_data_mmini/2/Train_0008.jpg	2	1.0,-1.0,1.0,-1.0,1.0,-1.0,-1.0,1.0,-1.0,-1.0,1.0,-1.0,-1.0,-1.0,1.0,1.0,-1.0,1.0,-1.0,1.0,1.0,-1.0,-1.0,1.0	0.13203256,-0.58631784,2.0625532,-1.9376281,1.8011184,-0.11908331,-0.97505397,1.8978635,-0.6629781,-1.2964607,1.0696406,-0.47251764,-2.3962746,-0.34631807,2.0064871,1.2839532,-0.74780965,1.333911,-1.9681566,0.35168612,2.2780488,-0.8028457,-1.4168308,0.74907404
../data/train_data_mmini/2/Train_0009.jpg	2	-1.0,1.0,1.0,-1.0,-1.0,1.0,1.0,1.0,-1.0,1.0,-1.0,-1.0,-1.0,-1.0,-1.0,1.0,1.0,-1.0,1.0,1.0,1.0,-1.0,1.0,1.0	-2.646298,0.74450105,0.45119536,-0.16776009,-0.93870294,0.9789918,1.2988964,1.1051031,-0.5277417,0.9979897,-2.0843034,-0.9188934,-0.41990796,-0.37985873,-0.78874415,0.53461707,2.591396,-0.5029153,1.3274403,0.8630271,1.9024913,-0.601063,1.4427998,0.6067895
../data/train_data_mmini/3/Train_0010.jpg	3	1.0,-1.0,1.0,1.0,1.0,-1.0,-1.0,1.0,1.0,1.0,1.0,1.0,1.0,1.0,1.0,-1.0,1.0,-1.0,1.0,-1.0,1.0,-1.0,-1.0,1.0	1.1874304,-0.34801346,2.9646108,2.1003363,0.87060034,-0.50324655,-0.6524902,0.45684364,0.63022894,2.7156796,0.0051677497,0.33139816,1.956354,0.7480884,1.5149934,-2.3472044,2.134635,-1.9918792,0.9351055,-0.41138262,1.3666631,-1.79115,-1.0946059,2.4058442
../data/train_data_mmini/3/Train_0011.jpg	3	1.0,1.0,-1.0,-1.0,1.0,-1.0,-1.0,1.0,1.0,1.0,1.0,1.0,-1.0,1.0,-1.0,-1.0,-1.0,1.0,-1.0,1.0,-1.0,-1.0,-1.0,1.0	0.856607,0.3709652,-1.5303775,-0.033597533,1.7786239,-0.20293117,-5.0684934,0.7144965,0.73639864,1.3473148,2.2069197,3.1081057,-0.69263726,0.5210582,-1.5977651,-1.687527,-1.3349037,0.4328979,-2.3721876,1.4462583,-0.74942154,-0.14133096,-1.8747373,2.8719323
../data/train_data_mmini/3/Train_0012.jpg	3	-1.0,-1.0,-1.0,1.0,-1.0,1.0,-1.0,-1.0,1.0,1.0,1.0,1.0,-1.0,-1.0,-1.0,-1.0,-1.0,-1.0,-1.0,1.0,-1.0,-1.0,-1.0,-1.0	-0.52704984,-0.453628,-2.3904598,0.80126816,-0.26199314,1.3153415,-1.3120854,-0.28151459,0.9362758,1.1061193,0.9995383,1.7666445,-1.2810707,-1.431953,-1.1129767,-0.76735216,-0.70698476,-2.761048,-0.40021893,1.6781701,-1.0760485,-0.9813405,-0.61755383,-0.9456786
../data/train_data_mmini/3/Train_0013.jpg	3	1.0,1.0,1.0,1.0,1.0,1.0,-1.0,1.0,1.0,-1.0,1.0,-1.0,1.0,1.0,1.0,1.0,-1.0,-1.0,-1.0,-1.0,1.0,-1.0,-1.0,1.0	1.3242911,2.0092158,0.25194967,1.3529259,0.9476441,0.5365275,-1.073118,0.14136137,2.6916049,-0.29556128,2.8727674,-0.7925023,0.1793258,0.08196753,0.7913186,0.22015908,-1.1858189,-2.5277243,-0.5832835,-0.5835023,1.4785124,-0.5371652,-0.52241844,0.75479794
../data/train_data_mmini/3/Train_0014.jpg	3	-1.0,-1.0,1.0,1.0,1.0,-1.0,-1.0,1.0,1.0,1.0,-1.0,1.0,-1.0,1.0,-1.0,-1.0,1.0,1.0,-1.0,1.0,1.0,-1.0,1.0,1.0	-0.34199455,-0.58605963,2.163799,0.77129376,0.948172,-0.9472222,-0.08125563,1.5629832,0.50090396,2.177091,-1.2228996,1.6916277,-0.67105526,0.59182435,-0.674585,-0.7987706,0.50557303,0.19543482,-0.89220065,0.6909397,2.868675,-0.6406174,0.8345948,0.34186098
../data/train_data_mmini/4/Train_0015.jpg	4	1.0,1.0,-1.0,-1.0,1.0,1.0,-1.0,1.0,-1.0,-1.0,-1.0,-1.0,-1.0,-1.0,-1.0,-1.0,-1.0,1.0,-1.0,1.0,1.0,1.0,-1.0,-1.0	0.36983645,0.074106455,-0.45214942,-2.2854831,1.2943767,0.797079,-2.6037705,0.041784976,-0.14017136,-1.6168034,-0.07450613,-2.0706465,-2.6834621,-0.7443293,-0.03590513,-0.15539362,-1.1305295,0.38095313,-1.0247517,0.23386891,0.8335066,1.176185,-1.2992918,-0.6814383
../data/train_data_mmini/4/Train_0016.jpg	4	-1.0,1.0,-1.0,-1.0,-1.0,1.0,-1.0,-1.0,1.0,1.0,-1.0,1.0,-1.0,-1.0,-1.0,1.0,-1.0,-1.0,-1.0,1.0,-1.0,1.0,-1.0,1.0	-2.7078526,1.1402575,-1.9434264,-0.66698295,-0.77608794,2.5155213,-3.6338913,-1.7396604,1.1868501,1.8802975,-1.278292,0.28068516,-0.0021671213,-0.06796574,-1.309628,0.12091135,-0.16361703,-1.4594235,-0.28994218,1.0701084,-1.2440377,1.4182847,-0.4953427,1.0914476
../data/train_data_mmini/4/Train_0017.jpg	4	1.0,1.0,-1.0,1.0,-1.0,-1.0,-1.0,-1.0,1.0,-1.0,-1.0,1.0,-1.0,-1.0,-1.0,-1.0,-1.0,1.0,-1.0,-1.0,-1.0,-1.0,1.0,-1.0	0.5276936,0.45623842,-2.48582,0.32981506,-0.5961411,-0.29715684,-1.6823758,-1.9412832,1.6798024,-0.12233384,-0.14086232,3.2530124,-1.0310895,-2.0849557,-1.2849635,-0.4595071,-1.9479444,0.6564766,-0.41913778,-0.5316251,-0.6335808,-0.55520636,1.0751846,-2.184207
../data/train_data_mmini/4/Train_0018.jpg	4	1.0,-1.0,1.0,-1.0,1.0,-1.0,-1.0,1.0,1.0,1.0,-1.0,1.0,-1.0,-1.0,-1.0,1.0,1.0,1.0,-1.0,1.0,1.0,1.0,1.0,1.0	0.23142587,-0.16218641,0.24152017,-2.1199584,1.1263065,-0.9338955,-1.6851628,2.0011923,0.75107604,2.6024072,-0.99171126,0.7814194,-0.8433707,-0.60974085,-2.127264,0.034240436,0.6608808,1.8785702,-1.1109529,1.2561057,1.78433,0.8359432,1.1746641,2.0451164
../data/train_data_mmini/4/Train_0019.jpg	4	1.0,1.0,-1.0,1.0,-1.0,1.0,1.0,1.0,-1.0,-1.0,1.0,1.0,1.0,1.0,1.0,1.0,-1.0,-1.0,-1.0,-1.0,1.0,-1.0,1.0,-1.0	3.9988642,4.8491,-0.93296117,1.4993465,-0.67610365,0.5852602,3.0131109,0.8226685,-1.6285928,-1.9876647,1.275389,0.8620605,0.527176,1.9971745,0.9580994,1.7482861,-0.29816037,-2.5941184,-1.36841,-1.4789144,0.055096198,-0.37756202,1.5042912,-0.5625545
../data/train_data_mmini/5/Train_0020.jpg	5	-1.0,-1.0,1.0,1.0,-1.0,-1.0,1.0,-1.0,-1.0,-1.0,-1.0,-1.0,1.0,1.0,-1.0,-1.0,1.0,-1.0,-1.0,1.0,-1.0,1.0,-1.0,-1.0	-0.9197278,-2.32854,1.2422208,1.8178407,-1.1992462,-0.3479894,0.9384141,-0.6952234,-1.1886533,-0.38370934,-0.52877575,-0.035999183,1.8330737,0.23461667,-0.20291917,-0.775284,0.02540188,-0.07204801,-0.40461496,0.33433455,-3.3885074,1.7459831,-0.24153356,-0.11496224
../data/train_data_mmini/5/Train_0021.jpg	5	1.0,-1.0,-1.0,-1.0,1.0,-1.0,1.0,1.0,1.0,-1.0,1.0,-1.0,-1.0,1.0,-1.0,-1.0,1.0,1.0,-1.0,1.0,1.0,-1.0,-1.0,-1.0	0.04893597,-2.1847186,-0.49870867,-2.6989207,0.20085536,-1.3633512,0.5645093,1.3377737,0.6300537,-1.7899724,0.8169219,-1.1216475,-1.8437457,0.45020357,-1.3847572,-1.2783232,0.7079139,1.0397058,-0.06439892,0.54865277,1.7321178,-1.2352308,-0.5163374,-0.073749594
../data/train_data_mmini/5/Train_0022.jpg	5	-1.0,-1.0,1.0,1.0,-1.0,-1.0,1.0,1.0,-1.0,-1.0,1.0,-1.0,1.0,1.0,1.0,1.0,1.0,1.0,1.0,-1.0,-1.0,-1.0,1.0,1.0	-1.0672036,-1.5052593,1.9727799,1.0029472,-0.47391427,-0.84852964,2.5748672,0.087425195,-1.1538632,-1.1747566,0.35423443,-0.64134294,0.1273214,0.19820507,1.1804541,0.11214579,0.24020879,1.6456858,0.525781,-0.28827208,-0.31141868,-0.5747782,0.35137895,0.037487634
../data/train_data_mmini/5/Train_0023.jpg	5	-1.0,-1.0,1.0,-1.0,-1.0,-1.0,1.0,-1.0,1.0,-1.0,-1.0,-1.0,1.0,1.0,-1.0,-1.0,1.0,-1.0,1.0,1.0,-1.0,1.0,-1.0,-1.0	-0.6384126,-3.7555466,0.91120803,-0.096827336,-1.2376761,-1.7479912,1.4990067,-0.8058331,1.0827787,-0.1738282,-0.6631869,-1.2678533,1.4238783,1.0632882,-1.9890141,-1.8427399,1.6219401,-0.24906954,1.381305,0.9870823,-2.2966485,0.9264388,-1.4002664,-0.37498865
../data/train_data_mmini/5/Train_0024.jpg	5	-1.0,-1.0,1.0,-1.0,-1.0,1.0,-1.0,1.0,-1.0,-1.0,-1.0,-1.0,-1.0,-1.0,-1.0,-1.0,1.0,1.0,-1.0,1.0,1.0,1.0,-1.0,1.0	-1.5124929,-1.2946427,0.39455327,-1.4141651,-1.2599893,0.3752707,-0.53852534,1.9561031,-0.8377589,-0.10282092,-1.0699065,-1.3458272,-1.7644203,-0.1665841,-1.2440071,-1.339085,1.8259468,0.5130371,-0.21007797,2.6365762,0.2927588,1.2940503,-0.35939923,1.6044091
../data/train_data_mmini/6/Train_0025.jpg	6	1.0,1.0,-1.0,1.0,-1.0,1.0,-1.0,-1.0,1.0,1.0,-1.0,1.0,1.0,1.0,-1.0,-1.0,1.0,-1.0,1.0,-1.0,-1.0,1.0,-1.0,1.0	3.1893785,2.772558,-2.4874077,0.4947599,-0.3660083,1.2241683,-0.78167754,-0.97246355,1.6672151,0.5607937,-0.66237354,1.237533,2.4692147,1.8286338,-3.4383872,-0.26446664,1.1396198,-0.58558947,0.60823226,-0.13844623,-1.5239979,3.3164477,-0.4175505,0.14080693
../data/train_data_mmini/6/Train_0026.jpg	6	1.0,-1.0,-1.0,-1.0,1.0,-1.0,-1.0,1.0,-1.0,1.0,-1.0,1.0,1.0,-1.0,-1.0,1.0,1.0,1.0,1.0,-1.0,-1.0,-1.0,1.0,1.0	1.4376189,-1.476184,-0.23873125,-1.5260272,1.1361686,-1.2863624,-0.12723827,1.0316434,-3.8519258,0.578296,-1.4721416,3.7040756,1.864932,-2.7889743,-1.5873106,0.1006478,1.9352437,1.8324193,0.26771802,-4.5856376,-1.9470166,-0.015116899,1.4178208,2.8049629
../data/train_data_mmini/6/Train_0027.jpg	6	1.0,-1.0,1.0,1.0,1.0,1.0,-1.0,-1.0,-1.0,1.0,-1.0,1.0,1.0,1.0,-1.0,-1.0,1.0,-1.0,-1.0,-1.0,-1.0,-1.0,-1.0,1.0	0.24480504,-0.42817044,0.96362805,2.0492978,1.6872869,0.27996337,-1.1613196,-1.0862546,-0.14258201,4.522524,-0.7022405,1.3295088,2.511005,0.60974854,-0.4401554,-1.109721,0.5336045,-2.766913,-0.29609904,-1.2533196,-0.794561,-1.4022045,-0.44119865,0.8364455
../data/train_data_mmini/6/Train_0028.jpg	6	-1.0,-1.0,-1.0,-1.0,1.0,-1.0,-1.0,1.0,1.0,1.0,1.0,1.0,1.0,-1.0,1.0,1.0,-1.0,1.0,-1.0,1.0,-1.0,-1.0,1.0,1.0	-1.7813029,-2.167158,-0.023245169,-1.2141696,0.55715585,-1.6034434,-2.9708006,1.0972213,1.8065846,1.4757134,2.668949,3.4175506,0.310373,-0.08899342,0.33850145,0.060068596,-1.988677,3.6844165,-3.9077923,0.4865087,-0.24019702,-1.6734562,0.04917775,1.6950834
../data/train_data_mmini/6/Train_0029.jpg	6	1.0,1.0,-1.0,-1.0,-1.0,1.0,-1.0,1.0,1.0,-1.0,1.0,-1.0,-1.0,1.0,-1.0,1.0,1.0,-1.0,-1.0,1.0,1.0,1.0,-1.0,1.0	0.40505868,4.1246405,-2.0458639,-1.693568,-1.5593704,1.6518638,-0.33227533,1.2832885,1.432499,-0.85501915,0.02118862,-3.980375,-1.7186967,0.7852785,-0.66571105,1.7434931,1.2479584,-4.002624,-0.4361788,0.7101739,1.3116353,3.301482,-0.20377164,0.13934018
../data/train_data_mmini/7/Train_0030.jpg	7	-1.0,1.0,-1.0,1.0,-1.0,1.0,1.0,-1.0,-1.0,-1.0,-1.0,-1.0,1.0,-1.0,-1.0,1.0,1.0,1.0,1.0,1.0,-1.0,-1.0,1.0,1.0	-3.038092,1.0532807,-0.9320177,0.15869541,-1.0565586,1.8295372,0.6813571,-1.5914998,-0.3563568,-0.82280463,-1.547617,-0.041083198,0.53613955,-0.5183607,-0.49915186,1.5780486,1.56142,0.6957845,1.4224811,0.6293253,-0.96288747,-0.83240026,1.6176313,0.42032745
../data/train_data_mmini/7/Train_0031.jpg	7	-1.0,1.0,-1.0,-1.0,-1.0,1.0,1.0,-1.0,1.0,1.0,-1.0,1.0,1.0,-1.0,1.0,1.0,1.0,1.0,1.0,-1.0,1.0,-1.0,1.0,-1.0	-1.943612,0.83922815,-0.0044629364,-1.0393147,-0.86684024,0.13915953,0.05336361,-1.1567346,1.7679188,2.269861,-0.5818921,0.016479157,0.6804598,-3.8867772,0.45456743,0.73733205,0.692139,0.7330232,0.15657529,-0.6897181,1.4191233,-0.2534908,1.2384722,-0.0032183453
../data/train_data_mmini/7/Train_0032.jpg	7	1.0,1.0,1.0,-1.0,1.0,-1.0,-1.0,1.0,1.0,1.0,1.0,-1.0,1.0,1.0,-1.0,-1.0,-1.0,-1.0,-1.0,1.0,1.0,-1.0,-1.0,1.0	1.6506633,1.1415911,1.0984982,-0.7022471,2.1935704,-0.94685537,-2.3739705,1.6213801,1.9293486,2.2477682,0.25406006,-0.05781309,0.08292796,0.000291174,-0.58714086,-0.87298065,-0.38099685,-0.12817743,-0.2498554,0.029106133,1.4226025,-0.6778872,-0.41717038,2.1622138
../data/train_data_mmini/7/Train_0033.jpg	7	-1.0,1.0,1.0,1.0,-1.0,-1.0,-1.0,-1.0,-1.0,1.0,-1.0,1.0,1.0,-1.0,-1.0,-1.0,1.0,-1.0,-1.0,-1.0,-1.0,-1.0,1.0,-1.0	-1.0630931,0.12315927,0.5927501,1.2868952,-2.0595646,-0.08508679,-0.34365243,-0.27373236,-0.2997191,3.701452,-1.746487,2.7358146,0.87674886,-2.8497653,-0.7757051,-1.6131687,0.86189544,-1.1795613,-0.58986765,-0.16567229,-0.22131063,-0.32813153,1.1463312,-0.4407342
../data/train_data_mmini/7/Train_0034.jpg	7	1.0,-1.0,1.0,-1.0,1.0,-1.0,-1.0,1.0,1.0,1.0,1.0,1.0,-1.0,1.0,-1.0,-1.0,1.0,-1.0,-1.0,1.0,1.0,-1.0,-1.0,1.0	1.8429888,-0.41247806,0.49294284,-0.65660745,1.8411041,-1.0907358,-2.694485,2.6206875,1.2360125,3.3282356,0.2524884,0.74754286,-0.18446644,1.0552483,-1.8226559,-2.0473511,1.1867929,-1.1874886,-0.6955508,0.56736076,0.17025809,-1.0317078,-1.1755053,2.6655302
../data/train_data_mmini/8/Train_0035.jpg	8	-1.0,1.0,1.0,1.0,1.0,1.0,-1.0,1.0,1.0,-1.0,-1.0,-1.0,-1.0,1.0,-1.0,-1.0,1.0,-1.0,1.0,1.0,1.0,-1.0,-1.0,1.0	-1.9724208,0.72760516,1.630274,1.030821,2.0706253,1.2437491,-0.3240713,0.03914749,2.543809,-0.40700206,-0.30617806,-2.3513484,-0.88906974,1.4360046,-0.4061664,-0.22559197,0.6108193,-1.4182738,2.7374928,0.051754214,4.637824,-2.3117914,-0.8984884,1.2419361
../data/train_data_mmini/8/Train_0036.jpg	8	-1.0,1.0,-1.0,-1.0,-1.0,1.0,-1.0,-1.0,1.0,1.0,-1.0,1.0,1.0,-1.0,-1.0,1.0,-1.0,1.0,-1.0,-1.0,1.0,1.0,1.0,-1.0	-0.7621083,2.6560097,-1.5418699,-0.77911484,-0.2769037,0.47020555,-3.0180364,-2.1622965,2.5104516,3.104936,-1.7696991,1.0713323,2.0828562,-2.318881,-1.4292122,0.10215069,-1.1189387,3.0582762,-0.16997327,-0.5837881,0.9365777,1.7105986,1.9480091,-0.2904688
../data/train_data_mmini/8/Train_0037.jpg	8	1.0,-1.0,-1.0,-1.0,1.0,-1.0,-1.0,1.0,-1.0,1.0,-1.0,1.0,-1.0,-1.0,-1.0,-1.0,1.0,1.0,-1.0,-1.0,1.0,-1.0,1.0,1.0	0.30631927,-0.6492147,-1.3845981,-1.8091888,1.1826369,-0.7438836,-2.656953,0.73575,-0.067355104,2.7854323,-1.0230271,1.8457854,-0.23046905,-1.6618321,-2.4679847,-0.7260239,0.6898848,1.0295842,-0.2566421,-0.7721388,0.0025946137,-0.038575985,0.24470875,1.8516631
../data/train_data_mmini/8/Train_0038.jpg	8	-1.0,1.0,1.0,1.0,1.0,1.0,-1.0,-1.0,1.0,-1.0,1.0,-1.0,-1.0,-1.0,1.0,1.0,1.0,-1.0,1.0,-1.0,1.0,-1.0,-1.0,1.0	-4.4752994,0.9917512,1.557008,0.5776115,0.085285105,2.7343044,-1.2308041,-1.0875536,1.452949,-0.7238485,0.5157562,-2.3054967,-0.2662071,-1.3980397,1.8043052,0.15323526,0.5629414,-1.982652,1.4664383,-0.5053423,1.9836148,-1.9734166,-0.11569474,1.7982287
../data/train_data_mmini/8/Train_0039.jpg	8	1.0,1.0,1.0,1.0,1.0,1.0,-1.0,1.0,1.0,1.0,1.0,-1.0,-1.0,1.0,-1.0,-1.0,-1.0,-1.0,1.0,-1.0,1.0,-1.0,-1.0,1.0	1.2766166,2.2463737,0.0271098,0.92776704,1.2532206,0.73348,-1.2957367,0.53347915,3.2214234,1.004032,1.1611286,-1.6355469,-0.1796338,0.96281165,-1.3882132,-0.8280153,-0.6091847,-3.1841304,1.2156117,-0.045322597,2.8885021,-0.13207395,-0.5141434,0.39811075
../data/train_data_mmini/9/Train_0040.jpg	9	1.0,-1.0,-1.0,-1.0,1.0,-1.0,-1.0,1.0,-1.0,-1.0,1.0,-1.0,-1.0,-1.0,-1.0,-1.0,-1.0,1.0,-1.0,-1.0,-1.0,1.0,-1.0,-1.0	0.83416444,-1.840269,-0.8700259,-1.8177228,0.8632254,-0.59238166,-0.6696938,0.67465526,-1.1496581,-0.61444914,0.10064549,-0.12774092,-1.1261829,-0.8731314,-1.1961393,-0.70388067,-0.39475274,0.31407768,-1.1806555,-0.43609667,-0.43529052,1.1935604,-0.06855666,-0.471077
../data/train_data_mmini/9/Train_0041.jpg	9	-1.0,1.0,1.0,1.0,1.0,-1.0,-1.0,1.0,1.0,1.0,1.0,1.0,1.0,-1.0,-1.0,-1.0,-1.0,-1.0,-1.0,1.0,-1.0,-1.0,1.0,1.0	-0.13215306,0.6509288,0.92615265,2.977893,0.4672136,-0.18926613,-1.7384192,0.59210455,1.0023146,4.728552,0.18279997,2.213567,1.417318,-0.07054854,-0.21469648,-2.0656803,-0.32900938,-3.5142465,-1.3291448,1.1459286,-0.23476826,-0.012652899,0.556449,1.5386977
../data/train_data_mmini/9/Train_0042.jpg	9	1.0,-1.0,-1.0,-1.0,1.0,1.0,-1.0,1.0,-1.0,-1.0,1.0,-1.0,-1.0,-1.0,-1.0,-1.0,-1.0,-1.0,-1.0,1.0,1.0,1.0,-1.0,-1.0	0.49778217,-0.90156865,-0.92184955,-2.139654,2.1147745,0.8403854,-2.901968,1.0381229,-0.9112939,-0.13339363,0.2797589,-0.7773914,-3.231463,-0.90736705,-1.390275,-0.631134,-0.61863595,-0.62439847,-1.886264,0.9496074,0.5761416,2.0794587,-2.1556013,-0.12852915
../data/train_data_mmini/9/Train_0043.jpg	9	-1.0,-1.0,1.0,1.0,1.0,-1.0,1.0,1.0,-1.0,-1.0,-1.0,1.0,-1.0,1.0,1.0,1.0,-1.0,1.0,-1.0,1.0,1.0,-1.0,1.0,-1.0	-0.48421878,-0.8042411,1.412088,0.7714339,0.5608959,-1.1973369,1.4480733,1.206747,-1.1018304,-0.13823321,-0.26311183,0.9798979,-1.4512705,1.5512305,0.3737122,1.0484242,-1.0358951,3.2706423,-0.947056,1.739478,2.0333557,-0.24495062,1.508023,-0.6844132
../data/train_data_mmini/9/Train_0044.jpg	9	-1.0,1.0,-1.0,1.0,-1.0,1.0,1.0,-1.0,1.0,-1.0,1.0,1.0,-1.0,1.0,1.0,1.0,-1.0,-1.0,1.0,1.0,-1.0,-1.0,-1.0,-1.0	-0.48591453,1.9191211,-1.9385446,0.5693185,-0.17512465,1.7849425,0.061682656,-0.5139118,0.37229857,-0.06008907,0.84831536,0.33445525,-0.83877903,0.5452305,0.57959,0.023828011,-0.10252245,-2.2851248,0.5515897,0.8084409,-0.29992196,-0.6332475,-0.8667353,-0.47994602
../data/train_data_mmini/10/Train_0045.jpg	10	1.0,1.0,1.0,-1.0,1.0,-1.0,1.0,1.0,1.0,1.0,1.0,-1.0,1.0,-1.0,1.0,1.0,1.0,-1.0,1.0,-1.0,1.0,-1.0,-1.0,-1.0	2.8469875,0.20241939,1.6389102,-0.665991,0.9590639,-1.1421536,1.0926378,0.40757537,3.3516798,2.754737,0.27732763,-2.333062,1.724562,-1.1094863,0.54571307,0.27793622,0.6927952,-1.620751,1.9493315,-1.3871175,2.2370958,-0.31666934,-0.72862184,-1.0257148
../data/train_data_mmini/10/Train_0046.jpg	10	1.0,1.0,-1.0,1.0,-1.0,1.0,-1.0,1.0,-1.0,1.0,1.0,-1.0,-1.0,1.0,-1.0,-1.0,-1.0,-1.0,1.0,1.0,1.0,1.0,-1.0,1.0	1.4269016,0.90898323,-0.9631254,1.233183,-0.35854474,1.0116415,-2.7881916,0.022899522,-0.53534245,0.546883,1.5933819,-0.367365,-1.9933617,0.9380765,-0.5803926,-2.164059,-0.5186632,-3.5309873,0.77496785,1.1498182,0.4532379,0.011086085,-2.2478821,0.5924328
../data/train_data_mmini/10/Train_0047.jpg	10	1.0,1.0,1.0,-1.0,1.0,-1.0,-1.0,1.0,1.0,1.0,-1.0,-1.0,-1.0,-1.0,-1.0,1.0,1.0,1.0,1.0,-1.0,1.0,1.0,1.0,1.0	2.6571896,3.0092096,0.015180511,-2.3269439,0.8301695,-0.6189543,-0.71328664,0.65172404,3.375722,1.4725279,-0.3650311,-2.1337805,-0.046556707,-0.88660365,-1.0072294,0.119361915,0.073322356,1.4754561,1.4225165,-0.06325594,1.9678841,0.8664035,0.00090749265,0.86276746
../data/train_data_mmini/10/Train_0048.jpg	10	1.0,1.0,-1.0,1.0,1.0,1.0,-1.0,-1.0,1.0,1.0,1.0,-1.0,1.0,-1.0,-1.0,1.0,-1.0,-1.0,1.0,-1.0,1.0,1.0,-1.0,-1.0	3.057101,2.6493611,-1.6523322,0.22584832,0.5459306,1.2050449,-0.24158286,-1.5215521,3.5231237,0.12961997,1.453374,-2.8194587,0.3727028,-0.8561685,-0.17897408,1.7574798,-1.3914258,-4.139476,1.9199983,-3.408564,1.324182,1.8920331,-1.0873415,-1.8748167
../data/train_data_mmini/10/Train_0049.jpg	10	1.0,1.0,1.0,1.0,1.0,1.0,-1.0,1.0,1.0,1.0,1.0,-1.0,-1.0,1.0,-1.0,-1.0,1.0,-1.0,1.0,1.0,1.0,-1.0,-1.0,1.0	0.20011593,1.7168701,1.2999185,1.0685879,2.072881,0.44837165,-1.249093,1.1227928,1.9905318,0.5198945,0.35285416,-1.1440182,-0.033130217,2.335494,-1.2157586,-1.0898186,0.11985642,-2.4835794,1.2430416,0.30861273,2.6125665,-0.82066965,-0.62550884,2.2021034
