../data/train_data_mmini/1/Train_0000.jpg	1	1.0,-1.0,-1.0,1.0,1.0,-1.0,-1.0,-1.0	1.4113424,-2.1295338,-1.1847434,8.049936,0.31781107,-7.7262955,-5.1724215,-7.978442
../data/train_data_mmini/1/Train_0001.jpg	1	1.0,-1.0,-1.0,1.0,1.0,-1.0,-1.0,-1.0	1.4249536,-1.9859176,-1.5652239,7.5889926,0.44278425,-6.526443,-4.631352,-7.322244
../data/train_data_mmini/1/Train_0002.jpg	1	1.0,-1.0,-1.0,1.0,1.0,-1.0,-1.0,-1.0	1.1262293,-1.3184717,-0.8303714,5.466081,0.36393893,-5.2963066,-3.688984,-5.60512
../data/train_data_mmini/1/Train_0003.jpg	1	1.0,-1.0,-1.0,1.0,1.0,-1.0,-1.0,-1.0	1.5290405,-2.4202867,-1.162848,8.614043,0.30840597,-8.641137,-5.5530157,-8.565113
../data/train_data_mmini/1/Train_0004.jpg	1	1.0,-1.0,-1.0,1.0,1.0,-1.0,-1.0,-1.0	1.3329682,-2.5234652,-1.2806507,8.266965,0.42893687,-8.091089,-5.30379,-8.3102665
../data/train_data_mmini/2/Train_0005.jpg	2	1.0,-1.0,-1.0,1.0,1.0,-1.0,-1.0,-1.0	1.2022654,-1.8770167,-0.9762578,6.2542334,0.32137027,-6.1587825,-4.194925,-6.4694138
../data/train_data_mmini/2/Train_0006.jpg	2	1.0,-1.0,-1.0,1.0,1.0,-1.0,-1.0,-1.0	1.1014055,-1.235631,-1.752742,6.628685,0.4683561,-4.5037203,-3.8040438,-6.112884
../data/train_data_mmini/2/Train_0007.jpg	2	1.0,-1.0,-1.0,1.0,1.0,-1.0,-1.0,-1.0	1.6253636,-2.8516393,-1.3602942,9.050017,0.42179376,-9.118591,-6.0961385,-9.091392
../data/train_data_mmini/2/Train_0008.jpg	2	1.0,-1.0,-1.0,1.0,1.0,-1.0,-1.0,-1.0	1.339032,-2.0786324,-1.3650068,6.668212,0.58351904,-6.16481,-4.563335,-6.7956247
../data/train_data_mmini/2/Train_0009.jpg	2	1.0,-1.0,-1.0,1.0,1.0,-1.0,-1.0,-1.0	1.3614068,-2.031337,-1.322362,8.413986,0.22840886,-7.867159,-5.37308,-8.405578
../data/train_data_mmini/3/Train_0010.jpg	3	1.0,-1.0,-1.0,1.0,1.0,-1.0,-1.0,-1.0	1.188773,-1.6578748,-1.3957253,4.9245725,0.51476854,-4.520472,-3.3526351,-5.4365277
../data/train_data_mmini/3/Train_0011.jpg	3	1.0,-1.0,-1.0,1.0,1.0,-1.0,-1.0,-1.0	0.60505325,-0.92325836,-0.7441285,4.909427,0.06587156,-4.4233756,-3.1236875,-4.8942914
../data/train_data_mmini/3/Train_0012.jpg	3	1.0,-1.0,-1.0,1.0,1.0,-1.0,-1.0,-1.0	0.4424343,-1.324184,-0.41513914,6.7478895,0.11810454,-7.1872134,-4.00903,-6.6973124
../data/train_data_mmini/3/Train_0013.jpg	3	1.0,-1.0,-1.0,1.0,1.0,-1.0,-1.0,-1.0	1.1237473,-1.5599087,-1.3098575,6.0290284,0.6024139,-5.144234,-3.7534943,-6.082833
../data/train_data_mmini/3/Train_0014.jpg	3	1.0,-1.0,-1.0,1.0,1.0,-1.0,-1.0,-1.0	1.1473371,-1.621996,-1.2094768,6.9342933,0.24368654,-6.351715,-4.496765,-6.9671288
../data/train_data_mmini/4/Train_0015.jpg	4	1.0,-1.0,-1.0,1.0,1.0,-1.0,-1.0,-1.0	1.138147,-2.0296345,-1.0728365,7.1222796,0.3903259,-7.1221075,-4.9278584,-7.2265563
../data/train_data_mmini/4/Train_0016.jpg	4	1.0,-1.0,-1.0,1.0,1.0,-1.0,-1.0,-1.0	1.094746,-1.8456391,-0.88835096,5.2441235,0.4009987,-5.351249,-3.449637,-5.37171
../data/train_data_mmini/4/Train_0017.jpg	4	1.0,-1.0,-1.0,1.0,1.0,-1.0,-1.0,-1.0	0.7008198,-1.0877055,-1.7029891,6.110113,0.33191854,-4.0535173,-3.2126791,-5.693691
../data/train_data_mmini/4/Train_0018.jpg	4	1.0,-1.0,-1.0,1.0,1.0,-1.0,-1.0,-1.0	0.7988213,-1.4953815,-0.9292036,5.0910406,0.10871706,-4.8319993,-3.292414,-5.213188
../data/train_data_mmini/4/Train_0019.jpg	4	1.0,-1.0,-1.0,1.0,1.0,-1.0,-1.0,-1.0	1.4771447,-2.0353546,-2.1092544,6.588479,0.6628768,-4.4428835,-3.9674714,-6.335059
../data/train_data_mmini/5/Train_0020.jpg	5	1.0,-1.0,-1.0,1.0,1.0,-1.0,-1.0,-1.0	1.7629501,-2.8432128,-1.5404366,9.137691,0.44313174,-8.827203,-6.0170712,-9.094709
../data/train_data_mmini/5/Train_0021.jpg	5	1.0,-1.0,-1.0,1.0,1.0,-1.0,-1.0,-1.0	1.4131833,-2.0855284,-1.1799469,8.961472,0.30763367,-8.810746,-6.0176654,-9.036044
../data/train_data_mmini/5/Train_0022.jpg	5	1.0,-1.0,-1.0,1.0,1.0,-1.0,-1.0,-1.0	1.4479096,-2.5428445,-1.414094,8.474627,0.45675445,-8.229487,-5.6001782,-8.518382
../data/train_data_mmini/5/Train_0023.jpg	5	1.0,-1.0,-1.0,1.0,1.0,-1.0,-1.0,-1.0	1.6337496,-2.5272605,-1.2272552,9.07187,0.29748195,-9.057933,-5.9795046,-8.978717
../data/train_data_mmini/5/Train_0024.jpg	5	1.0,-1.0,-1.0,1.0,1.0,-1.0,-1.0,-1.0	1.3234123,-2.3277216,-0.8416008,8.113427,0.3027288,-8.811286,-5.510805,-8.290119
../data/train_data_mmini/6/Train_0025.jpg	6	1.0,-1.0,-1.0,1.0,1.0,-1.0,-1.0,-1.0	0.8258463,-1.4033918,-0.53886783,4.905899,0.33390003,-5.608843,-3.130511,-5.4581323
../data/train_data_mmini/6/Train_0026.jpg	6	1.0,-1.0,-1.0,1.0,1.0,-1.0,-1.0,-1.0	1.3841921,-2.3492725,-2.302105,7.899189,0.19383548,-5.538769,-4.354834,-7.3698115
../data/train_data_mmini/6/Train_0027.jpg	6	1.0,-1.0,-1.0,1.0,1.0,-1.0,-1.0,-1.0	0.9601786,-1.2957367,-0.7404419,4.8731275,0.14346771,-4.788264,-3.2134604,-5.1383767
../data/train_data_mmini/6/Train_0028.jpg	6	1.0,-1.0,-1.0,1.0,1.0,-1.0,-1.0,-1.0	0.8855213,-1.6386192,-1.1404669,6.4443865,0.3473975,-5.6581683,-3.9217381,-6.276705
../data/train_data_mmini/6/Train_0029.jpg	6	1.0,-1.0,-1.0,1.0,1.0,-1.0,-1.0,-1.0	1.0309762,-1.8021624,-0.5755863,5.675544,0.42275757,-6.3972893,-3.9116435,-6.4052057
../data/train_data_mmini/7/Train_0030.jpg	7	1.0,-1.0,-1.0,1.0,1.0,-1.0,-1.0,-1.0	1.5022577,-2.2022753,-1.3985925,8.6480875,0.33003286,-7.755909,-5.463499,-8.4128475
../data/train_data_mmini/7/Train_0031.jpg	7	1.0,-1.0,-1.0,1.0,1.0,-1.0,-1.0,-1.0	0.9089137,-1.7879537,-1.2750313,7.7244325,0.23648213,-7.363461,-4.766474,-7.754938
../data/train_data_mmini/7/Train_0032.jpg	7	1.0,-1.0,-1.0,1.0,1.0,-1.0,-1.0,-1.0	0.8495045,-1.09669,-0.8491771,5.6659055,0.25667334,-5.43197,-3.7469013,-5.8882565
../data/train_data_mmini/7/Train_0033.jpg	7	1.0,-1.0,-1.0,1.0,1.0,-1.0,-1.0,-1.0	1.3328041,-1.831184,-1.2551022,7.5227475,0.14350908,-6.845149,-4.7190194,-7.358346
../data/train_data_mmini/7/Train_0034.jpg	7	1.0,-1.0,-1.0,1.0,1.0,-1.0,-1.0,-1.0	0.5834683,-1.0191848,-0.32467866,3.9095066,0.09713086,-4.8642054,-2.954038,-4.5014052
../data/train_data_mmini/8/Train_0035.jpg	8	1.0,-1.0,-1.0,1.0,1.0,-1.0,-1.0,-1.0	1.1568005,-1.5661762,-0.88663816,7.051337,0.32763356,-7.32235,-4.801051,-7.314238
../data/train_data_mmini/8/Train_0036.jpg	8	1.0,-1.0,-1.0,1.0,1.0,-1.0,-1.0,-1.0	0.95030946,-1.6386346,-1.0455184,6.8528295,0.22366364,-7.039434,-4.452296,-7.105493
../data/train_data_mmini/8/Train_0037.jpg	8	1.0,-1.0,-1.0,1.0,1.0,-1.0,-1.0,-1.0	1.0638094,-1.9284046,-1.3854588,7.102926,0.24505061,-6.534535,-4.396406,-7.0695825
../data/train_data_mmini/8/Train_0038.jpg	8	1.0,-1.0,-1.0,1.0,1.0,-1.0,-1.0,-1.0	1.2456045,-1.9219134,-0.90927386,7.091331,0.44121572,-7.485283,-4.909857,-7.441391
../data/train_data_mmini/8/Train_0039.jpg	8	1.0,-1.0,-1.0,1.0,1.0,-1.0,-1.0,-1.0	0.97271025,-1.433672,-0.68657774,6.6772895,0.34501252,-6.781531,-4.3356466,-6.9681435
../data/train_data_mmini/9/Train_0040.jpg	9	1.0,-1.0,-1.0,1.0,1.0,-1.0,-1.0,-1.0	1.4729211,-2.59794,-1.4055047,8.850872,0.38541415,-8.670921,-5.932595,-8.912256
../data/train_data_mmini/9/Train_0041.jpg	9	1.0,-1.0,-1.0,1.0,1.0,-1.0,-1.0,-1.0	1.1683862,-1.8320692,-1.184018,6.4543476,0.2726467,-6.132495,-4.109178,-6.55102
../data/train_data_mmini/9/Train_0042.jpg	9	1.0,-1.0,-1.0,1.0,1.0,-1.0,-1.0,-1.0	1.1077906,-2.3462293,-1.0540241,7.148688,0.48903564,-7.695716,-4.940197,-7.4782825
../data/train_data_mmini/9/Train_0043.jpg	9	1.0,-1.0,-1.0,1.0,1.0,-1.0,-1.0,-1.0	1.5967127,-2.4495451,-1.5746347,8.585461,0.5581792,-8.047769,-5.738601,-8.646307
../data/train_data_mmini/9/Train_0044.jpg	9	1.0,-1.0,-1.0,1.0,1.0,-1.0,-1.0,-1.0	1.2480862,-2.0127628,-1.1019455,7.323368,0.5347454,-7.313312,-4.8673053,-7.603626
../data/train_data_mmini/10/Train_0045.jpg	10	1.0,-1.0,-1.0,1.0,1.0,-1.0,-1.0,-1.0	0.36965236,-0.65199834,-0.4211775,3.2100677,0.2270952,-3.4875498,-2.1508172,-3.822309
../data/train_data_mmini/10/Train_0046.jpg	10	1.0,-1.0,-1.0,1.0,1.0,-1.0,-1.0,-1.0	0.7932234,-0.8852201,-0.49960703,3.285369,0.30951768,-3.640094,-2.4005585,-3.8149583
../data/train_data_mmini/10/Train_0047.jpg	10	1.0,-1.0,-1.0,1.0,1.0,-1.0,-1.0,-1.0	0.93112636,-1.4655447,-0.8240016,6.0549984,0.48715088,-6.503206,-4.2102747,-6.7398953
../data/train_data_mmini/10/Train_0048.jpg	10	1.0,-1.0,1.0,1.0,1.0,-1.0,-1.0,-1.0	0.43719032,-1.1320074,0.19821194,4.559091,0.38241827,-6.5545893,-3.5092764,-5.671322
../data/train_data_mmini/10/Train_0049.jpg	10	1.0,-1.0,-1.0,1.0,1.0,-1.0,-1.0,-1.0	1.1053352,-1.6313689,-0.8586439,6.321133,0.41068023,-6.604375,-4.3508034,-6.7343135
