../data/train_data_mmini/1/Train_0000.jpg	1	1.0,-1.0,1.0,1.0,-1.0,1.0,-1.0,1.0,1.0,-1.0,-1.0,-1.0	0.015510401,-0.24503984,0.40372947,1.0814118,-0.4120007,1.3093762,-1.9041933,0.6867646,1.6885618,-0.587594,-0.6925395,-0.14605239
../data/train_data_mmini/1/Train_0001.jpg	1	1.0,-1.0,1.0,1.0,1.0,1.0,-1.0,1.0,1.0,-1.0,-1.0,1.0	0.14814335,-0.20993792,0.7318624,1.1321622,0.114401974,1.0667655,-1.4694773,0.4352237,1.3863868,-0.7258711,-0.48344842,0.13194492
../data/train_data_mmini/1/Train_0002.jpg	1	-1.0,-1.0,-1.0,1.0,-1.0,-1.0,1.0,1.0,1.0,-1.0,-1.0,-1.0	-1.3112347,-0.19187523,-0.35310313,0.6833087,-0.107021295,-0.5300557,0.19420153,1.0952487,0.98644626,-1.0565244,-0.19070426,-0.32010874
../data/train_data_mmini/1/Train_0003.jpg	1	1.0,-1.0,1.0,1.0,-1.0,1.0,-1.0,1.0,1.0,-1.0,-1.0,1.0	0.8402323,-0.005443737,1.0104517,1.3850818,-0.7025269,2.3256545,-3.119381,0.5967475,1.6945969,-0.3780442,-1.0463192,0.0059250966
../data/train_data_mmini/1/Train_0004.jpg	1	1.0,-1.0,1.0,1.0,-1.0,1.0,-1.0,1.0,1.0,-1.0,-1.0,-1.0	0.48170075,-0.26225728,0.6988738,1.2674222,-0.4757239,1.580059,-2.402898,0.32104456,1.7257005,-0.6276978,-0.8050921,-0.24391767
../data/train_data_mmini/2/Train_0005.jpg	2	-1.0,1.0,-1.0,-1.0,-1.0,-1.0,1.0,-1.0,1.0,-1.0,1.0,1.0	-0.71085465,0.33335292,-0.08154234,-0.45063108,-0.19740057,-1.2342882,0.48225594,-0.6122856,0.31073868,-0.23349053,0.43492064,0.696935
../data/train_data_mmini/2/Train_0006.jpg	2	-1.0,1.0,-1.0,-1.0,-1.0,-1.0,1.0,-1.0,1.0,1.0,1.0,1.0	-0.92203057,0.2984681,-0.18626371,-0.5907195,-0.7278845,-0.7515215,0.46259817,-0.14049743,0.54029477,0.27419907,0.4320062,0.6291576
../data/train_data_mmini/2/Train_0007.jpg	2	1.0,-1.0,1.0,1.0,-1.0,1.0,-1.0,1.0,1.0,-1.0,-1.0,-1.0	0.5576637,-0.23574705,0.81441873,1.3415556,-0.34311163,1.3005917,-2.2407706,0.24090733,1.5740601,-0.7902241,-0.7015097,-0.12471517
../data/train_data_mmini/2/Train_0008.jpg	2	-1.0,-1.0,1.0,1.0,-1.0,1.0,-1.0,1.0,1.0,-1.0,-1.0,-1.0	-0.51405984,-0.613655,0.4925848,0.7607582,-0.48593894,0.15658581,-0.90901244,0.6067706,1.231894,-1.0358751,-0.2465587,-0.1714898
../data/train_data_mmini/2/Train_0009.jpg	2	-1.0,1.0,-1.0,-1.0,-1.0,-1.0,1.0,-1.0,1.0,-1.0,1.0,1.0	-0.9485798,0.30369222,-0.56598675,-0.7454404,-0.46867767,-1.7928219,0.8415984,-0.7484307,0.48860335,-0.110515386,0.8573272,0.4429336
../data/train_data_mmini/3/Train_0010.jpg	3	1.0,-1.0,1.0,1.0,-1.0,-1.0,1.0,-1.0,1.0,-1.0,1.0,-1.0	0.19101214,-0.102093056,0.49632952,0.65702355,-0.0028536245,-0.70471597,0.27178657,-0.63042164,0.4919685,-0.946864,0.30803588,-0.124580674
../data/train_data_mmini/3/Train_0011.jpg	3	-1.0,-1.0,-1.0,1.0,1.0,-1.0,1.0,1.0,-1.0,-1.0,1.0,-1.0	-1.9460399,-0.25484997,-1.067861,0.3319822,1.008086,-3.0464678,2.7549915,0.5593299,-0.09750569,-2.0159378,0.990685,-1.3146347
../data/train_data_mmini/3/Train_0012.jpg	3	-1.0,1.0,-1.0,-1.0,-1.0,-1.0,1.0,1.0,1.0,1.0,1.0,1.0	-1.4647734,0.5665193,-1.1748995,-1.3052162,-0.2532659,-1.9171908,1.1863754,0.110372916,0.41276956,0.32186973,1.0910988,0.006294705
../data/train_data_mmini/3/Train_0013.jpg	3	-1.0,-1.0,-1.0,-1.0,-1.0,-1.0,1.0,1.0,1.0,-1.0,1.0,1.0	-1.4022367,-0.082007185,-0.5877715,-0.5838129,-0.8772497,-0.82424855,0.5689041,0.61874783,0.7602826,-0.044392318,0.510676,0.266776
../data/train_data_mmini/3/Train_0014.jpg	3	-1.0,-1.0,1.0,1.0,1.0,-1.0,1.0,-1.0,1.0,-1.0,1.0,1.0	-0.50449556,-0.13002391,0.25196245,0.7323743,0.055311657,-0.8952531,0.031147547,-0.11291061,0.7873215,-1.2799875,0.1310955,0.057862915
../data/train_data_mmini/4/Train_0015.jpg	4	-1.0,-1.0,-1.0,-1.0,-1.0,-1.0,-1.0,1.0,1.0,-1.0,1.0,-1.0	-1.3104435,-0.2673862,-0.58961165,-0.12955473,-0.786351,-0.3628443,-0.23928452,0.94749653,1.4022056,-0.47684455,0.16270468,-0.5263048
../data/train_data_mmini/4/Train_0016.jpg	4	-1.0,1.0,1.0,1.0,1.0,-1.0,-1.0,-1.0,1.0,-1.0,-1.0,1.0	-0.10543584,0.1832387,0.81637394,0.5996513,0.2806991,-0.41318643,-0.20169073,-0.17046104,0.0012155175,-0.75869906,-0.21162972,0.5540834
../data/train_data_mmini/4/Train_0017.jpg	4	-1.0,1.0,-1.0,-1.0,1.0,-1.0,1.0,-1.0,-1.0,-1.0,1.0,1.0	-2.1255846,0.5250327,-1.0339978,-1.1841335,0.14420182,-3.0357885,2.9050868,-0.10560702,-0.5368265,-0.069530524,0.9866514,0.612968
../data/train_data_mmini/4/Train_0018.jpg	4	-1.0,-1.0,1.0,1.0,1.0,-1.0,1.0,-1.0,1.0,-1.0,1.0,1.0	-0.61995065,-0.2234673,0.63625866,0.6955263,0.54561,-1.2488656,0.5135098,-0.35079604,0.2940812,-1.2430755,0.012812592,0.228143
../data/train_data_mmini/4/Train_0019.jpg	4	-1.0,1.0,1.0,-1.0,-1.0,-1.0,-1.0,-1.0,1.0,1.0,1.0,1.0	-0.59699535,0.32978928,0.024510412,-0.37941158,-0.69226694,-0.37019095,-0.082460515,-0.16388737,0.58245647,0.12855984,0.18757698,0.67894566
../data/train_data_mmini/5/Train_0020.jpg	5	1.0,1.0,1.0,1.0,-1.0,1.0,-1.0,1.0,1.0,-1.0,-1.0,1.0	1.0288327,0.046957657,1.4280992,1.6005441,-0.49073347,2.2797499,-3.2832828,0.268066,1.659904,-0.60067505,-1.1429482,0.30052844
../data/train_data_mmini/5/Train_0021.jpg	5	-1.0,-1.0,-1.0,1.0,-1.0,1.0,-1.0,1.0,1.0,-1.0,-1.0,-1.0	-0.5788642,-0.55351394,-0.17563626,0.78703606,-0.705953,0.7055926,-1.5109514,1.0556875,1.959071,-0.7073282,-0.3294007,-0.5183537
../data/train_data_mmini/5/Train_0022.jpg	5	1.0,1.0,1.0,1.0,-1.0,1.0,-1.0,-1.0,1.0,-1.0,-1.0,1.0	0.37457097,0.008031368,0.66240954,0.63560396,-0.5837356,0.6603946,-1.7812362,-0.1421269,1.2600611,-0.4883837,-0.3060191,0.30170146
../data/train_data_mmini/5/Train_0023.jpg	5	1.0,-1.0,1.0,1.0,-1.0,1.0,-1.0,1.0,1.0,-1.0,-1.0,1.0	0.97586346,-0.14469935,1.2377825,1.5419044,-0.6808966,2.3556826,-3.2124448,0.37172097,1.6676041,-0.5006962,-1.1194932,0.1318616
../data/train_data_mmini/5/Train_0024.jpg	5	-1.0,-1.0,-1.0,1.0,-1.0,-1.0,-1.0,1.0,1.0,-1.0,1.0,-1.0	-0.53488827,-0.022942811,-0.50844795,0.12311013,-0.5362396,-0.113407224,-0.7084536,0.30964494,1.4255663,-0.38251233,0.23129663,-0.53856385
../data/train_data_mmini/6/Train_0025.jpg	6	-1.0,1.0,-1.0,-1.0,-1.0,-1.0,1.0,-1.0,-1.0,1.0,1.0,1.0	-1.2487979,1.3440566,-1.2691134,-1.9016058,-0.41501203,-3.5072544,2.8487787,-1.0479171,-1.0171742,0.325989,1.6103263,0.22862485
../data/train_data_mmini/6/Train_0026.jpg	6	-1.0,-1.0,1.0,1.0,1.0,-1.0,1.0,1.0,1.0,-1.0,-1.0,-1.0	-0.7915747,-0.21191587,0.41907737,1.0379705,0.98095757,-0.69283855,0.6971172,0.18081613,1.0238248,-1.3162494,-0.024887703,-0.35241002
../data/train_data_mmini/6/Train_0027.jpg	6	-1.0,1.0,-1.0,-1.0,1.0,-1.0,1.0,-1.0,-1.0,-1.0,1.0,-1.0	-0.63925564,0.43915313,-0.13681653,-0.54631895,0.3891543,-2.857977,2.0601223,-1.0421628,-0.4871,-0.74663675,1.2565904,-0.087530635
../data/train_data_mmini/6/Train_0028.jpg	6	-1.0,-1.0,1.0,1.0,1.0,-1.0,1.0,1.0,1.0,-1.0,-1.0,-1.0	-1.2820021,-0.58654356,0.005483715,1.5725025,0.77257687,-1.3198655,0.70746106,0.7094471,0.91621804,-2.2868967,-0.07312348,-1.0777085
../data/train_data_mmini/6/Train_0029.jpg	6	-1.0,1.0,-1.0,-1.0,-1.0,-1.0,1.0,-1.0,-1.0,1.0,1.0,1.0	-1.6103263,1.0775996,-1.6444314,-2.7815144,-1.4506278,-3.014084,2.6243284,-0.56937385,-0.8300746,1.2252976,1.6950593,0.3797693
../data/train_data_mmini/7/Train_0030.jpg	7	-1.0,1.0,-1.0,-1.0,-1.0,-1.0,1.0,-1.0,1.0,1.0,1.0,1.0	-0.7036315,0.5058386,-0.15389338,-0.7337391,-0.5089731,-0.9608876,0.16650778,-0.4499985,0.4507941,0.16791888,0.5449003,0.657239
../data/train_data_mmini/7/Train_0031.jpg	7	-1.0,1.0,1.0,-1.0,-1.0,-1.0,1.0,-1.0,1.0,-1.0,1.0,1.0	-0.6193316,0.2987033,0.14391747,-0.11601852,-0.29048055,-1.3166232,0.35374373,-0.6171434,0.52406234,-0.44402492,0.5751201,0.6514856
../data/train_data_mmini/7/Train_0032.jpg	7	-1.0,-1.0,-1.0,-1.0,1.0,-1.0,1.0,-1.0,1.0,-1.0,1.0,-1.0	-1.7276068,-0.10212816,-1.0023103,-0.6009261,0.3932197,-3.153986,2.3041952,-0.26635194,0.14763416,-1.1937941,1.1850958,-0.2525443
../data/train_data_mmini/7/Train_0033.jpg	7	-1.0,1.0,1.0,-1.0,1.0,-1.0,1.0,-1.0,1.0,-1.0,1.0,1.0	-0.4596244,0.5083946,0.102802426,-0.26613015,0.2885453,-1.799514,0.947562,-1.0954162,0.02824539,-0.39983827,0.73358667,0.5488906
../data/train_data_mmini/7/Train_0034.jpg	7	-1.0,-1.0,-1.0,1.0,1.0,-1.0,1.0,-1.0,-1.0,-1.0,1.0,-1.0	-1.0014384,-0.21280731,-0.64534754,0.5825636,0.9045308,-2.7389123,1.9295341,-0.2450441,-0.08745185,-2.1716743,1.0456088,-1.5380958
../data/train_data_mmini/8/Train_0035.jpg	8	-1.0,1.0,-1.0,-1.0,-1.0,-1.0,1.0,-1.0,1.0,-1.0,1.0,-1.0	-1.667661,0.24070196,-1.4847541,-1.5112486,-0.8105463,-2.6195178,1.8806834,-0.43388963,0.33246362,-0.091049984,1.4106228,-0.09734716
../data/train_data_mmini/8/Train_0036.jpg	8	-1.0,1.0,-1.0,-1.0,-1.0,-1.0,1.0,-1.0,-1.0,-1.0,1.0,1.0	-1.7046559,0.675551,-0.8948988,-1.2853863,-0.14983442,-3.3843331,2.4265115,-1.0327022,-0.34580004,-0.273365,1.3138328,0.5950083
../data/train_data_mmini/8/Train_0037.jpg	8	-1.0,1.0,-1.0,-1.0,1.0,-1.0,1.0,-1.0,-1.0,-1.0,1.0,-1.0	-1.9486711,0.0955904,-0.9754735,-0.5033247,0.84086204,-3.6496751,3.0385425,-0.26629215,-0.34665483,-1.171388,1.2701576,-0.44791725
../data/train_data_mmini/8/Train_0038.jpg	8	-1.0,1.0,-1.0,-1.0,-1.0,-1.0,1.0,-1.0,1.0,-1.0,1.0,1.0	-0.76453066,0.21053587,-0.49588275,-0.5307854,-0.9949626,-1.013639,0.07076991,-0.19333301,0.828023,-0.2187797,0.6923717,0.085826434
../data/train_data_mmini/8/Train_0039.jpg	8	-1.0,1.0,-1.0,-1.0,-1.0,-1.0,1.0,-1.0,-1.0,1.0,1.0,1.0	-2.7212844,0.5582021,-2.1711407,-2.4034085,-0.4295843,-4.363122,4.127984,-0.53078604,-0.5106363,0.117769,1.9593809,0.059567727
../data/train_data_mmini/9/Train_0040.jpg	9	-1.0,-1.0,-1.0,1.0,-1.0,-1.0,-1.0,1.0,1.0,-1.0,-1.0,-1.0	-0.7116386,-0.43680757,-0.30835548,0.5543891,-0.48329958,-0.1609874,-0.72509867,0.68683743,1.5609868,-0.844704,-0.0030263886,-0.42890248
../data/train_data_mmini/9/Train_0041.jpg	9	-1.0,1.0,1.0,1.0,1.0,-1.0,1.0,-1.0,-1.0,-1.0,1.0,1.0	-0.27660412,0.28629255,0.60618865,0.43780845,0.8104186,-1.664928,0.6074345,-0.9778538,-0.05675935,-1.1292318,0.51093495,0.6828483
../data/train_data_mmini/9/Train_0042.jpg	9	-1.0,-1.0,-1.0,1.0,-1.0,1.0,-1.0,1.0,1.0,-1.0,-1.0,-1.0	-0.68420196,-0.4464829,-0.14000633,0.6659954,-0.48646703,0.0484218,-0.84928006,1.0505785,1.396077,-0.9133954,-0.15883628,-0.6648705
../data/train_data_mmini/9/Train_0043.jpg	9	-1.0,-1.0,1.0,-1.0,-1.0,-1.0,-1.0,1.0,1.0,-1.0,1.0,1.0	-0.6318507,-0.095887825,0.02222809,-0.035574306,-0.8057185,-0.35905927,-0.6323639,0.1691751,1.1702534,-0.36358052,0.12028859,0.14872643
../data/train_data_mmini/9/Train_0044.jpg	9	-1.0,1.0,-1.0,-1.0,-1.0,-1.0,1.0,-1.0,1.0,1.0,1.0,1.0	-1.4331169,0.55342937,-1.2842257,-1.8319135,-1.2321808,-1.7794216,1.4117419,-0.104050264,0.3971542,0.8171576,1.1922185,0.30233195
../data/train_data_mmini/10/Train_0045.jpg	10	-1.0,1.0,-1.0,-1.0,1.0,-1.0,1.0,-1.0,-1.0,1.0,1.0,1.0	-2.6335464,0.67385346,-1.8764049,-2.6813061,0.22591007,-5.4549303,5.223821,-1.3117772,-1.3702544,0.04154674,2.0443294,0.17710945
../data/train_data_mmini/10/Train_0046.jpg	10	-1.0,1.0,-1.0,-1.0,-1.0,-1.0,1.0,1.0,-1.0,1.0,1.0,-1.0	-2.211514,0.36720765,-1.7109665,-1.7891953,-0.22173923,-3.407371,3.810082,0.16183718,-0.80001366,0.06815601,1.4504527,-0.50284183
../data/train_data_mmini/10/Train_0047.jpg	10	-1.0,1.0,-1.0,-1.0,-1.0,-1.0,1.0,-1.0,-1.0,-1.0,1.0,1.0	-2.5532923,0.4356392,-1.7605054,-1.6720588,-0.16180235,-4.0374384,3.600623,-0.55252635,-0.35248846,-0.34037924,1.5176786,0.12100194
../data/train_data_mmini/10/Train_0048.jpg	10	-1.0,1.0,-1.0,-1.0,-1.0,-1.0,1.0,-1.0,-1.0,1.0,1.0,1.0	-2.081548,1.2882942,-1.9044707,-3.1100745,-1.030128,-4.1580195,3.628852,-1.0861658,-1.0706183,0.9054305,1.9797704,0.44275132
../data/train_data_mmini/10/Train_0049.jpg	10	-1.0,1.0,-1.0,-1.0,-1.0,-1.0,1.0,-1.0,-1.0,-1.0,1.0,-1.0	-2.3923597,0.46202838,-2.1034925,-1.897845,-0.31777722,-4.1373568,3.7844973,-0.46180248,-0.34370476,-0.23896138,1.9089111,-0.31925043
