../data/train_data_mmini/1/Train_0000.jpg	1	1.0,1.0,-1.0,1.0,-1.0,-1.0,1.0,-1.0,-1.0,-1.0,1.0,1.0	1.2304013,2.4287386,-2.154739,0.612569,-0.89695936,-2.7553127,3.557867,-0.84811103,-2.2697344,-1.7262754,0.21934086,0.32507867
../data/train_data_mmini/1/Train_0001.jpg	1	1.0,1.0,-1.0,1.0,-1.0,-1.0,1.0,-1.0,-1.0,-1.0,-1.0,1.0	1.835222,3.5834756,-3.5789812,1.2662842,-2.0066733,-4.525063,6.1544547,-0.80113155,-4.864709,-2.4821515,-0.89801145,1.4491109
../data/train_data_mmini/1/Train_0002.jpg	1	1.0,1.0,-1.0,1.0,-1.0,-1.0,1.0,-1.0,-1.0,-1.0,-1.0,1.0	3.6668692,6.382896,-6.4425907,0.999665,-2.031834,-7.1004667,10.358642,-3.8085396,-5.498444,-3.4949234,-0.015688809,0.63254285
../data/train_data_mmini/1/Train_0003.jpg	1	1.0,1.0,-1.0,1.0,-1.0,-1.0,1.0,-1.0,-1.0,-1.0,1.0,1.0	0.3195461,1.1103729,-0.8146934,0.42694372,-0.2808972,-1.1877946,1.2332584,-0.2691173,-1.1119049,-0.85505116,0.1654277,0.17499655
../data/train_data_mmini/1/Train_0004.jpg	1	1.0,1.0,-1.0,1.0,-1.0,-1.0,1.0,-1.0,-1.0,-1.0,1.0,1.0	1.324656,3.1674902,-3.0601752,0.689803,-1.0713314,-2.7856712,4.094573,-0.75070876,-2.011083,-2.945742,1.1495771,0.03816375
../data/train_data_mmini/2/Train_0005.jpg	2	1.0,1.0,-1.0,1.0,-1.0,-1.0,1.0,-1.0,-1.0,-1.0,-1.0,1.0	2.6438022,5.1004143,-5.896401,1.3268325,-3.0846019,-7.5507216,10.04486,-5.2923207,-7.132752,-0.455915,-2.2170186,1.7601633
../data/train_data_mmini/2/Train_0006.jpg	2	1.0,1.0,-1.0,1.0,-1.0,-1.0,1.0,-1.0,-1.0,-1.0,-1.0,1.0	2.4556048,6.047927,-6.5729585,0.42245486,-1.8697624,-6.381243,9.998198,-6.695358,-4.91843,-0.6721142,-0.680795,0.19010268
../data/train_data_mmini/2/Train_0007.jpg	2	1.0,1.0,-1.0,1.0,-1.0,-1.0,1.0,1.0,-1.0,-1.0,1.0,-1.0	0.30932558,1.6359946,-1.3366754,0.47561008,-0.33920172,-0.96955943,1.4566592,0.052103497,-0.6106649,-1.7162448,0.665655,-0.12387422
../data/train_data_mmini/2/Train_0008.jpg	2	1.0,1.0,-1.0,1.0,-1.0,-1.0,1.0,-1.0,-1.0,-1.0,1.0,-1.0	2.4588547,5.8570642,-6.30355,0.051583737,-0.804824,-4.25231,8.287501,-6.682738,-2.3986566,-1.273119,0.781109,-0.53473955
../data/train_data_mmini/2/Train_0009.jpg	2	1.0,1.0,-1.0,1.0,-1.0,-1.0,1.0,-1.0,-1.0,1.0,-1.0,1.0	2.3084044,4.9280615,-5.814938,1.4375556,-3.7841845,-7.0413103,9.609475,-6.2119317,-7.686707,0.08508753,-2.2443292,2.2544398
../data/train_data_mmini/3/Train_0010.jpg	3	1.0,1.0,-1.0,1.0,-1.0,-1.0,1.0,-1.0,-1.0,-1.0,1.0,1.0	2.2861516,4.9577246,-6.1783113,0.4986396,-1.9546019,-3.6038754,7.5037394,-5.4483643,-3.2221997,-2.2800786,1.0590729,0.116474286
../data/train_data_mmini/3/Train_0011.jpg	3	1.0,1.0,-1.0,1.0,-1.0,-1.0,1.0,-1.0,-1.0,-1.0,1.0,1.0	5.236472,10.456711,-10.351102,2.469768,-4.3332734,-10.515559,15.705731,-2.3096168,-8.974836,-9.922919,1.2594568,1.5482713
../data/train_data_mmini/3/Train_0012.jpg	3	1.0,1.0,-1.0,1.0,-1.0,-1.0,1.0,-1.0,-1.0,-1.0,-1.0,1.0	4.8558574,6.8055882,-7.8339605,2.6008303,-5.0413713,-11.028386,14.168143,-3.2872756,-11.695405,-3.3015661,-2.165893,3.7437773
../data/train_data_mmini/3/Train_0013.jpg	3	1.0,1.0,-1.0,1.0,-1.0,-1.0,1.0,-1.0,-1.0,-1.0,-1.0,1.0	4.0948234,8.930144,-9.73436,0.12818605,-2.1755571,-9.078661,14.456712,-10.532938,-6.5931535,-0.37624857,-0.41459224,0.09576209
../data/train_data_mmini/3/Train_0014.jpg	3	1.0,1.0,-1.0,1.0,-1.0,-1.0,1.0,-1.0,-1.0,-1.0,-1.0,1.0	2.8425193,6.6439633,-6.6703424,0.970734,-2.0591848,-5.903382,9.512826,-4.40658,-4.8084507,-3.343972,-0.004615904,0.49270824
../data/train_data_mmini/4/Train_0015.jpg	4	1.0,1.0,-1.0,1.0,-1.0,-1.0,1.0,-1.0,-1.0,-1.0,1.0,1.0	3.3953586,6.2406588,-6.981771,0.80268973,-2.6433735,-7.4819837,10.859741,-6.017905,-5.887346,-1.4736092,0.18965828,0.36851302
../data/train_data_mmini/4/Train_0016.jpg	4	1.0,1.0,-1.0,1.0,-1.0,-1.0,1.0,-1.0,-1.0,1.0,-1.0,1.0	1.6752763,3.843017,-3.867667,1.4253598,-1.9779093,-5.30552,6.6572924,-3.9099169,-5.841027,0.62095445,-3.1345549,1.9011172
../data/train_data_mmini/4/Train_0017.jpg	4	1.0,1.0,-1.0,1.0,-1.0,-1.0,1.0,-1.0,-1.0,-1.0,-1.0,1.0	4.819645,9.211907,-9.943848,1.8030443,-4.3367352,-12.317734,17.182543,-8.536117,-11.295782,-1.9181482,-2.9669707,2.3803313
../data/train_data_mmini/4/Train_0018.jpg	4	1.0,1.0,-1.0,1.0,-1.0,-1.0,1.0,-1.0,-1.0,-1.0,-1.0,1.0	2.0319436,4.189518,-4.570936,0.78973246,-1.824473,-4.574601,7.127582,-4.9246755,-4.2193093,-0.6873854,-0.5866503,0.72978467
../data/train_data_mmini/4/Train_0019.jpg	4	1.0,1.0,-1.0,1.0,-1.0,-1.0,1.0,-1.0,-1.0,-1.0,-1.0,1.0	3.3193288,6.8766837,-7.436606,0.8086076,-2.8268838,-7.937277,11.681369,-6.436225,-6.6401772,-1.9288218,-0.81375813,0.79106325
../data/train_data_mmini/5/Train_0020.jpg	5	1.0,1.0,-1.0,1.0,-1.0,-1.0,1.0,1.0,-1.0,-1.0,-1.0,1.0	0.37185025,1.1440514,-1.0040668,0.7604996,-0.7673984,-1.4346073,1.8285583,0.012834591,-2.0565228,-0.7929456,-0.6709274,0.88532835
../data/train_data_mmini/5/Train_0021.jpg	5	1.0,1.0,-1.0,1.0,-1.0,-1.0,1.0,-1.0,-1.0,-1.0,1.0,-1.0	2.845404,6.121251,-6.5616727,0.4379241,-1.9753059,-5.972427,9.41029,-5.117924,-3.7351031,-2.879739,1.516654,-0.7073384
../data/train_data_mmini/5/Train_0022.jpg	5	1.0,1.0,-1.0,1.0,-1.0,-1.0,1.0,-1.0,-1.0,-1.0,1.0,-1.0	0.69307953,2.3890686,-2.4344816,0.32471013,-0.421849,-1.6829078,3.0781956,-1.7492052,-1.3245378,-1.1318252,0.20709634,-0.022590451
../data/train_data_mmini/5/Train_0023.jpg	5	1.0,1.0,-1.0,1.0,-1.0,-1.0,1.0,-1.0,-1.0,-1.0,1.0,1.0	0.025246488,0.6069287,-0.6775935,0.18630967,-0.18632467,-0.2879516,0.687784,-0.37084958,-0.323547,-0.28008357,0.22853258,0.017435405
../data/train_data_mmini/5/Train_0024.jpg	5	1.0,1.0,-1.0,1.0,-1.0,-1.0,1.0,-1.0,-1.0,-1.0,1.0,1.0	2.9822679,4.9237766,-4.8586936,1.2072126,-2.5219672,-6.2055917,7.8538604,-2.4667125,-5.011954,-3.5300376,1.0782093,0.86175865
../data/train_data_mmini/6/Train_0025.jpg	6	1.0,1.0,-1.0,1.0,-1.0,-1.0,1.0,-1.0,-1.0,-1.0,-1.0,1.0	5.0319395,8.689768,-9.802479,2.2153304,-5.101489,-11.749837,15.991856,-6.8209624,-10.935256,-3.5583067,-1.4034497,2.2139516
../data/train_data_mmini/6/Train_0026.jpg	6	1.0,1.0,-1.0,1.0,-1.0,-1.0,1.0,-1.0,-1.0,-1.0,-1.0,1.0	2.3454702,4.9733243,-4.8128533,1.8989278,-2.961894,-6.1715198,7.37817,-1.347425,-6.8519616,-3.8657212,-0.6868136,1.6368421
../data/train_data_mmini/6/Train_0027.jpg	6	1.0,1.0,-1.0,1.0,-1.0,-1.0,1.0,-1.0,-1.0,-1.0,-1.0,1.0	3.5788002,7.0882688,-8.043562,2.2749622,-4.397964,-8.5526085,11.941396,-5.5435524,-9.287831,-3.3055508,-1.6702111,2.600276
../data/train_data_mmini/6/Train_0028.jpg	6	1.0,1.0,-1.0,1.0,-1.0,-1.0,1.0,-1.0,-1.0,-1.0,1.0,-1.0	2.9061725,7.4457836,-6.98468,1.0181637,-1.1243064,-5.5412383,9.134296,-2.3919215,-3.345694,-6.457572,1.8724096,-0.9560122
../data/train_data_mmini/6/Train_0029.jpg	6	1.0,1.0,-1.0,1.0,-1.0,-1.0,1.0,-1.0,-1.0,1.0,-1.0,1.0	4.5281606,8.29361,-10.726884,1.3504555,-5.7713456,-11.639098,16.665377,-13.03907,-11.590996,2.5973852,-2.8693461,3.0201838
../data/train_data_mmini/7/Train_0030.jpg	7	1.0,1.0,-1.0,1.0,-1.0,-1.0,1.0,-1.0,-1.0,1.0,-1.0,1.0	2.0731242,4.4586616,-4.7895885,1.4463668,-3.042769,-6.8109984,8.735751,-4.4030232,-7.149353,0.10338412,-2.966093,2.2113352
../data/train_data_mmini/7/Train_0031.jpg	7	1.0,1.0,-1.0,1.0,-1.0,-1.0,1.0,-1.0,-1.0,1.0,-1.0,1.0	3.4496548,5.9916706,-7.1352973,0.9145409,-2.94787,-7.6520367,11.178218,-8.033609,-7.1744533,0.555227,-1.9311161,1.7240441
../data/train_data_mmini/7/Train_0032.jpg	7	1.0,1.0,-1.0,1.0,-1.0,-1.0,1.0,-1.0,-1.0,-1.0,-1.0,1.0	5.8855968,9.841961,-11.054927,2.3175027,-4.898326,-12.232345,17.15566,-7.155915,-10.750755,-5.339372,-0.07780442,1.8308747
../data/train_data_mmini/7/Train_0033.jpg	7	1.0,1.0,-1.0,1.0,-1.0,-1.0,1.0,-1.0,-1.0,-1.0,-1.0,1.0	2.242291,3.9442647,-3.5471482,2.1379085,-3.0098114,-6.1748877,6.6720686,-1.5823053,-7.559762,-2.0698688,-2.580063,2.872055
../data/train_data_mmini/7/Train_0034.jpg	7	1.0,1.0,-1.0,1.0,-1.0,-1.0,1.0,-1.0,-1.0,-1.0,1.0,-1.0	4.411314,10.49836,-10.490616,1.8277712,-3.0805743,-8.509712,13.53452,-2.022117,-6.477777,-11.107902,3.4378269,-0.09375389
../data/train_data_mmini/8/Train_0035.jpg	8	1.0,1.0,-1.0,1.0,-1.0,-1.0,1.0,-1.0,-1.0,-1.0,-1.0,1.0	3.5936143,7.9256787,-9.128662,0.59311193,-3.3876572,-8.279907,13.431418,-9.469474,-6.5163455,-1.0182041,-0.22281781,0.56739604
../data/train_data_mmini/8/Train_0036.jpg	8	1.0,1.0,-1.0,1.0,-1.0,-1.0,1.0,-1.0,-1.0,-1.0,-1.0,1.0	3.7517335,7.6926517,-8.501691,1.4375015,-3.8098106,-9.545755,13.673738,-8.512056,-8.476086,-1.0638678,-2.1934075,1.7666268
../data/train_data_mmini/8/Train_0037.jpg	8	1.0,1.0,-1.0,1.0,-1.0,-1.0,1.0,-1.0,-1.0,-1.0,-1.0,1.0	5.3754086,9.732732,-10.309401,2.2811065,-4.9100866,-11.768414,16.468233,-6.189664,-10.433995,-5.952018,-0.36065784,1.8308811
../data/train_data_mmini/8/Train_0038.jpg	8	1.0,1.0,-1.0,1.0,-1.0,-1.0,1.0,-1.0,-1.0,-1.0,-1.0,1.0	3.3763914,6.7196746,-7.756094,0.6468978,-2.6150753,-7.510049,11.674384,-8.293936,-6.3014812,-0.28187558,-0.98333997,1.0027485
../data/train_data_mmini/8/Train_0039.jpg	8	1.0,1.0,-1.0,1.0,-1.0,-1.0,1.0,-1.0,-1.0,-1.0,-1.0,1.0	5.5420146,10.813675,-12.478174,1.4977715,-5.94142,-13.023926,19.604542,-11.487951,-11.187327,-2.4619443,-1.1770883,1.9981033
../data/train_data_mmini/9/Train_0040.jpg	9	1.0,1.0,-1.0,1.0,-1.0,-1.0,1.0,-1.0,-1.0,-1.0,1.0,1.0	2.9607174,6.060443,-6.453833,0.86347336,-2.319834,-6.044874,9.492483,-4.1834226,-4.25114,-3.5412683,1.1022896,0.011087835
../data/train_data_mmini/9/Train_0041.jpg	9	1.0,1.0,-1.0,1.0,-1.0,-1.0,1.0,-1.0,-1.0,-1.0,-1.0,1.0	2.36992,4.704657,-4.683506,1.7688345,-2.7062428,-5.8163056,7.945321,-1.6085027,-6.5425544,-3.4297724,-1.7977744,2.3943822
../data/train_data_mmini/9/Train_0042.jpg	9	1.0,1.0,-1.0,1.0,-1.0,-1.0,1.0,-1.0,-1.0,-1.0,1.0,1.0	4.1679125,7.1665683,-8.073241,1.0092654,-3.1784723,-7.9481664,12.0409775,-5.469487,-5.8158226,-3.561288,1.3097528,0.37497625
../data/train_data_mmini/9/Train_0043.jpg	9	1.0,1.0,-1.0,1.0,-1.0,-1.0,1.0,-1.0,-1.0,-1.0,1.0,-1.0	1.9266032,5.762037,-6.4902225,0.38849682,-1.878865,-5.1610665,8.987985,-6.265915,-3.6912017,-1.410931,0.10098001,-0.23027064
../data/train_data_mmini/9/Train_0044.jpg	9	1.0,1.0,-1.0,1.0,-1.0,-1.0,1.0,-1.0,-1.0,1.0,-1.0,1.0	4.481521,7.5189214,-9.552643,1.4990816,-5.065375,-10.542553,15.0788,-9.222531,-9.925168,0.15618649,-1.7836144,2.4958618
../data/train_data_mmini/10/Train_0045.jpg	10	1.0,1.0,-1.0,1.0,-1.0,-1.0,1.0,-1.0,-1.0,-1.0,-1.0,1.0	7.4168954,13.5021925,-15.597695,2.4970863,-7.6203284,-16.845938,24.635983,-14.574653,-14.822641,-3.2884986,-1.8218105,2.9157336
../data/train_data_mmini/10/Train_0046.jpg	10	1.0,1.0,-1.0,1.0,-1.0,-1.0,1.0,-1.0,-1.0,-1.0,-1.0,1.0	5.8945847,10.459667,-12.066306,1.992429,-5.7753625,-13.173381,19.092701,-9.466987,-11.554352,-3.6209238,-0.9442108,2.101957
../data/train_data_mmini/10/Train_0047.jpg	10	1.0,1.0,-1.0,1.0,-1.0,-1.0,1.0,-1.0,-1.0,-1.0,-1.0,1.0	6.3276696,12.519858,-13.987233,1.3956617,-5.068933,-13.99391,21.113249,-12.306237,-10.404883,-4.0556035,-0.05272916,0.66089916
../data/train_data_mmini/10/Train_0048.jpg	10	1.0,1.0,-1.0,1.0,-1.0,-1.0,1.0,-1.0,-1.0,-1.0,-1.0,1.0	6.1941576,10.582931,-12.880034,2.1487513,-6.6857495,-14.666615,20.791187,-12.779157,-13.721798,-0.10565605,-2.9668608,3.4221296
../data/train_data_mmini/10/Train_0049.jpg	10	1.0,1.0,-1.0,1.0,-1.0,-1.0,1.0,-1.0,-1.0,-1.0,1.0,1.0	5.6755667,11.017039,-12.490792,1.5323303,-5.3330307,-12.378788,18.723904,-10.381739,-10.121648,-4.063293,0.16666707,1.1825335
