../data/train_data_mmini/1/Train_0000.jpg	1	-1.0,-1.0,-1.0,-1.0,-1.0,1.0,-1.0,-1.0,-1.0,1.0,-1.0,-1.0	-0.2109065,-0.13523515,-0.30803677,-0.17379852,-0.10977912,0.04510264,-0.39802527,-0.11008372,-0.4652627,0.17422846,-0.42009085,-0.016342316
../data/train_data_mmini/1/Train_0001.jpg	1	-1.0,1.0,-1.0,-1.0,-1.0,1.0,-1.0,1.0,1.0,-1.0,-1.0,1.0	-0.44686255,1.0344582,-0.869258,-0.33723885,-0.106654406,0.104341134,-0.9375502,0.2585374,0.18087281,-0.33756956,-0.36832672,0.57621014
../data/train_data_mmini/1/Train_0002.jpg	1	1.0,-1.0,-1.0,1.0,-1.0,-1.0,-1.0,-1.0,-1.0,1.0,-1.0,1.0	0.47553983,-0.5257632,-0.24874811,0.0036402864,-0.4481289,-0.7426534,-0.50036114,-0.24117075,-0.48323992,0.5412142,-0.17226999,0.30395162
../data/train_data_mmini/1/Train_0003.jpg	1	-1.0,1.0,-1.0,-1.0,1.0,1.0,-1.0,1.0,-1.0,-1.0,-1.0,1.0	-0.23149295,0.35111558,-0.3705018,-0.013937451,0.1212689,0.4352126,-0.14857265,0.015053626,-0.45185938,-0.4315535,-0.14302553,0.110294454
../data/train_data_mmini/1/Train_0004.jpg	1	-1.0,-1.0,-1.0,-1.0,1.0,1.0,-1.0,1.0,-1.0,1.0,-1.0,-1.0	-0.35883048,-0.17215466,-0.08517374,-0.22026806,0.036512822,0.232069,-0.020363184,0.004809558,-0.2919626,0.081498235,-0.33567417,-0.22774377
../data/train_data_mmini/2/Train_0005.jpg	2	-1.0,1.0,-1.0,-1.0,-1.0,1.0,1.0,1.0,-1.0,-1.0,-1.0,-1.0	-0.114446335,0.13360792,-0.0167595,-0.09269098,-0.048535883,0.08342832,0.08912924,0.04099574,-0.10037794,-0.050284535,-0.07791357,-0.07987384
../data/train_data_mmini/2/Train_0006.jpg	2	-1.0,-1.0,-1.0,1.0,1.0,-1.0,-1.0,-1.0,-1.0,1.0,1.0,-1.0	-0.1702109,-0.2575727,-0.09475832,0.24150053,0.13480684,-0.10371892,-0.056717172,-0.2350125,-0.1471458,0.123224825,0.07062338,-0.33432004
../data/train_data_mmini/2/Train_0007.jpg	2	-1.0,1.0,-1.0,-1.0,1.0,1.0,-1.0,-1.0,-1.0,-1.0,-1.0,-1.0	-0.18515271,0.32075664,-0.52443,-0.23452173,0.14368045,0.076125085,-0.16141753,-0.0640136,-0.23891054,-0.22840375,-0.26864302,-0.12830633
../data/train_data_mmini/2/Train_0008.jpg	2	-1.0,-1.0,1.0,-1.0,-1.0,-1.0,-1.0,1.0,-1.0,1.0,-1.0,-1.0	-0.31480995,-0.36650506,0.40098614,-0.47691256,-0.44206935,-0.15847914,-0.10599527,0.0401795,-0.2741262,0.612791,-0.50070524,-0.08854238
../data/train_data_mmini/2/Train_0009.jpg	2	-1.0,-1.0,-1.0,-1.0,1.0,1.0,-1.0,-1.0,-1.0,1.0,-1.0,-1.0	-0.38496032,-0.215169,-0.22157462,-0.08315531,0.20992398,0.09519307,-0.20564647,-0.16909824,-0.07865956,0.25136408,-0.31180882,-0.32894814
../data/train_data_mmini/3/Train_0010.jpg	3	-1.0,1.0,-1.0,-1.0,1.0,1.0,-1.0,1.0,1.0,-1.0,1.0,1.0	-0.15220031,0.86633617,-0.7184767,-0.057705857,0.113797545,0.17510638,-0.27418745,0.029769436,0.06735713,-0.54696417,0.1863529,0.25067046
../data/train_data_mmini/3/Train_0011.jpg	3	-1.0,-1.0,-1.0,-1.0,-1.0,-1.0,-1.0,-1.0,1.0,1.0,-1.0,-1.0	-0.4068525,-0.37974256,-0.17803788,-0.3354437,-0.26295748,-0.6004837,-0.6134133,-0.022148073,0.02244664,0.91606355,-0.5637643,-0.026526753
../data/train_data_mmini/3/Train_0012.jpg	3	-1.0,-1.0,1.0,1.0,1.0,-1.0,1.0,-1.0,-1.0,1.0,1.0,-1.0	-0.12604812,-0.53355384,0.39982823,0.08401772,0.13241652,-0.027491942,0.31297356,-0.073309354,-0.075486,0.01111415,0.022348506,-0.36868027
../data/train_data_mmini/3/Train_0013.jpg	3	-1.0,-1.0,1.0,1.0,-1.0,-1.0,1.0,1.0,-1.0,1.0,1.0,-1.0	-0.009449213,-0.21134435,0.35875785,0.035419427,-0.266429,-0.16194618,0.13546221,0.04700342,-0.09593316,0.018419415,0.06930165,-0.058910582
../data/train_data_mmini/3/Train_0014.jpg	3	-1.0,-1.0,-1.0,-1.0,1.0,-1.0,-1.0,-1.0,1.0,1.0,-1.0,-1.0	-0.35507664,-0.28434354,-0.10591583,-0.10147218,0.18905735,-0.20149374,-0.16548389,-0.1411844,0.31206796,0.42477715,-0.2517265,-0.29366145
../data/train_data_mmini/4/Train_0015.jpg	4	-1.0,-1.0,1.0,-1.0,-1.0,-1.0,1.0,-1.0,-1.0,1.0,-1.0,-1.0	-0.031626076,-0.8404301,0.42805988,-0.22360142,-0.34037793,-0.26163602,0.20610474,-0.22507674,-0.32179362,0.47099176,-0.3200237,-0.20084327
../data/train_data_mmini/4/Train_0016.jpg	4	1.0,1.0,-1.0,-1.0,-1.0,1.0,-1.0,1.0,1.0,-1.0,-1.0,1.0	0.0021963578,0.98432124,-0.72851413,-0.22156934,-0.31254673,0.0393468,-0.63559633,0.33887768,0.18545075,-0.3615495,-0.17799775,0.65585804
../data/train_data_mmini/4/Train_0017.jpg	4	-1.0,1.0,-1.0,1.0,-1.0,-1.0,-1.0,-1.0,1.0,1.0,-1.0,-1.0	-0.07778566,0.14343111,-0.5399252,0.1665345,-0.05094683,-0.21309248,-0.7369854,-0.12173315,0.21825254,0.21506584,-0.047788516,-0.080622114
../data/train_data_mmini/4/Train_0018.jpg	4	-1.0,1.0,-1.0,-1.0,1.0,-1.0,-1.0,-1.0,1.0,1.0,-1.0,-1.0	-0.5263783,0.10412716,-0.29935506,-0.21503226,0.099886596,-0.19874573,-0.31718993,-0.06426636,0.27909222,0.47889978,-0.39530194,-0.2598094
../data/train_data_mmini/4/Train_0019.jpg	4	1.0,1.0,-1.0,1.0,-1.0,1.0,1.0,-1.0,-1.0,-1.0,1.0,1.0	0.10281598,0.44729954,-0.101419285,0.19545248,-0.1589675,0.08815971,0.41704142,-0.011093363,-0.08505993,-0.64448273,0.38726452,0.25043786
../data/train_data_mmini/5/Train_0020.jpg	5	-1.0,1.0,-1.0,-1.0,1.0,1.0,-1.0,1.0,-1.0,-1.0,-1.0,1.0	-0.078101054,0.65747416,-0.6150057,-0.0772417,0.18056428,0.22121902,-0.30642086,0.037380967,-0.1685537,-0.5512708,-0.11678214,0.15726519
../data/train_data_mmini/5/Train_0021.jpg	5	-1.0,-1.0,1.0,-1.0,-1.0,-1.0,1.0,-1.0,-1.0,1.0,-1.0,-1.0	-0.21684918,-0.8795251,0.52341497,-0.2343228,-0.07574463,-0.027964085,0.038908303,-0.07038045,-0.33141616,0.6936757,-0.46601117,-0.41989756
../data/train_data_mmini/5/Train_0022.jpg	5	-1.0,-1.0,-1.0,-1.0,1.0,1.0,1.0,-1.0,-1.0,1.0,-1.0,-1.0	-0.34088972,-0.21586242,-0.09532799,-0.08317766,0.09829658,0.020082802,0.15698718,-0.1445615,-0.36527127,0.023522377,-0.19388951,-0.31110802
../data/train_data_mmini/5/Train_0023.jpg	5	-1.0,1.0,-1.0,-1.0,1.0,1.0,-1.0,-1.0,-1.0,-1.0,-1.0,-1.0	-0.21029067,0.08669023,-0.3439222,-0.12937404,0.15243703,0.21792512,-0.10654859,-0.18535157,-0.350806,-0.17125532,-0.2334903,-0.048740868
../data/train_data_mmini/5/Train_0024.jpg	5	1.0,-1.0,-1.0,-1.0,1.0,1.0,1.0,-1.0,-1.0,-1.0,-1.0,-1.0	0.032801926,-0.1450873,-0.013515785,-0.05446414,0.030834347,0.124683484,0.10449304,-0.106549844,-0.3106429,-0.14013633,-0.10332854,-0.27922702
../data/train_data_mmini/6/Train_0025.jpg	6	1.0,1.0,-1.0,1.0,1.0,1.0,1.0,1.0,-1.0,-1.0,1.0,-1.0	0.7000868,0.28946003,-0.20924176,0.66187936,0.6670905,0.23537108,0.24002238,0.024904873,-0.23260476,-1.1538494,1.1551079,-0.04155797
../data/train_data_mmini/6/Train_0026.jpg	6	-1.0,1.0,-1.0,-1.0,1.0,1.0,-1.0,1.0,1.0,-1.0,-1.0,1.0	-0.9015508,1.9160271,-1.905901,-0.18382682,0.62985724,0.14935362,-1.7613459,0.08791945,0.88358426,-0.63661087,-0.5613406,0.23504889
../data/train_data_mmini/6/Train_0027.jpg	6	-1.0,1.0,-1.0,-1.0,1.0,1.0,-1.0,1.0,1.0,-1.0,-1.0,1.0	-0.3401357,0.76612,-0.68185455,-0.10494188,0.29583296,0.19345774,-0.28478092,0.10405166,0.4331408,-0.4866553,-0.09313114,0.33059156
../data/train_data_mmini/6/Train_0028.jpg	6	-1.0,1.0,-1.0,-1.0,-1.0,-1.0,-1.0,-1.0,1.0,1.0,-1.0,-1.0	-0.47900808,0.013152777,-0.54607934,-0.44652355,-0.17511514,-0.5215374,-0.75563633,-0.099868044,0.2047563,0.7296784,-0.6042423,-0.09568972
../data/train_data_mmini/6/Train_0029.jpg	6	1.0,-1.0,1.0,1.0,1.0,1.0,1.0,-1.0,-1.0,-1.0,1.0,1.0	0.28172168,-0.14278832,0.22668307,0.59172165,0.3518472,0.3649493,0.70076764,-0.14429629,-0.69552493,-0.67584646,0.6625526,0.02163243
../data/train_data_mmini/7/Train_0030.jpg	7	-1.0,-1.0,-1.0,-1.0,1.0,1.0,1.0,-1.0,-1.0,1.0,-1.0,-1.0	-0.41406727,-0.069383286,-0.05378212,-0.10659132,0.024726272,0.12516092,0.065983266,-0.09022075,-0.21349369,0.03357783,-0.22332014,-0.038112585
../data/train_data_mmini/7/Train_0031.jpg	7	-1.0,1.0,-1.0,1.0,1.0,1.0,-1.0,-1.0,1.0,-1.0,1.0,-1.0	-0.45736787,0.22257185,-0.357748,0.1643851,0.43375868,0.014573024,-0.020897524,-0.13883612,0.25908563,-0.1612455,0.03576319,-0.46670598
../data/train_data_mmini/7/Train_0032.jpg	7	-1.0,-1.0,1.0,-1.0,-1.0,-1.0,1.0,1.0,1.0,1.0,-1.0,-1.0	-0.4113622,-0.51243925,0.51998454,-0.39932823,-0.20844367,-0.28825182,0.0472551,0.01209292,0.29378086,0.95344603,-0.5364718,-0.24398392
../data/train_data_mmini/7/Train_0033.jpg	7	-1.0,1.0,-1.0,-1.0,1.0,1.0,-1.0,-1.0,1.0,-1.0,-1.0,1.0	-0.31001908,0.72573495,-0.7551877,-0.033953317,0.23472846,0.11414492,-0.25552505,-0.23514265,0.1271589,-0.29845157,-0.04639788,0.030605193
../data/train_data_mmini/7/Train_0034.jpg	7	-1.0,1.0,-1.0,-1.0,1.0,-1.0,-1.0,1.0,1.0,1.0,-1.0,-1.0	-0.25479445,0.14885025,-0.26331976,-0.29653978,0.3019744,-0.015535637,-0.043656528,0.17514323,0.32931465,0.22368488,-0.22135942,-0.001421843
../data/train_data_mmini/8/Train_0035.jpg	8	-1.0,-1.0,1.0,-1.0,-1.0,-1.0,1.0,-1.0,-1.0,1.0,-1.0,-1.0	-0.0984823,-1.0954944,0.55911654,-0.1075846,-0.04500124,-0.1488257,0.4074214,-0.3370127,-0.37174684,0.569479,-0.10629009,-0.5347371
../data/train_data_mmini/8/Train_0036.jpg	8	-1.0,-1.0,-1.0,1.0,1.0,-1.0,1.0,-1.0,1.0,1.0,1.0,-1.0	-0.18045852,-0.09914954,-0.39228022,0.1764365,0.53961253,-0.37043142,0.019328682,-0.3028248,0.12869738,0.16566339,0.11288561,-0.66397774
../data/train_data_mmini/8/Train_0037.jpg	8	-1.0,1.0,-1.0,-1.0,1.0,-1.0,-1.0,1.0,1.0,-1.0,-1.0,1.0	-0.47463688,0.9720025,-0.9242027,-0.18987532,0.20771328,-0.056138277,-0.9589889,0.17745304,0.6661289,-0.020139873,-0.4749329,0.035243686
../data/train_data_mmini/8/Train_0038.jpg	8	-1.0,-1.0,1.0,-1.0,1.0,-1.0,1.0,-1.0,-1.0,-1.0,-1.0,-1.0	-0.19885655,-0.31189677,0.15794958,-0.07716719,0.015285582,-0.0011147104,0.4123189,-0.211667,-0.23421256,-0.12441251,-0.0024228857,-0.013681654
../data/train_data_mmini/8/Train_0039.jpg	8	-1.0,-1.0,1.0,-1.0,-1.0,-1.0,1.0,-1.0,-1.0,1.0,-1.0,-1.0	-0.054221585,-0.91506636,0.55655897,-0.018218793,-0.059250683,-0.117133886,0.3407839,-0.31082585,-0.3362796,0.4824652,-0.06375651,-0.54345953
../data/train_data_mmini/9/Train_0040.jpg	9	-1.0,-1.0,1.0,-1.0,-1.0,1.0,1.0,-1.0,-1.0,1.0,-1.0,-1.0	-0.18326534,-0.24604215,0.13189332,-0.16320916,-0.10170731,0.026838854,0.047992826,-0.023630586,-0.28122038,0.11332822,-0.3242581,-0.22349516
../data/train_data_mmini/9/Train_0041.jpg	9	-1.0,1.0,-1.0,-1.0,1.0,-1.0,-1.0,1.0,1.0,-1.0,-1.0,1.0	-0.17124107,1.058863,-0.8300683,-0.07460768,0.20895138,-0.08232798,-0.45956457,0.15148415,0.3940171,-0.34361565,-0.14127363,0.17099136
../data/train_data_mmini/9/Train_0042.jpg	9	1.0,-1.0,1.0,-1.0,-1.0,1.0,-1.0,1.0,-1.0,1.0,-1.0,-1.0	0.10904175,-0.040179174,0.19079603,-0.20851646,-0.31541586,0.012473793,-0.007267223,0.15758397,-0.19993363,0.00026106875,-0.2341686,-0.08067716
../data/train_data_mmini/9/Train_0043.jpg	9	-1.0,-1.0,1.0,-1.0,-1.0,-1.0,-1.0,-1.0,-1.0,1.0,-1.0,-1.0	-0.18828624,-0.4860821,0.08767627,-0.13066848,-0.060871214,-0.14853449,-0.002516271,-0.1615913,-0.26694188,0.2820574,-0.26307243,-0.43187276
../data/train_data_mmini/9/Train_0044.jpg	9	1.0,-1.0,1.0,1.0,-1.0,1.0,1.0,-1.0,-1.0,-1.0,1.0,1.0	0.2258662,-0.25474447,0.31814766,0.20920484,-0.09937081,0.23457934,0.48987412,-0.14269468,-0.5032079,-0.4030279,0.33340544,0.10221829
../data/train_data_mmini/10/Train_0045.jpg	10	-1.0,-1.0,1.0,1.0,1.0,-1.0,1.0,-1.0,1.0,1.0,-1.0,-1.0	-0.36194438,-0.24386519,0.30579445,0.101043664,0.05852568,-0.03380169,0.7310799,-0.049214184,0.19725715,0.27568746,-0.01849641,-0.5138067
../data/train_data_mmini/10/Train_0046.jpg	10	1.0,-1.0,1.0,1.0,-1.0,1.0,1.0,1.0,-1.0,1.0,1.0,1.0	0.4756773,-0.34365916,0.23110214,0.13400985,-0.41421154,0.12245054,0.09461528,0.008709805,-0.4627326,0.03566566,0.039252073,0.4170461
../data/train_data_mmini/10/Train_0047.jpg	10	-1.0,-1.0,1.0,1.0,1.0,-1.0,1.0,-1.0,-1.0,1.0,1.0,-1.0	-0.02530831,-0.5132415,0.38518348,0.08474197,0.055066824,-0.121911466,0.4776254,-0.01959094,-0.17560865,0.31632733,0.15403847,-0.56258124
../data/train_data_mmini/10/Train_0048.jpg	10	1.0,-1.0,1.0,1.0,1.0,1.0,1.0,-1.0,-1.0,-1.0,1.0,-1.0	0.62941843,-1.0904796,1.4704984,0.23345073,0.48258513,0.17091231,1.4282076,-0.44151494,-0.94993615,-0.20355017,1.0553657,-0.4796257
../data/train_data_mmini/10/Train_0049.jpg	10	-1.0,-1.0,1.0,1.0,-1.0,-1.0,1.0,-1.0,-1.0,1.0,-1.0,-1.0	-0.0010789621,-0.689515,0.23997267,0.06585353,-0.06689173,-0.16569997,0.18463637,-0.26214597,-0.10693338,0.27630028,-0.09816603,-0.3709142
