../data/train_data_mmini/1/Train_0000.jpg	1	-1.0,1.0,-1.0,-1.0,-1.0,-1.0,-1.0,-1.0,1.0,1.0,-1.0,-1.0	-0.90192944,0.0022890745,-1.1280679,-1.2773253,-1.195359,-1.5146291,-0.7951359,-2.25119,0.4723341,2.3892825,-0.2880492,-1.1040148
../data/train_data_mmini/1/Train_0001.jpg	1	-1.0,1.0,-1.0,-1.0,1.0,-1.0,-1.0,-1.0,1.0,1.0,1.0,-1.0	-2.2845476,1.0320593,-2.6436508,-1.4467243,0.020593137,-1.0607083,-1.6958195,-0.3631981,4.3157587,4.6345534,0.1360024,-0.36762512
../data/train_data_mmini/1/Train_0002.jpg	1	-1.0,1.0,-1.0,1.0,-1.0,-1.0,1.0,-1.0,1.0,1.0,1.0,1.0	-4.3602443,3.8086505,-3.4002318,0.23175113,-3.3384697,-1.0154009,1.7125407,-2.1964953,0.24525942,0.83962804,0.75885695,0.30342972
../data/train_data_mmini/1/Train_0003.jpg	1	1.0,-1.0,-1.0,-1.0,1.0,-1.0,-1.0,-1.0,1.0,1.0,-1.0,-1.0	1.6670525,-2.099265,-1.2083957,-0.7169347,2.3239815,-1.1057739,-2.7199626,-0.7056568,3.3167303,3.7262392,-0.17048869,-2.096677
../data/train_data_mmini/1/Train_0004.jpg	1	-1.0,1.0,-1.0,-1.0,-1.0,-1.0,-1.0,-1.0,1.0,1.0,-1.0,-1.0	-1.4685808,0.94144607,-0.5219636,-2.3535833,-1.7290417,-1.6143463,-0.020134274,-0.27773082,0.15027739,1.3366903,-2.296235,-1.278041
../data/train_data_mmini/2/Train_0005.jpg	2	-1.0,1.0,1.0,1.0,1.0,-1.0,-1.0,1.0,1.0,1.0,1.0,1.0	-2.0551214,4.2976255,1.3183423,1.4003981,1.424789,-0.04965444,-0.25848496,1.2804898,3.5143983,0.83497095,1.5043662,1.5396469
../data/train_data_mmini/2/Train_0006.jpg	2	1.0,1.0,1.0,1.0,1.0,1.0,1.0,1.0,1.0,-1.0,-1.0,1.0	0.36716926,3.1038332,2.454412,2.9750247,3.2462354,2.253671,0.3942133,3.4838123,1.9474024,-3.2391176,-1.0709947,1.1778842
../data/train_data_mmini/2/Train_0007.jpg	2	-1.0,-1.0,1.0,-1.0,1.0,-1.0,-1.0,-1.0,1.0,1.0,-1.0,-1.0	-0.57170886,-1.8364476,3.641233,-2.9632177,0.025261115,-1.838144,-1.1570174,-2.3703456,0.83032435,3.9105177,-2.2208476,-1.3341368
../data/train_data_mmini/2/Train_0008.jpg	2	-1.0,1.0,1.0,-1.0,-1.0,1.0,1.0,-1.0,-1.0,-1.0,-1.0,1.0	-3.6208866,4.832409,3.0624511,-0.43310973,-3.8969624,0.18872106,2.496687,-1.5542358,-3.651761,-2.722699,-0.33913976,1.7774947
../data/train_data_mmini/2/Train_0009.jpg	2	1.0,1.0,1.0,1.0,1.0,-1.0,-1.0,-1.0,1.0,1.0,1.0,1.0	0.14997499,2.989369,3.4978478,0.37419668,2.4310932,-0.14468136,-1.7857488,-0.051565647,2.988805,1.7949122,1.8697826,1.1694412
../data/train_data_mmini/3/Train_0010.jpg	3	-1.0,1.0,1.0,-1.0,1.0,1.0,-1.0,1.0,1.0,1.0,-1.0,1.0	-3.3208063,3.0047593,3.8659198,-0.89756626,1.0485051,0.65973043,-0.13377254,2.8806565,3.455366,2.3826766,-1.5804697,2.1309402
../data/train_data_mmini/3/Train_0011.jpg	3	-1.0,1.0,-1.0,-1.0,-1.0,-1.0,1.0,-1.0,1.0,1.0,-1.0,1.0	-8.593953,4.2650747,-5.929846,-1.9584484,-5.3629975,-1.8445338,2.549351,-0.48462686,2.5728614,3.5104206,-1.0905815,0.22000118
../data/train_data_mmini/3/Train_0012.jpg	3	-1.0,1.0,-1.0,1.0,1.0,-1.0,-1.0,1.0,1.0,1.0,1.0,-1.0	-1.1870016,4.407981,-8.058429,0.8378316,0.23429148,-0.35770532,-1.2500498,2.4204023,4.647436,0.728541,1.2046077,-0.76383424
../data/train_data_mmini/3/Train_0013.jpg	3	-1.0,1.0,1.0,1.0,1.0,1.0,1.0,1.0,-1.0,-1.0,1.0,1.0	-1.1952655,7.0396643,1.02102,4.288039,0.71712327,3.4995277,1.4313223,1.9184189,-1.2333522,-5.763429,1.7493,3.3946316
../data/train_data_mmini/3/Train_0014.jpg	3	-1.0,1.0,1.0,-1.0,-1.0,-1.0,1.0,1.0,1.0,1.0,-1.0,1.0	-5.4519105,4.8837094,2.0432396,-0.013189809,-1.3582939,-0.19030395,2.2249227,1.7209991,2.3035583,0.64954096,-0.68612015,1.9689434
../data/train_data_mmini/4/Train_0015.jpg	4	-1.0,1.0,-1.0,1.0,-1.0,-1.0,1.0,-1.0,-1.0,-1.0,1.0,1.0	-1.9736814,4.225692,-2.7769659,0.8616179,-3.3160849,-0.6232624,1.0785451,-2.2489011,-2.9550693,-2.4774754,1.6614994,0.038797088
../data/train_data_mmini/4/Train_0016.jpg	4	-1.0,1.0,-1.0,1.0,1.0,-1.0,-1.0,-1.0,1.0,1.0,1.0,1.0	-2.5758455,2.4893863,-1.3525258,1.2414356,0.87295127,-0.69217706,-1.2108145,-1.4828379,4.8848014,4.6321683,4.1861844,1.1185555
../data/train_data_mmini/4/Train_0017.jpg	4	-1.0,1.0,-1.0,1.0,1.0,1.0,1.0,1.0,1.0,-1.0,1.0,1.0	-3.2283347,6.575628,-6.328933,4.043036,1.7755994,1.3317056,0.6114456,3.5944784,5.783664,-0.6932463,2.732755,1.5706499
../data/train_data_mmini/4/Train_0018.jpg	4	-1.0,1.0,1.0,-1.0,-1.0,-1.0,1.0,-1.0,1.0,1.0,1.0,1.0	-4.7745194,3.515502,3.7102287,-0.62087804,-2.1365476,-1.4806688,0.7981128,-1.9961505,1.1080847,3.3132932,1.6165406,2.0651238
../data/train_data_mmini/4/Train_0019.jpg	4	1.0,1.0,1.0,1.0,1.0,1.0,1.0,1.0,1.0,-1.0,-1.0,1.0	1.1070663,4.509521,0.52462006,3.4852216,4.123064,2.6579208,0.6269162,5.877584,2.5851889,-5.301811,-1.6150423,1.3586754
../data/train_data_mmini/5/Train_0020.jpg	5	1.0,-1.0,1.0,-1.0,1.0,-1.0,-1.0,-1.0,1.0,1.0,-1.0,-1.0	0.8685495,-1.2166035,1.3354822,-1.8059235,2.1115816,-1.4625309,-2.0795941,-0.5951212,3.2212114,3.268606,-1.112767,-1.5592935
../data/train_data_mmini/5/Train_0021.jpg	5	-1.0,1.0,-1.0,1.0,-1.0,-1.0,1.0,-1.0,-1.0,-1.0,-1.0,1.0	-3.1954744,4.245879,-0.4410816,0.54836404,-2.968944,-0.10245128,1.8348204,-1.0465366,-2.2454782,-1.6563488,-0.17015691,0.5839094
../data/train_data_mmini/5/Train_0022.jpg	5	1.0,-1.0,1.0,-1.0,1.0,-1.0,-1.0,-1.0,-1.0,-1.0,-1.0,-1.0	0.9651069,-0.014127796,4.9581475,-1.7112883,1.4510978,-0.29064587,-0.6696344,-0.29488435,-0.120364584,-0.25255796,-2.461789,-0.44400123
../data/train_data_mmini/5/Train_0023.jpg	5	1.0,-1.0,1.0,-1.0,1.0,-1.0,-1.0,-1.0,1.0,1.0,-1.0,-1.0	1.6518711,-2.0074654,2.587531,-1.7040346,1.4277291,-1.1650686,-2.0063155,-1.6518956,0.6881508,2.515535,-1.1360661,-1.5911374
../data/train_data_mmini/5/Train_0024.jpg	5	-1.0,1.0,-1.0,-1.0,-1.0,-1.0,-1.0,-1.0,1.0,1.0,-1.0,-1.0	-2.2278993,1.9392248,-3.1622205,-0.7776103,-1.350481,-1.3240173,-0.45232382,-0.57614213,1.5582466,2.3894951,-0.52893907,-0.9002055
../data/train_data_mmini/6/Train_0025.jpg	6	-1.0,1.0,-1.0,1.0,1.0,1.0,-1.0,1.0,1.0,1.0,1.0,1.0	-0.93273497,3.3245225,-2.8721278,4.2478423,6.957376,2.2330675,-1.5328242,6.485131,10.100943,2.3797328,0.35274795,1.0418692
../data/train_data_mmini/6/Train_0026.jpg	6	-1.0,1.0,-1.0,-1.0,1.0,-1.0,-1.0,-1.0,1.0,1.0,1.0,-1.0	-3.3124998,0.12717126,-1.3487146,-1.9977132,0.5175012,-2.5208657,-1.678706,-0.36436316,6.235547,7.6870775,0.92204356,-1.0711648
../data/train_data_mmini/6/Train_0027.jpg	6	-1.0,1.0,-1.0,-1.0,1.0,-1.0,-1.0,1.0,1.0,1.0,1.0,1.0	-4.8115377,3.3414857,-1.4239907,-0.39556155,1.529204,-0.38214114,-0.7846261,3.1922657,7.7565637,5.474152,1.1294452,1.5169768
../data/train_data_mmini/6/Train_0028.jpg	6	-1.0,1.0,1.0,-1.0,-1.0,-1.0,1.0,-1.0,1.0,1.0,-1.0,1.0	-8.017319,2.7768674,0.6705187,-2.131296,-4.28258,-1.574937,2.8632646,-1.0797129,1.5567092,3.7743723,-2.0850618,0.9574237
../data/train_data_mmini/6/Train_0029.jpg	6	1.0,1.0,-1.0,1.0,1.0,1.0,-1.0,1.0,1.0,-1.0,1.0,1.0	2.2453222,5.701266,-1.3822583,4.8922906,4.330967,3.5088985,-1.6363493,2.6335618,2.9910612,-2.9537864,3.6625526,2.6410575
../data/train_data_mmini/7/Train_0030.jpg	7	1.0,1.0,1.0,1.0,1.0,1.0,-1.0,1.0,1.0,1.0,1.0,1.0	1.0996441,1.4108515,1.1599097,1.5162421,3.805983,0.06879164,-2.1336155,0.31238893,4.3787227,1.6812339,1.5365872,0.009284383
../data/train_data_mmini/7/Train_0031.jpg	7	-1.0,1.0,1.0,1.0,1.0,1.0,-1.0,1.0,1.0,1.0,1.0,1.0	-1.6394287,5.2796807,3.516134,2.4814167,3.0358078,1.6971612,-0.9644626,1.5313923,4.5078816,1.4001584,2.4829326,2.8809023
../data/train_data_mmini/7/Train_0032.jpg	7	-1.0,1.0,-1.0,1.0,-1.0,1.0,1.0,1.0,1.0,-1.0,1.0,1.0	-8.876672,9.644881,-3.7587838,0.8340092,-4.014891,0.026674703,3.1247666,2.3316426,2.0499496,-0.27718714,1.263264,3.2060425
../data/train_data_mmini/7/Train_0033.jpg	7	-1.0,-1.0,1.0,-1.0,1.0,-1.0,-1.0,1.0,1.0,1.0,-1.0,-1.0	-0.82844186,-0.40578905,1.5296862,-1.495703,4.1062694,-1.6299663,-2.8783178,1.2826219,8.33521,7.0398617,-0.4741025,-0.74347544
../data/train_data_mmini/7/Train_0034.jpg	7	-1.0,1.0,-1.0,-1.0,-1.0,-1.0,1.0,1.0,1.0,1.0,-1.0,1.0	-11.652596,3.831263,-3.6513398,-3.239212,-4.3719597,-1.1920446,3.4923525,3.1995325,5.6983557,6.2170715,-4.5346284,0.9746143
../data/train_data_mmini/8/Train_0035.jpg	8	-1.0,1.0,1.0,1.0,1.0,1.0,1.0,1.0,-1.0,-1.0,1.0,1.0	-1.6740984,5.1363454,4.37128,1.1479622,0.46192405,1.6171468,0.50419784,0.74849117,-0.84823185,-2.687245,0.3475948,2.7857893
../data/train_data_mmini/8/Train_0036.jpg	8	-1.0,1.0,1.0,1.0,1.0,1.0,-1.0,1.0,1.0,1.0,1.0,1.0	-3.1680748,4.5265136,4.4068155,1.9581534,3.2795048,0.62045044,-0.5352795,1.4802347,6.167197,3.1897097,1.5659127,2.68775
../data/train_data_mmini/8/Train_0037.jpg	8	-1.0,1.0,-1.0,1.0,-1.0,-1.0,1.0,1.0,1.0,1.0,1.0,1.0	-8.138431,5.942362,-4.6595726,0.33502087,-1.998254,-0.67147225,0.9038568,0.8553094,5.596756,5.7047434,2.1293073,1.8244412
../data/train_data_mmini/8/Train_0038.jpg	8	-1.0,1.0,1.0,1.0,1.0,1.0,1.0,1.0,1.0,-1.0,1.0,1.0	-1.4645332,5.4186687,1.2843058,1.6834594,0.7260466,1.7234238,0.07331899,0.94878864,0.6586427,-1.9534266,1.2604535,2.242537
../data/train_data_mmini/8/Train_0039.jpg	8	-1.0,1.0,1.0,1.0,1.0,1.0,1.0,1.0,1.0,-1.0,1.0,1.0	-2.3195095,7.1716614,1.704184,2.4168246,1.1723486,2.3923862,0.59257686,2.6317554,1.409977,-2.5223594,0.7337225,3.682497
../data/train_data_mmini/9/Train_0040.jpg	9	-1.0,1.0,-1.0,-1.0,-1.0,-1.0,1.0,-1.0,-1.0,-1.0,-1.0,1.0	-2.7244446,3.38566,-1.1882166,-0.4501375,-2.3017144,-0.71490246,0.98998964,-0.92445344,-0.74794626,-0.40176645,-0.30430722,0.17643419
../data/train_data_mmini/9/Train_0041.jpg	9	-1.0,1.0,1.0,-1.0,1.0,-1.0,-1.0,1.0,1.0,1.0,-1.0,1.0	-4.168323,2.2846818,3.6191165,-1.7647067,2.5935695,-0.71955323,-0.9879896,2.0374582,8.085778,6.4582033,-0.8957626,1.7218041
../data/train_data_mmini/9/Train_0042.jpg	9	-1.0,1.0,-1.0,1.0,-1.0,-1.0,1.0,-1.0,-1.0,-1.0,1.0,1.0	-3.927419,4.9555635,-4.7887897,0.37904483,-4.099873,-0.50291955,1.5043333,-1.3586196,-1.3438569,-0.66982883,0.97040695,0.27766946
../data/train_data_mmini/9/Train_0043.jpg	9	-1.0,1.0,1.0,1.0,-1.0,1.0,1.0,-1.0,-1.0,-1.0,-1.0,1.0	-1.5634516,3.6955497,4.6505723,0.47461748,-0.48267272,0.5951712,1.0901415,-0.057716493,-1.8618126,-2.9131517,-0.61626554,1.5830343
../data/train_data_mmini/9/Train_0044.jpg	9	1.0,1.0,-1.0,1.0,1.0,1.0,-1.0,1.0,1.0,-1.0,1.0,1.0	2.1231194,5.007156,-3.8456292,3.59334,3.2613316,2.3850076,-1.3805763,3.0530112,2.3556547,-3.4145498,2.1144552,0.9008782
../data/train_data_mmini/10/Train_0045.jpg	10	-1.0,1.0,1.0,1.0,1.0,1.0,1.0,1.0,1.0,-1.0,1.0,1.0	-5.6478934,11.400634,1.5619205,3.4970927,2.0627325,3.6417341,1.267328,6.9054704,5.399321,-1.285194,1.7878933,6.088527
../data/train_data_mmini/10/Train_0046.jpg	10	-1.0,1.0,-1.0,1.0,-1.0,1.0,1.0,1.0,1.0,-1.0,1.0,1.0	-3.7545526,7.027696,-8.461183,2.9742987,-1.4989455,1.4095689,1.3777659,2.786189,2.217214,-1.8012965,2.033603,0.9734255
../data/train_data_mmini/10/Train_0047.jpg	10	-1.0,1.0,-1.0,1.0,-1.0,1.0,1.0,1.0,1.0,-1.0,1.0,1.0	-7.7142224,10.480557,-0.7333847,3.9173346,-1.2421628,2.6594827,3.6035326,4.3047256,2.1850839,-1.9179507,0.86407715,4.6536484
../data/train_data_mmini/10/Train_0048.jpg	10	1.0,1.0,1.0,1.0,1.0,1.0,-1.0,1.0,1.0,-1.0,1.0,1.0	2.2265775,9.034369,0.24653976,4.7292967,5.7163315,4.5095763,-0.7362645,7.9714236,3.5009396,-7.469507,0.41850215,3.2288663
../data/train_data_mmini/10/Train_0049.jpg	10	-1.0,1.0,-1.0,1.0,-1.0,1.0,1.0,1.0,1.0,-1.0,1.0,1.0	-5.4494815,8.02456,-0.7514158,1.9487668,-0.8462488,2.0743287,2.0287364,3.1809297,1.5600576,-1.3553547,0.35882044,3.6773424
