../data/train_data_mmini/1/Train_0000.jpg	1	1.0,1.0,-1.0,-1.0,1.0,-1.0,-1.0,1.0,-1.0,-1.0,-1.0,-1.0,1.0,-1.0,1.0,1.0,-1.0,1.0,1.0,1.0,-1.0,-1.0,1.0,1.0	0.8650975,0.98019093,-0.47030038,-1.1042472,0.60802215,-1.0120231,-0.74009126,0.5826671,-1.2996416,-0.25690147,-0.7605081,-0.11664391,0.39133045,-0.5040415,0.14658812,1.2660193,-0.18984903,1.3268838,0.23997025,0.27189752,-0.66793716,-0.29222748,0.77115506,1.1431606
../data/train_data_mmini/1/Train_0001.jpg	1	1.0,1.0,-1.0,-1.0,1.0,-1.0,-1.0,1.0,-1.0,-1.0,-1.0,-1.0,1.0,-1.0,1.0,1.0,-1.0,1.0,-1.0,1.0,-1.0,-1.0,1.0,1.0	1.240488,1.2088968,-0.11671322,-1.1106378,0.8625932,-1.447829,-0.63177484,0.27417323,-1.6372923,-0.26324478,-0.77907825,-0.21876581,0.48443368,-0.39280218,0.10398053,0.92303145,-0.30603924,1.3599225,-0.13295612,0.24027607,-0.9010847,-0.7765339,0.31425065,0.8074326
../data/train_data_mmini/1/Train_0002.jpg	1	1.0,1.0,-1.0,-1.0,1.0,-1.0,-1.0,1.0,-1.0,1.0,-1.0,-1.0,1.0,-1.0,1.0,1.0,1.0,1.0,1.0,1.0,-1.0,1.0,1.0,1.0	0.15452467,0.3994829,-0.8343791,-0.792106,0.10785434,-0.66812265,-0.36429906,0.5287678,-0.82563156,0.15303782,-0.46341974,-0.054622956,0.027984897,-0.955217,0.30989152,1.3476428,0.22460018,0.94502115,0.39771822,0.3671767,-0.29847574,0.45933804,1.018968,1.48902
../data/train_data_mmini/1/Train_0003.jpg	1	1.0,1.0,-1.0,-1.0,1.0,-1.0,-1.0,1.0,-1.0,-1.0,-1.0,-1.0,1.0,-1.0,-1.0,1.0,-1.0,1.0,1.0,1.0,-1.0,-1.0,1.0,1.0	1.1994739,1.1770118,-0.22588462,-1.253517,0.73968875,-1.2808406,-0.91145045,0.53106385,-1.500043,-0.4520286,-0.82745355,-0.1505434,0.5559141,-0.37128448,-0.07357386,1.1452793,-0.28752565,1.5150584,0.076217204,0.22558537,-0.85518014,-0.6377514,0.608812,0.9311838
../data/train_data_mmini/1/Train_0004.jpg	1	1.0,1.0,-1.0,-1.0,1.0,-1.0,-1.0,1.0,-1.0,1.0,-1.0,-1.0,1.0,-1.0,1.0,1.0,1.0,1.0,1.0,1.0,-1.0,1.0,1.0,1.0	0.9408666,0.48375645,-0.86685985,-0.9954123,0.27659652,-1.0333514,-0.73254544,0.59620684,-1.2598393,0.10195377,-0.7403326,-0.09254388,0.07540361,-0.73235196,0.37925887,1.5587738,0.020973079,1.4765619,0.5431094,0.7007016,-0.45530593,0.22953816,1.1813148,1.8032738
../data/train_data_mmini/2/Train_0005.jpg	2	1.0,1.0,-1.0,-1.0,1.0,-1.0,-1.0,1.0,-1.0,-1.0,-1.0,1.0,1.0,-1.0,1.0,1.0,-1.0,1.0,1.0,1.0,-1.0,-1.0,1.0,1.0	0.49580774,1.2398192,-0.36422896,-1.0585604,0.6628678,-0.8810261,-0.5982131,0.35649237,-1.0644392,-0.23530856,-0.45253602,0.0763549,0.8819069,-0.19667834,0.3088721,0.90745664,-0.36758125,0.9052996,0.0676038,0.13661385,-0.6491629,-0.5763498,0.26634395,0.5064783
../data/train_data_mmini/2/Train_0006.jpg	2	-1.0,1.0,-1.0,-1.0,1.0,-1.0,-1.0,1.0,-1.0,-1.0,-1.0,1.0,1.0,1.0,1.0,1.0,-1.0,-1.0,-1.0,-1.0,1.0,-1.0,-1.0,1.0	-0.30192554,2.803362,-1.4141747,-0.119367376,1.0988725,-0.2616225,-0.29396063,0.82933253,-0.5662499,-0.29778418,-0.24929179,0.9349758,2.299191,0.77184093,0.7503209,0.7669606,-0.6625004,-0.07555967,-0.043710407,-0.3972185,0.0013494161,-0.35018373,-0.19458188,0.3417103
../data/train_data_mmini/2/Train_0007.jpg	2	1.0,1.0,-1.0,-1.0,1.0,-1.0,-1.0,1.0,-1.0,1.0,-1.0,-1.0,-1.0,-1.0,1.0,1.0,-1.0,1.0,1.0,1.0,-1.0,1.0,1.0,1.0	0.56690013,0.11177021,-1.2376742,-0.9509995,0.0022477189,-0.9111625,-0.64603335,0.66072303,-1.0914328,0.056150343,-0.48937893,-0.1640507,-0.06609615,-1.0358369,0.36957568,1.4724526,-0.15405317,1.4178069,0.55081034,0.78710365,-0.33334434,0.3776711,1.4360546,1.6582422
../data/train_data_mmini/2/Train_0008.jpg	2	-1.0,1.0,-1.0,-1.0,1.0,1.0,-1.0,1.0,-1.0,1.0,-1.0,1.0,1.0,-1.0,1.0,1.0,-1.0,1.0,1.0,1.0,1.0,1.0,1.0,1.0	-0.8719955,0.63552016,-2.178319,-0.5283494,0.007919578,0.3416185,-0.12924372,0.74516314,-0.071289554,0.22654155,-0.082245976,0.39190754,0.4227365,-0.9262594,0.81551397,1.0813907,-0.3342643,0.19683045,0.4353683,0.52765167,0.61480814,0.8510601,1.0152136,1.3377113
../data/train_data_mmini/2/Train_0009.jpg	2	1.0,1.0,-1.0,-1.0,1.0,-1.0,-1.0,1.0,-1.0,-1.0,-1.0,1.0,1.0,-1.0,1.0,1.0,-1.0,1.0,-1.0,1.0,-1.0,-1.0,1.0,1.0	1.1978732,2.0762367,-0.27222735,-1.3570919,1.4226608,-1.0703417,-0.84085965,0.29689816,-1.617667,-0.86421186,-0.9048413,0.16163424,1.4200517,-0.023533681,0.12019047,1.0371172,-0.5203523,1.2264658,-0.19193688,0.06263131,-0.49229026,-1.1065416,0.042093024,0.6717831
../data/train_data_mmini/3/Train_0010.jpg	3	-1.0,1.0,-1.0,-1.0,1.0,1.0,-1.0,1.0,-1.0,1.0,1.0,1.0,1.0,-1.0,1.0,1.0,-1.0,1.0,1.0,1.0,1.0,1.0,1.0,1.0	-0.47938395,0.3076804,-2.01647,-0.47400635,0.34718177,0.4909797,-0.021632781,0.12954071,-0.40991393,0.12158235,0.2537959,0.47383177,0.438521,-0.64270407,0.8636938,0.62039,-0.904502,0.017717965,0.1248495,0.9783008,1.2634137,0.102231584,0.18890671,0.80178636
../data/train_data_mmini/3/Train_0011.jpg	3	1.0,-1.0,-1.0,-1.0,-1.0,-1.0,-1.0,1.0,-1.0,1.0,-1.0,-1.0,-1.0,-1.0,-1.0,1.0,1.0,1.0,1.0,1.0,-1.0,1.0,1.0,1.0	1.2172476,-0.79523426,-0.06537216,-1.2261263,-0.015113922,-1.7076734,-0.72173536,0.14006989,-1.4472619,0.70208144,-0.43552217,-0.90745044,-1.0787885,-1.5587974,-0.005714864,1.4211016,0.45407307,1.7910398,0.60816324,0.3856218,-1.0941025,0.44863564,1.3946942,1.9752585
../data/train_data_mmini/3/Train_0012.jpg	3	1.0,1.0,1.0,-1.0,1.0,-1.0,-1.0,1.0,-1.0,1.0,-1.0,-1.0,1.0,1.0,-1.0,1.0,1.0,1.0,-1.0,1.0,-1.0,-1.0,1.0,1.0	2.743759,1.4352263,1.0066649,-1.503928,0.97372746,-2.8695242,-1.6297405,0.243218,-2.7151887,0.12604669,-1.4864023,-0.55974597,0.47907218,0.41883406,-0.4930567,1.4583361,0.27519026,2.3535383,-0.18748859,0.2340231,-1.9725696,-1.2497501,0.19869779,1.4525392
../data/train_data_mmini/3/Train_0013.jpg	3	-1.0,1.0,-1.0,-1.0,1.0,-1.0,-1.0,1.0,-1.0,1.0,-1.0,1.0,1.0,1.0,1.0,1.0,-1.0,-1.0,1.0,-1.0,1.0,1.0,1.0,1.0	-0.93035007,2.093008,-2.0083544,-0.01656921,0.55317116,-0.04591671,-0.18325324,0.87246037,-0.27201706,0.3112792,-0.33988202,0.9222417,1.5776345,0.23963346,0.84664345,1.2125752,-0.26431066,-0.10460018,0.026265653,-0.18452042,0.33057612,0.5598344,0.29921642,1.1576707
../data/train_data_mmini/3/Train_0014.jpg	3	1.0,1.0,-1.0,-1.0,1.0,-1.0,-1.0,1.0,-1.0,-1.0,-1.0,1.0,1.0,-1.0,1.0,1.0,-1.0,1.0,1.0,1.0,-1.0,-1.0,1.0,1.0	0.25794932,1.0150845,-1.0008628,-0.7881555,0.51569533,-0.544383,-0.45793492,0.460972,-0.9806093,-0.02117703,-0.40925747,0.14626078,0.6004477,-0.44739538,0.51240814,1.0968313,-0.42656773,0.78501385,0.15537134,0.44945264,-0.2394731,-0.025696386,0.5514716,0.9388201
../data/train_data_mmini/4/Train_0015.jpg	4	1.0,1.0,-1.0,-1.0,1.0,-1.0,-1.0,1.0,-1.0,1.0,-1.0,1.0,1.0,-1.0,1.0,1.0,1.0,1.0,1.0,1.0,-1.0,1.0,1.0,1.0	0.07712053,1.0944489,-1.4644011,-0.78565025,0.23649272,-1.0010066,-0.7421776,1.0941142,-1.0168415,0.22820404,-0.60223055,0.3457923,0.6722159,-0.49643135,0.63660496,1.6454419,0.14826967,1.1806386,0.5831908,0.5045136,-0.3848105,0.42444834,1.037857,1.5050102
../data/train_data_mmini/4/Train_0016.jpg	4	1.0,1.0,1.0,-1.0,1.0,-1.0,-1.0,1.0,-1.0,-1.0,-1.0,-1.0,1.0,-1.0,-1.0,1.0,-1.0,1.0,-1.0,-1.0,-1.0,-1.0,1.0,1.0	0.48406965,1.1255851,0.522953,-1.274505,0.6560786,-0.89325976,-0.51203835,0.071748026,-0.98753697,-0.45541215,-0.69012403,-0.38946602,0.412355,-0.64131683,-0.21077676,0.47622007,-0.40107164,0.89776695,-0.22231224,-0.3966546,-1.0663887,-0.58768505,0.17071031,0.36103237
../data/train_data_mmini/4/Train_0017.jpg	4	1.0,1.0,1.0,-1.0,1.0,-1.0,-1.0,1.0,-1.0,-1.0,-1.0,1.0,1.0,1.0,1.0,1.0,-1.0,1.0,-1.0,-1.0,-1.0,-1.0,-1.0,1.0	0.7104317,2.723133,0.015410847,-0.86219,1.3790373,-1.1072856,-0.6840362,0.50244606,-1.2308687,-0.096945144,-0.7833066,0.53315,1.7660053,0.4674294,0.40983334,0.896077,-0.45180428,0.56419295,-0.3109909,-0.45955226,-0.9008655,-0.8425184,-0.44640556,0.3790183
../data/train_data_mmini/4/Train_0018.jpg	4	1.0,1.0,-1.0,-1.0,1.0,-1.0,-1.0,1.0,-1.0,-1.0,-1.0,1.0,1.0,-1.0,1.0,1.0,-1.0,1.0,1.0,1.0,-1.0,-1.0,1.0,1.0	0.2932174,0.7513148,-0.9000568,-0.6842784,0.49432,-0.47284633,-0.3286391,0.33464217,-0.6952368,-0.17406031,-0.12610175,0.10015968,0.6178312,-0.24857901,0.56838226,0.82166004,-0.22622381,0.6197822,0.3728951,0.49397486,-0.00067940686,-0.3419926,0.32967627,0.6517354
../data/train_data_mmini/4/Train_0019.jpg	4	-1.0,1.0,-1.0,-1.0,1.0,-1.0,-1.0,1.0,-1.0,1.0,-1.0,1.0,1.0,1.0,1.0,1.0,-1.0,-1.0,-1.0,-1.0,1.0,1.0,1.0,1.0	-0.7974465,2.5089018,-1.915788,-0.0514943,0.7538874,-0.23319417,-0.21409713,0.92729706,-0.37781754,0.1737329,-0.12540813,0.81823564,1.9926932,0.3694296,0.7179869,1.105547,-0.5244535,-0.042793147,-0.047080304,-0.27725142,0.07335165,0.38715753,0.0027495474,0.68930477
../data/train_data_mmini/5/Train_0020.jpg	5	1.0,1.0,-1.0,-1.0,1.0,-1.0,-1.0,1.0,-1.0,-1.0,-1.0,1.0,1.0,-1.0,1.0,1.0,-1.0,1.0,1.0,1.0,-1.0,-1.0,1.0,1.0	0.9715907,0.99861914,-0.5994088,-1.0936449,0.52775544,-1.0158933,-0.62574875,0.4298277,-1.2889787,-0.26483867,-0.5905776,0.00961419,0.48770148,-0.60622513,0.25542924,1.2239196,-0.34386522,1.2512264,0.20533425,0.46566516,-0.6239427,-0.33632705,0.822924,1.1251931
../data/train_data_mmini/5/Train_0021.jpg	5	1.0,1.0,-1.0,-1.0,1.0,-1.0,-1.0,1.0,-1.0,1.0,-1.0,1.0,1.0,-1.0,1.0,1.0,1.0,1.0,1.0,1.0,-1.0,1.0,1.0,1.0	0.44316292,1.0545714,-1.4404304,-1.016563,0.40849397,-1.0904337,-0.95615613,0.97517794,-1.2764992,0.15833548,-0.70792127,0.18894434,0.65645236,-0.5372781,0.53241956,1.8181636,0.08376052,1.30474,0.60318995,0.53554666,-0.44114834,0.23859258,1.1135721,1.671691
../data/train_data_mmini/5/Train_0022.jpg	5	1.0,1.0,-1.0,-1.0,1.0,-1.0,-1.0,1.0,-1.0,-1.0,-1.0,1.0,1.0,-1.0,1.0,1.0,-1.0,1.0,1.0,1.0,-1.0,1.0,1.0,1.0	0.32195306,1.00956,-1.241342,-0.71547925,0.38055775,-0.55506945,-0.3720307,0.5513847,-0.9927657,-0.13196203,-0.42922848,0.27024606,0.6162405,-0.7003109,0.5690773,1.1960052,-0.41379482,0.8877259,0.17948091,0.46418238,-0.025445823,0.12727281,0.9344165,1.2332919
../data/train_data_mmini/5/Train_0023.jpg	5	1.0,1.0,-1.0,-1.0,1.0,-1.0,-1.0,1.0,-1.0,-1.0,-1.0,-1.0,1.0,-1.0,1.0,1.0,-1.0,1.0,1.0,1.0,-1.0,-1.0,1.0,1.0	1.1585597,0.9278611,-0.7349557,-1.0521454,0.64907396,-1.1090473,-0.8214116,0.5316748,-1.4298836,-0.3724185,-0.5729363,-0.06965508,0.64269114,-0.38613757,0.23102307,1.2321222,-0.26042086,1.3178723,0.28264284,0.5449379,-0.5414098,-0.59121203,0.66115224,1.0447817
../data/train_data_mmini/5/Train_0024.jpg	5	1.0,1.0,-1.0,-1.0,1.0,-1.0,-1.0,1.0,-1.0,1.0,-1.0,-1.0,-1.0,-1.0,-1.0,1.0,1.0,1.0,1.0,1.0,-1.0,1.0,1.0,1.0	1.191166,0.19503397,-0.6018471,-1.328597,0.2395018,-1.2915311,-1.2240574,0.74853826,-1.5603272,0.3084667,-0.9322034,-0.30762786,-0.18940796,-0.84806293,-0.021604612,1.9572432,0.3499897,1.8636451,0.75732064,0.7911548,-0.6767727,0.051892307,1.3875779,1.8923296
../data/train_data_mmini/6/Train_0025.jpg	6	1.0,1.0,-1.0,-1.0,1.0,-1.0,-1.0,1.0,-1.0,-1.0,-1.0,-1.0,1.0,-1.0,-1.0,1.0,-1.0,1.0,1.0,1.0,-1.0,-1.0,1.0,1.0	0.9495909,0.75394017,-0.101479225,-1.1501349,0.35253313,-1.4231329,-0.8500964,0.16303265,-1.3567313,-0.055092666,-0.6350311,-0.24111839,0.26858655,-0.56319076,-0.10026814,1.2745335,-0.06338773,1.4377906,0.003717335,0.18700582,-0.596732,-0.3654177,0.73122644,0.9703372
../data/train_data_mmini/6/Train_0026.jpg	6	1.0,1.0,-1.0,-1.0,1.0,-1.0,-1.0,1.0,-1.0,-1.0,-1.0,-1.0,1.0,-1.0,1.0,1.0,-1.0,1.0,1.0,1.0,-1.0,-1.0,1.0,1.0	1.076163,1.2644266,-0.3112172,-1.2536179,0.9743103,-0.86596,-0.76884604,0.40347615,-1.2680424,-0.42807063,-0.65283275,-0.069596075,0.72265726,-0.28991824,0.11255363,0.9284636,-0.6054681,1.1663067,0.0017687697,0.40593293,-0.48812425,-0.8974331,0.16746615,0.55429786
../data/train_data_mmini/6/Train_0027.jpg	6	1.0,1.0,1.0,-1.0,1.0,-1.0,-1.0,-1.0,-1.0,-1.0,-1.0,-1.0,1.0,-1.0,1.0,1.0,-1.0,1.0,-1.0,1.0,-1.0,-1.0,1.0,1.0	1.0271323,0.5291135,0.11075521,-1.4341699,0.7988199,-1.0808256,-0.59248036,-0.28290352,-1.1999376,-0.78482693,-0.41102636,-0.304805,0.3547096,-0.64907295,0.02623254,0.740463,-0.49069437,1.1787544,-0.16843122,0.45149216,-0.45383313,-0.99420923,0.32198098,0.41419885
../data/train_data_mmini/6/Train_0028.jpg	6	-1.0,-1.0,-1.0,-1.0,-1.0,-1.0,-1.0,1.0,-1.0,1.0,-1.0,-1.0,-1.0,-1.0,1.0,1.0,-1.0,1.0,1.0,1.0,-1.0,1.0,1.0,1.0	-0.02418451,-0.4476301,-1.0786216,-0.87968075,-0.19306695,-0.43709636,-0.20445223,0.36136636,-0.52533776,0.37963125,-0.29057202,-0.38740775,-0.5636741,-1.3235048,0.3272373,1.1418335,-0.027100481,0.90588164,0.5627412,0.5191425,-0.2849449,0.86391795,1.4265805,1.6409298
../data/train_data_mmini/6/Train_0029.jpg	6	1.0,1.0,-1.0,-1.0,1.0,-1.0,-1.0,1.0,-1.0,-1.0,-1.0,1.0,1.0,1.0,1.0,1.0,-1.0,1.0,-1.0,1.0,1.0,-1.0,1.0,1.0	0.25016692,2.1799994,-1.075818,-0.69098365,1.0834293,-0.45783055,-0.5411676,0.66723245,-0.8737038,-0.4646028,-0.5256011,0.84496075,1.4561977,0.09753876,0.52552295,1.1217599,-0.29744193,0.5139099,-0.021636752,0.10532054,0.24269566,-0.47369364,0.04663764,0.7711231
../data/train_data_mmini/7/Train_0030.jpg	7	1.0,1.0,1.0,-1.0,1.0,-1.0,-1.0,1.0,-1.0,-1.0,-1.0,-1.0,1.0,1.0,-1.0,1.0,-1.0,1.0,-1.0,-1.0,-1.0,-1.0,-1.0,1.0	1.0493741,2.4394238,0.2793966,-1.3382859,1.1644486,-1.5429126,-0.94455147,0.4761522,-1.6362878,-0.65523344,-0.8799908,-0.15427165,1.6347239,0.11794343,-0.02908054,0.9225939,-0.4960034,1.2520906,-0.34995916,-0.58291614,-1.412843,-1.0826465,-0.0911807,0.30743885
../data/train_data_mmini/7/Train_0031.jpg	7	1.0,1.0,-1.0,-1.0,1.0,-1.0,-1.0,1.0,-1.0,-1.0,-1.0,1.0,1.0,1.0,1.0,1.0,-1.0,1.0,-1.0,1.0,-1.0,-1.0,1.0,1.0	0.85797894,2.028636,-0.59499913,-0.95452666,1.0905178,-0.7603648,-0.62536365,0.37967888,-1.2284933,-0.1636444,-0.7714853,0.39026555,1.1200559,0.019615104,0.44374695,1.18024,-0.6082017,0.83397406,-0.08669475,0.11412209,-0.2837705,-0.771799,0.22766058,0.76483345
../data/train_data_mmini/7/Train_0032.jpg	7	1.0,1.0,-1.0,-1.0,1.0,-1.0,-1.0,1.0,-1.0,1.0,-1.0,-1.0,1.0,-1.0,1.0,1.0,1.0,1.0,1.0,1.0,-1.0,-1.0,1.0,1.0	0.92397183,0.40554798,-0.2455836,-1.5158806,0.458429,-1.1834868,-0.9894777,0.263468,-1.5123762,0.12911204,-0.79637194,-0.29590786,0.0573986,-0.87746567,0.20575275,1.4260758,0.14663394,1.5298535,0.42284387,0.4538264,-0.55601853,-0.29873177,0.90846777,1.2675569
../data/train_data_mmini/7/Train_0033.jpg	7	1.0,1.0,1.0,-1.0,1.0,-1.0,-1.0,1.0,-1.0,-1.0,-1.0,-1.0,1.0,-1.0,-1.0,1.0,-1.0,1.0,-1.0,1.0,-1.0,-1.0,1.0,1.0	1.5109928,1.3680671,0.23556149,-1.6252282,1.1534736,-1.3024807,-1.1777482,0.21406187,-1.6345865,-0.7706752,-0.86507225,-0.15060315,0.85553956,-0.083688356,-0.23883079,1.0118688,-0.46496814,1.5710393,-0.09389499,0.3593594,-0.89800936,-1.3800799,0.19088362,0.37786084
../data/train_data_mmini/7/Train_0034.jpg	7	1.0,-1.0,-1.0,-1.0,-1.0,-1.0,-1.0,-1.0,-1.0,1.0,1.0,-1.0,-1.0,-1.0,1.0,1.0,1.0,1.0,1.0,1.0,-1.0,1.0,1.0,1.0	0.66364,-2.5809414,-0.63992184,-1.2472013,-0.29625696,-1.081684,-0.48505414,-0.09139107,-1.0847701,1.0049673,0.1594433,-1.1667981,-1.7438772,-2.2657394,0.24041101,1.2094266,0.16044779,1.623201,0.7885559,0.90846336,-0.34164652,0.9802809,2.356001,1.9594487
../data/train_data_mmini/8/Train_0035.jpg	8	1.0,1.0,-1.0,-1.0,1.0,-1.0,-1.0,1.0,-1.0,-1.0,-1.0,1.0,1.0,-1.0,1.0,1.0,-1.0,1.0,1.0,1.0,1.0,-1.0,1.0,1.0	0.34052357,1.3633631,-1.1869959,-0.8873319,0.7687628,-0.62736386,-0.4451646,0.6157335,-1.0903939,-0.29093656,-0.47986573,0.46253505,1.0775688,-0.38648987,0.6566628,1.2160791,-0.31123787,0.78850514,0.1601071,0.41367126,0.028691884,-0.22246185,0.59732646,1.0136681
../data/train_data_mmini/8/Train_0036.jpg	8	1.0,1.0,-1.0,-1.0,1.0,-1.0,-1.0,1.0,-1.0,-1.0,-1.0,1.0,1.0,-1.0,1.0,1.0,-1.0,1.0,1.0,1.0,-1.0,-1.0,1.0,1.0	0.46552482,1.3263785,-0.58028275,-1.0146056,0.6330455,-0.7921386,-0.51340353,0.37157986,-1.0439421,-0.21493205,-0.55276984,0.09317959,0.8991049,-0.3496234,0.3323167,1.0145802,-0.40039873,0.92257136,0.035240475,0.17410961,-0.30260807,-0.38874462,0.46735206,0.70292825
../data/train_data_mmini/8/Train_0037.jpg	8	1.0,1.0,-1.0,-1.0,1.0,-1.0,-1.0,1.0,-1.0,1.0,-1.0,-1.0,-1.0,-1.0,1.0,1.0,-1.0,1.0,1.0,1.0,-1.0,-1.0,1.0,1.0	0.82920945,0.5542429,-0.46642178,-1.3615782,0.5315707,-1.1393446,-0.89385825,0.51818156,-1.4289242,0.14375594,-0.7929074,-0.2056134,-0.0122094955,-0.96460813,0.20881656,1.4390554,-0.12776847,1.4837381,0.41239703,0.56660515,-0.7289125,-0.059949715,0.9800621,1.4753711
../data/train_data_mmini/8/Train_0038.jpg	8	1.0,1.0,-1.0,-1.0,1.0,-1.0,-1.0,1.0,-1.0,-1.0,-1.0,1.0,1.0,-1.0,1.0,1.0,-1.0,1.0,1.0,1.0,-1.0,-1.0,1.0,1.0	0.124262914,1.164344,-0.9285824,-1.0081668,0.5472772,-0.5463793,-0.45572218,0.5202236,-0.96460396,-0.18769273,-0.5324962,0.31170946,0.64684755,-0.72994,0.49277353,1.1077961,-0.33062464,0.82084113,0.097008795,0.30889255,-0.16404557,-0.084702544,0.69142187,0.95588905
../data/train_data_mmini/8/Train_0039.jpg	8	1.0,1.0,-1.0,-1.0,1.0,-1.0,-1.0,1.0,-1.0,-1.0,-1.0,1.0,1.0,-1.0,1.0,1.0,-1.0,1.0,1.0,1.0,-1.0,-1.0,1.0,1.0	0.7893739,1.6643568,-0.8571071,-0.9620731,0.9447794,-0.9980391,-0.5781649,0.5362681,-1.3822832,-0.2534233,-0.6897783,0.4833403,1.1942523,-0.20894189,0.596172,1.3052031,-0.24234827,0.952026,0.13278562,0.35563073,-0.24180108,-0.492175,0.48798653,1.0909696
../data/train_data_mmini/9/Train_0040.jpg	9	1.0,1.0,-1.0,-1.0,1.0,-1.0,-1.0,1.0,-1.0,1.0,-1.0,1.0,1.0,-1.0,1.0,1.0,1.0,1.0,1.0,1.0,-1.0,1.0,1.0,1.0	0.426458,0.87772554,-1.4066424,-0.982247,0.26900026,-1.0045828,-0.78925467,0.8830863,-1.2501932,0.15127829,-0.6702609,0.14770356,0.43989918,-0.83024824,0.55402553,1.7976967,0.03509634,1.3994788,0.49026972,0.62854874,-0.45293006,0.4729297,1.3280302,1.8725072
../data/train_data_mmini/9/Train_0041.jpg	9	1.0,1.0,-1.0,-1.0,1.0,-1.0,-1.0,-1.0,-1.0,-1.0,-1.0,-1.0,1.0,-1.0,1.0,1.0,-1.0,1.0,1.0,1.0,-1.0,-1.0,1.0,1.0	1.1050388,0.506812,-0.15575308,-1.1271278,0.5143981,-0.952634,-0.4134788,-0.10253455,-1.187069,-0.09034852,-0.4248316,-0.2385958,0.014182607,-0.7866724,0.15702349,0.8976501,-0.33934438,1.0339682,0.062316034,0.49398226,-0.58743364,-0.4819427,0.665328,0.97594535
../data/train_data_mmini/9/Train_0042.jpg	9	1.0,1.0,-1.0,-1.0,-1.0,-1.0,-1.0,1.0,-1.0,1.0,-1.0,1.0,-1.0,-1.0,1.0,1.0,1.0,1.0,1.0,1.0,-1.0,1.0,1.0,1.0	0.4337365,0.1195308,-1.5875219,-0.7936693,-0.14850512,-1.0957239,-0.8154113,0.93218935,-1.1236353,0.7387533,-0.5305845,0.15149996,-0.15401627,-1.0170568,0.46885842,1.9800096,0.35853535,1.5120274,0.7597741,0.8176428,-0.34085965,0.89324164,1.6095423,2.2822146
../data/train_data_mmini/9/Train_0043.jpg	9	-1.0,1.0,-1.0,-1.0,1.0,-1.0,-1.0,1.0,-1.0,-1.0,-1.0,1.0,1.0,-1.0,1.0,1.0,-1.0,1.0,1.0,1.0,1.0,1.0,1.0,1.0	-0.34097117,1.4684106,-2.064628,-0.60635656,0.52966845,-0.30638433,-0.34879333,0.854854,-0.63463515,-0.1086844,-0.17959109,0.655943,1.2088029,-0.3599406,0.8953137,1.3751163,-0.42543438,0.5003414,0.32803515,0.52138877,0.12385148,0.39844984,0.9114116,1.1895108
../data/train_data_mmini/9/Train_0044.jpg	9	1.0,1.0,-1.0,-1.0,1.0,-1.0,-1.0,1.0,-1.0,-1.0,-1.0,1.0,1.0,1.0,1.0,1.0,-1.0,1.0,-1.0,1.0,-1.0,-1.0,1.0,1.0	0.78082174,2.1575923,-0.7498737,-1.0095217,1.1154587,-1.1178501,-0.8956443,0.7414835,-1.4839258,-0.2963148,-0.7969899,0.61699766,1.4026581,0.021919822,0.4538484,1.4938021,-0.266397,1.0951263,-0.04769775,0.13415253,-0.43492317,-0.5855091,0.3237586,0.9529612
../data/train_data_mmini/10/Train_0045.jpg	10	1.0,1.0,-1.0,-1.0,1.0,-1.0,-1.0,1.0,-1.0,-1.0,-1.0,1.0,1.0,-1.0,1.0,1.0,-1.0,1.0,1.0,1.0,1.0,-1.0,1.0,1.0	0.38957062,0.9937702,-0.61376476,-1.040489,0.7135774,-0.51949745,-0.4668624,0.3128261,-0.9880819,-0.17509356,-0.6004356,0.32401845,0.79252857,-0.18307139,0.49481475,0.8578907,-0.18197893,0.6169619,0.1427921,0.32573554,0.021525439,-0.4303697,0.24764705,0.802763
../data/train_data_mmini/10/Train_0046.jpg	10	1.0,1.0,-1.0,-1.0,1.0,-1.0,-1.0,1.0,-1.0,-1.0,-1.0,1.0,1.0,-1.0,1.0,1.0,1.0,1.0,1.0,1.0,-1.0,-1.0,1.0,1.0	0.38979164,0.57756394,-0.46961874,-1.0290773,0.569741,-0.8049963,-0.5742567,0.35274956,-1.0473374,-0.099634804,-0.48020923,0.22047366,0.3281331,-0.6319226,0.26760864,1.2138468,0.08970111,0.9025942,0.14831528,0.27453533,-0.2897043,-0.14915524,0.4993241,1.0332892
../data/train_data_mmini/10/Train_0047.jpg	10	-1.0,1.0,-1.0,-1.0,1.0,-1.0,-1.0,1.0,-1.0,1.0,-1.0,1.0,1.0,-1.0,1.0,1.0,-1.0,1.0,1.0,1.0,-1.0,1.0,1.0,1.0	-0.123903766,0.7400792,-1.3684067,-1.0417004,0.30914208,-0.61178505,-0.5369907,0.69369906,-0.8975856,0.31891277,-0.4856331,0.31052884,0.5469127,-0.72823673,0.60937667,1.400018,-0.12496323,0.81535226,0.500353,0.48338687,-0.062413964,0.32055107,0.97739875,1.3168882
../data/train_data_mmini/10/Train_0048.jpg	10	1.0,1.0,-1.0,-1.0,1.0,-1.0,-1.0,1.0,-1.0,-1.0,-1.0,1.0,1.0,-1.0,1.0,1.0,1.0,1.0,1.0,1.0,-1.0,-1.0,1.0,1.0	0.825174,1.193577,-0.3758834,-1.0725769,0.6937406,-1.2084808,-0.6060077,0.38862398,-1.4308896,-0.17490682,-0.7221257,0.39890122,0.8325313,-0.31212327,0.34280586,1.2140517,0.052035324,1.1093479,0.015188487,0.32323655,-0.27959228,-0.4071745,0.52759176,1.0183216
../data/train_data_mmini/10/Train_0049.jpg	10	1.0,1.0,-1.0,-1.0,1.0,-1.0,-1.0,1.0,-1.0,-1.0,-1.0,1.0,1.0,-1.0,1.0,1.0,-1.0,1.0,1.0,1.0,-1.0,-1.0,1.0,1.0	0.41887978,0.9631439,-1.1196595,-0.981303,0.5732381,-0.79873323,-0.58591396,0.6133176,-1.1841615,-0.01594994,-0.55634797,0.28700516,0.5949841,-0.72150254,0.5504116,1.4097908,-0.18760033,0.98306304,0.31613782,0.5645249,-0.109018356,-0.00263976,0.85814095,1.336661
