../data/train_data_mmini/1/Train_0000.jpg	1	-1.0,-1.0,1.0,-1.0,-1.0,-1.0,1.0,1.0,1.0,-1.0,1.0,1.0,-1.0,-1.0,-1.0,1.0,-1.0,-1.0,-1.0,1.0,1.0,1.0,1.0,-1.0	-5.7209888,-1.2301952,0.010260839,-0.2675729,-1.57142,-0.32960796,3.2302194,5.257128,3.884128,-5.074286,7.345446,3.9847465,-5.3977103,-2.077231,-1.2684313,4.69598,-1.7762278,-0.94132876,-2.741296,7.6969433,5.082122,1.3426194,4.8583126,-3.8754418
../data/train_data_mmini/1/Train_0001.jpg	1	-1.0,-1.0,1.0,-1.0,1.0,-1.0,-1.0,-1.0,1.0,-1.0,1.0,1.0,-1.0,-1.0,-1.0,1.0,1.0,-1.0,-1.0,1.0,1.0,-1.0,1.0,-1.0	-2.590845,-3.1712546,2.6788719,-1.2416192,0.3105725,-3.9436412,-0.61012036,-0.18819302,1.7972534,-1.0004191,1.5584137,1.8673784,-2.359164,-1.9750326,-2.0469549,2.9423828,2.0656164,-1.5480509,-1.6772617,4.7860713,1.9883907,-1.268391,3.261923,-2.8905578
../data/train_data_mmini/1/Train_0002.jpg	1	1.0,-1.0,1.0,-1.0,1.0,-1.0,-1.0,-1.0,-1.0,1.0,-1.0,-1.0,1.0,-1.0,-1.0,1.0,1.0,-1.0,-1.0,1.0,1.0,-1.0,1.0,1.0	3.175771,-4.407501,2.784377,-0.72368544,2.8611586,-5.6257057,-1.9517406,-4.470447,-1.394365,6.8310914,-2.6506906,-1.0087339,1.5647738,-2.427428,-3.2469647,0.9517251,6.092487,-1.8736904,-0.9444925,0.49370494,1.0667361,-4.222419,4.055606,0.15778059
../data/train_data_mmini/1/Train_0003.jpg	1	-1.0,-1.0,1.0,-1.0,-1.0,1.0,1.0,1.0,1.0,-1.0,1.0,1.0,-1.0,-1.0,-1.0,1.0,-1.0,-1.0,-1.0,1.0,1.0,1.0,1.0,-1.0	-7.528944,-0.8538571,0.009728206,-0.4427668,-2.6019323,0.011268267,3.8803852,7.0508447,4.8113327,-7.8318634,8.816362,5.0452294,-6.7453556,-1.852569,-0.5808969,5.4410963,-3.066886,-1.273805,-3.0028026,9.184782,5.630223,2.342382,4.452599,-5.024455
../data/train_data_mmini/1/Train_0004.jpg	1	-1.0,-1.0,1.0,-1.0,-1.0,-1.0,1.0,1.0,1.0,-1.0,1.0,1.0,-1.0,-1.0,-1.0,1.0,1.0,-1.0,-1.0,1.0,1.0,1.0,1.0,-1.0	-4.8021708,-2.1298287,1.0314773,-0.6264952,-0.33513364,-1.7499123,1.8066972,3.3293576,2.9319298,-3.39263,5.411472,3.2015946,-4.7489843,-2.0626006,-2.0815701,4.362476,0.096493654,-1.1284648,-2.3821597,6.953845,4.305734,0.043603316,5.1743855,-2.980125
../data/train_data_mmini/2/Train_0005.jpg	2	-1.0,-1.0,1.0,-1.0,1.0,-1.0,-1.0,-1.0,-1.0,1.0,-1.0,1.0,-1.0,-1.0,-1.0,1.0,1.0,-1.0,-1.0,1.0,1.0,-1.0,1.0,-1.0	-0.32840228,-3.1237128,2.4077165,-1.3830272,1.4502524,-4.6133657,-1.4285979,-1.238781,-0.0018697759,2.222366,-0.876569,0.4515648,-0.3219618,-0.9531399,-1.6684248,1.4531898,4.1980968,-2.6370506,-0.6793525,3.3367765,1.8155643,-1.9595052,2.5874674,-1.901708
../data/train_data_mmini/2/Train_0006.jpg	2	1.0,-1.0,1.0,-1.0,1.0,-1.0,-1.0,-1.0,-1.0,1.0,-1.0,-1.0,1.0,-1.0,-1.0,1.0,1.0,-1.0,1.0,1.0,1.0,-1.0,1.0,-1.0	1.4951998,-3.2588425,1.512529,-0.7642346,1.8845828,-3.9204183,-1.8613112,-1.8263931,-1.5226377,4.0242915,-1.7039125,-0.010768031,0.21727498,-0.9854931,-2.0019193,0.50517416,3.7101653,-2.9108107,0.1974466,3.7796686,2.8691607,-2.3462722,4.489003,-1.8338084
../data/train_data_mmini/2/Train_0007.jpg	2	-1.0,-1.0,-1.0,-1.0,-1.0,1.0,1.0,1.0,1.0,-1.0,1.0,1.0,-1.0,-1.0,-1.0,1.0,-1.0,-1.0,-1.0,1.0,1.0,1.0,1.0,-1.0	-8.6025715,-0.18401016,-0.6587279,-0.5615647,-3.1104188,1.2357057,4.9137607,8.379671,5.0834746,-8.612688,9.994575,5.2501054,-7.518263,-1.6965022,-0.42577726,5.4168067,-4.228964,-0.63039994,-3.2270477,9.916287,6.2892184,2.8207018,4.8547277,-4.5868053
../data/train_data_mmini/2/Train_0008.jpg	2	1.0,-1.0,1.0,-1.0,1.0,-1.0,-1.0,-1.0,-1.0,1.0,-1.0,1.0,-1.0,-1.0,-1.0,1.0,1.0,-1.0,-1.0,1.0,1.0,-1.0,1.0,-1.0	1.184002,-2.544395,0.7002577,-1.1861709,1.7990525,-3.0594785,-0.8068761,-0.80624264,-0.95128083,4.263242,-0.0152755985,0.1427747,-0.5831575,-1.8111885,-2.577326,1.2272444,3.8345792,-1.7972404,-0.7812853,3.676924,3.5228076,-2.6160407,5.093916,-0.78988564
../data/train_data_mmini/2/Train_0009.jpg	2	-1.0,-1.0,1.0,-1.0,-1.0,-1.0,1.0,1.0,1.0,-1.0,1.0,1.0,-1.0,-1.0,-1.0,1.0,1.0,-1.0,-1.0,1.0,1.0,1.0,1.0,-1.0	-3.8459172,-1.6673363,0.7671218,-1.4920816,-0.753138,-1.9797454,1.1838673,3.3660834,1.8015418,-2.5459158,3.7283337,2.6582332,-3.4264839,-1.2380328,-0.9397217,3.275291,0.8474156,-2.0234816,-1.7788415,6.2828054,4.013107,0.18501683,3.413509,-4.1402583
../data/train_data_mmini/3/Train_0010.jpg	3	1.0,-1.0,1.0,-1.0,1.0,-1.0,-1.0,-1.0,-1.0,1.0,-1.0,-1.0,1.0,-1.0,-1.0,-1.0,1.0,-1.0,-1.0,1.0,1.0,-1.0,1.0,-1.0	1.5512102,-2.683853,2.2905312,-2.093069,1.9543974,-4.2993813,-2.3910527,-3.274128,-2.3320956,4.414824,-3.5903206,-0.8696015,0.6482261,-0.63836527,-1.5410174,-0.6455791,4.4112954,-2.179251,-0.15858003,1.5515987,0.059124477,-2.9505796,1.9993223,-0.37289295
../data/train_data_mmini/3/Train_0011.jpg	3	1.0,-1.0,1.0,-1.0,1.0,-1.0,-1.0,-1.0,-1.0,1.0,-1.0,-1.0,1.0,-1.0,-1.0,-1.0,1.0,-1.0,1.0,-1.0,-1.0,-1.0,1.0,1.0	4.5681424,-5.888238,4.811658,-1.3388273,4.38574,-8.675554,-4.7436724,-8.816094,-3.2749012,10.451534,-6.5709553,-3.0351975,4.0371284,-1.5549386,-3.5674155,-0.2480492,8.524047,-2.248937,0.2988474,-1.7753987,-1.9030621,-6.0359783,2.8467934,1.6162487
../data/train_data_mmini/3/Train_0012.jpg	3	1.0,-1.0,1.0,-1.0,1.0,-1.0,-1.0,-1.0,-1.0,1.0,-1.0,-1.0,1.0,-1.0,-1.0,1.0,1.0,-1.0,-1.0,1.0,1.0,-1.0,1.0,-1.0	1.759603,-5.5468693,4.330247,-1.1259171,3.1646461,-7.652314,-3.4639904,-5.43054,-0.048330117,4.6134806,-3.013761,-0.1442394,1.4381583,-2.2931495,-2.9204767,2.4980981,6.804657,-2.5555663,-0.76923054,0.85979223,0.058053467,-4.3831844,3.0757947,-1.4290301
../data/train_data_mmini/3/Train_0013.jpg	3	1.0,-1.0,1.0,-1.0,1.0,-1.0,-1.0,-1.0,-1.0,1.0,-1.0,-1.0,1.0,-1.0,-1.0,-1.0,1.0,-1.0,1.0,1.0,1.0,-1.0,1.0,-1.0	5.7861447,-4.4150853,1.8377564,-1.0722498,4.375155,-6.032361,-3.7341263,-5.2825823,-3.7141404,9.81161,-5.4589953,-2.0345047,3.0840275,-1.4968959,-2.3961847,-0.67201054,7.6339207,-3.7305992,0.64039123,1.0699683,2.0423913,-4.68665,4.160271,-0.33558238
../data/train_data_mmini/3/Train_0014.jpg	3	1.0,-1.0,1.0,-1.0,1.0,-1.0,-1.0,-1.0,-1.0,1.0,-1.0,-1.0,1.0,-1.0,-1.0,1.0,1.0,-1.0,-1.0,1.0,1.0,-1.0,1.0,-1.0	1.4202052,-3.6505892,2.7828546,-1.554403,2.464243,-5.6792083,-2.503278,-3.4880698,-1.4200152,4.895852,-2.9078004,-0.66631746,0.8256939,-1.3128628,-2.5200202,0.7802105,5.3256702,-2.3286443,-0.4006322,2.44861,1.2065645,-3.560004,3.5787802,-0.93194985
../data/train_data_mmini/4/Train_0015.jpg	4	1.0,-1.0,1.0,-1.0,1.0,-1.0,-1.0,-1.0,1.0,1.0,1.0,1.0,-1.0,-1.0,-1.0,1.0,1.0,-1.0,-1.0,1.0,1.0,-1.0,1.0,-1.0	1.5311288,-3.85587,1.8142847,-0.40664914,2.483771,-4.3857646,-1.1097825,-1.6337521,0.07972478,3.9488761,0.67895776,0.75141203,-0.39592123,-2.918182,-3.0375724,2.7661026,4.8883004,-2.1769185,-0.6600025,3.4134443,3.7582436,-3.0146408,5.887695,-1.21424
../data/train_data_mmini/4/Train_0016.jpg	4	1.0,-1.0,1.0,-1.0,1.0,-1.0,-1.0,-1.0,-1.0,1.0,-1.0,-1.0,1.0,-1.0,-1.0,1.0,1.0,-1.0,-1.0,1.0,1.0,-1.0,1.0,-1.0	0.2213604,-2.8282087,2.6625566,-1.6135021,1.0379194,-4.9090166,-1.7706611,-2.0276194,-0.016988922,2.469674,-1.4502552,-0.04453108,0.31267646,-1.041084,-1.1269566,1.2549366,4.145132,-2.3153553,-0.8230086,2.1024804,0.6606805,-2.1473718,0.9983169,-1.9057796
../data/train_data_mmini/4/Train_0017.jpg	4	1.0,-1.0,1.0,-1.0,1.0,-1.0,-1.0,-1.0,-1.0,1.0,-1.0,-1.0,1.0,-1.0,-1.0,-1.0,1.0,-1.0,1.0,-1.0,-1.0,-1.0,1.0,-1.0	4.3568897,-5.3956366,3.986239,-1.4902062,3.837307,-7.7424912,-4.7295346,-7.021271,-2.9791465,8.384987,-5.970332,-2.190194,3.2439487,-1.2307914,-2.7907722,-0.17920907,7.745608,-3.272251,0.41485223,-0.052806344,-0.19283532,-5.178566,2.6547081,-0.6685829
../data/train_data_mmini/4/Train_0018.jpg	4	1.0,-1.0,1.0,-1.0,1.0,-1.0,-1.0,-1.0,-1.0,1.0,-1.0,-1.0,1.0,-1.0,-1.0,1.0,1.0,-1.0,-1.0,1.0,1.0,-1.0,1.0,-1.0	0.3247851,-2.1752465,1.8966757,-1.4800348,1.5198926,-3.8325658,-1.7845143,-1.8998882,-0.6719881,2.722523,-1.2915792,-0.20076746,0.12816158,-0.68399274,-1.6510377,0.80976963,3.690312,-1.7424788,-0.5015214,1.9138801,0.91230845,-1.8278031,1.9254867,-1.00598
../data/train_data_mmini/4/Train_0019.jpg	4	1.0,-1.0,1.0,-1.0,1.0,-1.0,-1.0,-1.0,-1.0,1.0,-1.0,-1.0,1.0,-1.0,-1.0,1.0,1.0,-1.0,1.0,1.0,1.0,-1.0,1.0,-1.0	3.168575,-4.742184,3.0716472,-0.9011802,3.271876,-5.6627245,-3.1502411,-4.270081,-2.80676,6.611148,-4.065513,-1.2001256,1.7508105,-1.2358841,-2.5573459,0.074989766,6.4087462,-3.5014722,0.78875244,2.5488534,2.0012858,-4.0120525,4.583706,-1.1281172
../data/train_data_mmini/5/Train_0020.jpg	5	-1.0,-1.0,1.0,-1.0,-1.0,-1.0,1.0,1.0,1.0,-1.0,1.0,1.0,-1.0,-1.0,-1.0,1.0,-1.0,-1.0,-1.0,1.0,1.0,1.0,1.0,-1.0	-8.005319,-0.95678097,0.33439425,-0.87330806,-2.8539767,-0.17288351,3.7831519,7.025652,4.8283477,-7.9899135,8.531537,5.1195827,-7.054525,-1.6989241,-0.6754644,5.3426175,-2.8086886,-1.0777856,-3.0287802,9.750133,5.758791,2.1158888,4.5556965,-4.952127
../data/train_data_mmini/5/Train_0021.jpg	5	-1.0,-1.0,1.0,-1.0,1.0,-1.0,1.0,1.0,1.0,1.0,1.0,1.0,-1.0,-1.0,-1.0,1.0,1.0,-1.0,-1.0,1.0,1.0,-1.0,1.0,-1.0	-0.5868965,-3.4025033,0.967249,-0.40261158,1.5144567,-3.766105,0.16619067,0.8894883,1.0269682,2.3255155,2.9274848,1.9842935,-2.3490486,-3.0927656,-3.2113378,3.8998182,3.4101121,-2.3699412,-1.5999254,6.255513,5.272159,-2.0064049,7.1844544,-2.3182595
../data/train_data_mmini/5/Train_0022.jpg	5	-1.0,-1.0,-1.0,-1.0,-1.0,1.0,1.0,1.0,1.0,-1.0,1.0,1.0,-1.0,-1.0,-1.0,1.0,-1.0,-1.0,-1.0,1.0,1.0,1.0,1.0,-1.0	-6.463909,-0.510279,-0.4302123,-0.76268166,-2.0964916,0.49576277,3.3684063,6.476377,3.4997373,-6.013335,7.1986637,4.0885043,-5.9487185,-1.2240638,-0.45209464,4.010275,-2.475323,-1.2509538,-2.5035121,8.841943,5.600214,1.8062125,4.511414,-4.2455077
../data/train_data_mmini/5/Train_0023.jpg	5	-1.0,1.0,-1.0,-1.0,-1.0,1.0,1.0,1.0,1.0,-1.0,1.0,1.0,-1.0,-1.0,-1.0,1.0,-1.0,-1.0,-1.0,1.0,1.0,1.0,1.0,-1.0	-8.633121,0.11475412,-1.0120089,-0.64189476,-3.5080054,1.4050251,5.0775237,9.052301,4.8868527,-9.121333,10.138214,5.718719,-7.7059994,-1.5075295,-0.01040725,5.4559555,-4.5616083,-0.972309,-3.206268,10.337325,6.506345,3.192232,4.5280027,-5.246985
../data/train_data_mmini/5/Train_0024.jpg	5	-1.0,-1.0,1.0,-1.0,1.0,-1.0,1.0,1.0,1.0,-1.0,1.0,1.0,-1.0,-1.0,-1.0,1.0,1.0,-1.0,-1.0,1.0,1.0,-1.0,1.0,-1.0	-4.101986,-2.4608588,1.2836723,-0.3023863,0.0308812,-2.4117317,1.8593569,2.834923,3.0751383,-2.6402206,5.202855,3.0490973,-4.195807,-2.3802104,-1.9537066,4.5834637,0.8184701,-1.4131786,-2.4764504,6.234429,4.248734,-0.18306872,5.1799254,-2.797372
../data/train_data_mmini/6/Train_0025.jpg	6	1.0,-1.0,1.0,-1.0,1.0,-1.0,-1.0,-1.0,-1.0,1.0,-1.0,-1.0,1.0,-1.0,-1.0,-1.0,1.0,-1.0,1.0,1.0,-1.0,-1.0,1.0,-1.0	3.319103,-4.9220796,4.341804,-1.6054664,3.2982175,-7.2887444,-3.9091308,-6.0933805,-2.4170642,6.6925726,-5.4535894,-2.1746967,2.96639,-0.4142875,-1.4820584,-0.32845935,6.9668126,-3.3420918,0.012536112,0.24158725,-1.0391147,-4.0577903,1.341851,-0.5857536
../data/train_data_mmini/6/Train_0026.jpg	6	-1.0,-1.0,1.0,-1.0,-1.0,-1.0,-1.0,1.0,1.0,-1.0,1.0,1.0,-1.0,-1.0,-1.0,1.0,1.0,-1.0,-1.0,1.0,1.0,-1.0,1.0,-1.0	-4.273428,-2.737767,2.9507086,-1.1758307,-0.2168548,-3.2074788,-0.14646132,0.63348395,2.1174605,-3.1318307,2.7366238,2.002859,-3.548172,-1.5480467,-2.212525,3.3079371,0.51546293,-0.8254204,-1.576979,5.1563888,1.797612,-0.50493944,3.2016757,-2.917111
../data/train_data_mmini/6/Train_0027.jpg	6	1.0,-1.0,1.0,-1.0,1.0,-1.0,-1.0,-1.0,-1.0,1.0,-1.0,-1.0,1.0,-1.0,-1.0,-1.0,1.0,-1.0,-1.0,1.0,-1.0,-1.0,1.0,-1.0	2.0930386,-3.708987,4.0761194,-2.312557,2.3174522,-6.775192,-3.9974508,-5.651803,-2.2277951,5.6839333,-5.507242,-1.9049295,2.3815718,-0.3648647,-1.8307741,-0.1260607,6.110138,-2.476003,-0.032097846,0.04346071,-2.1354682,-3.7247226,0.5009932,-0.40922475
../data/train_data_mmini/6/Train_0028.jpg	6	1.0,-1.0,1.0,-1.0,1.0,-1.0,-1.0,-1.0,-1.0,1.0,-1.0,-1.0,-1.0,-1.0,-1.0,1.0,1.0,-1.0,-1.0,1.0,1.0,-1.0,1.0,-1.0	0.52498627,-3.2416778,2.7045505,-1.2259752,2.122075,-5.220418,-1.7303946,-3.5546203,-0.50726104,4.5080476,-1.6190271,-1.0248042,-0.081530295,-1.7301747,-3.389914,1.4498923,4.3682365,-1.1953914,-1.3511825,1.856799,0.6342512,-3.4194643,3.6476593,-0.14388551
../data/train_data_mmini/6/Train_0029.jpg	6	1.0,-1.0,1.0,-1.0,1.0,-1.0,-1.0,-1.0,-1.0,1.0,-1.0,-1.0,1.0,-1.0,-1.0,1.0,1.0,-1.0,-1.0,1.0,1.0,-1.0,1.0,-1.0	2.5138507,-3.1854515,1.3471215,-1.2396789,2.3959315,-4.214939,-1.4635124,-1.4821649,-1.8063092,5.3208146,-1.5393127,-0.23841795,0.9921796,-1.1824901,-1.0266703,0.61032397,5.452463,-3.4506094,-0.4315101,2.534668,2.653639,-2.6049325,3.4122434,-1.9082075
../data/train_data_mmini/7/Train_0030.jpg	7	-1.0,-1.0,1.0,-1.0,-1.0,-1.0,1.0,1.0,1.0,-1.0,1.0,1.0,-1.0,-1.0,-1.0,1.0,1.0,-1.0,-1.0,1.0,1.0,1.0,1.0,-1.0	-3.8514855,-2.0957701,1.1206156,-0.9844553,-0.86139584,-2.4853942,0.91785705,3.4184313,2.5173068,-3.0569062,4.1382694,2.9550993,-3.3796482,-1.4863912,-0.93255264,3.6804628,0.4702671,-2.5790374,-1.6987505,7.2210174,4.2911873,0.45287597,3.6819756,-4.571819
../data/train_data_mmini/7/Train_0031.jpg	7	1.0,-1.0,1.0,-1.0,1.0,-1.0,-1.0,-1.0,-1.0,1.0,-1.0,1.0,-1.0,-1.0,-1.0,1.0,1.0,-1.0,-1.0,1.0,1.0,-1.0,1.0,-1.0	0.09866268,-3.1295483,1.8127786,-1.8298051,1.7456157,-4.963951,-1.6176281,-0.93960154,-0.29675326,2.7347925,-0.85964143,0.48447776,-0.7093647,-0.9943495,-1.2507203,1.4568835,4.255032,-3.0777392,-1.2964642,4.2825923,2.5894868,-2.1800404,3.006257,-2.6780767
../data/train_data_mmini/7/Train_0032.jpg	7	1.0,-1.0,1.0,-1.0,1.0,-1.0,-1.0,-1.0,-1.0,1.0,-1.0,-1.0,1.0,-1.0,-1.0,-1.0,1.0,-1.0,1.0,-1.0,-1.0,-1.0,1.0,1.0	5.888357,-6.134409,4.793927,-1.8906778,5.2016354,-9.458865,-5.512013,-9.639986,-4.182666,12.171812,-8.1640625,-3.3956115,4.870062,-1.331808,-3.3683598,-0.6149059,10.077147,-3.631141,0.70683223,-1.4324137,-1.0606072,-6.5676503,2.7866862,1.2019569
../data/train_data_mmini/7/Train_0033.jpg	7	-1.0,-1.0,1.0,-1.0,-1.0,-1.0,1.0,1.0,1.0,-1.0,1.0,1.0,-1.0,-1.0,-1.0,1.0,1.0,-1.0,-1.0,1.0,1.0,-1.0,1.0,-1.0	-4.2266316,-2.3234065,2.3934588,-1.4601794,-0.49805525,-3.506604,0.3961229,1.0608634,2.2025452,-3.1291435,1.9923934,2.2138484,-2.95284,-0.870482,-1.1451586,2.7642653,0.82511735,-1.7175181,-1.9256921,4.8885026,1.6861252,-0.27029327,1.8905185,-3.156656
../data/train_data_mmini/7/Train_0034.jpg	7	1.0,-1.0,1.0,-1.0,1.0,-1.0,-1.0,-1.0,-1.0,1.0,-1.0,-1.0,1.0,-1.0,-1.0,-1.0,1.0,-1.0,1.0,-1.0,-1.0,-1.0,1.0,1.0	4.411245,-5.6955595,5.135294,-1.622022,4.6359386,-9.4447775,-4.98536,-9.475216,-4.182848,11.348478,-7.855904,-3.6629384,4.313965,-0.71852064,-3.3884528,-1.2494783,8.910661,-2.5396814,0.6369315,-1.6071779,-2.71754,-6.462035,2.2477436,2.3549867
../data/train_data_mmini/8/Train_0035.jpg	8	1.0,-1.0,1.0,-1.0,1.0,-1.0,-1.0,1.0,-1.0,1.0,1.0,1.0,-1.0,-1.0,-1.0,1.0,1.0,-1.0,-1.0,1.0,1.0,-1.0,1.0,-1.0	0.14075461,-2.2548969,0.6907844,-1.1972911,1.2610871,-2.9580343,-0.34586725,0.4476868,-0.39578378,2.5919168,0.38064757,0.7735039,-0.81714904,-1.2969543,-1.4202222,1.4668597,3.2351682,-2.4536467,-0.8301957,4.2132697,3.429034,-1.6562314,4.1233335,-2.109076
../data/train_data_mmini/8/Train_0036.jpg	8	-1.0,-1.0,1.0,-1.0,1.0,-1.0,-1.0,-1.0,-1.0,1.0,-1.0,1.0,-1.0,-1.0,-1.0,1.0,1.0,-1.0,-1.0,1.0,1.0,-1.0,1.0,-1.0	-0.3812041,-2.561017,2.0064867,-1.6631689,1.1521819,-4.3235316,-1.1777241,-0.92256856,-0.1866633,2.0542336,-0.9171156,0.048558746,-0.34308323,-0.501973,-1.0888579,0.9085682,3.6414187,-2.7403843,-1.1082112,3.34669,1.5465256,-1.6934438,1.8560926,-2.1820223
../data/train_data_mmini/8/Train_0037.jpg	8	1.0,-1.0,1.0,-1.0,1.0,-1.0,-1.0,-1.0,-1.0,1.0,-1.0,-1.0,1.0,-1.0,-1.0,1.0,1.0,-1.0,-1.0,1.0,-1.0,-1.0,1.0,-1.0	2.4544244,-5.2257214,4.644427,-1.7199507,3.6953745,-8.0018,-4.144028,-6.318604,-1.5854886,7.1907883,-4.3036475,-1.8065479,2.0606573,-1.876603,-3.4620943,1.0318298,7.523861,-2.330895,-0.69737285,0.55540425,-0.3890175,-4.809762,3.1272078,-0.07088458
../data/train_data_mmini/8/Train_0038.jpg	8	1.0,-1.0,1.0,-1.0,1.0,-1.0,-1.0,-1.0,-1.0,1.0,-1.0,1.0,-1.0,-1.0,-1.0,1.0,1.0,-1.0,-1.0,1.0,1.0,-1.0,1.0,-1.0	1.2798485,-3.0604014,1.1805506,-1.2132988,1.961204,-4.237375,-1.0785856,-1.0024451,-0.77530015,4.2971125,-0.9162369,0.31914878,-0.09861966,-1.5750682,-1.7263354,1.2703955,4.639368,-2.9640245,-0.9285953,3.6019592,2.943188,-2.60037,4.0361967,-1.9099056
../data/train_data_mmini/8/Train_0039.jpg	8	1.0,-1.0,1.0,-1.0,1.0,-1.0,-1.0,-1.0,-1.0,1.0,-1.0,-1.0,1.0,-1.0,-1.0,1.0,1.0,-1.0,-1.0,1.0,1.0,-1.0,1.0,-1.0	1.8743432,-3.1877203,1.7511966,-1.5096112,2.4952035,-4.7371864,-1.9919596,-2.2908592,-1.4585913,5.1132007,-2.2539313,-0.7027952,1.0082798,-1.0339656,-1.7463001,0.7297955,5.328594,-2.8986416,-0.4784013,2.4838924,2.10639,-2.8156009,3.4224114,-1.5264853
../data/train_data_mmini/9/Train_0040.jpg	9	-1.0,-1.0,1.0,-1.0,1.0,-1.0,1.0,1.0,1.0,-1.0,1.0,1.0,-1.0,-1.0,-1.0,1.0,1.0,-1.0,-1.0,1.0,1.0,-1.0,1.0,-1.0	-2.8117275,-2.926191,1.3278384,-0.8114657,0.4713641,-2.8629174,0.9201825,2.3342931,2.1199257,-0.90368336,4.4631605,2.6299417,-3.5233383,-2.5690837,-2.5469139,4.25601,1.7550007,-1.7158401,-1.8757329,6.961692,4.9806542,-1.0601497,6.0675006,-2.875262
../data/train_data_mmini/9/Train_0041.jpg	9	-1.0,-1.0,1.0,-1.0,1.0,-1.0,-1.0,-1.0,-1.0,1.0,-1.0,-1.0,-1.0,-1.0,-1.0,1.0,1.0,-1.0,-1.0,1.0,-1.0,-1.0,1.0,-1.0	-1.0411174,-3.3351536,3.9001436,-2.3272278,1.2032846,-5.992082,-2.116375,-3.219336,-0.23968251,2.0908012,-3.0561914,-0.39726982,-0.013929177,-0.33519533,-1.5981514,0.7093084,4.512052,-2.0587919,-1.0959728,2.4877203,-0.50417846,-2.547264,0.88001317,-1.7737515
../data/train_data_mmini/9/Train_0042.jpg	9	1.0,-1.0,1.0,-1.0,1.0,-1.0,-1.0,-1.0,-1.0,1.0,-1.0,-1.0,1.0,-1.0,-1.0,1.0,1.0,-1.0,-1.0,1.0,1.0,-1.0,1.0,-1.0	2.721786,-4.9418035,3.0985398,-0.86260766,3.6946692,-6.1768975,-2.497648,-3.6482506,-0.7795095,6.299309,-0.94683987,-0.2364393,0.72243816,-3.2166693,-3.7010777,2.5488856,6.8809266,-2.0981023,-0.69809747,2.415175,2.8266563,-4.404315,5.9780827,-0.13474494
../data/train_data_mmini/9/Train_0043.jpg	9	-1.0,-1.0,1.0,-1.0,1.0,-1.0,1.0,1.0,1.0,-1.0,1.0,1.0,-1.0,-1.0,-1.0,1.0,1.0,-1.0,-1.0,1.0,1.0,-1.0,1.0,-1.0	-2.4142222,-1.8908392,0.13209823,-0.9671087,0.14288098,-1.8186269,1.1301388,3.1967478,1.2472938,-0.28482345,3.8989432,2.3712533,-3.3360424,-1.8795718,-1.8126247,3.1923604,1.352287,-2.412091,-1.2863772,7.364979,5.679971,-0.41875473,5.900128,-3.123668
../data/train_data_mmini/9/Train_0044.jpg	9	1.0,-1.0,1.0,-1.0,1.0,-1.0,-1.0,-1.0,-1.0,1.0,-1.0,1.0,1.0,-1.0,-1.0,1.0,1.0,-1.0,-1.0,1.0,1.0,-1.0,1.0,-1.0	1.7210773,-4.126316,2.3993628,-1.474874,2.687572,-5.4884415,-2.2999694,-1.9507648,-1.1094345,4.6910343,-1.2915491,0.32494247,0.609144,-1.9469627,-1.9001175,1.9870994,5.7127085,-3.4727256,-0.2163053,3.5476806,2.864591,-3.0417862,4.6281238,-2.2301748
../data/train_data_mmini/10/Train_0045.jpg	10	1.0,-1.0,1.0,-1.0,1.0,-1.0,-1.0,-1.0,-1.0,1.0,-1.0,-1.0,1.0,1.0,-1.0,-1.0,1.0,-1.0,1.0,-1.0,-1.0,-1.0,1.0,1.0	4.4754744,-3.8218918,2.654163,-1.8938459,3.837453,-6.5824366,-4.3805804,-7.100669,-4.556799,9.434938,-7.173119,-3.6471372,4.088908,0.019054862,-1.395587,-1.8438772,7.561595,-3.3810701,0.8813213,-1.3161653,-1.23436,-4.3911166,0.637348,0.4987895
../data/train_data_mmini/10/Train_0046.jpg	10	1.0,-1.0,1.0,-1.0,1.0,-1.0,-1.0,-1.0,-1.0,1.0,-1.0,-1.0,1.0,-1.0,-1.0,-1.0,1.0,-1.0,1.0,-1.0,-1.0,-1.0,1.0,1.0	5.5508494,-4.8845263,3.2242367,-1.5242828,4.3145328,-7.145521,-4.4392376,-7.5489573,-4.1043153,10.3702965,-6.2723837,-2.8843122,4.2227163,-1.2899839,-2.3167243,-0.8827523,8.069057,-3.1890993,0.76619554,-1.5462149,-0.57289404,-5.112856,2.497404,0.94261086
../data/train_data_mmini/10/Train_0047.jpg	10	1.0,-1.0,1.0,-1.0,1.0,-1.0,-1.0,-1.0,-1.0,1.0,-1.0,-1.0,1.0,-1.0,-1.0,-1.0,1.0,-1.0,1.0,-1.0,1.0,-1.0,1.0,1.0	5.8461733,-5.285698,3.6804166,-1.5943159,5.1833987,-8.152786,-4.806709,-7.3854036,-3.9507148,11.3169775,-6.8503585,-3.0346289,3.9484613,-1.2723745,-2.9312923,-0.8799721,9.430794,-3.8840027,0.43047503,-0.14669642,0.59777904,-5.8206496,3.5530436,0.79509974
../data/train_data_mmini/10/Train_0048.jpg	10	1.0,-1.0,1.0,-1.0,1.0,-1.0,-1.0,-1.0,-1.0,1.0,-1.0,-1.0,1.0,-1.0,-1.0,-1.0,1.0,-1.0,1.0,1.0,1.0,-1.0,1.0,-1.0	4.4384036,-4.332142,2.7552588,-1.6596001,3.8911164,-6.5862336,-3.5874052,-5.426837,-3.5743985,8.738362,-6.123731,-2.3190122,3.6564612,-0.48586702,-1.2367047,-0.7347943,8.1493845,-4.212176,0.48716295,0.2632532,0.34930107,-4.3872256,1.8854333,-0.69488186
../data/train_data_mmini/10/Train_0049.jpg	10	1.0,-1.0,1.0,-1.0,1.0,-1.0,-1.0,-1.0,-1.0,1.0,-1.0,-1.0,1.0,-1.0,-1.0,1.0,1.0,-1.0,-1.0,1.0,1.0,-1.0,1.0,-1.0	3.2080224,-3.9981556,2.5451427,-1.3963522,3.2638414,-5.436922,-2.6648312,-3.9188623,-2.3574119,7.250983,-3.2970557,-1.4233342,1.7995034,-1.4912484,-2.5035343,0.34242338,6.4422035,-2.5306816,-0.21478203,1.4924067,1.5318453,-4.0502715,4.2041206,-0.37539637
