../data/train_data_mmini/1/Train_0000.jpg	1	1.0,1.0,1.0,-1.0,1.0,-1.0,-1.0,-1.0	3.1182866,1.923416,2.3401368,-1.6850319,5.6470356,-3.645303,-6.5614796,-2.250691
../data/train_data_mmini/1/Train_0001.jpg	1	1.0,-1.0,1.0,-1.0,-1.0,1.0,1.0,-1.0	2.5478408,-6.870884,2.9332693,-0.79060423,-1.5863149,1.9017708,1.4477105,-2.339856
../data/train_data_mmini/1/Train_0002.jpg	1	1.0,-1.0,1.0,1.0,-1.0,-1.0,1.0,-1.0	0.9987542,-3.684125,0.73836833,1.6269817,-0.8087511,-0.054364037,1.452001,-3.0699432
../data/train_data_mmini/1/Train_0003.jpg	1	1.0,1.0,1.0,-1.0,1.0,-1.0,-1.0,-1.0	4.2477674,1.8774042,3.594804,-2.9039843,5.79557,-2.9479513,-6.73157,-1.4136493
../data/train_data_mmini/1/Train_0004.jpg	1	1.0,-1.0,1.0,-1.0,1.0,-1.0,-1.0,-1.0	2.2311957,-1.4604489,1.7972362,-2.1709902,4.6798835,-3.039272,-4.8373117,-1.8859012
../data/train_data_mmini/2/Train_0005.jpg	2	1.0,-1.0,1.0,1.0,-1.0,1.0,1.0,-1.0	1.6890349,-10.444283,1.908071,0.02044974,-3.1394618,2.639905,4.456251,-2.4000568
../data/train_data_mmini/2/Train_0006.jpg	2	1.0,-1.0,1.0,-1.0,-1.0,1.0,1.0,1.0	3.1074831,-7.4179883,4.196764,-3.8869777,-1.3414639,3.4670048,1.7168082,0.8082759
../data/train_data_mmini/2/Train_0007.jpg	2	1.0,1.0,1.0,-1.0,1.0,-1.0,-1.0,-1.0	3.9602036,4.537548,2.4396088,-2.8104074,8.531508,-5.6824207,-9.370088,-2.3236744
../data/train_data_mmini/2/Train_0008.jpg	2	1.0,-1.0,1.0,1.0,-1.0,-1.0,1.0,-1.0	0.29776686,-6.536638,0.2683626,0.56847787,-0.647739,-0.15457661,0.9025429,-3.305164
../data/train_data_mmini/2/Train_0009.jpg	2	1.0,-1.0,1.0,-1.0,1.0,-1.0,-1.0,-1.0	4.3213096,-3.366519,3.6013803,-1.8505814,3.4006732,-1.3521355,-4.083515,-3.0861447
../data/train_data_mmini/3/Train_0010.jpg	3	1.0,-1.0,1.0,-1.0,-1.0,1.0,1.0,-1.0	2.0104861,-11.138661,1.7030278,-0.031535953,-4.7840357,4.7573814,6.0552864,-1.5967265
../data/train_data_mmini/3/Train_0011.jpg	3	1.0,-1.0,1.0,1.0,-1.0,1.0,1.0,-1.0	0.47205865,-7.6017556,0.7688403,2.719788,-4.090479,2.2123907,4.750759,-3.962597
../data/train_data_mmini/3/Train_0012.jpg	3	1.0,-1.0,1.0,-1.0,-1.0,1.0,1.0,-1.0	2.459825,-6.481709,2.9790502,-1.4823669,-1.5530441,1.78254,1.3893255,-1.0758767
../data/train_data_mmini/3/Train_0013.jpg	3	1.0,-1.0,1.0,-1.0,-1.0,1.0,1.0,-1.0	1.870801,-11.763456,1.7226119,-0.2124121,-5.4297414,4.7037125,6.5636625,-1.2629141
../data/train_data_mmini/3/Train_0014.jpg	3	1.0,-1.0,1.0,1.0,-1.0,1.0,1.0,-1.0	1.5350456,-11.150221,1.6781197,0.20171295,-3.584027,3.12168,4.5226154,-2.4329588
../data/train_data_mmini/4/Train_0015.jpg	4	1.0,-1.0,1.0,1.0,1.0,-1.0,-1.0,-1.0	1.0034444,-1.5406713,0.4743793,0.5151434,2.7705646,-3.024058,-2.68447,-3.075024
../data/train_data_mmini/4/Train_0016.jpg	4	1.0,-1.0,1.0,1.0,-1.0,1.0,1.0,-1.0	2.3513775,-7.0950265,2.2568634,1.6193776,-4.010989,3.2216141,4.709622,-2.8291929
../data/train_data_mmini/4/Train_0017.jpg	4	1.0,-1.0,1.0,-1.0,-1.0,1.0,1.0,-1.0	2.8261135,-8.961407,3.7282577,-1.4839714,-4.0599966,4.522937,5.0435843,-0.22261418
../data/train_data_mmini/4/Train_0018.jpg	4	1.0,-1.0,1.0,1.0,-1.0,1.0,1.0,-1.0	0.7834158,-8.270124,0.46623403,2.0317857,-3.2220538,1.9087284,4.1800838,-3.7085354
../data/train_data_mmini/4/Train_0019.jpg	4	1.0,-1.0,1.0,-1.0,-1.0,1.0,1.0,1.0	2.5523477,-10.542653,2.8358753,-3.095495,-2.9774728,3.8503842,4.788628,1.2437646
../data/train_data_mmini/5/Train_0020.jpg	5	1.0,1.0,1.0,-1.0,1.0,-1.0,-1.0,-1.0	3.5842237,0.5414846,2.7913992,-2.8496218,5.917997,-3.4872513,-6.35708,-1.8645778
../data/train_data_mmini/5/Train_0021.jpg	5	1.0,-1.0,1.0,-1.0,1.0,-1.0,-1.0,-1.0	3.0499125,-3.3143148,2.5932696,-1.1282623,3.0357704,-1.6490935,-3.5283816,-2.8940365
../data/train_data_mmini/5/Train_0022.jpg	5	1.0,1.0,1.0,-1.0,1.0,-1.0,-1.0,-1.0	3.1633227,0.0024589545,2.7098444,-3.5952473,6.230459,-3.6463234,-6.778436,-1.5533124
../data/train_data_mmini/5/Train_0023.jpg	5	1.0,1.0,1.0,-1.0,1.0,-1.0,-1.0,-1.0	4.2398753,3.997524,3.0094676,-2.856113,7.432392,-4.348143,-8.42178,-1.6717257
../data/train_data_mmini/5/Train_0024.jpg	5	1.0,1.0,1.0,-1.0,1.0,-1.0,-1.0,-1.0	3.6762178,0.64374655,2.617536,-1.8378773,5.6645894,-3.648796,-6.295783,-2.5478003
../data/train_data_mmini/6/Train_0025.jpg	6	1.0,-1.0,1.0,-1.0,-1.0,1.0,1.0,1.0	5.079984,-10.369416,4.858043,-2.545633,-4.6679473,6.26048,5.977215,0.50701547
../data/train_data_mmini/6/Train_0026.jpg	6	1.0,-1.0,1.0,-1.0,1.0,1.0,-1.0,-1.0	2.9812977,-4.4874387,3.301888,-0.85151476,1.0282322,0.05148833,-0.6881245,-2.970081
../data/train_data_mmini/6/Train_0027.jpg	6	1.0,-1.0,1.0,1.0,-1.0,1.0,1.0,-1.0	2.6402428,-10.743928,2.3306093,0.95881784,-5.7870817,5.330064,6.84164,-2.2119415
../data/train_data_mmini/6/Train_0028.jpg	6	1.0,-1.0,1.0,1.0,-1.0,1.0,1.0,-1.0	1.4439057,-5.824737,1.0387028,0.89259505,-0.38365707,0.024077836,1.0114567,-3.7093923
../data/train_data_mmini/6/Train_0029.jpg	6	1.0,-1.0,1.0,-1.0,-1.0,1.0,1.0,-1.0	4.0367656,-6.7411304,3.9548535,-2.1654449,-0.9709475,2.235193,1.7654654,-0.87940484
../data/train_data_mmini/7/Train_0030.jpg	7	1.0,-1.0,1.0,-1.0,1.0,-1.0,-1.0,-1.0	4.7328105,-2.6308465,4.5467234,-2.974396,3.240505,-0.78761345,-3.7812755,-1.464336
../data/train_data_mmini/7/Train_0031.jpg	7	1.0,-1.0,1.0,-1.0,-1.0,1.0,1.0,-1.0	3.7540855,-12.201806,3.8147967,-0.95665634,-4.442433,5.038683,5.6136956,-1.9836202
../data/train_data_mmini/7/Train_0032.jpg	7	1.0,-1.0,1.0,1.0,-1.0,1.0,1.0,-1.0	1.2429599,-13.903351,0.7659286,2.644849,-7.264629,5.440828,8.669289,-3.5694244
../data/train_data_mmini/7/Train_0033.jpg	7	1.0,-1.0,1.0,-1.0,1.0,1.0,-1.0,-1.0	4.3012333,-5.284917,4.640907,-2.3438003,0.9171364,1.0215516,-1.2472464,-1.986214
../data/train_data_mmini/7/Train_0034.jpg	7	1.0,-1.0,1.0,1.0,-1.0,1.0,1.0,-1.0	1.7670404,-12.238942,1.3583366,2.106769,-6.5597596,5.5435896,8.071416,-2.895218
../data/train_data_mmini/8/Train_0035.jpg	8	1.0,-1.0,1.0,-1.0,1.0,-1.0,-1.0,-1.0	3.048097,-5.6755314,2.530157,-1.9499209,1.9707737,-0.6027108,-1.9984622,-2.3598597
../data/train_data_mmini/8/Train_0036.jpg	8	1.0,-1.0,1.0,-1.0,-1.0,1.0,1.0,-1.0	3.926965,-9.671096,3.6512554,-1.3681756,-1.1475433,2.197443,2.171549,-2.641883
../data/train_data_mmini/8/Train_0037.jpg	8	1.0,-1.0,1.0,1.0,-1.0,1.0,1.0,-1.0	3.1640687,-8.958671,3.1191843,0.96486384,-3.0410848,2.6961136,3.6543717,-4.17807
../data/train_data_mmini/8/Train_0038.jpg	8	1.0,-1.0,1.0,-1.0,-1.0,1.0,1.0,-1.0	3.4553914,-7.953582,2.9886234,-0.9349736,-1.2626423,1.9532113,1.5146996,-2.4645326
../data/train_data_mmini/8/Train_0039.jpg	8	1.0,-1.0,1.0,-1.0,1.0,1.0,-1.0,-1.0	3.1942554,-8.052512,2.9499743,-2.187559,0.77543217,0.33293226,-0.4357849,-2.4045787
../data/train_data_mmini/9/Train_0040.jpg	9	1.0,-1.0,1.0,-1.0,1.0,-1.0,-1.0,-1.0	2.4554513,-0.20768033,1.8349181,-1.8055317,5.6316504,-4.3462057,-6.069607,-2.7758625
../data/train_data_mmini/9/Train_0041.jpg	9	1.0,-1.0,1.0,1.0,-1.0,1.0,1.0,-1.0	2.679048,-13.483001,2.4142365,0.21566054,-6.110635,5.4055367,7.6107554,-2.3873038
../data/train_data_mmini/9/Train_0042.jpg	9	1.0,-1.0,1.0,1.0,1.0,-1.0,-1.0,-1.0	1.0985103,-4.3410835,0.661241,1.0683992,0.45899045,-1.5050019,-0.31203055,-3.6165092
../data/train_data_mmini/9/Train_0043.jpg	9	1.0,-1.0,1.0,-1.0,1.0,-1.0,-1.0,-1.0	2.7850423,-2.686115,2.1982336,-2.6269424,4.822608,-3.06342,-4.9751754,-2.3780599
../data/train_data_mmini/9/Train_0044.jpg	9	1.0,-1.0,1.0,-1.0,1.0,1.0,-1.0,-1.0	3.6928666,-6.1226497,3.6397662,-2.9410934,0.34462312,0.9843936,-0.0008147473,-0.4041721
../data/train_data_mmini/10/Train_0045.jpg	10	1.0,-1.0,1.0,1.0,-1.0,1.0,1.0,-1.0	2.3544374,-15.257197,1.6583524,0.4148569,-6.3150964,5.727855,8.360887,-2.1454847
../data/train_data_mmini/10/Train_0046.jpg	10	1.0,-1.0,1.0,1.0,-1.0,1.0,1.0,-1.0	1.3675524,-7.25598,1.3978711,0.9722727,-4.0051327,2.84367,4.694916,-1.6397614
../data/train_data_mmini/10/Train_0047.jpg	10	1.0,-1.0,1.0,-1.0,-1.0,1.0,1.0,-1.0	2.8630536,-15.343036,2.5169275,-0.0728329,-5.775555,5.5332155,7.827923,-2.3440278
../data/train_data_mmini/10/Train_0048.jpg	10	1.0,-1.0,1.0,-1.0,-1.0,1.0,1.0,1.0	3.0251179,-13.785447,2.0180688,-2.5122118,-4.178823,4.276736,5.707086,0.17609985
../data/train_data_mmini/10/Train_0049.jpg	10	1.0,-1.0,1.0,-1.0,1.0,1.0,1.0,-1.0	3.379093,-8.398652,2.9986548,-1.6760436,0.23488352,0.978435,0.60323054,-2.4206293
