../data/train_data_mmini/1/Train_0000.jpg	1	-1.0,-1.0,-1.0,-1.0,-1.0,1.0,-1.0,-1.0	-0.86850625,-2.516685,-2.4486203,-0.60066587,-1.0080125,0.3110458,-0.5027921,-2.5412765
../data/train_data_mmini/1/Train_0001.jpg	1	-1.0,-1.0,-1.0,-1.0,-1.0,1.0,-1.0,-1.0	-1.1587,-0.87174934,-2.6090162,-0.89407337,-2.7222548,0.057064783,-1.9398198,-3.017264
../data/train_data_mmini/1/Train_0002.jpg	1	-1.0,-1.0,-1.0,1.0,1.0,-1.0,-1.0,-1.0	-1.4096977,-1.1036687,-5.795323,0.31967327,1.612662,-2.9350553,-0.19770066,-0.93521315
../data/train_data_mmini/1/Train_0003.jpg	1	-1.0,-1.0,-1.0,-1.0,-1.0,1.0,1.0,-1.0	-2.9748976,-2.658196,-0.42767936,-0.9551484,-2.212906,2.1290307,0.16245341,-1.0330796
../data/train_data_mmini/1/Train_0004.jpg	1	-1.0,-1.0,1.0,-1.0,-1.0,1.0,1.0,-1.0	-1.6287686,-1.7187892,0.4549477,-1.5273631,-0.76969326,1.7299219,0.39408365,-3.7092354
../data/train_data_mmini/2/Train_0005.jpg	2	-1.0,-1.0,1.0,-1.0,-1.0,-1.0,1.0,1.0	-0.23423594,-0.06469306,0.7894922,-0.10478664,-0.54352224,-1.1278038,0.34350914,1.9698079
../data/train_data_mmini/2/Train_0006.jpg	2	-1.0,1.0,-1.0,1.0,1.0,1.0,1.0,1.0	-0.29794648,0.40331683,-1.1461359,1.0441856,2.0728295,0.5153588,0.76141405,2.1323183
../data/train_data_mmini/2/Train_0007.jpg	2	1.0,-1.0,1.0,1.0,-1.0,1.0,1.0,-1.0	2.1841784,-2.5912354,1.3605598,1.1108824,-2.4258993,0.24288419,0.17372431,-2.5542653
../data/train_data_mmini/2/Train_0008.jpg	2	1.0,-1.0,1.0,1.0,1.0,1.0,-1.0,-1.0	1.5456736,-0.24136215,0.004511523,1.0986174,3.1611848,0.2967322,-0.89194435,-2.1408138
../data/train_data_mmini/2/Train_0009.jpg	2	1.0,1.0,1.0,-1.0,-1.0,-1.0,-1.0,1.0	3.1590414,0.941717,1.1302695,-0.1277441,-2.6627464,-0.5476447,-0.77602607,2.0332541
../data/train_data_mmini/3/Train_0010.jpg	3	1.0,1.0,1.0,-1.0,-1.0,1.0,-1.0,-1.0	1.4624903,1.0329782,3.4214709,-0.6458081,-1.0351967,1.2958987,-1.5319754,-1.3442596
../data/train_data_mmini/3/Train_0011.jpg	3	-1.0,1.0,-1.0,-1.0,1.0,-1.0,1.0,-1.0	-0.5453547,0.077005476,-2.9582407,-0.45902276,0.92664564,-3.668469,0.14102128,-2.5299563
../data/train_data_mmini/3/Train_0012.jpg	3	-1.0,1.0,-1.0,-1.0,-1.0,-1.0,-1.0,-1.0	-2.4341083,1.055392,-3.1787636,-2.3351192,-1.5859491,-1.4785357,-1.0679016,-0.04646337
../data/train_data_mmini/3/Train_0013.jpg	3	1.0,1.0,-1.0,1.0,1.0,1.0,-1.0,1.0	0.29069024,1.3143348,-2.7571118,0.36617875,2.305243,0.43531787,-1.719296,0.6602833
../data/train_data_mmini/3/Train_0014.jpg	3	1.0,1.0,1.0,1.0,1.0,-1.0,1.0,-1.0	0.33229446,0.5992876,0.6759056,1.5160886,1.3932588,-1.5165379,2.1075292,-1.4722481
../data/train_data_mmini/4/Train_0015.jpg	4	-1.0,-1.0,-1.0,-1.0,1.0,-1.0,-1.0,-1.0	-1.4609238,-0.09183806,-2.1010616,-0.9389359,1.8470514,-0.8345136,-1.4249014,-1.1552985
../data/train_data_mmini/4/Train_0016.jpg	4	-1.0,-1.0,-1.0,1.0,-1.0,-1.0,1.0,1.0	-2.4303157,-0.49281505,-1.8252109,0.8019474,-0.9379562,-1.8782753,0.79870546,1.3099627
../data/train_data_mmini/4/Train_0017.jpg	4	-1.0,1.0,-1.0,-1.0,1.0,-1.0,-1.0,1.0	-1.2483549,1.3174444,-1.5863594,-0.9367728,1.0921981,-4.0287404,-0.44476455,2.5449028
../data/train_data_mmini/4/Train_0018.jpg	4	1.0,-1.0,1.0,1.0,1.0,-1.0,1.0,-1.0	0.721546,-0.743883,2.76884,0.5370326,0.35042426,-0.73313785,0.5772337,-0.8573455
../data/train_data_mmini/4/Train_0019.jpg	4	-1.0,1.0,-1.0,-1.0,1.0,1.0,1.0,1.0	-2.7492924,1.3842303,-1.7168231,-0.7070823,1.4713447,0.26276425,0.34945923,2.8975022
../data/train_data_mmini/5/Train_0020.jpg	5	-1.0,-1.0,-1.0,1.0,-1.0,1.0,1.0,-1.0	-1.8827696,-2.3730078,-1.2524084,0.9329438,-2.6476345,1.7812605,1.2818435,-1.3409213
../data/train_data_mmini/5/Train_0021.jpg	5	1.0,-1.0,1.0,-1.0,1.0,1.0,-1.0,-1.0	0.28876624,-0.658458,0.23964848,-1.1830468,2.826417,0.6654902,-0.6081004,-2.3017814
../data/train_data_mmini/5/Train_0022.jpg	5	1.0,-1.0,1.0,1.0,-1.0,1.0,-1.0,-1.0	2.872928,-1.2332413,0.6529448,1.8698744,-1.2561579,1.7460849,-0.4099803,-0.6116875
../data/train_data_mmini/5/Train_0023.jpg	5	-1.0,-1.0,1.0,1.0,-1.0,1.0,1.0,-1.0	-0.50950205,-2.561657,0.22709455,0.021815337,-2.2835765,3.9800704,0.06751459,-1.7804781
../data/train_data_mmini/5/Train_0024.jpg	5	-1.0,-1.0,1.0,-1.0,-1.0,-1.0,-1.0,-1.0	-0.7998968,-1.24494,0.15436633,-2.3008788,-0.94770586,-0.44014674,-0.9320587,-1.5262806
../data/train_data_mmini/6/Train_0025.jpg	6	-1.0,1.0,1.0,-1.0,-1.0,-1.0,1.0,1.0	-2.3504038,1.2471455,0.11557992,-0.5507072,-0.48925844,-2.6086364,1.3442366,3.2745543
../data/train_data_mmini/6/Train_0026.jpg	6	-1.0,-1.0,1.0,-1.0,-1.0,-1.0,1.0,-1.0	-1.7967186,-2.5750406,3.5582721,-0.08064593,-2.6543167,-1.7074882,0.5100529,-1.075658
../data/train_data_mmini/6/Train_0027.jpg	6	-1.0,1.0,1.0,-1.0,-1.0,-1.0,1.0,-1.0	-1.8723948,1.4398043,2.0959537,-0.24753733,-1.3814417,-0.97436476,1.0126672,-0.5661854
../data/train_data_mmini/6/Train_0028.jpg	6	1.0,-1.0,1.0,1.0,1.0,-1.0,1.0,-1.0	0.44168583,-1.6101513,0.24492714,1.9888206,2.1944387,-2.9889588,1.8308958,-3.504742
../data/train_data_mmini/6/Train_0029.jpg	6	1.0,1.0,-1.0,-1.0,-1.0,-1.0,-1.0,1.0	0.83142257,1.4673688,-3.7834685,-1.0839195,-1.2132993,-0.026169796,-1.8696241,4.2792993
../data/train_data_mmini/7/Train_0030.jpg	7	1.0,1.0,-1.0,1.0,-1.0,-1.0,-1.0,1.0	1.0347123,0.029826254,-1.3192456,0.8657944,-2.2250454,-1.3065611,-0.23118095,2.7186308
../data/train_data_mmini/7/Train_0031.jpg	7	1.0,1.0,1.0,1.0,-1.0,-1.0,-1.0,1.0	2.0163116,0.58080924,1.3013937,1.5212181,-0.72154415,-1.6737385,-0.23616077,2.3579547
../data/train_data_mmini/7/Train_0032.jpg	7	-1.0,1.0,-1.0,-1.0,1.0,-1.0,1.0,-1.0	-0.7014384,1.175981,-0.054830965,-0.8663893,1.8491333,-3.3123035,0.2706449,-1.0810113
../data/train_data_mmini/7/Train_0033.jpg	7	1.0,-1.0,1.0,1.0,-1.0,-1.0,1.0,1.0	1.0135161,-0.5511427,1.0703645,0.026556306,-4.174365,-2.2209177,0.35878775,0.8316865
../data/train_data_mmini/7/Train_0034.jpg	7	-1.0,1.0,1.0,-1.0,1.0,-1.0,1.0,-1.0	-0.84685516,0.28427562,1.7373936,-0.90412366,0.812869,-2.9832625,1.0814426,-3.0249054
../data/train_data_mmini/8/Train_0035.jpg	8	1.0,1.0,1.0,1.0,1.0,-1.0,-1.0,1.0	4.9125204,2.4144137,0.69680005,0.31192985,0.7720608,-0.53730553,-2.3341272,0.86162794
../data/train_data_mmini/8/Train_0036.jpg	8	1.0,1.0,1.0,1.0,-1.0,-1.0,1.0,1.0	3.3670402,1.0924252,1.5755143,1.7930845,-0.61999685,-4.820469,0.42712623,3.5120091
../data/train_data_mmini/8/Train_0037.jpg	8	1.0,1.0,1.0,-1.0,-1.0,-1.0,-1.0,1.0	0.83920336,1.1178268,2.85985,-1.4743448,-0.074124485,-4.7404604,-0.6576436,0.70449996
../data/train_data_mmini/8/Train_0038.jpg	8	1.0,1.0,-1.0,1.0,1.0,-1.0,-1.0,1.0	1.0506455,1.3733886,-0.9296704,0.49180084,0.60837483,-0.4404001,-2.0310514,0.9256164
../data/train_data_mmini/8/Train_0039.jpg	8	1.0,1.0,-1.0,-1.0,-1.0,-1.0,-1.0,1.0	5.7008033,3.2437088,-0.36130598,-0.8169219,-0.4108462,-3.2483644,-2.396059,2.0528584
../data/train_data_mmini/9/Train_0040.jpg	9	1.0,-1.0,1.0,-1.0,1.0,-1.0,-1.0,-1.0	0.95259553,-0.21174684,0.5397641,-1.3099204,0.47359356,-1.6419761,-1.1305453,-1.0850936
../data/train_data_mmini/9/Train_0041.jpg	9	1.0,1.0,-1.0,1.0,-1.0,-1.0,1.0,-1.0	2.423981,0.07849315,-0.2280354,0.70143294,-3.2304287,-2.1622574,0.18250497,-0.7747006
../data/train_data_mmini/9/Train_0042.jpg	9	-1.0,-1.0,-1.0,-1.0,1.0,-1.0,-1.0,-1.0	-2.392232,-0.020585954,-1.7949238,-2.0999072,1.9150177,-0.9991941,-1.300923,-1.8654895
../data/train_data_mmini/9/Train_0043.jpg	9	1.0,1.0,1.0,1.0,1.0,1.0,-1.0,1.0	3.0145333,0.49705207,1.369885,1.1815087,2.1255765,0.00052549154,-0.121735774,0.3815419
../data/train_data_mmini/9/Train_0044.jpg	9	-1.0,1.0,-1.0,-1.0,-1.0,-1.0,-1.0,1.0	-1.012307,2.329242,-2.71532,-1.9827393,-0.8232152,-0.55777675,-1.6488086,2.04897
../data/train_data_mmini/10/Train_0045.jpg	10	1.0,1.0,1.0,-1.0,-1.0,-1.0,-1.0,1.0	4.1784306,4.088669,2.5486124,-1.1165943,-0.58822095,-3.9993906,-1.2876711,2.3609993
../data/train_data_mmini/10/Train_0046.jpg	10	-1.0,1.0,-1.0,-1.0,1.0,-1.0,-1.0,1.0	-1.8661219,2.190572,-1.568103,-2.29157,1.1481678,-2.3806524,-0.9702226,0.5905985
../data/train_data_mmini/10/Train_0047.jpg	10	1.0,1.0,1.0,-1.0,1.0,-1.0,-1.0,1.0	1.9442867,2.61185,2.473942,-0.74248266,2.7144802,-4.2742877,-0.37200043,1.831485
../data/train_data_mmini/10/Train_0048.jpg	10	1.0,1.0,-1.0,-1.0,-1.0,-1.0,-1.0,1.0	1.398345,4.469987,-1.4943161,-1.0453644,-0.94513977,-1.348206,-1.0260457,3.4096966
../data/train_data_mmini/10/Train_0049.jpg	10	1.0,1.0,1.0,-1.0,1.0,-1.0,-1.0,1.0	4.069598,3.403077,0.8159454,-1.2380412,0.0634453,-3.6885543,-2.0793092,0.9138508
