../data/train_data_mmini/1/Train_0000.jpg	1	1.0,-1.0,-1.0,-1.0,1.0,1.0,1.0,-1.0	1.0888784,-1.7893099,-2.5230653,-0.1857636,1.2333816,3.3367362,0.38675576,-1.1746181
../data/train_data_mmini/1/Train_0001.jpg	1	1.0,1.0,-1.0,-1.0,1.0,1.0,-1.0,1.0	1.0603514,0.3744619,-3.192272,-3.4783978,1.133615,1.9886996,-0.17599082,2.3886204
../data/train_data_mmini/1/Train_0002.jpg	1	-1.0,-1.0,-1.0,1.0,1.0,1.0,-1.0,1.0	-1.3598938,-2.4742377,-1.2186046,0.30072743,0.12509073,3.803801,-0.42696506,3.923678
../data/train_data_mmini/1/Train_0003.jpg	1	1.0,-1.0,-1.0,-1.0,1.0,1.0,-1.0,-1.0	2.3571856,-1.6812292,-0.80537826,-1.8820486,1.0185369,2.4609842,-0.38216,-3.710579
../data/train_data_mmini/1/Train_0004.jpg	1	1.0,1.0,-1.0,1.0,1.0,1.0,1.0,-1.0	1.6280749,0.1869846,-3.0409887,0.1283207,1.1765188,1.1597449,1.7829239,-2.27491
../data/train_data_mmini/2/Train_0005.jpg	2	-1.0,-1.0,1.0,-1.0,-1.0,-1.0,-1.0,1.0	-0.3307637,-1.1823258,0.6195405,-0.4551649,-2.1461413,-1.1271484,-1.4646832,0.55809814
../data/train_data_mmini/2/Train_0006.jpg	2	1.0,-1.0,1.0,1.0,-1.0,-1.0,-1.0,1.0	1.1941172,-1.0872788,1.4003407,2.3191705,-0.9929037,-0.5468748,-2.3620126,1.064108
../data/train_data_mmini/2/Train_0007.jpg	2	-1.0,1.0,-1.0,-1.0,1.0,1.0,1.0,-1.0	-0.8941615,0.49614382,-2.7348928,-0.33488762,0.2071435,2.4090695,1.2202061,-2.7791452
../data/train_data_mmini/2/Train_0008.jpg	2	-1.0,1.0,1.0,1.0,1.0,1.0,1.0,1.0	-1.7369871,2.1248229,0.14126107,2.8890169,0.59834546,0.82316995,1.0344683,0.20031287
../data/train_data_mmini/2/Train_0009.jpg	2	1.0,-1.0,1.0,-1.0,1.0,-1.0,1.0,-1.0	0.27119255,-1.3835831,2.3720837,-1.9188552,1.1139151,-2.489058,0.5737084,-0.7508218
../data/train_data_mmini/3/Train_0010.jpg	3	-1.0,1.0,-1.0,-1.0,-1.0,-1.0,1.0,-1.0	-0.22896153,4.334046,-0.0155243585,-2.0242536,-0.019968139,-3.7925699,1.4495167,-1.4139289
../data/train_data_mmini/3/Train_0011.jpg	3	-1.0,-1.0,-1.0,-1.0,-1.0,-1.0,1.0,1.0	-3.1143172,-1.0947727,-2.2346778,-0.7822739,-1.3075844,-0.09634711,3.195932,3.9352283
../data/train_data_mmini/3/Train_0012.jpg	3	1.0,-1.0,-1.0,-1.0,1.0,1.0,1.0,1.0	3.265542,-2.549101,-2.191865,-2.3383782,2.0314448,0.35131317,1.2309643,3.0495486
../data/train_data_mmini/3/Train_0013.jpg	3	1.0,1.0,1.0,1.0,1.0,1.0,-1.0,1.0	1.0899401,0.87511814,0.75831455,2.5123684,0.24904443,0.8059073,-0.7512902,3.6323276
../data/train_data_mmini/3/Train_0014.jpg	3	-1.0,1.0,1.0,1.0,-1.0,-1.0,1.0,1.0	-2.977533,1.1400021,0.47187087,0.57770413,-1.0168165,-0.79507506,0.008811939,0.6750728
../data/train_data_mmini/4/Train_0015.jpg	4	1.0,-1.0,-1.0,1.0,-1.0,1.0,1.0,1.0	0.7983927,-2.5433223,-2.3932538,2.663832,-0.1553414,0.29443175,0.9707603,0.8667985
../data/train_data_mmini/4/Train_0016.jpg	4	-1.0,-1.0,1.0,-1.0,-1.0,1.0,-1.0,1.0	-1.5321231,-1.2049125,1.0846177,-2.7156203,-0.7702467,0.95536184,-1.1604258,1.700617
../data/train_data_mmini/4/Train_0017.jpg	4	1.0,-1.0,1.0,-1.0,-1.0,-1.0,-1.0,1.0	0.741898,-3.095436,0.5347502,-0.32456896,-0.31038532,-0.02132456,-0.9495782,3.088935
../data/train_data_mmini/4/Train_0018.jpg	4	-1.0,1.0,-1.0,-1.0,-1.0,-1.0,1.0,-1.0	-2.1447337,0.6790728,-0.39177597,-0.6431946,-1.5172557,-1.3027159,0.7649566,-1.119824
../data/train_data_mmini/4/Train_0019.jpg	4	1.0,-1.0,1.0,1.0,-1.0,1.0,-1.0,1.0	1.2977465,-1.2844762,2.3674161,2.3219457,-0.33261433,0.12617546,-2.1980443,2.0854325
../data/train_data_mmini/5/Train_0020.jpg	5	1.0,1.0,-1.0,-1.0,1.0,1.0,-1.0,-1.0	0.029062638,1.1720674,-1.380899,-2.5782623,0.19012667,2.6164865,-1.3689928,-0.32348943
../data/train_data_mmini/5/Train_0021.jpg	5	1.0,-1.0,-1.0,1.0,1.0,1.0,1.0,-1.0	0.2711292,-1.2140348,-1.349627,3.698648,0.21546358,0.8125382,1.5717388,-2.3371563
../data/train_data_mmini/5/Train_0022.jpg	5	-1.0,1.0,1.0,1.0,1.0,1.0,-1.0,-1.0	-0.44508988,1.7674412,0.3312583,0.7970318,1.4381745,0.5323328,-0.5501814,-0.97298366
../data/train_data_mmini/5/Train_0023.jpg	5	1.0,1.0,-1.0,-1.0,1.0,1.0,-1.0,-1.0	2.0976985,1.0626003,-1.5992384,-1.1163874,0.7355561,1.5459569,-0.15906447,-4.1349645
../data/train_data_mmini/5/Train_0024.jpg	5	1.0,-1.0,-1.0,-1.0,1.0,1.0,1.0,-1.0	1.382534,-1.5956475,-2.755544,-0.323514,0.44839913,0.29334635,2.627771,-2.7530398
../data/train_data_mmini/6/Train_0025.jpg	6	-1.0,-1.0,1.0,-1.0,-1.0,-1.0,-1.0,1.0	-0.7770483,-2.551473,1.3347182,-1.5991958,-2.181321,-1.93236,-1.2488075,1.8099846
../data/train_data_mmini/6/Train_0026.jpg	6	-1.0,-1.0,-1.0,-1.0,-1.0,1.0,1.0,-1.0	-0.8285722,-0.8807026,-1.8852097,-3.5025578,-1.0858952,0.63443047,0.19687118,-2.7648387
../data/train_data_mmini/6/Train_0027.jpg	6	-1.0,1.0,1.0,-1.0,-1.0,-1.0,1.0,1.0	-1.9317713,1.2449385,0.29050937,-3.8686523,-1.3551978,-4.0698085,0.8355917,0.7988987
../data/train_data_mmini/6/Train_0028.jpg	6	-1.0,1.0,1.0,1.0,-1.0,1.0,1.0,1.0	-5.729921,0.39930552,0.18552941,0.37422568,-0.76996714,1.2868047,1.5343164,0.5417896
../data/train_data_mmini/6/Train_0029.jpg	6	1.0,-1.0,1.0,-1.0,1.0,-1.0,-1.0,1.0	2.798476,-1.3672656,2.6717956,-0.013897609,0.37250367,-2.056035,-0.844018,1.67305
../data/train_data_mmini/7/Train_0030.jpg	7	1.0,-1.0,1.0,-1.0,-1.0,1.0,-1.0,1.0	0.2540928,-3.318948,1.199053,-1.0162371,-0.58471215,1.0234375,-2.5414762,1.3198487
../data/train_data_mmini/7/Train_0031.jpg	7	-1.0,1.0,1.0,-1.0,1.0,-1.0,-1.0,1.0	-0.701153,0.7755177,1.2259787,-1.8761631,0.4559202,-0.6616064,-1.1400013,1.4087579
../data/train_data_mmini/7/Train_0032.jpg	7	-1.0,-1.0,1.0,-1.0,-1.0,-1.0,1.0,1.0	-2.9020321,-0.26773524,0.13204825,-0.35150793,-0.5796737,-2.757095,3.016991,1.642599
../data/train_data_mmini/7/Train_0033.jpg	7	1.0,-1.0,1.0,-1.0,1.0,-1.0,1.0,-1.0	0.22927077,-0.52393615,1.0089419,-3.7594793,0.026332809,-1.9031768,0.6237118,-1.0281283
../data/train_data_mmini/7/Train_0034.jpg	7	-1.0,1.0,-1.0,-1.0,-1.0,-1.0,1.0,-1.0	-4.0413127,1.2579755,-0.61786574,-0.973601,-2.0459206,-2.4739337,4.420936,-1.0397867
../data/train_data_mmini/8/Train_0035.jpg	8	1.0,1.0,1.0,1.0,1.0,-1.0,1.0,1.0	0.037681527,1.3813875,0.3647011,1.2774887,0.020438394,-4.220335,0.95142657,1.0604202
../data/train_data_mmini/8/Train_0036.jpg	8	-1.0,-1.0,1.0,-1.0,-1.0,-1.0,-1.0,1.0	-3.0650594,-1.1616615,2.0340571,-1.2960329,-2.4353023,-1.8543804,-1.4661311,1.9901888
../data/train_data_mmini/8/Train_0037.jpg	8	-1.0,-1.0,-1.0,-1.0,-1.0,-1.0,1.0,1.0	-2.3460894,-1.5249366,-0.18308309,-2.3186169,-0.9124557,-2.7060251,2.825974,0.50622743
../data/train_data_mmini/8/Train_0038.jpg	8	-1.0,1.0,1.0,-1.0,1.0,-1.0,-1.0,1.0	-0.37737143,0.38078243,1.2849083,-0.46109667,1.5436857,-1.2991673,-0.18192457,1.9064015
../data/train_data_mmini/8/Train_0039.jpg	8	1.0,-1.0,1.0,1.0,-1.0,-1.0,1.0,1.0	0.45148164,-0.033403344,0.37934294,0.12983385,-0.7328555,-5.208585,1.7562535,3.2363462
../data/train_data_mmini/9/Train_0040.jpg	9	1.0,-1.0,-1.0,1.0,1.0,1.0,1.0,1.0	0.028440902,-1.5548611,-2.0635023,1.7869612,0.24372336,0.8810425,1.2456212,0.14492676
../data/train_data_mmini/9/Train_0041.jpg	9	-1.0,1.0,-1.0,-1.0,-1.0,-1.0,1.0,1.0	-2.2658606,2.9037976,-0.07929345,-3.8748155,-0.17149408,-0.62979615,0.2297431,2.7836494
../data/train_data_mmini/9/Train_0042.jpg	9	1.0,-1.0,-1.0,1.0,-1.0,1.0,1.0,1.0	0.928388,-1.2402881,-3.6323543,1.4502875,-0.4687886,0.8347864,1.9124876,1.814511
../data/train_data_mmini/9/Train_0043.jpg	9	-1.0,1.0,1.0,1.0,-1.0,-1.0,-1.0,-1.0	-1.5809875,0.6717406,0.6628192,3.4312382,-1.4183935,-1.1861207,-0.9291069,-0.07274036
../data/train_data_mmini/9/Train_0044.jpg	9	1.0,-1.0,1.0,-1.0,1.0,-1.0,-1.0,1.0	3.2186809,-1.8519951,0.3171911,-0.068841875,0.8448105,-1.7031614,-0.7502012,3.0017843
../data/train_data_mmini/10/Train_0045.jpg	10	-1.0,-1.0,1.0,-1.0,-1.0,-1.0,1.0,1.0	-1.4709792,-0.1271539,2.1304257,-1.112578,-1.3862102,-6.9183836,2.2473233,1.2261527
../data/train_data_mmini/10/Train_0046.jpg	10	1.0,-1.0,1.0,1.0,-1.0,-1.0,1.0,1.0	0.88511604,-2.088644,0.38072693,0.012711484,-0.4590269,-3.4442916,1.9060534,2.3944912
../data/train_data_mmini/10/Train_0047.jpg	10	-1.0,-1.0,1.0,1.0,-1.0,-1.0,1.0,1.0	-2.4245222,-1.1246196,1.2769517,1.5023841,-2.7649894,-4.2295723,1.0435857,1.3695089
../data/train_data_mmini/10/Train_0048.jpg	10	1.0,-1.0,1.0,1.0,-1.0,-1.0,-1.0,1.0	1.561895,-0.29766744,1.9963117,0.11591742,-0.26830155,-4.1919518,-0.060815025,3.1929564
../data/train_data_mmini/10/Train_0049.jpg	10	-1.0,-1.0,1.0,1.0,-1.0,-1.0,1.0,1.0	-0.7904127,-1.0017005,0.46184498,0.07880302,-1.1447659,-4.8537726,2.4188144,2.4751272
