../data/train_data_mmini/1/Train_0000.jpg	1	-1.0,-1.0,1.0,1.0,1.0,1.0,1.0,-1.0,-1.0,-1.0,-1.0,1.0,1.0,1.0,1.0,1.0,-1.0,1.0,1.0,1.0,1.0,1.0,-1.0,1.0	-0.064922385,-0.022695012,0.011805668,0.09331339,0.0077172276,0.13804224,0.061997805,-0.09926657,-0.027014475,-0.2211478,-0.05743962,0.23569182,0.08452607,0.07281849,0.057591558,0.066716745,-0.040773805,0.09456264,0.101798706,0.020751998,0.04582619,0.09102532,-0.04312057,0.1226641
../data/train_data_mmini/1/Train_0001.jpg	1	-1.0,1.0,-1.0,1.0,-1.0,1.0,1.0,1.0,-1.0,-1.0,1.0,1.0,1.0,-1.0,1.0,-1.0,-1.0,1.0,-1.0,1.0,1.0,1.0,-1.0,1.0	-0.0573309,0.12683004,-0.14230515,0.103220575,-0.2262404,0.040121585,0.034553412,0.062986985,-0.0019595437,-0.26666948,0.18122655,0.35436597,0.060050882,-0.07185745,0.04430665,-0.009945977,-0.049820777,0.15928197,-0.019289559,0.13522683,0.0038526794,0.05727865,-0.027356304,0.14089061
../data/train_data_mmini/1/Train_0002.jpg	1	1.0,1.0,-1.0,1.0,1.0,1.0,1.0,-1.0,-1.0,-1.0,1.0,1.0,-1.0,-1.0,1.0,1.0,-1.0,-1.0,1.0,-1.0,1.0,-1.0,-1.0,1.0	0.035873607,0.18203665,-0.13590923,0.0760498,0.033100255,0.06631235,0.04211277,-0.18334232,-0.15453605,-0.30687857,0.009353256,0.2046543,-0.05185794,-0.043971542,0.065021485,0.16200687,-0.026712295,-0.12500638,0.10240995,-0.14966099,0.07169069,-0.040964495,-0.15210842,0.046078213
../data/train_data_mmini/1/Train_0003.jpg	1	-1.0,-1.0,1.0,1.0,-1.0,1.0,1.0,-1.0,1.0,-1.0,-1.0,1.0,1.0,1.0,-1.0,-1.0,-1.0,1.0,1.0,1.0,-1.0,1.0,1.0,1.0	-0.23400854,-0.10444554,0.15974526,0.080919586,-0.15732598,0.27481657,0.11326671,-0.10808632,0.08582862,-0.08070967,-0.04815876,0.110651635,0.16615348,0.02197641,-0.010439784,-0.0415393,-0.08261675,0.22493124,0.029870832,0.03416054,-0.06766231,0.14663771,0.06286412,0.05167771
../data/train_data_mmini/1/Train_0004.jpg	1	-1.0,-1.0,1.0,1.0,-1.0,1.0,1.0,-1.0,1.0,-1.0,-1.0,1.0,1.0,1.0,-1.0,1.0,-1.0,-1.0,1.0,-1.0,-1.0,1.0,-1.0,1.0	-0.21545658,-0.30094987,0.17193565,0.15156184,-0.058751933,0.22251996,0.08684933,-0.08947143,0.046661217,-0.10085756,-0.112349086,0.045045696,0.13492958,0.079960436,-0.10389776,0.0737371,-0.120382726,-0.0022193259,0.1927754,-0.059002325,-0.011052222,0.00364277,-0.09944368,0.2109849
../data/train_data_mmini/2/Train_0005.jpg	2	-1.0,-1.0,-1.0,1.0,-1.0,1.0,1.0,1.0,-1.0,-1.0,-1.0,1.0,-1.0,1.0,-1.0,1.0,1.0,1.0,1.0,-1.0,-1.0,-1.0,1.0,1.0	-0.07769913,-0.04851017,-0.04381931,0.23706421,-0.07975995,0.1931168,0.042680178,0.012127592,-0.00842331,-0.06326596,-0.010073924,0.22088471,-0.025147935,0.029413639,-0.04718902,0.060287785,0.0020299584,0.0034127766,0.056100544,-0.08136885,-0.039247483,-0.000336749,0.028718673,0.2566076
../data/train_data_mmini/2/Train_0006.jpg	2	1.0,1.0,-1.0,-1.0,1.0,-1.0,1.0,-1.0,-1.0,-1.0,1.0,1.0,-1.0,1.0,-1.0,1.0,1.0,1.0,-1.0,-1.0,1.0,-1.0,1.0,-1.0	0.33201966,0.5600491,-0.23341306,-0.12976365,0.15491855,-0.17279835,0.0749937,-0.08756425,-0.3067529,-0.5217411,0.221039,0.56996346,-0.20786814,0.15027386,-0.1963077,0.23285837,0.13555261,0.14064842,-0.24277934,-0.09689419,0.025109038,-0.17088374,0.088314764,-0.019624464
../data/train_data_mmini/2/Train_0007.jpg	2	-1.0,-1.0,1.0,-1.0,1.0,1.0,1.0,-1.0,1.0,-1.0,-1.0,-1.0,1.0,1.0,-1.0,-1.0,-1.0,1.0,1.0,-1.0,-1.0,-1.0,-1.0,-1.0	-0.058604687,-0.24640803,0.23010226,-0.07322522,0.016229188,0.1429165,0.047120873,-0.033252902,0.002931971,-0.25213605,-0.088174425,-0.05781076,0.11912904,0.062028106,-0.35823077,-0.042988528,-0.02775764,0.11634945,0.28395113,-0.1283,-0.06096576,-0.015685244,-0.14751793,-0.090728395
../data/train_data_mmini/2/Train_0008.jpg	2	1.0,-1.0,-1.0,-1.0,1.0,-1.0,-1.0,1.0,-1.0,-1.0,-1.0,1.0,-1.0,1.0,-1.0,1.0,1.0,-1.0,1.0,-1.0,1.0,1.0,-1.0,1.0	0.32284594,-0.11012153,-0.08701589,-0.051274564,0.2155975,-0.20226206,-0.15793066,0.083257645,-0.2072917,-0.46164453,-0.085436255,0.4286113,-0.059654735,0.2720702,-0.014484757,0.1316588,0.15010968,-0.05924005,0.3050299,-0.10454728,0.1905546,0.039753843,-0.42936668,0.16352148
../data/train_data_mmini/2/Train_0009.jpg	2	-1.0,-1.0,-1.0,1.0,-1.0,1.0,1.0,-1.0,-1.0,1.0,1.0,1.0,1.0,1.0,1.0,1.0,-1.0,1.0,-1.0,1.0,-1.0,1.0,1.0,1.0	-0.033334628,-0.030013017,-0.12307128,0.11748477,-0.15899214,0.15732259,0.0630804,-0.05841271,-0.023837786,0.0023152789,0.14898339,0.2565163,0.0015534852,0.0103375,0.0049799965,0.106941834,-0.16045994,0.035071544,-0.08339036,0.09619482,-0.015695333,0.15232615,0.1768014,0.012791522
../data/train_data_mmini/3/Train_0010.jpg	3	1.0,-1.0,1.0,-1.0,1.0,-1.0,-1.0,1.0,1.0,-1.0,1.0,1.0,1.0,1.0,-1.0,-1.0,1.0,1.0,1.0,-1.0,-1.0,-1.0,-1.0,-1.0	0.4298482,-0.20965841,0.034615736,-0.4734699,0.18476146,-0.08524589,-0.091760814,0.17352328,0.056420613,-0.28128594,0.4536777,0.20870593,0.14662723,0.2738976,-0.57112205,-0.16252084,0.18738228,0.08091997,0.3781077,-0.2070138,-0.016683996,-0.17653044,-0.2836698,-0.22139643
../data/train_data_mmini/3/Train_0011.jpg	3	-1.0,-1.0,-1.0,1.0,-1.0,1.0,-1.0,-1.0,1.0,1.0,-1.0,-1.0,1.0,1.0,1.0,1.0,-1.0,-1.0,1.0,-1.0,1.0,-1.0,-1.0,1.0	-0.45338678,-0.5093779,-0.02141378,0.4358486,-0.33275312,0.3467436,-0.094116986,-0.076317355,0.16614519,0.022299584,-0.38884276,-0.057352103,0.16888349,0.032253142,0.09829359,0.08562316,-0.019697007,-0.43695605,0.42114678,-0.120161936,0.07378679,-0.05787317,-0.35887033,0.33881527
../data/train_data_mmini/3/Train_0012.jpg	3	-1.0,-1.0,-1.0,1.0,-1.0,1.0,1.0,-1.0,1.0,1.0,-1.0,-1.0,1.0,-1.0,1.0,1.0,-1.0,-1.0,-1.0,1.0,-1.0,1.0,1.0,1.0	-0.7927982,-0.18456247,-0.04113563,0.771476,-0.7740557,0.5782933,0.17094222,-0.2657824,0.31443188,0.29182217,-0.013104254,-0.09644649,0.017525474,-0.2770552,0.46593106,0.13102736,-0.4395091,-0.26614755,-0.3122984,0.2541894,-0.060474314,0.33406404,0.32127354,0.44868833
../data/train_data_mmini/3/Train_0013.jpg	3	1.0,1.0,-1.0,-1.0,1.0,-1.0,-1.0,-1.0,-1.0,-1.0,1.0,1.0,-1.0,1.0,-1.0,1.0,1.0,1.0,-1.0,1.0,1.0,-1.0,-1.0,1.0	0.47714096,0.52245975,-0.21247749,-0.17997523,0.28993684,-0.26143694,-0.041058507,-0.06810167,-0.3681706,-0.85064167,0.12158289,0.42301098,-0.19025572,0.22093976,-0.3139866,0.22807427,0.14936647,0.032944076,-0.11487851,0.0045423657,0.27673048,-0.20172547,-0.35170063,0.11878694
../data/train_data_mmini/3/Train_0014.jpg	3	1.0,-1.0,1.0,-1.0,1.0,1.0,-1.0,1.0,-1.0,-1.0,1.0,1.0,-1.0,1.0,-1.0,1.0,1.0,-1.0,1.0,-1.0,1.0,-1.0,-1.0,1.0	0.14508766,-0.28384578,0.030135185,-0.01541377,0.060134687,0.13939935,-0.04105034,0.046331406,-0.009856682,-0.19363362,0.06278432,0.1710901,-0.0048437323,0.22302356,-0.21645755,0.064389005,0.01724929,-0.18511736,0.18884733,-0.06758951,0.1516301,-0.09052533,-0.21545394,0.09323556
../data/train_data_mmini/4/Train_0015.jpg	4	-1.0,-1.0,-1.0,1.0,-1.0,1.0,1.0,-1.0,-1.0,-1.0,-1.0,1.0,-1.0,-1.0,1.0,1.0,-1.0,-1.0,1.0,-1.0,1.0,1.0,-1.0,1.0	-0.07891008,-0.014377677,-0.05155229,0.2561072,-0.021180952,0.1589694,0.13805354,-0.19493832,-0.1714708,-0.3353978,-0.058752056,0.026394153,-0.0048360433,-0.07929021,0.06672326,0.21753474,-0.106384695,-0.3608777,0.009394819,-0.030784413,0.16133621,0.12193264,-0.111594714,0.16056271
../data/train_data_mmini/4/Train_0016.jpg	4	1.0,1.0,-1.0,1.0,-1.0,-1.0,-1.0,1.0,-1.0,-1.0,1.0,1.0,-1.0,1.0,1.0,1.0,1.0,1.0,-1.0,1.0,1.0,1.0,1.0,1.0	0.100134216,0.28266317,-0.13240194,0.12597066,-0.081462644,-0.08286454,-0.13278063,0.12702079,-0.056515794,-0.29562634,0.12274719,0.46742138,-0.08495947,0.022306262,0.29171616,0.01924221,0.07344204,0.21101698,-0.009496724,0.021891788,0.018645361,0.14247723,0.08727919,0.20885439
../data/train_data_mmini/4/Train_0017.jpg	4	1.0,1.0,-1.0,1.0,-1.0,-1.0,1.0,-1.0,-1.0,-1.0,1.0,1.0,-1.0,1.0,1.0,1.0,-1.0,1.0,-1.0,1.0,1.0,-1.0,1.0,1.0	0.04241141,0.6465155,-0.36803618,0.124517106,-0.12571305,-0.043393523,0.0900591,-0.15991192,-0.10797082,-0.4012986,0.2594558,0.52349806,-0.28017077,0.06253457,0.19036178,0.18344553,-0.026087817,0.07073765,-0.32000226,0.053569928,0.030547515,-0.033188295,0.36575565,0.067167945
../data/train_data_mmini/4/Train_0018.jpg	4	1.0,1.0,-1.0,1.0,-1.0,-1.0,1.0,1.0,1.0,-1.0,1.0,1.0,-1.0,1.0,-1.0,1.0,1.0,-1.0,1.0,-1.0,1.0,-1.0,-1.0,1.0	0.21785618,0.0045839315,-0.2934562,0.09152592,-0.06429025,-0.08313978,0.04372609,0.02647602,0.013053197,-0.28106076,0.31422395,0.35801527,-0.100600146,0.0025881804,-0.15170543,0.12558253,0.08026937,-0.10456813,0.1194196,-0.024416462,0.03931287,-0.07792516,-0.051980235,0.20753355
../data/train_data_mmini/4/Train_0019.jpg	4	1.0,1.0,1.0,-1.0,1.0,1.0,1.0,-1.0,-1.0,-1.0,1.0,1.0,-1.0,1.0,-1.0,1.0,1.0,-1.0,-1.0,-1.0,1.0,-1.0,-1.0,-1.0	0.14880751,0.2966663,0.071560465,-0.08537594,0.23572622,0.15105191,0.04096243,-0.082645155,-0.29347542,-0.37707806,0.030548109,0.26780036,-0.14223732,0.11279109,-0.36639968,0.19533785,0.08077389,-0.009787864,-0.049316976,-0.25015408,0.0072466573,-0.16463703,-0.07120321,-0.1433221
../data/train_data_mmini/5/Train_0020.jpg	5	-1.0,-1.0,1.0,-1.0,-1.0,1.0,1.0,-1.0,-1.0,-1.0,1.0,1.0,1.0,-1.0,-1.0,1.0,-1.0,1.0,1.0,-1.0,-1.0,1.0,1.0,-1.0	-0.12257798,-0.0658148,0.16848226,-0.01641717,-0.10431867,0.19388059,0.09357685,-0.0050932625,-0.022706252,-0.16805288,0.018670892,0.044904254,0.08733798,-0.025779339,-0.22593181,0.002758396,-0.123992324,0.27801806,0.10948952,-0.05012314,-0.091358624,0.03283206,0.022136979,-0.019096307
../data/train_data_mmini/5/Train_0021.jpg	5	-1.0,-1.0,1.0,1.0,1.0,1.0,1.0,-1.0,-1.0,-1.0,-1.0,1.0,1.0,1.0,-1.0,1.0,-1.0,-1.0,1.0,1.0,1.0,1.0,-1.0,1.0	-0.07394974,-0.07910556,0.0408223,0.25909278,0.04627589,0.1279996,0.1282,-0.16062309,-0.1276453,-0.24320778,-0.21701242,0.09929558,0.057456113,0.040511664,-0.0443578,0.2248723,-0.10296112,-0.17667449,0.13540953,0.01322718,0.096741036,0.10988025,-0.14516659,0.15897794
../data/train_data_mmini/5/Train_0022.jpg	5	1.0,-1.0,1.0,-1.0,1.0,1.0,-1.0,1.0,-1.0,-1.0,1.0,1.0,-1.0,1.0,-1.0,1.0,-1.0,1.0,1.0,-1.0,-1.0,1.0,-1.0,-1.0	0.035445757,-0.07225717,0.063825764,-0.07572938,0.043748237,0.09643927,-0.012706038,0.0367935,-0.08130668,-0.23198578,0.012607237,0.10987302,-0.0064711776,0.11780918,-0.26649958,0.049893152,-0.0016135543,0.02793359,0.18879643,-0.04226218,-0.0130648175,0.009959059,-0.096452035,-0.039749794
../data/train_data_mmini/5/Train_0023.jpg	5	-1.0,-1.0,1.0,1.0,-1.0,1.0,1.0,-1.0,1.0,-1.0,1.0,1.0,1.0,-1.0,-1.0,1.0,-1.0,1.0,1.0,-1.0,-1.0,1.0,1.0,-1.0	-0.081746146,-0.08894775,0.11785294,0.080218844,-0.087401025,0.1273156,0.1247935,-0.05323688,0.037625212,-0.1448091,0.067276455,0.07211437,0.113432325,-0.033669893,-0.2577802,0.02368058,-0.12002629,0.117855184,0.12463432,-0.017027363,-0.11344106,0.06778945,0.06479766,-0.05206912
../data/train_data_mmini/5/Train_0024.jpg	5	-1.0,-1.0,1.0,1.0,-1.0,1.0,1.0,-1.0,1.0,-1.0,-1.0,-1.0,1.0,-1.0,-1.0,-1.0,-1.0,-1.0,1.0,-1.0,-1.0,1.0,-1.0,1.0	-0.33836186,-0.48045808,0.3007324,0.24294268,-0.10392874,0.28908297,0.1778678,-0.29170218,0.0984893,-0.06883217,-0.17499548,-0.25851908,0.14720635,-0.048905257,-0.18375504,-0.049613465,-0.18874145,-0.02014304,0.1714443,-0.060092494,-0.052387126,0.1010796,-0.07563368,0.048960872
../data/train_data_mmini/6/Train_0025.jpg	6	-1.0,-1.0,1.0,-1.0,1.0,1.0,1.0,-1.0,1.0,1.0,1.0,-1.0,1.0,1.0,-1.0,-1.0,1.0,1.0,1.0,-1.0,-1.0,-1.0,1.0,-1.0	-0.34298977,-0.19462486,0.35924202,-0.22119679,0.039284028,0.5903684,0.06545529,-0.0735399,0.23333867,0.13165188,0.07056432,-0.3107015,0.086762376,0.09199643,-0.5615194,-0.33196855,0.01946849,0.12172871,0.022828424,-0.34785932,-0.12812035,-0.1730386,0.14922129,-0.19145842
../data/train_data_mmini/6/Train_0026.jpg	6	1.0,1.0,-1.0,-1.0,-1.0,-1.0,1.0,-1.0,1.0,-1.0,1.0,1.0,1.0,1.0,-1.0,-1.0,1.0,1.0,-1.0,1.0,1.0,1.0,1.0,1.0	0.18243606,0.19668967,-0.11291837,-0.1974396,-0.15529406,-0.16902812,0.123778135,-0.053043835,0.068094596,-0.41097313,0.35161167,0.35987404,0.1756082,0.1457558,-0.110743985,-0.055681158,0.012146893,0.38333023,-0.16029081,0.24177517,0.17471516,0.024963113,0.06294986,0.12507601
../data/train_data_mmini/6/Train_0027.jpg	6	-1.0,-1.0,-1.0,-1.0,-1.0,1.0,-1.0,1.0,1.0,1.0,1.0,1.0,1.0,-1.0,-1.0,-1.0,1.0,1.0,1.0,-1.0,1.0,-1.0,-1.0,-1.0	-0.042452276,-0.4684214,-0.0025564744,-0.1058019,-0.3437323,0.16763201,-0.02934846,0.14987798,0.12664701,0.09049254,0.28836715,0.03615149,0.10943667,-0.1325593,-0.25635153,-0.22092076,0.096562535,0.045694344,0.19582498,-0.19948296,0.0033274433,-0.1307245,-0.054568805,-0.08365791
../data/train_data_mmini/6/Train_0028.jpg	6	1.0,-1.0,1.0,1.0,-1.0,-1.0,-1.0,1.0,-1.0,-1.0,-1.0,1.0,1.0,1.0,-1.0,1.0,1.0,-1.0,1.0,-1.0,1.0,-1.0,-1.0,1.0	0.13686696,-0.4026964,0.07085015,0.10982444,-0.017766112,-0.05696339,-0.15067711,0.030753685,-0.059339147,-0.18063426,-0.09962397,0.09622874,0.0351137,0.113408655,-0.14512771,0.052559804,0.043439213,-0.055702455,0.4099824,-0.11798011,0.15275253,-0.097087935,-0.2963874,0.18699302
../data/train_data_mmini/6/Train_0029.jpg	6	-1.0,1.0,1.0,-1.0,1.0,1.0,1.0,-1.0,-1.0,-1.0,1.0,1.0,-1.0,1.0,-1.0,1.0,1.0,-1.0,-1.0,-1.0,-1.0,-1.0,1.0,-1.0	-0.15543832,0.26757324,0.0834339,-0.15028001,0.09845383,0.34491095,0.10721722,-0.18183543,-0.06743018,-0.20109028,0.02751377,0.14189342,-0.024836918,0.12941068,-0.19424526,0.056995284,0.107020825,-0.0042929715,-0.033549163,-0.17604633,-0.12930727,-0.036081996,0.026714705,-0.08562153
../data/train_data_mmini/7/Train_0030.jpg	7	-1.0,1.0,-1.0,1.0,-1.0,1.0,1.0,-1.0,-1.0,-1.0,-1.0,1.0,-1.0,-1.0,1.0,1.0,-1.0,1.0,-1.0,1.0,1.0,1.0,1.0,1.0	-0.147003,0.2460617,-0.10304975,0.30236667,-0.18816665,0.1771608,0.04805631,-0.057565354,-0.09961848,-0.12542403,-0.049246993,0.30960247,-0.111044936,-0.086678565,0.16954811,0.15244623,-0.012596306,0.11662703,-0.17922586,0.070663884,0.006254821,0.12108198,0.11239513,0.16560163
../data/train_data_mmini/7/Train_0031.jpg	7	1.0,1.0,-1.0,-1.0,1.0,-1.0,1.0,1.0,-1.0,-1.0,1.0,1.0,-1.0,1.0,-1.0,1.0,-1.0,1.0,-1.0,1.0,1.0,-1.0,1.0,1.0	0.23240437,0.24445683,-0.14341655,-0.16737248,0.024964726,-0.12900572,0.036033217,0.00419107,-0.04169671,-0.40763012,0.31751567,0.2825056,-0.105248235,0.1531654,-0.27355906,0.070473686,-0.030285772,0.23462838,-0.0696334,0.12761201,0.07188193,-0.16202825,0.07480132,0.1396717
../data/train_data_mmini/7/Train_0032.jpg	7	-1.0,-1.0,-1.0,1.0,-1.0,1.0,1.0,-1.0,1.0,-1.0,-1.0,-1.0,-1.0,1.0,-1.0,1.0,-1.0,-1.0,1.0,-1.0,1.0,1.0,-1.0,1.0	-0.15541707,-0.5080958,-0.049265966,0.4381186,-0.11270722,0.16736972,0.006556723,-0.11964439,0.027934868,-0.022229854,-0.15469465,-0.11688123,-0.010690263,0.017073689,-0.067216426,0.0645289,-0.07418698,-0.33695978,0.17078227,-0.09601872,0.20405802,0.061086316,-0.22659038,0.31361508
../data/train_data_mmini/7/Train_0033.jpg	7	-1.0,-1.0,1.0,1.0,-1.0,1.0,1.0,-1.0,1.0,1.0,1.0,1.0,1.0,-1.0,-1.0,-1.0,-1.0,1.0,-1.0,-1.0,-1.0,1.0,1.0,-1.0	-0.16504265,-0.34725636,0.13136536,0.16336192,-0.26953447,0.20486662,0.08165401,-0.06444691,0.07499297,0.09833341,0.093844004,0.10856088,0.092283644,-0.08904511,-0.06730003,-0.14288844,-0.108023524,0.27550125,-0.05830309,-0.05892782,-0.16809666,0.11037858,0.20764343,-0.035294108
../data/train_data_mmini/7/Train_0034.jpg	7	-1.0,-1.0,1.0,1.0,-1.0,1.0,-1.0,1.0,1.0,1.0,-1.0,-1.0,1.0,1.0,-1.0,-1.0,-1.0,-1.0,1.0,-1.0,1.0,-1.0,-1.0,1.0	-0.48146212,-1.509047,0.6355392,0.23686588,-0.026098365,0.3780556,-0.29884323,0.029328091,0.38072744,0.09701463,-0.53804994,-0.6148923,0.49392483,0.17701593,-0.67002696,-0.27621743,-0.07482052,-0.39215845,0.8661216,-0.5272584,0.23530108,-0.03032869,-0.7154567,0.11906857
../data/train_data_mmini/8/Train_0035.jpg	8	1.0,-1.0,-1.0,1.0,1.0,1.0,-1.0,1.0,-1.0,-1.0,-1.0,1.0,-1.0,1.0,-1.0,1.0,1.0,-1.0,1.0,-1.0,-1.0,1.0,-1.0,1.0	0.0140294125,-0.15651019,-0.11504499,0.1351717,0.056139745,0.17542817,-0.022544142,0.02919854,-0.049782973,-0.08437688,-0.03016066,0.13258263,-0.06001874,0.100031614,-0.15532516,0.073051706,0.034949724,-0.16621906,0.14233181,-0.083673045,-0.03800997,0.0358875,-0.099586524,0.058850713
../data/train_data_mmini/8/Train_0036.jpg	8	1.0,-1.0,-1.0,-1.0,-1.0,1.0,-1.0,-1.0,-1.0,-1.0,1.0,1.0,-1.0,1.0,-1.0,-1.0,1.0,1.0,-1.0,-1.0,1.0,-1.0,1.0,1.0	0.18127798,-0.019925334,-0.12522934,-0.10650919,-0.04036089,0.043955445,-0.023560073,-0.032660775,-0.010526579,-0.15839195,0.29806882,0.11297699,-0.12940173,0.086506456,-0.29235113,-0.010138082,0.0017240078,0.028133564,-0.029695636,-0.04336272,0.04965955,-0.13575192,0.09519579,0.002496906
../data/train_data_mmini/8/Train_0037.jpg	8	1.0,-1.0,-1.0,1.0,-1.0,-1.0,1.0,-1.0,1.0,-1.0,1.0,1.0,1.0,1.0,-1.0,1.0,-1.0,1.0,1.0,1.0,1.0,-1.0,-1.0,1.0	0.0657243,-0.06338868,-0.039465766,0.07688954,-0.06782063,-0.09853432,0.02564681,-0.09392805,0.027591486,-0.38800043,0.06156713,0.16231278,0.11096213,0.060935672,-0.08788845,0.044421207,-0.027589377,0.046376698,0.18190888,0.06123413,0.16149274,-0.004379419,-0.058077104,0.14779039
../data/train_data_mmini/8/Train_0038.jpg	8	1.0,1.0,-1.0,-1.0,1.0,1.0,-1.0,1.0,-1.0,-1.0,-1.0,1.0,1.0,1.0,-1.0,1.0,1.0,1.0,1.0,-1.0,1.0,1.0,-1.0,1.0	0.09257771,0.02600006,-0.021811912,-0.079272605,0.06755967,0.041292995,-0.07294953,0.03652341,-0.08716993,-0.34964645,-0.0047669653,0.0860224,0.021386692,0.09758079,-0.16682078,0.060344648,0.072377026,0.03220611,0.12361359,-0.01063548,0.14906284,0.046950687,-0.15337949,0.01220239
../data/train_data_mmini/8/Train_0039.jpg	8	-1.0,-1.0,-1.0,1.0,-1.0,1.0,1.0,-1.0,-1.0,-1.0,1.0,1.0,-1.0,1.0,-1.0,1.0,-1.0,-1.0,1.0,-1.0,-1.0,-1.0,-1.0,1.0	-0.039369352,-0.02750244,-0.12850995,0.19630186,-0.028746331,0.16491877,0.0024972293,-0.059939772,-0.07199173,-0.09646488,0.027398204,0.14577499,-0.111753516,0.03356689,-0.1388491,0.16000505,-0.02530777,-0.22438729,0.0059812013,-0.08786015,-0.07137879,-0.011861784,-0.008673229,0.025913663
../data/train_data_mmini/9/Train_0040.jpg	9	-1.0,-1.0,1.0,1.0,-1.0,1.0,1.0,-1.0,-1.0,-1.0,-1.0,1.0,1.0,1.0,-1.0,1.0,-1.0,-1.0,1.0,-1.0,1.0,1.0,-1.0,1.0	-0.14265725,-0.14258508,0.05620113,0.1049804,-0.041397296,0.17823182,0.07346651,-0.09498426,-0.059046607,-0.26285386,-0.15908748,0.06785645,0.04244659,0.050644334,-0.051528744,0.12984265,-0.034372803,-0.05920572,0.17207104,-0.06418817,0.04153043,0.032908265,-0.15824927,0.08470983
../data/train_data_mmini/9/Train_0041.jpg	9	-1.0,-1.0,-1.0,1.0,-1.0,1.0,-1.0,1.0,1.0,1.0,1.0,1.0,1.0,1.0,-1.0,-1.0,-1.0,1.0,1.0,-1.0,-1.0,-1.0,-1.0,1.0	-0.14994134,-0.3837163,-0.031609446,0.17516933,-0.27895397,0.18478921,-0.13445488,0.16531302,0.0699438,0.1368188,0.053741697,0.046462916,0.07602701,0.05288368,-0.23117219,-0.05116685,-0.018254574,0.10864066,0.213496,-0.06517683,-0.112382814,-0.13913521,-0.1311063,0.25706828
../data/train_data_mmini/9/Train_0042.jpg	9	-1.0,-1.0,-1.0,1.0,1.0,1.0,1.0,-1.0,-1.0,-1.0,-1.0,-1.0,1.0,1.0,-1.0,1.0,-1.0,-1.0,1.0,-1.0,1.0,1.0,-1.0,1.0	-0.11183575,-0.08814878,-0.004676569,0.14842841,0.014307713,0.13462317,0.10686618,-0.18264614,-0.04513852,-0.41500503,-0.107286565,-0.026898181,0.08513556,0.03304523,-0.06753132,0.14335532,-0.081202984,-0.21531403,0.17902166,-0.04471259,0.12085736,0.005989405,-0.26214135,0.19614847
../data/train_data_mmini/9/Train_0043.jpg	9	1.0,1.0,-1.0,-1.0,1.0,-1.0,1.0,1.0,-1.0,-1.0,1.0,1.0,-1.0,1.0,-1.0,1.0,1.0,-1.0,1.0,-1.0,1.0,-1.0,-1.0,-1.0	0.22810154,0.16378471,-0.071601264,-0.048091184,0.20346606,-0.033799596,0.018500183,0.07041682,-0.2225024,-0.36184138,0.020602426,0.23286924,-0.061772875,0.06591064,-0.25134915,0.17626466,0.093932986,-0.045270808,0.120476626,-0.16013633,0.09639028,-0.045024034,-0.11770473,-0.032828383
../data/train_data_mmini/9/Train_0044.jpg	9	-1.0,1.0,-1.0,-1.0,-1.0,1.0,1.0,-1.0,-1.0,-1.0,1.0,1.0,-1.0,-1.0,-1.0,1.0,-1.0,-1.0,-1.0,-1.0,-1.0,1.0,1.0,-1.0	-0.114351794,0.25495577,-0.046315636,-6.1193714e-05,-0.014132613,0.1939988,0.21513435,-0.13735309,-0.066635534,-0.20332944,0.1277751,0.1627163,-0.054371916,-0.08198464,-0.100981496,0.08022387,-0.06334543,-0.0063394373,-0.13196972,-0.13319837,-0.13572729,0.042009313,0.13902195,-0.16400604
../data/train_data_mmini/10/Train_0045.jpg	10	1.0,-1.0,-1.0,1.0,-1.0,1.0,-1.0,1.0,-1.0,1.0,-1.0,1.0,-1.0,1.0,-1.0,1.0,1.0,-1.0,1.0,-1.0,1.0,1.0,-1.0,1.0	0.036200114,-0.44782174,-0.0015629636,0.16522944,-0.027464056,0.0008132993,-0.22755364,0.06070116,-0.020863872,0.056944694,-0.0289469,0.016355002,-0.022147229,0.14111677,-0.2814718,0.06298025,0.056237165,-0.18622792,0.094552,-0.08128773,0.09641382,0.03260793,-0.052981533,0.11278749
../data/train_data_mmini/10/Train_0046.jpg	10	-1.0,1.0,-1.0,1.0,1.0,1.0,1.0,-1.0,-1.0,-1.0,-1.0,1.0,1.0,1.0,1.0,1.0,1.0,-1.0,1.0,-1.0,-1.0,1.0,-1.0,-1.0	-0.0060341666,0.12040181,-0.094150074,0.05208056,0.118428476,0.07924427,0.001261923,-0.107490346,-0.09583785,-0.24110962,-0.0048610587,0.36126593,0.018158535,0.036056425,0.081438296,0.099488035,0.035333905,-0.15112096,0.19112346,-0.1450286,-0.09366223,0.08473706,-0.02757112,-0.022322766
../data/train_data_mmini/10/Train_0047.jpg	10	1.0,-1.0,1.0,1.0,1.0,-1.0,-1.0,-1.0,-1.0,-1.0,-1.0,1.0,1.0,1.0,-1.0,1.0,1.0,-1.0,1.0,-1.0,1.0,-1.0,-1.0,1.0	0.1360037,-0.19063045,0.054167323,0.10616516,0.15286136,-0.048918843,-0.10357925,-0.018194156,-0.06847797,-0.35651898,-0.1357364,0.04820528,0.019962171,0.27095765,-0.33535683,0.0882854,0.14342886,-0.20894027,0.25062728,-0.2417249,0.21861699,-0.08230089,-0.21399488,0.10120524
../data/train_data_mmini/10/Train_0048.jpg	10	-1.0,-1.0,1.0,1.0,1.0,1.0,1.0,-1.0,1.0,1.0,-1.0,-1.0,-1.0,1.0,-1.0,-1.0,-1.0,-1.0,-1.0,-1.0,-1.0,1.0,1.0,-1.0	-0.34843445,-0.38949287,0.094326295,0.22444378,0.016530877,0.5731965,0.020732496,-0.07457523,0.09437908,0.24084437,-0.14360116,-0.1599411,-0.08552646,0.043597605,-0.2922486,-0.02274959,-0.033045586,-0.2894705,-0.007166004,-0.3810558,-0.24495505,0.055667404,0.08004408,-0.075615995
../data/train_data_mmini/10/Train_0049.jpg	10	-1.0,-1.0,1.0,1.0,1.0,1.0,-1.0,-1.0,-1.0,-1.0,1.0,1.0,-1.0,1.0,-1.0,1.0,1.0,-1.0,1.0,-1.0,1.0,-1.0,-1.0,-1.0	-0.013515019,-0.1645085,0.0060555325,0.042884637,0.08781577,0.13228545,-0.012923535,-0.040517688,-0.0069163255,-0.18698663,0.00878053,0.024468744,-0.014165452,0.17289814,-0.27641818,0.041951727,0.07879248,-0.24529982,0.20113528,-0.13040303,0.022025548,-0.043376606,-0.13408561,-0.028137736
