../data/train_data_mmini/1/Train_0000.jpg	1	1.0,-1.0,-1.0,1.0,-1.0,1.0,1.0,-1.0	13.913762,-0.8239529,-1.7425303,9.019546,-3.6224635,9.984116,3.650177,-8.772753
../data/train_data_mmini/1/Train_0001.jpg	1	1.0,-1.0,-1.0,1.0,-1.0,1.0,1.0,-1.0	16.912746,-1.1197871,-2.178175,10.592545,-4.0387206,11.803586,4.5410748,-10.306295
../data/train_data_mmini/1/Train_0002.jpg	1	1.0,-1.0,-1.0,1.0,-1.0,1.0,1.0,-1.0	15.138156,-1.1450742,-2.3626275,10.679037,-4.393489,11.0535555,4.146635,-9.780368
../data/train_data_mmini/1/Train_0003.jpg	1	1.0,-1.0,-1.0,1.0,-1.0,1.0,1.0,-1.0	14.812548,-0.81096846,-1.8091245,9.223474,-3.4311905,10.542186,3.6435735,-9.16977
../data/train_data_mmini/1/Train_0004.jpg	1	1.0,-1.0,-1.0,1.0,-1.0,1.0,1.0,-1.0	15.352012,-0.7079109,-1.7230854,10.321797,-3.9286313,11.000035,4.459104,-9.495253
../data/train_data_mmini/2/Train_0005.jpg	2	1.0,-1.0,-1.0,1.0,-1.0,1.0,1.0,-1.0	15.993089,-1.4475712,-2.145364,9.393935,-3.872883,11.669059,3.1900666,-10.509809
../data/train_data_mmini/2/Train_0006.jpg	2	1.0,-1.0,-1.0,1.0,-1.0,1.0,1.0,-1.0	14.428481,-2.5664253,-2.864565,9.217401,-3.9485104,11.540345,1.448316,-10.844429
../data/train_data_mmini/2/Train_0007.jpg	2	1.0,-1.0,-1.0,1.0,-1.0,1.0,1.0,-1.0	12.987008,-0.22236654,-1.3111426,8.467589,-3.2970908,9.192152,3.7587636,-8.12439
../data/train_data_mmini/2/Train_0008.jpg	2	1.0,-1.0,-1.0,1.0,-1.0,1.0,1.0,-1.0	14.757748,-2.0623887,-2.476716,9.926932,-4.799206,11.359506,2.9873223,-10.651362
../data/train_data_mmini/2/Train_0009.jpg	2	1.0,-1.0,-1.0,1.0,-1.0,1.0,1.0,-1.0	16.727356,-2.0855343,-2.362846,9.556703,-3.9927268,12.1382265,3.828768,-11.475025
../data/train_data_mmini/3/Train_0010.jpg	3	1.0,-1.0,-1.0,1.0,-1.0,1.0,1.0,-1.0	12.917387,-1.8646048,-2.0722773,8.249803,-3.4903479,9.903486,3.4602604,-9.906933
../data/train_data_mmini/3/Train_0011.jpg	3	1.0,1.0,-1.0,1.0,-1.0,1.0,1.0,-1.0	17.02405,0.030870115,-1.808581,12.047712,-4.6366677,11.775466,6.202181,-9.351723
../data/train_data_mmini/3/Train_0012.jpg	3	1.0,-1.0,-1.0,1.0,-1.0,1.0,1.0,-1.0	19.26941,-0.8502329,-2.2993531,12.455573,-4.0990763,13.575923,5.558073,-10.735486
../data/train_data_mmini/3/Train_0013.jpg	3	1.0,-1.0,-1.0,1.0,-1.0,1.0,1.0,-1.0	17.706388,-3.291804,-3.5778074,11.821804,-5.080217,14.0775795,2.0853548,-13.154426
../data/train_data_mmini/3/Train_0014.jpg	3	1.0,-1.0,-1.0,1.0,-1.0,1.0,1.0,-1.0	16.81179,-1.4770644,-2.234273,10.46233,-4.4372296,12.258323,3.9120836,-10.958925
../data/train_data_mmini/4/Train_0015.jpg	4	1.0,-1.0,-1.0,1.0,-1.0,1.0,1.0,-1.0	16.588026,-1.5966324,-2.6061864,10.975736,-4.7517924,12.38215,3.7082586,-10.822402
../data/train_data_mmini/4/Train_0016.jpg	4	1.0,-1.0,-1.0,1.0,-1.0,1.0,1.0,-1.0	13.891693,-1.016772,-2.0220637,8.230578,-3.6756916,10.084051,3.0475075,-8.837942
../data/train_data_mmini/4/Train_0017.jpg	4	1.0,-1.0,-1.0,1.0,-1.0,1.0,1.0,-1.0	18.900196,-2.2394207,-3.1829815,11.75003,-4.8235755,14.065132,3.3615804,-12.476765
../data/train_data_mmini/4/Train_0018.jpg	4	1.0,-1.0,-1.0,1.0,-1.0,1.0,1.0,-1.0	12.065836,-1.2799219,-1.7681832,6.948832,-3.300923,8.881747,3.4006097,-8.411287
../data/train_data_mmini/4/Train_0019.jpg	4	1.0,-1.0,-1.0,1.0,-1.0,1.0,1.0,-1.0	17.609785,-2.8525198,-3.4627829,11.432626,-4.474643,13.850282,2.1655161,-12.469548
../data/train_data_mmini/5/Train_0020.jpg	5	1.0,-1.0,-1.0,1.0,-1.0,1.0,1.0,-1.0	16.087566,-0.7886166,-1.9474112,9.999739,-3.745,11.2826185,3.9895046,-10.227343
../data/train_data_mmini/5/Train_0021.jpg	5	1.0,-1.0,-1.0,1.0,-1.0,1.0,1.0,-1.0	19.935675,-1.8158523,-3.0235095,13.448782,-5.6661344,14.923856,4.4420233,-13.219283
../data/train_data_mmini/5/Train_0022.jpg	5	1.0,-1.0,-1.0,1.0,-1.0,1.0,1.0,-1.0	13.196509,-1.0847974,-1.7385195,8.30491,-3.3344147,9.563976,2.8382976,-8.807272
../data/train_data_mmini/5/Train_0023.jpg	5	1.0,-1.0,-1.0,1.0,-1.0,1.0,1.0,-1.0	12.783696,-0.94075924,-1.6667466,7.958198,-3.0888698,9.104345,3.400091,-8.49991
../data/train_data_mmini/5/Train_0024.jpg	5	1.0,-1.0,-1.0,1.0,-1.0,1.0,1.0,-1.0	16.358032,-0.62799513,-2.0011768,11.153204,-4.0533247,12.056305,4.750789,-10.320217
../data/train_data_mmini/6/Train_0025.jpg	6	1.0,-1.0,-1.0,1.0,-1.0,1.0,1.0,-1.0	17.443115,-1.1719582,-2.2401695,11.466807,-3.7691212,13.128771,3.5734336,-11.282631
../data/train_data_mmini/6/Train_0026.jpg	6	1.0,-1.0,-1.0,1.0,-1.0,1.0,1.0,-1.0	15.609147,-0.73496693,-1.825572,9.229415,-3.917138,10.984809,4.7357717,-9.752897
../data/train_data_mmini/6/Train_0027.jpg	6	1.0,-1.0,-1.0,1.0,-1.0,1.0,1.0,-1.0	15.561411,-0.838017,-1.6006684,9.004003,-3.6295235,10.906583,4.5460954,-9.567969
../data/train_data_mmini/6/Train_0028.jpg	6	1.0,-1.0,-1.0,1.0,-1.0,1.0,1.0,-1.0	14.62555,-0.30344245,-1.7429997,10.126356,-4.313202,10.555009,4.4539914,-9.108873
../data/train_data_mmini/6/Train_0029.jpg	6	1.0,-1.0,-1.0,1.0,-1.0,1.0,1.0,-1.0	16.344446,-2.8787577,-2.9476361,10.670643,-4.0977654,12.71001,2.791452,-12.174445
../data/train_data_mmini/7/Train_0030.jpg	7	1.0,-1.0,-1.0,1.0,-1.0,1.0,1.0,-1.0	16.857172,-1.7462238,-2.4613588,9.85102,-4.01537,12.365987,3.0769942,-10.938227
../data/train_data_mmini/7/Train_0031.jpg	7	1.0,-1.0,-1.0,1.0,-1.0,1.0,1.0,-1.0	18.76034,-2.1753829,-2.851839,11.468892,-4.8631673,14.0524235,3.5225987,-13.138216
../data/train_data_mmini/7/Train_0032.jpg	7	1.0,-1.0,-1.0,1.0,-1.0,1.0,1.0,-1.0	21.094408,-1.384482,-2.5101926,13.58467,-5.643023,15.372548,6.0096765,-13.092047
../data/train_data_mmini/7/Train_0033.jpg	7	1.0,-1.0,-1.0,1.0,-1.0,1.0,1.0,-1.0	14.635609,-0.6680681,-1.469825,8.595588,-3.1328342,10.453908,4.166405,-9.154737
../data/train_data_mmini/7/Train_0034.jpg	7	1.0,1.0,-1.0,1.0,-1.0,1.0,1.0,-1.0	17.448738,0.6482631,-1.5075988,12.587903,-4.7688174,12.3936825,7.072928,-9.996873
../data/train_data_mmini/8/Train_0035.jpg	8	1.0,-1.0,-1.0,1.0,-1.0,1.0,1.0,-1.0	15.496334,-2.0507672,-2.290191,9.682155,-4.073231,11.657245,3.0527215,-10.946635
../data/train_data_mmini/8/Train_0036.jpg	8	1.0,-1.0,-1.0,1.0,-1.0,1.0,1.0,-1.0	16.750483,-1.4361783,-2.1565633,9.970637,-3.9796176,12.404177,3.3315887,-11.142611
../data/train_data_mmini/8/Train_0037.jpg	8	1.0,-1.0,-1.0,1.0,-1.0,1.0,1.0,-1.0	19.67831,-0.89234596,-2.3499765,12.982046,-5.289668,14.087776,5.6471624,-12.319899
../data/train_data_mmini/8/Train_0038.jpg	8	1.0,-1.0,-1.0,1.0,-1.0,1.0,1.0,-1.0	17.779346,-2.052839,-2.7255566,11.253304,-4.8662267,13.269714,3.421604,-12.260017
../data/train_data_mmini/8/Train_0039.jpg	8	1.0,-1.0,-1.0,1.0,-1.0,1.0,1.0,-1.0	17.013334,-2.1184113,-2.3765945,10.599714,-4.0668178,12.547027,3.5895061,-11.6312895
../data/train_data_mmini/9/Train_0040.jpg	9	1.0,-1.0,-1.0,1.0,-1.0,1.0,1.0,-1.0	18.814758,-1.3638784,-2.4531517,12.530999,-5.076368,13.697761,4.506659,-12.008087
../data/train_data_mmini/9/Train_0041.jpg	9	1.0,-1.0,-1.0,1.0,-1.0,1.0,1.0,-1.0	16.96227,-0.8650877,-1.9723845,10.430134,-3.7340488,11.888022,4.918937,-10.5867405
../data/train_data_mmini/9/Train_0042.jpg	9	1.0,-1.0,-1.0,1.0,-1.0,1.0,1.0,-1.0	19.191315,-1.3508383,-2.8057733,13.571744,-5.5688643,14.190893,5.0194244,-12.389818
../data/train_data_mmini/9/Train_0043.jpg	9	1.0,-1.0,-1.0,1.0,-1.0,1.0,1.0,-1.0	16.921122,-2.1827166,-2.6351686,10.702201,-4.6920295,12.74824,2.7971604,-12.029511
../data/train_data_mmini/9/Train_0044.jpg	9	1.0,-1.0,-1.0,1.0,-1.0,1.0,1.0,-1.0	19.50039,-2.428147,-3.0678158,12.297952,-4.669807,14.467486,3.3761997,-13.303629
../data/train_data_mmini/10/Train_0045.jpg	10	1.0,-1.0,-1.0,1.0,-1.0,1.0,1.0,-1.0	15.054831,-1.9084351,-1.8073975,9.020434,-3.4060583,11.127998,3.4080803,-10.422526
../data/train_data_mmini/10/Train_0046.jpg	10	1.0,-1.0,-1.0,1.0,-1.0,1.0,1.0,-1.0	16.140316,-1.594814,-2.4028826,10.6698,-4.4220643,11.6524,3.7038662,-10.438265
../data/train_data_mmini/10/Train_0047.jpg	10	1.0,-1.0,-1.0,1.0,-1.0,1.0,1.0,-1.0	21.281078,-2.1654365,-2.9855065,14.075656,-5.7380548,16.08281,4.2085075,-14.674107
../data/train_data_mmini/10/Train_0048.jpg	10	1.0,-1.0,-1.0,1.0,-1.0,1.0,1.0,-1.0	18.487848,-2.3776958,-2.680256,11.416323,-4.0708423,14.004903,3.1250436,-12.493843
../data/train_data_mmini/10/Train_0049.jpg	10	1.0,-1.0,-1.0,1.0,-1.0,1.0,1.0,-1.0	17.999178,-1.9315895,-2.491186,11.855038,-4.8867917,13.428443,4.155212,-12.274083
