../data/train_data_mmini/1/Train_0000.jpg	1	1.0,1.0,1.0,1.0,1.0,1.0,-1.0,-1.0,1.0,1.0,1.0,1.0,1.0,1.0,-1.0,1.0,1.0,1.0,1.0,1.0,-1.0,1.0,1.0,1.0	0.47937298,0.7410011,1.0833709,1.5835478,0.2887656,0.43716377,-0.7842006,-2.81341,0.97642374,0.7912906,0.6937302,1.115589,0.3820948,2.0093787,-0.20044255,0.51880753,1.1087804,1.1213235,0.30490053,0.22859524,-0.5013025,1.7706509,1.7659584,0.65513855
../data/train_data_mmini/1/Train_0001.jpg	1	-1.0,1.0,1.0,1.0,1.0,1.0,-1.0,-1.0,1.0,1.0,1.0,1.0,-1.0,1.0,-1.0,1.0,1.0,1.0,-1.0,1.0,-1.0,1.0,1.0,-1.0	-0.3215404,0.5596568,0.62769544,1.1216372,0.8731358,0.5109525,-1.4522046,-1.8757564,1.4043205,0.26865166,0.2980581,0.7472379,-0.14902723,1.1052301,-0.45098892,0.26777184,1.1319001,0.68814343,-0.23289467,0.37040332,-0.7541932,1.481031,1.2022243,-0.0210024
../data/train_data_mmini/1/Train_0002.jpg	1	-1.0,1.0,1.0,1.0,1.0,1.0,-1.0,-1.0,1.0,1.0,-1.0,1.0,1.0,1.0,-1.0,-1.0,1.0,-1.0,-1.0,1.0,-1.0,-1.0,1.0,-1.0	-0.04624869,0.47872755,0.6669012,0.90039456,1.6372942,0.027834393,-1.7939583,-2.028355,0.7995986,0.16864952,-0.53589237,0.612741,0.65224516,1.2664052,-0.34537262,-0.20221582,0.57441825,-0.65342885,-0.5019328,0.99735636,-0.6250552,-0.024589047,0.27301523,-0.41195744
../data/train_data_mmini/1/Train_0003.jpg	1	1.0,1.0,1.0,1.0,-1.0,1.0,-1.0,-1.0,1.0,1.0,1.0,1.0,-1.0,1.0,1.0,1.0,1.0,1.0,1.0,-1.0,-1.0,1.0,1.0,1.0	0.41994053,0.65749454,0.8320926,1.5999767,-0.1089747,0.78265643,-0.43492937,-2.5022128,1.0274696,0.75646347,1.0843751,1.4211783,-0.0040760334,1.9225743,0.0043060244,0.9836309,1.2845354,1.6705102,0.4902423,-0.2560638,-0.5049316,2.497397,2.000529,0.95508474
../data/train_data_mmini/1/Train_0004.jpg	1	1.0,1.0,1.0,1.0,1.0,1.0,-1.0,-1.0,1.0,1.0,1.0,1.0,1.0,1.0,-1.0,1.0,1.0,1.0,1.0,1.0,-1.0,1.0,1.0,1.0	0.6964158,0.8158369,1.0078286,1.4679025,0.19115943,0.317775,-0.71176136,-2.9972498,1.2310979,1.0639496,1.1211733,0.9898894,0.55942607,2.1491735,-0.2018804,0.5957744,1.0641649,1.2245171,0.26920408,0.27389103,-0.5991869,1.598578,1.9169465,0.871049
../data/train_data_mmini/2/Train_0005.jpg	2	1.0,1.0,1.0,1.0,1.0,-1.0,-1.0,-1.0,1.0,1.0,1.0,1.0,1.0,1.0,-1.0,1.0,1.0,-1.0,-1.0,1.0,-1.0,-1.0,1.0,1.0	0.23545474,0.3645637,0.13859583,0.88149023,0.88206977,-0.14092244,-0.8647293,-0.7372353,1.1230285,0.14927712,0.5564636,0.5496749,0.36344194,0.88482636,-0.3938855,0.06306511,0.18936315,-0.46163452,-0.6956149,0.84445816,-0.3734195,-0.23570637,0.4382366,0.24415524
../data/train_data_mmini/2/Train_0006.jpg	2	1.0,-1.0,1.0,1.0,1.0,-1.0,-1.0,-1.0,1.0,1.0,1.0,1.0,1.0,1.0,-1.0,1.0,1.0,1.0,1.0,1.0,-1.0,1.0,1.0,1.0	0.21442592,-0.037171505,0.37648767,1.1791011,0.6948253,-0.034762047,-0.17006528,-0.6552737,0.27934754,0.3967928,0.99331206,0.27248344,0.18159026,1.0900148,-0.3396291,0.70760655,0.28551814,0.20054045,0.3573062,0.70498466,-0.75217354,0.4306939,1.207796,0.28516304
../data/train_data_mmini/2/Train_0007.jpg	2	1.0,1.0,1.0,1.0,-1.0,1.0,-1.0,-1.0,1.0,1.0,1.0,1.0,1.0,1.0,-1.0,1.0,1.0,1.0,1.0,-1.0,-1.0,1.0,1.0,1.0	0.8550279,0.8400805,0.9142156,1.8394814,-0.23100132,0.5517082,-0.42880136,-2.9199114,1.1954534,0.8849718,1.0643191,1.8001924,0.36529678,2.2991652,-0.08835211,0.73999083,1.335442,1.9559839,0.22208188,-0.2500265,-0.2936722,2.5675964,2.4639595,1.1450435
../data/train_data_mmini/2/Train_0008.jpg	2	1.0,1.0,1.0,1.0,1.0,-1.0,-1.0,-1.0,1.0,1.0,1.0,1.0,1.0,1.0,-1.0,-1.0,1.0,1.0,-1.0,1.0,-1.0,1.0,1.0,1.0	0.61492693,0.8715979,0.68381953,1.5211283,0.8361895,-0.43562016,-0.84633297,-2.1366355,0.95246077,1.0779229,0.5639945,0.6946919,0.9708432,2.0727837,-0.5972104,-0.2771083,0.43747982,0.032080065,-0.26110786,0.80185455,-0.6583655,0.13311647,1.5207793,0.58506066
../data/train_data_mmini/2/Train_0009.jpg	2	1.0,1.0,1.0,1.0,1.0,1.0,-1.0,-1.0,1.0,1.0,1.0,1.0,1.0,1.0,-1.0,1.0,1.0,1.0,-1.0,1.0,-1.0,1.0,1.0,1.0	0.4212898,0.55278075,0.3653363,1.4248792,0.39174938,0.15260059,-0.5841496,-1.2612278,0.85156834,0.3708505,0.90936136,0.95949394,0.22589314,1.6350797,-0.37500298,0.34230924,0.568064,0.705479,-0.16981973,0.39821634,-0.43901837,1.415296,1.1933302,0.57509166
../data/train_data_mmini/3/Train_0010.jpg	3	-1.0,1.0,-1.0,1.0,1.0,-1.0,-1.0,-1.0,1.0,1.0,1.0,1.0,-1.0,1.0,-1.0,1.0,1.0,1.0,-1.0,1.0,-1.0,1.0,1.0,-1.0	-0.17559601,0.26572567,-0.31583953,0.8737457,0.69810224,-0.017226644,-1.23785,-0.3791801,1.1282239,0.13702932,0.5694706,0.47166777,-0.24742275,0.85328025,-0.02281248,0.62075937,0.18760315,0.16737366,-0.5723987,0.50530034,-0.82969064,0.72255373,0.90419936,-0.15620147
../data/train_data_mmini/3/Train_0011.jpg	3	-1.0,1.0,1.0,1.0,1.0,-1.0,-1.0,-1.0,1.0,1.0,-1.0,-1.0,1.0,1.0,-1.0,-1.0,1.0,-1.0,-1.0,1.0,-1.0,-1.0,-1.0,-1.0	-0.3134042,0.5777981,0.11969418,0.1679171,1.9630421,-0.3760353,-2.228822,-1.9337369,1.1574486,0.63612014,-0.44043145,-0.2058017,0.38027796,0.6521825,-0.1457597,-0.16025357,0.2021732,-1.259869,-0.25882995,1.3580035,-0.9675307,-1.1694442,-0.39843944,-0.88072217
../data/train_data_mmini/3/Train_0012.jpg	3	1.0,1.0,1.0,1.0,1.0,1.0,-1.0,-1.0,1.0,1.0,1.0,-1.0,1.0,1.0,-1.0,-1.0,1.0,-1.0,-1.0,1.0,-1.0,-1.0,1.0,-1.0	0.03515038,0.47356406,0.33638924,0.37462255,1.249222,0.06258454,-1.2045915,-1.0064952,0.9522182,0.4942075,0.55590266,-0.050092462,0.25118357,0.60197884,-0.37969637,-0.27386996,0.58758813,-0.77726036,-0.3743766,0.83850706,-0.51969814,-0.3781911,0.009887372,-0.096510455
../data/train_data_mmini/3/Train_0013.jpg	3	1.0,-1.0,1.0,1.0,1.0,-1.0,-1.0,1.0,1.0,1.0,1.0,-1.0,1.0,1.0,-1.0,-1.0,-1.0,-1.0,-1.0,1.0,-1.0,-1.0,1.0,-1.0	0.39006257,-0.03418695,0.019542407,0.9168126,1.194128,-0.34783196,-0.6005379,0.07814496,0.31976378,0.24607834,0.6310044,-0.026933823,0.50051796,0.9652844,-0.5517032,-0.03309688,-0.04282504,-0.8039634,-0.11459942,1.188615,-0.9366041,-0.439984,0.7778059,-0.12312065
../data/train_data_mmini/3/Train_0014.jpg	3	1.0,1.0,1.0,1.0,1.0,-1.0,-1.0,-1.0,1.0,1.0,1.0,1.0,1.0,1.0,-1.0,1.0,1.0,1.0,-1.0,1.0,-1.0,-1.0,1.0,1.0	0.5195004,0.44884545,0.3762659,1.3183805,1.163627,-0.2959019,-1.0221723,-1.41193,0.96271217,0.64120394,0.7249562,0.46908596,0.52650666,1.273222,-0.44467673,0.20255524,0.13893145,0.0027344278,-0.4357885,0.851339,-0.6021677,-0.049083143,1.0776107,0.22989185
../data/train_data_mmini/4/Train_0015.jpg	4	1.0,1.0,1.0,1.0,1.0,-1.0,-1.0,-1.0,1.0,1.0,1.0,1.0,1.0,1.0,-1.0,-1.0,1.0,-1.0,-1.0,1.0,-1.0,1.0,1.0,1.0	0.65942514,0.81643045,0.87596893,1.4640952,0.90675104,-0.11409394,-1.0248767,-2.1828077,0.86338496,0.59330064,0.46661463,0.74245095,1.0589666,1.9806023,-0.51623106,-0.38399583,0.63647264,-0.26789087,-0.15967454,0.960526,-0.41717088,0.23395194,1.0250415,0.3818575
../data/train_data_mmini/4/Train_0016.jpg	4	-1.0,1.0,1.0,1.0,1.0,1.0,-1.0,-1.0,1.0,-1.0,-1.0,1.0,-1.0,1.0,-1.0,1.0,1.0,-1.0,-1.0,1.0,-1.0,1.0,1.0,-1.0	-0.48146918,0.28888,0.22604333,0.73467386,1.3466241,0.2466568,-1.5843843,-0.85287106,0.6832549,-0.45866588,-0.5263136,1.0125299,-0.06850308,0.54585886,-0.2919431,0.011702927,0.639473,-0.3963585,-0.9737997,0.45946267,-0.36110982,0.70939803,0.09450207,-0.07306664
../data/train_data_mmini/4/Train_0017.jpg	4	-1.0,-1.0,-1.0,1.0,1.0,-1.0,-1.0,1.0,1.0,-1.0,1.0,1.0,1.0,1.0,-1.0,1.0,1.0,-1.0,-1.0,1.0,-1.0,-1.0,-1.0,-1.0	-0.31348613,-0.018833749,-0.03207848,0.26247895,1.5692238,-0.010765635,-1.1082101,0.03252947,0.2508828,-0.3012961,0.084284864,0.15342036,0.04804197,0.26362294,-0.043038838,0.06754331,0.21964985,-1.1840147,-0.21282549,0.8710999,-0.5453743,-0.54554486,-0.2672824,-0.68029016
../data/train_data_mmini/4/Train_0018.jpg	4	1.0,1.0,1.0,1.0,1.0,-1.0,-1.0,-1.0,1.0,-1.0,1.0,1.0,1.0,1.0,-1.0,1.0,1.0,-1.0,-1.0,1.0,-1.0,-1.0,1.0,1.0	0.21561408,0.7514843,0.49603084,1.1448419,1.0082759,-0.10190972,-1.3998172,-1.5962117,1.3941044,-0.16761184,0.067426644,0.7023502,0.35050845,0.88112915,-0.55337185,0.13632125,0.3697501,-0.15785928,-1.0227926,0.8034457,-0.34669492,-0.11105366,0.7318618,0.06298925
../data/train_data_mmini/4/Train_0019.jpg	4	1.0,-1.0,-1.0,1.0,1.0,-1.0,-1.0,1.0,1.0,1.0,1.0,1.0,1.0,1.0,1.0,1.0,1.0,-1.0,-1.0,1.0,-1.0,1.0,1.0,1.0	0.48940158,-0.09872342,-0.16615245,0.7538408,0.731028,-0.055876307,-0.06867131,0.097702675,0.41401207,0.7425994,1.5180827,0.47885042,0.3893323,0.86765426,0.000714159,0.6989909,0.21116963,-0.0034116232,-0.06798203,0.63091546,-0.65502,0.1934958,1.0351166,0.52553654
../data/train_data_mmini/5/Train_0020.jpg	5	1.0,1.0,1.0,1.0,-1.0,1.0,-1.0,-1.0,1.0,1.0,1.0,1.0,1.0,1.0,-1.0,1.0,1.0,1.0,1.0,-1.0,-1.0,1.0,1.0,1.0	0.68230367,0.74716276,0.91297114,1.8005341,-0.024605693,0.646052,-0.522561,-2.602883,1.2871443,0.8193316,1.1549673,1.886219,0.21764153,2.0068495,-0.24237138,0.7843185,1.4463773,1.9287732,0.030965554,-0.2675856,-0.24991564,2.6461112,2.4294937,1.1059395
../data/train_data_mmini/5/Train_0021.jpg	5	1.0,1.0,1.0,1.0,1.0,-1.0,-1.0,-1.0,1.0,1.0,1.0,1.0,1.0,1.0,-1.0,1.0,1.0,1.0,1.0,1.0,-1.0,1.0,1.0,1.0	0.79444295,0.70987153,1.0880685,1.8658699,0.6335488,-0.061680548,-0.61560524,-2.6269152,0.73940265,0.99453133,1.0906354,0.5479286,0.9503974,2.3018413,-0.56576604,0.37294677,0.69629675,0.4252714,0.36498606,0.7558342,-0.9104377,0.7736546,1.6226306,0.73850054
../data/train_data_mmini/5/Train_0022.jpg	5	1.0,1.0,1.0,1.0,-1.0,1.0,-1.0,-1.0,1.0,1.0,1.0,1.0,1.0,1.0,-1.0,1.0,1.0,1.0,1.0,-1.0,-1.0,1.0,1.0,1.0	0.9321638,0.83519465,0.783355,1.7971145,-0.07676327,0.26314163,-0.13441117,-2.3198922,1.194874,1.0003992,1.3244197,1.4427303,0.5890425,2.216243,-0.30179554,0.56409526,1.0059322,1.5673423,0.23391496,-0.03299316,-0.28960934,1.9254555,2.322268,1.2042547
../data/train_data_mmini/5/Train_0023.jpg	5	1.0,1.0,1.0,1.0,-1.0,1.0,-1.0,-1.0,1.0,1.0,1.0,1.0,1.0,1.0,-1.0,1.0,1.0,1.0,1.0,-1.0,-1.0,1.0,1.0,1.0	0.95835286,0.9097996,0.9805542,1.8915651,-0.29195327,0.6144384,-0.25462812,-2.8704488,1.131229,0.87065154,1.188105,1.87879,0.39671382,2.3112566,-0.15686607,0.81215703,1.4724691,2.121646,0.3013395,-0.3645856,-0.31332546,2.7115324,2.4454424,1.3066164
../data/train_data_mmini/5/Train_0024.jpg	5	1.0,1.0,1.0,1.0,1.0,1.0,-1.0,-1.0,1.0,1.0,1.0,1.0,1.0,1.0,-1.0,1.0,1.0,1.0,1.0,1.0,-1.0,1.0,1.0,1.0	0.5575894,0.6316844,0.66923594,1.4452497,0.27419925,0.33953056,-0.7559507,-2.116274,0.9716519,0.74673814,1.0243634,0.91408443,0.4852373,1.846674,-0.294958,0.58154464,0.8574582,0.72808963,0.1479473,0.32166442,-0.5623039,1.4419652,1.5102675,0.6358308
../data/train_data_mmini/6/Train_0025.jpg	6	-1.0,-1.0,-1.0,1.0,1.0,1.0,-1.0,1.0,1.0,-1.0,1.0,1.0,-1.0,-1.0,1.0,1.0,-1.0,-1.0,-1.0,1.0,-1.0,1.0,-1.0,-1.0	-0.26826587,-0.9462264,-1.0690557,0.13930842,0.6877798,0.67543423,-0.5245768,1.6425925,0.30756956,-0.39528486,0.9267712,0.58843356,-0.70225835,-0.08791223,0.6810186,1.2321587,-0.08807544,-0.5548762,-0.29636538,0.38982695,-0.65091634,0.46211502,-0.17906716,-0.18824463
../data/train_data_mmini/6/Train_0026.jpg	6	-1.0,1.0,1.0,1.0,1.0,1.0,-1.0,-1.0,1.0,-1.0,1.0,1.0,-1.0,1.0,-1.0,1.0,1.0,1.0,-1.0,1.0,-1.0,1.0,1.0,-1.0	-0.7474775,0.3869074,0.5973184,0.9270221,0.56704605,0.849037,-1.6965009,-1.8362724,1.5312574,-0.17931235,0.08764737,0.656479,-0.54829717,0.81160265,-0.40378642,0.91965,1.362711,0.97242206,-0.19751461,0.24949096,-0.79231495,1.8416513,0.92401874,-0.35742342
../data/train_data_mmini/6/Train_0027.jpg	6	-1.0,-1.0,-1.0,1.0,1.0,1.0,-1.0,1.0,1.0,-1.0,1.0,1.0,-1.0,-1.0,1.0,1.0,1.0,-1.0,-1.0,1.0,-1.0,1.0,-1.0,-1.0	-0.37717038,-0.051869906,-0.7046516,0.2752255,1.0792739,0.030206643,-1.6071365,0.26833302,0.9994284,-0.19397601,0.12274816,0.3236789,-0.52184176,-0.19217092,0.123444535,0.33962736,0.08222545,-0.62387604,-0.9119441,0.6021324,-0.65571296,0.2278832,-0.13746074,-0.4326148
../data/train_data_mmini/6/Train_0028.jpg	6	1.0,1.0,1.0,1.0,1.0,-1.0,-1.0,-1.0,1.0,1.0,1.0,1.0,1.0,1.0,-1.0,1.0,1.0,1.0,-1.0,1.0,-1.0,1.0,1.0,-1.0	0.20730668,0.7350387,0.7917239,1.4587197,1.3656641,-0.04494652,-1.7597425,-2.7026725,1.164387,0.7093677,0.10003274,0.5967432,0.6919907,1.6862152,-0.65424573,0.30245587,0.6205431,0.2257846,-0.13779987,0.87115246,-0.79065716,0.244,1.0562899,-0.10308026
../data/train_data_mmini/6/Train_0029.jpg	6	1.0,-1.0,-1.0,1.0,1.0,1.0,-1.0,1.0,-1.0,-1.0,1.0,1.0,1.0,1.0,1.0,1.0,-1.0,-1.0,-1.0,1.0,-1.0,1.0,1.0,1.0	0.2054141,-0.31206006,-0.6893045,0.54464585,0.6581203,0.21146384,-0.4065709,1.038359,-0.06567942,-0.086987406,0.9911244,0.68547297,0.04271236,0.9416241,0.2507594,0.21351981,-0.07888531,-0.8365335,-0.4786504,0.7411655,-0.6821314,0.29443878,0.15477356,0.26576698
../data/train_data_mmini/7/Train_0030.jpg	7	1.0,1.0,1.0,1.0,1.0,1.0,-1.0,-1.0,1.0,1.0,1.0,1.0,1.0,1.0,-1.0,1.0,1.0,1.0,-1.0,1.0,-1.0,1.0,1.0,1.0	0.3283625,0.4943335,0.62878406,1.3785871,0.4431158,0.15951233,-0.43362108,-1.3988923,0.78632593,0.5072641,0.99003416,1.0250931,0.35950842,1.6112922,-0.47990546,0.44549912,0.71088666,0.690927,-0.034810614,0.34827328,-0.28531307,1.3105067,1.339568,0.6664112
../data/train_data_mmini/7/Train_0031.jpg	7	1.0,1.0,1.0,1.0,1.0,1.0,-1.0,-1.0,1.0,-1.0,1.0,1.0,1.0,1.0,-1.0,1.0,1.0,-1.0,-1.0,1.0,-1.0,1.0,1.0,1.0	0.20165718,0.2394381,0.19679736,1.2321366,0.7596782,0.022790171,-0.7674327,-0.30635548,0.62305665,-0.009870114,0.71419066,0.70041555,0.15708604,1.1763033,-0.5385541,0.43557402,0.32350814,-0.0015212619,-0.4519704,0.60024995,-0.48097634,0.5787717,1.1274542,0.20241947
../data/train_data_mmini/7/Train_0032.jpg	7	1.0,1.0,-1.0,1.0,1.0,-1.0,-1.0,-1.0,1.0,1.0,1.0,-1.0,1.0,1.0,-1.0,-1.0,-1.0,-1.0,-1.0,1.0,-1.0,-1.0,-1.0,-1.0	0.11553738,0.26308754,-0.2717885,0.24524257,1.7270354,-0.6835157,-1.867319,-0.4436897,0.8290113,0.4075811,0.052091293,-0.37367988,0.52857935,0.27592406,-0.44467095,-0.18079142,-0.2507335,-1.7227644,-0.62923026,1.393478,-0.9527448,-1.6601804,-0.42352232,-0.6360158
../data/train_data_mmini/7/Train_0033.jpg	7	-1.0,1.0,-1.0,1.0,1.0,1.0,-1.0,-1.0,1.0,1.0,1.0,1.0,-1.0,1.0,-1.0,1.0,1.0,1.0,-1.0,1.0,-1.0,1.0,1.0,1.0	-0.3254042,0.2657923,-0.14457363,0.92640877,0.49064314,0.5360707,-1.0977362,-0.86761045,1.0715266,0.14321402,0.55433685,0.953479,-0.4701418,0.7488875,-0.14151609,0.8100951,0.6288729,0.5634262,-0.37806267,0.15622778,-0.4340337,1.4537907,0.8799864,0.15909065
../data/train_data_mmini/7/Train_0034.jpg	7	-1.0,1.0,-1.0,1.0,1.0,-1.0,-1.0,-1.0,1.0,1.0,1.0,-1.0,-1.0,1.0,1.0,1.0,1.0,-1.0,-1.0,1.0,-1.0,-1.0,1.0,-1.0	-0.3538497,0.02887135,-0.45979646,0.30755517,1.3281649,-0.27402663,-1.9324777,-0.9354822,1.0388061,0.64710253,0.3538305,-0.3218076,-0.066711366,0.29352903,0.05483637,0.69526196,0.02769365,-0.63566333,-0.37256575,0.878725,-1.2624396,-0.52651864,0.2623994,-0.66811585
../data/train_data_mmini/8/Train_0035.jpg	8	1.0,1.0,1.0,1.0,1.0,-1.0,-1.0,-1.0,1.0,1.0,1.0,1.0,1.0,1.0,-1.0,-1.0,1.0,-1.0,-1.0,1.0,-1.0,1.0,1.0,1.0	0.7556197,0.6603885,0.31603009,1.4175369,0.76917857,-0.4044307,-0.4841502,-1.0616881,0.732236,0.6422301,1.0054481,0.4960171,0.8639383,1.8460728,-0.56147873,-0.07605624,0.110057704,-0.15433982,-0.07736583,1.0103004,-0.65744597,0.1344608,0.9771946,0.4842384
../data/train_data_mmini/8/Train_0036.jpg	8	1.0,1.0,-1.0,1.0,1.0,-1.0,-1.0,-1.0,1.0,-1.0,1.0,1.0,1.0,1.0,-1.0,1.0,1.0,-1.0,-1.0,1.0,-1.0,1.0,1.0,1.0	0.22114109,0.19286962,-0.050910804,1.0921068,0.9452848,-0.018509097,-0.98455477,-0.35661882,0.9366305,-0.15509406,0.52719444,0.86251056,0.30177057,1.0177484,-0.42330444,0.18211097,0.11431331,-0.33484843,-0.6549129,0.80795646,-0.33822244,0.22042602,0.5691985,0.022766065
../data/train_data_mmini/8/Train_0037.jpg	8	-1.0,1.0,-1.0,1.0,1.0,1.0,-1.0,-1.0,1.0,-1.0,-1.0,1.0,-1.0,1.0,-1.0,1.0,1.0,-1.0,-1.0,1.0,-1.0,1.0,1.0,-1.0	-0.6500487,0.18010044,-0.0594278,0.63328314,1.286926,0.11028815,-1.960857,-0.99546456,0.9723071,-0.1681723,-0.21811782,0.13783024,-0.16658086,0.54960704,-0.22960001,0.3624882,0.3799112,-0.680259,-0.34663004,0.8341611,-0.8084667,0.13087046,0.058952127,-0.77578235
../data/train_data_mmini/8/Train_0038.jpg	8	1.0,1.0,1.0,1.0,1.0,-1.0,-1.0,-1.0,1.0,1.0,1.0,1.0,1.0,1.0,-1.0,-1.0,1.0,-1.0,-1.0,1.0,-1.0,1.0,1.0,1.0	0.4522827,0.4876361,0.07978627,1.219331,0.86273086,-0.23562454,-0.7614907,-0.5089476,0.561008,0.4084497,0.71594256,0.68130004,0.58451074,1.5481318,-0.5235256,-0.16788413,0.31828535,-0.27958345,-0.33866382,0.73699504,-0.6711602,0.4689576,0.9786397,0.33315212
../data/train_data_mmini/8/Train_0039.jpg	8	1.0,1.0,-1.0,1.0,1.0,-1.0,-1.0,-1.0,1.0,1.0,1.0,1.0,1.0,1.0,-1.0,-1.0,-1.0,-1.0,-1.0,1.0,-1.0,-1.0,1.0,1.0	0.47664624,0.26016176,-0.11759153,0.880181,0.9855842,-0.33223712,-0.626483,-0.32532617,0.64977264,0.4337815,0.85644585,0.15489323,0.6933192,1.2849926,-0.31356514,-0.17792988,-0.09652406,-0.95299166,-0.22489251,1.1788546,-0.7105701,-0.5161719,0.33112928,0.021263074
../data/train_data_mmini/9/Train_0040.jpg	9	1.0,1.0,1.0,1.0,1.0,1.0,-1.0,-1.0,1.0,1.0,1.0,1.0,1.0,1.0,-1.0,1.0,1.0,1.0,1.0,1.0,-1.0,1.0,1.0,1.0	0.638264,0.7729144,0.8727955,1.6236796,0.41694638,0.035718434,-0.7290056,-2.6725318,0.9961597,0.97197795,1.0184422,0.94014186,0.62596697,2.2794147,-0.28314817,0.32977137,0.8217231,0.70595783,0.17278771,0.45032617,-0.6441927,1.2470621,1.7494535,0.7771215
../data/train_data_mmini/9/Train_0041.jpg	9	-1.0,1.0,-1.0,1.0,1.0,1.0,-1.0,-1.0,1.0,1.0,1.0,1.0,-1.0,1.0,-1.0,1.0,1.0,1.0,-1.0,1.0,-1.0,1.0,1.0,-1.0	-0.20689943,0.23144561,-0.19273353,0.70196867,0.95867133,0.088093065,-1.3710499,-0.56476676,1.4630783,0.25825652,0.49988532,0.5706778,-0.3240534,0.11525971,-0.27597728,0.56838393,0.50352466,0.090052605,-1.0246853,0.49389985,-0.42932153,0.4387815,0.8634329,-0.13484709
../data/train_data_mmini/9/Train_0042.jpg	9	1.0,1.0,1.0,1.0,1.0,1.0,-1.0,-1.0,1.0,1.0,1.0,1.0,1.0,1.0,-1.0,1.0,1.0,-1.0,-1.0,1.0,-1.0,1.0,1.0,1.0	0.17015961,0.6568123,0.5944412,1.3281872,1.0810583,0.059539042,-1.4215868,-2.2414968,0.96808326,0.50119454,0.3562942,0.6684751,0.63129824,1.794406,-0.35630345,0.022280829,0.71434,-0.34241945,-0.20503892,0.9388116,-0.81426656,0.46653003,1.0555918,0.12448235
../data/train_data_mmini/9/Train_0043.jpg	9	1.0,1.0,1.0,1.0,1.0,1.0,-1.0,-1.0,1.0,1.0,1.0,1.0,1.0,1.0,-1.0,1.0,1.0,1.0,1.0,1.0,-1.0,1.0,1.0,1.0	0.79943866,0.70119774,0.78503615,1.937899,0.5061526,0.008432469,-0.3164602,-2.0407207,0.89630246,0.6655969,0.9809467,1.1172252,0.804718,2.1251175,-0.53575337,0.18273813,0.52463907,0.6403093,0.16090392,0.7542584,-0.41108173,1.0139503,1.7080349,0.8265111
../data/train_data_mmini/9/Train_0044.jpg	9	1.0,1.0,-1.0,1.0,1.0,1.0,-1.0,-1.0,1.0,1.0,1.0,1.0,1.0,1.0,-1.0,-1.0,1.0,-1.0,-1.0,1.0,-1.0,1.0,1.0,1.0	0.17395508,0.10891465,-0.09548837,0.84737444,0.86709875,0.22031488,-0.50925434,-0.10831339,0.22951402,0.34712645,0.76718587,0.5721919,0.29529792,1.2506527,-0.100371055,-0.079371065,0.22764298,-0.75891316,-0.029500438,0.8223086,-0.6662369,0.36333564,0.40224892,0.3213756
../data/train_data_mmini/10/Train_0045.jpg	10	1.0,-1.0,-1.0,-1.0,1.0,-1.0,-1.0,1.0,1.0,1.0,1.0,-1.0,1.0,-1.0,-1.0,-1.0,-1.0,-1.0,-1.0,1.0,-1.0,-1.0,-1.0,-1.0	0.24201879,-0.42886952,-1.0421026,-0.0112642925,1.0523785,-0.6093805,-1.1417378,1.4274882,0.4966641,0.12475413,0.44916978,-0.48379925,0.34641343,-0.11574319,-0.16803199,-0.15874988,-0.79681826,-2.0723102,-0.71623963,1.2002065,-0.6374966,-1.738224,-0.5126749,-0.44088495
../data/train_data_mmini/10/Train_0046.jpg	10	-1.0,-1.0,-1.0,-1.0,1.0,1.0,-1.0,1.0,1.0,-1.0,-1.0,-1.0,-1.0,1.0,1.0,-1.0,-1.0,-1.0,-1.0,1.0,-1.0,-1.0,-1.0,-1.0	-0.5122265,-0.26470143,-0.78111804,-0.18462886,1.4116038,0.16592412,-1.3701296,0.41005945,0.18243457,-0.22796625,-0.67518646,-0.32705587,-0.05771503,0.051120937,0.26507992,-0.4241442,-0.35472432,-2.2677011,-0.19160752,1.1202213,-0.9936569,-0.87883246,-1.297567,-0.7234773
../data/train_data_mmini/10/Train_0047.jpg	10	1.0,-1.0,-1.0,1.0,1.0,-1.0,-1.0,1.0,1.0,1.0,1.0,-1.0,1.0,1.0,-1.0,-1.0,-1.0,-1.0,-1.0,1.0,-1.0,-1.0,1.0,-1.0	0.38612702,-0.15617937,-0.2839733,0.55176353,1.3780082,-0.6646277,-1.0704399,0.024528796,0.41312194,0.30775142,0.63528436,-0.26592547,0.72693866,0.96230334,-0.38195896,-0.033335775,-0.50856096,-1.5203195,-0.24952103,1.4319558,-1.0360914,-1.4689643,0.024837885,-0.2847466
../data/train_data_mmini/10/Train_0048.jpg	10	1.0,-1.0,-1.0,-1.0,1.0,-1.0,-1.0,1.0,1.0,1.0,1.0,1.0,1.0,1.0,1.0,-1.0,-1.0,-1.0,-1.0,1.0,-1.0,-1.0,-1.0,1.0	0.7839893,-0.27104577,-1.2896496,-2.0725944e-05,0.78771704,-0.45315558,-0.15836054,1.877303,0.0810386,0.5538022,1.4323206,0.030753832,0.6063026,0.64002246,0.208791,-0.37293568,-0.6002453,-1.7697126,-0.7259636,1.1756362,-0.65088105,-1.1446186,-0.29969814,0.3377027
../data/train_data_mmini/10/Train_0049.jpg	10	1.0,1.0,-1.0,1.0,1.0,-1.0,-1.0,-1.0,1.0,1.0,1.0,1.0,1.0,1.0,-1.0,-1.0,-1.0,-1.0,-1.0,1.0,-1.0,-1.0,1.0,-1.0	0.39822423,0.32557064,-0.026322339,0.73981845,1.1170474,-0.45412412,-0.9356861,-0.51681936,0.5063802,0.44189596,0.5333453,0.047292512,0.58141494,1.3949202,-0.36594215,-0.19663468,-0.055312965,-0.8815387,-0.09770639,1.1156182,-0.8920127,-0.3553476,0.20983371,-0.15716247
