../data/train_data_mmini/1/Train_0000.jpg	1	-1.0,1.0,1.0,-1.0,-1.0,1.0,-1.0,1.0,-1.0,1.0,1.0,1.0,1.0,-1.0,1.0,1.0,-1.0,1.0,1.0,1.0,-1.0,1.0,-1.0,-1.0	-6.0117574,5.1437826,0.5641343,-10.625222,-1.7508378,7.648034,-2.1175904,2.4933453,-0.5199528,0.20717101,1.9003257,0.025968865,5.599986,-2.9181874,0.37875968,3.464539,-2.1652052,1.5874082,0.68144053,1.7821937,-0.6452876,0.5298257,-3.3447547,-0.3230939
../data/train_data_mmini/1/Train_0001.jpg	1	-1.0,1.0,1.0,-1.0,-1.0,1.0,-1.0,1.0,-1.0,1.0,1.0,1.0,1.0,-1.0,1.0,1.0,-1.0,1.0,1.0,1.0,-1.0,1.0,-1.0,-1.0	-6.630208,5.51121,0.6815453,-12.09288,-1.8460097,8.244442,-2.4380536,2.840581,-0.8741972,0.080587514,2.0472038,0.092213854,6.5117064,-3.3620648,0.6720716,4.213905,-2.481095,1.8253028,0.8867809,1.9327089,-0.7879584,0.5073489,-3.457711,-0.30843785
../data/train_data_mmini/1/Train_0002.jpg	1	-1.0,1.0,1.0,-1.0,-1.0,1.0,-1.0,1.0,-1.0,1.0,1.0,-1.0,1.0,-1.0,1.0,1.0,-1.0,1.0,1.0,1.0,-1.0,1.0,-1.0,-1.0	-5.8264637,4.810969,0.29142317,-10.331352,-1.4243082,7.3467546,-2.2135916,1.9579005,-0.713694,0.4995463,1.8426307,-0.18079054,5.1143703,-2.6388552,0.6196274,3.2699642,-2.1356843,1.3301585,0.8724904,1.8807613,-0.42699733,0.058510408,-3.188762,-0.17330259
../data/train_data_mmini/1/Train_0003.jpg	1	-1.0,1.0,1.0,-1.0,-1.0,1.0,-1.0,1.0,-1.0,1.0,1.0,-1.0,1.0,-1.0,1.0,1.0,-1.0,1.0,1.0,1.0,-1.0,1.0,-1.0,-1.0	-6.2248034,5.6739035,0.73912734,-11.067981,-2.1507204,8.141019,-2.239428,2.9310622,-0.6483605,0.27233547,1.964816,-0.14204147,5.9042826,-3.0877638,0.11924988,3.6978526,-2.0261211,1.5217204,0.8802789,1.8379638,-0.6866791,0.53308505,-3.300998,-0.39175996
../data/train_data_mmini/1/Train_0004.jpg	1	-1.0,1.0,1.0,-1.0,-1.0,1.0,-1.0,1.0,-1.0,1.0,1.0,1.0,1.0,-1.0,1.0,1.0,-1.0,1.0,1.0,1.0,-1.0,1.0,-1.0,-1.0	-6.7377477,5.9901214,0.767849,-11.29116,-2.0333343,8.375253,-2.3158987,3.0780523,-0.7252847,0.56929594,2.1038396,0.12907688,5.7629786,-3.0018408,0.18563382,3.638843,-2.1683114,1.5149554,0.9055591,1.881224,-0.5817466,0.5671717,-3.6795702,-0.3467581
../data/train_data_mmini/2/Train_0005.jpg	2	-1.0,1.0,1.0,-1.0,-1.0,1.0,-1.0,1.0,-1.0,1.0,1.0,1.0,1.0,-1.0,1.0,1.0,-1.0,1.0,1.0,1.0,-1.0,1.0,-1.0,-1.0	-6.825585,5.6440835,0.74908257,-11.620704,-2.0387897,8.348389,-2.127148,2.7947176,-0.75189656,0.70524585,2.3123682,0.11827727,5.9440484,-2.777401,0.457643,3.779594,-2.2819185,1.6314555,0.86623734,1.824899,-0.63986635,0.55719936,-3.6745174,-0.34790823
../data/train_data_mmini/2/Train_0006.jpg	2	-1.0,1.0,1.0,-1.0,-1.0,1.0,-1.0,1.0,-1.0,1.0,1.0,1.0,1.0,-1.0,1.0,1.0,-1.0,1.0,1.0,1.0,-1.0,1.0,-1.0,-1.0	-6.183224,5.2131767,0.548407,-10.796272,-2.2207923,7.803342,-1.8998705,2.4743702,-0.65533984,0.41758874,1.8906047,0.03176339,5.616496,-2.9334035,0.82319903,3.8017092,-2.061645,1.3591924,0.6318447,1.9667772,-0.8815181,0.48854405,-3.326016,-0.4242665
../data/train_data_mmini/2/Train_0007.jpg	2	-1.0,1.0,1.0,-1.0,-1.0,1.0,-1.0,1.0,-1.0,1.0,1.0,-1.0,1.0,-1.0,-1.0,1.0,-1.0,1.0,1.0,1.0,-1.0,1.0,-1.0,-1.0	-6.332027,5.9998455,0.8042563,-11.055258,-1.8848078,8.178902,-2.3595438,2.9528368,-0.893006,0.38201675,1.9839262,-0.14060977,5.702468,-3.0716348,-0.03683031,3.4220695,-1.8676473,1.4278256,1.0351892,1.8486884,-0.63599986,0.37175775,-3.3960001,-0.28096586
../data/train_data_mmini/2/Train_0008.jpg	2	-1.0,1.0,1.0,-1.0,-1.0,1.0,-1.0,1.0,-1.0,1.0,1.0,-1.0,1.0,-1.0,1.0,1.0,-1.0,1.0,1.0,1.0,-1.0,1.0,-1.0,-1.0	-6.115497,5.1182103,0.42669532,-10.747113,-1.3568807,7.804881,-2.156656,2.1458943,-0.6700885,0.4792794,1.9947385,-0.13036369,5.541144,-2.7775588,0.6174776,3.3826127,-2.1997564,1.6208163,0.68651533,1.8971604,-0.5195075,0.21827719,-3.2815003,-0.2232424
../data/train_data_mmini/2/Train_0009.jpg	2	-1.0,1.0,1.0,-1.0,-1.0,1.0,-1.0,1.0,-1.0,1.0,1.0,1.0,1.0,-1.0,1.0,1.0,-1.0,1.0,1.0,1.0,-1.0,1.0,-1.0,-1.0	-7.5385985,6.291021,0.86394197,-13.247669,-2.517762,9.158145,-2.6692185,3.2183871,-0.7841426,0.37223,2.5219476,0.07218681,6.901786,-3.4466634,0.6104042,4.049006,-3.06377,1.94927,0.7628759,2.0856326,-0.73199046,0.71795857,-4.0932093,-0.20121273
../data/train_data_mmini/3/Train_0010.jpg	3	-1.0,1.0,1.0,-1.0,-1.0,1.0,-1.0,1.0,-1.0,1.0,1.0,-1.0,1.0,-1.0,1.0,1.0,-1.0,1.0,1.0,1.0,-1.0,-1.0,-1.0,-1.0	-5.925641,5.5186296,0.7203724,-10.512122,-1.6382738,7.4892006,-2.1709495,2.4274182,-1.4180145,0.75036204,1.9043591,-0.4909325,5.6014585,-2.8249688,0.09015754,3.187556,-1.7703854,1.2522873,1.111985,1.8925055,-0.5281277,-0.070343286,-2.83482,-0.18344554
../data/train_data_mmini/3/Train_0011.jpg	3	-1.0,1.0,1.0,-1.0,-1.0,1.0,-1.0,1.0,-1.0,1.0,1.0,1.0,1.0,-1.0,1.0,1.0,-1.0,1.0,1.0,1.0,-1.0,1.0,-1.0,-1.0	-6.616045,5.353982,0.5241149,-11.686214,-1.1857624,7.9299335,-2.445463,2.6673923,-0.97636676,0.3809407,1.815892,0.017393097,5.552798,-2.731027,0.7926168,3.800251,-2.4816267,1.498862,1.1055901,1.842059,-0.1958792,0.44891152,-3.736893,-0.07483552
../data/train_data_mmini/3/Train_0012.jpg	3	-1.0,1.0,1.0,-1.0,-1.0,1.0,-1.0,1.0,-1.0,1.0,1.0,1.0,1.0,-1.0,1.0,1.0,-1.0,1.0,1.0,1.0,-1.0,1.0,-1.0,-1.0	-7.266192,5.71494,0.87728626,-12.557235,-2.2133865,8.448061,-2.2435253,3.5624707,-0.5073545,0.43692493,2.1104686,0.7764709,6.324285,-3.5465524,1.0854855,4.5626287,-2.7246122,1.650291,1.2098485,1.8633684,-0.43689597,0.8482004,-4.1885815,-0.20626447
../data/train_data_mmini/3/Train_0013.jpg	3	-1.0,1.0,1.0,-1.0,-1.0,1.0,-1.0,1.0,-1.0,1.0,1.0,-1.0,1.0,-1.0,1.0,1.0,-1.0,1.0,1.0,1.0,-1.0,1.0,-1.0,-1.0	-6.5949044,5.335951,0.5956956,-12.065231,-2.0263834,8.40081,-2.2137995,2.505717,-0.71308637,0.31372777,1.93112,-0.055051908,6.5077286,-3.312141,1.2751904,4.3211594,-2.3508692,1.5518954,0.74514294,1.959442,-1.1703569,0.395056,-3.6404436,-0.34904897
../data/train_data_mmini/3/Train_0014.jpg	3	-1.0,1.0,1.0,-1.0,-1.0,1.0,-1.0,1.0,-1.0,1.0,1.0,1.0,1.0,-1.0,1.0,1.0,-1.0,1.0,1.0,1.0,-1.0,1.0,-1.0,-1.0	-7.2579985,6.2456245,0.75569206,-12.417274,-2.0814073,8.727333,-2.5276644,3.1043692,-0.9499594,0.67046905,2.2938588,0.04463105,6.2058263,-2.939274,0.4925959,3.88635,-2.4664855,1.7928925,0.71273476,1.8625178,-0.6505719,0.6397953,-3.9941504,-0.2108885
../data/train_data_mmini/4/Train_0015.jpg	4	-1.0,1.0,1.0,-1.0,-1.0,1.0,-1.0,1.0,-1.0,1.0,1.0,1.0,1.0,-1.0,1.0,1.0,-1.0,1.0,1.0,1.0,-1.0,1.0,-1.0,-1.0	-6.315493,5.0808716,0.47493216,-11.536893,-1.589652,8.0319605,-1.8825334,2.4854572,-0.29838663,0.4944192,2.1424654,0.28347155,5.6708245,-3.1801353,0.8571214,3.8738117,-2.227536,1.5071888,0.94562536,1.8473958,-0.45828468,0.28935277,-3.5648048,-0.30895585
../data/train_data_mmini/4/Train_0016.jpg	4	-1.0,1.0,1.0,-1.0,-1.0,1.0,-1.0,1.0,-1.0,1.0,1.0,-1.0,1.0,-1.0,1.0,1.0,-1.0,1.0,1.0,1.0,-1.0,1.0,-1.0,-1.0	-5.596006,4.535852,0.34677038,-10.135285,-1.4514867,7.0682817,-2.0720916,2.144206,-0.341982,0.060775645,1.7255406,-0.07645197,5.429307,-2.4631858,0.5159351,3.425065,-1.9918371,1.419401,0.5577674,1.5632396,-0.5888419,0.26610014,-2.882099,-0.09930559
../data/train_data_mmini/4/Train_0017.jpg	4	-1.0,1.0,1.0,-1.0,-1.0,1.0,-1.0,1.0,-1.0,1.0,1.0,1.0,1.0,-1.0,1.0,1.0,-1.0,1.0,1.0,1.0,-1.0,1.0,-1.0,-1.0	-6.7375765,5.2412114,0.5319957,-12.320146,-1.9281538,8.422722,-2.0641735,2.6838112,-0.29762846,0.13873388,1.8661339,0.26708257,6.431325,-3.3969536,1.1745728,4.310782,-2.5238671,1.5322225,1.057641,2.1801825,-0.8068308,0.5573984,-3.7634637,-0.17246959
../data/train_data_mmini/4/Train_0018.jpg	4	-1.0,1.0,1.0,-1.0,-1.0,1.0,-1.0,1.0,-1.0,1.0,1.0,-1.0,1.0,-1.0,1.0,1.0,-1.0,1.0,1.0,1.0,-1.0,1.0,-1.0,-1.0	-5.5394697,4.563381,0.5156111,-10.063356,-1.3791748,6.883233,-1.804817,1.9729764,-0.550268,0.5145677,1.8264139,-0.1084338,5.0102057,-2.2596333,0.4545732,3.041463,-1.8325241,1.4506699,0.7947683,1.6663531,-0.32907897,0.23511311,-2.9613206,-0.03953798
../data/train_data_mmini/4/Train_0019.jpg	4	-1.0,1.0,1.0,-1.0,-1.0,1.0,-1.0,1.0,-1.0,1.0,1.0,1.0,1.0,-1.0,1.0,1.0,-1.0,1.0,1.0,1.0,-1.0,1.0,-1.0,-1.0	-6.636338,6.0205927,0.73775405,-11.351894,-2.655084,8.472356,-2.2552798,3.0050163,-0.91078556,0.71105427,2.1100683,0.027117893,5.878874,-3.0993907,0.66503304,3.9705615,-2.243103,1.3732587,0.78948575,1.9246159,-1.0674813,0.5685897,-3.7152283,-0.5696838
../data/train_data_mmini/5/Train_0020.jpg	5	-1.0,1.0,1.0,-1.0,-1.0,1.0,-1.0,1.0,-1.0,1.0,1.0,-1.0,1.0,-1.0,1.0,1.0,-1.0,1.0,1.0,1.0,-1.0,1.0,-1.0,-1.0	-6.8231096,6.2082825,0.8159117,-11.877578,-2.337635,8.738556,-2.5080664,3.168492,-0.8481276,0.42743763,2.201567,-0.07763006,6.310675,-3.2250974,0.12745519,3.7539046,-2.2356186,1.6606307,0.9475708,2.0245988,-0.7155888,0.47814488,-3.5439255,-0.3203007
../data/train_data_mmini/5/Train_0021.jpg	5	-1.0,1.0,1.0,-1.0,-1.0,1.0,-1.0,1.0,-1.0,1.0,1.0,1.0,1.0,-1.0,1.0,1.0,-1.0,1.0,1.0,1.0,-1.0,1.0,-1.0,-1.0	-7.7122946,6.6437683,0.75484943,-13.792545,-2.269067,9.904195,-2.6622725,3.2909214,-0.7585795,0.4041588,2.4945192,0.023397192,7.007138,-3.6887174,0.64724094,4.4227247,-2.6980956,1.8707788,1.0163919,2.236398,-0.84209627,0.68176365,-4.3426275,-0.45836288
../data/train_data_mmini/5/Train_0022.jpg	5	-1.0,1.0,1.0,-1.0,-1.0,1.0,-1.0,1.0,-1.0,1.0,1.0,1.0,1.0,-1.0,1.0,1.0,-1.0,1.0,1.0,1.0,-1.0,1.0,-1.0,-1.0	-6.354613,5.7573667,0.77965647,-10.695822,-2.053483,7.941015,-2.2706444,2.9444017,-0.78311485,0.45186114,2.0949214,0.011602685,5.578153,-3.0059185,0.23445742,3.4119523,-2.1220188,1.5200263,0.82724005,1.7207097,-0.5398802,0.5287281,-3.5332093,-0.28542128
../data/train_data_mmini/5/Train_0023.jpg	5	-1.0,1.0,1.0,-1.0,-1.0,1.0,-1.0,1.0,-1.0,1.0,1.0,-1.0,1.0,-1.0,-1.0,1.0,-1.0,1.0,1.0,1.0,-1.0,1.0,-1.0,-1.0	-6.0750012,5.5647206,0.7598911,-10.547956,-2.0935924,7.7663484,-2.182166,2.8152575,-0.77622217,0.37757877,2.042402,-0.026469305,5.451348,-2.895007,-0.019671861,3.3287723,-2.0354865,1.5301728,0.8813856,1.801804,-0.6459387,0.48089904,-3.100917,-0.41050047
../data/train_data_mmini/5/Train_0024.jpg	5	-1.0,1.0,1.0,-1.0,-1.0,1.0,-1.0,1.0,-1.0,1.0,1.0,1.0,1.0,-1.0,1.0,1.0,-1.0,1.0,1.0,1.0,-1.0,1.0,-1.0,-1.0	-7.040143,6.2708263,0.9058648,-12.2266865,-2.0955281,8.790879,-2.4154754,3.2680247,-0.88093454,0.6748634,2.1483533,0.034773514,6.1927376,-3.305636,0.22496518,3.9049997,-2.1207137,1.5258592,1.2413887,1.8620963,-0.7471477,0.45445812,-3.8493402,-0.3566714
../data/train_data_mmini/6/Train_0025.jpg	6	-1.0,1.0,1.0,-1.0,-1.0,1.0,-1.0,1.0,-1.0,1.0,1.0,-1.0,1.0,-1.0,1.0,1.0,-1.0,1.0,1.0,1.0,-1.0,1.0,-1.0,-1.0	-6.91662,7.094632,1.0209306,-12.234412,-2.838608,8.8781805,-2.72722,3.7673197,-1.3528308,1.0208868,1.8282381,-0.43862775,6.2421517,-3.2085524,0.12479222,4.2981253,-1.6514195,0.984409,1.6609806,2.0350528,-0.82186514,0.48352513,-3.7272484,-0.27503955
../data/train_data_mmini/6/Train_0026.jpg	6	-1.0,1.0,1.0,-1.0,-1.0,1.0,-1.0,1.0,-1.0,1.0,1.0,-1.0,1.0,-1.0,1.0,1.0,-1.0,1.0,1.0,1.0,-1.0,1.0,-1.0,-1.0	-6.8378153,5.687583,0.6916911,-12.646483,-1.8747344,8.144949,-2.3116179,2.8381336,-0.88540524,0.33034942,1.9902524,-0.229781,6.7949677,-3.3296227,0.39277813,3.7080064,-2.346988,1.5596293,1.2267046,2.2216055,-0.2567808,0.25777793,-3.299531,-0.06787754
../data/train_data_mmini/6/Train_0027.jpg	6	-1.0,1.0,1.0,-1.0,-1.0,1.0,-1.0,1.0,-1.0,1.0,1.0,-1.0,1.0,-1.0,1.0,1.0,-1.0,1.0,1.0,1.0,-1.0,1.0,-1.0,-1.0	-6.673095,5.9516587,0.8500898,-11.454592,-2.0975633,7.9051313,-2.5992413,3.254721,-1.2660819,0.56992024,2.0719273,-0.032810703,5.833396,-2.754804,0.5249307,3.6881003,-2.3850613,1.5017465,0.81319165,1.6784421,-0.48298976,0.4086531,-3.5657089,-0.0055553927
../data/train_data_mmini/6/Train_0028.jpg	6	-1.0,1.0,1.0,-1.0,-1.0,1.0,-1.0,1.0,-1.0,1.0,1.0,-1.0,1.0,-1.0,1.0,1.0,-1.0,1.0,1.0,1.0,-1.0,1.0,-1.0,-1.0	-6.520003,5.7733264,0.6325447,-11.22536,-1.5087409,8.011752,-2.5818639,2.6249194,-0.92537236,0.50474787,1.8833318,-0.16010158,5.518613,-2.6368632,0.21619435,3.2982297,-2.1917613,1.4314111,1.1140603,1.782152,-0.3843593,0.27018255,-3.5464377,-0.041734144
../data/train_data_mmini/6/Train_0029.jpg	6	-1.0,1.0,1.0,-1.0,-1.0,1.0,-1.0,1.0,-1.0,1.0,1.0,-1.0,1.0,-1.0,1.0,1.0,-1.0,1.0,1.0,1.0,-1.0,1.0,-1.0,-1.0	-6.6726274,5.817733,0.68814236,-11.732756,-2.5894053,8.447237,-2.2953262,2.7343671,-0.79300815,0.6415816,2.0058565,-0.18924306,6.2313204,-3.5036566,0.80518967,4.2043066,-2.1833909,1.3764824,0.8749928,2.191246,-0.95838493,0.31482098,-3.4744875,-0.15870693
../data/train_data_mmini/7/Train_0030.jpg	7	-1.0,1.0,1.0,-1.0,-1.0,1.0,-1.0,1.0,-1.0,1.0,1.0,1.0,1.0,-1.0,1.0,1.0,-1.0,1.0,1.0,1.0,-1.0,1.0,-1.0,-1.0	-7.0094056,5.8884068,0.7549764,-12.392544,-2.536966,8.755491,-2.4120283,3.136637,-0.6216373,0.19860561,2.2574854,0.16642837,6.506894,-3.359194,0.82409555,4.130931,-2.6160965,1.88503,0.6894805,1.9771779,-0.8155826,0.8328271,-3.9594817,-0.38061342
../data/train_data_mmini/7/Train_0031.jpg	7	-1.0,1.0,1.0,-1.0,-1.0,1.0,-1.0,1.0,-1.0,1.0,1.0,-1.0,1.0,-1.0,1.0,1.0,-1.0,1.0,1.0,1.0,-1.0,1.0,-1.0,-1.0	-7.85904,6.853601,0.9046957,-14.17357,-2.5308888,9.688819,-2.6993766,3.3137953,-0.9410496,0.532476,2.337847,-0.15129526,7.4926186,-3.8467903,0.77134556,4.622753,-2.6045299,1.9011527,1.1424401,2.370008,-0.8422665,0.54859126,-4.188433,-0.053850293
../data/train_data_mmini/7/Train_0032.jpg	7	-1.0,1.0,1.0,-1.0,-1.0,1.0,-1.0,1.0,-1.0,1.0,1.0,1.0,1.0,-1.0,1.0,1.0,-1.0,1.0,1.0,1.0,-1.0,1.0,-1.0,-1.0	-8.270182,6.5081267,0.8073223,-14.067551,-1.9232165,9.497059,-2.7869046,3.5631912,-0.97376025,0.70281786,2.6994314,0.49523413,7.016514,-3.341867,1.1162343,4.4343996,-3.2275524,2.0067139,1.0595723,1.866302,-0.756448,0.5795412,-4.9285526,-0.19503644
../data/train_data_mmini/7/Train_0033.jpg	7	-1.0,1.0,1.0,-1.0,-1.0,1.0,-1.0,1.0,-1.0,1.0,1.0,1.0,1.0,-1.0,1.0,1.0,-1.0,1.0,1.0,1.0,-1.0,1.0,-1.0,-1.0	-7.08711,6.1091733,0.91637224,-12.178283,-2.2806413,8.491765,-2.5150893,3.1868734,-1.0074514,0.43443975,2.2047813,0.02825366,6.3709893,-3.164575,0.3422409,3.871523,-2.4626775,1.6216439,0.93949324,1.8702565,-0.73476875,0.5465132,-3.798043,-0.14382723
../data/train_data_mmini/7/Train_0034.jpg	7	-1.0,1.0,1.0,-1.0,-1.0,1.0,-1.0,1.0,-1.0,1.0,1.0,-1.0,1.0,-1.0,1.0,1.0,-1.0,1.0,1.0,1.0,-1.0,1.0,-1.0,1.0	-7.202518,6.9623494,0.92454505,-12.147422,-1.4799073,8.814655,-2.968634,3.5805335,-1.8133692,1.1287781,1.9632108,-0.23356284,5.8542147,-2.7194993,0.11092448,3.8187337,-1.8943579,1.2554188,1.5482951,1.7137593,-0.4008726,0.14494231,-3.8728454,0.02566666
../data/train_data_mmini/8/Train_0035.jpg	8	-1.0,1.0,1.0,-1.0,-1.0,1.0,-1.0,1.0,-1.0,1.0,1.0,1.0,1.0,-1.0,1.0,1.0,-1.0,1.0,1.0,1.0,-1.0,1.0,-1.0,-1.0	-6.995317,5.9611955,0.93538064,-12.015623,-2.1750603,8.618632,-2.3964057,3.0402772,-0.82167935,0.6853319,2.3194754,0.13815637,6.1313286,-3.2524166,0.5908122,3.8389645,-2.4984465,1.7423911,0.93031645,1.802311,-0.9085299,0.57737106,-3.9097133,-0.30507874
../data/train_data_mmini/8/Train_0036.jpg	8	-1.0,1.0,1.0,-1.0,-1.0,1.0,-1.0,1.0,-1.0,1.0,1.0,-1.0,1.0,-1.0,1.0,1.0,-1.0,1.0,1.0,1.0,-1.0,1.0,-1.0,-1.0	-7.6859355,6.965329,1.0007885,-13.623672,-2.5049617,9.554442,-2.7575033,3.443748,-1.0463924,0.7201707,2.363354,-0.07662146,6.912111,-3.4345431,0.3922973,4.203361,-2.5088937,1.7500178,1.2429656,2.1641963,-0.77211297,0.5738524,-4.317333,-0.12555148
../data/train_data_mmini/8/Train_0037.jpg	8	-1.0,1.0,1.0,-1.0,-1.0,1.0,-1.0,1.0,-1.0,1.0,1.0,-1.0,1.0,-1.0,1.0,1.0,-1.0,1.0,1.0,1.0,-1.0,1.0,-1.0,-1.0	-7.81863,6.7138267,0.8209698,-14.51228,-1.840521,9.886023,-2.8027408,3.3576028,-1.0612025,0.39320555,2.160627,-0.25698256,7.4763994,-3.7045383,0.6119341,4.514887,-2.5449567,1.6354483,1.418153,2.2648497,-0.63799256,0.29998627,-4.196137,-0.020933727
../data/train_data_mmini/8/Train_0038.jpg	8	-1.0,1.0,1.0,-1.0,-1.0,1.0,-1.0,1.0,-1.0,1.0,1.0,1.0,1.0,-1.0,1.0,1.0,-1.0,1.0,1.0,1.0,-1.0,1.0,-1.0,-1.0	-7.2032213,6.2016125,0.8290476,-12.524726,-2.1958885,8.986247,-2.6317203,3.1779454,-1.0372089,0.4672796,2.446371,0.04047008,6.530972,-3.4285173,0.78340733,4.0975475,-2.6374257,1.7944896,0.9154059,1.9341084,-0.77129006,0.4092355,-3.9532416,-0.13384858
../data/train_data_mmini/8/Train_0039.jpg	8	-1.0,1.0,1.0,-1.0,-1.0,1.0,-1.0,1.0,-1.0,1.0,1.0,1.0,1.0,-1.0,1.0,1.0,-1.0,1.0,1.0,1.0,-1.0,1.0,-1.0,-1.0	-7.8874545,6.591794,0.9853886,-13.421188,-2.405282,9.547586,-2.6538486,3.321515,-0.86746883,0.58130884,2.4288204,0.29328015,6.756162,-3.6209054,0.9436881,4.575528,-2.9609795,1.9191384,0.94159234,2.055522,-1.0088874,0.58725464,-4.6377273,-0.25017253
../data/train_data_mmini/9/Train_0040.jpg	9	-1.0,1.0,1.0,-1.0,-1.0,1.0,-1.0,1.0,-1.0,1.0,1.0,-1.0,1.0,-1.0,1.0,1.0,-1.0,1.0,1.0,1.0,-1.0,1.0,-1.0,-1.0	-7.434466,6.5175023,0.77657014,-13.230798,-2.1312861,9.651061,-2.4982774,3.2108104,-0.70396423,0.4655054,2.290867,-0.050411925,6.8033004,-3.683489,0.48525792,4.2237043,-2.520046,1.6889749,1.1288127,2.2871854,-0.7456092,0.5500086,-4.041848,-0.35340932
../data/train_data_mmini/9/Train_0041.jpg	9	-1.0,1.0,1.0,-1.0,-1.0,1.0,-1.0,1.0,-1.0,1.0,1.0,-1.0,1.0,-1.0,1.0,1.0,-1.0,1.0,1.0,1.0,-1.0,1.0,-1.0,-1.0	-7.62099,6.7924867,0.97716254,-13.01496,-2.3105857,9.114286,-2.9254825,3.517714,-1.3276548,0.5458382,2.29552,-0.17038752,6.7067904,-3.0875633,0.48391882,4.1332664,-2.6050224,1.8380628,1.0275425,1.9616394,-0.66397125,0.5477338,-4.1143064,-0.12666193
../data/train_data_mmini/9/Train_0042.jpg	9	-1.0,1.0,1.0,-1.0,-1.0,1.0,-1.0,1.0,-1.0,1.0,1.0,-1.0,1.0,-1.0,1.0,1.0,-1.0,1.0,1.0,1.0,-1.0,1.0,-1.0,-1.0	-7.0987873,6.1719394,0.6053153,-13.083022,-1.6481037,9.292146,-2.3579066,2.8676903,-0.66880894,0.60618883,2.0092242,-0.123316094,6.5214143,-3.5172815,0.6156872,4.378283,-2.0996947,1.458601,1.3482987,2.314886,-0.57271117,0.24706587,-3.6937613,-0.2707786
../data/train_data_mmini/9/Train_0043.jpg	9	-1.0,1.0,1.0,-1.0,-1.0,1.0,-1.0,1.0,-1.0,1.0,1.0,-1.0,1.0,-1.0,1.0,1.0,-1.0,1.0,1.0,1.0,-1.0,1.0,-1.0,-1.0	-7.2142987,6.2912326,0.79542595,-12.801178,-2.1935444,9.340196,-2.4759865,2.8880699,-0.8458916,0.528243,2.3511522,-0.16787405,6.615898,-3.4481385,0.59160465,3.988248,-2.4707432,1.7444779,0.92472225,2.2232788,-0.8786042,0.46973452,-3.904106,-0.4681053
../data/train_data_mmini/9/Train_0044.jpg	9	-1.0,1.0,1.0,-1.0,-1.0,1.0,-1.0,1.0,-1.0,1.0,1.0,1.0,1.0,-1.0,1.0,1.0,-1.0,1.0,1.0,1.0,-1.0,1.0,-1.0,-1.0	-7.405499,6.4163156,0.7385649,-13.087598,-2.5737019,9.515699,-2.3822205,3.1661446,-0.6362702,0.5920408,2.296164,0.14727555,6.7113266,-3.7726347,0.7419335,4.499767,-2.5814378,1.726697,1.0632795,2.3708522,-1.1099018,0.5635374,-4.0672793,-0.5075959
../data/train_data_mmini/10/Train_0045.jpg	10	-1.0,1.0,1.0,-1.0,-1.0,1.0,-1.0,1.0,-1.0,1.0,1.0,1.0,1.0,-1.0,1.0,1.0,-1.0,1.0,1.0,1.0,-1.0,1.0,-1.0,1.0	-7.425565,6.3561316,1.0276712,-12.264982,-2.1061442,8.430019,-2.6217034,3.3951752,-1.1139051,0.8834035,2.3683612,0.19005103,6.290923,-3.024036,0.9141031,4.038088,-2.7455027,1.4378058,0.99456877,1.5201677,-0.83240515,0.37022352,-4.3968444,0.064331256
../data/train_data_mmini/10/Train_0046.jpg	10	-1.0,1.0,1.0,-1.0,-1.0,1.0,-1.0,1.0,-1.0,1.0,1.0,1.0,1.0,-1.0,1.0,1.0,-1.0,1.0,1.0,1.0,-1.0,1.0,-1.0,-1.0	-5.519693,4.4571033,0.3756778,-9.486047,-1.2615521,7.019417,-1.9334842,2.1845474,-0.42958078,0.39818376,1.667399,0.11004399,4.746,-2.5841823,0.642636,3.436676,-2.1845827,1.2545393,0.64720905,1.5919101,-0.76525223,0.29187763,-3.119505,-0.17659205
../data/train_data_mmini/10/Train_0047.jpg	10	-1.0,1.0,1.0,-1.0,-1.0,1.0,-1.0,1.0,-1.0,1.0,1.0,-1.0,1.0,-1.0,1.0,1.0,-1.0,1.0,1.0,1.0,-1.0,1.0,-1.0,-1.0	-8.852418,7.7561326,0.9896571,-15.253702,-2.5068214,10.966973,-3.000591,3.8579667,-1.3315705,1.0500358,2.6840136,-0.0904205,7.7814507,-3.8170483,0.63405085,4.891645,-2.7900848,1.754965,1.4762849,2.3454597,-0.8819957,0.5254501,-5.0402517,-0.2677111
../data/train_data_mmini/10/Train_0048.jpg	10	-1.0,1.0,1.0,-1.0,-1.0,1.0,-1.0,1.0,-1.0,1.0,1.0,1.0,1.0,-1.0,1.0,1.0,-1.0,1.0,1.0,1.0,-1.0,1.0,-1.0,-1.0	-7.9478517,7.184241,1.204647,-12.294738,-3.048693,9.42643,-2.6891701,4.0531106,-1.1765937,1.363079,2.7180948,0.5452075,5.908325,-3.1256185,0.63850707,4.4082274,-2.7382066,1.7168044,1.0505525,1.8195655,-1.1906557,0.7611659,-4.764363,-0.45676
../data/train_data_mmini/10/Train_0049.jpg	10	-1.0,1.0,1.0,-1.0,-1.0,1.0,-1.0,1.0,-1.0,1.0,1.0,1.0,1.0,-1.0,1.0,1.0,-1.0,1.0,1.0,1.0,-1.0,1.0,-1.0,-1.0	-7.924849,6.9441395,1.0524429,-13.583875,-2.2798805,9.748965,-2.7755227,3.5187094,-1.1161889,0.7115811,2.3240278,0.07661061,6.8985662,-3.7510204,0.60740787,4.4143267,-2.7089102,1.7765256,1.1744968,2.0624313,-1.0781178,0.53829443,-4.471352,-0.22566971
