../data/train_data_mmini/1/Train_0000.jpg	1	-1.0,-1.0,1.0,-1.0,-1.0,1.0,1.0,1.0,1.0,1.0,-1.0,-1.0,1.0,-1.0,1.0,-1.0,-1.0,-1.0,-1.0,1.0,-1.0,1.0,-1.0,-1.0	-0.002772511,-0.11506552,0.11571187,-0.14571697,-0.047461767,0.025383862,0.1801473,0.035002388,0.09815189,0.080868274,-0.13318035,-0.12217433,0.017425947,-0.00070868235,0.26454753,-0.12827408,-0.0037856186,-0.2395238,-0.03353738,0.1487135,-0.02652851,0.03234071,-0.060394086,-0.11784457
../data/train_data_mmini/1/Train_0001.jpg	1	1.0,-1.0,-1.0,-1.0,-1.0,-1.0,1.0,1.0,-1.0,-1.0,-1.0,-1.0,1.0,-1.0,1.0,-1.0,1.0,-1.0,-1.0,1.0,1.0,-1.0,-1.0,-1.0	0.099291556,-0.010001114,-0.052915715,-0.1823264,-0.16432779,-0.12307362,0.24006186,0.008611151,-0.050505947,-0.108648136,-0.40502742,-0.17015085,0.10405246,-0.1829841,0.49144626,-0.061202068,0.16514486,-0.33683497,-0.033985335,0.14086647,0.2695111,-0.14031173,-0.08496804,-0.29016912
../data/train_data_mmini/1/Train_0002.jpg	1	-1.0,1.0,1.0,-1.0,1.0,-1.0,1.0,-1.0,1.0,-1.0,1.0,1.0,1.0,1.0,1.0,1.0,-1.0,-1.0,1.0,1.0,1.0,-1.0,1.0,1.0	-0.018981569,0.442777,0.11161397,-0.094847724,0.027562853,-0.2889721,0.19831558,-0.025057055,0.08295506,-0.19823803,0.3352826,0.057849605,0.30122972,0.12659615,0.354914,0.17492127,-0.015336403,-0.9289662,0.06846834,0.24062428,0.20634198,-0.5922606,0.15123273,0.22208662
../data/train_data_mmini/1/Train_0003.jpg	1	-1.0,-1.0,1.0,-1.0,-1.0,1.0,1.0,1.0,1.0,1.0,-1.0,-1.0,-1.0,-1.0,1.0,-1.0,-1.0,1.0,-1.0,-1.0,1.0,1.0,-1.0,-1.0	-0.10646502,-0.20957702,0.095655896,-0.042051125,-0.017376099,0.12619883,0.14557914,0.061673664,0.06959574,0.0496361,-0.27439502,-0.10429805,-0.17331243,-0.054552224,0.13814895,-0.05742443,-0.017762022,0.25958446,-0.0151513275,-0.020032259,0.0676717,0.22530954,-0.066592954,-0.19488417
../data/train_data_mmini/1/Train_0004.jpg	1	1.0,-1.0,1.0,1.0,-1.0,1.0,1.0,1.0,1.0,1.0,-1.0,-1.0,-1.0,1.0,1.0,-1.0,-1.0,1.0,1.0,1.0,-1.0,1.0,1.0,1.0	0.021726154,-0.2613741,0.096623525,0.03969721,-0.012642178,0.09910269,0.019740583,0.1051865,0.05080091,0.083467185,-0.16671237,-0.017854732,-0.058248244,0.04016537,0.043267213,-0.033889376,-0.0692689,0.00059960457,0.04089962,0.055332,-0.1436199,0.13652296,0.07761415,0.0789742
../data/train_data_mmini/2/Train_0005.jpg	2	1.0,1.0,1.0,-1.0,-1.0,-1.0,1.0,1.0,-1.0,-1.0,-1.0,-1.0,-1.0,1.0,1.0,-1.0,-1.0,-1.0,1.0,1.0,-1.0,-1.0,-1.0,-1.0	0.11297167,0.014473671,0.017943291,-0.088485464,-0.12213415,-0.12921874,0.050680634,0.013512873,-0.0222273,-0.04127012,-0.016778912,-0.06370368,-0.053720392,0.00026668806,0.083270915,-0.08880699,-0.11226654,-0.24668367,0.023383113,0.014217941,-0.069649994,-0.12561898,-0.11863,-0.13059416
../data/train_data_mmini/2/Train_0006.jpg	2	1.0,1.0,1.0,-1.0,-1.0,-1.0,1.0,-1.0,1.0,1.0,1.0,-1.0,1.0,1.0,1.0,1.0,-1.0,-1.0,1.0,-1.0,1.0,-1.0,-1.0,-1.0	0.14414,0.45984337,0.20485406,-0.1836748,-0.02163181,-0.05279636,0.05376582,-0.24772914,0.121995896,0.05336878,0.063057266,-0.0014273629,0.20559312,0.36840138,0.20357019,0.09674455,-0.0663905,-0.5110779,0.20979486,-0.015663417,0.114733264,-0.2069457,-0.0123757515,-0.1814012
../data/train_data_mmini/2/Train_0007.jpg	2	-1.0,-1.0,-1.0,1.0,1.0,1.0,1.0,1.0,1.0,1.0,-1.0,1.0,-1.0,-1.0,1.0,1.0,-1.0,1.0,-1.0,-1.0,-1.0,1.0,-1.0,-1.0	-0.09755682,-0.21568716,-0.0059169023,0.039946374,0.030291047,0.16364595,0.113507114,0.076490514,0.15083449,0.012982848,-0.26468402,0.0025160357,-0.08071958,-0.027150584,0.06839559,0.08666389,-0.05701398,0.42500663,-0.017383775,-0.09079437,-0.12443203,0.31347558,-0.04641784,-0.14531872
../data/train_data_mmini/2/Train_0008.jpg	2	1.0,1.0,-1.0,-1.0,-1.0,1.0,1.0,1.0,1.0,-1.0,-1.0,-1.0,1.0,1.0,1.0,1.0,1.0,-1.0,1.0,1.0,-1.0,-1.0,1.0,1.0	0.29068285,0.017075265,-0.08819076,-0.26746765,-0.016190533,0.2015794,0.038864423,0.009273001,0.112100884,-0.11030659,-0.04306004,-0.054793764,0.14776124,0.06699555,0.10762877,0.06993213,0.12317882,-0.21795543,0.083479874,0.05641062,-0.120002404,-0.12721272,0.0812073,0.010795588
../data/train_data_mmini/2/Train_0009.jpg	2	1.0,-1.0,1.0,-1.0,1.0,-1.0,1.0,1.0,1.0,1.0,-1.0,-1.0,-1.0,-1.0,1.0,-1.0,-1.0,-1.0,1.0,-1.0,-1.0,1.0,-1.0,-1.0	0.014395437,-0.043938465,0.028370542,-0.24677625,0.04993337,-0.1313331,0.13317631,0.058809914,0.07637265,0.14322546,-0.14705887,-0.034529846,-0.03734284,-0.042503577,0.18721992,-0.019017937,-0.15256296,-0.0023118737,0.07037371,-0.01674396,-0.044928078,0.1686218,-0.15382887,-0.2514427
../data/train_data_mmini/3/Train_0010.jpg	3	-1.0,1.0,-1.0,-1.0,1.0,1.0,1.0,1.0,1.0,-1.0,-1.0,1.0,-1.0,1.0,-1.0,1.0,1.0,1.0,1.0,-1.0,1.0,1.0,1.0,-1.0	-0.018078495,0.049272723,-0.2173167,-0.060660485,0.19996914,0.2580561,0.11773126,0.12825161,0.06866689,-0.21206191,-0.42254364,0.1350058,-0.04467956,0.20793596,-0.008494294,0.44254553,0.22186354,0.88340217,0.12884931,-0.38608587,0.25357053,0.27615103,0.16503869,-0.13448805
../data/train_data_mmini/3/Train_0011.jpg	3	1.0,1.0,-1.0,1.0,-1.0,-1.0,-1.0,1.0,-1.0,-1.0,1.0,1.0,1.0,-1.0,1.0,-1.0,1.0,-1.0,-1.0,1.0,-1.0,-1.0,1.0,1.0	0.175675,0.04034268,-0.25786144,0.20740394,-0.07095094,-0.25010535,-0.055390667,0.35599554,-0.36908537,-0.05506846,0.502067,0.10908722,0.09953008,-0.21729428,0.21340746,-0.11353392,0.1367662,-0.94699115,-0.07816314,0.35190946,-0.017640771,-0.5128064,0.57216245,0.3659259
../data/train_data_mmini/3/Train_0012.jpg	3	-1.0,1.0,1.0,1.0,-1.0,-1.0,1.0,1.0,-1.0,1.0,1.0,-1.0,1.0,-1.0,1.0,-1.0,-1.0,-1.0,1.0,1.0,1.0,-1.0,1.0,1.0	-0.07784597,0.14921042,0.29587308,0.09456763,-0.21515349,-0.4549462,0.13239992,0.13670167,-0.27034605,0.055247057,0.3050141,-0.1821315,0.03121037,-0.20723425,0.15564765,-0.20336542,-0.20307857,-1.0270158,0.11179316,0.45565808,0.058352318,-0.5347748,0.090169065,0.25540859
../data/train_data_mmini/3/Train_0013.jpg	3	1.0,1.0,1.0,-1.0,1.0,1.0,1.0,-1.0,1.0,-1.0,-1.0,-1.0,1.0,1.0,1.0,1.0,1.0,-1.0,1.0,-1.0,1.0,-1.0,1.0,-1.0	0.20571078,0.53229606,0.21534283,-0.042324815,0.11181703,0.1946979,0.09137489,-0.27819106,0.18745436,-0.06566334,-0.046610948,-0.10076348,0.3193328,0.42995355,0.2954667,0.14680511,0.051813796,-0.35595414,0.3613071,-0.015151398,0.16431375,-0.25089422,0.15575786,-0.11085167
../data/train_data_mmini/3/Train_0014.jpg	3	1.0,1.0,-1.0,1.0,1.0,-1.0,-1.0,1.0,-1.0,1.0,1.0,1.0,1.0,1.0,1.0,1.0,1.0,-1.0,1.0,-1.0,-1.0,-1.0,1.0,-1.0	0.06048145,0.0057432144,-0.14998882,0.055902492,0.005532277,-0.068071306,-0.03731618,0.10011051,-0.019339753,0.17618912,0.023269955,0.13792099,0.034654237,0.09202876,0.035487555,0.0127035435,0.07667799,-0.08942929,0.08843571,-0.01810308,-0.16324848,-0.109910026,0.21886267,-0.067815505
../data/train_data_mmini/4/Train_0015.jpg	4	1.0,1.0,1.0,1.0,-1.0,-1.0,1.0,-1.0,1.0,1.0,1.0,-1.0,1.0,1.0,1.0,1.0,-1.0,-1.0,1.0,1.0,-1.0,-1.0,1.0,1.0	0.05897195,0.20955755,0.30851144,0.0015867779,-0.045308057,-0.24995151,0.028774181,-0.101141326,0.076467946,0.10704416,0.2848762,-0.09633865,0.2826477,0.03798339,0.21015745,0.017680949,-0.24193653,-0.7840124,0.20163602,0.31751198,-0.031909797,-0.23623861,0.036157005,0.12728542
../data/train_data_mmini/4/Train_0016.jpg	4	1.0,1.0,-1.0,-1.0,-1.0,-1.0,1.0,1.0,-1.0,-1.0,-1.0,-1.0,1.0,-1.0,1.0,-1.0,1.0,-1.0,-1.0,1.0,1.0,-1.0,-1.0,-1.0	0.20206554,0.13316035,-0.10404382,-0.4429637,-0.25786555,-0.114782676,0.21757881,0.010911041,-0.09294379,-0.21969484,-0.26588,-0.20115256,0.01030051,-0.083293065,0.30609536,-0.14227062,0.2124651,-0.46511224,-0.21016447,0.13112582,0.111896545,-0.47404596,-0.12876712,-0.29122227
../data/train_data_mmini/4/Train_0017.jpg	4	1.0,1.0,1.0,-1.0,-1.0,-1.0,1.0,1.0,-1.0,-1.0,1.0,-1.0,1.0,1.0,1.0,-1.0,-1.0,-1.0,1.0,1.0,1.0,-1.0,1.0,-1.0	0.15082271,0.7230061,0.16562137,-0.23169152,-0.20766795,-0.377646,0.16422766,0.019316368,-0.121930316,-0.19325402,0.17643788,-0.05490176,0.24092008,0.10784578,0.42824,-0.007844141,-0.021843756,-1.1282142,0.08736091,0.19926281,0.30807123,-0.7752486,0.026525548,-0.09746446
../data/train_data_mmini/4/Train_0018.jpg	4	1.0,1.0,-1.0,-1.0,-1.0,-1.0,1.0,1.0,-1.0,-1.0,1.0,1.0,1.0,-1.0,1.0,-1.0,1.0,-1.0,-1.0,1.0,-1.0,-1.0,-1.0,-1.0	0.1035592,0.19696784,-0.07437771,-0.24528903,-0.1197585,-0.1591724,0.12368418,0.10582212,-0.07718809,-0.08557409,0.029077072,0.10487541,0.16655919,-0.018431036,0.28156537,-0.030096272,0.029696641,-0.31925386,-0.06752107,0.056488153,-0.16934404,-0.054887593,-0.1922792,-0.29962024
../data/train_data_mmini/4/Train_0019.jpg	4	1.0,1.0,1.0,1.0,-1.0,1.0,-1.0,-1.0,1.0,1.0,-1.0,-1.0,-1.0,1.0,-1.0,1.0,1.0,-1.0,1.0,-1.0,1.0,-1.0,1.0,1.0	0.13190201,0.34217307,0.22568683,0.14790966,-0.030805055,0.086841956,-0.11988023,-0.3118171,0.13238685,0.0322402,-0.040154587,-0.027353492,-0.05228605,0.27645698,-0.0027361726,0.19790728,0.006905063,-0.07690464,0.34095696,-0.09433533,0.17337887,-0.13305661,0.2602749,0.023621695
../data/train_data_mmini/5/Train_0020.jpg	5	-1.0,-1.0,-1.0,1.0,-1.0,1.0,1.0,1.0,1.0,1.0,-1.0,-1.0,-1.0,-1.0,1.0,1.0,-1.0,1.0,1.0,-1.0,-1.0,1.0,-1.0,-1.0	-0.08301904,-0.17635347,-0.0007558554,0.020061983,-0.035286892,0.059800286,0.13084923,0.09583842,0.10319972,0.014961216,-0.34155297,-0.05216747,-0.1065628,-0.028573869,0.1102385,0.113086626,-0.027825842,0.26509088,0.0051502977,-0.11300187,-0.03457323,0.16839604,-0.089639105,-0.21531357
../data/train_data_mmini/5/Train_0021.jpg	5	1.0,-1.0,1.0,1.0,1.0,1.0,1.0,1.0,1.0,1.0,1.0,1.0,1.0,1.0,1.0,-1.0,-1.0,-1.0,1.0,1.0,-1.0,1.0,1.0,1.0	0.077018715,-0.026200911,0.22445296,0.019586591,0.028398063,0.0065179043,0.024259405,0.05782222,0.0859305,0.14005777,0.25264943,0.052638877,0.13009937,0.055842225,0.0800877,-0.05636171,-0.21198222,-0.47427496,0.09863464,0.17923842,-0.24924067,0.042551156,0.06102016,0.15126824
../data/train_data_mmini/5/Train_0022.jpg	5	-1.0,-1.0,1.0,-1.0,1.0,1.0,1.0,1.0,1.0,1.0,-1.0,-1.0,-1.0,-1.0,-1.0,1.0,-1.0,1.0,1.0,-1.0,-1.0,1.0,-1.0,-1.0	-0.006566503,-0.19015767,0.056757815,-0.048027832,0.059150275,0.07777983,0.09606497,0.06576464,0.14847285,0.005026269,-0.17734003,-0.10504366,-0.0823322,-0.03308038,-0.011852748,0.07053321,-0.09767826,0.33052057,0.025520658,-0.11371674,-0.14827006,0.26302364,-0.077948354,-0.08952703
../data/train_data_mmini/5/Train_0023.jpg	5	-1.0,-1.0,1.0,-1.0,1.0,1.0,1.0,1.0,1.0,1.0,-1.0,-1.0,-1.0,-1.0,1.0,1.0,-1.0,1.0,1.0,-1.0,-1.0,1.0,-1.0,-1.0	-0.103771284,-0.1991898,0.086656146,-0.030103656,0.019827481,0.074511886,0.1489151,0.09387558,0.14463803,0.06094173,-0.29204822,-0.047640648,-0.08139471,-0.04060414,0.059528,0.07554465,-0.1277096,0.29766712,0.0027844927,-0.12703584,-0.044515196,0.35227156,-0.1297307,-0.1419381
../data/train_data_mmini/5/Train_0024.jpg	5	-1.0,-1.0,1.0,1.0,1.0,1.0,-1.0,1.0,-1.0,1.0,1.0,1.0,-1.0,1.0,1.0,1.0,-1.0,-1.0,1.0,1.0,-1.0,1.0,1.0,1.0	-0.122314356,-0.15936358,0.14089923,0.18741594,0.07739927,0.06105936,-0.010334459,0.16175747,-0.020340262,0.17758095,0.053544987,0.07420724,-0.008771233,0.057081882,0.012858489,0.054041106,-0.23811027,-0.032142837,0.19607751,0.032352354,-0.103530616,0.11665123,0.09444826,0.16582245
../data/train_data_mmini/6/Train_0025.jpg	6	-1.0,1.0,1.0,1.0,1.0,-1.0,-1.0,1.0,-1.0,1.0,1.0,-1.0,-1.0,1.0,-1.0,1.0,-1.0,1.0,1.0,-1.0,1.0,-1.0,1.0,1.0	-0.32291695,0.22749284,0.13328244,0.25895354,0.03265063,-0.03645551,-0.016876942,0.14567505,-0.18997192,0.023441989,0.17316708,-0.07352901,-0.3562267,0.31459764,-0.36349747,0.23095039,-0.098453484,0.517906,0.17900433,-0.2314142,0.12697068,-0.2231145,0.51062536,0.29345587
../data/train_data_mmini/6/Train_0026.jpg	6	-1.0,1.0,-1.0,-1.0,1.0,-1.0,1.0,1.0,-1.0,-1.0,-1.0,1.0,1.0,-1.0,1.0,-1.0,1.0,-1.0,-1.0,-1.0,1.0,1.0,-1.0,-1.0	-0.09639493,0.26594684,-0.17660378,-0.35496786,0.013272447,-0.09901644,0.26905644,0.19346625,-0.102714844,-0.033661734,-0.4048474,0.19969901,0.19217683,-0.095226735,0.6273913,-0.097441204,0.21357298,-0.0002981904,-0.15581264,-0.023046168,0.24328747,0.033097096,-0.12058989,-0.6948049
../data/train_data_mmini/6/Train_0027.jpg	6	1.0,-1.0,-1.0,-1.0,1.0,-1.0,-1.0,1.0,-1.0,-1.0,-1.0,1.0,-1.0,-1.0,1.0,1.0,1.0,1.0,1.0,-1.0,1.0,-1.0,1.0,-1.0	0.057912737,-0.053991444,-0.3543839,-0.008598464,0.014327046,-0.14636236,-0.06782028,0.22086532,-0.25214884,-0.06662637,-0.07593187,0.10539618,-0.09200344,-0.0010413061,0.09437237,0.20259242,0.10911117,0.10874988,0.032441415,-0.112542,0.0891175,-0.13024026,0.23515232,-0.06860049
../data/train_data_mmini/6/Train_0028.jpg	6	1.0,1.0,-1.0,-1.0,-1.0,1.0,-1.0,1.0,-1.0,1.0,1.0,1.0,1.0,1.0,1.0,1.0,1.0,-1.0,-1.0,1.0,-1.0,-1.0,1.0,1.0	0.10522542,0.05997277,-0.31064585,-0.13652681,-0.02464113,0.015338751,-0.027996426,0.24492091,-0.108507946,0.02857742,0.10737141,0.30185235,0.13782346,0.061726723,0.22209597,0.022451414,0.20710264,-0.37456745,-0.044428725,0.026844708,-0.22060545,-0.29018626,0.19458155,0.03999074
../data/train_data_mmini/6/Train_0029.jpg	6	-1.0,1.0,1.0,1.0,1.0,1.0,1.0,-1.0,1.0,-1.0,1.0,-1.0,-1.0,1.0,-1.0,1.0,-1.0,1.0,1.0,-1.0,1.0,1.0,1.0,1.0	-0.06190136,0.25521737,0.32045248,0.019350244,0.25473204,0.16438305,0.092734575,-0.17746931,0.14033614,-0.073293984,0.025619704,-0.117076404,-0.24511977,0.4309323,-0.119311936,0.28168815,-0.08486845,0.34756246,0.23431134,-0.08454983,0.22409452,0.012506002,0.2854056,0.23784897
../data/train_data_mmini/7/Train_0030.jpg	7	1.0,1.0,1.0,-1.0,-1.0,-1.0,1.0,-1.0,1.0,1.0,-1.0,-1.0,-1.0,-1.0,1.0,-1.0,-1.0,-1.0,1.0,1.0,-1.0,-1.0,-1.0,-1.0	0.07868836,0.08210289,0.057200715,-0.24242918,-0.18010913,-0.16542102,0.11553922,-0.057052262,0.000880333,0.0448428,-0.059952017,-0.19444777,-0.06633829,-0.12953956,0.18578014,-0.21610843,-0.112855636,-0.31293,0.0018371141,0.16731326,-0.10054329,-0.09111425,-0.21723436,-0.28542668
../data/train_data_mmini/7/Train_0031.jpg	7	-1.0,1.0,-1.0,-1.0,1.0,1.0,1.0,1.0,1.0,-1.0,-1.0,-1.0,1.0,1.0,1.0,1.0,-1.0,-1.0,1.0,1.0,-1.0,-1.0,-1.0,-1.0	-0.0503572,0.28888413,-0.036727466,-0.26600888,0.08930901,0.03504138,0.28404674,0.042114846,0.043207902,-0.10325414,-0.12463304,-0.17344432,0.06618854,0.24624135,0.28521007,0.05741405,-0.057453513,-0.04858877,0.10922369,0.0019287893,-0.0050890176,-0.14950441,-0.049462356,-0.38709584
../data/train_data_mmini/7/Train_0032.jpg	7	1.0,1.0,-1.0,1.0,-1.0,-1.0,-1.0,1.0,-1.0,1.0,1.0,1.0,1.0,-1.0,1.0,-1.0,-1.0,-1.0,1.0,1.0,-1.0,-1.0,1.0,1.0	0.25251514,0.042754836,-0.22711791,0.08624633,-0.03763074,-0.14312011,-0.12235025,0.22659254,-0.20729244,0.054153997,0.5318695,0.11810369,0.11065798,-0.08909772,0.0045713866,-0.0058003836,-0.10925579,-0.8028161,0.1825508,0.30864105,-0.16045257,-0.41723382,0.40482754,0.31135336
../data/train_data_mmini/7/Train_0033.jpg	7	-1.0,-1.0,-1.0,-1.0,-1.0,-1.0,1.0,1.0,-1.0,1.0,-1.0,1.0,-1.0,-1.0,1.0,1.0,-1.0,1.0,1.0,-1.0,-1.0,1.0,-1.0,-1.0	-0.08796897,-0.10955026,-0.17565705,-0.093553945,-0.033441056,-0.022222353,0.10104731,0.24640875,-0.044076618,0.0737447,-0.14897779,0.11625711,-0.16025692,-0.08355731,0.09957773,0.056803074,-0.12111674,0.08330767,0.095899835,-0.059441004,-0.008388254,0.024877783,-0.10268832,-0.26846492
../data/train_data_mmini/7/Train_0034.jpg	7	1.0,-1.0,-1.0,1.0,1.0,1.0,-1.0,1.0,-1.0,1.0,1.0,1.0,-1.0,-1.0,-1.0,1.0,1.0,1.0,1.0,-1.0,-1.0,-1.0,1.0,1.0	0.21236272,-0.32081574,-0.5382003,0.5731774,0.043827336,0.31352255,-0.42217237,0.5789345,-0.40069413,0.099931106,0.3981789,0.4382094,-0.22286053,-0.1401797,-0.29707158,0.19839138,0.29005805,0.19322546,0.038424935,-0.041689802,-0.12145847,-0.24636148,0.9389099,0.6734975
../data/train_data_mmini/8/Train_0035.jpg	8	1.0,-1.0,1.0,-1.0,1.0,-1.0,-1.0,1.0,1.0,1.0,1.0,-1.0,-1.0,1.0,-1.0,1.0,-1.0,1.0,1.0,-1.0,-1.0,1.0,1.0,1.0	0.1306198,-0.116180904,0.143932,-0.0004928431,0.090397984,-0.046552,-0.008856517,0.106593065,0.1508478,0.060964007,0.017437343,-0.11411146,-0.03958883,0.051104072,-0.07305791,0.1373929,-0.17713296,0.058268826,0.12510407,-0.09500483,-0.2163975,0.14723979,0.012366256,0.16142562
../data/train_data_mmini/8/Train_0036.jpg	8	-1.0,1.0,1.0,-1.0,1.0,-1.0,1.0,1.0,1.0,-1.0,1.0,1.0,1.0,1.0,1.0,1.0,-1.0,1.0,1.0,-1.0,-1.0,-1.0,-1.0,-1.0	-0.14023449,0.32587156,0.054841526,-0.19091132,0.046093848,-0.17183022,0.15744752,0.09295546,0.023021104,-0.07104492,0.085306086,0.02950244,0.036844023,0.20309064,0.12333696,0.12572685,-0.18972778,0.032279592,0.06832386,-0.13767886,-0.116333544,-0.15759699,-0.12772527,-0.28510037
../data/train_data_mmini/8/Train_0037.jpg	8	1.0,1.0,-1.0,-1.0,-1.0,-1.0,1.0,1.0,-1.0,-1.0,1.0,1.0,1.0,1.0,1.0,-1.0,1.0,-1.0,1.0,1.0,1.0,-1.0,1.0,-1.0	0.11278474,0.21373099,-0.19447039,-0.17020905,-0.08814004,-0.071964085,0.066787854,0.17911209,-0.16691929,-0.04850636,0.01853783,0.2427453,0.14834826,0.008487316,0.43577304,-0.014913993,0.065986,-0.3485914,0.006737603,0.07822314,0.03534366,-0.29294705,0.07224833,-0.19125468
../data/train_data_mmini/8/Train_0038.jpg	8	1.0,1.0,1.0,1.0,1.0,1.0,1.0,-1.0,1.0,-1.0,-1.0,-1.0,-1.0,1.0,1.0,1.0,1.0,1.0,1.0,-1.0,1.0,-1.0,1.0,1.0	0.0791618,0.053893246,0.04637155,0.024515985,0.19227299,0.09149057,0.006776686,-0.013049907,0.11667177,-0.06987642,-0.10854577,-0.14551638,-0.0045179357,0.09462032,0.106058575,0.19104877,0.0039649224,0.1500474,0.16015045,-0.05157945,0.016599892,-0.0021143993,0.10146236,0.022375436
../data/train_data_mmini/8/Train_0039.jpg	8	1.0,1.0,1.0,-1.0,1.0,-1.0,1.0,1.0,1.0,1.0,1.0,-1.0,1.0,1.0,1.0,1.0,-1.0,-1.0,1.0,1.0,-1.0,-1.0,1.0,1.0	0.13959321,0.07344017,0.26754162,-0.057592932,0.09470418,-0.01551844,0.08310191,0.041970603,0.0792844,0.022762705,0.13598779,-0.077681564,0.049952216,0.11561716,0.008368575,0.1578811,-0.28729466,-0.23533303,0.18385108,0.013249634,-0.14641243,-0.05016333,0.04834353,0.14078274
../data/train_data_mmini/9/Train_0040.jpg	9	1.0,-1.0,1.0,1.0,-1.0,1.0,1.0,1.0,1.0,1.0,-1.0,-1.0,1.0,1.0,1.0,1.0,-1.0,-1.0,1.0,1.0,-1.0,1.0,1.0,1.0	0.025500365,-0.05810734,0.10332063,0.022352887,-0.02467743,0.038083185,0.03304309,0.058364384,0.10794994,0.0101549355,-0.0030806619,-0.032778572,0.07856052,0.050973494,0.17115048,0.0124866795,-0.04831893,-0.12945335,0.044472028,0.101598576,-0.13730764,0.026538577,0.07068559,0.03332003
../data/train_data_mmini/9/Train_0041.jpg	9	1.0,-1.0,-1.0,-1.0,-1.0,-1.0,1.0,1.0,-1.0,-1.0,-1.0,1.0,-1.0,-1.0,1.0,1.0,1.0,1.0,-1.0,-1.0,-1.0,-1.0,-1.0,-1.0	0.12687927,-0.09416131,-0.27883425,-0.010308908,-0.10315479,-0.018007962,0.09294732,0.23772839,-0.16844133,-0.12037587,-0.20582928,0.00521027,-0.18970591,-0.17900711,0.12686977,0.022076359,0.13542229,0.0042818007,-0.072178364,-0.056956146,-0.09326711,-0.13369225,-0.0011160462,-0.2991305
../data/train_data_mmini/9/Train_0042.jpg	9	1.0,1.0,1.0,1.0,-1.0,1.0,1.0,1.0,1.0,-1.0,1.0,-1.0,1.0,1.0,1.0,1.0,-1.0,-1.0,1.0,1.0,-1.0,-1.0,1.0,1.0	0.026804037,0.18178813,0.16175385,0.109567836,-0.05291334,0.020479502,0.09687621,0.042883657,0.078425914,-0.008342666,0.15036687,-0.03333376,0.22263728,0.1354041,0.20392753,0.10337039,-0.010725924,-0.4369011,0.14122705,0.21929313,-0.007638636,-0.1830226,0.19743134,0.16370396
../data/train_data_mmini/9/Train_0043.jpg	9	1.0,1.0,1.0,-1.0,-1.0,1.0,1.0,-1.0,1.0,-1.0,-1.0,-1.0,1.0,1.0,1.0,1.0,-1.0,-1.0,1.0,-1.0,-1.0,1.0,-1.0,-1.0	0.15732421,0.06738003,0.14419748,-0.13442259,-0.013380143,0.0036512488,0.06025536,-0.098043256,0.15067716,-0.0043919506,-0.073039,-0.019016396,0.090020545,0.19823657,0.13724983,0.14430521,-0.09982782,-0.08189325,0.12766097,-0.03529327,-0.16358212,0.03469463,-0.033997603,-0.0547594
../data/train_data_mmini/9/Train_0044.jpg	9	1.0,1.0,1.0,-1.0,-1.0,-1.0,1.0,-1.0,1.0,-1.0,1.0,-1.0,1.0,1.0,1.0,1.0,-1.0,-1.0,1.0,1.0,1.0,-1.0,1.0,1.0	0.051728807,0.24830766,0.3520194,-0.007299574,-0.02082837,-0.11993639,0.13704015,-0.15608907,0.13561349,-0.012881947,0.041824523,-0.2496455,0.050523646,0.3138237,0.056514718,0.23617104,-0.20398647,-0.27113235,0.30888706,0.093694165,0.22304183,-0.20952106,0.1620199,0.14760049
../data/train_data_mmini/10/Train_0045.jpg	10	1.0,1.0,-1.0,-1.0,1.0,1.0,-1.0,1.0,-1.0,1.0,1.0,1.0,-1.0,1.0,-1.0,1.0,-1.0,-1.0,1.0,1.0,-1.0,-1.0,1.0,1.0	0.2865841,0.069516726,-0.003347227,-0.066251755,0.06428397,0.11534347,-0.063987225,0.07744018,-0.019652544,0.006284478,0.2315269,0.012041901,-0.09872467,0.076623365,-0.21005408,0.18060829,-0.15883791,-0.12020399,0.18930797,0.066438004,-0.19654967,-0.15112652,0.28994602,0.078269415
../data/train_data_mmini/10/Train_0046.jpg	10	1.0,1.0,1.0,1.0,-1.0,-1.0,-1.0,1.0,-1.0,-1.0,1.0,-1.0,1.0,1.0,1.0,1.0,1.0,-1.0,1.0,1.0,1.0,-1.0,1.0,1.0	0.21625127,0.31298724,0.027178867,0.0090359505,-0.0022846488,-0.098263085,-0.03159744,0.0037687651,-0.11563712,-0.17646043,0.23650996,-0.008901927,0.12751879,0.19891095,0.14414403,0.25278822,0.10582401,-0.7026141,0.15036745,0.08220099,0.36229283,-0.48043826,0.4008623,0.40166906
../data/train_data_mmini/10/Train_0047.jpg	10	1.0,1.0,1.0,1.0,1.0,1.0,-1.0,-1.0,-1.0,-1.0,1.0,1.0,1.0,1.0,-1.0,1.0,-1.0,-1.0,1.0,1.0,-1.0,-1.0,1.0,1.0	0.22290087,0.23466332,0.09352896,0.06572801,0.070629716,0.11475679,-0.12755015,-0.0034070977,-0.023782192,-0.053079944,0.29921576,0.052338842,0.06891627,0.32030272,-0.14105178,0.106713794,-0.115591586,-0.26827574,0.24735115,0.043413084,-0.16153648,-0.2659562,0.2818688,0.20254898
../data/train_data_mmini/10/Train_0048.jpg	10	1.0,-1.0,1.0,1.0,1.0,1.0,-1.0,-1.0,1.0,1.0,1.0,-1.0,-1.0,1.0,-1.0,1.0,-1.0,1.0,1.0,-1.0,-1.0,-1.0,1.0,1.0	0.076132886,-0.101216756,0.31573823,0.48196504,0.1026319,0.0993679,-0.12653472,-0.03131061,0.11514951,0.011827531,0.3054663,-0.41858417,-0.44441304,0.2641599,-0.70013875,0.27902955,-0.31254566,0.32538173,0.41489598,-0.034649286,-0.08555311,-0.032192215,0.5519842,0.5767236
../data/train_data_mmini/10/Train_0049.jpg	10	1.0,1.0,1.0,1.0,1.0,-1.0,-1.0,1.0,1.0,1.0,1.0,1.0,1.0,1.0,-1.0,1.0,-1.0,-1.0,1.0,1.0,-1.0,-1.0,1.0,1.0	0.15109432,0.033760138,0.116954304,0.037107226,0.102249876,-0.0025286204,-0.03145874,0.112693764,0.072211504,0.03179619,0.11319147,0.031272385,0.086287685,0.10814614,-0.033237763,0.18825114,-0.09838334,-0.066246584,0.12757744,0.016560255,-0.07212931,-0.05938675,0.2977072,0.26247096
