../data/train_data_mmini/1/Train_0000.jpg	1	1.0,-1.0,-1.0,1.0,-1.0,1.0,-1.0,-1.0,-1.0,1.0,-1.0,1.0,1.0,1.0,-1.0,-1.0,-1.0,-1.0,-1.0,-1.0,-1.0,1.0,1.0,-1.0	0.71916926,-0.91474867,-0.23669073,1.4394923,-1.6175045,4.903685,-1.84553,-0.9324537,-1.812011,2.6134589,-0.8254577,0.57261866,1.6810974,5.4765377,-1.3780981,-6.0701647,-3.0998783,-2.9993558,-0.19981548,-3.0342753,-1.9431049,7.3232675,2.0173857,-3.1829937
../data/train_data_mmini/1/Train_0001.jpg	1	1.0,-1.0,-1.0,1.0,-1.0,1.0,-1.0,-1.0,-1.0,1.0,-1.0,1.0,1.0,1.0,-1.0,-1.0,-1.0,-1.0,-1.0,-1.0,-1.0,1.0,1.0,-1.0	0.7316173,-0.9967713,-0.14311577,0.93903244,-1.5569628,4.843529,-1.7473313,-0.87807953,-1.7803028,2.4989572,-0.60893506,0.756781,1.6224511,5.4627223,-1.3799394,-5.632112,-2.875637,-3.021453,-0.08114956,-2.7857304,-1.5014441,6.7285843,1.7491329,-3.0681615
../data/train_data_mmini/1/Train_0002.jpg	1	1.0,-1.0,-1.0,1.0,-1.0,1.0,-1.0,-1.0,-1.0,1.0,-1.0,1.0,1.0,1.0,-1.0,-1.0,-1.0,-1.0,-1.0,-1.0,-1.0,1.0,1.0,-1.0	0.7073058,-0.7846447,-0.63206095,1.3163036,-0.99606,3.7955575,-1.5692753,-0.94120127,-1.1653996,2.1539707,-0.45957708,0.75506365,1.1015114,3.901682,-0.87041426,-4.5813355,-2.4174109,-2.1850646,-0.27600223,-2.0052776,-1.4315428,5.3796735,1.7277671,-2.4986095
../data/train_data_mmini/1/Train_0003.jpg	1	1.0,-1.0,-1.0,1.0,-1.0,1.0,-1.0,-1.0,-1.0,1.0,-1.0,1.0,1.0,1.0,-1.0,-1.0,-1.0,-1.0,1.0,-1.0,-1.0,1.0,1.0,-1.0	0.71567816,-0.99095327,-0.2407803,1.7536733,-1.833865,4.9043565,-1.7450742,-1.106047,-2.1276617,2.815681,-0.96104497,0.72473174,2.3030405,5.9681134,-1.5702181,-6.2766843,-3.308816,-3.3204634,0.038770966,-3.3423069,-2.1329854,7.8239074,2.1269677,-3.28197
../data/train_data_mmini/1/Train_0004.jpg	1	1.0,-1.0,-1.0,1.0,-1.0,1.0,-1.0,-1.0,-1.0,1.0,-1.0,1.0,1.0,1.0,-1.0,-1.0,-1.0,-1.0,-1.0,-1.0,-1.0,1.0,1.0,-1.0	0.5837234,-0.9230559,-0.29844356,1.614018,-1.7970748,4.907716,-1.8519862,-0.94272345,-2.1450515,2.5338337,-0.9771679,0.5213836,1.9776947,5.8295703,-1.5755936,-6.2088094,-3.3501816,-3.2241676,-0.19703032,-3.5223203,-2.3048282,7.7901816,2.0825868,-3.1955438
../data/train_data_mmini/2/Train_0005.jpg	2	1.0,-1.0,-1.0,1.0,-1.0,1.0,-1.0,-1.0,-1.0,1.0,-1.0,1.0,1.0,1.0,-1.0,-1.0,-1.0,-1.0,-1.0,-1.0,-1.0,1.0,1.0,-1.0	0.48197243,-0.8027086,-0.51951283,1.2724307,-1.465502,4.025942,-1.726667,-0.86798066,-1.5741534,2.080315,-0.6869645,0.6130784,1.8709732,4.82778,-1.295352,-4.9688096,-2.5590737,-2.5087874,-0.05783964,-2.7663846,-1.8484253,6.4094915,1.7314765,-2.6777859
../data/train_data_mmini/2/Train_0006.jpg	2	1.0,-1.0,1.0,1.0,-1.0,1.0,-1.0,-1.0,-1.0,1.0,-1.0,1.0,1.0,1.0,-1.0,-1.0,-1.0,-1.0,-1.0,-1.0,-1.0,1.0,1.0,-1.0	0.6007555,-1.1986941,0.00024466807,0.5824747,-1.3008175,3.8903804,-1.8443638,-0.5696368,-1.1900003,2.0389042,-0.3951372,0.83890843,1.0974455,4.4535084,-0.88141066,-4.708105,-2.3891196,-2.5761006,-0.3642351,-2.440215,-0.99952936,5.5387974,1.5738031,-3.006361
../data/train_data_mmini/2/Train_0007.jpg	2	1.0,-1.0,-1.0,1.0,-1.0,1.0,-1.0,-1.0,-1.0,1.0,-1.0,1.0,1.0,1.0,-1.0,-1.0,-1.0,-1.0,-1.0,-1.0,-1.0,1.0,1.0,-1.0	0.5464297,-1.0382818,-0.5208709,2.170755,-1.9945225,5.093409,-1.837674,-1.0437583,-2.2679136,2.7109444,-1.1217597,0.8871562,2.4683163,6.4164395,-1.8252091,-6.6154623,-3.500626,-3.746235,-0.24481648,-3.7707894,-2.6507359,8.699512,2.2989736,-3.5003946
../data/train_data_mmini/2/Train_0008.jpg	2	1.0,-1.0,-1.0,1.0,-1.0,1.0,-1.0,-1.0,-1.0,1.0,-1.0,1.0,1.0,1.0,-1.0,-1.0,-1.0,-1.0,-1.0,-1.0,-1.0,1.0,1.0,-1.0	0.57157993,-0.76628864,-0.42894155,1.5015386,-1.4159957,4.2196636,-1.6954465,-0.8677754,-1.380908,2.0482154,-0.6658626,0.7560777,1.5012553,4.790347,-1.2752202,-5.163383,-2.3319495,-2.5930157,-0.54607403,-2.6985261,-1.7352154,6.5070505,1.7831756,-2.8130634
../data/train_data_mmini/2/Train_0009.jpg	2	1.0,-1.0,-1.0,1.0,-1.0,1.0,-1.0,-1.0,-1.0,1.0,-1.0,1.0,1.0,1.0,-1.0,-1.0,-1.0,-1.0,-1.0,-1.0,-1.0,1.0,1.0,-1.0	0.72712445,-1.0459391,-0.02427783,1.0826424,-1.5516464,5.44069,-1.8505412,-0.9052593,-1.7552595,2.7398317,-0.78322494,0.38058746,1.845382,5.798087,-1.3991306,-6.180596,-3.2357385,-3.1145048,-0.12827313,-3.2619083,-2.234065,7.881313,1.9715502,-3.5703688
../data/train_data_mmini/3/Train_0010.jpg	3	1.0,-1.0,-1.0,1.0,-1.0,1.0,-1.0,-1.0,-1.0,1.0,-1.0,1.0,1.0,1.0,-1.0,-1.0,-1.0,-1.0,-1.0,-1.0,-1.0,1.0,1.0,-1.0	0.40219715,-0.639603,-0.8554913,1.5615327,-1.2596933,3.523785,-0.732286,-1.023769,-1.0999743,1.831263,-0.36214557,0.63310295,1.8584661,4.2315784,-1.245135,-3.860791,-1.9289265,-2.3592157,-0.23289865,-2.182851,-1.5327817,5.2538953,1.5672631,-2.0416028
../data/train_data_mmini/3/Train_0011.jpg	3	1.0,-1.0,-1.0,1.0,-1.0,1.0,-1.0,-1.0,-1.0,1.0,-1.0,1.0,1.0,1.0,-1.0,-1.0,-1.0,-1.0,-1.0,-1.0,-1.0,1.0,1.0,-1.0	0.40433314,-0.55662906,-0.39255846,0.4781674,-0.93185073,3.9875994,-1.6047461,-0.36602017,-1.2858626,1.4831076,-0.59439033,0.009137386,0.63919437,3.8949475,-0.79695374,-4.228439,-2.2885778,-1.810984,-0.1328141,-2.2319794,-1.3266368,5.0574465,1.1865634,-2.2477968
../data/train_data_mmini/3/Train_0012.jpg	3	1.0,-1.0,-1.0,1.0,-1.0,1.0,-1.0,-1.0,-1.0,1.0,-1.0,1.0,1.0,1.0,-1.0,-1.0,-1.0,-1.0,1.0,-1.0,-1.0,1.0,1.0,-1.0	0.49497712,-0.71928483,-0.022316115,0.3690265,-1.3547595,4.452021,-2.140538,-0.6114715,-1.8438222,1.9370224,-0.73894095,0.12309526,1.1851398,4.6291394,-0.79535496,-5.317101,-3.5343473,-2.555218,0.0513625,-3.2694592,-1.7293836,6.3208766,1.4030125,-2.969836
../data/train_data_mmini/3/Train_0013.jpg	3	1.0,-1.0,-1.0,1.0,-1.0,1.0,-1.0,-1.0,-1.0,1.0,-1.0,1.0,1.0,1.0,-1.0,-1.0,-1.0,-1.0,-1.0,-1.0,-1.0,1.0,1.0,-1.0	0.49519554,-0.98079246,-0.11494177,0.81273335,-1.3908398,4.0993514,-1.8974478,-0.69325674,-1.3455814,1.7583137,-0.4779866,0.63045037,1.4905993,4.847092,-1.048923,-4.9063525,-2.4840944,-2.4848132,-0.3172577,-2.7574086,-1.2647394,5.92223,1.5897621,-2.973914
../data/train_data_mmini/3/Train_0014.jpg	3	1.0,-1.0,-1.0,1.0,-1.0,1.0,-1.0,-1.0,-1.0,1.0,-1.0,1.0,1.0,1.0,-1.0,-1.0,-1.0,-1.0,-1.0,-1.0,-1.0,1.0,1.0,-1.0	0.5019054,-0.7838418,-0.3998084,0.9338919,-1.2832949,4.3960276,-1.6088512,-0.86051965,-1.3682231,2.0291681,-0.66199774,0.47346696,1.3650692,4.818067,-1.2936629,-4.987187,-2.3975472,-2.6599052,-0.25789773,-2.6243143,-1.9363308,6.724425,1.60001,-3.072936
../data/train_data_mmini/4/Train_0015.jpg	4	1.0,-1.0,-1.0,1.0,-1.0,1.0,-1.0,-1.0,-1.0,1.0,-1.0,1.0,1.0,1.0,-1.0,-1.0,-1.0,-1.0,-1.0,-1.0,-1.0,1.0,1.0,-1.0	0.44061893,-0.8963777,-0.35317263,1.484224,-1.6862255,4.1541543,-2.0596504,-0.85762054,-1.6439958,2.0639038,-0.92321754,0.90242654,1.6948109,5.108645,-1.2225728,-5.5252676,-2.9650369,-2.7572813,-0.5368761,-3.060208,-1.9683938,7.039382,1.8772588,-3.2196937
../data/train_data_mmini/4/Train_0016.jpg	4	1.0,-1.0,-1.0,1.0,-1.0,1.0,-1.0,-1.0,-1.0,1.0,-1.0,1.0,1.0,1.0,-1.0,-1.0,-1.0,-1.0,1.0,-1.0,-1.0,1.0,1.0,-1.0	0.67087203,-0.7690781,-0.11596746,1.0772244,-1.3099087,3.5438147,-1.5697799,-0.7997295,-1.3253548,1.9696488,-0.29791713,0.65310454,1.4308122,4.1781616,-0.98724383,-4.4876723,-2.1259034,-2.156904,0.110742636,-2.3431265,-1.4072632,5.3251023,1.443092,-2.2277753
../data/train_data_mmini/4/Train_0017.jpg	4	1.0,-1.0,1.0,1.0,-1.0,1.0,-1.0,-1.0,-1.0,1.0,-1.0,1.0,1.0,1.0,-1.0,-1.0,-1.0,-1.0,-1.0,-1.0,-1.0,1.0,1.0,-1.0	0.70602906,-1.1948061,0.08997091,0.10387996,-1.2133023,3.9765801,-1.9790204,-0.50236344,-1.20215,1.8128635,-0.21559642,0.71321577,0.40848824,4.347335,-0.48243502,-4.736026,-2.7636604,-2.6481116,-0.17942238,-2.5015223,-0.8892612,4.985492,1.2137115,-2.6617985
../data/train_data_mmini/4/Train_0018.jpg	4	1.0,-1.0,-1.0,1.0,-1.0,1.0,-1.0,-1.0,-1.0,1.0,-1.0,1.0,1.0,1.0,-1.0,-1.0,-1.0,-1.0,-1.0,-1.0,-1.0,1.0,1.0,-1.0	0.2681037,-0.5137323,-0.6353524,0.9140243,-1.1023054,3.3862858,-1.4720956,-0.5576972,-1.3461953,1.5731459,-0.5502318,0.38881364,1.1210225,3.9936395,-1.1006193,-3.9946723,-2.0630965,-2.1236203,-0.115660235,-2.217382,-1.4371632,5.088867,1.3047228,-2.1459956
../data/train_data_mmini/4/Train_0019.jpg	4	1.0,-1.0,-1.0,1.0,-1.0,1.0,-1.0,-1.0,-1.0,1.0,-1.0,1.0,1.0,1.0,-1.0,-1.0,-1.0,-1.0,-1.0,-1.0,-1.0,1.0,1.0,-1.0	0.48177508,-1.2096556,-0.07917864,1.3398694,-1.7875171,3.5915596,-1.9480798,-0.70481175,-1.8124022,2.002186,-0.78070587,1.0752175,2.1830938,5.3313074,-1.3499805,-4.993474,-2.5429091,-2.6000717,-0.16528705,-2.835513,-1.2465656,6.163635,1.815328,-2.9858522
../data/train_data_mmini/5/Train_0020.jpg	5	1.0,-1.0,-1.0,1.0,-1.0,1.0,-1.0,-1.0,-1.0,1.0,-1.0,1.0,1.0,1.0,-1.0,-1.0,-1.0,-1.0,-1.0,-1.0,-1.0,1.0,1.0,-1.0	0.6587685,-1.1907754,-0.47673544,1.8357615,-1.8864144,5.0821104,-1.9038138,-1.1136049,-2.1856003,2.7977126,-0.9586323,0.96827525,2.414061,6.3353853,-1.7664053,-6.450623,-3.3995683,-3.6424835,-0.15682048,-3.5786617,-2.335268,8.398019,2.2172925,-3.470989
../data/train_data_mmini/5/Train_0021.jpg	5	1.0,-1.0,-1.0,1.0,-1.0,1.0,-1.0,-1.0,-1.0,1.0,-1.0,1.0,1.0,1.0,-1.0,-1.0,-1.0,-1.0,-1.0,-1.0,-1.0,1.0,1.0,-1.0	0.58313525,-0.94186515,-0.23866706,1.4301847,-1.6999339,5.3958445,-2.2348742,-0.97506756,-2.0861595,2.7689896,-1.2202758,0.4311298,1.8386809,5.9717293,-1.5645088,-6.735498,-3.4581516,-3.1468663,-0.3789152,-3.4901347,-2.3385267,8.3929615,2.0980215,-3.72893
../data/train_data_mmini/5/Train_0022.jpg	5	1.0,-1.0,-1.0,1.0,-1.0,1.0,-1.0,-1.0,-1.0,1.0,-1.0,1.0,1.0,1.0,-1.0,-1.0,-1.0,-1.0,-1.0,-1.0,-1.0,1.0,1.0,-1.0	0.66717565,-1.0504503,-0.1450452,1.6897409,-1.7827983,4.8386283,-1.803954,-0.86193156,-1.8921428,2.504248,-1.0007087,0.77825546,2.2671793,5.859667,-1.5440116,-6.15912,-3.100756,-3.224121,-0.2041359,-3.4427133,-2.274325,7.932649,2.059619,-3.3183982
../data/train_data_mmini/5/Train_0023.jpg	5	1.0,-1.0,-1.0,1.0,-1.0,1.0,-1.0,-1.0,-1.0,1.0,-1.0,1.0,1.0,1.0,-1.0,-1.0,-1.0,-1.0,-1.0,-1.0,-1.0,1.0,1.0,-1.0	0.5945823,-1.0051756,-0.29410014,1.7904403,-1.8129561,4.944006,-1.7822556,-1.051546,-2.1998923,2.777051,-1.1493468,0.73118883,2.3171122,5.98767,-1.7339453,-6.3364806,-3.376044,-3.4436066,-0.24183206,-3.4307384,-2.3060415,8.207253,2.1508975,-3.402466
../data/train_data_mmini/5/Train_0024.jpg	5	1.0,-1.0,-1.0,1.0,-1.0,1.0,-1.0,-1.0,-1.0,1.0,-1.0,1.0,1.0,1.0,-1.0,-1.0,-1.0,-1.0,-1.0,-1.0,-1.0,1.0,1.0,-1.0	0.39411366,-0.9012239,-0.63912,1.832155,-1.8444592,4.903437,-1.8212854,-1.1194539,-2.125712,2.5207975,-1.086887,0.54592323,2.2324321,5.82839,-1.711495,-6.219886,-3.5570836,-3.311898,-0.17145878,-3.730947,-2.7082436,8.267399,2.2100997,-3.3491037
../data/train_data_mmini/6/Train_0025.jpg	6	1.0,-1.0,-1.0,1.0,-1.0,1.0,-1.0,-1.0,-1.0,1.0,-1.0,1.0,1.0,1.0,-1.0,-1.0,-1.0,-1.0,1.0,-1.0,-1.0,1.0,1.0,-1.0	0.6659186,-0.5521017,-0.18610273,1.3599405,-1.5696336,3.7595923,-1.0728645,-1.1362076,-1.3656015,1.8505647,-0.48893014,0.25460142,2.1273146,4.3985133,-1.0497208,-4.3103566,-2.3590786,-2.2586453,0.60598546,-2.680743,-1.6949271,5.6417933,1.5691987,-2.1867583
../data/train_data_mmini/6/Train_0026.jpg	6	1.0,-1.0,-1.0,1.0,-1.0,1.0,-1.0,-1.0,-1.0,1.0,-1.0,1.0,1.0,1.0,-1.0,-1.0,-1.0,-1.0,-1.0,-1.0,-1.0,1.0,1.0,-1.0	0.29826808,-1.1436265,-0.5326283,1.0509344,-1.8644135,5.103362,-1.7093666,-0.7256659,-1.9548914,2.4450543,-0.6466751,0.8007238,1.2378433,6.2103133,-1.4183143,-5.805153,-3.2216434,-3.6313355,-0.4026728,-3.2366157,-1.5771699,6.6766343,1.8413705,-3.3542144
../data/train_data_mmini/6/Train_0027.jpg	6	1.0,-1.0,-1.0,1.0,-1.0,1.0,-1.0,-1.0,-1.0,1.0,-1.0,1.0,1.0,1.0,-1.0,-1.0,-1.0,-1.0,1.0,-1.0,-1.0,1.0,1.0,-1.0	0.72999054,-0.5858732,-0.21499832,0.73904365,-0.9724009,3.6507864,-0.96888006,-0.7240398,-1.0773242,1.8697665,-0.37642673,0.2953761,1.3951632,3.7568448,-1.0319813,-3.7422566,-1.8936039,-1.8663542,0.2145051,-2.1030314,-1.3466073,5.1864285,1.3319572,-2.2466187
../data/train_data_mmini/6/Train_0028.jpg	6	1.0,-1.0,-1.0,1.0,-1.0,1.0,-1.0,-1.0,-1.0,1.0,-1.0,1.0,1.0,1.0,-1.0,-1.0,-1.0,-1.0,-1.0,-1.0,-1.0,1.0,1.0,-1.0	0.49373433,-0.86583996,-0.4434278,1.0482452,-1.2248516,4.5494123,-1.5682483,-0.55133027,-1.4366407,1.8764368,-0.59952575,0.30237404,0.9228981,4.7692647,-1.1847486,-4.839922,-2.5619488,-2.7119887,-0.14636935,-2.6779056,-1.9390895,6.3470697,1.533228,-2.6174939
../data/train_data_mmini/6/Train_0029.jpg	6	1.0,-1.0,-1.0,1.0,-1.0,1.0,-1.0,-1.0,-1.0,1.0,-1.0,1.0,1.0,1.0,-1.0,-1.0,-1.0,-1.0,-1.0,-1.0,-1.0,1.0,1.0,-1.0	0.61939615,-0.7326637,-0.14188315,1.6361873,-1.531356,4.1145535,-1.5342227,-1.0086331,-1.4766005,2.1326296,-0.5156649,0.5526136,2.274784,4.776077,-1.024395,-5.1634207,-2.8253393,-2.4465144,-0.034603193,-2.7771392,-1.752709,6.355111,1.9318533,-2.8352044
../data/train_data_mmini/7/Train_0030.jpg	7	1.0,-1.0,1.0,1.0,-1.0,1.0,-1.0,-1.0,-1.0,1.0,-1.0,1.0,1.0,1.0,-1.0,-1.0,-1.0,-1.0,-1.0,-1.0,-1.0,1.0,1.0,-1.0	0.82788247,-1.0434566,0.09558598,1.0374776,-1.6774045,5.1138864,-2.2550423,-0.74248487,-1.9227171,2.7041144,-0.8318822,0.7944137,1.8777019,5.8524513,-1.3576798,-6.3464804,-3.2139373,-3.0121648,-0.089771375,-3.267813,-1.8364017,7.8733096,1.8838911,-3.646988
../data/train_data_mmini/7/Train_0031.jpg	7	1.0,-1.0,-1.0,1.0,-1.0,1.0,-1.0,-1.0,-1.0,1.0,-1.0,1.0,1.0,1.0,-1.0,-1.0,-1.0,-1.0,-1.0,-1.0,-1.0,1.0,1.0,-1.0	0.66927725,-1.0730602,-0.3397652,0.790202,-1.486332,5.1343617,-1.9448932,-0.9465012,-1.7592951,2.362978,-0.5816083,0.39109606,1.624116,5.804637,-1.2627556,-5.724497,-3.1516275,-3.3252177,-0.14675134,-3.3576856,-2.1806567,7.256467,1.763583,-3.338858
../data/train_data_mmini/7/Train_0032.jpg	7	1.0,-1.0,-1.0,1.0,-1.0,1.0,-1.0,-1.0,-1.0,1.0,-1.0,1.0,1.0,1.0,-1.0,-1.0,-1.0,-1.0,-1.0,-1.0,-1.0,1.0,1.0,-1.0	0.5404413,-0.71758896,-0.30771554,0.55607593,-1.1179315,4.3571424,-1.6263518,-0.7202008,-1.1575289,1.8080832,-0.4980513,0.14164974,1.0023934,4.317468,-1.053,-4.616113,-2.2024872,-2.1503806,-0.17979144,-2.5631053,-1.7498596,5.9528484,1.3541486,-2.8152146
../data/train_data_mmini/7/Train_0033.jpg	7	1.0,-1.0,-1.0,1.0,-1.0,1.0,-1.0,-1.0,-1.0,1.0,-1.0,1.0,1.0,1.0,-1.0,-1.0,-1.0,-1.0,-1.0,-1.0,-1.0,1.0,1.0,-1.0	0.463768,-1.0646861,-0.44665056,1.1247928,-1.4800506,4.6436567,-1.6160438,-0.9796523,-1.5586828,2.421904,-0.6374893,0.7204297,1.5859327,5.2290998,-1.4642897,-5.266792,-2.8827195,-3.0218666,-0.1664221,-2.8763247,-2.128939,7.3378186,1.8690852,-3.3993127
../data/train_data_mmini/7/Train_0034.jpg	7	1.0,-1.0,-1.0,1.0,-1.0,1.0,-1.0,-1.0,-1.0,1.0,-1.0,-1.0,1.0,1.0,-1.0,-1.0,-1.0,-1.0,1.0,-1.0,-1.0,1.0,1.0,-1.0	0.12551285,-0.3097832,-0.8837747,1.1274189,-1.0569314,3.3078837,-0.98971987,-0.6029398,-1.4468287,1.4316335,-0.747354,-0.15501888,1.4587713,3.8422287,-1.359596,-3.5989816,-2.1124833,-1.8740706,0.100364104,-2.5773368,-1.9084083,5.378469,1.302052,-1.8319343
../data/train_data_mmini/8/Train_0035.jpg	8	1.0,-1.0,-1.0,1.0,-1.0,1.0,-1.0,-1.0,-1.0,1.0,-1.0,1.0,1.0,1.0,-1.0,-1.0,-1.0,-1.0,-1.0,-1.0,-1.0,1.0,1.0,-1.0	0.6091687,-0.8278142,-0.12838699,1.0853362,-1.3465121,4.6941524,-1.6766542,-0.86517155,-1.4435897,2.1650207,-0.7138592,0.36693156,1.8846939,4.8629613,-1.2341238,-5.3809886,-2.6861103,-2.6248488,-0.28820395,-3.0081732,-2.1039689,7.1782036,1.7070783,-3.1025982
../data/train_data_mmini/8/Train_0036.jpg	8	1.0,-1.0,-1.0,1.0,-1.0,1.0,-1.0,-1.0,-1.0,1.0,-1.0,1.0,1.0,1.0,-1.0,-1.0,-1.0,-1.0,-1.0,-1.0,-1.0,1.0,1.0,-1.0	0.5614406,-0.8788504,-0.429061,1.0834529,-1.4149253,4.900863,-1.6615899,-0.93775094,-1.4950858,2.2300363,-0.6286774,0.4674607,1.6146538,5.3369393,-1.2043751,-5.1763506,-2.8669047,-3.0421762,-0.04273182,-3.05403,-2.265795,7.2122765,1.7575428,-3.1082969
../data/train_data_mmini/8/Train_0037.jpg	8	1.0,-1.0,-1.0,1.0,-1.0,1.0,-1.0,-1.0,-1.0,1.0,-1.0,1.0,1.0,1.0,-1.0,-1.0,-1.0,-1.0,-1.0,-1.0,-1.0,1.0,1.0,-1.0	0.24308418,-0.9140272,-0.62730527,1.1548179,-1.7018317,4.9931703,-1.828298,-0.7961991,-1.7661859,2.1855574,-0.76638806,0.5908754,1.409373,5.6611824,-1.3179519,-5.531761,-3.0674698,-3.1923606,-0.23864259,-3.241349,-2.127092,7.193633,1.7343714,-3.1628754
../data/train_data_mmini/8/Train_0038.jpg	8	1.0,-1.0,-1.0,1.0,-1.0,1.0,-1.0,-1.0,-1.0,1.0,-1.0,1.0,1.0,1.0,-1.0,-1.0,-1.0,-1.0,-1.0,-1.0,-1.0,1.0,1.0,-1.0	0.6940403,-0.76746744,-0.25118035,1.2992976,-1.3642071,4.577746,-1.7032405,-1.0160687,-1.4652654,2.3134458,-0.7225113,0.51463944,2.096782,5.0770755,-1.2221047,-5.460341,-2.7955172,-2.57302,-0.22085568,-2.966422,-1.9659609,7.147359,1.8445853,-3.1381307
../data/train_data_mmini/8/Train_0039.jpg	8	1.0,-1.0,-1.0,1.0,-1.0,1.0,-1.0,-1.0,-1.0,1.0,-1.0,1.0,1.0,1.0,-1.0,-1.0,-1.0,-1.0,-1.0,-1.0,-1.0,1.0,1.0,-1.0	0.6185471,-0.87937075,-0.18026483,0.8537058,-1.3562217,4.923495,-1.8965833,-0.7558089,-1.3069959,2.1773338,-0.5670955,0.29533088,1.6199538,4.865573,-0.9896431,-5.3903356,-2.91162,-2.559974,-0.14317816,-2.9970536,-1.9044682,7.07431,1.8145903,-3.2996912
../data/train_data_mmini/9/Train_0040.jpg	9	1.0,-1.0,-1.0,1.0,-1.0,1.0,-1.0,-1.0,-1.0,1.0,-1.0,1.0,1.0,1.0,-1.0,-1.0,-1.0,-1.0,-1.0,-1.0,-1.0,1.0,1.0,-1.0	0.54074144,-1.0298227,-0.43122715,1.8784475,-2.0465832,5.262486,-2.207893,-1.0467105,-2.2539752,2.6906004,-1.1729705,0.94045484,2.237777,6.480393,-1.7318084,-6.8504453,-3.519866,-3.6075914,-0.2611232,-3.7866337,-2.4959538,8.74608,2.2502496,-3.639496
../data/train_data_mmini/9/Train_0041.jpg	9	1.0,-1.0,-1.0,1.0,-1.0,1.0,-1.0,-1.0,-1.0,1.0,-1.0,1.0,1.0,1.0,-1.0,-1.0,-1.0,-1.0,1.0,-1.0,-1.0,1.0,1.0,-1.0	0.51541376,-0.92626226,-0.6125709,1.06013,-1.3386691,4.590589,-1.4447962,-0.97284776,-1.6064016,2.1135545,-0.37382096,0.57583326,1.7261927,5.149726,-1.3572377,-4.7405267,-2.587069,-2.9645607,0.14224845,-2.8744423,-1.7972025,6.5789185,1.6259985,-2.78943
../data/train_data_mmini/9/Train_0042.jpg	9	1.0,-1.0,-1.0,1.0,-1.0,1.0,-1.0,-1.0,-1.0,1.0,-1.0,1.0,1.0,1.0,-1.0,-1.0,-1.0,-1.0,-1.0,-1.0,-1.0,1.0,1.0,-1.0	0.32488132,-0.8294735,-0.6055233,1.9814379,-1.9793537,4.437791,-2.010388,-1.0435802,-2.1070287,2.1550019,-1.0555902,0.8890509,2.0467951,5.707427,-1.4779612,-5.997499,-3.2898638,-3.1522236,-0.23782524,-3.5461087,-2.2713456,7.46502,2.098009,-3.0260618
../data/train_data_mmini/9/Train_0043.jpg	9	1.0,-1.0,-1.0,1.0,-1.0,1.0,-1.0,-1.0,-1.0,1.0,-1.0,1.0,1.0,1.0,-1.0,-1.0,-1.0,-1.0,-1.0,-1.0,-1.0,1.0,1.0,-1.0	0.6714793,-1.1412094,-0.43164533,1.6692914,-1.774732,5.245813,-2.0680337,-0.9723784,-1.8103012,2.6519518,-0.8911808,0.94198984,2.031474,6.110751,-1.6220106,-6.5062504,-3.0894525,-3.4452431,-0.45843393,-3.4663243,-2.2241654,8.349426,2.1981387,-3.555921
../data/train_data_mmini/9/Train_0044.jpg	9	1.0,-1.0,-1.0,1.0,-1.0,1.0,-1.0,-1.0,-1.0,1.0,-1.0,1.0,1.0,1.0,-1.0,-1.0,-1.0,-1.0,-1.0,-1.0,-1.0,1.0,1.0,-1.0	0.67315906,-0.9935549,-0.04282835,1.2873592,-1.6394396,4.696544,-1.785583,-1.1798315,-1.5575483,2.3823783,-0.703471,0.7133331,1.9678266,5.437315,-1.2109878,-5.851685,-3.0769634,-2.9884448,-0.1441111,-3.217339,-1.9554147,7.26438,1.924621,-3.2417376
../data/train_data_mmini/10/Train_0045.jpg	10	1.0,-1.0,-1.0,1.0,-1.0,1.0,-1.0,-1.0,-1.0,1.0,-1.0,1.0,1.0,1.0,-1.0,-1.0,-1.0,-1.0,1.0,-1.0,-1.0,1.0,1.0,-1.0	0.15434992,-0.5841343,-0.33754408,0.5964251,-1.0751162,3.2155237,-1.2481765,-0.5793973,-0.9879524,1.3443995,-0.3990919,0.031351976,1.3791237,3.6745782,-0.69445634,-3.3179178,-1.9021825,-1.7003372,0.073034495,-2.469555,-1.586648,5.225433,1.135276,-2.2801344
../data/train_data_mmini/10/Train_0046.jpg	10	1.0,-1.0,-1.0,1.0,-1.0,1.0,-1.0,-1.0,-1.0,1.0,-1.0,1.0,1.0,1.0,-1.0,-1.0,-1.0,-1.0,-1.0,-1.0,-1.0,1.0,1.0,-1.0	0.4935942,-0.56574285,-0.07648339,0.88610333,-0.8666725,2.6573431,-1.1250157,-0.68898106,-0.7822315,1.3334423,-0.3147901,0.40424398,1.088646,2.8698604,-0.6497657,-3.4627812,-1.6183754,-1.1560715,-0.05602154,-1.6608466,-0.97775435,3.9884396,1.2509435,-1.8566394
../data/train_data_mmini/10/Train_0047.jpg	10	1.0,-1.0,-1.0,1.0,-1.0,1.0,-1.0,-1.0,-1.0,1.0,-1.0,1.0,1.0,1.0,-1.0,-1.0,-1.0,-1.0,-1.0,-1.0,-1.0,1.0,1.0,-1.0	0.47598848,-0.70724845,-0.64437413,1.3969116,-1.5556438,4.5837393,-1.8284903,-0.9479237,-1.568191,2.2236238,-0.7777561,0.30141777,1.8012587,5.2112556,-1.2007855,-5.278421,-2.9364092,-2.6783273,-0.1016683,-3.2890637,-2.3153107,7.2019615,1.8449073,-3.039199
../data/train_data_mmini/10/Train_0048.jpg	10	1.0,-1.0,-1.0,1.0,-1.0,1.0,-1.0,-1.0,-1.0,1.0,-1.0,-1.0,1.0,1.0,-1.0,-1.0,-1.0,-1.0,1.0,-1.0,-1.0,1.0,1.0,-1.0	0.66506046,-0.49008822,-0.34164542,1.4576429,-1.275999,3.4831533,-1.5105019,-1.0202694,-1.4558433,1.8514968,-0.6612093,-0.13959722,2.661891,4.249147,-0.982223,-4.3704095,-2.738718,-1.945062,0.2996714,-3.0450654,-1.9699878,6.3170753,1.85605,-2.5953057
../data/train_data_mmini/10/Train_0049.jpg	10	1.0,-1.0,-1.0,1.0,-1.0,1.0,-1.0,-1.0,-1.0,1.0,-1.0,1.0,1.0,1.0,-1.0,-1.0,-1.0,-1.0,-1.0,-1.0,-1.0,1.0,1.0,-1.0	0.45191872,-0.77468854,-0.30482417,1.18121,-1.4859208,4.6091933,-1.7049724,-0.8923033,-1.4491976,1.960894,-0.7120655,0.45462495,1.8290513,4.9395223,-1.2744322,-5.312306,-2.6993456,-2.573894,-0.17787603,-3.0599632,-2.0280123,7.060816,1.8090123,-3.0861208
