../data/train_data_mmini/1/Train_0000.jpg	1	1.0,1.0,-1.0,1.0,1.0,-1.0,-1.0,1.0,1.0,-1.0,1.0,1.0	0.106425926,0.03114355,-0.18009004,0.053461738,0.13847522,-0.12521125,-0.059440445,0.07960161,0.1560663,-0.028985871,0.17618312,0.22897038
../data/train_data_mmini/1/Train_0001.jpg	1	1.0,1.0,-1.0,-1.0,1.0,-1.0,-1.0,-1.0,1.0,1.0,1.0,1.0	0.16094558,0.20537144,-0.13672653,-0.00040697207,0.49105683,-0.09170295,-0.27366275,-0.29829845,0.2153927,0.2094817,0.19969417,0.050772406
../data/train_data_mmini/1/Train_0002.jpg	1	1.0,1.0,-1.0,-1.0,1.0,-1.0,-1.0,1.0,1.0,1.0,-1.0,1.0	0.13502182,0.10260391,-0.14000458,-0.016651472,0.0008787954,-0.21184583,-0.18748213,0.11494564,0.21629305,0.28216028,-0.08397041,0.15003064
../data/train_data_mmini/1/Train_0003.jpg	1	-1.0,-1.0,-1.0,1.0,1.0,-1.0,-1.0,1.0,1.0,-1.0,1.0,1.0	-0.050192222,-0.027623843,-0.12847054,0.06549371,0.12051748,-0.13219632,-0.04985733,0.25308368,0.061745636,-0.037028685,0.098473564,0.2904199
../data/train_data_mmini/1/Train_0004.jpg	1	-1.0,-1.0,-1.0,-1.0,-1.0,-1.0,-1.0,1.0,1.0,-1.0,-1.0,1.0	-0.13883002,-0.165933,-0.11503327,-0.14497106,-0.08251347,-0.24925627,-0.31569964,0.5696797,0.07510533,-0.025479568,-0.3535181,0.23877731
../data/train_data_mmini/2/Train_0005.jpg	2	1.0,1.0,-1.0,1.0,1.0,-1.0,-1.0,1.0,1.0,1.0,1.0,1.0	0.19651677,0.29890847,-0.0739982,0.026484737,0.21507894,-0.17535897,-0.09557028,0.04409918,0.06851317,0.15318702,0.07736613,0.13659629
../data/train_data_mmini/2/Train_0006.jpg	2	1.0,1.0,-1.0,1.0,1.0,1.0,-1.0,-1.0,1.0,1.0,1.0,1.0	0.87554014,0.6638225,-0.57783777,0.22740905,1.2128797,8.330976e-05,-0.6140253,-1.3212669,0.5364104,0.48223913,0.48881897,0.52189624
../data/train_data_mmini/2/Train_0007.jpg	2	-1.0,-1.0,-1.0,-1.0,-1.0,-1.0,-1.0,1.0,-1.0,-1.0,-1.0,1.0	-0.08141291,-0.31466275,-0.09980461,-0.069682024,-0.26376066,-0.1984569,-0.11101492,0.6970312,-0.01269271,-0.015875591,-0.5129268,0.3752505
../data/train_data_mmini/2/Train_0008.jpg	2	1.0,-1.0,-1.0,-1.0,1.0,-1.0,-1.0,-1.0,1.0,1.0,-1.0,1.0	0.40995625,-0.0712339,-0.33045593,-0.36368507,0.04245238,-0.060981173,-0.28295022,-0.08410124,0.26675302,0.60464084,-0.22001456,0.4307268
../data/train_data_mmini/2/Train_0009.jpg	2	1.0,1.0,-1.0,1.0,1.0,-1.0,-1.0,-1.0,1.0,-1.0,1.0,1.0	0.094374076,0.1931139,-0.15963772,0.032583393,0.3634223,-0.15296032,-0.004931521,-0.18191704,0.15162855,-0.13460685,0.38647786,0.010809637
../data/train_data_mmini/3/Train_0010.jpg	3	1.0,1.0,-1.0,-1.0,-1.0,-1.0,-1.0,1.0,-1.0,1.0,-1.0,1.0	0.24460293,0.029721122,-0.37024492,-0.38563797,-0.015421108,-0.23658831,-0.3151523,0.054596778,-0.06408841,0.6856627,-0.7473656,0.22502708
../data/train_data_mmini/3/Train_0011.jpg	3	-1.0,1.0,1.0,-1.0,-1.0,-1.0,-1.0,1.0,1.0,-1.0,-1.0,-1.0	-0.2744715,0.11294869,0.3043076,-0.14722463,-0.21831146,-0.17753989,-0.2379791,0.5017218,0.10459745,-0.053877853,-0.19610944,-0.04839316
../data/train_data_mmini/3/Train_0012.jpg	3	-1.0,1.0,1.0,1.0,1.0,-1.0,-1.0,1.0,1.0,-1.0,1.0,1.0	-0.6145775,0.35581902,0.104042366,0.17817971,0.33133465,-0.12897885,-0.6606498,0.33176786,0.17328933,-0.50116926,0.28886595,0.0557891
../data/train_data_mmini/3/Train_0013.jpg	3	1.0,1.0,-1.0,-1.0,1.0,1.0,-1.0,-1.0,1.0,1.0,1.0,1.0	0.6796488,0.3625496,-0.44616687,-0.13404183,0.7745362,0.029117329,-0.62407035,-0.73283947,0.5129866,0.6695392,0.07039012,0.45491907
../data/train_data_mmini/3/Train_0014.jpg	3	1.0,1.0,-1.0,-1.0,1.0,-1.0,-1.0,-1.0,1.0,1.0,-1.0,1.0	0.21649233,0.12417726,-0.12887195,-0.11162599,0.13725542,-0.16070665,-0.15316124,-0.030357754,0.19274072,0.17758344,-0.079284534,0.15076914
../data/train_data_mmini/4/Train_0015.jpg	4	1.0,1.0,-1.0,-1.0,1.0,-1.0,-1.0,1.0,1.0,1.0,1.0,1.0	0.23271264,0.0705743,-0.20106356,-0.04708772,0.27313527,-0.0057059703,-0.44045216,0.16195664,0.34982172,0.36475968,0.03073706,0.47025615
../data/train_data_mmini/4/Train_0016.jpg	4	1.0,1.0,-1.0,-1.0,1.0,-1.0,1.0,-1.0,1.0,1.0,1.0,1.0	0.08563863,0.20635036,-0.09367736,-0.16185322,0.015147372,-0.07304646,0.059842575,-0.22336909,0.32261965,0.19194739,0.36561927,0.10472319
../data/train_data_mmini/4/Train_0017.jpg	4	1.0,1.0,-1.0,1.0,1.0,1.0,-1.0,-1.0,1.0,1.0,1.0,1.0	0.66923445,0.88701665,-0.5504456,0.17839646,1.2297149,0.04101334,-0.6987553,-1.4554842,0.7714558,0.43889022,0.8310536,0.16064522
../data/train_data_mmini/4/Train_0018.jpg	4	-1.0,1.0,-1.0,-1.0,1.0,-1.0,-1.0,1.0,1.0,1.0,-1.0,-1.0	-0.009645662,0.27826342,-0.030447032,-0.026812127,0.24894945,-0.24257769,-0.35307842,0.11692243,0.06636465,0.15164392,-0.115259275,-0.0009839176
../data/train_data_mmini/4/Train_0019.jpg	4	1.0,1.0,-1.0,-1.0,1.0,1.0,-1.0,-1.0,1.0,1.0,-1.0,1.0	1.0331037,0.33122173,-0.3734698,-0.02034623,0.84980166,0.077565774,-0.6500991,-0.8566535,0.4808999,0.8000271,-0.07390486,0.6282536
../data/train_data_mmini/5/Train_0020.jpg	5	1.0,-1.0,-1.0,-1.0,1.0,-1.0,-1.0,1.0,1.0,1.0,-1.0,1.0	0.014248178,-0.053017687,-0.18597406,-0.024905285,0.12416451,-0.19279899,-0.10088892,0.3045325,0.10027502,0.025497662,-0.098949656,0.32287952
../data/train_data_mmini/5/Train_0021.jpg	5	1.0,1.0,-1.0,1.0,1.0,-1.0,-1.0,1.0,1.0,1.0,1.0,1.0	0.1718521,0.0022503468,-0.10607585,0.13295881,0.21484731,-0.076861516,-0.23951013,0.3180805,0.19524457,0.02564429,0.00082101126,0.33940586
../data/train_data_mmini/5/Train_0022.jpg	5	1.0,-1.0,-1.0,-1.0,1.0,-1.0,-1.0,1.0,-1.0,1.0,-1.0,1.0	0.10385396,-0.24502848,-0.20118827,-0.23098572,0.0815572,-0.14867045,-0.16992398,0.19932619,-0.038419418,0.05979286,-0.26633546,0.3405753
../data/train_data_mmini/5/Train_0023.jpg	5	-1.0,-1.0,-1.0,1.0,1.0,-1.0,-1.0,1.0,-1.0,-1.0,-1.0,1.0	-0.03596726,-0.07835813,-0.12744135,0.2553547,0.122001395,-0.142442,-0.09014912,0.4302211,-0.027007913,-0.16951491,-0.17759572,0.1528854
../data/train_data_mmini/5/Train_0024.jpg	5	-1.0,-1.0,1.0,1.0,-1.0,-1.0,-1.0,1.0,1.0,-1.0,-1.0,1.0	-0.31576198,-0.13077989,0.012098136,0.1541935,-0.18438156,-0.20321335,-0.10035272,1.0969838,0.18738885,-0.17975892,-0.41813502,0.34608033
../data/train_data_mmini/6/Train_0025.jpg	6	-1.0,1.0,1.0,-1.0,-1.0,-1.0,-1.0,1.0,1.0,-1.0,-1.0,1.0	-0.22172464,0.119104095,0.18045545,-0.2926283,-0.20107421,-0.20569675,-0.07552005,0.4671351,0.035016768,-0.025856981,-0.559096,0.1585984
../data/train_data_mmini/6/Train_0026.jpg	6	1.0,1.0,-1.0,1.0,1.0,-1.0,-1.0,-1.0,1.0,1.0,1.0,1.0	0.18866773,0.3570278,-0.3410911,0.007595786,0.693889,-0.046884675,-0.39577383,-0.44604483,0.4445927,0.4345553,0.22269024,0.18585333
../data/train_data_mmini/6/Train_0027.jpg	6	-1.0,1.0,1.0,-1.0,-1.0,-1.0,1.0,1.0,-1.0,-1.0,-1.0,-1.0	-0.19788396,0.09233028,0.31519035,-0.22349755,-0.16065218,-0.22015496,0.22661845,0.16263929,-0.10874205,-0.05705531,-0.040439468,-0.13097695
../data/train_data_mmini/6/Train_0028.jpg	6	-1.0,-1.0,1.0,-1.0,-1.0,-1.0,-1.0,1.0,1.0,1.0,-1.0,1.0	-0.058325686,-0.088471025,0.031031031,-0.30456752,-0.23311384,-0.20075889,-0.09251924,0.34278682,0.22344346,0.19615696,-0.2346382,0.1269832
../data/train_data_mmini/6/Train_0029.jpg	6	1.0,1.0,-1.0,-1.0,1.0,-1.0,-1.0,-1.0,1.0,1.0,-1.0,1.0	0.25780156,0.26877087,-0.2363957,-0.20272951,0.31238428,-0.13658299,-0.38027984,-0.11110506,0.08719742,0.24039613,-0.16130601,0.23805448
../data/train_data_mmini/7/Train_0030.jpg	7	1.0,1.0,-1.0,1.0,1.0,1.0,-1.0,-1.0,1.0,-1.0,1.0,1.0	0.27962205,0.39612412,-0.12732765,0.29162788,0.54410416,0.023798091,-0.043407273,-0.62963396,0.2038764,-0.14811172,0.74194556,0.15217969
../data/train_data_mmini/7/Train_0031.jpg	7	1.0,1.0,-1.0,-1.0,1.0,-1.0,-1.0,-1.0,1.0,1.0,1.0,1.0	0.025440762,0.49613127,-0.3276765,-0.1045497,0.6596572,-0.068351164,-0.47595268,-0.22056898,0.42911464,0.26620746,0.18635334,0.3208581
../data/train_data_mmini/7/Train_0032.jpg	7	1.0,1.0,1.0,-1.0,1.0,-1.0,-1.0,1.0,1.0,1.0,1.0,-1.0	0.07384567,0.23810011,0.15950154,-0.03398698,0.1977155,-0.119189516,-0.05208559,0.16543415,0.35122722,0.067839965,0.25649193,-0.03424134
../data/train_data_mmini/7/Train_0033.jpg	7	-1.0,1.0,-1.0,1.0,1.0,-1.0,1.0,1.0,1.0,-1.0,1.0,1.0	-0.011950224,0.25385335,-0.08685385,0.28734946,0.3545843,-0.17494012,0.06676881,0.11935469,0.24043228,-0.015565289,0.28600922,0.13698062
../data/train_data_mmini/7/Train_0034.jpg	7	-1.0,-1.0,1.0,-1.0,-1.0,-1.0,-1.0,1.0,-1.0,-1.0,-1.0,-1.0	-0.5689618,-0.59720445,0.54025435,-0.29760283,-0.99161565,-0.24114028,-0.0099904165,1.5594654,-0.15259193,-0.08548041,-1.208193,-0.06677162
../data/train_data_mmini/8/Train_0035.jpg	8	1.0,1.0,-1.0,-1.0,1.0,-1.0,-1.0,1.0,1.0,1.0,-1.0,1.0	0.17895414,0.13423,-0.12997708,-0.0558018,0.20402013,-0.14229096,-0.114650205,0.1671026,0.13797048,0.0063673127,-0.03827999,0.059869207
../data/train_data_mmini/8/Train_0036.jpg	8	-1.0,1.0,-1.0,-1.0,1.0,-1.0,-1.0,1.0,1.0,1.0,-1.0,1.0	-0.08152366,0.216946,-0.042082157,-0.12886041,0.1384574,-0.16473867,-0.20082124,0.1176857,0.17642076,0.16935943,-0.13712095,0.08045719
../data/train_data_mmini/8/Train_0037.jpg	8	1.0,1.0,-1.0,-1.0,1.0,-1.0,-1.0,1.0,1.0,1.0,-1.0,1.0	0.010291384,0.2499133,-0.008075652,-0.09714817,0.22038756,-0.06834461,-0.3612706,0.21059272,0.41567585,0.3015225,-0.14835809,0.11313472
../data/train_data_mmini/8/Train_0038.jpg	8	1.0,-1.0,-1.0,-1.0,-1.0,-1.0,-1.0,1.0,1.0,1.0,-1.0,1.0	0.08266731,-0.009126824,-0.035495754,-0.09191447,-0.014530615,-0.109341994,-0.018682789,0.11269077,0.041470833,0.13962243,-0.017399652,0.14094707
../data/train_data_mmini/8/Train_0039.jpg	8	1.0,1.0,-1.0,-1.0,1.0,-1.0,-1.0,1.0,1.0,-1.0,1.0,1.0	0.06107083,0.3171895,-0.04911771,-0.01504787,0.2560636,-0.17049433,-0.24662371,0.109863244,0.09174881,-0.14009298,0.027974503,0.030640697
../data/train_data_mmini/9/Train_0040.jpg	9	1.0,-1.0,-1.0,-1.0,1.0,-1.0,-1.0,1.0,1.0,1.0,-1.0,1.0	0.10353891,-0.06890002,-0.14827557,-0.115928136,0.07874654,-0.06312193,-0.34592324,0.47531822,0.24811645,0.19955657,-0.25500807,0.42910424
../data/train_data_mmini/9/Train_0041.jpg	9	-1.0,1.0,1.0,-1.0,1.0,-1.0,-1.0,1.0,1.0,1.0,-1.0,1.0	-0.1352743,0.1478278,0.11935684,-0.27576098,0.06577121,-0.28232995,-0.14348955,0.28603575,0.18839289,0.20465277,-0.24609576,0.08719251
../data/train_data_mmini/9/Train_0042.jpg	9	-1.0,-1.0,-1.0,-1.0,-1.0,-1.0,-1.0,1.0,1.0,1.0,-1.0,1.0	-0.10449819,-0.026402127,-0.05347478,-0.25513458,-0.12406762,-0.09183134,-0.58153087,0.7517964,0.31773448,0.35571158,-0.6400399,0.58886313
../data/train_data_mmini/9/Train_0043.jpg	9	1.0,1.0,-1.0,-1.0,1.0,-1.0,-1.0,-1.0,1.0,1.0,-1.0,1.0	0.43861327,0.072683096,-0.28530988,-0.010374359,0.27221826,-0.10747005,-0.24904902,-0.08448324,0.15409851,0.30463326,-0.09031759,0.40294936
../data/train_data_mmini/9/Train_0044.jpg	9	1.0,1.0,-1.0,1.0,1.0,-1.0,-1.0,-1.0,1.0,1.0,1.0,1.0	0.21727005,0.25120214,-0.3110751,0.009064564,0.4798564,-0.029271858,-0.34776813,-0.068025865,0.3398495,0.24044488,0.11136939,0.33537158
../data/train_data_mmini/10/Train_0045.jpg	10	-1.0,1.0,1.0,-1.0,1.0,-1.0,-1.0,1.0,1.0,1.0,-1.0,-1.0	-0.00818558,0.20016716,0.19498993,-0.21956176,0.026047112,-0.11545191,-0.29939416,0.089849405,0.069702715,0.14379682,-0.29210216,-0.11233232
../data/train_data_mmini/10/Train_0046.jpg	10	1.0,1.0,-1.0,-1.0,1.0,-1.0,-1.0,1.0,1.0,1.0,-1.0,1.0	0.1973865,0.18987817,-0.12190816,-0.12973972,0.1299489,-0.11915822,-0.15207542,0.034431126,0.27825534,0.27614105,-0.005421443,0.054049887
../data/train_data_mmini/10/Train_0047.jpg	10	1.0,1.0,1.0,-1.0,-1.0,-1.0,-1.0,1.0,1.0,1.0,-1.0,1.0	0.1044581,0.03560521,0.017739136,-0.3060668,-0.09896673,-0.10659529,-0.27190298,0.4417281,0.08741621,0.23959969,-0.4599156,0.091822304
../data/train_data_mmini/10/Train_0048.jpg	10	-1.0,-1.0,1.0,-1.0,-1.0,-1.0,-1.0,1.0,-1.0,-1.0,-1.0,1.0	-0.3675143,-0.11046876,0.3197171,-0.39329413,-0.5425054,-0.32032427,-0.075778574,0.88485956,-0.30667618,-0.28240564,-0.6696039,0.024510125
../data/train_data_mmini/10/Train_0049.jpg	10	1.0,1.0,-1.0,-1.0,1.0,-1.0,-1.0,1.0,1.0,1.0,-1.0,1.0	0.06638027,0.13023683,-0.059768226,-0.10721546,0.08199875,-0.14100982,-0.1928881,0.30399498,0.14589699,0.053425893,-0.2463542,0.09271709
