../data/train_data_mmini/1/Train_0000.jpg	1	1.0,1.0,1.0,1.0,-1.0,-1.0,-1.0,-1.0,-1.0,-1.0,-1.0,1.0	1.2694896,0.23670518,0.9681395,0.65580887,-0.25585115,-0.46638042,-0.4751797,-0.36511463,-0.5404395,-0.8336403,-0.6389241,0.113178454
../data/train_data_mmini/1/Train_0001.jpg	1	1.0,1.0,1.0,1.0,1.0,-1.0,-1.0,-1.0,-1.0,-1.0,-1.0,1.0	0.6879514,0.4063756,0.9957892,0.7642857,0.31004268,-0.7269928,-0.22838078,-0.37050843,-0.8139652,-0.18857941,-1.0291592,0.3310764
../data/train_data_mmini/1/Train_0002.jpg	1	1.0,1.0,1.0,1.0,1.0,-1.0,-1.0,-1.0,-1.0,-1.0,-1.0,-1.0	0.74382275,0.58369774,0.71803355,0.006542691,0.40186596,-0.9098976,-0.15639876,-0.46074644,-0.23403542,-0.2058785,-1.5425652,-0.0735723
../data/train_data_mmini/1/Train_0003.jpg	1	1.0,-1.0,1.0,1.0,-1.0,-1.0,-1.0,-1.0,-1.0,-1.0,-1.0,1.0	1.1494466,-0.11315342,1.1895962,0.7332231,-0.24647985,-0.56661206,-0.88699263,-0.4598248,-0.4844228,-0.8518261,-0.18800555,0.52553767
../data/train_data_mmini/1/Train_0004.jpg	1	1.0,1.0,1.0,1.0,-1.0,-1.0,-1.0,-1.0,-1.0,-1.0,-1.0,1.0	0.86222255,0.12502614,0.8280573,0.4530028,-0.7444252,-0.16412309,-0.3386163,-0.42769793,-0.41094065,-0.42872113,-0.68866426,0.20506386
../data/train_data_mmini/2/Train_0005.jpg	2	-1.0,1.0,1.0,-1.0,1.0,-1.0,1.0,-1.0,-1.0,1.0,-1.0,1.0	-0.26892707,0.038318496,0.6702893,-0.028558407,0.103960186,-0.20756829,0.23092453,-0.63936543,-0.3219304,1.0558442,-1.57893,0.49039567
../data/train_data_mmini/2/Train_0006.jpg	2	-1.0,-1.0,1.0,-1.0,1.0,-1.0,-1.0,-1.0,-1.0,1.0,-1.0,1.0	-0.45696482,-0.06452523,1.036659,-0.19427882,0.2959037,-0.42681274,-0.01977188,-0.5506736,-0.17007011,1.244206,-1.4931796,0.64363414
../data/train_data_mmini/2/Train_0007.jpg	2	1.0,-1.0,1.0,1.0,-1.0,-1.0,-1.0,-1.0,-1.0,-1.0,-1.0,1.0	1.1576153,-0.07560286,1.0693077,0.51139987,-0.5026403,-0.3490194,-0.61336917,-0.53485477,-0.4406018,-0.6490132,-0.45495704,0.2110023
../data/train_data_mmini/2/Train_0008.jpg	2	1.0,1.0,1.0,1.0,1.0,-1.0,1.0,-1.0,-1.0,1.0,-1.0,-1.0	0.3143193,0.3812455,0.6139294,0.18307781,0.0379345,-0.29811528,0.30091262,-0.22016019,-0.5849171,0.38832927,-1.7738715,-0.10171651
../data/train_data_mmini/2/Train_0009.jpg	2	1.0,1.0,1.0,1.0,-1.0,-1.0,-1.0,-1.0,-1.0,1.0,-1.0,1.0	0.36755347,0.31259128,1.0767508,0.22280048,-0.052604306,-0.3764771,-0.009783795,-0.7523495,-0.5019177,0.17094937,-1.2621909,0.5561075
../data/train_data_mmini/3/Train_0010.jpg	3	-1.0,-1.0,1.0,-1.0,1.0,-1.0,-1.0,-1.0,-1.0,1.0,-1.0,1.0	-0.7248745,-0.4323042,0.98619056,-0.40266064,0.44511834,-0.45756316,-0.09696744,-0.15436937,-0.48115793,1.5791347,-1.4182802,0.84577894
../data/train_data_mmini/3/Train_0011.jpg	3	1.0,1.0,1.0,1.0,-1.0,-1.0,1.0,-1.0,-1.0,1.0,-1.0,-1.0	0.15871757,0.7733288,0.15700094,0.020898059,-0.25061262,-0.4464445,0.69991094,-0.48194632,-0.44433448,0.4046534,-2.155728,-0.55349284
../data/train_data_mmini/3/Train_0012.jpg	3	-1.0,1.0,1.0,-1.0,-1.0,1.0,1.0,-1.0,-1.0,1.0,-1.0,1.0	-0.051039524,0.46050477,0.30905253,-0.08828846,-0.6791164,0.00068210624,0.26286212,-1.0982579,-0.002757212,0.52685934,-1.2196854,0.17670004
../data/train_data_mmini/3/Train_0013.jpg	3	-1.0,1.0,1.0,-1.0,1.0,-1.0,1.0,-1.0,-1.0,1.0,-1.0,1.0	-0.89971673,0.17203343,0.8853977,-0.18012248,0.38102555,-0.45310995,0.31709504,-0.23900378,-0.3084272,1.7247483,-2.1599145,0.5794513
../data/train_data_mmini/3/Train_0014.jpg	3	-1.0,1.0,1.0,-1.0,-1.0,-1.0,1.0,-1.0,-1.0,1.0,-1.0,1.0	-0.30790603,0.35585502,0.4978141,-0.046587203,-0.23128478,-0.07408893,0.4510594,-0.49495307,-0.5798632,0.8585766,-1.8377287,0.18267381
../data/train_data_mmini/4/Train_0015.jpg	4	1.0,1.0,1.0,1.0,-1.0,-1.0,1.0,-1.0,-1.0,-1.0,-1.0,-1.0	0.7841356,0.43248597,0.6723386,0.27935168,-0.2238789,-0.07774761,0.14233087,-0.4428819,-0.3189798,-0.36511576,-1.4274799,-0.12200395
../data/train_data_mmini/4/Train_0016.jpg	4	1.0,1.0,1.0,1.0,1.0,-1.0,-1.0,-1.0,-1.0,1.0,-1.0,1.0	0.1238809,0.37915152,0.64511013,0.45848837,0.8170845,-0.8464094,-0.13420156,-0.23190382,-0.5736418,0.17622048,-1.5821666,0.45217177
../data/train_data_mmini/4/Train_0017.jpg	4	-1.0,1.0,1.0,-1.0,1.0,-1.0,1.0,-1.0,-1.0,1.0,-1.0,1.0	-0.66867745,0.5860475,0.6900048,-0.28107795,0.60550404,-0.53360647,0.59940153,-0.6919005,-0.12006647,1.4326601,-2.4497879,0.33357203
../data/train_data_mmini/4/Train_0018.jpg	4	-1.0,1.0,1.0,1.0,1.0,-1.0,1.0,-1.0,-1.0,1.0,-1.0,1.0	-0.03914424,0.6406055,0.4546317,0.10242705,0.27731788,-0.36025605,0.49819648,-0.27304354,-0.5307807,0.60215163,-1.7926878,0.0945202
../data/train_data_mmini/4/Train_0019.jpg	4	-1.0,-1.0,1.0,-1.0,1.0,-1.0,-1.0,-1.0,1.0,1.0,-1.0,1.0	-0.95770055,-0.41426098,0.88807535,-0.57509136,0.23125347,-0.21876597,-0.024579233,-0.6794435,0.045490082,1.8397547,-1.4485359,1.1376448
../data/train_data_mmini/5/Train_0020.jpg	5	1.0,1.0,1.0,1.0,-1.0,-1.0,-1.0,-1.0,-1.0,-1.0,-1.0,1.0	1.0155027,0.073218144,1.0863247,0.6315528,-0.19795121,-0.50669265,-0.66781574,-0.55951333,-0.50786185,-0.5584331,-0.5180257,0.49809325
../data/train_data_mmini/5/Train_0021.jpg	5	1.0,1.0,1.0,1.0,-1.0,-1.0,1.0,-1.0,-1.0,-1.0,-1.0,1.0	0.56999636,0.5030313,0.87839055,0.50342697,-0.5213043,-0.135421,0.11203841,-0.39878806,-0.5660966,-0.15127845,-1.6228778,0.06442224
../data/train_data_mmini/5/Train_0022.jpg	5	1.0,-1.0,1.0,1.0,-1.0,-1.0,-1.0,-1.0,-1.0,-1.0,-1.0,1.0	0.7583035,-0.17923601,0.9555019,0.15242845,-0.47902536,-0.12392319,-0.33150774,-0.65102404,-0.2798968,-0.21847987,-0.7058127,0.35675263
../data/train_data_mmini/5/Train_0023.jpg	5	1.0,1.0,1.0,1.0,-1.0,-1.0,-1.0,-1.0,-1.0,-1.0,-1.0,1.0	1.2765833,0.061801936,1.068294,0.63446486,-0.30405512,-0.41459578,-0.7730667,-0.5249062,-0.37219286,-0.99438787,-0.14872013,0.4279034
../data/train_data_mmini/5/Train_0024.jpg	5	1.0,1.0,1.0,1.0,-1.0,-1.0,-1.0,-1.0,-1.0,-1.0,-1.0,1.0	0.74219805,0.0536442,0.95413315,0.25898924,-0.5733444,-0.26587024,-0.4093772,-0.67274743,-0.23709124,-0.26461968,-0.75961375,0.3127923
../data/train_data_mmini/6/Train_0025.jpg	6	-1.0,-1.0,1.0,-1.0,-1.0,-1.0,-1.0,-1.0,1.0,1.0,-1.0,1.0	-1.6670008,-0.9891803,0.9400852,-0.8063292,-0.30075786,-0.2824596,-0.46176606,-0.9407954,0.4134021,2.2417924,-1.4057715,1.5677282
../data/train_data_mmini/6/Train_0026.jpg	6	1.0,1.0,1.0,1.0,1.0,-1.0,1.0,-1.0,-1.0,-1.0,-1.0,1.0	0.72139156,0.55942076,1.1630735,0.8509672,0.3808484,-0.6260882,0.20220478,-0.53922725,-1.042009,-0.03126394,-1.0725805,0.2938907
../data/train_data_mmini/6/Train_0027.jpg	6	-1.0,-1.0,1.0,-1.0,1.0,-1.0,1.0,-1.0,-1.0,1.0,-1.0,1.0	-0.6495732,-0.031395037,0.7079687,-0.15995553,0.11557512,-0.31670904,0.09527699,-0.4524142,-0.5967096,1.0609039,-1.4354737,0.71247935
../data/train_data_mmini/6/Train_0028.jpg	6	1.0,1.0,1.0,1.0,-1.0,-1.0,1.0,-1.0,-1.0,1.0,-1.0,-1.0	0.41651618,0.56959045,0.5736474,0.35518017,-0.12608801,-0.5126372,0.18007334,-0.35411564,-0.60329,0.1654629,-1.5818001,-0.10865002
../data/train_data_mmini/6/Train_0029.jpg	6	-1.0,-1.0,1.0,-1.0,1.0,-1.0,-1.0,-1.0,1.0,1.0,-1.0,1.0	-0.669271,-0.5208987,1.3842021,-0.5614128,0.22244518,-0.5191616,-0.35488817,-0.49618784,0.12494982,1.4904058,-1.5774465,1.2649876
../data/train_data_mmini/7/Train_0030.jpg	7	1.0,1.0,1.0,1.0,1.0,-1.0,-1.0,-1.0,-1.0,1.0,-1.0,1.0	0.24341743,0.10395782,0.93135405,0.33513564,0.011286672,-0.48325676,-0.037883274,-0.81356716,-0.3908629,0.42844754,-1.2197214,0.6835039
../data/train_data_mmini/7/Train_0031.jpg	7	-1.0,1.0,1.0,-1.0,1.0,-1.0,1.0,-1.0,-1.0,1.0,-1.0,1.0	-0.38486886,0.25411955,0.987553,-0.06628956,0.23666143,-0.43672776,0.20875584,-0.69687384,-0.37742975,1.1432562,-1.9182591,0.7438817
../data/train_data_mmini/7/Train_0032.jpg	7	-1.0,1.0,1.0,-1.0,-1.0,1.0,1.0,-1.0,-1.0,1.0,-1.0,-1.0	-0.96062756,0.82597053,0.086542435,-0.48114347,-0.02271374,0.23080373,1.3895776,-0.64083433,-0.42581883,1.6520886,-3.0611994,-0.14155771
../data/train_data_mmini/7/Train_0033.jpg	7	1.0,1.0,1.0,1.0,1.0,-1.0,-1.0,-1.0,-1.0,1.0,-1.0,1.0	0.13897823,0.01766536,0.97156346,0.26720968,0.16488692,-0.649085,-0.33046472,-0.8887584,-0.50586754,0.528049,-0.8882921,0.8034967
../data/train_data_mmini/7/Train_0034.jpg	7	-1.0,-1.0,1.0,-1.0,-1.0,1.0,1.0,-1.0,-1.0,1.0,-1.0,-1.0	-1.0728493,-0.07469919,0.2082771,-0.44139126,-0.6967582,0.03302167,0.42206234,-0.42139235,-0.43358052,1.5766112,-1.9003537,-0.020130025
../data/train_data_mmini/8/Train_0035.jpg	8	-1.0,1.0,1.0,-1.0,-1.0,-1.0,1.0,-1.0,-1.0,1.0,-1.0,1.0	-0.24422616,0.019742299,0.8355781,-0.25427768,-0.35349837,-0.16002354,0.17807369,-0.6887534,-0.17547421,0.8682133,-1.6910272,0.49270743
../data/train_data_mmini/8/Train_0036.jpg	8	-1.0,1.0,1.0,-1.0,-1.0,-1.0,1.0,-1.0,-1.0,1.0,-1.0,1.0	-0.63011074,0.12303817,0.84744895,-0.4802144,-0.013525803,-0.29610273,0.24554582,-0.9684534,-0.06052303,1.2031505,-1.8847412,0.7708405
../data/train_data_mmini/8/Train_0037.jpg	8	-1.0,1.0,1.0,1.0,1.0,-1.0,1.0,-1.0,-1.0,1.0,-1.0,1.0	-0.13806579,0.50572497,1.0310426,0.20429865,0.2471575,-0.56143546,0.4241415,-0.4450048,-0.76778334,0.9224523,-2.1387124,0.29973793
../data/train_data_mmini/8/Train_0038.jpg	8	1.0,-1.0,1.0,-1.0,-1.0,-1.0,-1.0,-1.0,-1.0,1.0,-1.0,1.0	0.03850106,-0.119354755,0.8566828,-0.08519182,-0.119269565,-0.23692963,-0.0068961587,-0.6796891,-0.346286,0.52380836,-1.3460252,0.72058946
../data/train_data_mmini/8/Train_0039.jpg	8	-1.0,-1.0,1.0,-1.0,-1.0,-1.0,1.0,-1.0,1.0,1.0,-1.0,1.0	-0.8056365,-0.060996417,0.8095858,-0.67663944,-0.34404698,-0.15736601,0.41407132,-0.9307126,0.037851855,1.7017891,-2.2678359,0.58611196
../data/train_data_mmini/9/Train_0040.jpg	9	1.0,1.0,1.0,1.0,-1.0,-1.0,-1.0,-1.0,-1.0,1.0,-1.0,1.0	0.5223443,0.13475026,0.97280324,0.32844755,-0.4137203,-0.27681544,-0.04675544,-0.5375035,-0.48643807,0.024947995,-1.4376428,0.20751087
../data/train_data_mmini/9/Train_0041.jpg	9	-1.0,1.0,1.0,-1.0,1.0,-1.0,1.0,-1.0,-1.0,1.0,-1.0,1.0	-0.50152963,0.22985795,0.6876451,-0.19601482,0.29279068,-0.4505592,0.13360615,-0.5735527,-0.5523317,1.2995973,-1.6125982,0.7216558
../data/train_data_mmini/9/Train_0042.jpg	9	1.0,1.0,1.0,1.0,-1.0,-1.0,1.0,-1.0,-1.0,1.0,-1.0,-1.0	0.4301066,0.40306568,0.72986305,0.25834173,-0.24361597,-0.27471843,0.021315822,-0.36260685,-0.4566195,0.053052284,-1.6251521,-0.065668665
../data/train_data_mmini/9/Train_0043.jpg	9	1.0,1.0,1.0,1.0,-1.0,-1.0,-1.0,-1.0,-1.0,1.0,-1.0,1.0	0.39204296,0.10912754,1.0849235,0.26638886,-0.18407959,-0.32699382,-0.12191338,-0.44835338,-0.4276225,0.27241093,-1.39814,0.32471478
../data/train_data_mmini/9/Train_0044.jpg	9	-1.0,-1.0,1.0,-1.0,-1.0,-1.0,-1.0,-1.0,-1.0,1.0,-1.0,1.0	-0.24047542,-0.22295834,1.0727286,-0.23824131,-0.1528654,-0.39008617,-0.25211173,-0.7923988,-0.03839307,0.95734096,-1.3640162,0.86704475
../data/train_data_mmini/10/Train_0045.jpg	10	-1.0,-1.0,1.0,-1.0,-1.0,1.0,1.0,-1.0,1.0,1.0,-1.0,1.0	-2.5804095,-0.6376239,0.3329621,-1.462119,-0.069976926,0.38206586,1.1514606,-0.76308316,0.07455292,3.6719997,-3.032865,0.84755206
../data/train_data_mmini/10/Train_0046.jpg	10	-1.0,-1.0,1.0,-1.0,1.0,-1.0,1.0,-1.0,-1.0,1.0,-1.0,1.0	-0.55185896,-0.1667873,0.51307464,-0.38370967,0.0073469616,-0.4570699,0.27810174,-0.47000912,-0.07471209,1.0927074,-1.9292803,0.091077395
../data/train_data_mmini/10/Train_0047.jpg	10	-1.0,-1.0,1.0,-1.0,-1.0,1.0,1.0,-1.0,-1.0,1.0,-1.0,1.0	-1.5581378,-0.15852481,0.59862983,-0.90306747,-0.21543781,0.08635521,0.7464883,-0.78858215,-0.030247523,2.4969227,-2.8041575,0.64799553
../data/train_data_mmini/10/Train_0048.jpg	10	-1.0,-1.0,1.0,-1.0,-1.0,1.0,1.0,-1.0,1.0,1.0,-1.0,1.0	-2.1442232,-1.058915,0.10600269,-1.8212929,-1.1405586,0.65091014,0.4523497,-1.4971976,0.895217,2.9455016,-2.0104237,1.3298353
../data/train_data_mmini/10/Train_0049.jpg	10	-1.0,-1.0,1.0,-1.0,-1.0,-1.0,1.0,-1.0,-1.0,1.0,-1.0,1.0	-0.9194428,-0.053299706,0.7314068,-0.45129687,-0.33518237,-0.05504813,0.5853979,-0.7937487,-0.18683408,1.6370876,-2.280268,0.49095458
