../data/train_data_mmini/1/Train_0000.jpg	1	1.0,-1.0,1.0,1.0,-1.0,-1.0,1.0,-1.0,1.0,1.0,1.0,1.0	0.20796096,-0.7021372,1.2695711,2.275249,-0.30226934,-2.0291812,0.9804232,-0.053423785,3.3841493,1.7753273,1.6150833,1.049251
../data/train_data_mmini/1/Train_0001.jpg	1	1.0,-1.0,1.0,1.0,-1.0,-1.0,-1.0,1.0,-1.0,-1.0,1.0,1.0	2.103381,-3.1653295,2.1808436,0.42838413,-1.1247848,-1.2704707,-1.0177063,1.4654677,-1.0403199,-1.3535978,1.4409865,1.6678361
../data/train_data_mmini/1/Train_0002.jpg	1	1.0,1.0,1.0,-1.0,1.0,-1.0,-1.0,-1.0,1.0,-1.0,-1.0,-1.0	3.085439,3.4873888,0.88624567,-2.1345246,0.48178697,-0.73516095,-1.9349939,-0.6988263,4.115731,-1.6265157,-0.5624753,-0.08284641
../data/train_data_mmini/1/Train_0003.jpg	1	1.0,-1.0,1.0,1.0,1.0,-1.0,1.0,1.0,1.0,1.0,1.0,1.0	0.36542535,-1.5524817,1.1318017,2.4626682,0.560386,-0.6619177,2.0598474,3.831458,2.4978654,1.7179894,2.9958024,0.062397398
../data/train_data_mmini/1/Train_0004.jpg	1	-1.0,-1.0,1.0,1.0,-1.0,-1.0,1.0,1.0,1.0,1.0,1.0,1.0	-0.5239316,-0.5122057,0.4101436,2.9169884,-1.3961288,-1.3797064,1.6118274,0.54861957,0.65662783,0.9481696,1.1355103,2.1403623
../data/train_data_mmini/2/Train_0005.jpg	2	-1.0,1.0,1.0,-1.0,1.0,1.0,1.0,-1.0,-1.0,1.0,-1.0,-1.0	-0.2195598,0.5374146,1.0511214,-1.4464194,0.9467006,0.6985491,0.45738295,-2.1082888,-0.58013743,0.39833936,-0.5198405,-1.9026769
../data/train_data_mmini/2/Train_0006.jpg	2	-1.0,1.0,-1.0,-1.0,1.0,1.0,1.0,1.0,1.0,-1.0,1.0,-1.0	-2.0371783,2.4365962,-1.7051023,-0.17498264,0.80544037,1.9089991,1.3333932,0.515821,0.08780893,-1.3602687,1.5378766,-0.6861787
../data/train_data_mmini/2/Train_0007.jpg	2	-1.0,-1.0,-1.0,1.0,1.0,-1.0,1.0,1.0,1.0,1.0,-1.0,1.0	-0.68670964,-2.3614337,-0.4841379,2.8632767,0.4646272,-1.3160716,1.8421516,0.011940772,3.86843,4.577753,-0.36228138,1.6942018
../data/train_data_mmini/2/Train_0008.jpg	2	1.0,1.0,-1.0,1.0,-1.0,-1.0,1.0,-1.0,-1.0,-1.0,-1.0,1.0	0.15839176,1.4174942,-0.4195352,1.4058281,-2.441523,-1.8494183,0.40783295,-2.3194282,-0.21924284,-0.29661804,-1.6262829,2.3734348
../data/train_data_mmini/2/Train_0009.jpg	2	-1.0,-1.0,1.0,-1.0,1.0,-1.0,1.0,-1.0,1.0,1.0,1.0,-1.0	-2.4617136,-2.691999,0.10081677,-0.17863004,0.97144294,-1.0613267,0.81358904,-3.5406556,0.90499675,2.8002255,1.1797283,-0.798995
../data/train_data_mmini/3/Train_0010.jpg	3	-1.0,-1.0,1.0,1.0,-1.0,1.0,1.0,-1.0,-1.0,-1.0,1.0,1.0	-1.6678932,-2.5305142,1.3849983,0.66497225,-0.37940627,0.012970895,0.78715897,-1.0780857,-3.9473445,-0.3759699,0.4488976,2.106844
../data/train_data_mmini/3/Train_0011.jpg	3	1.0,1.0,1.0,-1.0,-1.0,-1.0,-1.0,-1.0,1.0,-1.0,-1.0,1.0	2.251732,1.9540421,3.8998682,-0.9906361,-0.43955615,-1.0417618,-1.3765112,-2.6551445,1.3842341,-1.7454867,-1.3662622,1.340156
../data/train_data_mmini/3/Train_0012.jpg	3	1.0,-1.0,1.0,-1.0,-1.0,-1.0,-1.0,1.0,-1.0,-1.0,1.0,-1.0	2.0053775,-0.58234185,1.4890498,-1.593446,-0.46364635,-1.2881272,-0.86664695,0.1919223,-0.043757044,-2.6105785,3.0904534,-0.8641871
../data/train_data_mmini/3/Train_0013.jpg	3	-1.0,1.0,-1.0,-1.0,-1.0,-1.0,-1.0,-1.0,-1.0,-1.0,1.0,-1.0	-0.41202402,1.2364422,-0.8213681,-1.6017557,-1.563683,-0.13993151,-0.78119856,-1.4135258,-1.9653271,-3.1228306,0.6373833,-0.44967276
../data/train_data_mmini/3/Train_0014.jpg	3	-1.0,1.0,1.0,-1.0,-1.0,1.0,1.0,-1.0,-1.0,-1.0,-1.0,1.0	-0.9725901,0.81933916,1.5810702,-0.0059119626,-0.0056115217,1.1582,0.23742001,-2.0481544,-2.0116255,-0.30008286,-2.4718797,0.69634104
../data/train_data_mmini/4/Train_0015.jpg	4	1.0,1.0,1.0,1.0,-1.0,-1.0,1.0,-1.0,1.0,-1.0,1.0,-1.0	1.7433906,2.1762795,0.5219735,0.25885057,-1.8502145,-2.4173505,0.62777257,-1.6635993,1.9082285,-0.6287338,0.6379456,-0.5824436
../data/train_data_mmini/4/Train_0016.jpg	4	1.0,1.0,1.0,-1.0,1.0,1.0,-1.0,1.0,1.0,-1.0,-1.0,-1.0	2.7499697,0.018235903,2.7532346,-2.7172256,1.0257716,0.40259612,-1.5332811,0.4566099,1.1847539,-0.6642117,-0.18726568,-1.2918925
../data/train_data_mmini/4/Train_0017.jpg	4	1.0,1.0,1.0,-1.0,1.0,1.0,-1.0,-1.0,1.0,-1.0,1.0,-1.0	1.3241705,2.3114698,1.6813972,-3.1525338,1.2002571,0.88253444,-0.81158596,-0.6592639,1.1231153,-2.7660182,1.5627203,-2.4049947
../data/train_data_mmini/4/Train_0018.jpg	4	-1.0,1.0,1.0,-1.0,-1.0,-1.0,1.0,-1.0,-1.0,1.0,-1.0,1.0	-0.80417883,0.17548133,3.1003146,-0.0035676225,-0.26494718,-0.08057901,0.45535398,-3.4273334,-0.22612017,1.5032052,-2.1695423,0.18820912
../data/train_data_mmini/4/Train_0019.jpg	4	-1.0,1.0,-1.0,-1.0,1.0,1.0,1.0,1.0,-1.0,-1.0,1.0,-1.0	-0.894734,2.6776729,-2.6965199,-1.2854897,0.31394762,1.544549,0.4155369,1.379907,-1.3360608,-3.7101734,1.3234471,-1.502281
../data/train_data_mmini/5/Train_0020.jpg	5	1.0,-1.0,-1.0,1.0,1.0,1.0,1.0,1.0,1.0,1.0,-1.0,1.0	1.2594203,-2.0969172,-0.6001597,1.0378419,0.4531542,0.8111945,0.24878044,3.5414104,1.1871548,1.5724729,-0.7154909,0.42308554
../data/train_data_mmini/5/Train_0021.jpg	5	-1.0,1.0,1.0,1.0,-1.0,-1.0,1.0,1.0,1.0,-1.0,-1.0,1.0	-1.2427917,2.68842,0.9278497,2.748466,-2.2654607,-1.1320972,2.0513463,0.16682686,0.65812486,-0.33330435,-0.18509936,1.3313433
../data/train_data_mmini/5/Train_0022.jpg	5	-1.0,-1.0,-1.0,1.0,-1.0,-1.0,1.0,-1.0,1.0,1.0,1.0,1.0	-1.7006387,-1.758523,-3.3670986,1.7678319,-0.0100202765,-0.78939396,1.6389635,-1.0477092,1.6802379,2.9914038,0.13866128,1.3836854
../data/train_data_mmini/5/Train_0023.jpg	5	-1.0,-1.0,-1.0,1.0,-1.0,-1.0,1.0,1.0,1.0,1.0,1.0,1.0	-0.53578156,-2.470765,-1.0611999,3.2164729,-0.306023,-0.79266363,1.9840263,2.874775,2.5924366,3.2957323,1.1597165,1.2764502
../data/train_data_mmini/5/Train_0024.jpg	5	-1.0,-1.0,1.0,1.0,1.0,-1.0,1.0,-1.0,1.0,1.0,1.0,1.0	-0.6204505,-0.32620785,1.4899285,1.3437395,0.22365117,-1.7592856,1.6459851,-0.9828179,2.7007294,1.557196,2.0638163,0.03990642
../data/train_data_mmini/6/Train_0025.jpg	6	-1.0,1.0,1.0,-1.0,1.0,1.0,1.0,1.0,1.0,-1.0,1.0,-1.0	-0.8432699,2.2075076,1.1541387,-3.5967507,4.1889963,2.9359977,0.6650017,0.5723656,1.0058694,-1.3334521,2.7162068,-3.4797459
../data/train_data_mmini/6/Train_0026.jpg	6	1.0,-1.0,1.0,1.0,1.0,1.0,1.0,1.0,1.0,1.0,-1.0,1.0	0.29455635,-1.4248492,4.5063,0.9174875,1.2622253,0.34165218,1.377437,0.63281536,0.5460938,2.3316436,-0.46322843,0.10764549
../data/train_data_mmini/6/Train_0027.jpg	6	-1.0,-1.0,1.0,-1.0,1.0,1.0,-1.0,-1.0,-1.0,-1.0,-1.0,1.0	-0.016343862,-2.1313243,2.7365332,-1.9210345,1.2358736,1.1345093,-1.1808507,-1.2459476,-2.840684,-0.5140153,-0.6524179,0.70191926
../data/train_data_mmini/6/Train_0028.jpg	6	1.0,1.0,1.0,-1.0,1.0,1.0,-1.0,-1.0,1.0,1.0,-1.0,1.0	0.87444127,1.1191821,2.0370803,-0.9197026,0.49762726,0.35589513,-1.1454508,-2.0370958,1.6855135,0.846711,-3.3550396,2.4396176
../data/train_data_mmini/6/Train_0029.jpg	6	-1.0,1.0,-1.0,-1.0,1.0,-1.0,1.0,-1.0,1.0,-1.0,1.0,-1.0	-2.6957326,0.13918759,-0.48864615,-1.6246183,1.3594291,-1.2438848,0.31216577,-3.8254359,2.393486,-0.6865044,4.8829336,-2.3579795
../data/train_data_mmini/7/Train_0030.jpg	7	-1.0,-1.0,-1.0,-1.0,1.0,1.0,1.0,-1.0,1.0,1.0,1.0,-1.0	-0.39508146,-1.189466,-0.906687,-1.3633999,1.482085,0.39177504,0.3639099,-0.9728044,2.2912848,1.6905929,1.4321411,-2.3323371
../data/train_data_mmini/7/Train_0031.jpg	7	-1.0,-1.0,1.0,-1.0,1.0,1.0,-1.0,-1.0,-1.0,1.0,-1.0,-1.0	-1.1196854,-1.0331489,0.53146046,-2.4713418,1.4120686,1.114197,-0.15595986,-1.7226921,-1.0561306,0.6563731,-0.3855996,-1.0245457
../data/train_data_mmini/7/Train_0032.jpg	7	1.0,1.0,1.0,-1.0,-1.0,1.0,-1.0,-1.0,-1.0,-1.0,-1.0,1.0	0.7293293,1.1596284,3.5291529,-1.9113698,-0.87931246,0.27532932,-1.0525277,-3.2741346,-3.269844,-2.53861,-2.654766,0.6699435
../data/train_data_mmini/7/Train_0033.jpg	7	-1.0,-1.0,1.0,-1.0,1.0,1.0,1.0,-1.0,1.0,1.0,1.0,-1.0	-1.4237498,-3.3043761,1.8817259,-0.6833912,2.625325,0.15333375,0.5391499,-1.9142386,1.51518,2.4720204,1.7395865,-0.59364784
../data/train_data_mmini/7/Train_0034.jpg	7	-1.0,1.0,1.0,1.0,-1.0,1.0,1.0,-1.0,-1.0,-1.0,-1.0,1.0	-0.73009646,1.5211935,4.3020096,0.45037752,-0.07997779,0.70871764,0.22165157,-1.7954135,-2.2279012,-1.8242233,-2.1774185,3.311685
../data/train_data_mmini/8/Train_0035.jpg	8	-1.0,-1.0,-1.0,-1.0,-1.0,-1.0,1.0,-1.0,1.0,1.0,1.0,1.0	-3.0384831,-0.9061695,-1.5868387,-0.021271216,-0.43199807,-1.7290112,1.2088237,-5.9283667,0.72488743,1.7708333,1.0241385,0.035492472
../data/train_data_mmini/8/Train_0036.jpg	8	-1.0,1.0,1.0,-1.0,1.0,1.0,1.0,-1.0,1.0,1.0,-1.0,-1.0	-1.8802483,0.47883373,0.1365308,-3.6953995,4.302365,1.493607,0.29741004,-4.8124113,2.6494167,2.6813323,-0.4696375,-2.8518279
../data/train_data_mmini/8/Train_0037.jpg	8	-1.0,-1.0,1.0,-1.0,1.0,-1.0,1.0,-1.0,1.0,1.0,-1.0,1.0	-0.20069881,-0.36545983,5.6127057,-1.1304783,1.1661942,-0.3474662,0.110011354,-3.2721465,0.5130235,0.5528148,-0.7125425,0.28359988
../data/train_data_mmini/8/Train_0038.jpg	8	-1.0,-1.0,-1.0,-1.0,-1.0,-1.0,1.0,-1.0,-1.0,-1.0,1.0,1.0	-0.5806022,-0.59678763,-1.2855183,-1.4035982,-0.022013186,-1.3253688,0.03726473,-2.5412996,-0.525519,-0.43701783,0.99274576,0.34628928
../data/train_data_mmini/8/Train_0039.jpg	8	-1.0,-1.0,-1.0,-1.0,1.0,-1.0,1.0,-1.0,1.0,1.0,1.0,-1.0	-3.5750887,-1.5364709,-0.7347498,-1.5339996,0.865322,-2.3638997,0.30210382,-8.067689,2.2358449,1.4286512,3.1328988,-1.0486436
../data/train_data_mmini/9/Train_0040.jpg	9	1.0,1.0,1.0,1.0,-1.0,-1.0,1.0,-1.0,1.0,1.0,1.0,1.0	0.08854576,0.096056595,0.88613987,1.3756528,-0.86731166,-1.9977013,1.3060985,-1.4441988,2.3958151,0.8893015,1.1521991,0.0136533445
../data/train_data_mmini/9/Train_0041.jpg	9	1.0,-1.0,1.0,-1.0,1.0,1.0,-1.0,-1.0,-1.0,-1.0,-1.0,1.0	0.09318412,-2.9994428,2.0802069,-2.3184557,1.4787985,1.3320621,-2.1064384,-1.4609051,-1.4738183,-0.1581319,-1.3520912,0.891798
../data/train_data_mmini/9/Train_0042.jpg	9	1.0,1.0,1.0,1.0,-1.0,-1.0,1.0,-1.0,1.0,-1.0,1.0,1.0	1.965989,2.1882675,2.7757208,1.0846709,-2.2799253,-2.2118754,0.28088823,-0.22350276,1.0776083,-1.8717201,1.0319611,0.41546726
../data/train_data_mmini/9/Train_0043.jpg	9	-1.0,1.0,-1.0,1.0,-1.0,-1.0,1.0,-1.0,1.0,1.0,-1.0,1.0	-1.9810075,0.34534428,-2.0714324,0.81636304,-0.5678548,-0.533874,1.1366327,-2.8101273,1.2640177,2.2830257,-1.2719039,0.15688789
../data/train_data_mmini/9/Train_0044.jpg	9	-1.0,1.0,-1.0,-1.0,-1.0,-1.0,1.0,-1.0,1.0,-1.0,1.0,-1.0	-0.16889271,0.14810094,-0.9372145,-1.290917,-0.08759039,-0.95101714,0.048134726,-0.43653885,0.76534677,-1.7934208,4.5117626,-2.5352278
../data/train_data_mmini/10/Train_0045.jpg	10	-1.0,-1.0,1.0,-1.0,1.0,-1.0,1.0,-1.0,-1.0,1.0,1.0,-1.0	-5.3200436,-2.2760177,1.4584128,-3.5436099,2.384646,-1.6206741,0.3355962,-9.704165,-2.4118495,0.62882453,2.2948668,-0.87905526
../data/train_data_mmini/10/Train_0046.jpg	10	-1.0,1.0,1.0,-1.0,-1.0,-1.0,-1.0,-1.0,-1.0,-1.0,1.0,-1.0	-0.10850086,1.3067082,2.2874777,-1.0901064,-0.5307681,-1.764351,-0.57497895,-2.4167013,-0.15659599,-3.4310746,3.2033505,-0.51559556
../data/train_data_mmini/10/Train_0047.jpg	10	-1.0,1.0,1.0,-1.0,1.0,1.0,1.0,-1.0,-1.0,-1.0,1.0,-1.0	-3.0094132,3.0834522,1.7903612,-2.0629401,1.7804004,0.53821987,1.5202646,-5.1756287,-0.67366093,-0.50709385,0.69485015,-0.98414403
../data/train_data_mmini/10/Train_0048.jpg	10	-1.0,1.0,-1.0,-1.0,1.0,-1.0,1.0,-1.0,-1.0,-1.0,1.0,-1.0	-2.8247957,0.011134464,-3.748846,-3.5439105,1.0863612,-1.4082577,0.47493088,-5.695929,-0.8995872,-1.8178853,4.512766,-3.8237772
../data/train_data_mmini/10/Train_0049.jpg	10	-1.0,-1.0,1.0,-1.0,1.0,-1.0,1.0,-1.0,1.0,1.0,1.0,-1.0	-2.9770584,-0.58763784,0.30494183,-1.0692614,0.42435342,-1.5856568,0.4793017,-7.0602107,0.59379077,0.621668,1.6738042,-0.07007822
