../data/train_data_mmini/1/Train_0000.jpg	1	-1.0,1.0,-1.0,1.0,1.0,1.0,-1.0,-1.0	-0.14551118,0.060938515,-0.07852223,0.02463747,0.076499656,0.026325153,-0.24607494,-0.049713742
../data/train_data_mmini/1/Train_0001.jpg	1	-1.0,1.0,-1.0,1.0,1.0,-1.0,-1.0,-1.0	-0.17781886,0.10315971,-0.043312155,0.09666523,0.1335685,-0.047771208,-0.2317015,-0.07523844
../data/train_data_mmini/1/Train_0002.jpg	1	-1.0,1.0,-1.0,1.0,1.0,1.0,-1.0,-1.0	-0.1933132,0.014295223,-0.08367637,0.052128535,0.14158176,0.10142422,-0.15267032,-0.07876346
../data/train_data_mmini/1/Train_0003.jpg	1	-1.0,1.0,-1.0,1.0,1.0,1.0,-1.0,-1.0	-0.16295843,0.037298456,-0.13149886,0.021648133,0.077573776,0.022118857,-0.2687034,-0.0019803087
../data/train_data_mmini/1/Train_0004.jpg	1	-1.0,1.0,-1.0,-1.0,1.0,1.0,-1.0,-1.0	-0.19096963,0.0355829,-0.045252316,-0.0012580752,0.11858815,0.014363346,-0.24615231,-0.110836975
../data/train_data_mmini/2/Train_0005.jpg	2	-1.0,1.0,-1.0,1.0,1.0,1.0,-1.0,-1.0	-0.17934996,0.121805444,-0.11354662,0.036357433,0.20908423,0.011301956,-0.27609834,-0.053277683
../data/train_data_mmini/2/Train_0006.jpg	2	-1.0,1.0,-1.0,1.0,1.0,-1.0,-1.0,-1.0	-0.17744046,0.085322514,-0.054043707,0.111339115,0.25965488,-0.0103989495,-0.3228899,-0.113108
../data/train_data_mmini/2/Train_0007.jpg	2	-1.0,1.0,-1.0,-1.0,1.0,1.0,-1.0,-1.0	-0.13310102,0.037480727,-0.07116177,-0.009128922,0.13555612,0.03512855,-0.25341108,-0.1047979
../data/train_data_mmini/2/Train_0008.jpg	2	-1.0,1.0,1.0,1.0,1.0,1.0,-1.0,-1.0	-0.17148727,0.08643527,0.026215333,0.045213003,0.1286284,0.058712766,-0.18669027,-0.18763793
../data/train_data_mmini/2/Train_0009.jpg	2	-1.0,1.0,-1.0,-1.0,1.0,-1.0,-1.0,-1.0	-0.18450022,0.04992841,-0.026778318,-0.0007501933,0.21486963,-0.03369699,-0.37222835,-0.028633928
../data/train_data_mmini/3/Train_0010.jpg	3	-1.0,1.0,1.0,1.0,1.0,1.0,-1.0,-1.0	-0.1309183,0.09463421,0.0404325,0.11268531,0.23401909,0.028286768,-0.22731075,-0.064742275
../data/train_data_mmini/3/Train_0011.jpg	3	-1.0,1.0,-1.0,1.0,1.0,1.0,-1.0,-1.0	-0.18193048,0.005837255,-0.0002404647,0.020233585,0.13120131,0.043361835,-0.102341846,-0.09413608
../data/train_data_mmini/3/Train_0012.jpg	3	-1.0,1.0,-1.0,1.0,1.0,1.0,-1.0,-1.0	-0.22935851,0.0683605,-0.10995308,0.041301087,0.13128868,0.029266203,-0.27847996,-0.024875388
../data/train_data_mmini/3/Train_0013.jpg	3	-1.0,1.0,-1.0,1.0,1.0,1.0,-1.0,-1.0	-0.23782672,0.11275682,-0.041503597,0.15390797,0.20858817,0.0442274,-0.28717613,-0.14926189
../data/train_data_mmini/3/Train_0014.jpg	3	-1.0,1.0,1.0,1.0,1.0,-1.0,-1.0,-1.0	-0.18966396,0.100329295,0.0039372128,0.06688885,0.2374889,-0.0353247,-0.29820487,-0.11082944
../data/train_data_mmini/4/Train_0015.jpg	4	-1.0,1.0,-1.0,1.0,1.0,1.0,-1.0,-1.0	-0.16488749,0.092598654,-0.03868053,0.071081564,0.12835462,0.022438435,-0.20546931,-0.10836041
../data/train_data_mmini/4/Train_0016.jpg	4	-1.0,1.0,-1.0,1.0,1.0,1.0,-1.0,-1.0	-0.18608654,0.02008757,-0.086869165,0.020304449,0.10297745,0.05964917,-0.16135432,-0.0003308736
../data/train_data_mmini/4/Train_0017.jpg	4	-1.0,1.0,-1.0,1.0,1.0,1.0,-1.0,1.0	-0.22915637,0.02228373,-0.09715651,0.12253166,0.22921842,0.06866324,-0.2695052,0.006065937
../data/train_data_mmini/4/Train_0018.jpg	4	-1.0,1.0,1.0,1.0,1.0,1.0,-1.0,-1.0	-0.12125816,0.09738443,0.005526919,0.030422421,0.24916452,0.0274943,-0.16301338,-0.14482395
../data/train_data_mmini/4/Train_0019.jpg	4	-1.0,1.0,-1.0,1.0,1.0,-1.0,-1.0,-1.0	-0.19251537,0.1526353,-0.08545523,0.17234835,0.24205004,-0.00097591226,-0.32718328,-0.046961978
../data/train_data_mmini/5/Train_0020.jpg	5	-1.0,1.0,-1.0,1.0,1.0,-1.0,-1.0,-1.0	-0.1453295,0.060308315,-0.07619054,0.07801205,0.16312572,-0.024218583,-0.27483433,-0.05013162
../data/train_data_mmini/5/Train_0021.jpg	5	-1.0,1.0,-1.0,1.0,1.0,1.0,-1.0,-1.0	-0.216937,0.01922253,-0.040660065,0.075540744,0.15138708,0.05272492,-0.22538689,-0.13537441
../data/train_data_mmini/5/Train_0022.jpg	5	-1.0,1.0,-1.0,-1.0,1.0,-1.0,-1.0,-1.0	-0.1403208,0.113178946,-0.03145587,-0.018949987,0.1551542,-0.02328978,-0.3011113,-0.10318044
../data/train_data_mmini/5/Train_0023.jpg	5	-1.0,1.0,-1.0,-1.0,1.0,1.0,-1.0,-1.0	-0.13913581,0.018639913,-0.061170164,-0.013067614,0.09990109,0.010494245,-0.23361741,-0.098501466
../data/train_data_mmini/5/Train_0024.jpg	5	-1.0,1.0,-1.0,1.0,1.0,1.0,-1.0,-1.0	-0.1484983,0.0022330922,-0.06460814,0.020378783,0.18929207,0.025770629,-0.2645042,-0.11499697
../data/train_data_mmini/6/Train_0025.jpg	6	-1.0,1.0,-1.0,1.0,1.0,1.0,-1.0,1.0	-0.22083683,0.10419462,-0.10900045,0.153795,0.28277346,0.016128844,-0.3052149,0.09873175
../data/train_data_mmini/6/Train_0026.jpg	6	-1.0,1.0,-1.0,1.0,1.0,1.0,-1.0,-1.0	-0.102252185,0.016175691,-0.017822208,0.09878646,0.22700693,0.01185105,-0.2255669,-0.049193367
../data/train_data_mmini/6/Train_0027.jpg	6	-1.0,1.0,-1.0,1.0,1.0,-1.0,-1.0,-1.0	-0.15511492,0.073466726,-0.015731638,0.080535255,0.2028541,-0.03669546,-0.25427002,-0.022476489
../data/train_data_mmini/6/Train_0028.jpg	6	-1.0,1.0,-1.0,1.0,1.0,1.0,-1.0,-1.0	-0.15190558,0.033990577,-0.04404262,0.009174706,0.22794837,0.09442617,-0.14683387,-0.16685145
../data/train_data_mmini/6/Train_0029.jpg	6	-1.0,1.0,-1.0,1.0,1.0,1.0,-1.0,1.0	-0.2717099,0.055380728,-0.116437435,0.03763803,0.23082337,0.0017769771,-0.38611743,0.038192827
../data/train_data_mmini/7/Train_0030.jpg	7	-1.0,1.0,-1.0,1.0,1.0,-1.0,-1.0,-1.0	-0.15591237,0.061337583,-0.07944883,0.023551727,0.17038116,-0.022154698,-0.358591,-0.003944025
../data/train_data_mmini/7/Train_0031.jpg	7	-1.0,1.0,-1.0,1.0,1.0,1.0,-1.0,-1.0	-0.26765504,0.091513805,-0.078474216,0.073652744,0.25680536,0.009680211,-0.37889445,-0.043097917
../data/train_data_mmini/7/Train_0032.jpg	7	-1.0,1.0,1.0,1.0,1.0,1.0,-1.0,-1.0	-0.2335999,0.017561516,0.0033328487,0.09153154,0.20191169,0.15008453,-0.2219465,-0.06889126
../data/train_data_mmini/7/Train_0033.jpg	7	-1.0,1.0,-1.0,1.0,1.0,1.0,-1.0,-1.0	-0.14469796,0.08817045,-0.11680308,0.0061408374,0.22047019,0.048203923,-0.33272913,-0.049914554
../data/train_data_mmini/7/Train_0034.jpg	7	-1.0,1.0,1.0,1.0,1.0,1.0,-1.0,-1.0	-0.16187927,0.0060915737,0.057284653,0.07719687,0.21113816,0.09819222,-0.08786227,-0.11787798
../data/train_data_mmini/8/Train_0035.jpg	8	-1.0,1.0,1.0,1.0,1.0,-1.0,-1.0,-1.0	-0.1639771,0.09783922,0.014205345,0.053674016,0.18830194,-0.024430593,-0.36268023,-0.08387331
../data/train_data_mmini/8/Train_0036.jpg	8	-1.0,1.0,-1.0,1.0,1.0,1.0,-1.0,-1.0	-0.19933616,0.060294695,-0.064616114,0.050495856,0.30246767,0.02669238,-0.38491598,-0.0043678046
../data/train_data_mmini/8/Train_0037.jpg	8	-1.0,-1.0,-1.0,1.0,1.0,1.0,-1.0,-1.0	-0.2442377,-0.04760564,-0.032836247,0.03862042,0.2171582,0.043082025,-0.24002746,-0.023152536
../data/train_data_mmini/8/Train_0038.jpg	8	-1.0,1.0,1.0,1.0,1.0,-1.0,-1.0,-1.0	-0.22742532,0.108170696,0.00037532393,0.052117996,0.13245912,-0.022190455,-0.29529685,-0.06908816
../data/train_data_mmini/8/Train_0039.jpg	8	-1.0,1.0,-1.0,1.0,1.0,-1.0,-1.0,-1.0	-0.23852855,0.103767864,-0.04406019,0.018358007,0.2636851,-0.0017541108,-0.4239216,-0.06749258
../data/train_data_mmini/9/Train_0040.jpg	9	-1.0,1.0,-1.0,1.0,1.0,1.0,-1.0,-1.0	-0.19123563,0.020206466,-0.051970053,0.029178696,0.14110559,0.024288684,-0.28288317,-0.07202068
../data/train_data_mmini/9/Train_0041.jpg	9	-1.0,1.0,-1.0,1.0,1.0,1.0,-1.0,-1.0	-0.1918215,0.108286455,-0.07137222,0.04237966,0.32895327,0.05731261,-0.23426764,-0.076527216
../data/train_data_mmini/9/Train_0042.jpg	9	-1.0,1.0,-1.0,1.0,1.0,1.0,-1.0,-1.0	-0.24552873,0.004094207,-0.04970376,0.022942455,0.13375655,0.11349863,-0.17457058,-0.12873322
../data/train_data_mmini/9/Train_0043.jpg	9	-1.0,1.0,-1.0,1.0,1.0,-1.0,-1.0,-1.0	-0.17270057,0.08897714,-0.011745325,0.045188934,0.2519421,-0.013768229,-0.34617773,-0.13670743
../data/train_data_mmini/9/Train_0044.jpg	9	-1.0,1.0,-1.0,1.0,1.0,-1.0,-1.0,1.0	-0.2759496,0.105749354,-0.096422516,0.0703092,0.19316928,-0.0044193706,-0.3572401,0.008684102
../data/train_data_mmini/10/Train_0045.jpg	10	-1.0,1.0,1.0,1.0,1.0,1.0,-1.0,1.0	-0.21527672,0.02510853,0.0027307468,0.090015925,0.29352435,0.050670464,-0.3392811,0.038396154
../data/train_data_mmini/10/Train_0046.jpg	10	-1.0,-1.0,-1.0,1.0,1.0,1.0,-1.0,-1.0	-0.25781247,-0.0030795522,-0.041430026,0.08888669,0.12125786,0.045519397,-0.20275873,-0.032280285
../data/train_data_mmini/10/Train_0047.jpg	10	-1.0,1.0,-1.0,1.0,1.0,1.0,-1.0,-1.0	-0.28617406,0.03734417,-0.021681225,0.075936,0.31237707,0.042084362,-0.391467,-0.07936925
../data/train_data_mmini/10/Train_0048.jpg	10	-1.0,1.0,-1.0,1.0,1.0,1.0,-1.0,1.0	-0.24643216,0.13916136,-0.036854494,0.04740835,0.14183311,0.038725156,-0.44987467,0.060746204
../data/train_data_mmini/10/Train_0049.jpg	10	-1.0,1.0,1.0,1.0,1.0,1.0,-1.0,-1.0	-0.20060031,0.009531363,0.009567753,0.014359551,0.20346852,0.02933569,-0.3639622,-0.06679457
