../data/train_data_mmini/1/Train_0000.jpg	1	1.0,1.0,-1.0,-1.0,-1.0,1.0,-1.0,1.0,1.0,-1.0,1.0,1.0,1.0,1.0,1.0,-1.0,1.0,1.0,1.0,1.0,1.0,-1.0,-1.0,1.0	8.695749,1.6663418,-8.2300205,-8.564126,-0.6484308,11.678498,-4.1678815,10.516303,11.573692,-14.964062,26.965893,28.526241,7.8513107,14.885391,13.571835,-17.384912,14.030453,2.658447,0.6785184,10.707141,18.938025,-5.2591076,-15.564085,0.95961154
../data/train_data_mmini/1/Train_0001.jpg	1	1.0,1.0,-1.0,-1.0,-1.0,1.0,-1.0,1.0,1.0,-1.0,1.0,1.0,1.0,1.0,1.0,-1.0,1.0,1.0,-1.0,1.0,1.0,-1.0,-1.0,1.0	5.0954046,2.1947737,-7.8459935,-8.088337,-1.7039195,9.656693,-3.651404,8.728476,8.79569,-11.6053915,21.106358,20.418774,7.287506,12.984254,10.096614,-13.716618,10.762773,3.0115678,-0.68398064,8.548376,14.738228,-5.3281665,-12.278763,1.002927
../data/train_data_mmini/1/Train_0002.jpg	1	1.0,1.0,-1.0,-1.0,1.0,1.0,-1.0,1.0,1.0,-1.0,1.0,1.0,1.0,1.0,1.0,-1.0,1.0,1.0,1.0,1.0,1.0,-1.0,-1.0,1.0	4.756378,1.0342543,-4.4879293,-5.812633,0.17853211,6.033379,-2.3239737,5.105966,6.271234,-7.2670145,14.613747,14.484815,4.7369585,8.373289,7.979919,-9.959042,7.6361547,1.8328625,1.3871373,4.466399,11.100565,-2.9919944,-7.509376,0.5257966
../data/train_data_mmini/1/Train_0003.jpg	1	1.0,1.0,-1.0,-1.0,-1.0,1.0,-1.0,1.0,1.0,-1.0,1.0,1.0,1.0,1.0,1.0,-1.0,1.0,1.0,1.0,1.0,1.0,-1.0,-1.0,1.0	9.634256,1.2731848,-8.718888,-8.967894,-0.17026614,13.643411,-3.8815992,11.970635,12.287078,-16.040073,29.010612,31.986794,8.164216,16.58862,14.238935,-18.470587,16.14969,3.0621958,0.3519783,12.889566,19.359076,-4.995181,-18.373453,1.5212741
../data/train_data_mmini/1/Train_0004.jpg	1	1.0,1.0,-1.0,-1.0,-1.0,1.0,-1.0,1.0,1.0,-1.0,1.0,1.0,1.0,1.0,1.0,-1.0,1.0,1.0,1.0,1.0,1.0,-1.0,-1.0,1.0	7.74194,1.7159302,-8.519535,-8.55685,-1.3270966,11.4142685,-4.3913875,10.731406,11.29093,-14.77075,25.942802,27.017725,7.515451,14.589593,12.887598,-16.718843,13.614994,2.6380699,0.08898858,10.427491,18.32533,-5.4662013,-15.106838,1.2493964
../data/train_data_mmini/2/Train_0005.jpg	2	1.0,1.0,-1.0,-1.0,1.0,1.0,-1.0,1.0,1.0,-1.0,1.0,1.0,1.0,1.0,1.0,-1.0,1.0,1.0,1.0,1.0,1.0,-1.0,-1.0,1.0	6.3025603,0.3600063,-5.0492687,-5.3582067,0.8670533,8.580179,-1.7381489,7.6778965,6.9841304,-9.130311,17.184162,19.947498,4.5548463,10.250939,8.33274,-10.751687,10.390216,1.5722281,0.51858497,8.06055,10.528478,-2.3921554,-12.027432,1.4084077
../data/train_data_mmini/2/Train_0006.jpg	2	1.0,1.0,-1.0,-1.0,-1.0,1.0,-1.0,1.0,1.0,-1.0,1.0,1.0,1.0,1.0,1.0,-1.0,1.0,1.0,1.0,1.0,1.0,-1.0,-1.0,1.0	5.243551,2.0851367,-6.1872563,-6.1390758,-0.9056758,5.456318,-3.085637,7.3355317,7.2744865,-9.635717,16.97458,16.17885,5.5334864,9.399209,9.530386,-11.6446905,7.496763,0.6043743,1.164204,4.4333696,13.339228,-3.9554143,-7.3979115,0.9208162
../data/train_data_mmini/2/Train_0007.jpg	2	1.0,1.0,-1.0,-1.0,-1.0,1.0,-1.0,1.0,1.0,-1.0,1.0,1.0,1.0,1.0,1.0,-1.0,1.0,1.0,1.0,1.0,1.0,-1.0,-1.0,1.0	10.45561,1.5755026,-9.811653,-9.989687,-0.14066814,14.614043,-4.0813193,13.583575,13.281554,-17.378544,31.694883,34.696243,8.926382,18.190426,15.616935,-20.11512,17.443394,3.0031846,0.3445554,13.610216,21.115679,-5.807124,-19.852337,1.7298293
../data/train_data_mmini/2/Train_0008.jpg	2	1.0,1.0,-1.0,-1.0,-1.0,1.0,-1.0,1.0,1.0,-1.0,1.0,1.0,1.0,1.0,1.0,-1.0,1.0,1.0,1.0,1.0,1.0,-1.0,-1.0,1.0	6.595706,1.1486033,-5.477908,-5.177969,-0.14985423,6.235167,-2.6480844,7.340122,7.760993,-10.256969,18.461397,18.865736,4.6399345,8.926456,9.807371,-11.715877,8.718825,0.17386149,1.5179728,5.9367094,13.682836,-3.5807686,-9.163704,0.56221896
../data/train_data_mmini/2/Train_0009.jpg	2	1.0,1.0,-1.0,-1.0,1.0,1.0,-1.0,1.0,1.0,-1.0,1.0,1.0,1.0,1.0,1.0,-1.0,1.0,1.0,1.0,1.0,1.0,-1.0,-1.0,1.0	9.8915,0.687185,-7.6519246,-7.1469502,0.511086,11.294998,-3.1117024,11.421611,11.383057,-14.749636,26.921711,29.898018,6.3550196,14.2106495,13.497954,-16.547146,14.541132,1.1352645,1.3045474,11.402422,17.881973,-4.1582894,-16.451458,1.2793713
../data/train_data_mmini/3/Train_0010.jpg	3	1.0,1.0,-1.0,-1.0,-1.0,1.0,-1.0,1.0,1.0,-1.0,1.0,1.0,1.0,1.0,1.0,-1.0,1.0,1.0,-1.0,1.0,1.0,-1.0,-1.0,1.0	3.983865,1.10446,-4.9287105,-5.3472614,-0.6845209,7.0144806,-2.1812696,6.129318,5.9711432,-7.847256,14.374515,14.645543,4.6502223,8.879,6.850784,-9.249162,7.8846936,2.086461,-0.47473648,6.332786,9.6148815,-3.2250385,-9.132004,0.9188178
../data/train_data_mmini/3/Train_0011.jpg	3	1.0,1.0,-1.0,-1.0,-1.0,1.0,-1.0,1.0,1.0,-1.0,1.0,1.0,1.0,1.0,1.0,-1.0,1.0,1.0,-1.0,1.0,1.0,-1.0,-1.0,1.0	1.23343,2.5420947,-4.4512506,-3.9415247,-2.2907689,2.7906835,-2.665045,3.3363616,3.7622793,-4.7791843,8.863539,5.4154577,4.205772,5.4835877,5.0958943,-6.2292166,2.6400678,1.0284592,-0.09544276,1.8847142,8.25723,-3.287984,-2.3655791,0.13473378
../data/train_data_mmini/3/Train_0012.jpg	3	1.0,1.0,-1.0,-1.0,1.0,1.0,-1.0,1.0,1.0,-1.0,1.0,1.0,1.0,1.0,1.0,-1.0,1.0,1.0,1.0,1.0,1.0,-1.0,-1.0,1.0	5.084574,0.5120009,-4.846124,-4.8539076,0.07851944,6.7617397,-1.8634461,7.108629,6.6548305,-8.237039,15.267637,16.667099,4.0246887,8.856401,7.563187,-9.589551,8.556752,0.9348955,0.5114558,6.356947,10.064059,-2.2265646,-9.61319,1.1979749
../data/train_data_mmini/3/Train_0013.jpg	3	1.0,1.0,-1.0,-1.0,1.0,1.0,-1.0,1.0,1.0,-1.0,1.0,1.0,1.0,1.0,1.0,-1.0,1.0,-1.0,1.0,1.0,1.0,-1.0,-1.0,1.0	5.9292455,0.58386636,-3.4315455,-3.536968,0.4854936,3.9853456,-1.8233088,4.996944,5.8535686,-7.5053177,13.627701,14.186728,2.787099,5.9806504,7.6304135,-8.529648,6.3618407,-0.28279892,2.0045285,3.868331,10.50521,-2.3750584,-6.339027,0.20049241
../data/train_data_mmini/3/Train_0014.jpg	3	1.0,1.0,-1.0,-1.0,-1.0,1.0,-1.0,1.0,1.0,-1.0,1.0,1.0,1.0,1.0,1.0,-1.0,1.0,1.0,1.0,1.0,1.0,-1.0,-1.0,1.0	6.198754,1.1568766,-6.366229,-5.86072,-0.21005072,7.565123,-2.75175,8.695794,7.950574,-10.6765375,19.255114,19.812595,5.312087,10.242782,10.138642,-12.409991,9.768702,0.5258012,1.056409,6.774603,13.738929,-3.8732884,-10.231527,1.4847531
../data/train_data_mmini/4/Train_0015.jpg	4	1.0,1.0,-1.0,-1.0,1.0,1.0,-1.0,1.0,1.0,-1.0,1.0,1.0,1.0,1.0,1.0,-1.0,1.0,1.0,1.0,1.0,1.0,-1.0,-1.0,1.0	7.4797287,0.531539,-5.1627135,-5.1156435,0.8543972,7.766811,-2.1785328,7.5854783,8.097051,-10.431191,19.412312,21.254332,4.464626,9.67393,9.815513,-12.008487,10.093923,0.7338284,1.5997533,7.272344,13.315135,-2.982321,-11.147588,0.5567289
../data/train_data_mmini/4/Train_0016.jpg	4	1.0,-1.0,-1.0,-1.0,1.0,1.0,-1.0,1.0,1.0,-1.0,1.0,1.0,1.0,1.0,1.0,-1.0,1.0,1.0,1.0,1.0,1.0,-1.0,-1.0,1.0	4.9038963,-0.07101382,-3.7502806,-3.8229046,0.99101055,6.968019,-0.9372586,6.052934,5.1916347,-6.7521286,12.934445,15.73855,3.4176016,7.928814,6.0728774,-7.96848,8.424448,1.1433899,0.32626587,6.6473618,7.3594046,-1.4277462,-9.9469795,1.2578634
../data/train_data_mmini/4/Train_0017.jpg	4	1.0,1.0,-1.0,-1.0,-1.0,1.0,-1.0,1.0,1.0,-1.0,1.0,1.0,1.0,1.0,1.0,-1.0,1.0,1.0,-1.0,1.0,1.0,-1.0,-1.0,1.0	2.196969,2.2685158,-5.221661,-4.834645,-1.680143,3.4457417,-2.4541662,5.0418963,4.5672565,-6.4056993,10.736781,9.15547,4.5809593,7.066569,5.982006,-7.523678,4.3290753,0.9312211,-0.18662193,2.8491075,8.5884075,-3.087344,-4.35352,0.9181369
../data/train_data_mmini/4/Train_0018.jpg	4	1.0,1.0,-1.0,-1.0,1.0,1.0,-1.0,1.0,1.0,-1.0,1.0,1.0,1.0,1.0,1.0,-1.0,1.0,1.0,1.0,1.0,1.0,-1.0,-1.0,1.0	4.8765454,0.8591608,-4.6857386,-4.4081364,0.059668668,6.3359027,-1.8623878,6.9250402,5.9903984,-8.440278,14.873165,16.624474,4.159308,8.552086,7.584461,-9.431596,8.107334,0.67688584,0.49328738,6.0583987,9.58958,-2.4000833,-9.029139,1.2032112
../data/train_data_mmini/4/Train_0019.jpg	4	1.0,1.0,-1.0,-1.0,-1.0,1.0,-1.0,1.0,1.0,-1.0,1.0,1.0,1.0,1.0,1.0,-1.0,1.0,1.0,-1.0,1.0,1.0,-1.0,-1.0,1.0	3.4727175,1.1279894,-5.012683,-5.4536853,-0.90642786,7.200728,-2.5275357,6.06894,5.9876933,-7.93167,14.363375,14.245517,4.4379153,8.860168,6.654667,-9.206276,7.6728363,2.0330188,-0.4148811,6.2804146,9.458135,-3.1528058,-9.31618,0.6877407
../data/train_data_mmini/5/Train_0020.jpg	5	1.0,1.0,-1.0,-1.0,1.0,1.0,-1.0,1.0,1.0,-1.0,1.0,1.0,1.0,1.0,1.0,-1.0,1.0,1.0,1.0,1.0,1.0,-1.0,-1.0,1.0	9.304554,1.1160835,-9.310932,-9.371547,0.075443394,14.136904,-3.6709945,12.595278,12.040409,-15.67333,29.13598,31.89318,8.167966,17.147669,13.850524,-18.30642,16.5109,2.985069,0.044456933,13.059704,18.652842,-5.0639367,-19.229654,1.7510325
../data/train_data_mmini/5/Train_0021.jpg	5	1.0,1.0,-1.0,-1.0,-1.0,1.0,-1.0,1.0,1.0,-1.0,1.0,1.0,1.0,1.0,1.0,-1.0,1.0,1.0,1.0,1.0,1.0,-1.0,-1.0,1.0	9.384707,1.5044549,-6.9670177,-6.7191153,-0.36209744,7.976889,-3.723706,9.573496,10.810428,-14.024471,24.996582,25.708334,5.8298664,11.687786,13.297215,-15.625934,11.530871,0.20739941,2.2306383,7.9455194,18.734901,-4.6821647,-12.218355,0.4168614
../data/train_data_mmini/5/Train_0022.jpg	5	1.0,1.0,-1.0,-1.0,1.0,1.0,-1.0,1.0,1.0,-1.0,1.0,1.0,1.0,1.0,1.0,-1.0,1.0,1.0,1.0,1.0,1.0,-1.0,-1.0,1.0	10.117918,1.2014564,-8.524496,-8.360754,0.25253206,12.375032,-3.5741453,12.108427,12.040162,-15.903545,28.991596,31.582438,7.5174904,15.649944,14.492631,-18.14062,15.462015,1.7492561,1.0807014,11.861959,19.525324,-5.0831747,-17.377165,1.3724155
../data/train_data_mmini/5/Train_0023.jpg	5	1.0,1.0,-1.0,-1.0,1.0,1.0,-1.0,1.0,1.0,-1.0,1.0,1.0,1.0,1.0,1.0,-1.0,1.0,1.0,1.0,1.0,1.0,-1.0,-1.0,1.0	10.81937,1.2238288,-9.4043,-9.017284,0.07413209,13.7134075,-4.0110445,12.97029,13.156003,-17.17526,31.411638,34.20446,8.08444,17.039394,15.535674,-19.594353,16.864637,2.177947,0.8869275,13.2571945,21.140852,-5.586378,-19.167942,1.3805238
../data/train_data_mmini/5/Train_0024.jpg	5	1.0,1.0,-1.0,-1.0,1.0,1.0,-1.0,1.0,1.0,-1.0,1.0,1.0,1.0,1.0,1.0,-1.0,1.0,1.0,1.0,1.0,1.0,-1.0,-1.0,1.0	9.412948,0.956309,-7.504113,-7.859125,0.22060587,11.621465,-3.4609048,10.704522,11.293649,-14.431558,26.330141,28.955961,6.7898226,14.373122,13.100532,-16.501831,14.394559,2.1496127,0.8853066,10.989967,17.749819,-4.4650073,-16.167494,1.2008718
../data/train_data_mmini/6/Train_0025.jpg	6	1.0,1.0,-1.0,-1.0,1.0,1.0,-1.0,1.0,1.0,-1.0,1.0,1.0,1.0,1.0,1.0,-1.0,1.0,1.0,1.0,1.0,1.0,-1.0,-1.0,1.0	5.757235,0.3292201,-3.2375798,-3.9762275,0.44018716,6.2639117,-1.1682026,5.5260315,5.9672527,-7.1095333,13.098294,15.639229,3.4011273,7.6297197,6.607965,-8.438283,8.334079,1.5405909,0.6055343,6.6060348,8.68125,-1.6875198,-9.005421,0.9272681
../data/train_data_mmini/6/Train_0026.jpg	6	1.0,1.0,-1.0,-1.0,-1.0,1.0,-1.0,1.0,1.0,-1.0,1.0,1.0,1.0,1.0,1.0,-1.0,1.0,1.0,-1.0,1.0,1.0,-1.0,-1.0,1.0	3.1704423,3.5618978,-10.336529,-10.301749,-3.9592834,12.290597,-4.640424,11.034339,9.122511,-13.8997345,23.027443,22.29469,10.0942955,16.83755,10.660314,-15.89272,12.575896,4.944396,-2.7613409,11.47929,15.5260935,-6.2639747,-14.40156,2.1340563
../data/train_data_mmini/6/Train_0027.jpg	6	1.0,1.0,-1.0,-1.0,-1.0,1.0,-1.0,1.0,1.0,-1.0,1.0,1.0,1.0,1.0,1.0,-1.0,1.0,1.0,-1.0,1.0,1.0,-1.0,-1.0,1.0	3.9434247,0.96140987,-5.0478406,-4.445429,-0.48072428,6.265926,-1.856396,6.5356755,5.8168197,-7.69696,14.154741,14.473317,4.0699635,8.089042,6.818818,-8.76733,7.311757,1.0891196,-0.028175756,6.114546,9.234413,-2.9613988,-8.577471,0.97611994
../data/train_data_mmini/6/Train_0028.jpg	6	1.0,1.0,-1.0,-1.0,-1.0,1.0,-1.0,1.0,1.0,-1.0,1.0,1.0,1.0,1.0,1.0,-1.0,1.0,1.0,1.0,1.0,1.0,-1.0,-1.0,1.0	4.824677,2.754291,-7.23932,-6.960636,-1.8536863,6.4039555,-3.9151978,8.54108,8.055606,-11.0078945,18.556345,17.171583,6.757607,10.517397,10.43793,-13.156793,7.9347777,0.99503505,0.6488153,5.1037607,15.1720705,-5.0200405,-7.9843163,1.3738213
../data/train_data_mmini/6/Train_0029.jpg	6	1.0,-1.0,-1.0,-1.0,1.0,1.0,-1.0,1.0,1.0,-1.0,1.0,1.0,1.0,1.0,1.0,-1.0,1.0,1.0,1.0,1.0,1.0,-1.0,-1.0,1.0	8.985749,-1.1412654,-3.3046513,-3.8431056,2.700868,9.197638,-1.3684427,7.0740848,8.133464,-9.528915,18.608269,23.183567,2.8746622,8.763854,9.151769,-10.998411,11.541832,1.0415294,2.235081,9.398602,11.263008,-0.8628167,-13.66249,0.41361573
../data/train_data_mmini/7/Train_0030.jpg	7	1.0,1.0,-1.0,-1.0,1.0,1.0,-1.0,1.0,1.0,-1.0,1.0,1.0,1.0,1.0,1.0,-1.0,1.0,1.0,1.0,1.0,1.0,-1.0,-1.0,1.0	9.288406,0.99526733,-7.7006245,-7.1733584,0.6051596,11.046811,-3.0428176,10.905458,10.656804,-14.242324,26.112217,28.681986,6.5496035,13.972406,12.92833,-16.072914,13.880412,1.1448516,1.2607687,10.677563,17.055893,-4.2017794,-15.814909,1.1526272
../data/train_data_mmini/7/Train_0031.jpg	7	1.0,1.0,-1.0,-1.0,1.0,1.0,-1.0,1.0,1.0,-1.0,1.0,1.0,1.0,1.0,1.0,-1.0,1.0,1.0,1.0,1.0,1.0,-1.0,-1.0,1.0	8.40251,0.5978552,-6.122529,-5.7852087,1.1492167,8.67267,-2.2336755,9.67229,8.662965,-12.163441,21.607115,24.947266,5.499812,11.652922,11.491188,-13.675686,11.862629,0.08484679,1.8200846,8.534945,14.135667,-2.79944,-12.86307,1.6633703
../data/train_data_mmini/7/Train_0032.jpg	7	1.0,1.0,-1.0,-1.0,-1.0,1.0,-1.0,1.0,1.0,-1.0,1.0,1.0,1.0,1.0,1.0,-1.0,1.0,-1.0,1.0,1.0,1.0,-1.0,-1.0,1.0	3.1456037,1.2309511,-3.29484,-2.9896061,-0.7825725,2.2469194,-1.9006467,3.9095874,4.348455,-5.598112,10.059578,8.685299,2.6236258,4.660547,5.6823115,-6.3443403,3.667853,-0.22133039,1.1664885,2.3351398,8.052171,-2.3109818,-3.6388874,0.19189036
../data/train_data_mmini/7/Train_0033.jpg	7	1.0,1.0,-1.0,-1.0,1.0,1.0,-1.0,1.0,1.0,-1.0,1.0,1.0,1.0,1.0,1.0,-1.0,1.0,1.0,-1.0,1.0,1.0,-1.0,-1.0,1.0	6.84364,1.1542593,-8.326928,-8.489586,0.04834611,12.046812,-3.1451726,11.256741,9.538078,-12.867545,23.909786,26.062979,7.5461483,15.1379175,11.704696,-15.3833,13.945782,2.8477707,-0.0075370157,10.597041,15.095648,-4.20594,-15.968222,2.1568065
../data/train_data_mmini/7/Train_0034.jpg	7	1.0,1.0,-1.0,-1.0,-1.0,1.0,-1.0,1.0,1.0,-1.0,1.0,1.0,1.0,1.0,1.0,-1.0,1.0,1.0,1.0,1.0,1.0,-1.0,-1.0,1.0	1.5934476,1.9922496,-4.25361,-3.9170887,-1.9495409,3.1088164,-2.4523818,4.077554,3.9881828,-5.367647,9.457828,7.0449014,3.8459618,5.613589,5.2860427,-6.4688563,3.383635,0.86442065,0.0042646714,2.4589365,8.021429,-3.0965793,-3.539938,0.416361
../data/train_data_mmini/8/Train_0035.jpg	8	1.0,1.0,-1.0,-1.0,1.0,1.0,-1.0,1.0,1.0,-1.0,1.0,1.0,1.0,1.0,1.0,-1.0,1.0,-1.0,1.0,1.0,1.0,-1.0,-1.0,1.0	10.281176,0.5252938,-5.766436,-5.103179,1.4227805,7.6253295,-2.308667,9.113418,9.718618,-12.65525,23.311285,25.71642,4.278017,10.400292,12.348288,-13.878805,11.551912,-0.5771248,2.6892345,8.199091,16.494015,-3.493185,-12.522496,0.4101855
../data/train_data_mmini/8/Train_0036.jpg	8	1.0,1.0,-1.0,-1.0,1.0,1.0,-1.0,1.0,1.0,-1.0,1.0,1.0,1.0,1.0,1.0,-1.0,1.0,1.0,1.0,1.0,1.0,-1.0,-1.0,1.0	9.398932,0.71154016,-6.203458,-6.6661673,1.7785242,9.957252,-1.7420223,10.6022005,8.903076,-12.253603,22.189692,27.055197,6.106919,12.983776,12.046784,-14.47704,13.376635,0.75053984,1.6813257,9.260877,14.38142,-2.811582,-14.1705675,2.2685225
../data/train_data_mmini/8/Train_0037.jpg	8	1.0,1.0,-1.0,-1.0,-1.0,1.0,-1.0,1.0,1.0,-1.0,1.0,1.0,1.0,1.0,1.0,-1.0,1.0,1.0,-1.0,1.0,1.0,-1.0,-1.0,1.0	4.1375227,1.8598714,-6.4497666,-6.541764,-1.4881283,7.3115335,-2.8129497,8.190843,7.1109962,-9.748715,16.705585,17.136215,5.8199453,10.647194,8.388669,-11.073711,8.78668,1.79136,-0.36874115,6.639805,11.51072,-3.7029665,-9.727393,1.6082596
../data/train_data_mmini/8/Train_0038.jpg	8	1.0,1.0,-1.0,-1.0,1.0,1.0,-1.0,1.0,1.0,-1.0,1.0,1.0,1.0,1.0,1.0,-1.0,1.0,-1.0,1.0,1.0,1.0,-1.0,-1.0,1.0	9.36354,0.23980248,-5.561174,-4.9717937,1.6739469,8.261836,-2.138083,8.417495,9.010325,-11.952933,22.472055,24.93336,4.4961414,10.410092,11.644936,-13.492085,11.494194,-0.0997496,2.4249866,8.585058,15.051763,-3.181129,-12.700291,0.5281733
../data/train_data_mmini/8/Train_0039.jpg	8	1.0,1.0,-1.0,-1.0,1.0,1.0,-1.0,1.0,1.0,-1.0,1.0,1.0,1.0,1.0,1.0,-1.0,1.0,1.0,1.0,1.0,1.0,-1.0,-1.0,1.0	9.139425,0.47328302,-5.4905496,-5.5216284,0.9393737,7.740225,-2.3677227,8.953221,9.416657,-11.626133,21.412718,24.002531,4.2173915,10.248258,11.316239,-13.217157,11.209091,0.04057481,2.2614493,7.7793818,15.217835,-3.0059175,-12.138811,0.6874421
../data/train_data_mmini/9/Train_0040.jpg	9	1.0,1.0,-1.0,-1.0,-1.0,1.0,-1.0,1.0,1.0,-1.0,1.0,1.0,1.0,1.0,1.0,-1.0,1.0,1.0,1.0,1.0,1.0,-1.0,-1.0,1.0	8.667977,1.1618582,-7.8161182,-7.8528404,-0.07005035,11.031742,-3.3648384,11.028464,10.831199,-14.146019,25.76303,27.794086,6.8052597,14.092823,12.709405,-16.130217,13.611768,1.7134916,0.83826566,10.368165,17.27729,-4.384239,-15.484516,1.3016858
../data/train_data_mmini/9/Train_0041.jpg	9	1.0,1.0,-1.0,-1.0,-1.0,1.0,-1.0,1.0,1.0,-1.0,1.0,1.0,1.0,1.0,1.0,-1.0,1.0,1.0,-1.0,1.0,1.0,-1.0,-1.0,1.0	5.455137,1.1714947,-6.7875733,-7.023662,-0.4718253,9.106843,-2.557428,8.882011,7.751791,-10.043525,18.94127,19.855394,5.8789663,11.8507395,9.032895,-12.001791,10.822078,2.0593123,-0.15247032,8.231715,12.252955,-3.6878617,-12.473856,1.6373527
../data/train_data_mmini/9/Train_0042.jpg	9	1.0,1.0,-1.0,-1.0,1.0,1.0,-1.0,1.0,1.0,-1.0,1.0,1.0,1.0,1.0,1.0,-1.0,1.0,1.0,1.0,1.0,1.0,-1.0,-1.0,1.0	6.2761335,0.73161554,-5.1216507,-5.3576355,0.10058982,7.855658,-2.226762,7.544965,7.648989,-9.807138,17.854826,19.648819,4.4318595,9.760451,8.609788,-11.007321,9.779657,1.3088393,0.58451885,7.5958524,11.820685,-2.8455148,-11.132765,0.92828786
../data/train_data_mmini/9/Train_0043.jpg	9	1.0,1.0,-1.0,-1.0,1.0,1.0,-1.0,1.0,1.0,-1.0,1.0,1.0,1.0,1.0,1.0,-1.0,1.0,1.0,1.0,1.0,1.0,-1.0,-1.0,1.0	9.778618,1.242878,-7.8374257,-7.7626243,0.20975037,10.338849,-3.4174297,11.2048645,11.267077,-14.746465,26.449987,28.65568,6.641819,13.877539,13.739524,-16.789473,13.777814,1.1306173,1.5848217,9.803371,18.732862,-4.62003,-14.80437,1.3396113
../data/train_data_mmini/9/Train_0044.jpg	9	1.0,1.0,-1.0,-1.0,1.0,1.0,-1.0,1.0,1.0,-1.0,1.0,1.0,1.0,1.0,1.0,-1.0,1.0,1.0,1.0,1.0,1.0,-1.0,-1.0,1.0	7.555736,0.22039014,-5.0910125,-5.3302946,0.9093952,8.931151,-2.1410246,7.831233,8.253604,-10.502476,19.35747,21.830194,4.2879057,10.13465,9.399369,-11.9088,11.015233,1.3439238,1.2139236,8.555955,12.636945,-2.7358203,-12.544809,0.77491856
../data/train_data_mmini/10/Train_0045.jpg	10	1.0,-1.0,-1.0,-1.0,1.0,1.0,-1.0,1.0,1.0,-1.0,1.0,1.0,1.0,1.0,1.0,-1.0,1.0,-1.0,1.0,1.0,1.0,-1.0,-1.0,1.0	4.46341,-0.12583631,-1.9157454,-1.7953501,0.9482118,3.5213454,-1.0733547,3.9379022,4.072288,-5.5361075,9.683081,11.289482,1.2337782,3.954121,5.195236,-5.539751,5.3411646,-0.36481467,1.5109886,3.9656677,6.187986,-0.7372205,-5.8793974,0.22383979
../data/train_data_mmini/10/Train_0046.jpg	10	1.0,1.0,-1.0,-1.0,-1.0,1.0,-1.0,1.0,1.0,-1.0,1.0,1.0,1.0,1.0,1.0,-1.0,1.0,1.0,1.0,1.0,1.0,-1.0,-1.0,1.0	1.6317806,0.1987374,-1.2857414,-1.6002343,-0.35160446,1.5770974,-0.8680509,1.0881945,1.9957151,-2.2222455,4.3381023,3.7353315,1.054519,2.1719308,2.0143783,-2.6193058,2.1655488,0.7091913,0.3212879,1.5422022,3.3334045,-0.74104357,-2.2636719,0.0052832174
../data/train_data_mmini/10/Train_0047.jpg	10	1.0,1.0,-1.0,-1.0,1.0,1.0,-1.0,1.0,1.0,-1.0,1.0,1.0,1.0,1.0,1.0,-1.0,1.0,-1.0,1.0,1.0,1.0,-1.0,-1.0,1.0	7.234635,0.57504874,-3.6732063,-4.1802325,0.88927835,5.171635,-1.7804574,6.2803693,6.71437,-8.940102,15.494936,17.960749,3.324666,7.3096523,8.711471,-10.019692,8.301357,-0.17654873,2.2176988,5.1530604,11.313656,-2.166826,-8.29992,0.7409461
../data/train_data_mmini/10/Train_0048.jpg	10	1.0,-1.0,-1.0,-1.0,1.0,1.0,-1.0,1.0,1.0,-1.0,1.0,1.0,1.0,1.0,1.0,-1.0,1.0,-1.0,1.0,1.0,1.0,1.0,-1.0,1.0	9.216711,-1.7131782,-1.164075,-1.8329457,3.8197033,6.845882,-0.42331636,5.9657054,6.4097614,-6.9236636,13.926404,20.515522,1.4339288,5.551549,7.687044,-8.42987,9.958317,-0.3165802,2.4908054,7.71519,7.9798713,0.05881732,-11.428083,0.4205571
../data/train_data_mmini/10/Train_0049.jpg	10	1.0,1.0,-1.0,-1.0,-1.0,1.0,-1.0,1.0,1.0,-1.0,1.0,1.0,1.0,1.0,1.0,-1.0,1.0,1.0,1.0,1.0,1.0,-1.0,-1.0,1.0	7.0837183,0.88585514,-5.0990014,-4.814791,-0.042918496,6.387243,-2.6197343,7.4988747,8.2365465,-10.402602,18.88081,19.45605,3.8731039,8.679077,9.782696,-11.514652,8.950097,0.14474286,1.5808128,6.6213694,13.796251,-3.4877279,-9.701023,0.36738935
