../data/train_data_mmini/1/Train_0000.jpg	1	1.0,1.0,-1.0,1.0,1.0,1.0,-1.0,-1.0	1.0936362,0.89270407,-1.3562503,1.6714534,2.0378773,2.366224,-2.0667322,-3.0632558
../data/train_data_mmini/1/Train_0001.jpg	1	1.0,-1.0,1.0,1.0,-1.0,-1.0,-1.0,-1.0	2.1036596,-1.0319189,0.31579125,0.5507102,-0.78424567,-0.37316993,-3.3184154,-4.403132
../data/train_data_mmini/1/Train_0002.jpg	1	-1.0,1.0,-1.0,1.0,-1.0,1.0,-1.0,1.0	-0.42940158,2.030787,-1.1682554,3.443096,-1.6602665,2.0132153,-4.230481,1.2627451
../data/train_data_mmini/1/Train_0003.jpg	1	1.0,-1.0,-1.0,1.0,1.0,1.0,-1.0,-1.0	3.751595,-2.6447377,-2.0529118,2.8358943,1.8322835,1.3098805,-0.7835327,-5.314318
../data/train_data_mmini/1/Train_0004.jpg	1	1.0,1.0,-1.0,1.0,1.0,1.0,-1.0,-1.0	0.13258398,2.1388352,-1.2239283,0.41366377,2.904073,2.5061872,-1.2606975,-0.9012727
../data/train_data_mmini/2/Train_0005.jpg	2	1.0,-1.0,1.0,-1.0,-1.0,-1.0,-1.0,1.0	0.03793613,-2.1586874,0.48914793,-1.9779967,-1.9859138,-3.767732,-0.98935217,0.18893778
../data/train_data_mmini/2/Train_0006.jpg	2	1.0,-1.0,-1.0,1.0,-1.0,-1.0,1.0,1.0	1.3463615,-2.727419,-1.2166806,1.5436369,-1.3683507,-1.1868333,3.211977,4.456341
../data/train_data_mmini/2/Train_0007.jpg	2	1.0,1.0,-1.0,1.0,1.0,1.0,-1.0,-1.0	0.1604514,0.5385888,-1.3666178,0.2809863,3.5851657,4.2256026,-0.57944703,-5.034327
../data/train_data_mmini/2/Train_0008.jpg	2	-1.0,1.0,-1.0,-1.0,1.0,1.0,-1.0,1.0	-4.494861,3.4400172,-0.1071524,-2.2891777,1.6782777,1.205078,-0.5927026,2.6658466
../data/train_data_mmini/2/Train_0009.jpg	2	1.0,-1.0,1.0,-1.0,-1.0,-1.0,-1.0,-1.0	0.07588309,-2.1522398,0.12540771,-1.7630825,-0.31042305,-2.7268572,-0.37278026,-1.5254865
../data/train_data_mmini/3/Train_0010.jpg	3	-1.0,-1.0,1.0,-1.0,-1.0,-1.0,-1.0,-1.0	-2.2680452,-2.3301177,0.8711668,-4.624591,-0.9838795,-3.194807,-0.5603246,-0.8127636
../data/train_data_mmini/3/Train_0011.jpg	3	-1.0,1.0,1.0,1.0,-1.0,1.0,-1.0,1.0	-1.6682084,5.044311,0.42271787,1.5878315,-2.3971374,1.0220649,-9.266965,0.8943343
../data/train_data_mmini/3/Train_0012.jpg	3	1.0,1.0,-1.0,1.0,-1.0,-1.0,-1.0,1.0	4.709951,1.4710124,-0.86895615,5.1419487,-2.796726,-1.4927311,-3.988545,2.1930046
../data/train_data_mmini/3/Train_0013.jpg	3	-1.0,-1.0,1.0,-1.0,-1.0,-1.0,1.0,1.0	-1.4109452,-0.6303195,0.2552734,-0.3108509,-2.1468978,-2.4365175,2.3231308,6.811495
../data/train_data_mmini/3/Train_0014.jpg	3	-1.0,1.0,1.0,-1.0,-1.0,-1.0,-1.0,1.0	-3.6067696,0.6478036,0.93398005,-4.290228,-0.532192,-1.5740638,-1.60048,0.5743526
../data/train_data_mmini/4/Train_0015.jpg	4	-1.0,1.0,-1.0,1.0,1.0,1.0,-1.0,1.0	-0.76651126,4.5009537,-1.405207,2.6337867,0.23358284,1.3851284,-2.646955,3.0604222
../data/train_data_mmini/4/Train_0016.jpg	4	1.0,-1.0,1.0,-1.0,-1.0,-1.0,-1.0,-1.0	1.2003764,-3.5771582,0.54118854,-0.024059389,-2.6257963,-2.3925526,-4.5198135,-5.6235604
../data/train_data_mmini/4/Train_0017.jpg	4	1.0,-1.0,-1.0,1.0,-1.0,-1.0,-1.0,1.0	2.8970122,-1.9922855,-0.5509349,3.7611382,-5.60352,-3.165892,-3.4490628,3.2580712
../data/train_data_mmini/4/Train_0018.jpg	4	-1.0,1.0,1.0,-1.0,1.0,-1.0,-1.0,-1.0	-3.5997903,0.60250294,1.1634746,-4.3888116,0.03265501,-1.9269942,-3.213303,-2.3938968
../data/train_data_mmini/4/Train_0019.jpg	4	1.0,-1.0,-1.0,1.0,-1.0,-1.0,1.0,1.0	2.016314,-2.7452796,-1.0687162,2.4129558,-1.9042183,-1.4248164,4.101529,6.723334
../data/train_data_mmini/5/Train_0020.jpg	5	1.0,-1.0,-1.0,1.0,1.0,1.0,1.0,-1.0	1.9434869,-2.4817114,-0.9485212,0.78022176,1.5404712,1.6089151,0.43400967,-4.4062643
../data/train_data_mmini/5/Train_0021.jpg	5	-1.0,1.0,-1.0,1.0,1.0,1.0,-1.0,1.0	-1.8110398,3.119772,-0.92448694,0.32071784,0.7031403,0.95202667,-2.4940789,2.8434997
../data/train_data_mmini/5/Train_0022.jpg	5	-1.0,-1.0,-1.0,-1.0,1.0,1.0,1.0,-1.0	-0.079452656,-0.44714284,-1.1668401,-0.6029996,3.031462,2.0024395,3.4663172,-0.5981766
../data/train_data_mmini/5/Train_0023.jpg	5	1.0,-1.0,-1.0,1.0,1.0,1.0,1.0,-1.0	1.8327233,-1.1709039,-1.6962792,1.1483058,3.4352324,3.0208972,1.160901,-4.645441
../data/train_data_mmini/5/Train_0024.jpg	5	1.0,1.0,-1.0,1.0,1.0,1.0,-1.0,-1.0	1.1615218,1.6854208,-1.29509,2.2879808,0.5469065,1.2050322,-3.8445504,-1.091899
../data/train_data_mmini/6/Train_0025.jpg	6	1.0,-1.0,-1.0,1.0,-1.0,-1.0,-1.0,1.0	4.855744,-5.707374,-0.69363976,3.6804974,-7.150249,-4.516448,-1.8142854,2.2148654
../data/train_data_mmini/6/Train_0026.jpg	6	1.0,-1.0,1.0,-1.0,1.0,-1.0,-1.0,-1.0	0.5793025,-1.7231702,0.10873078,-0.9624281,0.12065637,-0.62270993,-5.6178207,-6.986848
../data/train_data_mmini/6/Train_0027.jpg	6	-1.0,-1.0,1.0,-1.0,-1.0,-1.0,-1.0,-1.0	-0.48573497,-1.990278,1.5859922,-2.2476137,-3.6908314,-3.4393759,-4.1461573,-2.872436
../data/train_data_mmini/6/Train_0028.jpg	6	-1.0,1.0,1.0,-1.0,-1.0,1.0,-1.0,-1.0	-4.185979,2.728882,0.4241484,-1.4347264,-0.2428112,2.6367698,-5.1947618,-1.11738
../data/train_data_mmini/6/Train_0029.jpg	6	1.0,-1.0,-1.0,1.0,-1.0,-1.0,1.0,1.0	2.6261246,-3.32164,-1.1843797,3.033618,-3.6657712,-4.6440253,0.59219927,4.950043
../data/train_data_mmini/7/Train_0030.jpg	7	1.0,-1.0,-1.0,1.0,-1.0,-1.0,1.0,-1.0	3.350865,-3.4432812,-0.7375909,2.0061927,-1.6201148,-1.5982589,0.17041807,-1.784553
../data/train_data_mmini/7/Train_0031.jpg	7	-1.0,-1.0,1.0,-1.0,-1.0,-1.0,1.0,-1.0	-1.2507823,-4.742982,0.8409829,-3.4363055,-2.5398555,-5.0074515,0.17169093,-0.53099173
../data/train_data_mmini/7/Train_0032.jpg	7	-1.0,1.0,1.0,-1.0,-1.0,-1.0,-1.0,1.0	-4.050014,3.454901,2.4518933,-3.3727007,-4.098651,-4.379215,-6.1587753,4.4461155
../data/train_data_mmini/7/Train_0033.jpg	7	1.0,-1.0,-1.0,-1.0,-1.0,-1.0,-1.0,-1.0	2.201694,-4.409671,-0.058451734,-0.7218528,-1.3328608,-2.57983,-2.781596,-5.5740213
../data/train_data_mmini/7/Train_0034.jpg	7	-1.0,1.0,1.0,-1.0,-1.0,-1.0,-1.0,-1.0	-4.0248966,3.1032267,1.1868155,-2.40102,-3.112708,-0.2445575,-9.849776,-0.12639852
../data/train_data_mmini/8/Train_0035.jpg	8	-1.0,1.0,1.0,-1.0,-1.0,-1.0,1.0,1.0	-1.8797241,1.0705714,0.52648455,-2.2222078,-1.3268576,-2.782105,1.0758721,4.5538263
../data/train_data_mmini/8/Train_0036.jpg	8	-1.0,-1.0,1.0,-1.0,-1.0,-1.0,-1.0,1.0	-1.1828207,-4.0554385,0.8400646,-2.8268256,-4.1093445,-4.896047,-1.1582536,0.16016312
../data/train_data_mmini/8/Train_0037.jpg	8	-1.0,1.0,1.0,-1.0,-1.0,-1.0,-1.0,-1.0	-1.2397447,0.2798513,1.6733981,-1.2038912,-4.834889,-3.8082008,-10.004677,-2.1308317
../data/train_data_mmini/8/Train_0038.jpg	8	-1.0,-1.0,1.0,-1.0,-1.0,-1.0,1.0,1.0	-1.125533,-1.1170837,0.124783024,-0.9645847,-1.5277108,-2.6205645,0.30625007,2.645088
../data/train_data_mmini/8/Train_0039.jpg	8	-1.0,1.0,1.0,-1.0,-1.0,-1.0,-1.0,1.0	-1.4719759,0.6660469,1.0880883,-1.4119939,-3.8423579,-4.8844433,-0.9891725,6.8061137
../data/train_data_mmini/9/Train_0040.jpg	9	-1.0,1.0,-1.0,1.0,1.0,1.0,-1.0,1.0	-0.29391688,3.3166344,-1.0964494,1.8589482,0.114641584,1.172292,-2.9990363,1.8751507
../data/train_data_mmini/9/Train_0041.jpg	9	-1.0,-1.0,1.0,-1.0,-1.0,-1.0,-1.0,-1.0	-0.75670683,-4.1832666,2.033496,-4.065699,-2.9085834,-3.362563,-2.477861,-3.9199805
../data/train_data_mmini/9/Train_0042.jpg	9	-1.0,1.0,-1.0,1.0,-1.0,1.0,-1.0,1.0	-0.82416254,4.611148,-1.0645993,2.6985385,-0.68684727,1.0240694,-5.2505856,2.5788012
../data/train_data_mmini/9/Train_0043.jpg	9	-1.0,1.0,-1.0,-1.0,1.0,1.0,1.0,1.0	-2.1558428,1.2362412,-0.41514346,-1.4261718,1.021976,0.74052006,2.0811548,2.5802114
../data/train_data_mmini/9/Train_0044.jpg	9	1.0,-1.0,-1.0,1.0,-1.0,-1.0,1.0,1.0	3.6729853,-1.3696959,-1.4274089,4.4199305,-3.1444314,-2.8956182,0.531883,5.4040256
../data/train_data_mmini/10/Train_0045.jpg	10	-1.0,-1.0,1.0,-1.0,-1.0,-1.0,-1.0,1.0	-3.6371725,-0.52675503,2.7914698,-5.343802,-6.3510084,-9.077287,-2.5390577,8.817917
../data/train_data_mmini/10/Train_0046.jpg	10	1.0,1.0,-1.0,1.0,-1.0,-1.0,-1.0,1.0	0.9956481,2.2773259,-0.6303196,3.338222,-4.008978,-2.1546993,-5.551284,5.1185026
../data/train_data_mmini/10/Train_0047.jpg	10	-1.0,-1.0,1.0,-1.0,-1.0,-1.0,-1.0,1.0	-3.3833187,-0.36929488,1.2843198,-2.950611,-5.3390527,-6.0727777,-3.1437786,7.7987537
../data/train_data_mmini/10/Train_0048.jpg	10	1.0,-1.0,1.0,1.0,-1.0,-1.0,1.0,1.0	1.7064697,-2.0835485,0.03553352,1.0133309,-4.5782084,-6.44422,3.5580125,11.254156
../data/train_data_mmini/10/Train_0049.jpg	10	-1.0,1.0,1.0,-1.0,-1.0,-1.0,-1.0,1.0	-1.6739173,1.4773191,1.2246494,-1.118092,-4.6236205,-4.591195,-3.0575342,6.400896
