../data/train_data_mmini/1/Train_0000.jpg	1	1.0,1.0,-1.0,-1.0,-1.0,-1.0,1.0,1.0	0.5712146,2.628856,-1.9552395,-1.3243151,-0.58268666,-1.4729784,0.58833164,1.4073321
../data/train_data_mmini/1/Train_0001.jpg	1	1.0,1.0,-1.0,-1.0,1.0,-1.0,-1.0,1.0	1.467193,1.4538301,-0.21929352,-1.3203917,0.92453563,-0.5594917,-0.12773663,1.4692396
../data/train_data_mmini/1/Train_0002.jpg	1	1.0,1.0,1.0,-1.0,1.0,-1.0,-1.0,1.0	1.8600718,0.13925798,0.70248973,-0.4737866,1.4118266,-0.33568957,-0.01669605,0.99589884
../data/train_data_mmini/1/Train_0003.jpg	1	1.0,1.0,-1.0,-1.0,-1.0,-1.0,1.0,1.0	0.42356548,3.1018648,-2.3337994,-1.4695759,-0.9214905,-1.6948895,0.6528453,1.4571286
../data/train_data_mmini/1/Train_0004.jpg	1	1.0,1.0,-1.0,-1.0,-1.0,-1.0,1.0,1.0	0.905359,2.6015446,-1.765621,-1.4114639,-0.1395757,-1.0618805,0.4348186,1.4676572
../data/train_data_mmini/2/Train_0005.jpg	2	1.0,1.0,1.0,-1.0,1.0,1.0,-1.0,1.0	2.1440084,0.008140188,1.0496833,-0.6320483,1.8606508,0.47894827,-0.29132235,0.991219
../data/train_data_mmini/2/Train_0006.jpg	2	1.0,1.0,1.0,-1.0,1.0,-1.0,-1.0,1.0	1.2570118,1.2324783,0.41079262,-1.476891,1.9572817,-0.1000474,-0.5488758,1.2640948
../data/train_data_mmini/2/Train_0007.jpg	2	1.0,1.0,-1.0,-1.0,-1.0,-1.0,1.0,1.0	0.4106895,3.5171182,-2.7550824,-1.5741119,-1.2830137,-1.831451,0.77557784,1.4360566
../data/train_data_mmini/2/Train_0008.jpg	2	1.0,1.0,1.0,-1.0,1.0,1.0,-1.0,1.0	1.7677828,0.5932156,0.17632158,-1.1191083,1.2220578,0.022322109,-0.039387222,1.1666777
../data/train_data_mmini/2/Train_0009.jpg	2	1.0,1.0,-1.0,-1.0,1.0,-1.0,1.0,1.0	1.4452558,1.3433851,-0.48003173,-1.1361814,0.7646015,-0.5378837,0.2748119,1.1216826
../data/train_data_mmini/3/Train_0010.jpg	3	1.0,-1.0,1.0,-1.0,1.0,1.0,-1.0,1.0	2.0379333,-0.065315485,1.6330092,-1.2352291,2.3921382,0.95283866,-0.817755,0.90934694
../data/train_data_mmini/3/Train_0011.jpg	3	1.0,-1.0,1.0,-1.0,1.0,1.0,-1.0,1.0	2.4949129,-1.2811146,2.2235706,-0.24019319,2.6622324,0.85993785,-0.7077905,0.9538621
../data/train_data_mmini/3/Train_0012.jpg	3	1.0,1.0,1.0,-1.0,1.0,1.0,-1.0,1.0	2.200774,0.00047922507,1.0471443,-0.35283613,2.2499804,0.24884199,-0.13095857,1.2412825
../data/train_data_mmini/3/Train_0013.jpg	3	1.0,-1.0,1.0,-1.0,1.0,1.0,-1.0,1.0	2.2591004,-0.48504418,2.0336716,-1.0718329,2.8625922,0.659528,-0.80776566,1.0507702
../data/train_data_mmini/3/Train_0014.jpg	3	1.0,-1.0,1.0,-1.0,1.0,1.0,-1.0,1.0	2.2840335,-0.0055806376,1.1066295,-1.0384437,2.2085168,0.45198968,-0.5059685,1.2092643
../data/train_data_mmini/4/Train_0015.jpg	4	1.0,1.0,-1.0,-1.0,1.0,-1.0,1.0,1.0	1.6779826,1.0410017,-0.34272194,-0.8276735,0.83764654,-0.65567654,0.33809194,1.3503864
../data/train_data_mmini/4/Train_0016.jpg	4	1.0,-1.0,1.0,-1.0,1.0,1.0,1.0,1.0	2.0857174,-0.22543716,0.8631429,-0.57561606,1.1777678,0.19652344,0.015937027,0.90111715
../data/train_data_mmini/4/Train_0017.jpg	4	1.0,-1.0,1.0,-1.0,1.0,1.0,-1.0,1.0	1.9405825,-0.09546642,1.6893995,-0.78494257,2.66952,0.3657528,-0.67343354,0.93567866
../data/train_data_mmini/4/Train_0018.jpg	4	1.0,-1.0,1.0,-1.0,1.0,1.0,-1.0,1.0	2.2569942,-0.45247784,1.3596529,-0.50445527,1.6133063,0.23191814,-0.2748051,1.0357004
../data/train_data_mmini/4/Train_0019.jpg	4	1.0,1.0,1.0,-1.0,1.0,1.0,-1.0,1.0	1.8581153,0.8882843,0.9032796,-1.3722789,2.4518545,0.44643173,-0.6990138,1.2364099
../data/train_data_mmini/5/Train_0020.jpg	5	1.0,1.0,-1.0,-1.0,-1.0,-1.0,1.0,1.0	0.5275453,3.4107554,-2.5619226,-1.5139785,-0.993293,-1.8086803,0.67685616,1.4697304
../data/train_data_mmini/5/Train_0021.jpg	5	1.0,1.0,-1.0,-1.0,1.0,-1.0,1.0,1.0	1.1525486,1.9424664,-1.2147808,-1.3775094,0.2792816,-1.05034,0.34176382,1.5473983
../data/train_data_mmini/5/Train_0022.jpg	5	1.0,1.0,-1.0,-1.0,-1.0,-1.0,1.0,1.0	0.6164203,2.883098,-2.0618224,-1.5454408,-0.3413713,-1.3925549,0.48564243,1.3753148
../data/train_data_mmini/5/Train_0023.jpg	5	1.0,1.0,-1.0,-1.0,-1.0,-1.0,1.0,1.0	0.3451603,3.535896,-2.8334308,-1.4626657,-1.3175285,-2.0502946,0.96441954,1.3556154
../data/train_data_mmini/5/Train_0024.jpg	5	1.0,1.0,-1.0,-1.0,-1.0,-1.0,1.0,1.0	1.0385084,2.0284426,-1.5168048,-1.2286953,-0.041633062,-1.0377499,0.36475283,1.4290664
../data/train_data_mmini/6/Train_0025.jpg	6	1.0,-1.0,1.0,-1.0,1.0,1.0,-1.0,1.0	2.1128762,-0.21344157,2.109212,-1.0235192,2.8948245,1.2504731,-1.0791982,0.7398464
../data/train_data_mmini/6/Train_0026.jpg	6	1.0,1.0,-1.0,-1.0,1.0,-1.0,-1.0,1.0	1.2008017,1.9625807,-0.56160045,-1.643911,0.6926852,-0.56233424,-0.19033451,1.3733139
../data/train_data_mmini/6/Train_0027.jpg	6	1.0,-1.0,1.0,-1.0,1.0,1.0,-1.0,1.0	2.628094,-1.055951,2.627527,-0.8550997,2.867932,1.3105351,-0.93798256,0.9512208
../data/train_data_mmini/6/Train_0028.jpg	6	1.0,1.0,1.0,-1.0,1.0,-1.0,-1.0,1.0	1.9122533,0.27573997,0.55504584,-0.9115762,1.437253,-0.13293605,-0.30143654,1.2144177
../data/train_data_mmini/6/Train_0029.jpg	6	1.0,-1.0,1.0,-1.0,1.0,1.0,-1.0,1.0	1.9773451,-0.20358525,1.5317372,-0.78897595,2.169571,0.8096721,-0.46787715,0.8119176
../data/train_data_mmini/7/Train_0030.jpg	7	1.0,1.0,-1.0,-1.0,1.0,-1.0,1.0,1.0	1.1701585,1.7336637,-0.79298073,-1.2861657,0.5307219,-0.731211,0.27149665,1.3878344
../data/train_data_mmini/7/Train_0031.jpg	7	1.0,1.0,1.0,-1.0,1.0,1.0,-1.0,1.0	2.0260208,0.19156523,1.2401563,-1.2934549,2.2125182,0.2972965,-0.66464895,1.1756728
../data/train_data_mmini/7/Train_0032.jpg	7	1.0,-1.0,1.0,-1.0,1.0,1.0,-1.0,1.0	3.0919657,-2.0388556,3.192083,-0.1312291,3.7861714,1.5123771,-1.1030087,0.94303125
../data/train_data_mmini/7/Train_0033.jpg	7	1.0,1.0,-1.0,-1.0,1.0,-1.0,-1.0,1.0	1.4031026,1.287203,-0.032533802,-1.426053,1.1053922,-0.101598985,-0.24125697,1.2650155
../data/train_data_mmini/7/Train_0034.jpg	7	1.0,-1.0,1.0,-1.0,1.0,1.0,-1.0,1.0	2.8366642,-1.6547983,2.890499,-0.8689943,3.191372,1.8041083,-1.3950603,1.0971793
../data/train_data_mmini/8/Train_0035.jpg	8	1.0,1.0,1.0,-1.0,1.0,1.0,-1.0,1.0	1.8798888,0.20429821,0.8283385,-0.821704,1.9261985,0.23662828,-0.2013177,0.9935558
../data/train_data_mmini/8/Train_0036.jpg	8	1.0,-1.0,1.0,-1.0,1.0,1.0,-1.0,1.0	2.2094843,-0.34975043,1.587918,-0.9265928,2.403921,0.4870761,-0.6045901,0.8406431
../data/train_data_mmini/8/Train_0037.jpg	8	1.0,-1.0,1.0,-1.0,1.0,1.0,-1.0,1.0	2.3768928,-0.4878915,1.6391218,-1.0685973,2.2013757,0.64246756,-0.7508653,1.1905831
../data/train_data_mmini/8/Train_0038.jpg	8	1.0,1.0,1.0,-1.0,1.0,1.0,-1.0,1.0	2.0086167,0.22071205,0.75647813,-1.1174641,1.8146194,0.19348666,-0.28202954,1.1621848
../data/train_data_mmini/8/Train_0039.jpg	8	1.0,-1.0,1.0,-1.0,1.0,1.0,-1.0,1.0	2.1538246,-0.47632787,1.8564414,-0.58340263,2.7175386,0.67781943,-0.6193305,0.9317608
../data/train_data_mmini/9/Train_0040.jpg	9	1.0,1.0,-1.0,-1.0,1.0,-1.0,1.0,1.0	1.0293833,2.2978175,-1.4946729,-1.4186693,0.003530541,-1.069299,0.46815342,1.5109415
../data/train_data_mmini/9/Train_0041.jpg	9	1.0,-1.0,1.0,-1.0,1.0,1.0,-1.0,1.0	2.5633655,-0.33185378,1.811812,-0.9928008,2.5165517,0.7730605,-0.8465453,1.0914711
../data/train_data_mmini/9/Train_0042.jpg	9	1.0,1.0,1.0,-1.0,1.0,-1.0,1.0,1.0	1.9804612,0.83871573,0.03133169,-1.1661193,1.0431278,-0.33134675,0.03810506,1.4087223
../data/train_data_mmini/9/Train_0043.jpg	9	1.0,1.0,-1.0,-1.0,1.0,-1.0,1.0,1.0	1.0967643,2.0889006,-1.0481048,-1.5405021,0.42351773,-0.93485016,0.21370508,1.3423638
../data/train_data_mmini/9/Train_0044.jpg	9	1.0,1.0,1.0,-1.0,1.0,-1.0,-1.0,1.0	1.555556,0.96620715,0.2910566,-1.0182441,1.6125839,-0.054299813,-0.10635756,1.1299989
../data/train_data_mmini/10/Train_0045.jpg	10	1.0,-1.0,1.0,-1.0,1.0,1.0,-1.0,1.0	2.595193,-2.0836167,3.5444858,-0.30108035,3.8348904,1.8647546,-1.4239842,0.4435619
../data/train_data_mmini/10/Train_0046.jpg	10	1.0,-1.0,1.0,-1.0,1.0,1.0,-1.0,1.0	1.8070781,-1.1110004,2.0746074,-0.14396274,2.3752367,1.036216,-0.63979876,0.44771796
../data/train_data_mmini/10/Train_0047.jpg	10	1.0,-1.0,1.0,-1.0,1.0,1.0,-1.0,1.0	2.7808719,-1.5965127,3.1266224,-0.56711805,3.7130978,1.6081225,-1.2466278,0.7827711
../data/train_data_mmini/10/Train_0048.jpg	10	1.0,-1.0,1.0,1.0,1.0,1.0,-1.0,1.0	2.591999,-1.4535964,2.8806536,0.02104631,3.7591863,1.9456365,-0.7344677,0.47182167
../data/train_data_mmini/10/Train_0049.jpg	10	1.0,-1.0,1.0,-1.0,1.0,1.0,-1.0,1.0	2.235931,-0.45714927,1.7306949,-0.6799624,2.7096586,0.7701983,-0.6769255,0.899077
