../data/train_data_mmini/1/Train_0000.jpg	1	1.0,-1.0,-1.0,-1.0,1.0,-1.0,1.0,-1.0	2.3397565,-7.036623,-4.4594874,-3.4352655,0.42888698,-0.8305506,6.5050907,-5.9854016
../data/train_data_mmini/1/Train_0001.jpg	1	1.0,-1.0,-1.0,-1.0,1.0,-1.0,1.0,-1.0	2.3621492,-7.275762,-4.519639,-4.038438,0.5952857,-0.5602409,7.1198573,-6.551223
../data/train_data_mmini/1/Train_0002.jpg	1	1.0,-1.0,-1.0,-1.0,1.0,-1.0,1.0,-1.0	1.9256096,-6.027386,-3.6611574,-3.1386292,0.31795144,-0.7892075,5.3395104,-4.941781
../data/train_data_mmini/1/Train_0003.jpg	1	1.0,-1.0,-1.0,-1.0,1.0,-1.0,1.0,-1.0	2.6023717,-7.7618523,-4.965829,-3.6008976,0.51160556,-0.51966673,7.224924,-6.241669
../data/train_data_mmini/1/Train_0004.jpg	1	1.0,-1.0,-1.0,-1.0,1.0,-1.0,1.0,-1.0	2.5880396,-7.72747,-5.2301316,-3.6051886,0.605293,-0.94441295,7.032703,-6.3596354
../data/train_data_mmini/2/Train_0005.jpg	2	1.0,-1.0,-1.0,-1.0,1.0,-1.0,1.0,-1.0	2.3315647,-7.6516814,-5.0373287,-3.9100728,0.5104588,-0.7267229,6.917222,-6.5069194
../data/train_data_mmini/2/Train_0006.jpg	2	1.0,-1.0,-1.0,-1.0,1.0,-1.0,1.0,-1.0	1.9116721,-6.779011,-4.9405866,-3.4937484,0.68935186,-0.84409267,5.9817348,-5.845524
../data/train_data_mmini/2/Train_0007.jpg	2	1.0,-1.0,-1.0,-1.0,1.0,-1.0,1.0,-1.0	2.6513531,-8.030854,-4.920472,-3.4360073,0.41718602,-0.42832112,7.458687,-6.221471
../data/train_data_mmini/2/Train_0008.jpg	2	1.0,-1.0,-1.0,-1.0,1.0,-1.0,1.0,-1.0	1.9449186,-6.709306,-4.6201463,-3.5094144,0.6247188,-0.90333915,6.0506225,-5.7135525
../data/train_data_mmini/2/Train_0009.jpg	2	1.0,-1.0,-1.0,-1.0,1.0,-1.0,1.0,-1.0	2.7746742,-8.709623,-5.3870497,-4.4149213,0.37159792,-0.95587534,7.798197,-7.5385227
../data/train_data_mmini/3/Train_0010.jpg	3	1.0,-1.0,-1.0,-1.0,1.0,-1.0,1.0,-1.0	2.1509886,-6.58282,-4.585395,-3.4488,0.676642,-0.27498072,6.3270073,-5.4916635
../data/train_data_mmini/3/Train_0011.jpg	3	1.0,-1.0,-1.0,-1.0,1.0,-1.0,1.0,-1.0	1.908772,-6.3724422,-3.6388602,-3.3428335,0.4828134,-0.8552248,5.735851,-5.5363936
../data/train_data_mmini/3/Train_0012.jpg	3	1.0,-1.0,-1.0,-1.0,1.0,-1.0,1.0,-1.0	2.4050376,-7.6664968,-4.634317,-4.07831,0.6134947,-1.1919013,6.4983473,-6.6918693
../data/train_data_mmini/3/Train_0013.jpg	3	1.0,-1.0,-1.0,-1.0,1.0,-1.0,1.0,-1.0	1.9575949,-7.1428714,-5.1586905,-3.975604,0.8371203,-0.92875725,6.212634,-6.456544
../data/train_data_mmini/3/Train_0014.jpg	3	1.0,-1.0,-1.0,-1.0,1.0,-1.0,1.0,-1.0	2.4324806,-8.152273,-5.304784,-4.3612404,0.74763304,-1.0406444,6.9800987,-6.6112113
../data/train_data_mmini/4/Train_0015.jpg	4	1.0,-1.0,-1.0,-1.0,1.0,-1.0,1.0,-1.0	1.9951372,-6.8088255,-4.461816,-3.513267,0.64674073,-0.9729229,6.0747395,-5.9085217
../data/train_data_mmini/4/Train_0016.jpg	4	1.0,-1.0,-1.0,-1.0,1.0,-1.0,1.0,-1.0	1.9378768,-6.3576646,-3.6542375,-3.6010914,0.5128394,-0.4973789,6.028054,-5.347407
../data/train_data_mmini/4/Train_0017.jpg	4	1.0,-1.0,-1.0,-1.0,1.0,-1.0,1.0,-1.0	2.02203,-7.017049,-4.509534,-3.9231334,0.47588247,-0.8468692,6.4514856,-6.6153207
../data/train_data_mmini/4/Train_0018.jpg	4	1.0,-1.0,-1.0,-1.0,1.0,-1.0,1.0,-1.0	1.7903101,-5.646503,-3.5994205,-3.0690753,0.25814033,-0.5053868,5.4151382,-5.2596555
../data/train_data_mmini/4/Train_0019.jpg	4	1.0,-1.0,-1.0,-1.0,1.0,-1.0,1.0,-1.0	1.9971547,-7.612315,-5.7653966,-3.7684178,1.0113258,-0.80676067,6.5853734,-5.935554
../data/train_data_mmini/5/Train_0020.jpg	5	1.0,-1.0,-1.0,-1.0,1.0,-1.0,1.0,-1.0	2.6979494,-8.477093,-5.3947887,-4.0653386,0.79510057,-0.6483038,7.79347,-6.768198
../data/train_data_mmini/5/Train_0021.jpg	5	1.0,-1.0,-1.0,-1.0,1.0,-1.0,1.0,-1.0	2.689007,-8.927701,-6.099341,-4.328864,0.8654194,-1.2306058,7.747933,-7.5301228
../data/train_data_mmini/5/Train_0022.jpg	5	1.0,-1.0,-1.0,-1.0,1.0,-1.0,1.0,-1.0	2.3960888,-7.8239455,-5.0699677,-3.714925,0.50004494,-0.76772183,7.0894446,-6.238208
../data/train_data_mmini/5/Train_0023.jpg	5	1.0,-1.0,-1.0,-1.0,1.0,-1.0,1.0,-1.0	2.5187476,-7.5861244,-4.7812476,-3.3556328,0.4215753,-0.6691688,6.9213967,-6.002946
../data/train_data_mmini/5/Train_0024.jpg	5	1.0,-1.0,-1.0,-1.0,1.0,-1.0,1.0,-1.0	2.73996,-8.252427,-5.2687454,-3.7090747,0.7452058,-0.7124862,7.2643237,-6.731964
../data/train_data_mmini/6/Train_0025.jpg	6	1.0,-1.0,-1.0,-1.0,1.0,-1.0,1.0,-1.0	2.512215,-8.837581,-5.522258,-4.2209864,0.86574364,-0.50076604,7.187047,-6.266775
../data/train_data_mmini/6/Train_0026.jpg	6	1.0,-1.0,-1.0,-1.0,1.0,-1.0,1.0,-1.0	2.522897,-7.1964903,-4.3850894,-3.5720873,0.33248582,-0.12171652,7.339895,-6.7499394
../data/train_data_mmini/6/Train_0027.jpg	6	1.0,-1.0,-1.0,-1.0,1.0,-1.0,1.0,-1.0	2.308937,-7.046853,-4.1925116,-3.9409711,0.71902525,-0.60197026,6.4875345,-5.690442
../data/train_data_mmini/6/Train_0028.jpg	6	1.0,-1.0,-1.0,-1.0,1.0,-1.0,1.0,-1.0	2.1799386,-6.9363046,-4.2980185,-3.5221698,0.55489415,-0.56672883,6.3266044,-5.784888
../data/train_data_mmini/6/Train_0029.jpg	6	1.0,-1.0,-1.0,-1.0,1.0,-1.0,1.0,-1.0	2.1875126,-7.8405824,-5.3940425,-3.8248632,0.43165582,-0.80159295,6.9306574,-6.5466986
../data/train_data_mmini/7/Train_0030.jpg	7	1.0,-1.0,-1.0,-1.0,1.0,-1.0,1.0,-1.0	2.6558888,-8.477369,-5.173965,-4.3603044,0.5185208,-0.939068,7.8285637,-7.1146913
../data/train_data_mmini/7/Train_0031.jpg	7	1.0,-1.0,-1.0,-1.0,1.0,-1.0,1.0,-1.0	2.727546,-8.976762,-5.755425,-4.7127876,0.5975519,-0.7317659,8.1681185,-8.056368
../data/train_data_mmini/7/Train_0032.jpg	7	1.0,-1.0,-1.0,-1.0,1.0,-1.0,1.0,-1.0	2.3458548,-7.9169326,-5.0618386,-4.830287,1.0739404,-1.4452251,6.7055993,-7.3161483
../data/train_data_mmini/7/Train_0033.jpg	7	1.0,-1.0,-1.0,-1.0,1.0,-1.0,1.0,-1.0	2.690807,-8.158076,-4.766447,-3.9974952,0.3495516,-0.46656716,7.5471816,-6.868483
../data/train_data_mmini/7/Train_0034.jpg	7	1.0,-1.0,-1.0,-1.0,1.0,-1.0,1.0,-1.0	2.4409149,-7.6159773,-4.760832,-3.4941928,0.9305441,-0.43717253,6.7862,-5.7301583
../data/train_data_mmini/8/Train_0035.jpg	8	1.0,-1.0,-1.0,-1.0,1.0,-1.0,1.0,-1.0	2.4562433,-8.168539,-5.39066,-4.262827,0.53854316,-1.0220531,7.0576534,-7.0237346
../data/train_data_mmini/8/Train_0036.jpg	8	1.0,-1.0,-1.0,-1.0,1.0,-1.0,1.0,-1.0	2.7774622,-9.04986,-5.5305977,-4.571769,0.27730098,-0.62975353,8.079359,-7.60931
../data/train_data_mmini/8/Train_0037.jpg	8	1.0,-1.0,-1.0,-1.0,1.0,-1.0,1.0,-1.0	2.673588,-8.991083,-5.356362,-4.455585,0.6058425,-0.39454618,8.661735,-7.9194818
../data/train_data_mmini/8/Train_0038.jpg	8	1.0,-1.0,-1.0,-1.0,1.0,-1.0,1.0,-1.0	2.4467235,-8.405388,-5.407554,-4.392868,0.724725,-1.0502551,7.3690934,-6.9105844
../data/train_data_mmini/8/Train_0039.jpg	8	1.0,-1.0,-1.0,-1.0,1.0,-1.0,1.0,-1.0	2.6383023,-8.969224,-5.6699996,-4.80501,0.3251969,-1.3092897,7.6558747,-7.8359885
../data/train_data_mmini/9/Train_0040.jpg	9	1.0,-1.0,-1.0,-1.0,1.0,-1.0,1.0,-1.0	2.672828,-8.855268,-5.916726,-4.232461,0.6208116,-0.84932333,8.16906,-7.3100133
../data/train_data_mmini/9/Train_0041.jpg	9	1.0,-1.0,-1.0,-1.0,1.0,-1.0,1.0,-1.0	2.5673144,-8.452813,-5.155235,-4.35436,0.6672368,-0.3875684,7.8679147,-7.089439
../data/train_data_mmini/9/Train_0042.jpg	9	1.0,-1.0,-1.0,-1.0,1.0,-1.0,1.0,-1.0	2.2584193,-7.7326465,-5.2848015,-3.7644188,0.76948875,-0.78848535,7.0673695,-6.4080653
../data/train_data_mmini/9/Train_0043.jpg	9	1.0,-1.0,-1.0,-1.0,1.0,-1.0,1.0,-1.0	2.5328567,-8.6576,-5.8562446,-4.1831784,0.62413573,-0.85514295,7.818438,-7.1602507
../data/train_data_mmini/9/Train_0044.jpg	9	1.0,-1.0,-1.0,-1.0,1.0,-1.0,1.0,-1.0	2.5012186,-8.669447,-5.8988285,-4.4586167,0.84452796,-1.0555761,7.464572,-7.0865765
../data/train_data_mmini/10/Train_0045.jpg	10	1.0,-1.0,-1.0,-1.0,1.0,-1.0,1.0,-1.0	2.2038512,-7.931459,-5.0224223,-4.4166055,0.40799138,-1.0267695,6.6028423,-7.1139517
../data/train_data_mmini/10/Train_0046.jpg	10	1.0,-1.0,-1.0,-1.0,1.0,-1.0,1.0,-1.0	1.6162362,-5.786457,-3.754162,-3.1718347,0.58334416,-0.8690979,4.8918815,-4.7922063
../data/train_data_mmini/10/Train_0047.jpg	10	1.0,-1.0,-1.0,-1.0,1.0,-1.0,1.0,-1.0	2.786535,-9.940144,-6.691291,-4.983689,0.78157663,-1.2231637,8.433918,-8.324617
../data/train_data_mmini/10/Train_0048.jpg	10	1.0,-1.0,-1.0,-1.0,1.0,-1.0,1.0,-1.0	2.6025941,-9.392172,-6.076509,-4.764923,0.8007788,-1.7363267,6.9357204,-7.026857
../data/train_data_mmini/10/Train_0049.jpg	10	1.0,-1.0,-1.0,-1.0,1.0,-1.0,1.0,-1.0	2.5430343,-8.982301,-5.7679234,-4.651067,0.6889758,-1.0862627,7.751204,-7.5215087
