../data/train_data_mmini/1/Train_0000.jpg	1	1.0,1.0,-1.0,-1.0,-1.0,1.0,1.0,1.0,-1.0,1.0,-1.0,1.0	0.8787449,1.0464661,-1.854714,-1.0998088,-0.5839907,0.4697669,0.8800153,2.8698301,-0.55301374,1.199371,-1.6597908,0.118363515
../data/train_data_mmini/1/Train_0001.jpg	1	1.0,1.0,-1.0,1.0,-1.0,1.0,1.0,1.0,1.0,1.0,-1.0,1.0	3.208027,4.179609,-1.2901697,0.2943101,-2.3883302,0.78709847,1.5953004,2.4817173,0.24185346,1.6004863,-0.03488672,1.4068128
../data/train_data_mmini/1/Train_0002.jpg	1	1.0,1.0,-1.0,1.0,1.0,1.0,1.0,1.0,1.0,1.0,-1.0,1.0	0.68663967,0.9285081,-2.5151932,0.075158454,0.29051882,1.3834192,1.2936314,6.1895223,0.74670726,5.88215,-1.4576725,3.1039004
../data/train_data_mmini/1/Train_0003.jpg	1	1.0,1.0,-1.0,-1.0,-1.0,-1.0,1.0,1.0,-1.0,-1.0,-1.0,-1.0	1.6727301,1.8053383,-1.4425994,-1.0054473,-1.1650829,-0.09274363,0.67190295,0.6429593,-0.4140993,-0.42935142,-0.79666597,-0.66095644
../data/train_data_mmini/1/Train_0004.jpg	1	1.0,1.0,1.0,-1.0,-1.0,1.0,1.0,1.0,-1.0,1.0,-1.0,-1.0	0.6287384,2.3138072,0.23130967,-1.3752683,-0.23280707,0.86579424,1.9716535,1.8219836,-3.1139603,2.630669,-1.8003597,-1.2095875
../data/train_data_mmini/2/Train_0005.jpg	2	1.0,1.0,-1.0,1.0,-1.0,1.0,-1.0,1.0,1.0,1.0,1.0,1.0	3.109741,1.2852747,-1.3323125,1.310913,-1.3244672,0.14698377,-0.5826361,0.033740047,2.0354366,3.8640816,2.5654113,2.386063
../data/train_data_mmini/2/Train_0006.jpg	2	-1.0,-1.0,-1.0,1.0,1.0,-1.0,-1.0,1.0,1.0,1.0,1.0,1.0	-1.332878,-3.658874,-1.6173573,0.87479174,1.2525505,-0.21391732,-1.9005288,1.1369973,2.977121,6.908772,1.0978845,2.9515543
../data/train_data_mmini/2/Train_0007.jpg	2	1.0,-1.0,1.0,-1.0,1.0,1.0,1.0,1.0,-1.0,-1.0,-1.0,-1.0	0.94281185,-0.09590835,0.17549329,-0.60882896,0.34213498,2.313644,1.3457425,1.5590496,-4.4527225,-0.37877616,-1.2746698,-0.21710587
../data/train_data_mmini/2/Train_0008.jpg	2	-1.0,-1.0,1.0,1.0,1.0,1.0,-1.0,1.0,-1.0,1.0,1.0,1.0	-1.3242533,-4.8924813,1.8644232,1.8857675,3.345816,1.8022418,-0.1647854,0.41279146,-1.768147,6.9157505,1.1053243,2.1123867
../data/train_data_mmini/2/Train_0009.jpg	2	1.0,1.0,1.0,1.0,-1.0,-1.0,-1.0,-1.0,1.0,1.0,1.0,-1.0	2.147102,1.9095021,0.5705965,0.6652946,-1.0873113,-1.2095675,-0.5465893,-3.210074,2.5727997,3.2343132,2.264987,-0.038296606
../data/train_data_mmini/3/Train_0010.jpg	3	-1.0,-1.0,1.0,1.0,1.0,1.0,1.0,-1.0,-1.0,1.0,1.0,-1.0	-0.27342153,-0.6040377,5.034643,1.8071651,1.0107983,0.67525434,0.7454868,-4.198285,-3.0735514,5.1261134,1.7618921,-1.3990092
../data/train_data_mmini/3/Train_0011.jpg	3	1.0,1.0,-1.0,1.0,1.0,1.0,1.0,1.0,-1.0,1.0,-1.0,1.0	3.4111357,6.403165,-0.7229774,0.51351917,0.14834538,3.5381343,4.7117686,6.8695917,-4.0306706,7.123051,-1.2828012,3.174186
../data/train_data_mmini/3/Train_0012.jpg	3	1.0,1.0,-1.0,-1.0,-1.0,-1.0,1.0,1.0,1.0,1.0,-1.0,1.0	4.3674097,10.214631,-5.3522863,-0.79158044,-5.85938,-2.6598032,1.4644977,4.5281157,4.0668154,5.3644924,-2.6411085,0.8587498
../data/train_data_mmini/3/Train_0013.jpg	3	-1.0,-1.0,-1.0,1.0,1.0,-1.0,-1.0,1.0,1.0,1.0,-1.0,1.0	-2.7986507,-3.9093971,-1.7841882,0.29575992,1.7239817,-0.81047285,-1.4816548,2.9673533,3.7665002,8.861951,-0.60391414,2.5167847
../data/train_data_mmini/3/Train_0014.jpg	3	1.0,-1.0,1.0,1.0,1.0,1.0,1.0,1.0,-1.0,1.0,1.0,1.0	1.1197788,-1.1356206,2.075878,1.5822548,1.4513944,2.3947508,1.0179796,1.0302571,-1.1923128,5.410969,1.3861636,2.4601257
../data/train_data_mmini/4/Train_0015.jpg	4	-1.0,1.0,-1.0,-1.0,-1.0,-1.0,-1.0,1.0,1.0,1.0,-1.0,-1.0	-0.99358433,1.1839633,-2.2412534,-1.1317785,-0.06601494,-0.6085155,-0.74121004,2.7777567,0.6533258,7.240516,-2.4918263,-0.0831483
../data/train_data_mmini/4/Train_0016.jpg	4	1.0,1.0,-1.0,1.0,-1.0,1.0,-1.0,1.0,1.0,1.0,1.0,1.0	5.125832,1.3321694,-1.8429619,2.9445562,-1.6468644,0.95069,-0.45229247,0.9257019,2.6744745,2.6838863,4.038436,4.914177
../data/train_data_mmini/4/Train_0017.jpg	4	1.0,1.0,-1.0,1.0,-1.0,-1.0,-1.0,1.0,1.0,1.0,1.0,1.0	3.168472,2.8313563,-3.341288,2.2462614,-1.9449751,-0.52852803,-1.3063139,2.9043055,4.619402,8.147085,2.3467615,5.0160537
../data/train_data_mmini/4/Train_0018.jpg	4	1.0,-1.0,1.0,1.0,1.0,1.0,-1.0,-1.0,-1.0,1.0,1.0,1.0	1.598554,-0.20159836,1.8962334,1.1364893,0.36708477,0.95001596,-0.17220475,-2.32567,-1.3741442,3.6830463,2.0961947,0.06138341
../data/train_data_mmini/4/Train_0019.jpg	4	-1.0,-1.0,-1.0,1.0,1.0,-1.0,-1.0,1.0,1.0,1.0,1.0,1.0	-0.53489697,-0.9747968,-1.4887434,0.47179043,0.934552,-0.46908224,-0.5135799,1.5229079,3.188974,7.1472535,0.9520005,2.3502588
../data/train_data_mmini/5/Train_0020.jpg	5	1.0,1.0,1.0,1.0,-1.0,1.0,1.0,1.0,-1.0,1.0,1.0,1.0	3.054872,1.5762349,0.32364655,0.3286953,-1.7243482,1.134575,1.0690209,0.11193277,-0.31885573,0.21431817,0.8375896,0.5186341
../data/train_data_mmini/5/Train_0021.jpg	5	-1.0,-1.0,-1.0,-1.0,1.0,1.0,1.0,1.0,-1.0,1.0,-1.0,-1.0	-2.2622316,-0.42306805,-0.9880942,-1.7485578,2.3047092,0.345226,0.65523565,2.5552096,-1.5571975,6.45292,-2.7338655,-1.0192285
../data/train_data_mmini/5/Train_0022.jpg	5	-1.0,-1.0,1.0,1.0,1.0,1.0,-1.0,-1.0,-1.0,1.0,1.0,1.0	-0.15974453,-2.4953263,0.9616171,0.3051413,0.63019013,1.0942284,-0.38739386,-0.08692397,-1.2217131,1.6033112,0.3053171,0.29225302
../data/train_data_mmini/5/Train_0023.jpg	5	-1.0,1.0,1.0,-1.0,-1.0,1.0,1.0,-1.0,-1.0,-1.0,-1.0,-1.0	-0.2956079,0.017284576,0.8233961,-0.89312494,-0.5882211,0.32701644,0.5041173,-1.0424091,-2.0142512,-0.7699304,-0.5274843,-1.9738331
../data/train_data_mmini/5/Train_0024.jpg	5	1.0,1.0,-1.0,-1.0,-1.0,-1.0,1.0,1.0,-1.0,1.0,-1.0,-1.0	0.9782203,4.167318,-1.8158967,-1.9710631,-0.4961892,-0.28605688,1.9413772,2.438105,-2.3892534,3.6682262,-2.888554,-1.5638986
../data/train_data_mmini/6/Train_0025.jpg	6	1.0,1.0,-1.0,1.0,-1.0,-1.0,1.0,1.0,1.0,1.0,1.0,1.0	3.037572,4.720845,-1.842287,0.9171369,-0.9668599,-0.32715675,0.67872864,2.112628,1.7451588,6.170315,0.23696186,2.107029
../data/train_data_mmini/6/Train_0026.jpg	6	1.0,1.0,1.0,1.0,-1.0,1.0,1.0,-1.0,-1.0,1.0,1.0,1.0	4.7061763,5.191496,0.27143878,1.0633876,-1.4211967,1.3803531,1.5619959,-0.11115195,-3.018688,1.7435261,0.8133049,0.510491
../data/train_data_mmini/6/Train_0027.jpg	6	1.0,1.0,1.0,1.0,-1.0,1.0,1.0,-1.0,-1.0,1.0,1.0,1.0	4.7967157,4.830014,3.8316839,2.727552,-1.198531,1.3648186,1.0847824,-3.0547688,-1.2529508,4.765662,3.6297,1.5464648
../data/train_data_mmini/6/Train_0028.jpg	6	1.0,-1.0,1.0,1.0,1.0,1.0,1.0,1.0,-1.0,1.0,1.0,1.0	1.6385536,-0.80233973,1.29075,1.5306731,3.1880069,5.0247316,2.6188116,4.0837893,-5.7864504,5.299007,0.42039502,3.3411767
../data/train_data_mmini/6/Train_0029.jpg	6	-1.0,1.0,-1.0,1.0,-1.0,-1.0,-1.0,-1.0,1.0,1.0,1.0,-1.0	-1.0302696,0.6726617,-1.3537389,0.40434247,-1.5212835,-4.0123625,-3.0046828,-3.0029542,6.1771016,7.709669,0.92858255,-0.6451825
../data/train_data_mmini/7/Train_0030.jpg	7	1.0,1.0,-1.0,1.0,-1.0,-1.0,-1.0,1.0,1.0,1.0,1.0,1.0	3.031311,1.6301768,-3.6521006,1.0926617,-1.9680743,-0.50966,-1.5363374,0.9382776,3.7417905,2.6019282,2.025958,3.2359006
../data/train_data_mmini/7/Train_0031.jpg	7	1.0,-1.0,-1.0,1.0,-1.0,-1.0,-1.0,-1.0,1.0,1.0,1.0,1.0	2.043525,-0.71191573,-0.06254809,1.9863535,-1.1683373,-0.9233955,-1.6922469,-1.4472634,3.3934069,5.345385,2.5896373,1.9982805
../data/train_data_mmini/7/Train_0032.jpg	7	1.0,1.0,1.0,1.0,-1.0,1.0,1.0,1.0,-1.0,1.0,1.0,1.0	2.914766,5.2528615,0.19563346,1.3172601,-0.3014952,0.7530075,1.4321008,1.8729701,-0.41544908,9.646026,0.23629318,1.7476954
../data/train_data_mmini/7/Train_0033.jpg	7	1.0,1.0,1.0,1.0,-1.0,1.0,1.0,-1.0,1.0,1.0,1.0,1.0	5.9139953,4.9673834,0.23305322,1.6668563,-2.2321873,0.17009261,1.371167,-1.0619619,0.8288483,1.7852275,2.2292213,1.3783402
../data/train_data_mmini/7/Train_0034.jpg	7	1.0,1.0,1.0,1.0,1.0,1.0,1.0,1.0,-1.0,1.0,-1.0,1.0	2.2976995,5.4048586,2.0987952,1.0951345,2.2535489,5.179081,5.2257195,3.8814719,-9.12962,6.8553567,-0.9600805,1.9865212
../data/train_data_mmini/8/Train_0035.jpg	8	-1.0,-1.0,1.0,1.0,1.0,-1.0,-1.0,-1.0,1.0,1.0,1.0,-1.0	-1.7120246,-2.0734758,0.64432544,0.33116525,0.8270987,-1.008352,-1.809445,-1.6218255,1.0015785,6.8826823,0.22415343,-0.3879302
../data/train_data_mmini/8/Train_0036.jpg	8	1.0,-1.0,-1.0,1.0,1.0,1.0,-1.0,1.0,1.0,1.0,1.0,1.0	2.7457547,-1.6767365,-0.67734337,2.3387518,0.030869333,1.0907152,-1.1387025,0.17152648,1.7682213,4.728749,3.1253173,3.7726746
../data/train_data_mmini/8/Train_0037.jpg	8	1.0,1.0,1.0,1.0,-1.0,1.0,1.0,1.0,-1.0,1.0,1.0,1.0	4.3024197,5.2523465,0.6545526,1.6299566,-0.03258658,1.8563216,2.2016783,1.4511998,-2.107659,7.5115743,1.2313359,2.271838
../data/train_data_mmini/8/Train_0038.jpg	8	-1.0,-1.0,1.0,1.0,1.0,-1.0,-1.0,-1.0,1.0,1.0,1.0,1.0	-0.21653482,-2.087287,0.13374941,1.2460998,0.13243876,-0.40162525,-2.1136339,-0.57973206,1.7476768,6.408534,1.2397112,1.4433371
../data/train_data_mmini/8/Train_0039.jpg	8	-1.0,1.0,-1.0,1.0,-1.0,-1.0,-1.0,-1.0,1.0,1.0,1.0,1.0	-0.3825247,0.8341133,-0.19813485,0.27090937,-0.3917499,-1.3027747,-0.9482196,-0.5030015,2.8539565,7.9004784,0.3251145,0.45021448
../data/train_data_mmini/9/Train_0040.jpg	9	1.0,1.0,1.0,-1.0,1.0,1.0,1.0,1.0,-1.0,1.0,-1.0,1.0	0.18531772,1.0928559,0.20709665,-0.46162686,0.7629194,1.0646535,1.1173474,2.1861403,-1.3738222,6.210017,-1.1600289,0.23495525
../data/train_data_mmini/9/Train_0041.jpg	9	1.0,1.0,1.0,1.0,-1.0,1.0,1.0,1.0,1.0,1.0,1.0,1.0	5.0792127,3.7876258,1.510053,2.0334976,-1.8611122,1.9233212,2.6867037,0.7033022,0.14636335,1.6015754,2.4830127,2.702292
../data/train_data_mmini/9/Train_0042.jpg	9	-1.0,1.0,-1.0,-1.0,-1.0,-1.0,1.0,1.0,-1.0,1.0,-1.0,-1.0	-0.087610975,3.2524016,-0.50944465,-1.1902014,-0.022715284,-0.053057715,1.3963907,2.8702812,-0.7905066,7.998302,-2.4306927,-0.53225285
../data/train_data_mmini/9/Train_0043.jpg	9	-1.0,-1.0,1.0,1.0,1.0,1.0,-1.0,1.0,-1.0,1.0,1.0,1.0	-1.8300076,-4.5991306,0.85329556,0.55858403,2.7326837,1.4394679,-0.986082,0.13886185,-1.1077001,5.8188415,0.54159296,1.0481454
../data/train_data_mmini/9/Train_0044.jpg	9	1.0,1.0,-1.0,1.0,-1.0,-1.0,-1.0,-1.0,1.0,1.0,1.0,1.0	0.5137433,2.9786665,-1.1881868,0.3542702,-2.3129563,-2.7336097,-1.7085923,-0.85880065,4.5995336,7.9669547,0.36115155,0.039103348
../data/train_data_mmini/10/Train_0045.jpg	10	1.0,1.0,1.0,1.0,-1.0,-1.0,-1.0,-1.0,1.0,1.0,1.0,1.0	1.5378169,2.5780282,1.7180158,2.0755327,-0.43331864,-1.9032048,-1.057169,-3.0953135,2.7962978,10.358145,2.7083268,0.9913605
../data/train_data_mmini/10/Train_0046.jpg	10	1.0,1.0,1.0,1.0,-1.0,-1.0,1.0,1.0,1.0,1.0,1.0,1.0	1.6131479,4.526562,0.61034554,1.4597404,-0.48445332,-0.49013257,0.29970604,0.4981163,1.7142037,10.211443,1.0460702,1.8293947
../data/train_data_mmini/10/Train_0047.jpg	10	-1.0,-1.0,-1.0,1.0,1.0,1.0,-1.0,1.0,1.0,1.0,1.0,1.0	-0.13673738,-0.8896862,-0.13293917,1.6878778,2.1080375,0.9520916,-0.59749776,1.6660569,0.1898588,10.754307,0.96092474,2.9117332
../data/train_data_mmini/10/Train_0048.jpg	10	1.0,1.0,-1.0,1.0,-1.0,-1.0,-1.0,-1.0,1.0,1.0,1.0,1.0	0.62206924,1.8855959,-1.461601,1.3599598,-2.1761494,-3.0078516,-2.4708633,-1.6342438,5.7163806,8.390329,1.6138972,1.1811676
../data/train_data_mmini/10/Train_0049.jpg	10	-1.0,1.0,1.0,1.0,1.0,-1.0,1.0,-1.0,1.0,1.0,-1.0,1.0	-0.19219828,1.53048,1.4989812,0.51908404,0.89645606,-0.009819754,0.14238518,-0.2011454,0.07574234,9.193319,-0.06910259,0.2330933
