../data/train_data_mmini/1/Train_0000.jpg	1	-1.0,1.0,1.0,1.0,1.0,1.0,-1.0,1.0,-1.0,1.0,1.0,1.0	-0.8083791,0.95746374,2.6272323,0.87912226,0.00043836294,2.0732224,-1.8351846,2.305082,-0.9764581,1.4430926,2.005593,1.2522115
../data/train_data_mmini/1/Train_0001.jpg	1	1.0,1.0,1.0,1.0,-1.0,-1.0,-1.0,1.0,-1.0,1.0,1.0,1.0	1.6775337,2.5879436,2.0579958,3.195484,-3.1675053,-1.1361936,-1.4762121,2.929953,-1.7512385,1.1396148,0.6639363,0.6459934
../data/train_data_mmini/1/Train_0002.jpg	1	1.0,1.0,1.0,1.0,-1.0,1.0,-1.0,1.0,-1.0,1.0,1.0,1.0	0.4678895,2.7923777,3.0873005,5.2665424,-1.4245129,0.3257395,-2.4230573,2.5177274,-1.3802485,2.5900598,0.45644757,0.29022017
../data/train_data_mmini/1/Train_0003.jpg	1	-1.0,1.0,1.0,-1.0,-1.0,1.0,-1.0,1.0,-1.0,1.0,1.0,1.0	-1.1619829,0.6201746,1.7895021,-1.1170136,-0.23720531,1.3859951,-1.1282965,1.9905887,-0.90332544,0.8855195,2.3893995,1.2702867
../data/train_data_mmini/1/Train_0004.jpg	1	1.0,1.0,1.0,1.0,-1.0,1.0,-1.0,1.0,-1.0,1.0,1.0,1.0	0.57839686,0.42474177,3.1093564,1.5076246,-0.67562884,2.193264,-1.5495666,2.128711,-0.7827504,0.8260765,1.4340576,1.4896209
../data/train_data_mmini/2/Train_0005.jpg	2	1.0,1.0,1.0,1.0,-1.0,-1.0,-1.0,1.0,-1.0,1.0,-1.0,1.0	5.6345634,4.2537956,3.9145427,8.269289,-7.041264,-4.031055,-1.3411833,2.6962147,-2.9242177,0.35229862,-2.1146524,0.4773664
../data/train_data_mmini/2/Train_0006.jpg	2	1.0,1.0,1.0,1.0,-1.0,-1.0,1.0,1.0,-1.0,-1.0,-1.0,1.0	5.325908,1.6647019,3.7442477,3.432374,-7.4847836,-3.4032028,2.0474741,1.7132571,-2.5897698,-1.7305443,-1.80701,1.8920342
../data/train_data_mmini/2/Train_0007.jpg	2	-1.0,1.0,1.0,1.0,1.0,1.0,-1.0,1.0,-1.0,1.0,1.0,1.0	-1.1620045,0.59949803,3.0089533,0.52478975,0.1635298,2.8608108,-1.9080669,2.2637155,-0.88438624,1.1082702,2.3685727,1.4842279
../data/train_data_mmini/2/Train_0008.jpg	2	1.0,1.0,1.0,1.0,-1.0,1.0,-1.0,1.0,-1.0,1.0,-1.0,1.0	3.4022875,1.7634103,4.0810857,6.331281,-2.962843,0.7535668,-1.4871962,2.2898972,-1.1983337,1.0927601,-1.2576979,0.9771597
../data/train_data_mmini/2/Train_0009.jpg	2	1.0,1.0,1.0,1.0,-1.0,-1.0,-1.0,1.0,-1.0,1.0,-1.0,1.0	4.653951,4.686278,5.337582,7.9267397,-7.359653,-3.3990047,-1.880304,3.4236429,-3.4411383,0.885844,-0.58317006,1.4315511
../data/train_data_mmini/3/Train_0010.jpg	3	1.0,1.0,1.0,1.0,-1.0,-1.0,-1.0,1.0,-1.0,-1.0,-1.0,-1.0	6.902322,3.703751,2.6124244,8.424479,-8.8488865,-5.0100946,-0.6444138,2.544284,-2.321115,-0.8749702,-3.450704,-0.13990942
../data/train_data_mmini/3/Train_0011.jpg	3	1.0,1.0,1.0,1.0,-1.0,-1.0,-1.0,1.0,-1.0,1.0,-1.0,1.0	2.6374724,5.234856,4.372322,9.977216,-3.8231401,-0.84839594,-4.535264,4.216455,-2.5275443,3.6552951,-0.55206317,0.05498688
../data/train_data_mmini/3/Train_0012.jpg	3	1.0,1.0,1.0,1.0,-1.0,-1.0,-1.0,1.0,-1.0,1.0,1.0,1.0	2.4493861,4.050169,4.9107833,4.9624825,-4.806293,-1.9048582,-2.0271034,3.7798371,-3.0636158,2.1966627,1.4487091,1.6590801
../data/train_data_mmini/3/Train_0013.jpg	3	1.0,1.0,1.0,1.0,-1.0,-1.0,1.0,1.0,-1.0,-1.0,-1.0,1.0	6.717019,3.4380877,4.889308,7.746137,-8.531525,-4.172469,0.899117,2.3626099,-3.0133731,-0.3324106,-2.487651,1.1618291
../data/train_data_mmini/3/Train_0014.jpg	3	1.0,1.0,1.0,1.0,-1.0,-1.0,-1.0,1.0,-1.0,1.0,-1.0,1.0	5.734053,3.5214202,3.6270497,8.755241,-6.7831693,-3.433206,-1.4056393,2.6654172,-2.592763,0.21300028,-2.498187,0.36626253
../data/train_data_mmini/4/Train_0015.jpg	4	1.0,1.0,1.0,1.0,-1.0,1.0,-1.0,1.0,-1.0,1.0,1.0,1.0	0.9162308,1.6673659,4.5435476,4.2652254,-0.52582365,2.2285218,-2.2717612,2.5509717,-1.3506757,1.9937204,0.7102342,1.5238291
../data/train_data_mmini/4/Train_0016.jpg	4	1.0,1.0,1.0,1.0,-1.0,-1.0,-1.0,1.0,-1.0,1.0,-1.0,-1.0	1.535715,3.7405999,1.8479909,5.418597,-2.982497,-2.5270019,-2.1244996,2.4862227,-2.0133321,1.996501,-0.44828278,-0.3702751
../data/train_data_mmini/4/Train_0017.jpg	4	1.0,1.0,1.0,1.0,-1.0,-1.0,-1.0,1.0,-1.0,1.0,-1.0,1.0	4.9771156,5.2054806,5.363996,7.155384,-8.51218,-4.8915367,-0.32228044,3.2085278,-4.282803,0.9264772,-0.9004309,1.6655267
../data/train_data_mmini/4/Train_0018.jpg	4	1.0,1.0,1.0,1.0,-1.0,-1.0,-1.0,1.0,-1.0,1.0,-1.0,-1.0	4.2431493,3.705549,2.0556355,8.679703,-4.2660837,-2.5070572,-2.4642315,2.4283533,-1.7522727,1.1817329,-2.5282798,-0.6937795
../data/train_data_mmini/4/Train_0019.jpg	4	1.0,1.0,1.0,1.0,-1.0,-1.0,1.0,1.0,-1.0,-1.0,-1.0,1.0	6.1194034,1.6401026,3.9113953,3.8613138,-8.430326,-4.1554713,2.5348191,1.9631618,-2.7249353,-1.8669208,-2.0921383,2.0026367
../data/train_data_mmini/5/Train_0020.jpg	5	-1.0,-1.0,1.0,-1.0,1.0,1.0,-1.0,1.0,-1.0,1.0,1.0,1.0	-1.3131659,-0.12011277,2.0636854,-1.3226719,0.3193576,2.0853395,-1.0020833,2.1232753,-0.61388326,0.725876,2.2818086,1.4479944
../data/train_data_mmini/5/Train_0021.jpg	5	1.0,1.0,1.0,1.0,-1.0,1.0,-1.0,1.0,-1.0,1.0,1.0,1.0	1.5804158,2.008795,5.263817,4.167017,-2.127649,1.8262925,-2.393246,3.3236787,-1.9280502,1.8361044,1.1680672,2.1159973
../data/train_data_mmini/5/Train_0022.jpg	5	1.0,1.0,1.0,1.0,-1.0,1.0,-1.0,1.0,-1.0,-1.0,1.0,1.0	1.5067247,0.68226016,3.5087159,1.7303421,-2.3829727,1.1210073,-0.56070256,2.0541136,-1.1990368,-0.04851883,0.821649,1.8550159
../data/train_data_mmini/5/Train_0023.jpg	5	-1.0,-1.0,1.0,-1.0,1.0,1.0,-1.0,1.0,-1.0,1.0,1.0,1.0	-1.6204163,-0.4143415,1.6974447,-1.7305588,1.0375139,2.6859155,-0.9947754,1.6228416,-0.26460892,0.69240785,2.2867239,1.4424298
../data/train_data_mmini/5/Train_0024.jpg	5	1.0,1.0,1.0,1.0,-1.0,1.0,-1.0,1.0,-1.0,1.0,1.0,1.0	0.64469826,2.5318706,4.4735613,3.75507,-1.8716358,1.3335309,-2.938586,3.058871,-1.9481165,2.0613785,1.9990498,1.576833
../data/train_data_mmini/6/Train_0025.jpg	6	1.0,1.0,1.0,1.0,-1.0,-1.0,-1.0,1.0,-1.0,-1.0,-1.0,1.0	6.869289,6.6130085,4.7673435,8.46272,-12.357737,-8.751287,-0.25239214,3.4263234,-5.341426,-0.22934015,-2.0754278,0.89009404
../data/train_data_mmini/6/Train_0026.jpg	6	1.0,1.0,1.0,1.0,-1.0,-1.0,-1.0,1.0,-1.0,1.0,-1.0,1.0	2.4790113,3.9450884,2.5724478,6.0435266,-4.1884117,-2.0763047,-2.6132722,3.1043818,-2.4016852,1.3933206,-0.2506888,0.40404877
../data/train_data_mmini/6/Train_0027.jpg	6	1.0,1.0,1.0,1.0,-1.0,-1.0,-1.0,1.0,-1.0,1.0,-1.0,-1.0	6.0257225,5.5327086,2.4358742,9.82154,-8.810568,-6.6258163,-1.9817545,3.264606,-3.1614537,0.056539588,-3.0850127,-0.696714
../data/train_data_mmini/6/Train_0028.jpg	6	1.0,1.0,1.0,1.0,-1.0,-1.0,-1.0,1.0,-1.0,1.0,-1.0,-1.0	2.1090326,3.9381907,3.0158563,7.7265825,-3.454983,-0.5954599,-3.2207534,2.9168463,-1.5972351,2.194682,-0.435992,-0.16473359
../data/train_data_mmini/6/Train_0029.jpg	6	1.0,1.0,1.0,1.0,-1.0,-1.0,-1.0,1.0,-1.0,1.0,-1.0,1.0	7.715569,6.09834,6.3326945,10.172018,-11.277232,-6.874496,-0.1929619,2.8548477,-4.8990474,0.117809646,-2.3776011,1.3549134
../data/train_data_mmini/7/Train_0030.jpg	7	1.0,1.0,1.0,1.0,-1.0,-1.0,-1.0,1.0,-1.0,1.0,1.0,1.0	2.7412329,3.8028998,4.781153,4.449239,-5.8401017,-2.7268703,-0.95728916,3.1499813,-3.3404267,0.6206018,0.41907197,1.7962996
../data/train_data_mmini/7/Train_0031.jpg	7	1.0,1.0,1.0,1.0,-1.0,-1.0,-1.0,1.0,-1.0,1.0,-1.0,1.0	6.864517,5.6968465,4.7726703,9.536874,-10.22644,-6.423345,-0.6585871,3.2304747,-3.9742177,0.15714101,-2.259329,0.61773276
../data/train_data_mmini/7/Train_0032.jpg	7	1.0,1.0,1.0,1.0,-1.0,-1.0,-1.0,1.0,-1.0,1.0,-1.0,-1.0	6.962051,5.9723635,5.1248045,13.158575,-8.126057,-4.465583,-3.202325,4.2779646,-3.3173006,2.1279442,-3.1146636,-0.20441747
../data/train_data_mmini/7/Train_0033.jpg	7	1.0,1.0,1.0,1.0,-1.0,-1.0,-1.0,1.0,-1.0,1.0,-1.0,1.0	4.5942817,5.1963067,3.8539543,7.133563,-7.755788,-4.413142,-2.0449703,3.3737133,-3.5253239,0.71866727,-0.7148354,0.7227101
../data/train_data_mmini/7/Train_0034.jpg	7	1.0,1.0,1.0,1.0,-1.0,-1.0,-1.0,1.0,-1.0,1.0,-1.0,-1.0	5.9447846,6.1244617,3.5224242,12.677302,-7.531527,-4.0522075,-4.557495,4.3202295,-3.0979693,2.2548506,-2.7418888,-0.81497085
../data/train_data_mmini/8/Train_0035.jpg	8	1.0,1.0,1.0,1.0,-1.0,-1.0,-1.0,1.0,-1.0,1.0,-1.0,1.0	7.763301,5.2587852,6.1701045,10.950051,-9.870695,-4.6294665,-1.137947,3.150887,-4.014133,0.1803764,-2.660327,1.2980244
../data/train_data_mmini/8/Train_0036.jpg	8	1.0,1.0,1.0,1.0,-1.0,-1.0,-1.0,1.0,-1.0,1.0,-1.0,1.0	8.479744,7.718947,5.5474415,14.03855,-12.437239,-8.253325,-1.912574,3.5514405,-4.9439244,0.3071338,-3.845312,0.10856879
../data/train_data_mmini/8/Train_0037.jpg	8	1.0,1.0,1.0,1.0,-1.0,-1.0,-1.0,1.0,-1.0,1.0,-1.0,1.0	5.229527,7.766085,5.7995744,13.243371,-8.081447,-4.0185914,-5.031376,5.0668697,-4.311109,3.2574768,-1.1340579,0.22802037
../data/train_data_mmini/8/Train_0038.jpg	8	1.0,1.0,1.0,1.0,-1.0,-1.0,-1.0,1.0,-1.0,1.0,-1.0,1.0	5.493088,4.393762,4.7085004,8.452615,-7.833922,-3.8811092,-1.144294,3.1645265,-3.1474214,0.51116157,-1.7598689,0.88392204
../data/train_data_mmini/8/Train_0039.jpg	8	1.0,1.0,1.0,1.0,-1.0,-1.0,-1.0,1.0,-1.0,1.0,-1.0,1.0	10.214223,7.962555,8.234511,15.332293,-13.858609,-7.1330357,-1.8525742,4.514186,-5.7298174,0.78485173,-3.5579097,1.5110568
../data/train_data_mmini/9/Train_0040.jpg	9	1.0,1.0,1.0,1.0,-1.0,1.0,-1.0,1.0,-1.0,1.0,1.0,1.0	1.210905,2.5188937,5.796139,4.5661573,-2.207171,2.186936,-2.8241048,3.4355528,-2.1980305,2.0913205,1.7338563,2.2944489
../data/train_data_mmini/9/Train_0041.jpg	9	1.0,1.0,1.0,1.0,-1.0,-1.0,-1.0,1.0,-1.0,1.0,-1.0,-1.0	6.755824,5.6841717,2.7330406,10.597895,-9.662214,-6.8902297,-1.6672806,3.424444,-3.2084315,0.17920737,-3.2055001,-0.91763884
../data/train_data_mmini/9/Train_0042.jpg	9	1.0,1.0,1.0,1.0,-1.0,1.0,-1.0,1.0,-1.0,1.0,1.0,1.0	1.1485891,2.7918959,4.969542,6.0375795,-1.2644452,1.9943507,-3.445443,3.4211671,-1.7442212,3.0716286,1.1554531,1.3572155
../data/train_data_mmini/9/Train_0043.jpg	9	1.0,1.0,1.0,1.0,-1.0,-1.0,-1.0,1.0,-1.0,1.0,-1.0,1.0	3.7864676,2.4722016,5.235117,5.969182,-4.7681537,-0.13955423,-1.1787156,2.7802613,-2.3694763,0.29960653,-0.50108385,1.9979056
../data/train_data_mmini/9/Train_0044.jpg	9	1.0,1.0,1.0,1.0,-1.0,-1.0,-1.0,1.0,-1.0,1.0,1.0,1.0	4.793249,4.0811977,6.5199165,5.4100094,-7.9098835,-3.0937867,-0.18916817,3.5192032,-4.1422973,0.6840956,0.24057649,2.6671138
../data/train_data_mmini/10/Train_0045.jpg	10	1.0,1.0,1.0,1.0,-1.0,-1.0,-1.0,1.0,-1.0,-1.0,-1.0,1.0	13.889492,9.490214,7.5432177,19.431862,-18.663042,-11.399111,-1.5469104,4.8375506,-6.2117734,-0.4268575,-6.497303,0.10076636
../data/train_data_mmini/10/Train_0046.jpg	10	1.0,1.0,1.0,1.0,-1.0,-1.0,-1.0,1.0,-1.0,1.0,-1.0,1.0	4.7515087,5.35597,5.8563395,8.7973995,-7.103565,-2.8861456,-2.4736047,3.8908756,-3.799119,2.2069721,-0.6793096,1.4393477
../data/train_data_mmini/10/Train_0047.jpg	10	1.0,1.0,1.0,1.0,-1.0,-1.0,-1.0,1.0,-1.0,1.0,-1.0,1.0	10.778887,8.140596,7.5931993,16.647104,-14.279404,-7.808429,-2.171562,4.4921017,-5.4237666,0.85511345,-4.4819064,0.7943905
../data/train_data_mmini/10/Train_0048.jpg	10	1.0,1.0,1.0,1.0,-1.0,-1.0,1.0,1.0,-1.0,-1.0,-1.0,1.0	12.125179,7.147669,8.070218,13.583978,-16.491796,-9.443217,0.6244667,4.217905,-5.9069,-0.74266785,-4.2816296,1.665238
../data/train_data_mmini/10/Train_0049.jpg	10	1.0,1.0,1.0,1.0,-1.0,-1.0,-1.0,1.0,-1.0,1.0,-1.0,1.0	9.116932,7.5169377,7.9121485,14.784742,-12.419942,-5.9376454,-2.5423882,4.5290656,-5.30463,1.1873369,-3.0478985,1.4506152
