../data/train_data_mmini/1/Train_0000.jpg	1	1.0,1.0,1.0,-1.0,-1.0,-1.0,1.0,1.0,-1.0,1.0,-1.0,1.0,-1.0,1.0,1.0,-1.0,-1.0,1.0,1.0,-1.0,1.0,-1.0,1.0,-1.0	0.23638877,0.051333413,0.06588361,-0.0038274645,-0.10736657,-0.38375378,0.42896986,0.120190084,-0.35138863,0.88143754,-0.06893405,0.15509994,-0.0132591985,0.013851772,0.4457201,-0.51724327,-0.041289177,0.028990107,0.14232409,-0.016749186,0.17719798,-0.010263123,0.38816917,-0.5521212
../data/train_data_mmini/1/Train_0001.jpg	1	1.0,1.0,-1.0,-1.0,-1.0,-1.0,1.0,1.0,-1.0,1.0,1.0,1.0,-1.0,-1.0,1.0,-1.0,-1.0,1.0,1.0,1.0,1.0,-1.0,1.0,-1.0	0.42433172,0.15940168,-0.0031049526,-0.10348424,-0.25842494,-0.30955637,0.2444178,0.064171426,-0.0951989,0.7395863,0.13517462,0.06748737,-0.07419488,-0.22314098,0.29776606,-0.856034,-0.07079166,0.20883709,0.37980056,0.07711141,0.2915718,-0.25673005,0.01163539,-0.5146653
../data/train_data_mmini/1/Train_0002.jpg	1	-1.0,1.0,1.0,1.0,-1.0,-1.0,1.0,1.0,-1.0,1.0,-1.0,1.0,-1.0,-1.0,1.0,-1.0,1.0,1.0,1.0,1.0,1.0,-1.0,1.0,-1.0	-0.17508501,0.19709197,0.54746366,0.061797384,-0.13316022,-0.24774256,0.4660168,0.23291782,-0.43464634,0.8148425,-0.33968845,0.24318482,-0.028600987,-0.13366085,0.42208382,-0.6502018,0.52493674,0.31933215,0.1722242,0.07767548,0.17868988,-0.016475953,0.5623035,-0.4316123
../data/train_data_mmini/1/Train_0003.jpg	1	1.0,1.0,-1.0,-1.0,-1.0,-1.0,1.0,1.0,-1.0,1.0,1.0,1.0,1.0,1.0,1.0,-1.0,-1.0,-1.0,1.0,-1.0,1.0,1.0,1.0,-1.0	0.5128286,0.090088606,-0.116592795,-0.05098396,-0.18948255,-0.527528,0.404813,0.18282674,-0.4381058,1.013189,0.10769559,0.117418356,0.10866204,0.0815518,0.3148184,-0.45135224,-0.21877235,-0.01700054,0.04907236,-0.17672361,0.17613421,0.015189849,0.14280534,-0.5073661
../data/train_data_mmini/1/Train_0004.jpg	1	1.0,-1.0,-1.0,-1.0,-1.0,-1.0,1.0,1.0,-1.0,1.0,1.0,1.0,1.0,1.0,1.0,-1.0,-1.0,-1.0,1.0,-1.0,1.0,-1.0,1.0,-1.0	0.34456035,-0.008562804,-0.16651326,-0.037536453,-0.14164962,-0.3344226,0.58214027,0.3166847,-0.34506518,0.87754923,0.049016733,0.36112815,0.23190138,0.0024925831,0.40766606,-0.51258004,-0.09204665,-0.010592532,0.06629485,-0.046117764,0.22435538,-0.1529924,0.29869214,-0.5164543
../data/train_data_mmini/2/Train_0005.jpg	2	1.0,-1.0,-1.0,-1.0,-1.0,-1.0,1.0,-1.0,-1.0,1.0,-1.0,1.0,-1.0,-1.0,1.0,-1.0,-1.0,1.0,1.0,-1.0,1.0,-1.0,1.0,-1.0	0.2653697,-0.06807921,-0.21399096,-0.09526761,-0.18404375,-0.16352001,0.42236555,-0.005282766,-0.0873808,0.43991572,-0.014543461,0.46880084,-0.15564874,-0.16454403,0.4176658,-0.30152225,-0.104810536,0.023503082,0.334423,-0.04031838,0.2850265,-0.32709834,0.06379612,-0.33331957
../data/train_data_mmini/2/Train_0006.jpg	2	-1.0,1.0,1.0,1.0,1.0,-1.0,1.0,1.0,-1.0,1.0,-1.0,1.0,-1.0,1.0,-1.0,1.0,-1.0,1.0,-1.0,1.0,1.0,-1.0,1.0,1.0	-0.26228803,0.06723723,0.72850394,0.33976415,0.22235109,-0.3646809,0.037468325,0.33925873,-0.74602723,0.64800817,-0.45479646,0.6893946,-0.38102058,0.65831316,-0.030273646,0.038479134,-0.21670142,0.0054219244,-0.05874839,0.07392828,0.21014695,-0.03553144,0.09415521,0.3435329
../data/train_data_mmini/2/Train_0007.jpg	2	1.0,1.0,-1.0,-1.0,-1.0,-1.0,1.0,1.0,-1.0,1.0,1.0,1.0,1.0,1.0,1.0,-1.0,-1.0,1.0,-1.0,-1.0,1.0,-1.0,1.0,-1.0	0.4848448,0.084094495,-0.06047633,-0.15507838,-0.050806783,-0.28823337,0.53909296,0.34019715,-0.34931117,0.763525,0.0859394,0.3580644,0.4073921,0.14046162,0.28843036,-0.4368351,-0.044354495,0.022420513,-0.2831004,-0.012715292,0.022346247,-0.061656512,0.11642504,-0.47340897
../data/train_data_mmini/2/Train_0008.jpg	2	-1.0,1.0,1.0,-1.0,1.0,-1.0,1.0,1.0,-1.0,1.0,-1.0,1.0,1.0,1.0,1.0,-1.0,1.0,1.0,-1.0,1.0,-1.0,-1.0,1.0,-1.0	-0.00043395953,0.33007744,0.22155747,-0.09902817,0.14568397,-0.13111398,0.22740917,0.41056794,-0.21795332,0.46232706,-0.41822952,0.5906421,0.13534185,0.57399845,0.17686269,-0.29177064,0.3062707,0.26138267,-0.14825661,0.15123238,-0.13790484,-0.31304362,0.045768406,-0.19064361
../data/train_data_mmini/2/Train_0009.jpg	2	1.0,1.0,-1.0,1.0,-1.0,-1.0,1.0,1.0,-1.0,1.0,-1.0,1.0,-1.0,1.0,1.0,-1.0,-1.0,-1.0,1.0,-1.0,1.0,-1.0,1.0,-1.0	0.30424798,0.19810563,-0.031451996,0.089416414,-0.07060189,-0.45889902,0.43181264,0.24278703,-0.5320122,0.7302664,-0.010619482,0.3285595,-0.15927565,0.05849763,0.30183825,-0.49149835,-0.28899667,-0.04258361,0.36470404,-0.055502634,0.32082033,-0.07183907,0.015100089,-0.19491638
../data/train_data_mmini/3/Train_0010.jpg	3	-1.0,1.0,1.0,-1.0,1.0,-1.0,-1.0,1.0,-1.0,1.0,1.0,1.0,1.0,1.0,-1.0,-1.0,-1.0,1.0,-1.0,1.0,-1.0,-1.0,-1.0,1.0	-0.028652772,0.49141854,0.04951388,-0.09376252,0.0028429418,-0.64004713,-0.099401556,0.5718797,-0.58312845,0.3937026,0.047826223,0.85782915,0.54264855,0.65142757,-0.36062166,-0.18859212,-0.06399825,0.088402316,-0.5691695,0.011146295,-0.2820444,-0.43499967,-0.8578533,0.073363
../data/train_data_mmini/3/Train_0011.jpg	3	1.0,1.0,-1.0,-1.0,-1.0,1.0,1.0,1.0,-1.0,1.0,-1.0,-1.0,1.0,-1.0,1.0,-1.0,1.0,1.0,1.0,1.0,1.0,-1.0,1.0,-1.0	0.46886304,0.072482824,-0.11810771,-0.1316671,-0.04198224,0.13159224,0.6973366,0.060220003,-0.03298825,0.72498894,-0.1547309,-0.013037733,0.30408663,-0.75415796,0.7569581,-1.1370078,0.693765,0.577437,0.48314425,0.17399912,0.37713087,-0.4311593,0.52615315,-0.89469755
../data/train_data_mmini/3/Train_0012.jpg	3	1.0,-1.0,-1.0,1.0,-1.0,-1.0,1.0,1.0,-1.0,1.0,1.0,1.0,-1.0,-1.0,1.0,-1.0,-1.0,-1.0,1.0,-1.0,1.0,-1.0,1.0,-1.0	0.20473859,-0.07815376,-0.16069531,0.40318146,-0.521815,-0.12384033,0.99091023,0.0856994,-0.12671939,1.1842743,0.2793808,0.002268442,-0.5490239,-1.0774522,0.58241266,-1.1735393,-0.11180034,-0.122466624,1.1559502,-0.22977419,1.1694248,-0.43269762,0.6778303,-0.53039587
../data/train_data_mmini/3/Train_0013.jpg	3	-1.0,1.0,1.0,1.0,1.0,-1.0,1.0,1.0,-1.0,1.0,-1.0,1.0,-1.0,1.0,1.0,-1.0,1.0,1.0,-1.0,1.0,1.0,-1.0,1.0,1.0	-0.14763531,0.1300785,1.0588787,0.24994278,0.36713606,-0.2197367,0.102072634,0.5974501,-0.7200937,0.7093629,-0.5494225,0.5913049,-0.11781737,0.82019436,0.073693246,-0.07407881,0.17551666,0.21180043,-0.19826327,0.10277377,0.16945873,-0.0033007036,0.1691926,0.13115232
../data/train_data_mmini/3/Train_0014.jpg	3	1.0,1.0,1.0,-1.0,-1.0,-1.0,1.0,1.0,-1.0,1.0,-1.0,1.0,1.0,1.0,1.0,-1.0,-1.0,1.0,1.0,1.0,1.0,-1.0,-1.0,-1.0	0.31041515,0.002770795,0.047390584,-0.12697285,-0.02394118,-0.16539782,0.43512517,0.25191468,-0.311046,0.45251843,-0.030418059,0.55734193,0.0006056165,0.055985156,0.2575712,-0.36572057,-0.013761577,0.107132286,0.08859113,0.15096642,0.1355177,-0.29125974,-0.029841918,-0.31520325
../data/train_data_mmini/4/Train_0015.jpg	4	-1.0,-1.0,1.0,1.0,-1.0,-1.0,1.0,1.0,-1.0,1.0,-1.0,1.0,-1.0,1.0,1.0,-1.0,1.0,1.0,1.0,1.0,1.0,-1.0,1.0,-1.0	-0.1987638,-0.043995693,0.5198633,0.4193539,-0.047838204,-0.084968984,0.7141978,0.4266371,-0.58148044,0.90138614,-0.3084633,0.38543049,-0.18781304,0.033801764,0.34534076,-0.5293504,0.30992296,0.1511152,0.23137107,7.97683e-05,0.39885855,-0.3358874,0.7770902,-0.0930602
../data/train_data_mmini/4/Train_0016.jpg	4	1.0,1.0,1.0,-1.0,-1.0,-1.0,1.0,-1.0,1.0,1.0,-1.0,-1.0,-1.0,-1.0,1.0,-1.0,1.0,1.0,1.0,1.0,1.0,-1.0,1.0,-1.0	0.44090927,0.37511057,0.03302515,-0.2634893,-0.3548099,-0.21445993,0.11155049,-0.17153203,0.09374352,0.26168424,-0.091636844,-0.031561457,-0.22442573,-0.29542413,0.42968765,-0.47651434,0.12054142,0.2778023,0.44004816,0.009463358,0.067093484,-0.1001846,0.074331746,-0.45504323
../data/train_data_mmini/4/Train_0017.jpg	4	-1.0,1.0,1.0,1.0,-1.0,-1.0,1.0,1.0,-1.0,1.0,-1.0,1.0,-1.0,-1.0,1.0,-1.0,-1.0,1.0,1.0,-1.0,1.0,-1.0,1.0,1.0	-0.26898143,0.21898745,0.6161381,0.440742,-0.12843722,-0.37108207,0.30487776,0.12377209,-0.6085336,0.67036957,-0.25172046,0.30746838,-0.5648116,-0.05562222,0.36719444,-0.60376,-0.09437466,0.03289831,0.5117835,-0.11942513,0.45051605,-0.09467707,0.43145382,0.054494075
../data/train_data_mmini/4/Train_0018.jpg	4	-1.0,-1.0,-1.0,-1.0,-1.0,-1.0,1.0,1.0,-1.0,1.0,-1.0,1.0,1.0,-1.0,1.0,-1.0,-1.0,1.0,1.0,-1.0,1.0,-1.0,1.0,-1.0	-0.10462501,-0.13271192,-0.00996655,-0.22356123,-0.2599954,-0.19355565,0.36234736,0.17344433,-0.07051715,0.29872015,-0.037854724,0.50892913,0.028008197,-0.107705325,0.025853008,-0.18413748,-0.20944002,0.14520945,0.24472839,-0.02226667,0.027217615,-0.5747674,0.11213264,-0.110112734
../data/train_data_mmini/4/Train_0019.jpg	4	1.0,1.0,1.0,1.0,1.0,-1.0,1.0,1.0,-1.0,1.0,-1.0,1.0,-1.0,1.0,1.0,-1.0,-1.0,1.0,-1.0,1.0,1.0,1.0,-1.0,1.0	0.28774446,0.06313811,0.7359654,0.30631799,0.22488636,-0.33235383,0.24423571,0.6045901,-0.846842,0.70304054,-0.38603732,0.759547,-0.16008693,0.7799227,0.039298207,-0.09852512,-0.0065923007,0.066745475,-0.2218332,0.12320097,0.17220555,0.14413759,-0.0937899,0.16255637
../data/train_data_mmini/5/Train_0020.jpg	5	1.0,1.0,-1.0,-1.0,-1.0,-1.0,1.0,1.0,-1.0,1.0,1.0,1.0,1.0,1.0,1.0,-1.0,-1.0,-1.0,-1.0,-1.0,1.0,1.0,-1.0,-1.0	0.51961213,0.16707744,-0.06974009,-0.12624222,-0.17239286,-0.46881038,0.40246046,0.20254925,-0.29466182,0.77228665,0.14307484,0.26289123,0.16993412,0.017793836,0.33556798,-0.5447674,-0.25118396,-0.06093287,-0.0662497,-0.028285159,0.095014565,0.020983003,-0.019520339,-0.42400482
../data/train_data_mmini/5/Train_0021.jpg	5	1.0,-1.0,1.0,1.0,1.0,-1.0,1.0,1.0,-1.0,1.0,-1.0,1.0,1.0,1.0,1.0,-1.0,1.0,1.0,1.0,-1.0,1.0,-1.0,1.0,-1.0	0.074062474,-0.08864106,0.36907443,0.0791166,0.17343839,-0.16651696,0.64741457,0.39460284,-0.634179,0.9571236,-0.32666308,0.4361729,0.0553889,0.288967,0.30250862,-0.4146034,0.14589995,0.17671335,0.008229168,-0.032495063,0.29186165,-0.1292195,0.48680165,-0.15249723
../data/train_data_mmini/5/Train_0022.jpg	5	1.0,1.0,-1.0,1.0,1.0,-1.0,1.0,1.0,-1.0,1.0,-1.0,1.0,1.0,1.0,1.0,-1.0,-1.0,-1.0,-1.0,1.0,1.0,-1.0,-1.0,-1.0	0.29106313,0.1694753,-0.06221607,0.013193953,0.02397571,-0.30655447,0.24385996,0.39579338,-0.30421293,0.5988205,-0.00857701,0.5579293,0.14315894,0.3735417,0.19670907,-0.3142708,-0.19077232,-0.047240954,-0.15077208,0.015585202,0.105018966,-0.124573685,-0.04204196,-0.1860182
../data/train_data_mmini/5/Train_0023.jpg	5	1.0,1.0,-1.0,-1.0,-1.0,-1.0,1.0,1.0,-1.0,1.0,1.0,1.0,1.0,1.0,1.0,-1.0,-1.0,-1.0,-1.0,-1.0,1.0,-1.0,-1.0,-1.0	0.37255055,0.048493356,-0.1155943,-0.12708953,-0.20636924,-0.4655229,0.41600943,0.30335167,-0.50796115,0.85749555,0.18461199,0.30252108,0.25876847,0.09286362,0.17141733,-0.3324715,-0.31905043,-0.14864466,-0.030979661,-0.1177486,0.064583056,-0.11339221,-0.020037565,-0.27797988
../data/train_data_mmini/5/Train_0024.jpg	5	1.0,-1.0,1.0,-1.0,-1.0,-1.0,1.0,1.0,-1.0,1.0,1.0,1.0,1.0,-1.0,1.0,-1.0,1.0,-1.0,-1.0,-1.0,1.0,1.0,1.0,-1.0	0.34139022,-0.09255397,0.1755715,-0.066490114,-0.10309131,-0.28275424,1.093966,0.42741752,-0.54076695,1.1363347,0.03378484,0.2564978,0.27516428,-0.013877553,0.41903326,-0.5505534,0.1212368,-0.046390023,-0.11907649,-0.2164139,0.34600776,0.017185055,0.43662775,-0.44139737
../data/train_data_mmini/6/Train_0025.jpg	6	1.0,1.0,1.0,1.0,1.0,-1.0,1.0,1.0,-1.0,1.0,1.0,1.0,1.0,1.0,1.0,-1.0,1.0,1.0,-1.0,-1.0,1.0,1.0,-1.0,-1.0	0.56811845,0.2508085,0.06806591,0.111522526,0.10822299,-0.62380385,0.5740673,0.44521436,-0.77933323,0.85334927,0.176782,0.47654504,0.19023311,0.15191476,0.12302396,-0.57188314,0.2760882,0.09792067,-0.26385304,-0.25706002,0.24998944,0.2631445,-0.18192382,-0.20302492
../data/train_data_mmini/6/Train_0026.jpg	6	1.0,1.0,1.0,-1.0,-1.0,-1.0,1.0,1.0,-1.0,1.0,1.0,-1.0,1.0,-1.0,-1.0,-1.0,-1.0,1.0,1.0,1.0,1.0,-1.0,-1.0,-1.0	0.40574467,0.1302142,0.09323436,-0.27511567,-0.18697108,-0.50153244,0.32961366,0.10903732,-0.52798975,0.82427925,0.055354957,-0.027496777,0.14241782,-0.0811304,-0.008523136,-0.62159055,-0.21450102,0.17830952,0.039633576,0.07182263,0.13539277,-0.2769383,-0.13304114,-0.16691962
../data/train_data_mmini/6/Train_0027.jpg	6	1.0,1.0,-1.0,-1.0,-1.0,-1.0,1.0,1.0,-1.0,1.0,1.0,1.0,1.0,-1.0,-1.0,-1.0,1.0,1.0,1.0,1.0,1.0,-1.0,-1.0,-1.0	0.56944543,0.3894259,-0.3359988,-0.12808836,-0.08546508,-0.28649157,0.3284963,0.2356728,-0.27291456,0.2911124,0.24638872,0.4311998,0.122053,-0.2046411,-0.039927453,-0.63189846,0.04738191,0.11830181,0.1522386,0.16942666,0.25911653,-0.2618706,-0.468982,-0.2407868
../data/train_data_mmini/6/Train_0028.jpg	6	1.0,1.0,1.0,-1.0,-1.0,1.0,1.0,1.0,-1.0,1.0,-1.0,1.0,1.0,-1.0,1.0,-1.0,1.0,1.0,-1.0,1.0,-1.0,-1.0,1.0,-1.0	0.26108104,0.1608005,0.13683802,-0.37945354,-0.0974798,0.083254546,0.5879676,0.12892751,-0.064986706,0.4089175,-0.29018766,0.29885164,0.3028599,-0.022812044,0.46239707,-0.47727782,0.41517985,0.48083615,-0.020882068,0.26390773,-0.11999104,-0.20967487,0.2500125,-0.52986974
../data/train_data_mmini/6/Train_0029.jpg	6	-1.0,1.0,1.0,1.0,1.0,-1.0,1.0,1.0,-1.0,1.0,-1.0,1.0,1.0,1.0,1.0,-1.0,1.0,-1.0,-1.0,-1.0,1.0,1.0,-1.0,1.0	-0.008733407,0.39294302,0.38485384,0.4336881,0.2332704,-0.63358694,0.29445896,0.6992099,-0.93677276,0.89545673,-0.17202628,0.6681997,0.0131045915,0.49605876,0.09326264,-0.43254822,0.08711392,-0.1995116,-0.13575226,-0.22489004,0.22271352,0.21087098,-0.054653723,0.08202209
../data/train_data_mmini/7/Train_0030.jpg	7	1.0,1.0,-1.0,1.0,-1.0,-1.0,1.0,1.0,-1.0,1.0,-1.0,1.0,-1.0,-1.0,1.0,-1.0,-1.0,1.0,1.0,-1.0,1.0,-1.0,1.0,-1.0	0.49298447,0.046579212,-0.024376271,0.11134243,-0.07831884,-0.20174527,0.3789485,0.0074055204,-0.26879966,0.59346694,-0.047145043,0.20215581,-0.4460212,-0.14407827,0.43684515,-0.5813136,-0.079731345,0.14049742,0.4659299,-0.0023628897,0.45780563,-0.024151362,0.18950792,-0.3055474
../data/train_data_mmini/7/Train_0031.jpg	7	1.0,1.0,1.0,-1.0,-1.0,-1.0,1.0,1.0,-1.0,1.0,1.0,1.0,-1.0,1.0,1.0,-1.0,-1.0,-1.0,1.0,-1.0,1.0,-1.0,-1.0,-1.0	0.17662257,0.25665358,0.19172323,-0.13240655,-0.13573703,-0.5119915,0.34968728,0.30707413,-0.2920288,0.62443644,0.015858827,0.4246161,-0.024816062,0.344002,0.18017808,-0.25853533,-0.29257414,-0.09716779,0.05643538,-0.1376793,0.17880683,-0.030770697,-0.087632954,-0.13897744
../data/train_data_mmini/7/Train_0032.jpg	7	1.0,1.0,-1.0,-1.0,-1.0,1.0,1.0,1.0,-1.0,1.0,-1.0,1.0,-1.0,-1.0,1.0,-1.0,1.0,1.0,1.0,-1.0,1.0,-1.0,1.0,-1.0	0.25088686,0.03677024,-0.015281079,-0.10434215,-0.08233129,0.13722122,0.92610973,0.14529184,-0.012336073,0.62408364,-0.076110505,0.44341692,-0.16948727,-0.16133651,0.42427918,-0.6389601,0.27936345,0.173691,0.46088132,-0.012252939,0.42180067,-0.46059975,0.33397427,-0.46267173
../data/train_data_mmini/7/Train_0033.jpg	7	1.0,1.0,-1.0,-1.0,-1.0,-1.0,1.0,1.0,-1.0,1.0,1.0,1.0,1.0,-1.0,1.0,-1.0,-1.0,-1.0,1.0,-1.0,1.0,1.0,-1.0,-1.0	0.54426354,0.1033241,-0.23084709,-0.18050712,-0.24165085,-0.48862135,0.74570704,0.06987335,-0.37502775,0.7766618,0.20116399,0.2099929,0.026412103,-0.20050293,0.27266863,-0.50144094,-0.2532986,-0.076495856,0.18944702,-0.18033205,0.23553412,0.00059088366,-0.09853161,-0.41646186
../data/train_data_mmini/7/Train_0034.jpg	7	1.0,1.0,-1.0,-1.0,1.0,1.0,1.0,1.0,-1.0,1.0,-1.0,1.0,1.0,-1.0,1.0,-1.0,1.0,1.0,-1.0,1.0,1.0,-1.0,-1.0,-1.0	1.0363864,0.017673878,-0.3708214,-0.6349795,0.13231799,0.27341855,0.93441427,0.35701185,-0.22696018,0.47937435,-0.021016566,0.39224544,1.0689522,-0.2273411,0.37886015,-0.691488,0.6773556,0.40037385,-0.39435586,0.008044141,0.0450462,-0.4995831,-0.27098474,-1.0008653
../data/train_data_mmini/8/Train_0035.jpg	8	-1.0,1.0,1.0,1.0,1.0,-1.0,1.0,1.0,-1.0,1.0,-1.0,1.0,1.0,1.0,1.0,-1.0,-1.0,-1.0,1.0,1.0,1.0,-1.0,1.0,1.0	-0.015188538,0.06987928,0.17775652,0.23960544,0.16571489,-0.123829305,0.3458536,0.34389782,-0.5163553,0.4938314,-0.14563023,0.66969,0.032161806,0.2767946,0.25753847,-0.28231305,-0.0026662918,-0.069535464,0.10254219,0.08943133,0.24326019,-0.31985483,0.05088674,0.03284856
../data/train_data_mmini/8/Train_0036.jpg	8	1.0,1.0,1.0,-1.0,-1.0,-1.0,1.0,1.0,-1.0,1.0,-1.0,1.0,-1.0,1.0,1.0,-1.0,-1.0,1.0,1.0,1.0,1.0,-1.0,-1.0,-1.0	0.18935966,0.15471083,0.056760047,-0.054236587,-0.033081807,-0.29541022,0.4702725,0.13985178,-0.40891925,0.4221725,-0.0049774777,0.52569735,-0.04440483,0.055575237,0.24812856,-0.27254826,-0.0055959495,0.070761666,0.057928864,0.023015188,0.17599265,-0.10863457,-0.009510937,-0.08466662
../data/train_data_mmini/8/Train_0037.jpg	8	1.0,1.0,1.0,-1.0,1.0,-1.0,1.0,1.0,-1.0,1.0,-1.0,1.0,1.0,-1.0,1.0,-1.0,1.0,1.0,1.0,1.0,1.0,-1.0,1.0,-1.0	0.37126988,0.12422396,0.26518923,-0.08485882,0.04000605,-0.14022392,0.6530028,0.15858346,-0.47554508,0.699508,-0.1941719,0.014567771,0.16632387,-0.20269105,0.42861262,-0.7420248,0.28451452,0.38237053,0.121682614,0.035993833,0.22723739,-0.20003763,0.19058995,-0.3979427
../data/train_data_mmini/8/Train_0038.jpg	8	1.0,1.0,1.0,1.0,1.0,-1.0,1.0,1.0,-1.0,1.0,-1.0,1.0,1.0,1.0,1.0,-1.0,1.0,1.0,-1.0,1.0,1.0,-1.0,-1.0,-1.0	0.18390816,0.36040083,0.310311,0.14988697,0.13661596,-0.25166848,0.26299772,0.46228582,-0.5352948,0.534886,-0.17329223,0.44468877,0.05362073,0.4161965,0.17555466,-0.3794432,0.12758493,0.056281794,-0.026819108,0.07397999,0.102810256,-0.08897642,-0.10551979,-0.09656551
../data/train_data_mmini/8/Train_0039.jpg	8	-1.0,-1.0,1.0,1.0,1.0,-1.0,1.0,1.0,-1.0,1.0,-1.0,1.0,-1.0,1.0,1.0,-1.0,1.0,-1.0,1.0,-1.0,1.0,-1.0,1.0,-1.0	-0.21662039,-0.004311742,0.13112736,0.44754958,0.2257362,-0.11883712,0.4577008,0.34812224,-0.5265819,0.60051256,-0.1518421,0.67566717,-0.06755,0.052239735,0.4211308,-0.48588407,0.076230794,-0.05473807,0.25761876,-0.025004847,0.4406401,-0.2784647,0.24466993,-0.07281215
../data/train_data_mmini/9/Train_0040.jpg	9	1.0,1.0,1.0,1.0,1.0,-1.0,1.0,1.0,-1.0,1.0,-1.0,1.0,1.0,1.0,1.0,-1.0,1.0,1.0,1.0,-1.0,1.0,-1.0,1.0,-1.0	0.19234422,0.061555445,0.067982465,0.20248795,0.16444314,-0.25570047,0.6021828,0.34729022,-0.50352156,0.8919637,-0.16218743,0.34517846,0.1093528,0.103658974,0.45904347,-0.6234953,0.12441462,0.10878503,0.07281414,-0.03679235,0.32466412,-0.14043227,0.41616035,-0.32430646
../data/train_data_mmini/9/Train_0041.jpg	9	1.0,1.0,-1.0,-1.0,-1.0,-1.0,1.0,-1.0,1.0,1.0,1.0,1.0,1.0,-1.0,1.0,-1.0,-1.0,1.0,1.0,1.0,1.0,-1.0,-1.0,-1.0	0.70128787,0.16541846,-0.48728597,-0.52535963,-0.3283271,-0.22187161,0.2881155,-0.08847969,0.29062644,0.33095992,0.25830302,0.43009815,0.19334301,-0.3129427,0.36228243,-0.703181,-0.11777285,0.17698994,0.26357037,0.0014332705,0.14224546,-0.11066202,-0.28714928,-0.6328828
../data/train_data_mmini/9/Train_0042.jpg	9	-1.0,1.0,1.0,1.0,1.0,-1.0,1.0,1.0,-1.0,1.0,-1.0,1.0,1.0,1.0,1.0,-1.0,1.0,1.0,1.0,-1.0,1.0,-1.0,1.0,-1.0	-0.037934683,0.042071283,0.42800137,0.13475457,0.056784607,-0.19373614,0.6964968,0.45100978,-0.5494978,1.015846,-0.19979581,0.34962237,0.16397437,0.0011935148,0.38356104,-0.75566655,0.43514428,0.23929882,0.07220411,-0.03771664,0.35359788,-0.23127726,0.62433016,-0.26291797
../data/train_data_mmini/9/Train_0043.jpg	9	-1.0,1.0,1.0,1.0,1.0,-1.0,1.0,1.0,-1.0,1.0,-1.0,1.0,1.0,1.0,1.0,-1.0,1.0,1.0,-1.0,1.0,1.0,-1.0,1.0,-1.0	-0.029543594,0.06900254,0.36699903,0.18559426,0.31353703,-0.18849295,0.2859603,0.3603294,-0.5641097,0.59902674,-0.30715483,0.68568075,0.049766216,0.5249735,0.22530982,-0.20853008,0.0724504,0.07763432,-0.17691582,0.16443135,0.086277775,-0.18548527,0.14215235,-0.012735345
../data/train_data_mmini/9/Train_0044.jpg	9	-1.0,1.0,1.0,1.0,1.0,-1.0,1.0,1.0,-1.0,1.0,-1.0,1.0,-1.0,1.0,1.0,-1.0,1.0,-1.0,1.0,-1.0,1.0,1.0,1.0,-1.0	-0.045846283,0.22447346,0.39388332,0.59007674,0.09986888,-0.5088397,0.43517283,0.50335646,-0.8511087,0.9999431,-0.09161178,0.48128304,-0.19459608,0.18585075,0.2845079,-0.63434726,0.08660066,-0.20341443,0.18060851,-0.115696296,0.5201928,0.05376359,0.19870904,-0.06318236
../data/train_data_mmini/10/Train_0045.jpg	10	-1.0,1.0,-1.0,1.0,1.0,1.0,1.0,1.0,-1.0,1.0,-1.0,1.0,-1.0,1.0,1.0,-1.0,1.0,-1.0,1.0,-1.0,1.0,-1.0,-1.0,1.0	-0.09020668,0.07097475,-0.051138815,0.29088265,0.15653367,0.104177475,0.5233132,0.41502875,-0.44578332,0.10906931,-0.29645848,0.7938409,-0.10106313,0.12418375,0.12543955,-0.18144901,0.084480524,-0.14850502,0.29572964,-0.074603215,0.48452473,-0.4279954,-0.20693068,0.11144481
../data/train_data_mmini/10/Train_0046.jpg	10	-1.0,1.0,1.0,1.0,1.0,-1.0,1.0,1.0,-1.0,1.0,-1.0,1.0,1.0,1.0,1.0,-1.0,1.0,1.0,1.0,1.0,1.0,-1.0,1.0,-1.0	-0.10340891,0.336027,0.46862447,0.4691906,0.19782528,-0.2610059,0.21734618,0.35511607,-0.7091118,0.6766823,-0.4328529,0.1598003,0.06353608,0.042374145,0.27539718,-0.66885775,0.45338774,0.11523468,0.171033,0.06747751,0.2227829,-0.07137994,0.18811078,-0.1398364
../data/train_data_mmini/10/Train_0047.jpg	10	-1.0,1.0,1.0,1.0,1.0,1.0,1.0,1.0,-1.0,1.0,-1.0,1.0,1.0,1.0,1.0,-1.0,1.0,1.0,-1.0,1.0,1.0,-1.0,1.0,-1.0	-0.023029402,0.0846539,0.2567198,0.119797885,0.19589934,0.05373374,0.55187064,0.37804782,-0.6855891,0.3951781,-0.3809775,0.7318466,0.09454724,0.1370515,0.3335478,-0.24161722,0.34716487,0.11492197,-0.008136747,0.024985122,0.28752995,-0.28530535,0.113681644,-0.053564303
../data/train_data_mmini/10/Train_0048.jpg	10	1.0,1.0,-1.0,1.0,1.0,-1.0,1.0,1.0,-1.0,1.0,1.0,1.0,-1.0,1.0,1.0,-1.0,1.0,-1.0,1.0,-1.0,1.0,-1.0,-1.0,-1.0	0.28043732,0.107691795,-0.123799264,0.44488978,0.107623376,-0.282971,0.5336732,0.556156,-0.49017698,0.5678889,0.001512671,0.8817961,-0.0023351277,0.13402715,0.25829205,-0.36786032,0.09989226,-0.33628303,0.16904813,-0.19002874,0.53616434,-0.00061819656,-0.13516705,-0.076781295
../data/train_data_mmini/10/Train_0049.jpg	10	1.0,1.0,1.0,1.0,1.0,-1.0,1.0,1.0,-1.0,1.0,-1.0,1.0,1.0,1.0,1.0,-1.0,1.0,1.0,1.0,1.0,1.0,-1.0,1.0,1.0	0.02048137,0.11711106,0.33124056,0.36127245,0.23045838,-0.0995563,0.4571251,0.39710766,-0.6785376,0.54717964,-0.24251026,0.5010953,0.11732036,0.1347645,0.31717774,-0.52281696,0.25971213,0.10216515,0.060279462,0.06193571,0.23789929,-0.26782748,0.12201635,0.013719938
