../data/train_data_mmini/1/Train_0000.jpg	1	1.0,1.0,-1.0,-1.0,1.0,-1.0,-1.0,-1.0,1.0,1.0,1.0,-1.0,-1.0,1.0,1.0,-1.0,1.0,1.0,1.0,-1.0,-1.0,1.0,-1.0,1.0	0.052361686,0.36982447,-0.09110534,-0.06583702,0.26437968,-0.3652652,-0.60491055,-1.294287,0.3054887,0.2820777,0.5565785,-0.14975949,-0.7410436,0.477033,0.8401052,-0.11416076,0.04171329,0.6115502,0.21218947,-0.18154839,-0.27892372,0.8617831,-0.83362335,0.67494494
../data/train_data_mmini/1/Train_0001.jpg	1	1.0,1.0,-1.0,-1.0,1.0,-1.0,-1.0,1.0,-1.0,-1.0,1.0,-1.0,-1.0,1.0,-1.0,-1.0,1.0,1.0,-1.0,1.0,1.0,-1.0,-1.0,1.0	0.08409776,0.41862205,-0.8378753,-0.31377673,0.75763655,-1.637702,-1.507886,0.27926216,-0.33565912,-0.09618601,0.47899932,-0.8258363,-0.3918446,0.15542471,-0.12009314,-0.07894702,0.3254236,1.1312062,-0.29990104,0.12472195,0.6495753,-0.19192535,-0.2374439,0.20893222
../data/train_data_mmini/1/Train_0002.jpg	1	-1.0,1.0,-1.0,-1.0,1.0,-1.0,-1.0,1.0,1.0,1.0,1.0,-1.0,1.0,1.0,1.0,-1.0,1.0,-1.0,-1.0,-1.0,-1.0,-1.0,-1.0,1.0	-0.32572064,0.6251045,-1.3900747,-0.29234692,1.1864591,-1.6162304,-1.6404302,0.099327,0.12193792,0.102625296,1.0258182,-1.1041287,0.118803106,0.90284616,0.022996873,-0.34966403,0.34990308,-0.036691047,-0.30037528,-0.32677713,-0.33595595,-0.7382607,-0.7319857,0.5346313
../data/train_data_mmini/1/Train_0003.jpg	1	1.0,1.0,1.0,1.0,-1.0,-1.0,-1.0,-1.0,1.0,-1.0,1.0,1.0,-1.0,-1.0,1.0,-1.0,-1.0,1.0,1.0,1.0,1.0,1.0,-1.0,1.0	0.29082033,0.3454282,0.27949682,0.09364232,-0.15880829,-0.34598613,-0.38772988,-1.3455685,0.0069518746,-0.044597592,0.48276353,0.12230966,-1.1448259,-0.1247952,1.0982698,-0.045760594,-0.0707557,1.3517638,0.074385166,0.044252418,0.2165897,0.9298733,-0.7378564,0.6478784
../data/train_data_mmini/1/Train_0004.jpg	1	1.0,1.0,-1.0,-1.0,1.0,-1.0,-1.0,-1.0,-1.0,1.0,1.0,-1.0,-1.0,1.0,1.0,-1.0,1.0,1.0,-1.0,-1.0,1.0,1.0,-1.0,1.0	0.14378689,0.06082347,-0.21913409,-0.25225675,0.3821314,-0.82988816,-0.7654884,-1.2550788,-0.075384654,0.55664915,0.40024537,-0.07844051,-0.9632345,0.37020627,0.8707602,-0.021833606,0.05999922,0.69075876,-0.029305458,-0.25684923,0.16485326,0.23622066,-0.63383794,0.6486379
../data/train_data_mmini/2/Train_0005.jpg	2	1.0,-1.0,-1.0,-1.0,1.0,-1.0,-1.0,1.0,1.0,-1.0,1.0,-1.0,1.0,1.0,-1.0,-1.0,1.0,1.0,-1.0,-1.0,1.0,-1.0,-1.0,1.0	0.1359045,-0.06519878,-1.0669436,-0.5179479,1.521461,-2.349984,-1.4959576,0.9790175,0.21866882,-0.15765668,0.30621094,-0.57981384,0.43042198,0.4878169,-0.6424583,-0.19256054,0.29929373,0.26727816,-0.5587499,-0.13869563,0.14166747,-1.2869258,-0.23371726,0.0739983
../data/train_data_mmini/2/Train_0006.jpg	2	1.0,-1.0,-1.0,-1.0,1.0,-1.0,-1.0,1.0,1.0,-1.0,1.0,-1.0,1.0,1.0,-1.0,1.0,-1.0,1.0,-1.0,-1.0,-1.0,-1.0,-1.0,1.0	0.45077765,-0.45079735,-1.1774154,-0.038556553,1.7675035,-2.0443988,-1.5473017,0.69186914,0.5755089,-0.3609572,0.6425971,-0.35590065,0.0696724,0.39759818,-0.040577143,0.36492229,-0.06523732,0.03798958,-0.013828248,-0.09216719,-0.29338536,-0.6743242,-0.110838816,0.5539482
../data/train_data_mmini/2/Train_0007.jpg	2	1.0,-1.0,1.0,-1.0,-1.0,-1.0,-1.0,-1.0,1.0,1.0,1.0,1.0,-1.0,1.0,1.0,1.0,-1.0,1.0,1.0,-1.0,-1.0,1.0,-1.0,1.0	0.35597074,-0.23516461,0.83602375,-0.011249028,-0.33467418,-0.18225943,-0.052522797,-2.0457063,0.45941222,0.5270436,0.14611506,0.40974268,-1.2518032,0.5314073,0.961992,0.22052018,-0.23759243,0.42624027,0.49550757,-0.30462864,-0.325238,1.0844352,-0.8178489,0.70854396
../data/train_data_mmini/2/Train_0008.jpg	2	1.0,1.0,-1.0,-1.0,1.0,-1.0,-1.0,-1.0,1.0,1.0,1.0,-1.0,-1.0,1.0,-1.0,1.0,1.0,-1.0,-1.0,-1.0,-1.0,-1.0,-1.0,1.0	0.25567606,0.1332758,-0.9077003,-0.41142604,1.3421975,-1.6788086,-1.366119,-0.36644584,0.2822084,0.56412864,0.54511607,-0.37580794,-0.21502416,0.8781565,-0.0040952265,0.19666757,0.18160793,-0.081746526,-0.010985464,-0.47669217,-0.11065389,-0.4089084,-0.3096935,0.62752336
../data/train_data_mmini/2/Train_0009.jpg	2	-1.0,-1.0,-1.0,-1.0,1.0,-1.0,-1.0,1.0,1.0,-1.0,1.0,-1.0,1.0,1.0,-1.0,-1.0,1.0,-1.0,-1.0,-1.0,-1.0,-1.0,-1.0,1.0	-0.041679572,-0.36963174,-0.3057166,-0.27337733,0.9920217,-2.051166,-1.0591296,0.31540272,0.6957992,-0.01998898,0.2120537,-0.09006833,0.32048506,0.5813195,-0.15993255,-0.10423274,0.23087719,-0.025517024,-0.3858112,-0.17962036,-0.38568568,-0.28018102,-0.5887276,0.42238247
../data/train_data_mmini/3/Train_0010.jpg	3	1.0,-1.0,-1.0,-1.0,1.0,-1.0,-1.0,1.0,1.0,1.0,1.0,-1.0,1.0,1.0,-1.0,1.0,1.0,-1.0,-1.0,-1.0,1.0,-1.0,1.0,-1.0	0.5314508,-0.88657945,-0.52002615,-1.0847353,1.5563993,-3.2459822,-1.7060586,1.4374684,0.27608094,0.07732004,0.26060697,-0.39948815,0.9348796,0.32076678,-1.1383481,0.32668453,0.5128094,-0.51549643,-0.57206523,-0.5202703,0.11694613,-1.6868695,0.45029086,-0.12075448
../data/train_data_mmini/3/Train_0011.jpg	3	-1.0,1.0,-1.0,-1.0,1.0,-1.0,-1.0,1.0,1.0,1.0,1.0,-1.0,1.0,1.0,-1.0,-1.0,1.0,-1.0,-1.0,-1.0,-1.0,-1.0,-1.0,-1.0	-0.21949472,0.39447603,-2.247639,-0.95876986,1.6487111,-2.3866832,-2.199684,0.7853679,0.27720022,0.21076527,0.9071846,-1.2412875,1.205274,1.2868694,-0.38941687,-1.1171683,0.5183575,-0.4176735,-1.0350666,-0.7885465,-0.2636591,-1.5162786,-0.67686063,-0.3073661
../data/train_data_mmini/3/Train_0012.jpg	3	-1.0,1.0,-1.0,-1.0,1.0,-1.0,-1.0,1.0,1.0,-1.0,1.0,-1.0,1.0,1.0,1.0,-1.0,1.0,1.0,-1.0,1.0,1.0,-1.0,-1.0,-1.0	-0.4624114,0.45357642,-1.8429666,-0.16816682,1.1593893,-1.93055,-1.6873969,0.7734368,0.016245117,-0.59071213,0.3302682,-0.8849573,0.48664394,0.21780923,0.2552739,-0.84516084,0.3714158,0.5369904,-0.7921554,0.102976985,0.18471648,-1.0018685,-0.49315068,-0.32587835
../data/train_data_mmini/3/Train_0013.jpg	3	1.0,-1.0,-1.0,-1.0,1.0,-1.0,-1.0,1.0,1.0,-1.0,1.0,-1.0,1.0,1.0,-1.0,1.0,1.0,-1.0,-1.0,-1.0,-1.0,-1.0,1.0,1.0	0.13708042,-0.21608356,-1.9499408,-0.51552916,2.3733182,-2.805035,-2.2404954,1.3927177,0.46016186,-0.29935807,0.72308826,-0.907705,0.7742968,0.7320973,-0.6057842,0.13584173,0.2163006,-0.4459593,-0.23399156,-0.31519952,-0.31395572,-1.3849297,0.036494654,0.22861946
../data/train_data_mmini/3/Train_0014.jpg	3	1.0,-1.0,-1.0,-1.0,1.0,-1.0,-1.0,1.0,1.0,1.0,1.0,-1.0,1.0,1.0,-1.0,-1.0,1.0,1.0,-1.0,-1.0,1.0,-1.0,-1.0,1.0	0.3110886,-0.1895323,-1.2645657,-0.5800985,1.7042935,-2.4624655,-1.8165659,0.8059574,0.115554295,0.15242979,0.3388481,-0.5714074,0.42957184,0.63864326,-0.6953243,-0.3277412,0.3641394,0.070022665,-0.63697946,-0.36438933,0.066528335,-1.4418035,-0.32553598,0.15462777
../data/train_data_mmini/4/Train_0015.jpg	4	-1.0,1.0,-1.0,-1.0,1.0,-1.0,-1.0,-1.0,1.0,1.0,1.0,-1.0,-1.0,1.0,1.0,-1.0,1.0,1.0,1.0,-1.0,-1.0,1.0,-1.0,1.0	-0.1091484,0.69029343,-1.2880132,-0.0786325,1.0233014,-1.3027146,-1.1650212,-0.63034457,0.4518536,0.36094457,0.29207498,-0.36622983,-0.09858797,0.93329376,0.5929215,-0.04450263,0.27488247,0.119362555,0.052553073,-0.53456,-0.51799756,0.057595156,-0.74085844,0.7119718
../data/train_data_mmini/4/Train_0016.jpg	4	-1.0,1.0,-1.0,-1.0,1.0,-1.0,-1.0,1.0,-1.0,-1.0,1.0,-1.0,-1.0,1.0,-1.0,-1.0,1.0,1.0,-1.0,1.0,1.0,-1.0,-1.0,1.0	-0.24192141,0.4467972,-0.9150743,-0.22415382,1.0976675,-1.6963108,-1.451019,0.74798214,-0.064638875,-0.15866679,0.617169,-1.0309671,-0.0035478119,0.029882502,-0.8066416,-0.59010965,0.1848366,0.79445034,-0.4706315,0.34910688,0.41462362,-0.94516057,-0.51373374,0.045107722
../data/train_data_mmini/4/Train_0017.jpg	4	-1.0,1.0,-1.0,-1.0,1.0,-1.0,-1.0,1.0,1.0,-1.0,1.0,-1.0,1.0,1.0,-1.0,-1.0,1.0,1.0,-1.0,1.0,-1.0,-1.0,-1.0,1.0	-0.14265792,0.03394702,-1.9281132,-0.33787468,1.9265159,-2.4500709,-1.918117,1.4496417,0.39836752,-0.66085327,0.674056,-1.004194,0.83784896,0.28456733,-0.27382416,-0.42126644,0.21784887,0.27518943,-0.42989945,0.13720202,-0.33485764,-1.2202404,-0.24116847,0.2804332
../data/train_data_mmini/4/Train_0018.jpg	4	1.0,1.0,-1.0,-1.0,1.0,-1.0,-1.0,1.0,1.0,1.0,1.0,-1.0,1.0,1.0,-1.0,-1.0,1.0,-1.0,-1.0,-1.0,-1.0,-1.0,-1.0,1.0	0.012664501,0.06185986,-0.8207581,-0.7299491,1.4873463,-2.1566894,-1.5313396,0.9184479,0.21601312,0.50445765,0.25557786,-0.8374304,0.4842486,0.68272823,-1.0850271,-0.37629288,0.3233966,-0.06796039,-0.49346974,-0.19808948,-0.099951744,-1.080837,-0.4487195,0.099205196
../data/train_data_mmini/4/Train_0019.jpg	4	1.0,-1.0,-1.0,-1.0,1.0,-1.0,-1.0,1.0,1.0,-1.0,1.0,-1.0,1.0,1.0,-1.0,1.0,1.0,1.0,-1.0,-1.0,1.0,-1.0,1.0,1.0	0.6270271,-0.6336673,-1.4122074,-0.32387626,2.0179896,-2.6825511,-1.6114904,1.0860634,0.19075565,-0.45407942,0.39514947,-0.52408683,0.2917105,0.26711234,-0.12044674,0.44628382,0.26513895,0.20770115,-0.156234,-0.17455149,0.081960425,-1.6033831,0.5035443,0.39099124
../data/train_data_mmini/5/Train_0020.jpg	5	1.0,1.0,1.0,1.0,-1.0,-1.0,-1.0,-1.0,-1.0,1.0,1.0,1.0,-1.0,-1.0,1.0,1.0,-1.0,1.0,1.0,1.0,1.0,1.0,-1.0,1.0	0.3940948,0.53428084,0.20547384,0.17978305,-0.33755016,-0.31398952,-0.43858385,-1.5071682,-0.45598182,0.06346011,0.26606703,0.13271903,-1.911025,-0.1307921,1.061366,0.22208503,-0.024319239,1.7865402,0.26436773,0.06519755,0.8161903,0.8847098,-0.6072109,0.8658245
../data/train_data_mmini/5/Train_0021.jpg	5	1.0,1.0,-1.0,-1.0,1.0,-1.0,-1.0,-1.0,-1.0,1.0,1.0,-1.0,-1.0,1.0,1.0,-1.0,1.0,1.0,-1.0,-1.0,1.0,-1.0,-1.0,1.0	0.20811121,0.6606701,-1.2157258,-0.1862869,0.8922621,-0.8836217,-1.2559092,-0.87507993,-0.016317079,0.28760362,0.514388,-0.18284015,-0.67934734,0.6081905,0.96790516,-0.012245059,0.20383692,0.6517322,-0.16454357,-0.5091848,0.16065936,-0.0011577383,-0.82576895,0.84725356
../data/train_data_mmini/5/Train_0022.jpg	5	1.0,-1.0,1.0,1.0,1.0,-1.0,-1.0,-1.0,1.0,1.0,1.0,1.0,-1.0,1.0,1.0,1.0,-1.0,1.0,1.0,-1.0,-1.0,1.0,-1.0,1.0	0.35786524,-0.45904198,0.48759717,0.12258021,0.20212352,-1.0938036,-0.4523586,-1.1545141,0.4983201,0.109032154,0.10718398,0.44588435,-0.83259106,0.43353203,0.60729384,0.53962624,-0.17725989,0.3009732,0.42961136,-0.15573299,-0.21350427,0.555281,-0.42014447,0.69244003
../data/train_data_mmini/5/Train_0023.jpg	5	1.0,1.0,1.0,1.0,-1.0,-1.0,-1.0,-1.0,-1.0,1.0,1.0,1.0,-1.0,1.0,1.0,1.0,-1.0,1.0,1.0,-1.0,1.0,1.0,-1.0,1.0	0.32181212,0.22238962,0.70956427,0.25138748,-0.6142469,-0.058239512,-0.014828417,-1.8087113,-0.027786667,0.22352889,0.18373393,0.53978753,-1.593954,0.11789392,1.2384369,0.28516525,-0.21185851,1.2044735,0.43526694,-0.07292504,0.33468026,1.3133247,-0.8186149,0.7948505
../data/train_data_mmini/5/Train_0024.jpg	5	1.0,1.0,-1.0,-1.0,1.0,-1.0,-1.0,-1.0,1.0,1.0,1.0,1.0,-1.0,1.0,1.0,-1.0,1.0,-1.0,-1.0,-1.0,-1.0,1.0,-1.0,1.0	0.097719535,0.072733596,-0.3470742,-0.27830613,0.40555418,-0.88665897,-0.770024,-0.94510317,0.39608696,0.31604886,0.3299262,0.06725604,-0.26928857,0.66918683,0.84296393,-0.2936057,0.16310096,-0.0034779087,-0.23895285,-0.51266205,-0.39557356,0.11795639,-0.86776626,0.3681513
../data/train_data_mmini/6/Train_0025.jpg	6	1.0,-1.0,-1.0,-1.0,1.0,-1.0,-1.0,1.0,1.0,-1.0,1.0,-1.0,1.0,1.0,-1.0,-1.0,1.0,-1.0,-1.0,-1.0,-1.0,-1.0,1.0,-1.0	0.34258547,-1.1544639,-1.2163486,-0.9609106,1.6399323,-3.2012544,-1.8967106,2.009681,0.7252498,-0.9950428,0.5282583,-0.5070659,1.3163115,0.16829896,-0.9396001,-0.6382062,0.40882725,-0.9353671,-0.92021024,-0.6385378,-0.17987987,-2.505642,0.23260652,-0.5936297
../data/train_data_mmini/6/Train_0026.jpg	6	1.0,1.0,-1.0,-1.0,1.0,-1.0,-1.0,1.0,1.0,1.0,1.0,-1.0,1.0,1.0,-1.0,-1.0,1.0,1.0,-1.0,1.0,-1.0,-1.0,-1.0,1.0	0.15726574,0.18212335,-0.3209196,-0.62502396,0.8705423,-2.068233,-1.321947,0.042909954,0.0796612,0.15229183,0.47405314,-0.8773682,0.13132557,0.23289883,-0.18157634,-0.1342578,0.4230525,0.7670621,-0.5194403,0.09729061,-0.05719459,-0.06718134,-0.40649697,0.6108683
../data/train_data_mmini/6/Train_0027.jpg	6	1.0,-1.0,-1.0,-1.0,1.0,-1.0,-1.0,1.0,1.0,-1.0,1.0,-1.0,1.0,1.0,-1.0,-1.0,1.0,-1.0,-1.0,-1.0,1.0,-1.0,-1.0,-1.0	0.13398083,-0.56834114,-1.3176197,-0.9594935,1.6869184,-3.3102794,-2.1224897,2.172442,0.17490807,-0.23422214,0.59176666,-0.78476715,1.3290932,0.32084933,-1.6026598,-0.58040816,0.5767915,-0.392945,-0.9811194,-0.46591935,0.23440425,-2.1793945,-0.06889698,-0.63348395
../data/train_data_mmini/6/Train_0028.jpg	6	1.0,1.0,-1.0,-1.0,1.0,-1.0,-1.0,1.0,1.0,1.0,1.0,-1.0,1.0,1.0,-1.0,-1.0,1.0,-1.0,-1.0,-1.0,-1.0,-1.0,-1.0,1.0	0.06209724,0.00015535764,-0.7537449,-0.8489265,1.3648527,-1.9027841,-1.5313888,0.043447074,0.3033478,0.3655744,0.93446445,-0.8547818,0.29514304,0.8369095,-0.4803648,-0.41483653,0.38350794,-0.23161134,-0.400597,-0.51043826,-0.176189,-1.0574385,-0.69916344,0.4637345
../data/train_data_mmini/6/Train_0029.jpg	6	1.0,-1.0,-1.0,-1.0,1.0,-1.0,-1.0,1.0,1.0,-1.0,1.0,-1.0,1.0,1.0,-1.0,-1.0,1.0,-1.0,-1.0,-1.0,-1.0,-1.0,-1.0,-1.0	0.054778654,-0.8791117,-0.80529743,-0.45661944,1.6795399,-2.8617454,-1.4156384,1.4542725,1.0862352,-0.4294982,0.45811915,-0.3170493,0.96913105,0.5024754,-0.5765587,-0.3380798,0.20566413,-0.79166865,-0.5638492,-0.44783494,-0.7671476,-1.5557144,-0.1519427,-0.20643699
../data/train_data_mmini/7/Train_0030.jpg	7	1.0,-1.0,-1.0,1.0,1.0,-1.0,-1.0,-1.0,1.0,-1.0,1.0,-1.0,-1.0,1.0,1.0,-1.0,1.0,1.0,1.0,1.0,-1.0,1.0,-1.0,1.0	0.08966689,-0.17355138,-0.30539995,0.026178919,0.8199486,-1.3700747,-0.9272097,-0.053810574,0.69699085,-0.35529587,0.49355578,-0.28844082,-0.23146428,0.35517988,0.12019861,-0.16795729,0.07277086,0.53673387,0.022983909,0.025556661,-0.26068982,0.087636255,-0.64897174,0.52288437
../data/train_data_mmini/7/Train_0031.jpg	7	1.0,-1.0,-1.0,-1.0,1.0,-1.0,-1.0,1.0,1.0,-1.0,1.0,-1.0,1.0,1.0,-1.0,-1.0,1.0,1.0,-1.0,1.0,-1.0,-1.0,-1.0,1.0	0.24769892,-0.34082824,-0.8341395,-0.43310755,1.6401393,-2.685737,-1.9423144,1.3273922,0.43537256,-0.48037446,0.45795518,-0.69658124,0.6140501,0.30736846,-0.7515416,-0.21906842,0.19620898,0.05451613,-0.6334908,0.014859445,-0.07556464,-1.3038077,-0.23184292,0.25818405
../data/train_data_mmini/7/Train_0032.jpg	7	-1.0,1.0,-1.0,-1.0,1.0,-1.0,-1.0,1.0,1.0,-1.0,1.0,-1.0,1.0,1.0,-1.0,-1.0,1.0,-1.0,-1.0,-1.0,1.0,-1.0,-1.0,-1.0	-0.15932007,0.12342453,-2.6394503,-1.0821133,2.3704507,-3.237869,-2.6818287,1.765881,0.11070069,-0.026461978,0.619974,-1.0793784,1.5556211,0.81519705,-0.9516165,-0.73775566,0.709413,-0.39757368,-1.076211,-0.7117793,0.17330258,-2.4957802,-0.3570323,-0.43869272
../data/train_data_mmini/7/Train_0033.jpg	7	1.0,-1.0,-1.0,-1.0,1.0,-1.0,-1.0,1.0,1.0,-1.0,1.0,-1.0,1.0,1.0,-1.0,-1.0,1.0,-1.0,-1.0,-1.0,-1.0,-1.0,-1.0,1.0	0.16647299,-0.5408642,-0.34061763,-0.4358977,1.0848118,-2.2319942,-1.17093,0.8111058,0.62893677,-0.13737416,0.47712022,-0.29643798,0.66445094,0.42385498,-0.5864353,-0.25765443,0.23448226,-0.07160983,-0.6050304,-0.09611713,-0.29196987,-0.8314858,-0.32184997,0.04986003
../data/train_data_mmini/7/Train_0034.jpg	7	1.0,-1.0,-1.0,-1.0,1.0,-1.0,-1.0,1.0,1.0,1.0,1.0,-1.0,1.0,1.0,-1.0,-1.0,1.0,-1.0,-1.0,-1.0,-1.0,-1.0,-1.0,-1.0	0.2817155,-0.6843986,-1.9296106,-1.5929987,1.8077719,-3.3382485,-2.2361825,1.3681376,0.16513018,0.22493804,0.8660233,-0.79273546,1.750321,0.97443014,-1.1139714,-0.87993896,0.58566326,-1.1136559,-1.4142216,-1.2047879,-0.05450268,-2.7646534,-0.19592112,-0.8002144
../data/train_data_mmini/8/Train_0035.jpg	8	1.0,-1.0,-1.0,-1.0,1.0,-1.0,-1.0,1.0,1.0,1.0,1.0,1.0,1.0,1.0,-1.0,1.0,1.0,-1.0,-1.0,-1.0,-1.0,-1.0,-1.0,1.0	0.014243919,-0.8796799,-0.64712876,-0.55569774,1.3601075,-2.4319134,-1.1707816,0.7659547,1.1801095,0.040287808,0.16923727,0.11969874,0.8175779,0.98598266,-0.4429563,0.1317775,0.14161545,-0.9194617,-0.2677307,-0.64629203,-0.81057453,-0.7192068,-0.41857618,0.22621202
../data/train_data_mmini/8/Train_0036.jpg	8	1.0,-1.0,-1.0,-1.0,1.0,-1.0,-1.0,1.0,1.0,-1.0,1.0,-1.0,1.0,1.0,-1.0,-1.0,1.0,-1.0,-1.0,-1.0,-1.0,-1.0,-1.0,1.0	0.1003436,-0.8992322,-0.45019877,-0.621448,1.6984074,-3.1077774,-1.4575006,1.3947221,1.1223085,-0.394874,0.4078902,-0.5038361,1.1492686,0.7880456,-1.1635855,-0.30658907,0.165743,-0.9323701,-0.55844355,-0.40376964,-0.8359737,-1.5548214,-0.47595105,0.060358375
../data/train_data_mmini/8/Train_0037.jpg	8	1.0,-1.0,-1.0,-1.0,1.0,-1.0,-1.0,1.0,1.0,1.0,1.0,-1.0,1.0,1.0,-1.0,-1.0,1.0,-1.0,-1.0,-1.0,-1.0,-1.0,-1.0,-1.0	0.021736909,-0.05243115,-1.7289786,-1.0695071,1.9552631,-3.0685816,-1.9905134,1.3098025,0.64197975,0.039603308,0.6300816,-1.1540663,1.2981786,1.049729,-0.8291465,-0.8585123,0.512519,-0.44009924,-1.0789037,-0.6504883,-0.40803277,-1.5856702,-0.70508975,-0.25930545
../data/train_data_mmini/8/Train_0038.jpg	8	1.0,-1.0,-1.0,-1.0,1.0,-1.0,-1.0,1.0,1.0,-1.0,1.0,-1.0,1.0,1.0,-1.0,-1.0,1.0,-1.0,-1.0,-1.0,-1.0,-1.0,-1.0,1.0	0.07508241,-0.22944437,-0.9544148,-0.3347073,1.3734119,-2.2967536,-1.5170931,0.74233115,0.5271088,-0.29730827,0.490381,-0.23664789,0.5366871,0.5560134,-0.28087968,-0.011922017,0.31345493,-0.17430308,-0.4380057,-0.40320802,-0.3400635,-0.8809751,-0.31904393,0.26018816
../data/train_data_mmini/8/Train_0039.jpg	8	-1.0,-1.0,-1.0,-1.0,1.0,-1.0,-1.0,1.0,1.0,-1.0,1.0,-1.0,1.0,1.0,-1.0,-1.0,1.0,-1.0,-1.0,-1.0,-1.0,-1.0,-1.0,-1.0	-0.07123895,-1.183297,-0.84261423,-0.6954735,1.8298534,-2.9689324,-1.3722824,1.4319555,1.5162469,-0.11278239,0.24262674,-0.1694883,1.2956811,1.2281514,-0.67238414,-0.11648816,0.19440973,-1.3630375,-0.46820068,-0.76379794,-1.1364005,-1.1371596,-0.48765817,-0.12000248
../data/train_data_mmini/9/Train_0040.jpg	9	1.0,1.0,-1.0,-1.0,1.0,-1.0,-1.0,-1.0,1.0,1.0,1.0,-1.0,-1.0,1.0,1.0,-1.0,1.0,1.0,1.0,-1.0,-1.0,1.0,-1.0,1.0	0.17829286,0.2697115,-0.6312384,-0.20770612,0.6627046,-1.059073,-0.898556,-1.0402849,0.32110137,0.377758,0.37359285,-0.14185764,-0.6055913,0.7866754,0.8722408,-0.025214165,0.12008803,0.38755086,0.087062865,-0.54079777,-0.2122276,0.26847404,-0.7128472,0.7269611
../data/train_data_mmini/9/Train_0041.jpg	9	1.0,-1.0,-1.0,-1.0,1.0,-1.0,-1.0,1.0,1.0,-1.0,1.0,-1.0,1.0,1.0,-1.0,-1.0,1.0,-1.0,-1.0,-1.0,1.0,-1.0,-1.0,-1.0	0.16736026,-0.6962993,-0.87481934,-0.76565737,1.6655746,-3.209199,-2.0856812,1.849582,0.056321017,-0.3139411,0.45650035,-0.9693023,0.9548213,0.35488626,-1.467612,-0.45217896,0.29079962,-0.034595378,-0.9234623,-0.03778728,0.22700341,-2.0885375,-0.08778608,-0.31860164
../data/train_data_mmini/9/Train_0042.jpg	9	1.0,1.0,-1.0,-1.0,1.0,-1.0,-1.0,-1.0,1.0,1.0,1.0,-1.0,-1.0,1.0,1.0,-1.0,1.0,1.0,-1.0,-1.0,-1.0,-1.0,-1.0,1.0	0.03517689,0.8488663,-1.7083778,-0.41442215,1.2605934,-1.6637361,-1.5910709,-0.29805198,0.0557053,0.4669332,0.40002412,-0.7434351,-0.19158123,0.8317188,0.40457937,-0.36290514,0.24892288,0.1699745,-0.37294766,-0.52760786,-0.039320037,-0.6211007,-0.6589375,0.22130886
../data/train_data_mmini/9/Train_0043.jpg	9	1.0,-1.0,-1.0,-1.0,1.0,-1.0,-1.0,-1.0,1.0,1.0,1.0,1.0,-1.0,1.0,1.0,1.0,1.0,-1.0,1.0,-1.0,-1.0,1.0,-1.0,1.0	0.25917974,-0.21374655,-0.37406623,-0.16331312,0.93625784,-1.5422949,-1.0029501,-0.49312615,0.68224263,0.34856248,0.20113416,0.11153967,-0.54582566,0.94169456,0.21684414,0.4768309,0.002623342,-0.06267799,0.22650072,-0.55144596,-0.42685688,0.15063706,-0.6098199,0.8121659
../data/train_data_mmini/9/Train_0044.jpg	9	1.0,-1.0,-1.0,-1.0,1.0,-1.0,-1.0,1.0,1.0,-1.0,1.0,-1.0,1.0,1.0,1.0,-1.0,1.0,1.0,-1.0,-1.0,-1.0,-1.0,-1.0,1.0	0.14344509,-0.09952745,-1.1882633,-0.20549044,1.4441676,-2.2372818,-1.4307711,0.8583803,0.4207369,-0.40025422,0.44448835,-0.21877752,0.34613156,0.33374226,0.26506495,-0.11055161,0.22611749,0.26436436,-0.36729214,-0.2997598,-0.0921862,-0.8580969,-0.18211803,0.16320267
../data/train_data_mmini/10/Train_0045.jpg	10	-1.0,-1.0,-1.0,-1.0,1.0,-1.0,-1.0,1.0,1.0,-1.0,1.0,-1.0,1.0,1.0,-1.0,-1.0,1.0,-1.0,-1.0,-1.0,-1.0,-1.0,1.0,-1.0	-0.0016401224,-1.6170894,-1.2778292,-1.0906851,2.3546975,-3.900092,-1.5928061,2.7954197,1.6587541,-0.17712279,0.22065477,-0.3936271,2.6283514,0.8867709,-1.7088875,-0.27688676,0.37377968,-1.917026,-0.8887422,-0.868719,-0.9398897,-2.3685408,0.117204934,-0.5301673
../data/train_data_mmini/10/Train_0046.jpg	10	-1.0,1.0,-1.0,-1.0,1.0,-1.0,-1.0,1.0,1.0,1.0,1.0,-1.0,1.0,1.0,-1.0,-1.0,1.0,-1.0,-1.0,-1.0,-1.0,-1.0,-1.0,-1.0	-0.09134363,0.07825564,-2.1996295,-0.79441947,1.9642941,-2.4868393,-1.7941204,1.5790734,0.46004054,0.036197,0.74762547,-0.68762994,1.394793,0.7863758,-0.44570044,-0.50299084,0.4615963,-0.54221624,-0.86501956,-0.7233551,-0.3348009,-1.5410696,-0.11313914,-0.3101863
../data/train_data_mmini/10/Train_0047.jpg	10	1.0,-1.0,-1.0,-1.0,1.0,-1.0,-1.0,1.0,1.0,-1.0,1.0,-1.0,1.0,1.0,-1.0,-1.0,1.0,-1.0,-1.0,-1.0,-1.0,-1.0,-1.0,-1.0	0.23995297,-0.78557175,-1.8974261,-1.1781249,2.5238097,-3.7687116,-2.2864535,2.0613127,0.95895106,-0.3567934,0.6527513,-0.71107,1.7056023,1.0027158,-0.9143846,-0.47395575,0.4700298,-1.2417903,-1.0891379,-1.0600361,-0.5582284,-2.4340086,-0.32024327,-0.2349048
../data/train_data_mmini/10/Train_0048.jpg	10	1.0,-1.0,-1.0,-1.0,1.0,-1.0,-1.0,1.0,1.0,-1.0,1.0,1.0,1.0,1.0,-1.0,-1.0,1.0,-1.0,-1.0,-1.0,-1.0,-1.0,1.0,-1.0	0.14963739,-1.6204526,-1.2485554,-0.68556714,2.0982897,-3.4411802,-1.4775116,2.56036,1.0180358,-0.80638903,0.096938565,0.19279356,1.7859334,0.4560318,-0.82296646,-0.073773965,0.45583636,-1.1323155,-0.8271624,-0.7001229,-0.36392167,-2.4550052,0.43915465,-0.5465378
../data/train_data_mmini/10/Train_0049.jpg	10	1.0,-1.0,-1.0,-1.0,1.0,-1.0,-1.0,1.0,1.0,-1.0,1.0,-1.0,1.0,1.0,-1.0,-1.0,1.0,-1.0,-1.0,-1.0,-1.0,-1.0,-1.0,-1.0	0.04431935,-0.93545705,-1.2112553,-0.8964348,1.8104401,-3.0103333,-1.5749036,1.3565761,1.1361372,-0.14065208,0.45224136,-0.28589752,1.3309963,1.1028247,-0.5040058,-0.32157254,0.41162303,-1.2241827,-0.7405045,-1.0269986,-0.9145274,-1.5180271,-0.42747644,-0.16973856
