../data/train_data_mmini/1/Train_0000.jpg	1	1.0,-1.0,1.0,-1.0,-1.0,1.0,1.0,-1.0	0.8760685,-0.009771469,1.2766054,-0.8641381,-0.59617054,0.5104981,0.6655661,-0.37509036
../data/train_data_mmini/1/Train_0001.jpg	1	1.0,-1.0,1.0,-1.0,-1.0,1.0,1.0,-1.0	1.5486028,-0.4668491,1.7113193,-1.4035985,-0.877596,0.5666484,1.1590186,-0.4197958
../data/train_data_mmini/1/Train_0002.jpg	1	1.0,-1.0,1.0,-1.0,-1.0,1.0,1.0,-1.0	1.5274026,-0.1233262,1.8036966,-1.4405252,-1.0863463,0.81823903,1.2364752,-0.47963107
../data/train_data_mmini/1/Train_0003.jpg	1	1.0,-1.0,1.0,-1.0,-1.0,1.0,1.0,-1.0	0.883253,-0.03958617,1.2997532,-0.9123463,-0.57243437,0.49761045,0.6799495,-0.39089853
../data/train_data_mmini/1/Train_0004.jpg	1	1.0,-1.0,1.0,-1.0,-1.0,1.0,1.0,-1.0	1.0827205,-0.13603069,1.4812138,-1.111266,-0.63432395,0.6691665,0.8090183,-0.4567374
../data/train_data_mmini/2/Train_0005.jpg	2	1.0,-1.0,1.0,-1.0,-1.0,1.0,1.0,-1.0	1.7379832,-0.3310423,1.776304,-1.4786692,-0.9689833,0.5257525,1.2764409,-0.42491555
../data/train_data_mmini/2/Train_0006.jpg	2	1.0,1.0,1.0,-1.0,-1.0,1.0,1.0,-1.0	1.7583436,0.0655898,1.6854538,-1.542507,-1.0499476,0.7145008,1.0099634,-0.23849398
../data/train_data_mmini/2/Train_0007.jpg	2	1.0,1.0,1.0,-1.0,-1.0,1.0,1.0,-1.0	0.59367305,0.07900201,1.0164176,-0.6238348,-0.34545928,0.59525204,0.38775516,-0.35915297
../data/train_data_mmini/2/Train_0008.jpg	2	1.0,1.0,1.0,-1.0,-1.0,1.0,1.0,-1.0	1.3513862,0.04123986,1.5468707,-1.1141366,-0.9563198,0.4998552,0.927136,-0.52853066
../data/train_data_mmini/2/Train_0009.jpg	2	1.0,-1.0,1.0,-1.0,-1.0,1.0,1.0,-1.0	1.5360692,-0.08716923,1.6659232,-0.97723854,-1.0506616,0.42440376,1.0178899,-0.44977295
../data/train_data_mmini/3/Train_0010.jpg	3	1.0,-1.0,1.0,-1.0,-1.0,1.0,1.0,-1.0	1.4307015,-0.18293037,1.455847,-1.2112252,-0.85343885,0.4344744,1.098738,-0.5462839
../data/train_data_mmini/3/Train_0011.jpg	3	1.0,-1.0,1.0,-1.0,-1.0,1.0,1.0,-1.0	2.0147235,-0.4284977,2.0452077,-1.8655012,-1.190957,1.1712698,1.4813464,-0.49891463
../data/train_data_mmini/3/Train_0012.jpg	3	1.0,-1.0,1.0,-1.0,-1.0,1.0,1.0,-1.0	2.1441383,-0.6887989,2.2477465,-1.8989041,-1.2714106,0.810949,1.6019897,-0.473153
../data/train_data_mmini/3/Train_0013.jpg	3	1.0,-1.0,1.0,-1.0,-1.0,1.0,1.0,-1.0	2.2582607,-0.15435876,2.187059,-1.9569532,-1.571298,0.73727936,1.514903,-0.5136727
../data/train_data_mmini/3/Train_0014.jpg	3	1.0,-1.0,1.0,-1.0,-1.0,1.0,1.0,-1.0	1.8200092,-0.28451377,1.8908185,-1.484803,-1.0192834,0.71030754,1.3012197,-0.52067983
../data/train_data_mmini/4/Train_0015.jpg	4	1.0,-1.0,1.0,-1.0,-1.0,1.0,1.0,-1.0	1.4751701,-0.11152521,1.7546422,-1.3091605,-1.11143,0.70447534,1.1275277,-0.5743179
../data/train_data_mmini/4/Train_0016.jpg	4	1.0,-1.0,1.0,-1.0,-1.0,1.0,1.0,-1.0	1.4591647,-0.26256233,1.6461654,-1.0224829,-0.9394484,0.3896147,1.1067914,-0.408025
../data/train_data_mmini/4/Train_0017.jpg	4	1.0,-1.0,1.0,-1.0,-1.0,1.0,1.0,-1.0	2.417891,-0.28810462,2.3751948,-1.9561521,-1.4742817,0.84770834,1.7020881,-0.3625778
../data/train_data_mmini/4/Train_0018.jpg	4	1.0,-1.0,1.0,-1.0,-1.0,1.0,1.0,-1.0	1.1730902,-0.101778455,1.2774165,-0.89679277,-0.8878326,0.2355871,0.9183009,-0.53213733
../data/train_data_mmini/4/Train_0019.jpg	4	1.0,-1.0,1.0,-1.0,-1.0,1.0,1.0,-1.0	2.2496164,-0.11615039,2.141822,-1.9404819,-1.2502548,0.8668204,1.4555314,-0.35547462
../data/train_data_mmini/5/Train_0020.jpg	5	1.0,-1.0,1.0,-1.0,-1.0,1.0,1.0,-1.0	0.95916545,-0.12797533,1.4088999,-0.9291497,-0.5951157,0.4780984,0.6937607,-0.46869546
../data/train_data_mmini/5/Train_0021.jpg	5	1.0,1.0,1.0,-1.0,-1.0,1.0,1.0,-1.0	1.7395972,0.018236283,2.1666174,-1.7077994,-1.2228802,0.97937185,1.2787613,-0.70195043
../data/train_data_mmini/5/Train_0022.jpg	5	1.0,-1.0,1.0,-1.0,-1.0,1.0,1.0,-1.0	0.87066376,-0.018891772,1.1664177,-0.79788995,-0.5053456,0.564841,0.5458778,-0.3505661
../data/train_data_mmini/5/Train_0023.jpg	5	1.0,1.0,1.0,-1.0,-1.0,1.0,1.0,-1.0	0.6334898,0.057429515,1.1119627,-0.72014123,-0.44690144,0.49230537,0.4128642,-0.4354024
../data/train_data_mmini/5/Train_0024.jpg	5	1.0,-1.0,1.0,-1.0,-1.0,1.0,1.0,-1.0	1.3626962,-0.11384921,1.7415872,-1.2944468,-1.0036922,0.8083101,1.050293,-0.5645007
../data/train_data_mmini/6/Train_0025.jpg	6	1.0,-1.0,1.0,-1.0,-1.0,1.0,1.0,-1.0	2.293585,-0.23645952,2.1375058,-2.0513983,-1.4406673,0.9527818,1.6368139,-0.4886028
../data/train_data_mmini/6/Train_0026.jpg	6	1.0,-1.0,1.0,-1.0,-1.0,1.0,1.0,-1.0	1.3473748,-0.20592389,1.5876278,-1.0097321,-0.8640485,0.509645,1.0413395,-0.5009624
../data/train_data_mmini/6/Train_0027.jpg	6	1.0,-1.0,1.0,-1.0,-1.0,1.0,1.0,-1.0	1.8495185,-0.44015017,1.6743528,-1.2923797,-0.9957917,0.56541616,1.3238126,-0.3941841
../data/train_data_mmini/6/Train_0028.jpg	6	1.0,1.0,1.0,-1.0,-1.0,1.0,1.0,-1.0	1.3310789,0.0025432357,1.6055979,-1.2408768,-0.8175844,0.81485784,1.0134187,-0.44252217
../data/train_data_mmini/6/Train_0029.jpg	6	1.0,-1.0,1.0,-1.0,-1.0,1.0,1.0,-1.0	2.0289812,-0.0750118,1.8473475,-1.6428769,-1.3321344,0.5268072,1.4319875,-0.54307365
../data/train_data_mmini/7/Train_0030.jpg	7	1.0,-1.0,1.0,-1.0,-1.0,1.0,1.0,-1.0	1.4214126,-0.10164008,1.6696646,-1.1915299,-0.9488339,0.6065938,0.9976333,-0.31206697
../data/train_data_mmini/7/Train_0031.jpg	7	1.0,-1.0,1.0,-1.0,-1.0,1.0,1.0,-1.0	2.0195837,-0.27084336,2.1410923,-1.5232754,-1.4030478,0.46039167,1.4920342,-0.63968676
../data/train_data_mmini/7/Train_0032.jpg	7	1.0,-1.0,1.0,-1.0,-1.0,1.0,1.0,-1.0	2.6754053,-0.51906884,2.5572045,-2.0030425,-1.6744242,0.9104318,2.0430148,-0.56692874
../data/train_data_mmini/7/Train_0033.jpg	7	1.0,-1.0,1.0,-1.0,-1.0,1.0,1.0,-1.0	1.3120244,-0.25742048,1.4559201,-0.90163004,-0.7798926,0.41675773,0.9760558,-0.23187947
../data/train_data_mmini/7/Train_0034.jpg	7	1.0,-1.0,1.0,-1.0,-1.0,1.0,1.0,-1.0	2.1405666,-0.48226368,2.296155,-2.2806087,-0.9608077,1.3340822,1.7164558,-0.5427654
../data/train_data_mmini/8/Train_0035.jpg	8	1.0,-1.0,1.0,-1.0,-1.0,1.0,1.0,-1.0	1.5846508,-0.03249612,1.5724803,-1.3138871,-1.050211,0.60107076,1.0873185,-0.4401468
../data/train_data_mmini/8/Train_0036.jpg	8	1.0,-1.0,1.0,-1.0,-1.0,1.0,1.0,-1.0	1.8555555,-0.1523871,1.8122686,-1.378905,-1.2178557,0.59506524,1.3077126,-0.46309832
../data/train_data_mmini/8/Train_0037.jpg	8	1.0,-1.0,1.0,-1.0,-1.0,1.0,1.0,-1.0	2.2355359,-0.18586661,2.3085804,-1.7673769,-1.4840027,0.9623236,1.6667928,-0.6761089
../data/train_data_mmini/8/Train_0038.jpg	8	1.0,-1.0,1.0,-1.0,-1.0,1.0,1.0,-1.0	1.943208,-0.23096076,2.0297077,-1.6149634,-1.294872,0.61739635,1.4568372,-0.6238693
../data/train_data_mmini/8/Train_0039.jpg	8	1.0,-1.0,1.0,-1.0,-1.0,1.0,1.0,-1.0	1.9211258,-0.112805836,1.779155,-1.5548024,-1.2422391,0.7745018,1.3210852,-0.45738152
../data/train_data_mmini/9/Train_0040.jpg	9	1.0,1.0,1.0,-1.0,-1.0,1.0,1.0,-1.0	1.4242274,0.041835606,1.7846751,-1.2753597,-0.9859987,0.8873543,0.96684295,-0.54629284
../data/train_data_mmini/9/Train_0041.jpg	9	1.0,-1.0,1.0,-1.0,-1.0,1.0,1.0,-1.0	1.8229421,-0.5708991,1.7815081,-1.4070488,-0.99941146,0.5131369,1.3539629,-0.37395874
../data/train_data_mmini/9/Train_0042.jpg	9	1.0,-1.0,1.0,-1.0,-1.0,1.0,1.0,-1.0	1.7740359,-0.116095744,2.2041752,-1.7232583,-1.3158243,0.9922699,1.4303025,-0.7552704
../data/train_data_mmini/9/Train_0043.jpg	9	1.0,1.0,1.0,-1.0,-1.0,1.0,1.0,-1.0	1.3811424,0.09467931,1.5018368,-1.2259122,-0.88882154,0.67806137,0.81840557,-0.4280974
../data/train_data_mmini/9/Train_0044.jpg	9	1.0,-1.0,1.0,-1.0,-1.0,1.0,1.0,-1.0	2.200052,-0.2261914,2.1793716,-1.8681018,-1.3982692,0.7319676,1.5582476,-0.5814396
../data/train_data_mmini/10/Train_0045.jpg	10	1.0,-1.0,1.0,-1.0,-1.0,1.0,1.0,-1.0	2.2922323,-0.27078837,1.9799378,-1.6148254,-1.4361327,0.7229068,1.5394571,-0.44904196
../data/train_data_mmini/10/Train_0046.jpg	10	1.0,-1.0,1.0,-1.0,-1.0,1.0,1.0,-1.0	2.216188,-0.21346182,2.1002715,-1.8782487,-1.2591598,0.93745124,1.573306,-0.47797918
../data/train_data_mmini/10/Train_0047.jpg	10	1.0,-1.0,1.0,-1.0,-1.0,1.0,1.0,-1.0	2.7501128,-0.21867275,2.722557,-2.4944444,-1.7479011,1.1277142,2.0347316,-0.67976415
../data/train_data_mmini/10/Train_0048.jpg	10	1.0,-1.0,1.0,-1.0,-1.0,1.0,1.0,-1.0	2.4997478,-0.44241697,2.2033792,-1.8978541,-1.4621557,0.6591401,1.697053,-0.47976628
../data/train_data_mmini/10/Train_0049.jpg	10	1.0,-1.0,1.0,-1.0,-1.0,1.0,1.0,-1.0	2.0693295,-0.11097114,2.0235014,-1.7581909,-1.3939836,0.9886761,1.4141061,-0.5755146
