../data/train_data_mmini/1/Train_0000.jpg	1	1.0,-1.0,1.0,-1.0,-1.0,1.0,1.0,-1.0	1.3919793,-0.94985753,0.74050313,-3.1612554,-0.025930613,1.2417938,2.0283225,-0.9407502
../data/train_data_mmini/1/Train_0001.jpg	1	1.0,-1.0,1.0,1.0,-1.0,1.0,-1.0,1.0	1.3485421,-2.674562,2.2792215,0.23272756,-2.4078233,2.621317,-0.9595494,0.8585401
../data/train_data_mmini/1/Train_0002.jpg	1	1.0,-1.0,-1.0,-1.0,-1.0,1.0,-1.0,1.0	4.1478424,-0.36075377,-0.40157536,-2.7758436,-0.7555071,0.30897802,-1.1804289,0.7646182
../data/train_data_mmini/1/Train_0003.jpg	1	1.0,-1.0,1.0,-1.0,-1.0,1.0,1.0,-1.0	0.5301471,-2.3327293,2.8569596,-2.3536987,-1.1806316,0.3382728,2.9963508,-0.20136781
../data/train_data_mmini/1/Train_0004.jpg	1	1.0,-1.0,1.0,1.0,-1.0,1.0,1.0,-1.0	1.256386,-0.3747598,1.4376717,0.622642,-2.3081431,1.6431143,2.2561347,-2.7421815
../data/train_data_mmini/2/Train_0005.jpg	2	-1.0,-1.0,-1.0,1.0,1.0,-1.0,-1.0,1.0	-0.52867836,-0.26788142,-0.47466853,0.8935467,0.2975452,-0.4174783,-1.0770621,1.2391715
../data/train_data_mmini/2/Train_0006.jpg	2	1.0,1.0,1.0,1.0,-1.0,-1.0,1.0,-1.0	2.0456789,2.6209195,1.6948445,1.061632,-0.08804805,-2.4499578,2.0886075,-0.7915659
../data/train_data_mmini/2/Train_0007.jpg	2	-1.0,-1.0,-1.0,-1.0,1.0,1.0,1.0,-1.0	-0.045377634,-1.3352381,-1.0317935,-0.9895978,2.0330274,1.5101267,3.3217351,-2.9134536
../data/train_data_mmini/2/Train_0008.jpg	2	1.0,1.0,-1.0,-1.0,1.0,-1.0,-1.0,-1.0	0.5115077,2.3272767,-1.1985253,-0.8019908,0.27776262,-0.95705646,-1.1275119,-3.4294667
../data/train_data_mmini/2/Train_0009.jpg	2	-1.0,1.0,-1.0,-1.0,1.0,1.0,1.0,1.0	-2.8384397,0.5614877,-0.92626995,-1.0077695,2.8533905,0.6272645,0.7989793,2.0254006
../data/train_data_mmini/3/Train_0010.jpg	3	-1.0,1.0,-1.0,1.0,-1.0,-1.0,-1.0,-1.0	-2.7020197,0.64351106,-0.52531826,4.2859483,-0.7973254,-0.49549294,-0.13110086,-1.2240072
../data/train_data_mmini/3/Train_0011.jpg	3	1.0,1.0,-1.0,-1.0,-1.0,1.0,-1.0,1.0	2.3980293,0.7390923,-3.398712,-0.3056799,-1.517861,1.9372141,-1.3822544,0.676483
../data/train_data_mmini/3/Train_0012.jpg	3	1.0,-1.0,1.0,1.0,-1.0,1.0,1.0,1.0	4.428867,-0.46427438,1.5072222,0.13753283,-2.4042854,3.7991593,2.3082159,3.7041996
../data/train_data_mmini/3/Train_0013.jpg	3	1.0,1.0,1.0,1.0,-1.0,-1.0,-1.0,1.0	1.9022138,2.3908405,0.5575564,0.16608804,-0.9946422,-1.7397697,-1.9453996,0.5363812
../data/train_data_mmini/3/Train_0014.jpg	3	1.0,1.0,-1.0,1.0,-1.0,-1.0,-1.0,-1.0	0.44712946,0.24673867,-0.30061072,2.1290755,-0.41205755,-0.41549277,-3.0647252,-0.47810346
../data/train_data_mmini/4/Train_0015.jpg	4	1.0,1.0,-1.0,-1.0,-1.0,1.0,1.0,-1.0	1.3059206,2.2750568,-0.18309258,-3.943502,-0.6137538,0.99065393,1.7543788,-0.7429423
../data/train_data_mmini/4/Train_0016.jpg	4	-1.0,-1.0,1.0,-1.0,1.0,-1.0,-1.0,1.0	-0.09585975,-2.8551955,0.022977296,-3.6514583,0.16103414,-1.8625938,-2.9055395,2.1835237
../data/train_data_mmini/4/Train_0017.jpg	4	1.0,1.0,-1.0,1.0,-1.0,-1.0,-1.0,1.0	3.4971507,0.84249187,-0.67117834,0.15282717,-1.0150086,-0.5385993,-0.3051372,3.7876668
../data/train_data_mmini/4/Train_0018.jpg	4	-1.0,-1.0,-1.0,-1.0,1.0,1.0,-1.0,-1.0	-2.8238919,-0.38470638,-1.2155466,-0.60071284,0.31005627,0.022349482,-1.3417144,-0.52363396
../data/train_data_mmini/4/Train_0019.jpg	4	1.0,1.0,1.0,1.0,-1.0,-1.0,1.0,1.0	4.1355233,1.8149854,3.0937097,3.0422056,-1.2573603,-1.1663598,0.30771968,1.0855957
../data/train_data_mmini/5/Train_0020.jpg	5	1.0,-1.0,1.0,-1.0,-1.0,1.0,-1.0,-1.0	1.2549741,-3.4946594,3.7244198,-0.23539811,-0.9360507,1.5168408,-0.44443727,-0.053551238
../data/train_data_mmini/5/Train_0021.jpg	5	-1.0,1.0,1.0,-1.0,-1.0,-1.0,1.0,-1.0	-0.19111317,2.8886352,0.5408331,-3.225,-2.7771165,-0.37082285,0.13792014,-3.5361311
../data/train_data_mmini/5/Train_0022.jpg	5	1.0,1.0,1.0,1.0,1.0,1.0,1.0,-1.0	0.44864976,0.46458456,0.17151119,1.22286,2.7637017,0.55492806,2.5780716,-2.0291488
../data/train_data_mmini/5/Train_0023.jpg	5	-1.0,-1.0,1.0,-1.0,-1.0,1.0,1.0,-1.0	-1.6000535,-1.5519632,2.7940035,-1.5810047,-0.37801817,1.1783379,3.1790268,-2.3376331
../data/train_data_mmini/5/Train_0024.jpg	5	-1.0,1.0,-1.0,-1.0,-1.0,1.0,1.0,-1.0	-0.2362377,0.257067,-1.1746001,-1.8514781,-1.1757965,0.6799657,3.2587633,-1.0309495
../data/train_data_mmini/6/Train_0025.jpg	6	1.0,1.0,-1.0,1.0,-1.0,-1.0,1.0,1.0	2.0117633,0.31479007,-1.9737978,2.4808996,-0.19134107,-3.8941731,2.4461308,3.0597157
../data/train_data_mmini/6/Train_0026.jpg	6	-1.0,-1.0,-1.0,1.0,-1.0,1.0,1.0,1.0	-1.2074548,-2.340518,-1.6355228,0.34192187,-0.21931258,0.50487804,1.4066812,1.2648419
../data/train_data_mmini/6/Train_0027.jpg	6	-1.0,-1.0,-1.0,1.0,1.0,-1.0,-1.0,1.0	-2.315398,-0.351178,-1.8108532,2.264096,0.47034094,-0.57969534,-1.0783709,2.4447613
../data/train_data_mmini/6/Train_0028.jpg	6	1.0,-1.0,-1.0,1.0,1.0,-1.0,-1.0,-1.0	1.3130404,-0.8357304,-3.7742321,0.39268944,0.28700483,-0.26548472,-1.981556,-1.3871607
../data/train_data_mmini/6/Train_0029.jpg	6	-1.0,1.0,-1.0,1.0,1.0,-1.0,1.0,1.0	-0.4814129,3.2173696,-2.0670402,0.41402918,1.8816823,-2.5546114,3.1381192,2.6727462
../data/train_data_mmini/7/Train_0030.jpg	7	1.0,-1.0,1.0,-1.0,1.0,-1.0,1.0,1.0	0.33435926,-0.44320464,0.51316845,-2.4382234,2.4158533,-0.67911375,1.7664584,2.5701122
../data/train_data_mmini/7/Train_0031.jpg	7	1.0,-1.0,-1.0,1.0,1.0,-1.0,-1.0,1.0	0.39239284,-0.82212156,-1.1210222,0.1310983,0.3177785,-2.5554209,-1.1132957,1.6496048
../data/train_data_mmini/7/Train_0032.jpg	7	-1.0,1.0,-1.0,1.0,-1.0,1.0,-1.0,1.0	-0.18941757,1.3218962,-1.9554445,2.0240326,-2.6126113,0.004982306,-3.9473083,1.8978425
../data/train_data_mmini/7/Train_0033.jpg	7	-1.0,-1.0,-1.0,1.0,1.0,1.0,1.0,1.0	-0.8084449,-1.5230341,-0.92974985,1.4429152,1.9934316,0.60127956,1.8610146,2.194347
../data/train_data_mmini/7/Train_0034.jpg	7	-1.0,1.0,-1.0,1.0,-1.0,-1.0,-1.0,-1.0	-0.41507822,0.7194628,-4.459072,4.2399135,-2.8812118,-0.40690285,-1.4689705,-1.674592
../data/train_data_mmini/8/Train_0035.jpg	8	-1.0,1.0,-1.0,1.0,1.0,1.0,1.0,-1.0	-2.194964,3.7022507,-2.8869982,0.8221497,2.9916172,0.12530662,1.5555118,-0.01879688
../data/train_data_mmini/8/Train_0036.jpg	8	-1.0,1.0,-1.0,1.0,1.0,-1.0,1.0,1.0	-0.08206288,0.109760955,-3.693063,1.2717606,3.5438967,-2.1096237,0.07047293,2.646353
../data/train_data_mmini/8/Train_0037.jpg	8	-1.0,1.0,-1.0,-1.0,-1.0,-1.0,-1.0,1.0	-1.5772511,0.6498778,-4.994287,-0.65915793,-0.22334194,-0.5599957,-1.2219701,1.8531814
../data/train_data_mmini/8/Train_0038.jpg	8	1.0,1.0,-1.0,-1.0,1.0,-1.0,-1.0,1.0	0.022889666,1.2805597,-1.0642235,-0.89209527,0.55744994,-2.619856,-0.18321893,0.75577176
../data/train_data_mmini/8/Train_0039.jpg	8	-1.0,1.0,-1.0,1.0,1.0,1.0,1.0,1.0	-1.0830035,3.9771957,-3.6629336,1.7983028,3.5094724,1.1073934,1.6803848,2.7607481
../data/train_data_mmini/9/Train_0040.jpg	9	1.0,1.0,-1.0,-1.0,1.0,1.0,1.0,-1.0	1.5999821,1.9291675,-0.81836516,-2.124895,0.08549776,2.0581481,1.2527544,-1.4929763
../data/train_data_mmini/9/Train_0041.jpg	9	1.0,-1.0,-1.0,1.0,1.0,1.0,-1.0,1.0	0.46915483,-2.521508,-0.42094252,3.2064433,0.5256866,1.321937,-2.8761957,2.344602
../data/train_data_mmini/9/Train_0042.jpg	9	1.0,1.0,-1.0,-1.0,-1.0,1.0,1.0,-1.0	1.7524173,1.8282272,-0.5820052,-2.9233844,-3.1451335,1.2811244,0.4877092,-1.6014796
../data/train_data_mmini/9/Train_0043.jpg	9	-1.0,1.0,-1.0,1.0,1.0,1.0,1.0,-1.0	-0.9709702,3.1880336,-0.011775054,0.18842089,2.205141,0.05948621,0.46737546,-2.223449
../data/train_data_mmini/9/Train_0044.jpg	9	1.0,1.0,1.0,1.0,-1.0,-1.0,1.0,1.0	1.547186,2.6611438,1.0453281,0.38037184,-0.6487716,-0.46097168,2.6588123,3.0619144
../data/train_data_mmini/10/Train_0045.jpg	10	-1.0,1.0,-1.0,1.0,1.0,-1.0,1.0,1.0	-2.317579,3.1241653,-5.6973953,3.8198428,3.4724197,-0.518493,0.24839987,3.9717672
../data/train_data_mmini/10/Train_0046.jpg	10	1.0,1.0,-1.0,1.0,-1.0,1.0,-1.0,1.0	0.23673181,3.585949,-2.6945665,0.22257033,-0.46745262,0.13636437,-0.17260712,2.8460205
../data/train_data_mmini/10/Train_0047.jpg	10	-1.0,1.0,-1.0,1.0,1.0,-1.0,-1.0,1.0	-0.19095647,3.0077724,-5.481732,3.0703688,0.021498717,-3.5845597,-0.10974352,1.4545723
../data/train_data_mmini/10/Train_0048.jpg	10	1.0,1.0,-1.0,1.0,1.0,-1.0,1.0,1.0	1.0875937,3.5117986,-2.4555657,4.4180303,2.659456,-0.5272633,1.5901792,4.43529
../data/train_data_mmini/10/Train_0049.jpg	10	-1.0,1.0,-1.0,1.0,1.0,-1.0,1.0,1.0	-1.1333584,4.05374,-4.843248,2.1831708,1.8492342,-0.38593322,1.4596394,1.9585032
