../data/train_data_mmini/1/Train_0000.jpg	1	-1.0,1.0,-1.0,1.0,-1.0,1.0,1.0,1.0	-7.4279976,5.6922593,-5.4088163,4.0602055,-6.799282,1.275957,3.9484873,2.6321132
../data/train_data_mmini/1/Train_0001.jpg	1	-1.0,1.0,-1.0,1.0,-1.0,1.0,1.0,1.0	-7.6976323,5.9548006,-5.320467,4.5698795,-7.255692,1.1798518,4.015574,2.8189898
../data/train_data_mmini/1/Train_0002.jpg	1	-1.0,1.0,-1.0,1.0,-1.0,1.0,1.0,1.0	-5.5256057,4.1103716,-4.563738,3.0656767,-4.941115,0.84962547,3.4481206,1.9397564
../data/train_data_mmini/1/Train_0003.jpg	1	-1.0,1.0,-1.0,1.0,-1.0,1.0,1.0,1.0	-7.5384345,6.1877484,-5.2913766,4.3984485,-7.6484466,0.77309775,3.987088,2.914337
../data/train_data_mmini/1/Train_0004.jpg	1	-1.0,1.0,-1.0,1.0,-1.0,1.0,1.0,1.0	-8.173009,6.082015,-5.7758555,4.044321,-7.4186807,1.1277097,4.3178144,3.0498462
../data/train_data_mmini/2/Train_0005.jpg	2	-1.0,1.0,-1.0,1.0,-1.0,1.0,1.0,1.0	-7.666932,5.7465773,-5.2526793,4.0818663,-7.436838,1.0544437,4.0523453,2.5364144
../data/train_data_mmini/2/Train_0006.jpg	2	-1.0,1.0,-1.0,1.0,-1.0,1.0,1.0,1.0	-6.412056,5.2457447,-4.8018746,3.5490808,-6.2743297,0.618176,3.9308965,2.3986764
../data/train_data_mmini/2/Train_0007.jpg	2	-1.0,1.0,-1.0,1.0,-1.0,1.0,1.0,1.0	-8.868327,6.6734605,-6.007598,4.6027694,-8.407649,1.1765393,4.378102,3.0613003
../data/train_data_mmini/2/Train_0008.jpg	2	-1.0,1.0,-1.0,1.0,-1.0,1.0,1.0,1.0	-7.372092,5.233965,-5.2441974,3.4706275,-6.648836,1.258111,3.7915573,2.5656903
../data/train_data_mmini/2/Train_0009.jpg	2	-1.0,1.0,-1.0,1.0,-1.0,1.0,1.0,1.0	-9.653189,7.190243,-6.777374,4.9428267,-8.388511,1.730435,4.984486,2.833367
../data/train_data_mmini/3/Train_0010.jpg	3	-1.0,1.0,-1.0,1.0,-1.0,1.0,1.0,1.0	-6.7558103,4.931595,-4.536783,3.846594,-7.0335197,0.5913595,3.3643408,2.2060978
../data/train_data_mmini/3/Train_0011.jpg	3	-1.0,1.0,-1.0,1.0,-1.0,1.0,1.0,1.0	-6.8197136,4.2749944,-5.2489223,3.103868,-4.686643,1.7764773,3.6248171,1.9548938
../data/train_data_mmini/3/Train_0012.jpg	3	-1.0,1.0,-1.0,1.0,-1.0,1.0,1.0,1.0	-7.598611,6.0872927,-5.515581,3.666108,-6.262325,0.8238191,4.390069,2.7089717
../data/train_data_mmini/3/Train_0013.jpg	3	-1.0,1.0,-1.0,1.0,-1.0,1.0,1.0,1.0	-7.158812,5.5539937,-5.0942845,3.541807,-6.9247746,0.8325408,4.144253,2.5394425
../data/train_data_mmini/3/Train_0014.jpg	3	-1.0,1.0,-1.0,1.0,-1.0,1.0,1.0,1.0	-8.221416,5.854756,-5.7625446,3.8047848,-6.9545226,1.464857,4.306474,2.540635
../data/train_data_mmini/4/Train_0015.jpg	4	-1.0,1.0,-1.0,1.0,-1.0,1.0,1.0,1.0	-7.235903,5.3091245,-5.326903,3.504563,-6.234028,0.98352945,3.999322,2.8001173
../data/train_data_mmini/4/Train_0016.jpg	4	-1.0,1.0,-1.0,1.0,-1.0,1.0,1.0,1.0	-5.9917355,4.7475996,-4.096514,3.6841779,-6.037302,1.037454,3.30973,2.0427172
../data/train_data_mmini/4/Train_0017.jpg	4	-1.0,1.0,-1.0,1.0,-1.0,1.0,1.0,1.0	-6.787546,5.374059,-5.110927,4.0657835,-5.88446,1.2445204,3.863275,2.1033096
../data/train_data_mmini/4/Train_0018.jpg	4	-1.0,1.0,-1.0,1.0,-1.0,1.0,1.0,1.0	-6.4701076,4.6410656,-4.6644254,3.4682612,-5.6386437,1.3249552,3.315723,2.1645257
../data/train_data_mmini/4/Train_0019.jpg	4	-1.0,1.0,-1.0,1.0,-1.0,-1.0,1.0,1.0	-6.725682,5.613822,-4.660503,3.9532733,-7.6469297,-0.022229854,4.064109,2.7811081
../data/train_data_mmini/5/Train_0020.jpg	5	-1.0,1.0,-1.0,1.0,-1.0,1.0,1.0,1.0	-8.246473,6.7020965,-5.6300006,4.5440664,-8.208457,0.8808133,4.2940702,3.2371414
../data/train_data_mmini/5/Train_0021.jpg	5	-1.0,1.0,-1.0,1.0,-1.0,1.0,1.0,1.0	-9.347647,6.7442546,-6.8388915,4.1240215,-7.779896,1.6016436,4.9971933,3.430479
../data/train_data_mmini/5/Train_0022.jpg	5	-1.0,1.0,-1.0,1.0,-1.0,1.0,1.0,1.0	-8.553575,6.5029874,-5.7878585,4.1976523,-8.15011,0.882076,4.2029305,2.9722717
../data/train_data_mmini/5/Train_0023.jpg	5	-1.0,1.0,-1.0,1.0,-1.0,1.0,1.0,1.0	-7.943004,6.283713,-5.520928,4.177606,-7.483148,0.92880493,3.9906092,3.0440407
../data/train_data_mmini/5/Train_0024.jpg	5	-1.0,1.0,-1.0,1.0,-1.0,1.0,1.0,1.0	-8.694078,6.560947,-6.2104683,4.278818,-7.7245507,1.0670495,4.73048,3.0387099
../data/train_data_mmini/6/Train_0025.jpg	6	-1.0,1.0,-1.0,1.0,-1.0,1.0,1.0,1.0	-7.315293,5.9029174,-5.001517,3.9024758,-7.7638187,0.23971146,4.3446326,2.2535827
../data/train_data_mmini/6/Train_0026.jpg	6	-1.0,1.0,-1.0,1.0,-1.0,1.0,1.0,1.0	-7.7061014,5.8397155,-5.5688076,5.1385946,-7.0928173,1.5041504,3.7511492,2.558159
../data/train_data_mmini/6/Train_0027.jpg	6	-1.0,1.0,-1.0,1.0,-1.0,1.0,1.0,1.0	-6.9958673,4.7742844,-4.705835,3.5905132,-6.2003536,1.1884986,3.5552,1.9970815
../data/train_data_mmini/6/Train_0028.jpg	6	-1.0,1.0,-1.0,1.0,-1.0,1.0,1.0,1.0	-7.3825965,4.8482747,-5.270185,3.609896,-5.882906,1.6533406,3.7383058,2.3060718
../data/train_data_mmini/6/Train_0029.jpg	6	-1.0,1.0,-1.0,1.0,-1.0,1.0,1.0,1.0	-7.350031,6.04658,-5.2009897,4.428395,-7.8171678,0.650824,4.256265,2.1216733
../data/train_data_mmini/7/Train_0030.jpg	7	-1.0,1.0,-1.0,1.0,-1.0,1.0,1.0,1.0	-8.987477,6.9301634,-6.113936,4.9126406,-8.38581,1.3412265,4.655024,3.034484
../data/train_data_mmini/7/Train_0031.jpg	7	-1.0,1.0,-1.0,1.0,-1.0,1.0,1.0,1.0	-9.42776,7.2873945,-6.6133265,4.9528003,-8.625654,1.4733225,4.918694,2.9803572
../data/train_data_mmini/7/Train_0032.jpg	7	-1.0,1.0,-1.0,1.0,-1.0,1.0,1.0,1.0	-8.563378,5.4896803,-6.245097,3.4701684,-6.2292066,1.9540917,4.4281673,2.4531562
../data/train_data_mmini/7/Train_0033.jpg	7	-1.0,1.0,-1.0,1.0,-1.0,1.0,1.0,1.0	-8.488748,6.3646555,-5.8164845,4.9369946,-7.905125,1.3105648,4.2895656,2.4756398
../data/train_data_mmini/7/Train_0034.jpg	7	-1.0,1.0,-1.0,1.0,-1.0,1.0,1.0,1.0	-7.69274,4.5571313,-5.4601808,3.0098317,-6.2671933,1.5004387,4.037008,2.185954
../data/train_data_mmini/8/Train_0035.jpg	8	-1.0,1.0,-1.0,1.0,-1.0,1.0,1.0,1.0	-9.059426,6.407879,-6.1672554,3.9844038,-7.7723594,1.4005334,4.499004,2.5431173
../data/train_data_mmini/8/Train_0036.jpg	8	-1.0,1.0,-1.0,1.0,-1.0,1.0,1.0,1.0	-9.569344,6.944577,-6.476268,5.0018725,-8.559859,1.4717828,4.941289,2.538792
../data/train_data_mmini/8/Train_0037.jpg	8	-1.0,1.0,-1.0,1.0,-1.0,1.0,1.0,1.0	-9.375087,6.5407786,-6.4730797,5.2168317,-8.020769,1.8608952,4.804617,2.7251112
../data/train_data_mmini/8/Train_0038.jpg	8	-1.0,1.0,-1.0,1.0,-1.0,1.0,1.0,1.0	-8.440996,6.136148,-5.837084,4.030932,-7.766036,1.0916654,4.3446126,2.5690968
../data/train_data_mmini/8/Train_0039.jpg	8	-1.0,1.0,-1.0,1.0,-1.0,1.0,1.0,1.0	-9.58445,6.8655157,-6.600864,4.507564,-8.283352,1.5269135,4.9476023,2.4455295
../data/train_data_mmini/9/Train_0040.jpg	9	-1.0,1.0,-1.0,1.0,-1.0,1.0,1.0,1.0	-9.545216,7.090775,-6.7125483,4.919677,-8.663567,1.319839,5.0746017,3.411428
../data/train_data_mmini/9/Train_0041.jpg	9	-1.0,1.0,-1.0,1.0,-1.0,1.0,1.0,1.0	-8.391792,6.323806,-5.5417633,4.6898575,-7.9915786,1.313046,4.396493,2.618162
../data/train_data_mmini/9/Train_0042.jpg	9	-1.0,1.0,-1.0,1.0,-1.0,1.0,1.0,1.0	-7.8764534,6.017633,-5.7423053,4.0184298,-7.2789125,0.94664115,4.63288,3.1422918
../data/train_data_mmini/9/Train_0043.jpg	9	-1.0,1.0,-1.0,1.0,-1.0,1.0,1.0,1.0	-9.37041,6.9184403,-6.416453,4.6074066,-8.645866,1.3505404,4.8814125,3.2314456
../data/train_data_mmini/9/Train_0044.jpg	9	-1.0,1.0,-1.0,1.0,-1.0,1.0,1.0,1.0	-8.286984,6.855669,-5.8522854,4.3970985,-8.268679,0.62234944,4.745454,2.947848
../data/train_data_mmini/10/Train_0045.jpg	10	-1.0,1.0,-1.0,1.0,-1.0,1.0,1.0,1.0	-8.567502,5.6536098,-5.6727242,3.827912,-7.455617,1.3974255,4.2180367,1.5689698
../data/train_data_mmini/10/Train_0046.jpg	10	-1.0,1.0,-1.0,1.0,-1.0,1.0,1.0,1.0	-5.3266425,3.6922102,-4.0228806,2.608078,-4.8224635,0.7605169,3.2386346,1.4343472
../data/train_data_mmini/10/Train_0047.jpg	10	-1.0,1.0,-1.0,1.0,-1.0,1.0,1.0,1.0	-9.927549,6.9506803,-6.840292,4.5138073,-8.843684,1.4573117,5.3462925,2.8020184
../data/train_data_mmini/10/Train_0048.jpg	10	-1.0,1.0,-1.0,1.0,-1.0,1.0,1.0,1.0	-8.437102,6.389838,-5.7734466,3.0623217,-8.288378,0.048421662,4.7439466,2.2188892
../data/train_data_mmini/10/Train_0049.jpg	10	-1.0,1.0,-1.0,1.0,-1.0,1.0,1.0,1.0	-9.5129795,6.685159,-6.5456104,4.36187,-8.195271,1.5475446,4.9273543,2.5708375
