../data/train_data_mmini/1/Train_0000.jpg	1	-1.0,1.0,1.0,1.0,-1.0,-1.0,-1.0,-1.0,-1.0,1.0,-1.0,1.0	-3.3411114,7.9957533,5.8924656,2.8055298,-2.5624242,-0.69556946,-0.48964897,-0.8771792,-0.8578937,1.4109179,-0.2852872,2.3008854
../data/train_data_mmini/1/Train_0001.jpg	1	-1.0,1.0,1.0,1.0,-1.0,-1.0,-1.0,-1.0,-1.0,1.0,-1.0,1.0	-2.800847,7.4210424,4.955544,2.6023314,-2.6347232,-0.48075873,-0.36139014,-0.57142437,-0.80781084,0.76898634,-0.15411869,1.7362942
../data/train_data_mmini/1/Train_0002.jpg	1	-1.0,1.0,1.0,1.0,-1.0,-1.0,-1.0,-1.0,-1.0,1.0,-1.0,1.0	-2.3126907,5.9591436,4.22221,2.1768982,-1.7479668,-0.23876154,-0.3328059,-0.7067707,-0.48883176,1.0805479,-0.06939686,2.0157254
../data/train_data_mmini/1/Train_0003.jpg	1	-1.0,1.0,1.0,1.0,-1.0,-1.0,-1.0,-1.0,-1.0,1.0,-1.0,1.0	-3.3977745,8.286358,6.1957216,2.8455844,-2.5690224,-0.78517485,-0.3975995,-0.8347643,-0.885145,1.5638562,-0.30355075,2.40241
../data/train_data_mmini/1/Train_0004.jpg	1	-1.0,1.0,1.0,1.0,-1.0,-1.0,-1.0,-1.0,-1.0,1.0,-1.0,1.0	-3.323437,8.224789,5.83011,2.9465032,-2.5032253,-0.57240266,-0.37536708,-0.702452,-0.8960723,1.7104669,-0.2955097,2.2593029
../data/train_data_mmini/2/Train_0005.jpg	2	-1.0,1.0,1.0,1.0,-1.0,-1.0,-1.0,-1.0,-1.0,1.0,-1.0,1.0	-2.4266646,6.294525,4.438526,2.2609417,-1.8882955,-0.47820008,-0.28116515,-0.6164444,-0.44165087,1.1497482,-0.18183231,2.025226
../data/train_data_mmini/2/Train_0006.jpg	2	-1.0,1.0,1.0,1.0,-1.0,-1.0,-1.0,-1.0,-1.0,-1.0,1.0,1.0	-3.0145552,7.2151027,3.9996731,3.1512868,-2.758489,-0.33817783,-0.5650814,-0.70486665,-0.36072868,-0.15300336,0.13381374,1.4175333
../data/train_data_mmini/2/Train_0007.jpg	2	-1.0,1.0,1.0,1.0,-1.0,-1.0,-1.0,-1.0,-1.0,1.0,-1.0,1.0	-3.767354,8.862918,6.624254,3.2184875,-2.3956888,-0.49240643,-0.50240606,-0.82053405,-1.0677911,2.2235315,-0.16506004,2.836287
../data/train_data_mmini/2/Train_0008.jpg	2	-1.0,1.0,1.0,1.0,-1.0,1.0,-1.0,-1.0,-1.0,1.0,1.0,1.0	-2.5713449,6.5792704,4.261118,2.4808967,-1.9505134,0.2301361,-0.46037525,-0.7444839,-0.6112361,1.364877,0.026438441,1.9326357
../data/train_data_mmini/2/Train_0009.jpg	2	-1.0,1.0,1.0,1.0,-1.0,-1.0,-1.0,-1.0,-1.0,1.0,-1.0,1.0	-3.6559992,8.594874,6.5243134,2.959588,-2.956956,-1.0898287,-0.691067,-1.0237987,-1.0693684,1.328654,-0.34045127,2.2324436
../data/train_data_mmini/3/Train_0010.jpg	3	-1.0,1.0,1.0,1.0,-1.0,1.0,1.0,-1.0,-1.0,1.0,1.0,1.0	-1.6809434,5.36361,3.3262763,2.0619397,-1.3506434,0.6872471,0.23397277,-0.77390236,-0.5177594,0.8360451,0.4566865,1.835737
../data/train_data_mmini/3/Train_0011.jpg	3	-1.0,1.0,1.0,1.0,-1.0,-1.0,-1.0,-1.0,-1.0,1.0,-1.0,1.0	-2.201819,5.398131,4.2291703,1.8568472,-1.7829347,-0.9940007,-0.24370323,-0.3196068,-0.5364638,0.9978211,-0.4308507,1.5668198
../data/train_data_mmini/3/Train_0012.jpg	3	-1.0,1.0,1.0,1.0,-1.0,-1.0,-1.0,-1.0,-1.0,1.0,-1.0,1.0	-2.9032474,7.27819,5.776983,2.6962752,-2.7232242,-1.8235288,-0.46340522,-0.051438566,-0.72419035,0.83514076,-0.4198845,1.8464315
../data/train_data_mmini/3/Train_0013.jpg	3	-1.0,1.0,1.0,1.0,-1.0,-1.0,-1.0,-1.0,-1.0,1.0,-1.0,1.0	-2.5294666,6.527504,3.6452034,2.5831685,-2.4358144,-0.07356283,-0.4479018,-0.617896,-0.45030555,0.348623,-0.11375988,1.1557609
../data/train_data_mmini/3/Train_0014.jpg	3	-1.0,1.0,1.0,1.0,-1.0,-1.0,-1.0,-1.0,-1.0,1.0,-1.0,1.0	-2.821793,6.845751,4.714266,2.6621666,-2.1060278,-0.4590193,-0.39458168,-0.77453184,-0.69738644,0.9975976,-0.18369266,1.9896394
../data/train_data_mmini/4/Train_0015.jpg	4	-1.0,1.0,1.0,1.0,-1.0,-1.0,-1.0,-1.0,-1.0,1.0,-1.0,1.0	-3.054699,7.456435,5.341557,3.0813754,-2.1269934,-0.46876946,-0.60070324,-0.6056114,-0.57094836,1.7026616,-0.17752889,2.5510607
../data/train_data_mmini/4/Train_0016.jpg	4	-1.0,1.0,1.0,1.0,-1.0,-1.0,-1.0,-1.0,-1.0,1.0,-1.0,1.0	-1.882869,5.0361185,4.023717,1.4738734,-1.8480433,-0.5506879,-0.40874657,-0.4240665,-0.4522069,1.0148365,-0.37893862,1.3802345
../data/train_data_mmini/4/Train_0017.jpg	4	-1.0,1.0,1.0,1.0,-1.0,-1.0,-1.0,-1.0,-1.0,-1.0,-1.0,1.0	-2.775445,6.993872,3.8348627,2.8550365,-2.88928,-0.7123453,-0.5934521,-0.10967874,-0.50920635,-0.48064807,-0.15940583,0.9646711
../data/train_data_mmini/4/Train_0018.jpg	4	-1.0,1.0,1.0,1.0,-1.0,-1.0,-1.0,-1.0,-1.0,1.0,-1.0,1.0	-1.9392755,5.0948386,3.3954008,1.9018683,-1.5104812,-0.16498366,-0.110081695,-0.24563147,-0.4432504,0.93312335,-0.008749429,1.6886193
../data/train_data_mmini/4/Train_0019.jpg	4	-1.0,1.0,1.0,1.0,-1.0,1.0,-1.0,-1.0,-1.0,1.0,-1.0,1.0	-2.8565733,6.7055926,3.4786096,3.0617077,-2.4381182,0.12262702,-0.51239836,-0.6410945,-0.15111054,0.46726173,-0.16738735,1.2007617
../data/train_data_mmini/5/Train_0020.jpg	5	-1.0,1.0,1.0,1.0,-1.0,-1.0,-1.0,-1.0,-1.0,1.0,-1.0,1.0	-3.4396365,8.56604,6.1045957,3.0784295,-2.5420542,-0.5448315,-0.47135928,-0.6606521,-0.8960288,1.7437311,-0.20763507,2.5367923
../data/train_data_mmini/5/Train_0021.jpg	5	-1.0,1.0,1.0,1.0,-1.0,-1.0,-1.0,-1.0,-1.0,1.0,-1.0,1.0	-3.7024715,8.84373,6.56605,3.3033705,-2.6741955,-1.117435,-0.66435134,-0.8189402,-0.8968361,1.7385103,-0.519903,2.606389
../data/train_data_mmini/5/Train_0022.jpg	5	-1.0,1.0,1.0,1.0,-1.0,-1.0,-1.0,-1.0,-1.0,1.0,-1.0,1.0	-3.5443935,8.430078,6.0230565,3.0493941,-2.6072512,-0.37832803,-0.5509982,-0.8610652,-0.9389448,1.6446403,-0.08424611,2.383972
../data/train_data_mmini/5/Train_0023.jpg	5	-1.0,1.0,1.0,1.0,-1.0,-1.0,-1.0,-1.0,-1.0,1.0,-1.0,1.0	-3.601541,8.533973,6.4375052,3.0576088,-2.4821324,-0.8101838,-0.50212556,-0.8516626,-1.0391665,1.778367,-0.23825052,2.6376915
../data/train_data_mmini/5/Train_0024.jpg	5	-1.0,1.0,1.0,1.0,-1.0,-1.0,-1.0,-1.0,-1.0,1.0,-1.0,1.0	-3.5445108,8.329867,6.633862,3.0187247,-2.2351422,-1.119766,-0.38168222,-0.79134804,-0.9331892,2.085785,-0.38653052,2.8707716
../data/train_data_mmini/6/Train_0025.jpg	6	-1.0,1.0,1.0,1.0,-1.0,-1.0,-1.0,-1.0,-1.0,1.0,-1.0,1.0	-2.3339605,5.9236574,4.79379,1.7663518,-1.8090712,-0.9950821,-0.19936423,-0.9274613,-0.54214865,1.0616006,-0.36704415,1.9006742
../data/train_data_mmini/6/Train_0026.jpg	6	-1.0,1.0,1.0,1.0,-1.0,-1.0,-1.0,-1.0,-1.0,1.0,1.0,1.0	-3.1617763,7.9163747,4.725811,3.095521,-2.689318,-0.12034598,-0.43295613,-0.48303762,-0.76961356,0.66912884,0.11824473,1.7039651
../data/train_data_mmini/6/Train_0027.jpg	6	-1.0,1.0,1.0,1.0,-1.0,-1.0,-1.0,-1.0,-1.0,1.0,-1.0,1.0	-1.9768847,5.2874923,4.372226,1.4243864,-1.5910096,-0.9389058,-0.062467933,-0.7340216,-0.47573605,0.9566259,-0.27896416,1.639555
../data/train_data_mmini/6/Train_0028.jpg	6	-1.0,1.0,1.0,1.0,-1.0,-1.0,-1.0,-1.0,-1.0,1.0,-1.0,1.0	-2.5864472,6.407191,4.612735,2.278657,-2.0775933,-0.34602603,-0.3124809,-0.4305604,-0.66840464,1.2557625,-0.21140546,1.7197143
../data/train_data_mmini/6/Train_0029.jpg	6	-1.0,1.0,1.0,1.0,-1.0,-1.0,-1.0,-1.0,-1.0,1.0,-1.0,1.0	-2.8061159,6.9416575,4.861293,2.4462233,-2.2574859,-0.3524485,-0.36472842,-1.0646935,-0.6024211,1.0030487,-0.080186196,2.0957396
../data/train_data_mmini/7/Train_0030.jpg	7	-1.0,1.0,1.0,1.0,-1.0,-1.0,-1.0,-1.0,-1.0,1.0,-1.0,1.0	-3.6933963,8.772262,6.4751906,2.9886675,-3.148525,-1.1256948,-0.9139478,-0.8655706,-0.85055214,1.2118458,-0.5395531,2.3017337
../data/train_data_mmini/7/Train_0031.jpg	7	-1.0,1.0,1.0,1.0,-1.0,-1.0,-1.0,-1.0,-1.0,1.0,-1.0,1.0	-3.1644523,7.9754987,5.262768,2.9863956,-2.6779892,-0.6677285,-0.505234,-0.53445596,-0.7774865,0.6821183,-0.056356344,1.8133975
../data/train_data_mmini/7/Train_0032.jpg	7	-1.0,1.0,1.0,1.0,-1.0,-1.0,-1.0,-1.0,-1.0,1.0,-1.0,1.0	-2.207814,6.001902,4.633044,2.1286793,-1.9702785,-1.2474593,-0.39343795,-0.6726976,-0.52570355,0.9301387,-0.435593,1.6562661
../data/train_data_mmini/7/Train_0033.jpg	7	-1.0,1.0,1.0,1.0,-1.0,-1.0,-1.0,-1.0,-1.0,1.0,-1.0,1.0	-3.182704,7.5349836,5.706713,2.7909534,-2.380684,-0.9214425,-0.46373543,-0.8081623,-0.75794417,1.2077488,-0.068683006,2.4082043
../data/train_data_mmini/7/Train_0034.jpg	7	-1.0,1.0,1.0,1.0,-1.0,-1.0,1.0,-1.0,-1.0,1.0,-1.0,1.0	-2.0913396,4.8417697,4.002156,1.5092416,-0.9297688,-0.881371,0.05321826,-0.38810584,-0.49443796,1.6108748,-0.43917674,2.0596552
../data/train_data_mmini/8/Train_0035.jpg	8	-1.0,1.0,1.0,1.0,-1.0,-1.0,-1.0,-1.0,-1.0,1.0,-1.0,1.0	-3.330012,7.8641653,5.9451003,2.6984966,-2.4205334,-0.86646056,-0.5357839,-0.9849151,-1.021278,1.4186429,-0.29038545,2.3455021
../data/train_data_mmini/8/Train_0036.jpg	8	-1.0,1.0,1.0,1.0,-1.0,-1.0,-1.0,-1.0,-1.0,1.0,-1.0,1.0	-3.2680125,7.6991253,5.593867,2.8891559,-2.2829013,-0.665174,-0.39079687,-0.76715106,-0.9224994,1.222462,-0.23488751,2.2010124
../data/train_data_mmini/8/Train_0037.jpg	8	-1.0,1.0,1.0,1.0,-1.0,-1.0,-1.0,-1.0,-1.0,1.0,-1.0,1.0	-3.155229,7.5407624,5.4635296,2.9453824,-2.3983936,-0.7015922,-0.47394767,-0.5141402,-0.75594383,1.3486217,-0.2485973,2.06601
../data/train_data_mmini/8/Train_0038.jpg	8	-1.0,1.0,1.0,1.0,-1.0,-1.0,-1.0,-1.0,-1.0,1.0,-1.0,1.0	-2.933211,7.417959,5.617165,2.4669814,-2.3409488,-0.8280481,-0.5749078,-0.9723865,-0.8931493,1.42418,-0.30560115,2.1677756
../data/train_data_mmini/8/Train_0039.jpg	8	-1.0,1.0,1.0,1.0,-1.0,-1.0,-1.0,-1.0,-1.0,1.0,-1.0,1.0	-3.5088644,8.16709,5.9704967,2.9764986,-2.6218858,-0.8894623,-0.51509243,-0.9560759,-0.9341281,1.1923245,-0.25026384,2.234804
../data/train_data_mmini/9/Train_0040.jpg	9	-1.0,1.0,1.0,1.0,-1.0,-1.0,-1.0,-1.0,-1.0,1.0,-1.0,1.0	-3.876732,9.110575,6.407926,3.5543244,-2.6856558,-0.5266731,-0.6321614,-0.72436285,-0.9009798,2.0147889,-0.28664356,2.6790576
../data/train_data_mmini/9/Train_0041.jpg	9	-1.0,1.0,1.0,1.0,-1.0,-1.0,-1.0,-1.0,-1.0,1.0,-1.0,1.0	-2.428777,6.330956,4.399997,2.3099647,-1.9199464,-0.39883998,-0.2686362,-0.35533026,-0.6328513,0.9989035,-0.081048585,1.6520113
../data/train_data_mmini/9/Train_0042.jpg	9	-1.0,1.0,1.0,1.0,-1.0,-1.0,-1.0,-1.0,-1.0,1.0,-1.0,1.0	-3.1586483,7.628048,5.253123,3.0699854,-2.014322,-0.39290297,-0.40800273,-0.39032042,-0.61317736,2.05723,-0.19166028,2.4486387
../data/train_data_mmini/9/Train_0043.jpg	9	-1.0,1.0,1.0,1.0,-1.0,-1.0,-1.0,-1.0,-1.0,1.0,-1.0,1.0	-3.6852698,8.929178,5.973256,3.3772154,-2.688064,-0.25015563,-0.6070315,-0.89751184,-0.8333072,1.6374116,-0.09105507,2.6334312
../data/train_data_mmini/9/Train_0044.jpg	9	-1.0,1.0,1.0,1.0,-1.0,-1.0,-1.0,-1.0,-1.0,1.0,-1.0,1.0	-3.279302,8.190832,5.553421,3.067586,-2.7273788,-0.56017625,-0.5389513,-0.91632193,-0.71993244,1.087703,-0.2427493,2.081052
../data/train_data_mmini/10/Train_0045.jpg	10	-1.0,1.0,1.0,1.0,-1.0,-1.0,-1.0,-1.0,-1.0,1.0,-1.0,1.0	-2.0815668,5.135797,3.993715,1.8259621,-1.4975045,-0.6869426,-0.3255958,-0.97598267,-0.5418151,0.8697157,-0.24916042,1.5893024
../data/train_data_mmini/10/Train_0046.jpg	10	-1.0,1.0,1.0,1.0,-1.0,-1.0,-1.0,-1.0,-1.0,1.0,-1.0,1.0	-1.7730107,4.491106,3.3131251,1.5899907,-1.3840388,-0.6324965,-0.25118446,-0.75547403,-0.32794583,0.778598,-0.17839806,1.4372686
../data/train_data_mmini/10/Train_0047.jpg	10	-1.0,1.0,1.0,1.0,-1.0,-1.0,-1.0,-1.0,-1.0,1.0,-1.0,1.0	-2.8853018,7.3116465,5.369651,2.6505806,-2.1391034,-0.7514745,-0.36977413,-1.0069314,-0.6518039,1.3163862,-0.38807327,2.2617316
../data/train_data_mmini/10/Train_0048.jpg	10	-1.0,1.0,1.0,1.0,-1.0,-1.0,-1.0,-1.0,-1.0,1.0,-1.0,1.0	-2.5811894,6.1657906,5.1626077,1.8782561,-1.3646501,-1.3195473,-0.19600762,-1.0863019,-0.7337455,1.6213084,-0.497762,2.2880738
../data/train_data_mmini/10/Train_0049.jpg	10	-1.0,1.0,1.0,1.0,-1.0,-1.0,-1.0,-1.0,-1.0,1.0,-1.0,1.0	-3.2534194,7.789995,5.746403,2.7601757,-2.4635274,-0.78808296,-0.52841294,-1.0166068,-0.8894036,1.4203509,-0.22853553,2.3105881
