../data/train_data_mmini/1/Train_0000.jpg	1	1.0,-1.0,1.0,1.0,1.0,1.0,-1.0,-1.0,-1.0,-1.0,-1.0,-1.0,1.0,-1.0,-1.0,1.0,-1.0,1.0,-1.0,1.0,-1.0,-1.0,-1.0,-1.0	1.0413854,-1.1678448,0.42439225,1.24028,0.1419948,1.3049833,-2.2420611,-3.419833,-1.3004843,-10.976255,-3.4207685,-0.935023,1.893312,-2.3229783,-0.08613129,0.7558745,-0.52268946,1.4625523,-0.0049259253,0.29503557,-0.49752605,-0.30408475,-0.22083314,-0.20685309
../data/train_data_mmini/1/Train_0001.jpg	1	-1.0,1.0,-1.0,1.0,1.0,-1.0,-1.0,-1.0,-1.0,-1.0,-1.0,-1.0,1.0,1.0,-1.0,1.0,1.0,-1.0,-1.0,1.0,-1.0,1.0,1.0,1.0	-1.1292648,0.7739104,-0.671912,0.09567397,2.0391943,-0.668688,-0.58441716,-0.4103733,-1.0757986,-11.326672,-1.0359871,-0.91786987,2.4502635,2.2109892,-0.78621304,1.1253778,4.569308,-0.37379456,-2.3974495,0.66600245,-1.0220873,2.4439187,1.5169072,0.30015567
../data/train_data_mmini/1/Train_0002.jpg	1	1.0,1.0,1.0,1.0,-1.0,-1.0,-1.0,-1.0,1.0,-1.0,-1.0,-1.0,1.0,1.0,1.0,1.0,1.0,1.0,1.0,1.0,-1.0,-1.0,-1.0,-1.0	1.3319327,0.66713613,0.8198455,1.6064081,-1.1762432,-0.95287395,-1.6281204,-2.48029,0.61519897,-8.5861,-2.3469987,-3.1079128,2.7058747,1.8048888,0.5203167,2.151876,3.2568998,0.9252134,0.030103784,0.15222386,-1.4008826,-0.09821332,-0.26902166,-3.6856296
../data/train_data_mmini/1/Train_0003.jpg	1	1.0,-1.0,1.0,1.0,1.0,1.0,-1.0,-1.0,-1.0,-1.0,-1.0,-1.0,1.0,-1.0,-1.0,1.0,-1.0,1.0,1.0,1.0,-1.0,1.0,1.0,1.0	1.2190259,-1.6415405,0.8451558,0.8314795,0.3094345,1.8308564,-2.0500867,-1.4902196,-1.2041886,-11.87911,-2.3242018,-0.59774846,1.3696517,-1.97946,-1.857386,0.5771823,-2.1301181,0.3626967,0.6865894,0.3177792,-0.2239392,2.405532,2.5704477,1.0190943
../data/train_data_mmini/1/Train_0004.jpg	1	-1.0,-1.0,-1.0,1.0,1.0,1.0,-1.0,-1.0,-1.0,-1.0,-1.0,1.0,1.0,-1.0,1.0,-1.0,-1.0,1.0,-1.0,1.0,1.0,-1.0,-1.0,1.0	-0.6189383,-1.3396068,-1.5714837,0.21091108,0.20771454,0.30176294,-0.43037462,-1.394619,-2.386605,-11.973793,-1.1321391,0.19546048,1.1812205,-1.4328777,2.3378382,-0.80461407,-2.4463472,1.9419107,-0.7045803,1.0963671,0.6432026,-0.06033928,-0.7476602,1.3305131
../data/train_data_mmini/2/Train_0005.jpg	2	1.0,1.0,1.0,-1.0,-1.0,1.0,1.0,1.0,1.0,-1.0,1.0,1.0,-1.0,1.0,1.0,-1.0,-1.0,-1.0,-1.0,-1.0,1.0,-1.0,-1.0,-1.0	0.4938542,2.3672261,2.3080242,-0.465765,-0.87043124,0.008593997,0.95980304,0.997503,1.5950462,-9.823324,1.3603929,0.68819314,-0.94276285,1.0200831,1.0220791,-0.7695223,-0.8592626,-0.43785,-2.497856,-0.5189057,0.23799117,-2.0855267,-0.43507162,-1.1410987
../data/train_data_mmini/2/Train_0006.jpg	2	-1.0,-1.0,-1.0,-1.0,1.0,-1.0,1.0,1.0,-1.0,-1.0,-1.0,1.0,-1.0,-1.0,-1.0,-1.0,1.0,1.0,1.0,1.0,1.0,-1.0,-1.0,-1.0	-0.27316156,-0.8472337,-0.104466386,-1.5650421,1.6934675,-0.271701,0.5637762,0.039165907,-0.36949486,-9.135761,-0.5730057,4.0152626,-1.0379517,-1.8346936,-0.5006525,-2.593949,0.82165194,1.3353505,0.22788875,0.95525783,3.4630897,-3.6017034,-0.563657,-2.73257
../data/train_data_mmini/2/Train_0007.jpg	2	1.0,-1.0,-1.0,1.0,-1.0,1.0,-1.0,-1.0,-1.0,-1.0,-1.0,-1.0,-1.0,-1.0,1.0,1.0,-1.0,1.0,-1.0,1.0,-1.0,1.0,-1.0,1.0	1.6842614,-1.3356771,-0.019059531,1.6137712,-0.09837063,2.5838275,-0.6206774,-2.3045735,-1.9701447,-10.943449,-4.1722617,-1.2140826,-0.32535487,-4.278233,1.5369587,1.0655054,-3.0633035,1.167228,-1.0183876,0.26045868,-1.1242665,0.061527602,-1.4898771,2.7834804
../data/train_data_mmini/2/Train_0008.jpg	2	-1.0,1.0,-1.0,1.0,-1.0,-1.0,1.0,1.0,-1.0,-1.0,-1.0,1.0,1.0,1.0,1.0,1.0,-1.0,1.0,-1.0,1.0,1.0,-1.0,-1.0,-1.0	-0.84585,1.3142612,-0.040929474,2.567239,-1.3692982,-1.3981993,0.29985884,0.12208109,-0.7312197,-10.6541,-1.4828058,0.3530961,2.2902992,0.044777174,2.8118637,1.8483115,-0.25095728,3.0481913,-1.8816606,3.056921,1.8751653,-0.42140576,-2.3561847,-1.4151464
../data/train_data_mmini/2/Train_0009.jpg	2	1.0,-1.0,1.0,1.0,-1.0,1.0,1.0,-1.0,1.0,-1.0,-1.0,1.0,-1.0,-1.0,-1.0,-1.0,1.0,1.0,-1.0,-1.0,1.0,-1.0,1.0,1.0	0.32850394,-0.17601362,3.4588013,1.7650805,-0.039433673,2.7271323,0.31926158,-1.108259,1.4466668,-11.502888,-1.7512993,2.9872904,-0.76363087,-1.0425328,-1.0334836,-1.3938802,1.0984503,0.5081523,-4.0005445,-1.0635537,0.49157572,-3.8841925,1.6611972,0.7487802
../data/train_data_mmini/3/Train_0010.jpg	3	-1.0,1.0,1.0,1.0,1.0,-1.0,1.0,1.0,1.0,-1.0,1.0,1.0,1.0,1.0,1.0,-1.0,-1.0,1.0,-1.0,1.0,1.0,-1.0,-1.0,1.0	-1.6611702,2.0555162,1.6398941,1.0940052,1.316147,-0.6988983,1.4382824,1.702824,0.14001888,-8.404522,1.9087524,0.19028507,0.52616495,0.14394844,0.58292973,-0.7568747,-0.5990092,1.7015221,-4.309732,1.5332005,2.1590948,-0.04530219,-0.49836084,1.7367191
../data/train_data_mmini/3/Train_0011.jpg	3	1.0,-1.0,-1.0,-1.0,-1.0,-1.0,-1.0,-1.0,1.0,-1.0,-1.0,-1.0,1.0,1.0,1.0,1.0,1.0,1.0,-1.0,-1.0,-1.0,-1.0,1.0,-1.0	0.68837535,-0.10814676,-1.7131916,-0.011483307,-0.97030437,-0.43061516,-1.459703,-0.57959527,0.5899603,-7.637923,-0.9168307,-1.122778,2.1296732,1.6115383,1.678794,0.15015745,3.061986,0.8625279,-3.1400723,-0.8408264,-1.4872583,-1.3814327,0.8566073,-1.2660701
../data/train_data_mmini/3/Train_0012.jpg	3	1.0,-1.0,-1.0,1.0,1.0,1.0,-1.0,-1.0,-1.0,-1.0,-1.0,1.0,1.0,1.0,1.0,-1.0,1.0,1.0,-1.0,-1.0,-1.0,-1.0,1.0,-1.0	0.25612032,-3.5613582,-0.9445176,0.36738566,0.009823709,1.4747803,-1.385713,-0.8201694,-0.3025567,-9.50775,-1.6144962,0.9190763,1.5102355,2.3584385,0.110575646,-1.1546224,3.6267152,1.2935356,-1.60576,-1.7408687,-0.11203523,-0.95784354,4.7161384,-0.57119375
../data/train_data_mmini/3/Train_0013.jpg	3	-1.0,1.0,1.0,1.0,1.0,-1.0,1.0,1.0,1.0,-1.0,1.0,1.0,1.0,1.0,1.0,1.0,1.0,1.0,-1.0,1.0,1.0,-1.0,-1.0,-1.0	-0.9714625,2.0040407,1.9137694,1.2853401,0.60079485,-1.4932272,0.46797517,0.26435328,0.41808075,-10.425343,0.3026324,1.7339313,1.9404786,2.0236552,1.0528347,0.09907212,2.8444393,1.8650324,-1.8714464,1.5952319,3.2219431,-2.152865,-0.99089336,-2.4027247
../data/train_data_mmini/3/Train_0014.jpg	3	1.0,1.0,-1.0,-1.0,-1.0,-1.0,-1.0,1.0,1.0,-1.0,1.0,1.0,1.0,1.0,1.0,-1.0,1.0,-1.0,-1.0,1.0,1.0,-1.0,-1.0,1.0	1.1783205,1.1267083,-0.6127991,-1.8636638,-0.34654465,-1.0960913,-0.5531069,1.1802775,0.28065866,-11.545971,2.8075075,1.7899017,0.11211985,1.5993707,3.2930036,-2.7536469,0.5364562,-0.60412174,-2.3373942,0.13679872,0.8604977,-2.7666461,-1.783098,0.15681732
../data/train_data_mmini/4/Train_0015.jpg	4	-1.0,-1.0,-1.0,1.0,-1.0,1.0,1.0,-1.0,-1.0,-1.0,-1.0,1.0,1.0,1.0,1.0,1.0,1.0,1.0,-1.0,1.0,1.0,-1.0,1.0,-1.0	-0.36540237,-2.45725,-0.08346408,2.0017169,-1.88329,1.0269617,0.16142227,-1.6587334,-0.8103794,-9.49283,-4.3801675,0.4111547,1.3645074,0.6382123,2.877783,1.4393529,0.05871787,3.0584517,-0.7045063,1.0130458,0.09056835,-1.0279042,1.7600373,-2.2139518
../data/train_data_mmini/4/Train_0016.jpg	4	1.0,1.0,1.0,1.0,-1.0,-1.0,-1.0,1.0,1.0,-1.0,-1.0,-1.0,1.0,1.0,-1.0,1.0,1.0,-1.0,-1.0,1.0,-1.0,1.0,1.0,-1.0	2.325537,2.0665514,1.2885302,0.9699844,-2.4123354,-0.58918524,-0.631944,1.1432731,1.6924282,-8.255892,-0.2581137,-1.3644894,1.0012202,2.7634716,-1.2569407,2.364883,2.965784,-1.27707,-1.7165956,0.0023942254,-0.8156295,2.1606174,2.1671903,-1.6997162
../data/train_data_mmini/4/Train_0017.jpg	4	-1.0,-1.0,-1.0,-1.0,-1.0,1.0,1.0,1.0,1.0,-1.0,-1.0,1.0,-1.0,1.0,-1.0,-1.0,1.0,1.0,-1.0,-1.0,1.0,-1.0,1.0,-1.0	-0.23421703,-0.7565121,-0.6842856,-0.4607894,-0.6045105,0.82628936,0.11952372,0.44152445,1.1525714,-8.125917,-2.462936,3.413038,-0.86827976,1.1163129,-1.76006,-1.6442816,5.325253,0.3113784,-2.5482748,-1.1666048,1.2251524,-2.4857538,3.2653136,-3.6007478
../data/train_data_mmini/4/Train_0018.jpg	4	1.0,1.0,1.0,-1.0,-1.0,-1.0,1.0,1.0,1.0,-1.0,1.0,1.0,-1.0,1.0,1.0,-1.0,-1.0,-1.0,-1.0,-1.0,-1.0,-1.0,-1.0,-1.0	0.4166738,2.243434,0.036091603,-0.4764919,-1.1548525,-0.5001267,0.17760372,0.9080763,0.8521589,-7.384772,1.079638,0.65771997,-0.30382138,0.49416208,1.4097759,-0.81239325,-0.7161205,-0.639134,-2.984614,-0.21381867,-0.30198133,-1.3632509,-1.3110863,-0.10849643
../data/train_data_mmini/4/Train_0019.jpg	4	-1.0,-1.0,-1.0,-1.0,1.0,-1.0,1.0,1.0,-1.0,-1.0,1.0,1.0,-1.0,1.0,1.0,-1.0,1.0,1.0,1.0,1.0,1.0,-1.0,1.0,-1.0	-2.2214465,-1.0899646,-0.3878208,-1.6128314,1.3364935,-0.86683947,2.41672,0.9595743,-0.86211747,-9.869846,0.1985429,3.7714148,-1.1826189,1.322064,1.3869072,-2.0778549,0.24969374,1.3798338,0.41447803,1.1636848,3.3208418,-2.0147998,0.88401747,-2.319295
../data/train_data_mmini/5/Train_0020.jpg	5	1.0,1.0,1.0,1.0,1.0,1.0,1.0,-1.0,-1.0,-1.0,-1.0,-1.0,1.0,1.0,-1.0,1.0,1.0,-1.0,1.0,1.0,-1.0,1.0,-1.0,1.0	0.9322875,0.6787361,0.5434355,0.43999282,0.3554035,0.5846282,0.63446563,-0.26986665,-0.38796502,-13.625158,-1.0640043,-0.7250719,0.34415537,0.4439562,-0.14010166,1.109716,0.7951655,-1.5371565,0.4936548,0.7493982,-1.0701782,1.9019501,-0.24749927,1.3680354
../data/train_data_mmini/5/Train_0021.jpg	5	1.0,-1.0,-1.0,1.0,-1.0,-1.0,-1.0,-1.0,-1.0,-1.0,-1.0,1.0,1.0,-1.0,1.0,-1.0,-1.0,1.0,-1.0,1.0,1.0,-1.0,-1.0,-1.0	0.23295347,-0.3648919,-0.0067295954,0.5528929,-1.2589259,-0.0413742,-1.0726434,-0.7227941,-1.374053,-16.093493,-1.1112263,1.3670285,3.229428,-0.027157541,3.7456503,-0.6405603,-1.6334438,3.1279135,-0.94819427,2.9033463,2.2134042,-1.3995451,-0.5465901,-1.6510522
../data/train_data_mmini/5/Train_0022.jpg	5	1.0,-1.0,1.0,1.0,1.0,1.0,1.0,-1.0,-1.0,-1.0,-1.0,1.0,-1.0,-1.0,1.0,1.0,-1.0,1.0,-1.0,1.0,1.0,-1.0,-1.0,1.0	0.5445429,-1.1170745,1.7162896,2.3844414,0.9684562,1.6682762,0.26307324,-0.9010217,-0.47823316,-10.817247,-2.4122326,1.3531553,-1.0204499,-3.9318821,0.31277254,0.584841,-1.8115497,1.708597,-0.70752245,0.80283505,0.95361334,-1.9157819,-2.239339,1.8147192
../data/train_data_mmini/5/Train_0023.jpg	5	1.0,-1.0,1.0,1.0,1.0,1.0,-1.0,-1.0,-1.0,-1.0,-1.0,1.0,1.0,-1.0,-1.0,1.0,-1.0,1.0,1.0,1.0,-1.0,1.0,1.0,1.0	0.7747973,-1.4158413,0.5906376,1.7748632,0.47511917,1.9437402,-0.70585614,-1.2564957,-1.4722918,-11.909933,-3.0331182,0.2340309,1.0723243,-2.942593,-1.0197846,1.483479,-1.5519835,0.31018567,0.8106771,1.490021,-0.16133274,1.8519791,0.4509929,2.7685623
../data/train_data_mmini/5/Train_0024.jpg	5	1.0,-1.0,1.0,1.0,-1.0,1.0,-1.0,-1.0,-1.0,-1.0,-1.0,-1.0,1.0,-1.0,1.0,-1.0,-1.0,1.0,-1.0,-1.0,-1.0,-1.0,1.0,1.0	0.80419266,-1.3430557,1.4963676,1.4127694,-0.92223793,2.6208084,-0.5690326,-2.4585285,-0.96380574,-11.9516945,-2.630758,-1.4108899,1.043308,-1.7655299,2.2892592,-0.6073693,-3.169027,2.6130967,-2.2593427,-0.5318007,-0.32785556,-1.3258129,1.3177087,0.23259315
../data/train_data_mmini/6/Train_0025.jpg	6	1.0,1.0,1.0,-1.0,-1.0,1.0,-1.0,1.0,1.0,-1.0,1.0,-1.0,-1.0,1.0,-1.0,-1.0,-1.0,1.0,-1.0,-1.0,1.0,-1.0,1.0,-1.0	3.383205,0.25907558,2.3495858,-1.3263866,-0.46326345,1.5100671,-0.09529331,2.7961571,1.6695262,-8.318792,1.6810068,-0.1865743,-1.6509559,0.040258233,-0.0054594874,-2.3470914,-0.7265469,0.94641215,-2.757213,-2.0886364,1.4199291,-2.2643673,2.535118,-0.45341527
../data/train_data_mmini/6/Train_0026.jpg	6	-1.0,1.0,-1.0,-1.0,1.0,1.0,1.0,1.0,-1.0,-1.0,-1.0,1.0,-1.0,-1.0,-1.0,-1.0,-1.0,-1.0,-1.0,-1.0,-1.0,-1.0,1.0,-1.0	-1.5662601,1.4833596,-1.1411871,-2.2005703,0.19792224,0.521786,1.3074225,0.47011322,-0.41997635,-9.099415,-0.9445754,1.0736727,-2.9714537,-1.0673795,-1.0148653,-2.619991,-0.74274087,-1.9475502,-3.9122708,-1.7702137,-2.3875244,-0.41023242,0.58552235,-1.1775509
../data/train_data_mmini/6/Train_0027.jpg	6	1.0,1.0,1.0,-1.0,-1.0,1.0,1.0,1.0,1.0,-1.0,1.0,1.0,-1.0,1.0,1.0,-1.0,1.0,1.0,-1.0,-1.0,1.0,-1.0,1.0,1.0	0.59740853,0.6393468,0.09227083,-0.6712708,-0.1541298,0.16252324,0.08600001,2.547689,1.1323947,-7.027864,1.8448254,1.1821197,-0.41499206,1.47397,0.31499523,-1.0034902,1.4975992,0.116066486,-4.1351304,-0.5146029,0.14703149,-1.0445468,1.9734334,1.4339843
../data/train_data_mmini/6/Train_0028.jpg	6	1.0,1.0,-1.0,-1.0,-1.0,-1.0,-1.0,1.0,-1.0,-1.0,-1.0,-1.0,1.0,-1.0,1.0,-1.0,1.0,1.0,-1.0,-1.0,1.0,-1.0,-1.0,-1.0	1.865407,1.0862269,-1.7213914,-0.0878383,-1.4871429,-0.26143703,-2.3450718,0.2085948,-0.0629834,-9.255163,-0.2173916,-0.25800443,0.80201197,-1.324006,2.859625,-0.96887195,1.1081823,0.86990386,-3.2504356,-0.4688742,0.009436492,-1.9159487,-2.2250142,-0.36060494
../data/train_data_mmini/6/Train_0029.jpg	6	1.0,1.0,1.0,1.0,1.0,1.0,1.0,-1.0,1.0,-1.0,-1.0,-1.0,1.0,1.0,-1.0,1.0,1.0,1.0,-1.0,1.0,1.0,-1.0,1.0,-1.0	0.44566384,1.2675667,6.719944,3.3660018,0.681605,1.6926169,0.7561458,-2.1688657,2.024842,-8.848751,-1.3034457,-0.068996236,0.8636043,0.5877293,-1.6487309,0.22955549,0.3863945,2.5413067,-2.2719495,0.15248677,3.140187,-3.3801317,2.1141264,-0.81591654
../data/train_data_mmini/7/Train_0030.jpg	7	1.0,-1.0,1.0,-1.0,1.0,1.0,-1.0,-1.0,1.0,-1.0,-1.0,1.0,-1.0,-1.0,-1.0,-1.0,1.0,-1.0,-1.0,-1.0,-1.0,-1.0,1.0,-1.0	2.1438956,-0.35358337,2.0424666,-0.044696953,0.062826335,2.1258297,-0.4876591,-0.37511587,1.3939275,-11.317984,-2.3387263,2.5498617,-1.3605565,-0.6913909,-1.7483658,-0.107181616,2.3100226,-0.4437837,-1.7153388,-1.402689,-0.110615686,-2.9331279,1.7479905,-0.95087874
../data/train_data_mmini/7/Train_0031.jpg	7	1.0,1.0,1.0,1.0,-1.0,1.0,-1.0,1.0,1.0,-1.0,1.0,1.0,-1.0,1.0,-1.0,-1.0,1.0,1.0,-1.0,-1.0,1.0,-1.0,-1.0,-1.0	1.0007851,2.6368499,3.412075,1.3115066,-0.73404866,0.019341161,-0.037959564,1.6040038,1.9853704,-12.214809,0.64195466,1.9124883,-0.2857492,0.078478076,-0.9451436,-1.0591195,2.0398984,0.30778167,-4.1441193,-0.45610052,2.14489,-2.7531755,-0.077469796,-1.5927284
../data/train_data_mmini/7/Train_0032.jpg	7	-1.0,1.0,-1.0,-1.0,-1.0,-1.0,-1.0,1.0,1.0,-1.0,1.0,1.0,1.0,1.0,1.0,-1.0,1.0,1.0,-1.0,-1.0,1.0,-1.0,1.0,-1.0	-0.4334664,0.94641215,-0.8861628,-0.35303077,-1.7453313,-1.3397833,-0.24832147,1.0027053,1.6343776,-10.072466,2.3815703,0.48573935,1.6983948,3.6035106,3.1360016,-1.2070513,1.4906257,0.80725354,-3.7381794,-0.17824838,0.017083649,-2.0415907,0.39889318,-1.4531322
../data/train_data_mmini/7/Train_0033.jpg	7	1.0,1.0,1.0,-1.0,1.0,1.0,1.0,-1.0,1.0,-1.0,-1.0,1.0,-1.0,-1.0,-1.0,-1.0,1.0,-1.0,-1.0,-1.0,-1.0,-1.0,1.0,1.0	0.18826936,0.43830517,2.181908,-0.04596686,0.51157665,1.7680627,0.48814625,-1.0382898,0.65333647,-9.039869,-0.3902594,0.9773443,-2.1207774,-1.0773945,-1.5716722,-2.0498567,0.40332764,-0.51431566,-3.4592392,-2.1542363,-0.59634876,-2.729863,1.383189,0.6583477
../data/train_data_mmini/7/Train_0034.jpg	7	1.0,1.0,-1.0,-1.0,-1.0,-1.0,-1.0,1.0,1.0,-1.0,1.0,-1.0,1.0,1.0,1.0,-1.0,-1.0,1.0,-1.0,-1.0,-1.0,-1.0,-1.0,1.0	0.88671535,0.75811857,-1.5478318,-0.7244956,-1.281588,-0.6819438,-0.22816162,1.9314386,0.5548456,-8.047295,3.154283,-2.151935,1.3963685,0.92541564,3.8807945,-1.1029322,-2.4800286,1.7787467,-4.2262993,-0.060112808,-0.54926515,-0.8728945,-0.10351507,1.8391054
../data/train_data_mmini/8/Train_0035.jpg	8	1.0,-1.0,1.0,1.0,1.0,1.0,-1.0,-1.0,1.0,-1.0,-1.0,1.0,1.0,-1.0,1.0,-1.0,1.0,1.0,-1.0,-1.0,1.0,-1.0,-1.0,1.0	1.088834,-0.06199205,4.308101,2.9430892,0.78502935,2.4546893,-0.26488328,-0.7738966,1.9129986,-9.91456,-1.3272446,2.1012633,0.22241306,-1.7108301,1.4465942,-0.4664641,0.6535038,2.8555865,-4.1622114,-0.52424514,2.0640764,-5.2878675,-0.92905426,1.3260055
../data/train_data_mmini/8/Train_0036.jpg	8	1.0,1.0,1.0,1.0,-1.0,1.0,-1.0,1.0,1.0,-1.0,1.0,1.0,-1.0,-1.0,1.0,-1.0,1.0,1.0,-1.0,-1.0,-1.0,-1.0,-1.0,-1.0	3.5189304,1.8798549,4.247337,0.7045996,-1.2390268,2.0571487,-0.6629594,0.72742796,2.880061,-9.545851,0.074983194,0.8603901,-2.833868,-1.382482,0.49361125,-1.8726836,0.108609565,0.09282324,-4.471727,-3.2975776,-0.13789411,-5.528927,-0.9877255,-1.1391561
../data/train_data_mmini/8/Train_0037.jpg	8	1.0,1.0,1.0,1.0,-1.0,1.0,1.0,1.0,1.0,-1.0,-1.0,-1.0,1.0,1.0,1.0,-1.0,1.0,1.0,-1.0,-1.0,-1.0,-1.0,1.0,-1.0	0.42736733,1.7886481,0.9792718,0.27972463,-1.931105,1.734722,0.6438206,0.8306653,0.9700933,-10.264051,-1.177124,-0.18993275,0.14679536,0.8827878,1.0435534,-1.2333552,1.3517154,0.8087213,-6.881888,-1.0272301,-0.09750813,-1.591901,2.9239924,-0.74663645
../data/train_data_mmini/8/Train_0038.jpg	8	1.0,1.0,1.0,1.0,-1.0,1.0,-1.0,1.0,1.0,-1.0,-1.0,1.0,1.0,1.0,1.0,1.0,1.0,1.0,-1.0,1.0,1.0,-1.0,1.0,-1.0	0.8631761,0.9003387,3.7838237,2.9767268,-0.63041675,0.54802114,-0.1361998,0.737837,1.7659754,-11.187014,-0.6112891,0.1748228,1.6487246,0.43946633,0.52730465,1.6512384,0.9546722,2.5389671,-3.1974874,0.94367963,1.6227741,-1.6995424,0.42594978,-0.41842473
../data/train_data_mmini/8/Train_0039.jpg	8	1.0,1.0,1.0,1.0,1.0,1.0,-1.0,-1.0,1.0,-1.0,-1.0,1.0,-1.0,-1.0,1.0,-1.0,1.0,1.0,-1.0,-1.0,1.0,-1.0,-1.0,1.0	1.1955595,0.08056824,5.100486,2.5127556,1.0242347,3.0038867,-0.015597689,-2.275725,2.5307076,-9.833389,-1.2516448,1.794585,-0.4598652,-0.78365743,1.0313587,-2.4175346,1.822118,2.5660872,-4.944861,-2.3847322,1.9068428,-6.9937024,-0.091330096,0.42352903
../data/train_data_mmini/9/Train_0040.jpg	9	1.0,-1.0,-1.0,1.0,-1.0,1.0,-1.0,-1.0,-1.0,-1.0,-1.0,1.0,1.0,-1.0,1.0,-1.0,-1.0,1.0,-1.0,1.0,1.0,-1.0,1.0,-1.0	0.34182099,-1.7216239,-0.088110216,1.2151309,-0.9080427,2.0948524,-0.27587417,-1.5616207,-1.397456,-13.489378,-4.154592,0.75089747,0.6794168,-0.92518055,3.1351268,-0.126272,-0.5225899,2.8660185,-2.7212288,0.58029586,0.62637603,-1.8645804,1.0955628,-0.24481717
../data/train_data_mmini/9/Train_0041.jpg	9	1.0,1.0,1.0,1.0,1.0,-1.0,1.0,1.0,1.0,-1.0,1.0,-1.0,1.0,1.0,1.0,-1.0,1.0,-1.0,-1.0,-1.0,-1.0,-1.0,-1.0,1.0	0.54980874,3.86204,2.3846507,0.36995375,1.1014796,-0.863524,0.46954355,0.7242524,1.2326729,-10.547907,2.079013,-0.72685534,0.36660147,2.1887848,0.2212145,-0.47465703,2.9483633,-1.6788555,-4.05691,-0.5222948,-0.19964758,-0.9864943,-1.4808578,1.1209135
../data/train_data_mmini/9/Train_0042.jpg	9	-1.0,-1.0,-1.0,1.0,-1.0,1.0,1.0,-1.0,-1.0,-1.0,-1.0,-1.0,1.0,1.0,1.0,1.0,-1.0,1.0,-1.0,1.0,1.0,1.0,1.0,-1.0	-0.2690479,-1.0088468,-0.71484536,1.6343932,-2.007018,0.18475418,0.7361893,-0.47203076,-1.2321738,-11.50588,-2.8020947,-1.1179281,2.5978127,2.648364,3.8220038,1.5068508,-0.024843493,3.029722,-2.027408,1.4254317,0.5157613,0.7724012,2.2921562,-1.3517404
../data/train_data_mmini/9/Train_0043.jpg	9	1.0,1.0,1.0,1.0,-1.0,1.0,1.0,-1.0,-1.0,-1.0,-1.0,1.0,-1.0,-1.0,1.0,-1.0,-1.0,1.0,-1.0,1.0,1.0,-1.0,-1.0,-1.0	0.88731104,0.11819756,1.8548679,1.9258552,-0.2323845,1.7171279,0.65974194,-0.4234138,-0.16933495,-12.446878,-2.841614,2.5548737,-0.4234946,-2.5369124,2.4388664,-0.3418134,-0.25043628,2.3709066,-2.2071161,1.2698425,2.4459963,-3.4715528,-2.4736657,-0.036056194
../data/train_data_mmini/9/Train_0044.jpg	9	-1.0,-1.0,1.0,1.0,1.0,1.0,1.0,-1.0,1.0,-1.0,-1.0,1.0,1.0,1.0,-1.0,-1.0,1.0,1.0,-1.0,-1.0,1.0,-1.0,1.0,-1.0	-0.03839491,-1.6597686,3.1000972,1.3900197,0.9221414,1.8982401,0.6154911,-0.68787,0.76221734,-11.714891,-2.1753447,2.026275,0.48783427,1.3752967,-0.6217637,-1.2665336,2.6872137,2.6906512,-1.9888827,-0.3813293,2.8216672,-2.674593,4.032085,-1.1574695
../data/train_data_mmini/10/Train_0045.jpg	10	1.0,-1.0,1.0,1.0,-1.0,1.0,1.0,1.0,1.0,-1.0,1.0,1.0,-1.0,1.0,1.0,-1.0,-1.0,1.0,-1.0,-1.0,1.0,-1.0,1.0,1.0	0.3720566,-0.16415429,3.5394626,1.6465657,-0.47041774,1.8009517,0.9801439,0.16688526,2.7590406,-6.657133,1.5728086,1.7392308,-0.4608267,0.19234347,1.6635338,-2.4565952,-0.3852293,2.4429128,-5.6458817,-2.271684,1.9291221,-4.995261,1.1172189,1.0500492
../data/train_data_mmini/10/Train_0046.jpg	10	-1.0,-1.0,1.0,1.0,-1.0,1.0,1.0,-1.0,1.0,-1.0,-1.0,1.0,1.0,1.0,1.0,-1.0,1.0,1.0,-1.0,-1.0,1.0,-1.0,1.0,-1.0	-0.6429368,-1.1681743,0.5826156,1.0306877,-0.44429365,0.9714686,0.47269237,-0.42910442,1.1967697,-5.9811325,-1.3498427,0.28090447,1.4376333,1.6643822,0.460328,-0.27956766,2.3308275,2.3945274,-2.8691604,-0.016961414,1.0426215,-0.98547345,3.325962,-0.73675925
../data/train_data_mmini/10/Train_0047.jpg	10	1.0,1.0,1.0,1.0,-1.0,1.0,1.0,1.0,1.0,-1.0,1.0,1.0,1.0,1.0,1.0,-1.0,-1.0,1.0,-1.0,-1.0,1.0,-1.0,-1.0,-1.0	1.0952108,1.7379136,2.9885964,0.6113216,-1.9142779,1.0296193,0.49915928,1.1303761,2.4222696,-11.356087,1.7771041,0.92854166,0.009910288,0.5530171,3.5640836,-2.5708356,-1.3300033,2.646375,-5.1759634,-1.1516463,2.5106976,-4.9759665,-0.48136336,-1.2867538
../data/train_data_mmini/10/Train_0048.jpg	10	1.0,-1.0,1.0,1.0,1.0,1.0,1.0,1.0,1.0,-1.0,1.0,1.0,-1.0,1.0,1.0,-1.0,-1.0,1.0,-1.0,-1.0,1.0,-1.0,1.0,1.0	1.641706,-2.335301,4.5546827,1.3506968,0.5789108,1.85391,0.25104737,0.98814994,2.9007297,-9.088043,2.685552,1.3453829,-0.8787126,1.0374018,1.9598492,-2.2975948,-0.8042074,3.2812557,-2.4259365,-3.1726584,2.177159,-6.1652246,1.0152051,1.0198652
../data/train_data_mmini/10/Train_0049.jpg	10	1.0,-1.0,1.0,1.0,1.0,1.0,1.0,-1.0,1.0,-1.0,-1.0,1.0,-1.0,-1.0,1.0,-1.0,1.0,1.0,-1.0,-1.0,1.0,-1.0,1.0,1.0	0.5073042,-0.021516189,3.3281472,1.4308156,0.31133172,2.5705297,0.74731594,-0.621126,1.956696,-9.840208,-1.0328954,1.4137592,-0.119543046,-0.17480916,2.3559637,-2.1880488,0.7264365,3.2226856,-6.107106,-1.3690047,1.9319513,-5.1862326,1.0273082,0.8683889
