../data/train_data_mmini/1/Train_0000.jpg	1	1.0,-1.0,1.0,-1.0,1.0,-1.0,-1.0,-1.0	1.3656247,-0.7365663,1.2151364,-0.06117982,1.5959669,-0.6385807,-1.7525636,-0.14716145
../data/train_data_mmini/1/Train_0001.jpg	1	-1.0,1.0,1.0,-1.0,-1.0,-1.0,-1.0,-1.0	-0.07603159,2.1651874,1.3672512,-3.898525,-2.0522864,-0.19723275,-0.87688893,-0.42390037
../data/train_data_mmini/1/Train_0002.jpg	1	-1.0,1.0,1.0,-1.0,1.0,1.0,-1.0,-1.0	-0.3633614,0.75474435,1.7068498,-0.38730964,0.5259327,5.768308,-2.1412206,-0.98762757
../data/train_data_mmini/1/Train_0003.jpg	1	1.0,-1.0,-1.0,-1.0,1.0,-1.0,1.0,-1.0	0.91137415,-4.0373254,-1.0585328,-1.8028073,1.9841498,-1.5035722,0.87134856,-2.1794767
../data/train_data_mmini/1/Train_0004.jpg	1	1.0,-1.0,1.0,-1.0,1.0,1.0,1.0,1.0	0.7842959,-0.41819918,2.9499128,-0.35720548,2.1179438,0.26493672,2.2912574,0.16888551
../data/train_data_mmini/2/Train_0005.jpg	2	1.0,-1.0,-1.0,1.0,-1.0,1.0,-1.0,1.0	1.3243778,-0.84133136,-1.9305393,0.015826505,-6.130551,0.19982526,-0.21204221,0.17603706
../data/train_data_mmini/2/Train_0006.jpg	2	-1.0,-1.0,-1.0,1.0,-1.0,1.0,1.0,-1.0	-0.7177886,-1.9744389,-2.2769394,3.2283318,-2.2820125,2.1732337,0.48393193,-0.6555132
../data/train_data_mmini/2/Train_0007.jpg	2	1.0,-1.0,1.0,1.0,1.0,-1.0,-1.0,-1.0	3.01251,-0.44950396,1.4899817,1.9021248,2.656289,-2.1761148,-0.8100559,-0.95745
../data/train_data_mmini/2/Train_0008.jpg	2	1.0,1.0,-1.0,1.0,-1.0,1.0,1.0,1.0	0.995191,0.72446126,-0.5477318,1.857614,-2.4134102,2.165837,0.68526185,4.8243055
../data/train_data_mmini/2/Train_0009.jpg	2	-1.0,1.0,1.0,1.0,-1.0,-1.0,-1.0,1.0	-0.7543186,0.7433022,1.0778296,1.8512352,-4.997224,-4.307471,-2.6710587,0.7415334
../data/train_data_mmini/3/Train_0010.jpg	3	1.0,1.0,1.0,1.0,-1.0,-1.0,1.0,1.0	0.6161293,0.14254029,1.5991447,1.4388416,-4.81407,-2.635001,2.8181174,1.0750566
../data/train_data_mmini/3/Train_0011.jpg	3	1.0,1.0,1.0,1.0,-1.0,1.0,-1.0,1.0	0.18518281,2.0006032,4.73143,0.10538569,-1.7322296,3.6241546,-3.2846391,0.38418186
../data/train_data_mmini/3/Train_0012.jpg	3	-1.0,1.0,1.0,-1.0,1.0,1.0,-1.0,-1.0	-3.9282477,1.2009015,4.3424644,-2.520263,0.2868993,1.927776,-2.172001,-2.6524627
../data/train_data_mmini/3/Train_0013.jpg	3	-1.0,-1.0,-1.0,1.0,-1.0,1.0,-1.0,1.0	-2.4382453,-0.047442697,-1.2055559,1.3168927,-5.0427184,3.2822852,-0.56515366,1.3056216
../data/train_data_mmini/3/Train_0014.jpg	3	1.0,1.0,1.0,1.0,-1.0,1.0,1.0,1.0	1.9146152,1.7802298,0.6759808,0.9082584,-5.7335963,2.301523,0.9486248,1.9883275
../data/train_data_mmini/4/Train_0015.jpg	4	-1.0,-1.0,1.0,-1.0,1.0,1.0,-1.0,1.0	-2.1981328,-0.6153124,1.5020267,-0.39943972,1.6535367,0.9229105,-3.2110023,2.9138875
../data/train_data_mmini/4/Train_0016.jpg	4	1.0,1.0,-1.0,-1.0,-1.0,1.0,-1.0,1.0	1.4495565,0.120842405,-3.5088186,-2.9430275,-5.130325,0.9014188,-3.140475,0.10294308
../data/train_data_mmini/4/Train_0017.jpg	4	-1.0,-1.0,-1.0,-1.0,-1.0,1.0,-1.0,-1.0	-2.08141,-0.7280856,-0.75596327,-0.0747554,-5.647075,3.781091,-3.352292,-0.6349274
../data/train_data_mmini/4/Train_0018.jpg	4	1.0,-1.0,-1.0,1.0,-1.0,-1.0,-1.0,1.0	2.5908034,-0.0763413,-0.62596685,0.4517179,-4.327264,-1.9558089,-1.5322834,3.05479
../data/train_data_mmini/4/Train_0019.jpg	4	-1.0,-1.0,-1.0,1.0,-1.0,1.0,1.0,-1.0	-3.175216,-0.9532805,-0.8168735,0.9275488,-1.9234308,5.792937,3.2764757,-2.7807624
../data/train_data_mmini/5/Train_0020.jpg	5	1.0,1.0,-1.0,-1.0,-1.0,1.0,1.0,-1.0	1.9698048,1.4551347,-0.06018669,-2.2862687,-1.1792105,0.6295931,2.4953113,-2.603255
../data/train_data_mmini/5/Train_0021.jpg	5	1.0,-1.0,-1.0,-1.0,-1.0,1.0,1.0,1.0	0.5389254,-3.3984778,-0.24500884,-0.68484765,-2.4292397,1.2812669,2.306898,3.976447
../data/train_data_mmini/5/Train_0022.jpg	5	1.0,1.0,1.0,1.0,1.0,-1.0,1.0,-1.0	1.2491112,1.2471435,0.9236591,3.9120378,0.48181194,-1.6539199,1.0891993,-1.0435773
../data/train_data_mmini/5/Train_0023.jpg	5	1.0,-1.0,1.0,1.0,1.0,-1.0,1.0,-1.0	1.2736231,-0.8280808,0.090726376,0.08184582,2.1845653,-2.8716576,1.9835302,-0.29711303
../data/train_data_mmini/5/Train_0024.jpg	5	1.0,-1.0,1.0,1.0,1.0,-1.0,-1.0,-1.0	0.26160753,-3.7249079,2.4402277,0.39656967,1.0848647,-1.1995099,-1.2392302,-1.2785537
../data/train_data_mmini/6/Train_0025.jpg	6	-1.0,-1.0,-1.0,1.0,-1.0,1.0,-1.0,-1.0	-1.2840942,-5.287884,-0.23011887,2.0932302,-3.436605,2.1596074,-0.90604836,-6.3694553
../data/train_data_mmini/6/Train_0026.jpg	6	1.0,-1.0,1.0,-1.0,-1.0,-1.0,-1.0,-1.0	2.0186207,-1.0883381,1.9797661,-2.2866144,-2.21961,-3.4734337,-2.0234933,-0.79241514
../data/train_data_mmini/6/Train_0027.jpg	6	-1.0,1.0,1.0,-1.0,-1.0,-1.0,-1.0,1.0	-0.03352024,2.0662906,1.4757497,-0.45905864,-4.865615,-1.5095015,-1.9825116,0.8919464
../data/train_data_mmini/6/Train_0028.jpg	6	1.0,1.0,1.0,1.0,-1.0,1.0,-1.0,1.0	3.4996576,0.609079,2.1991842,2.4299328,-1.9918088,4.490051,-0.55682474,0.66093975
../data/train_data_mmini/6/Train_0029.jpg	6	-1.0,-1.0,1.0,1.0,-1.0,-1.0,-1.0,-1.0	-4.491555,-3.410376,0.790871,3.164908,-3.38323,-1.781998,-2.8304646,-1.4992636
../data/train_data_mmini/7/Train_0030.jpg	7	-1.0,-1.0,-1.0,1.0,-1.0,-1.0,-1.0,-1.0	-0.35087487,-0.8100375,-1.798841,1.1203203,-3.8148947,-1.5803205,-3.7206259,-1.4811441
../data/train_data_mmini/7/Train_0031.jpg	7	1.0,1.0,-1.0,1.0,-1.0,-1.0,-1.0,-1.0	0.45426726,0.9236452,-0.5348214,0.852177,-8.495718,-0.46946022,-1.0755237,-0.12444703
../data/train_data_mmini/7/Train_0032.jpg	7	1.0,1.0,1.0,-1.0,-1.0,1.0,-1.0,1.0	0.01320406,2.274461,2.3783958,-2.5220442,-7.3410864,2.75683,-2.8367856,3.8219903
../data/train_data_mmini/7/Train_0033.jpg	7	1.0,-1.0,1.0,1.0,-1.0,-1.0,-1.0,-1.0	2.114201,-0.3678353,0.6155849,1.2293652,-3.3551602,-2.8915384,-2.4417748,-2.8489141
../data/train_data_mmini/7/Train_0034.jpg	7	1.0,-1.0,1.0,1.0,-1.0,1.0,1.0,-1.0	2.749201,-1.3042613,4.6499367,1.6467803,-4.1766925,3.4090796,2.208535,-0.31604415
../data/train_data_mmini/8/Train_0035.jpg	8	-1.0,1.0,1.0,1.0,-1.0,-1.0,-1.0,1.0	-1.4044137,0.074356355,1.4670055,4.7135744,-4.2040343,-2.9271228,-2.5252755,1.5637268
../data/train_data_mmini/8/Train_0036.jpg	8	1.0,-1.0,-1.0,1.0,-1.0,-1.0,-1.0,-1.0	1.7035826,-0.6368436,-0.021153042,4.2113204,-7.563523,-0.8534556,-3.2199879,-2.214333
../data/train_data_mmini/8/Train_0037.jpg	8	1.0,-1.0,1.0,1.0,-1.0,-1.0,-1.0,1.0	1.4883238,-2.1271405,2.12746,0.11729306,-7.719487,-1.4954325,-3.2686834,0.83945924
../data/train_data_mmini/8/Train_0038.jpg	8	-1.0,1.0,1.0,1.0,-1.0,1.0,-1.0,1.0	-1.66883,0.6783077,0.8223399,1.8785653,-4.841828,0.319525,-0.70290035,0.8616232
../data/train_data_mmini/8/Train_0039.jpg	8	-1.0,1.0,1.0,1.0,-1.0,-1.0,-1.0,-1.0	-2.1045847,0.07795411,3.3452535,5.4524326,-5.9947414,-2.2304544,-3.6419692,-0.5896866
../data/train_data_mmini/9/Train_0040.jpg	9	-1.0,-1.0,1.0,1.0,-1.0,1.0,-1.0,1.0	-0.07546413,-2.1527047,1.8755633,1.300694,-1.1682788,1.1423507,-0.69811106,0.7331657
../data/train_data_mmini/9/Train_0041.jpg	9	1.0,1.0,1.0,-1.0,-1.0,1.0,1.0,-1.0	2.5115814,3.36674,1.6856766,-0.4349908,-7.399091,0.46687627,1.1311284,-2.4197483
../data/train_data_mmini/9/Train_0042.jpg	9	-1.0,-1.0,1.0,-1.0,-1.0,1.0,-1.0,1.0	-1.4866368,-1.5841279,2.3511724,-1.8145313,-0.49453664,2.7450006,-0.2074166,1.7795298
../data/train_data_mmini/9/Train_0043.jpg	9	1.0,-1.0,-1.0,1.0,-1.0,1.0,-1.0,1.0	0.8414453,-0.292943,-0.99321926,3.5803406,-3.1145833,0.2814919,-0.05478763,2.635929
../data/train_data_mmini/9/Train_0044.jpg	9	-1.0,-1.0,1.0,1.0,-1.0,1.0,-1.0,-1.0	-4.7096295,-1.6323426,1.9255457,0.70987695,-3.1538458,0.2940633,-1.1319717,-1.6076497
../data/train_data_mmini/10/Train_0045.jpg	10	-1.0,-1.0,1.0,1.0,-1.0,-1.0,-1.0,-1.0	-2.4886484,-0.5824389,4.5558257,6.0966716,-7.797299,-2.460129,-3.3309402,-0.53210473
../data/train_data_mmini/10/Train_0046.jpg	10	-1.0,-1.0,1.0,1.0,-1.0,1.0,-1.0,1.0	-3.5292168,-1.3733369,2.168535,0.07459314,-4.0829663,2.1360486,-2.9685533,1.3993328
../data/train_data_mmini/10/Train_0047.jpg	10	-1.0,-1.0,1.0,1.0,-1.0,1.0,-1.0,1.0	-0.5062166,-3.184164,1.6454177,4.1497626,-9.265465,2.0422657,-0.36012438,0.5640875
../data/train_data_mmini/10/Train_0048.jpg	10	-1.0,1.0,1.0,1.0,-1.0,1.0,-1.0,-1.0	-5.6557937,0.7042011,2.921202,4.569287,-5.121378,1.2960126,-0.46462357,-3.4474142
../data/train_data_mmini/10/Train_0049.jpg	10	-1.0,-1.0,1.0,1.0,-1.0,-1.0,-1.0,-1.0	-1.8852127,-1.8427427,3.5908859,4.497243,-6.729171,-0.9439889,-2.0742862,-0.089915976
