../data/train_data_mmini/1/Train_0000.jpg	1	1.0,-1.0,1.0,-1.0,1.0,-1.0,-1.0,-1.0,1.0,-1.0,-1.0,1.0	2.9057689,-4.477925,0.6424126,-4.3772764,2.033501,-1.5926178,-1.1232289,-0.91055226,2.4924197,-5.1176057,-1.3306206,1.4960234
../data/train_data_mmini/1/Train_0001.jpg	1	1.0,-1.0,1.0,-1.0,1.0,-1.0,-1.0,-1.0,1.0,-1.0,-1.0,1.0	4.4640064,-4.777958,0.20660709,-4.927855,3.342393,-2.4200068,-0.5621049,-1.247046,2.7087228,-8.660496,-2.778676,0.29483742
../data/train_data_mmini/1/Train_0002.jpg	1	1.0,-1.0,-1.0,-1.0,1.0,-1.0,1.0,1.0,-1.0,-1.0,-1.0,1.0	0.68965644,-2.4830625,-0.9824113,-0.8739014,8.537207,-1.3877596,0.12521362,1.6350602,-0.07145618,-10.425252,-1.041572,4.7660813
../data/train_data_mmini/1/Train_0003.jpg	1	1.0,-1.0,1.0,-1.0,-1.0,-1.0,-1.0,-1.0,1.0,-1.0,-1.0,-1.0	4.368104,-6.2157454,1.2763065,-7.103114,-1.014504,-1.530503,-1.5958165,-3.2354653,3.8781862,-4.4399724,-1.8186057,-0.6787576
../data/train_data_mmini/1/Train_0004.jpg	1	1.0,-1.0,1.0,-1.0,1.0,-1.0,-1.0,-1.0,1.0,-1.0,-1.0,1.0	4.283313,-5.5400844,0.24065943,-5.5962744,2.674834,-1.9121952,-1.6529255,-0.62821114,3.449765,-5.290185,-1.3375809,2.4902873
../data/train_data_mmini/2/Train_0005.jpg	2	-1.0,-1.0,-1.0,-1.0,1.0,-1.0,1.0,-1.0,-1.0,-1.0,-1.0,-1.0	-0.62700194,-1.641261,-1.5483813,-1.5826073,5.099308,-0.9981155,0.9728166,-1.4447786,-0.81043124,-10.049364,-0.5322697,-0.79231787
../data/train_data_mmini/2/Train_0006.jpg	2	-1.0,-1.0,-1.0,-1.0,1.0,1.0,1.0,-1.0,-1.0,-1.0,1.0,1.0	-3.6913724,-2.2879715,-1.6249256,-3.0705175,5.9963045,1.0562608,0.78221977,-0.5021632,-2.0545402,-9.095907,1.7351753,3.271187
../data/train_data_mmini/2/Train_0007.jpg	2	1.0,-1.0,1.0,-1.0,1.0,-1.0,-1.0,-1.0,1.0,-1.0,-1.0,1.0	4.231624,-4.2951503,0.64896894,-4.5653963,0.03284481,-1.1279393,-1.669743,-0.7520047,2.8824193,-1.6595523,-0.874694,2.114491
../data/train_data_mmini/2/Train_0008.jpg	2	-1.0,-1.0,-1.0,-1.0,1.0,1.0,-1.0,-1.0,1.0,-1.0,1.0,1.0	-1.81335,-4.5285544,-0.9329645,-5.141791,5.0563984,1.0381314,-0.527161,-0.37473565,0.09476653,-7.619092,2.5017672,6.03393
../data/train_data_mmini/2/Train_0009.jpg	2	-1.0,1.0,-1.0,-1.0,1.0,-1.0,1.0,-1.0,-1.0,-1.0,-1.0,-1.0	-3.508276,0.2515372,-1.9112431,-0.22510594,5.687231,-0.038643938,1.2770938,-1.0729948,-2.2247217,-9.962443,-0.39237386,-2.5787396
../data/train_data_mmini/3/Train_0010.jpg	3	-1.0,-1.0,-1.0,-1.0,1.0,1.0,-1.0,1.0,1.0,-1.0,1.0,1.0	-0.9837968,-2.7251942,-1.0723109,-3.2300172,5.085855,0.49721748,-0.4904251,0.40463424,0.15433751,-6.512756,1.7545358,3.069887
../data/train_data_mmini/3/Train_0011.jpg	3	1.0,1.0,-1.0,1.0,1.0,-1.0,1.0,1.0,-1.0,-1.0,-1.0,1.0	2.864956,1.4742398,-3.2746131,4.5659857,14.884553,-3.4691496,0.027191851,6.715187,-1.8071779,-11.802107,-2.5656104,6.9732795
../data/train_data_mmini/3/Train_0012.jpg	3	1.0,1.0,-1.0,1.0,1.0,-1.0,1.0,1.0,-1.0,-1.0,-1.0,-1.0	0.7852234,0.03735325,-2.7232227,1.4711388,10.2725315,-2.3480406,2.347954,0.8033945,-0.8865937,-15.506863,-3.7201653,-1.3325534
../data/train_data_mmini/3/Train_0013.jpg	3	-1.0,-1.0,-1.0,-1.0,1.0,1.0,1.0,-1.0,-1.0,-1.0,1.0,1.0	-5.724152,-3.3853574,-1.8196348,-3.6888313,8.850477,1.8133023,1.1081022,-0.2643012,-2.1788607,-12.591157,2.7156987,4.978353
../data/train_data_mmini/3/Train_0014.jpg	3	1.0,-1.0,-1.0,-1.0,1.0,-1.0,-1.0,1.0,1.0,-1.0,1.0,1.0	0.6601416,-3.3022008,-0.83063895,-3.3414783,6.229255,-1.2410265,-0.7839943,0.7499445,0.1521494,-8.75016,0.039603822,4.3699813
../data/train_data_mmini/4/Train_0015.jpg	4	-1.0,-1.0,-1.0,-1.0,1.0,-1.0,1.0,1.0,-1.0,-1.0,1.0,1.0	-1.8143547,-2.9564,-1.5830951,-2.0620067,8.406898,-0.19219673,0.724834,0.4103449,-0.66092205,-12.034652,0.515348,3.0737886
../data/train_data_mmini/4/Train_0016.jpg	4	1.0,-1.0,-1.0,-1.0,1.0,-1.0,1.0,-1.0,1.0,-1.0,-1.0,-1.0	1.3738041,-2.9104524,-0.7198082,-3.807163,1.8700638,-1.7450775,0.431858,-3.2594042,0.14629419,-9.943984,-2.0112233,-2.1067605
../data/train_data_mmini/4/Train_0017.jpg	4	-1.0,1.0,-1.0,1.0,1.0,-1.0,1.0,1.0,-1.0,-1.0,-1.0,1.0	-2.99645,0.24050666,-2.6969812,1.0847934,10.603296,-0.8674611,1.9547333,0.3254886,-3.4794338,-15.886503,-0.92940557,0.36570334
../data/train_data_mmini/4/Train_0018.jpg	4	-1.0,-1.0,-1.0,-1.0,1.0,-1.0,-1.0,-1.0,-1.0,-1.0,1.0,1.0	-0.6547289,-1.706176,-1.302935,-1.7619916,4.129163,-0.29138973,-0.12967388,-0.29096317,-0.3468054,-6.9449434,0.9286083,0.61329764
../data/train_data_mmini/4/Train_0019.jpg	4	-1.0,-1.0,-1.0,-1.0,1.0,-1.0,1.0,-1.0,-1.0,-1.0,1.0,1.0	-2.6014783,-3.4221416,-1.5902889,-3.7713594,7.485617,-0.05650669,0.8937139,-0.6930493,-1.0988424,-11.935141,0.4999131,2.4098866
../data/train_data_mmini/5/Train_0020.jpg	5	1.0,-1.0,1.0,-1.0,-1.0,-1.0,-1.0,-1.0,1.0,-1.0,-1.0,-1.0	5.5852604,-7.0468793,1.5130827,-8.459615,-1.8903629,-1.8262196,-1.5989697,-4.001505,4.4034243,-4.7948394,-2.7104578,-0.7960518
../data/train_data_mmini/5/Train_0021.jpg	5	1.0,-1.0,-1.0,-1.0,1.0,-1.0,-1.0,-1.0,1.0,-1.0,1.0,1.0	0.04379223,-6.1071415,-0.9052039,-5.9669685,6.9778476,-0.792031,-0.53618574,-0.1632449,1.4575933,-10.034486,1.2020404,5.390156
../data/train_data_mmini/5/Train_0022.jpg	5	1.0,-1.0,1.0,-1.0,1.0,1.0,-1.0,-1.0,1.0,-1.0,1.0,1.0	1.1562744,-3.8311021,0.40963113,-4.7626176,0.82363456,0.050181124,-0.58247364,-1.6924235,1.5160294,-3.551826,0.35476583,1.7304106
../data/train_data_mmini/5/Train_0023.jpg	5	1.0,-1.0,1.0,-1.0,-1.0,-1.0,-1.0,-1.0,1.0,-1.0,-1.0,-1.0	3.798185,-6.6712027,1.0713379,-8.037311,-2.348295,-0.26299933,-1.4647887,-3.5861213,3.6283722,-2.0941136,-0.69160324,-0.35242426
../data/train_data_mmini/5/Train_0024.jpg	5	1.0,-1.0,-1.0,-1.0,1.0,-1.0,-1.0,1.0,1.0,-1.0,-1.0,1.0	1.7541314,-2.0554721,-1.280416,-1.072932,6.704433,-2.0317972,-0.1465115,1.3015466,1.1457906,-7.8324375,-1.3537122,2.3995602
../data/train_data_mmini/6/Train_0025.jpg	6	-1.0,1.0,-1.0,1.0,1.0,-1.0,1.0,1.0,-1.0,-1.0,-1.0,1.0	-2.0792406,1.805967,-3.393987,3.1606402,11.275399,-1.0869012,1.9407673,2.2232091,-3.5121748,-13.083866,-1.0173873,1.3980322
../data/train_data_mmini/6/Train_0026.jpg	6	1.0,-1.0,-1.0,-1.0,1.0,-1.0,-1.0,1.0,1.0,-1.0,-1.0,-1.0	3.3633385,-1.3551985,-1.0863526,-0.7836371,5.1287174,-2.375789,-0.6478131,0.9140218,0.8730475,-8.025847,-2.4168575,-0.6080305
../data/train_data_mmini/6/Train_0027.jpg	6	-1.0,1.0,-1.0,1.0,1.0,-1.0,1.0,1.0,-1.0,-1.0,-1.0,1.0	-0.2934202,0.833949,-2.7275352,0.920791,8.761312,-1.3420715,0.4503073,1.6257132,-2.190411,-11.702685,-1.2271361,0.50370723
../data/train_data_mmini/6/Train_0028.jpg	6	1.0,-1.0,-1.0,-1.0,1.0,-1.0,-1.0,1.0,1.0,-1.0,-1.0,1.0	2.7455013,-2.2191179,-0.73030037,-0.20354007,7.7210894,-1.9527256,-2.0266285,4.0818863,0.67375237,-6.186783,-0.13532957,7.4998426
../data/train_data_mmini/6/Train_0029.jpg	6	-1.0,1.0,-1.0,1.0,1.0,1.0,1.0,-1.0,-1.0,-1.0,1.0,-1.0	-7.962241,1.776903,-3.0178924,1.4735494,9.722389,1.4166449,2.362592,-0.22385474,-4.7690167,-13.299857,1.5245274,-0.4448519
../data/train_data_mmini/7/Train_0030.jpg	7	-1.0,-1.0,-1.0,-1.0,1.0,-1.0,1.0,-1.0,-1.0,-1.0,-1.0,-1.0	-1.3479729,-1.2700431,-1.4655648,-1.8964342,4.0199122,-0.49242947,1.2782879,-2.0449374,-1.3915076,-9.931912,-0.9408223,-1.9154863
../data/train_data_mmini/7/Train_0031.jpg	7	-1.0,-1.0,-1.0,-1.0,1.0,-1.0,1.0,-1.0,-1.0,-1.0,1.0,-1.0	-2.7342758,-2.6955245,-1.2917254,-3.6470048,5.550941,-0.06765998,0.66043913,-1.8695973,-1.2289081,-11.062998,0.7665808,-0.06226799
../data/train_data_mmini/7/Train_0032.jpg	7	-1.0,-1.0,-1.0,1.0,1.0,-1.0,1.0,1.0,-1.0,-1.0,-1.0,1.0	-0.046802472,-1.2228148,-2.6889207,0.39875588,12.914711,-2.3709466,0.658524,2.973269,-1.1390703,-15.274335,-0.8021014,4.1963453
../data/train_data_mmini/7/Train_0033.jpg	7	1.0,1.0,-1.0,1.0,1.0,-1.0,1.0,1.0,-1.0,-1.0,-1.0,-1.0	0.9279384,0.65587395,-1.5271387,0.9623792,4.5115027,-1.9861495,0.47478592,0.36406326,-0.703773,-7.6599326,-2.8261821,-1.9575546
../data/train_data_mmini/7/Train_0034.jpg	7	1.0,-1.0,-1.0,1.0,1.0,-1.0,-1.0,1.0,-1.0,-1.0,-1.0,1.0	4.8467307,-0.16384159,-3.1215546,3.1735249,14.596457,-4.004474,-1.4517372,7.325684,-0.01488403,-8.6313715,-2.1137114,10.018871
../data/train_data_mmini/8/Train_0035.jpg	8	-1.0,1.0,-1.0,1.0,1.0,1.0,1.0,1.0,-1.0,-1.0,1.0,1.0	-5.3789525,0.70624447,-2.254214,0.7841261,8.411615,1.1443655,0.90848386,1.41558,-3.4468231,-9.75776,2.227571,2.7958403
../data/train_data_mmini/8/Train_0036.jpg	8	-1.0,1.0,-1.0,1.0,1.0,-1.0,1.0,1.0,-1.0,-1.0,1.0,1.0	-3.9867733,2.0171692,-2.756322,2.3638735,8.182943,-0.08092951,1.4131596,0.8407747,-4.126474,-10.99375,0.37873715,0.73942107
../data/train_data_mmini/8/Train_0037.jpg	8	1.0,1.0,-1.0,1.0,1.0,-1.0,1.0,1.0,-1.0,-1.0,-1.0,1.0	0.014637621,1.3727828,-3.1657014,3.074637,12.447757,-2.1275918,0.8196744,3.8504343,-2.3233488,-12.798237,-1.2655208,3.5308895
../data/train_data_mmini/8/Train_0038.jpg	8	-1.0,-1.0,-1.0,-1.0,1.0,1.0,1.0,-1.0,-1.0,-1.0,1.0,1.0	-3.914194,-1.9099474,-1.561813,-2.4991014,7.204233,0.63006324,1.0600097,-0.90134907,-2.1714945,-11.619419,1.6013188,2.3452797
../data/train_data_mmini/8/Train_0039.jpg	8	-1.0,1.0,-1.0,1.0,1.0,1.0,1.0,1.0,-1.0,-1.0,1.0,1.0	-6.472419,2.8329074,-3.4370027,3.6483335,11.354675,1.0452785,1.9091113,2.6457834,-4.9496083,-12.411685,1.344597,1.9479918
../data/train_data_mmini/9/Train_0040.jpg	9	1.0,-1.0,-1.0,-1.0,1.0,-1.0,-1.0,1.0,1.0,-1.0,1.0,1.0	0.5738038,-3.561366,-0.7780767,-3.138824,7.0459914,-1.3244294,-0.4994234,0.98200077,0.87239164,-9.117822,0.18749444,4.1302104
../data/train_data_mmini/9/Train_0041.jpg	9	1.0,-1.0,-1.0,-1.0,1.0,-1.0,-1.0,1.0,1.0,-1.0,-1.0,-1.0	3.5370953,-1.2977202,-1.0261421,-1.2400081,5.192322,-2.4242234,-0.1495189,0.38538837,0.8287811,-8.870984,-3.278512,-0.23136128
../data/train_data_mmini/9/Train_0042.jpg	9	1.0,-1.0,-1.0,-1.0,1.0,-1.0,-1.0,1.0,1.0,-1.0,-1.0,1.0	0.7075807,-4.348792,-1.7250637,-3.5690074,9.534239,-1.5337014,-0.18507552,1.2233331,0.95923233,-12.175615,-0.120469935,5.340946
../data/train_data_mmini/9/Train_0043.jpg	9	-1.0,-1.0,-1.0,-1.0,1.0,1.0,1.0,-1.0,-1.0,-1.0,1.0,1.0	-2.8797383,-2.7636418,-1.4421815,-3.5293376,5.8981276,0.65826756,0.16844659,-0.09743295,-1.2834966,-8.526879,2.230061,3.9393694
../data/train_data_mmini/9/Train_0044.jpg	9	-1.0,-1.0,-1.0,-1.0,1.0,1.0,1.0,-1.0,-1.0,-1.0,1.0,-1.0	-5.0894647,-1.0172262,-2.7224772,-0.8476412,9.579654,0.28671026,2.0586367,-0.49073905,-2.8660748,-14.954814,0.44983187,-0.68866384
../data/train_data_mmini/10/Train_0045.jpg	10	-1.0,1.0,-1.0,1.0,1.0,1.0,1.0,1.0,-1.0,-1.0,1.0,1.0	-7.0760703,4.272473,-3.9018028,5.1225944,12.7464905,0.79548556,1.9485503,2.9298208,-5.901866,-13.873581,0.90068763,0.9752884
../data/train_data_mmini/10/Train_0046.jpg	10	-1.0,1.0,-1.0,1.0,1.0,-1.0,1.0,1.0,-1.0,-1.0,-1.0,1.0	-4.9144053,2.3655477,-3.8043504,4.2030067,14.041227,-0.4927507,1.8471181,3.7966766,-4.907466,-14.98876,-0.13805771,2.321488
../data/train_data_mmini/10/Train_0047.jpg	10	-1.0,1.0,-1.0,1.0,1.0,1.0,1.0,1.0,-1.0,-1.0,1.0,1.0	-5.717073,1.2153926,-3.96349,2.9071653,14.307926,0.1705539,1.3291053,3.6292996,-4.8317194,-14.83594,2.2177117,5.86134
../data/train_data_mmini/10/Train_0048.jpg	10	-1.0,1.0,-1.0,1.0,1.0,1.0,1.0,1.0,-1.0,-1.0,1.0,-1.0	-8.319271,3.1042457,-3.9843829,3.6770904,12.327156,0.9690283,2.6988065,1.0173973,-6.0059357,-16.017061,0.8906985,-0.7288886
../data/train_data_mmini/10/Train_0049.jpg	10	-1.0,1.0,-1.0,1.0,1.0,1.0,1.0,1.0,-1.0,-1.0,1.0,1.0	-5.083217,2.478598,-3.4476938,3.821663,12.82023,0.5119329,1.3236377,3.8510957,-4.4052486,-12.14713,1.4119711,4.2910886
