../data/train_data_mmini/1/Train_0000.jpg	1	-1.0,-1.0,-1.0,-1.0,-1.0,-1.0,1.0,-1.0	-1.978489,-0.4849585,-0.7054936,-2.0695472,-0.26735866,-0.00058653764,0.41170081,-0.019677406
../data/train_data_mmini/1/Train_0001.jpg	1	-1.0,1.0,-1.0,-1.0,-1.0,1.0,1.0,1.0	-1.3268443,0.52956814,-0.53329104,-1.3123507,-0.037033297,0.056672603,0.42359906,0.53096294
../data/train_data_mmini/1/Train_0002.jpg	1	-1.0,-1.0,1.0,1.0,-1.0,-1.0,1.0,1.0	-1.0278792,-0.17880711,0.31862748,0.9314877,-0.84103453,-0.831379,0.629332,1.263594
../data/train_data_mmini/1/Train_0003.jpg	1	-1.0,-1.0,-1.0,-1.0,1.0,1.0,1.0,-1.0	-2.5575728,-0.98477316,-1.4682777,-3.4482198,0.08027579,0.05635692,0.55520743,-0.58848774
../data/train_data_mmini/1/Train_0004.jpg	1	-1.0,-1.0,-1.0,-1.0,-1.0,1.0,1.0,1.0	-2.2532861,-0.66655624,-0.7622127,-1.8111384,-0.5045672,0.16789412,0.27960306,0.06827643
../data/train_data_mmini/2/Train_0005.jpg	2	1.0,1.0,1.0,1.0,-1.0,1.0,-1.0,1.0	0.23690392,1.4340692,0.41121382,0.20269154,-0.46926048,0.4370403,-0.16266246,1.0181612
../data/train_data_mmini/2/Train_0006.jpg	2	-1.0,1.0,1.0,-1.0,-1.0,-1.0,-1.0,1.0	-0.009786498,0.81088704,1.4230353,-0.0705582,-0.0056504384,-0.73347276,-1.8656687,0.22607102
../data/train_data_mmini/2/Train_0007.jpg	2	-1.0,-1.0,-1.0,-1.0,-1.0,1.0,1.0,1.0	-2.3883097,-0.2074913,-0.9821072,-2.3792067,-0.7622702,0.9114988,0.22285496,0.19631359
../data/train_data_mmini/2/Train_0008.jpg	2	-1.0,-1.0,1.0,1.0,-1.0,-1.0,-1.0,1.0	-1.2515926,-0.44435003,0.7954878,0.0064939475,-1.0536383,-0.53222173,-1.5309072,0.690918
../data/train_data_mmini/2/Train_0009.jpg	2	1.0,1.0,1.0,-1.0,-1.0,1.0,-1.0,1.0	0.6880336,2.609837,0.89387554,-0.51029575,-0.1187003,1.3401436,-0.59252506,0.9117646
../data/train_data_mmini/3/Train_0010.jpg	3	1.0,1.0,1.0,1.0,-1.0,1.0,-1.0,1.0	0.1885926,1.6332971,1.5182424,1.1585171,-0.8060397,0.9826508,-2.0305777,1.3348668
../data/train_data_mmini/3/Train_0011.jpg	3	1.0,1.0,1.0,1.0,-1.0,1.0,1.0,1.0	0.33894315,1.3895077,0.07234774,3.1016827,-1.0284226,0.03388834,1.919108,2.5519817
../data/train_data_mmini/3/Train_0012.jpg	3	1.0,1.0,1.0,1.0,1.0,-1.0,1.0,1.0	0.22784577,1.4288964,0.0225339,0.7534699,0.7569078,-0.27973613,2.5603764,0.9283821
../data/train_data_mmini/3/Train_0013.jpg	3	1.0,1.0,1.0,1.0,-1.0,-1.0,-1.0,1.0	0.19254313,0.7466029,2.1894722,1.7086084,-0.5266237,-1.3314859,-1.4453033,1.0679958
../data/train_data_mmini/3/Train_0014.jpg	3	-1.0,1.0,1.0,1.0,-1.0,1.0,-1.0,1.0	-0.09587206,1.0011793,0.69342095,0.42655087,-0.9097613,0.42764375,-0.5342025,1.2715977
../data/train_data_mmini/4/Train_0015.jpg	4	-1.0,-1.0,1.0,-1.0,-1.0,-1.0,1.0,1.0	-1.3659834,-0.3639843,0.5339371,-0.10663051,-0.33175325,-1.0173702,0.45587516,0.37936324
../data/train_data_mmini/4/Train_0016.jpg	4	-1.0,1.0,-1.0,-1.0,-1.0,1.0,1.0,1.0	-0.18118401,0.69238406,-0.5360993,-0.5668397,-0.2727826,0.07743057,0.80516785,0.9449585
../data/train_data_mmini/4/Train_0017.jpg	4	1.0,1.0,1.0,1.0,1.0,-1.0,1.0,1.0	1.3099061,2.0633416,1.4088274,1.4566389,0.22954851,-0.52869564,0.11577614,1.3648083
../data/train_data_mmini/4/Train_0018.jpg	4	1.0,1.0,1.0,1.0,-1.0,1.0,-1.0,1.0	0.26336733,1.2774888,0.7505446,0.59180146,-0.6739696,0.36389428,-0.1551978,0.90927625
../data/train_data_mmini/4/Train_0019.jpg	4	-1.0,1.0,1.0,1.0,-1.0,-1.0,-1.0,1.0	-0.38404644,0.3236446,1.1555406,0.3974174,-0.3635164,-1.0655756,-1.9501203,0.48961294
../data/train_data_mmini/5/Train_0020.jpg	5	-1.0,-1.0,-1.0,-1.0,-1.0,1.0,1.0,-1.0	-2.8675933,-0.94249743,-1.345611,-3.480687,-0.21897188,0.30803832,0.037628096,-0.4139394
../data/train_data_mmini/5/Train_0021.jpg	5	-1.0,-1.0,-1.0,-1.0,-1.0,-1.0,1.0,1.0	-2.0477664,-0.54409087,-0.1173633,-1.3255072,-0.5567303,-0.35511702,0.07454963,0.18637428
../data/train_data_mmini/5/Train_0022.jpg	5	-1.0,1.0,-1.0,-1.0,-1.0,1.0,-1.0,1.0	-1.8797998,0.06534706,-0.26362872,-2.100207,-0.36589876,0.53945553,-0.88198507,0.113106795
../data/train_data_mmini/5/Train_0023.jpg	5	-1.0,-1.0,-1.0,-1.0,-1.0,1.0,-1.0,-1.0	-2.851341,-1.0540011,-1.155443,-3.6478703,-0.05340907,0.44371462,-0.05369069,-0.6960747
../data/train_data_mmini/5/Train_0024.jpg	5	-1.0,1.0,-1.0,-1.0,-1.0,1.0,1.0,1.0	-1.2318833,0.47948864,-0.34491822,-0.24406306,-0.72067535,0.4124506,1.3558234,0.6774843
../data/train_data_mmini/6/Train_0025.jpg	6	1.0,1.0,1.0,1.0,-1.0,1.0,1.0,1.0	1.923508,2.743674,0.8468737,2.6360574,-0.48522094,0.6293843,0.83828723,2.2593455
../data/train_data_mmini/6/Train_0026.jpg	6	-1.0,1.0,1.0,-1.0,-1.0,1.0,-1.0,1.0	-0.32065624,1.6123488,0.14790396,-0.55551183,-0.3045721,0.8431473,-0.222342,0.8416616
../data/train_data_mmini/6/Train_0027.jpg	6	1.0,1.0,1.0,1.0,-1.0,1.0,1.0,1.0	1.4500985,2.7083523,0.69885516,1.8276259,-0.17636693,1.1607112,0.31700474,2.098092
../data/train_data_mmini/6/Train_0028.jpg	6	-1.0,1.0,-1.0,1.0,-1.0,1.0,1.0,1.0	-0.34398097,0.78132397,-0.055956952,1.1339378,-1.2451444,0.43062934,0.465404,1.8070579
../data/train_data_mmini/6/Train_0029.jpg	6	1.0,1.0,1.0,1.0,-1.0,1.0,-1.0,1.0	1.5065533,2.6926908,2.2785048,2.10533,-0.42303228,0.3981476,-0.35667247,1.7476599
../data/train_data_mmini/7/Train_0030.jpg	7	-1.0,1.0,1.0,-1.0,1.0,1.0,-1.0,1.0	-0.14104782,1.5168331,0.1277869,-1.2363364,0.06560638,0.3499527,-0.0041657262,0.70242757
../data/train_data_mmini/7/Train_0031.jpg	7	1.0,1.0,1.0,-1.0,-1.0,1.0,-1.0,1.0	0.55917424,2.08296,1.0005853,-0.031595536,-0.4204378,0.40092352,-0.7001197,1.0543716
../data/train_data_mmini/7/Train_0032.jpg	7	1.0,1.0,1.0,1.0,-1.0,1.0,1.0,1.0	0.96210855,1.9585059,0.75423044,2.7621198,-0.70774543,0.036836922,0.79767126,2.127238
../data/train_data_mmini/7/Train_0033.jpg	7	1.0,1.0,1.0,1.0,-1.0,1.0,1.0,1.0	1.0282921,2.8164206,0.46584716,0.34883487,-0.4184226,1.5207325,0.57678056,1.306411
../data/train_data_mmini/7/Train_0034.jpg	7	1.0,1.0,-1.0,1.0,-1.0,1.0,1.0,1.0	0.40450782,1.587998,-0.33509085,4.0412555,-1.9040424,0.6774153,1.8192918,3.0606458
../data/train_data_mmini/8/Train_0035.jpg	8	1.0,1.0,1.0,1.0,-1.0,1.0,-1.0,1.0	1.0750159,2.633433,1.7345673,1.3244373,-0.4525466,0.8712046,-0.68208694,1.4320364
../data/train_data_mmini/8/Train_0036.jpg	8	1.0,1.0,1.0,1.0,-1.0,1.0,-1.0,1.0	1.8664166,3.2183552,1.4850789,1.5872223,-0.6218098,1.1655682,-0.24916016,1.9582753
../data/train_data_mmini/8/Train_0037.jpg	8	1.0,1.0,1.0,1.0,-1.0,1.0,1.0,1.0	1.0332929,2.4951472,0.66272646,2.238926,-1.1010072,0.7925325,0.84523815,2.1256664
../data/train_data_mmini/8/Train_0038.jpg	8	-1.0,1.0,1.0,1.0,-1.0,1.0,-1.0,1.0	-0.12225546,1.1005929,1.0005224,0.45386952,-0.44178027,0.089161396,-0.7652158,1.1868546
../data/train_data_mmini/8/Train_0039.jpg	8	1.0,1.0,1.0,1.0,-1.0,1.0,-1.0,1.0	2.4575038,3.903893,2.353569,2.8797839,-0.5365653,1.3023201,-0.13241003,2.3890507
../data/train_data_mmini/9/Train_0040.jpg	9	-1.0,1.0,-1.0,-1.0,-1.0,1.0,1.0,1.0	-1.662682,0.18878324,-0.17104536,-1.0170776,-0.6990269,0.06724112,0.16723709,0.5135848
../data/train_data_mmini/9/Train_0041.jpg	9	1.0,1.0,1.0,1.0,-1.0,1.0,1.0,1.0	0.5679901,2.508901,0.10985739,0.67391574,-0.8250382,1.3397107,0.1913595,1.7918496
../data/train_data_mmini/9/Train_0042.jpg	9	-1.0,-1.0,-1.0,1.0,-1.0,-1.0,1.0,1.0	-1.8682376,-0.6643324,-0.058620356,0.41510367,-0.9837605,-0.85144424,0.91705257,0.8310233
../data/train_data_mmini/9/Train_0043.jpg	9	-1.0,1.0,1.0,-1.0,-1.0,1.0,-1.0,1.0	-0.8675581,0.7176138,0.8105616,-0.586561,-0.6608191,0.23320958,-1.3747379,0.71528363
../data/train_data_mmini/9/Train_0044.jpg	9	1.0,1.0,1.0,1.0,1.0,-1.0,-1.0,1.0	0.20477365,1.6097381,1.2722788,0.27311474,0.21729252,-0.20322762,-0.2735204,0.8936188
../data/train_data_mmini/10/Train_0045.jpg	10	1.0,1.0,1.0,1.0,-1.0,1.0,-1.0,1.0	3.3821187,4.499303,2.6765707,4.084261,-0.62773526,1.6210842,-0.3653789,2.912304
../data/train_data_mmini/10/Train_0046.jpg	10	1.0,1.0,1.0,1.0,-1.0,-1.0,1.0,1.0	1.6058636,1.9691858,1.8440247,3.204711,-0.28228316,-0.18693002,0.32228073,2.0537682
../data/train_data_mmini/10/Train_0047.jpg	10	1.0,1.0,1.0,1.0,-1.0,1.0,-1.0,1.0	2.0912516,2.8766458,2.0380425,3.4726033,-1.0509554,0.6605461,-0.3186043,2.5842462
../data/train_data_mmini/10/Train_0048.jpg	10	1.0,1.0,1.0,1.0,-1.0,1.0,-1.0,1.0	2.7337997,3.5583205,2.368189,3.237136,-0.17180997,0.7955535,-0.26609123,2.4326224
../data/train_data_mmini/10/Train_0049.jpg	10	1.0,1.0,1.0,1.0,-1.0,1.0,-1.0,1.0	1.6546841,3.252656,1.9547251,2.8062518,-0.8878221,1.0955675,-0.3254734,2.308281
