../data/train_data_mmini/1/Train_0000.jpg	1	-1.0,1.0,1.0,-1.0,1.0,-1.0,-1.0,-1.0	-2.5633464,4.032691,5.7317533,-0.74998957,0.29535544,-1.2581326,-7.7565117,-2.3745558
../data/train_data_mmini/1/Train_0001.jpg	1	-1.0,1.0,1.0,-1.0,1.0,1.0,-1.0,-1.0	-3.7796469,2.433619,2.0395658,-2.2451131,1.5747563,0.11324633,-3.1622162,-4.8377585
../data/train_data_mmini/1/Train_0002.jpg	1	-1.0,1.0,1.0,1.0,1.0,-1.0,-1.0,-1.0	-3.7945259,4.1092477,0.46094018,4.3153787,0.40709448,-7.228689,-2.6871264,-3.9434433
../data/train_data_mmini/1/Train_0003.jpg	1	-1.0,1.0,1.0,-1.0,1.0,1.0,-1.0,-1.0	-3.8783631,2.8697677,8.953994,-3.2186844,0.10016472,1.2903361,-5.810493,-1.6929655
../data/train_data_mmini/1/Train_0004.jpg	1	-1.0,1.0,1.0,-1.0,1.0,1.0,-1.0,-1.0	-1.2134072,2.6253533,4.6050653,-1.7145413,1.3072937,1.4746864,-6.979548,-3.2942572
../data/train_data_mmini/2/Train_0005.jpg	2	-1.0,1.0,1.0,-1.0,-1.0,1.0,-1.0,1.0	-0.00018561934,4.8846107,0.39065665,-0.59756714,-0.9003763,0.09949102,-1.0355071,1.3556674
../data/train_data_mmini/2/Train_0006.jpg	2	1.0,1.0,-1.0,1.0,-1.0,-1.0,-1.0,-1.0	2.310588,4.88982,-0.3772266,3.4188135,-2.282268,-2.626269,-0.55011684,-1.4761639
../data/train_data_mmini/2/Train_0007.jpg	2	-1.0,1.0,1.0,-1.0,1.0,1.0,-1.0,-1.0	-0.6627175,7.4055614,4.308349,-2.232048,0.090559416,2.5428822,-6.4803047,-2.8894842
../data/train_data_mmini/2/Train_0008.jpg	2	1.0,1.0,-1.0,1.0,1.0,1.0,-1.0,-1.0	3.950365,2.971182,-0.581462,1.9717141,0.009397443,0.5893557,-3.4154558,-3.1219459
../data/train_data_mmini/2/Train_0009.jpg	2	1.0,1.0,1.0,-1.0,-1.0,1.0,-1.0,1.0	3.3438911,6.181043,0.15641032,-3.4508777,-1.082738,1.9165033,-6.1693134,3.013018
../data/train_data_mmini/3/Train_0010.jpg	3	1.0,1.0,-1.0,-1.0,1.0,1.0,-1.0,-1.0	1.2213101,2.2024004,-0.7813337,-3.0686598,0.31265077,2.4842274,-2.6353362,-1.4319055
../data/train_data_mmini/3/Train_0011.jpg	3	-1.0,1.0,-1.0,1.0,1.0,-1.0,-1.0,-1.0	-3.031166,2.9453292,-2.849199,2.964314,0.31557053,-1.5557737,-3.4924767,-1.9670109
../data/train_data_mmini/3/Train_0012.jpg	3	-1.0,1.0,-1.0,-1.0,1.0,-1.0,-1.0,1.0	-3.0481868,1.768936,-0.52372545,-1.3225152,1.0693582,-1.8858562,-2.6857383,1.2602721
../data/train_data_mmini/3/Train_0013.jpg	3	1.0,1.0,-1.0,1.0,-1.0,-1.0,-1.0,-1.0	2.9954686,1.9567993,-0.3900632,0.22748637,-2.4560556,-2.6563487,-2.1340063,-0.9721824
../data/train_data_mmini/3/Train_0014.jpg	3	1.0,1.0,-1.0,1.0,-1.0,1.0,-1.0,-1.0	2.2365832,4.4783196,-0.7116391,1.0942252,-0.7741684,1.0849926,-1.2320286,-3.0652192
../data/train_data_mmini/4/Train_0015.jpg	4	1.0,1.0,1.0,1.0,-1.0,-1.0,-1.0,-1.0	0.47827494,3.0705366,1.7510896,0.91221595,-2.252842,-2.5210094,-4.614287,-0.8263461
../data/train_data_mmini/4/Train_0016.jpg	4	-1.0,1.0,1.0,-1.0,1.0,-1.0,1.0,-1.0	-1.7485998,2.8982606,1.8223238,-0.09836485,0.29712012,-0.9829487,0.5912469,-1.2635028
../data/train_data_mmini/4/Train_0017.jpg	4	-1.0,1.0,-1.0,1.0,-1.0,-1.0,-1.0,1.0	-1.1153367,3.1407351,-2.735054,3.2597654,-1.8516421,-0.96327555,-0.7537692,2.2328777
../data/train_data_mmini/4/Train_0018.jpg	4	1.0,1.0,1.0,1.0,1.0,1.0,-1.0,-1.0	1.9991095,3.6133156,1.4137193,1.1078211,0.5538782,4.2490263,-1.780421,-0.5967155
../data/train_data_mmini/4/Train_0019.jpg	4	1.0,1.0,1.0,-1.0,-1.0,-1.0,-1.0,-1.0	0.043625344,1.844804,0.7491828,-1.5673281,-0.8972205,-2.7076998,-0.9435332,-0.5150866
../data/train_data_mmini/5/Train_0020.jpg	5	-1.0,1.0,1.0,-1.0,1.0,1.0,-1.0,-1.0	-1.2301482,3.5290694,4.679258,-3.2855384,3.0545623,0.5432418,-1.7566905,-5.3812037
../data/train_data_mmini/5/Train_0021.jpg	5	1.0,1.0,1.0,1.0,-1.0,1.0,-1.0,-1.0	2.982287,2.8757472,1.9731839,1.2142613,-2.0100198,0.7115404,-6.521563,-1.3081758
../data/train_data_mmini/5/Train_0022.jpg	5	1.0,1.0,1.0,-1.0,-1.0,1.0,-1.0,-1.0	2.476084,6.865614,2.7282367,-2.2642202,-0.3278583,1.2628961,-5.4524536,-2.9167192
../data/train_data_mmini/5/Train_0023.jpg	5	1.0,1.0,1.0,-1.0,1.0,1.0,-1.0,-1.0	0.847309,3.7082675,6.388795,-4.673488,0.8160353,2.501928,-5.2970414,-4.8145213
../data/train_data_mmini/5/Train_0024.jpg	5	-1.0,1.0,1.0,-1.0,-1.0,1.0,-1.0,1.0	-1.4806509,4.6193447,3.4540913,-1.1012216,-0.62135947,0.12557083,-7.791181,1.4130318
../data/train_data_mmini/6/Train_0025.jpg	6	-1.0,1.0,1.0,-1.0,-1.0,-1.0,-1.0,1.0	-2.5236177,3.4069693,0.54206634,-0.7469342,-3.1460798,-2.0512393,-1.9234626,4.371514
../data/train_data_mmini/6/Train_0026.jpg	6	-1.0,1.0,1.0,-1.0,1.0,1.0,-1.0,-1.0	-3.8537343,3.7486846,4.0940056,-0.03593864,1.3779485,7.0048347,-3.4680383,-0.013717656
../data/train_data_mmini/6/Train_0027.jpg	6	1.0,1.0,-1.0,-1.0,1.0,1.0,-1.0,-1.0	0.91770816,1.8569064,-1.1198125,-2.060347,0.9985827,2.6620777,-0.34263062,-1.0317255
../data/train_data_mmini/6/Train_0028.jpg	6	-1.0,1.0,-1.0,1.0,1.0,1.0,-1.0,-1.0	-0.45647812,5.536429,-0.72664833,5.7794194,0.8867859,1.1866214,-2.4289923,-3.90496
../data/train_data_mmini/6/Train_0029.jpg	6	1.0,1.0,-1.0,-1.0,-1.0,-1.0,-1.0,1.0	1.1474813,3.8892555,-1.6665866,-4.311328,-3.0084739,-4.7043715,-6.0921144,4.713867
../data/train_data_mmini/7/Train_0030.jpg	7	1.0,1.0,1.0,-1.0,-1.0,-1.0,-1.0,1.0	1.322088,6.873437,0.89227253,-1.2711381,-1.1750985,-0.3593601,-4.0880637,1.7868159
../data/train_data_mmini/7/Train_0031.jpg	7	1.0,1.0,1.0,1.0,1.0,-1.0,-1.0,1.0	3.6955113,5.9683843,0.08682962,1.2182878,0.5337907,-0.10272432,-1.8910714,1.6303993
../data/train_data_mmini/7/Train_0032.jpg	7	1.0,1.0,-1.0,1.0,-1.0,-1.0,-1.0,1.0	1.2494335,0.7241214,-2.5048738,2.3072338,-0.10523223,-0.17797704,-1.2725571,0.34775344
../data/train_data_mmini/7/Train_0033.jpg	7	-1.0,1.0,-1.0,-1.0,1.0,1.0,-1.0,1.0	-1.51363,7.3069353,-0.36107787,-0.64405286,1.594689,0.0071082674,-3.0323067,1.3578796
../data/train_data_mmini/7/Train_0034.jpg	7	-1.0,1.0,-1.0,1.0,1.0,1.0,-1.0,-1.0	-0.6934196,2.097622,-2.365394,2.107758,1.1159092,0.9882995,-2.2039428,-1.4739408
../data/train_data_mmini/8/Train_0035.jpg	8	1.0,1.0,-1.0,-1.0,-1.0,-1.0,-1.0,1.0	5.644592,5.9058194,-3.2158103,-1.2221246,-4.751073,-0.07978197,-6.196614,2.6048126
../data/train_data_mmini/8/Train_0036.jpg	8	1.0,1.0,-1.0,1.0,-1.0,-1.0,-1.0,1.0	1.0419362,9.479051,-1.535555,2.7866488,-3.3106852,-0.8986954,-1.8751149,5.14859
../data/train_data_mmini/8/Train_0037.jpg	8	-1.0,1.0,-1.0,1.0,-1.0,1.0,-1.0,1.0	-1.0626595,4.3099613,-3.277588,2.1018295,-0.9291925,3.4381967,-3.3405416,3.8932726
../data/train_data_mmini/8/Train_0038.jpg	8	1.0,1.0,-1.0,-1.0,-1.0,-1.0,-1.0,1.0	4.178546,4.025072,-0.80458176,-0.660317,-1.2252699,-1.651701,-4.4312882,0.21626122
../data/train_data_mmini/8/Train_0039.jpg	8	1.0,1.0,-1.0,-1.0,-1.0,-1.0,-1.0,1.0	2.9513116,6.6477346,-6.4015465,-1.2219414,-5.0860033,-1.2160637,-7.398161,6.9439936
../data/train_data_mmini/9/Train_0040.jpg	9	-1.0,1.0,-1.0,1.0,-1.0,1.0,-1.0,1.0	-0.19901937,6.2809615,-0.0020902725,0.35943815,-0.99328107,1.092332,-6.143979,0.63366115
../data/train_data_mmini/9/Train_0041.jpg	9	-1.0,1.0,-1.0,-1.0,1.0,1.0,-1.0,-1.0	-0.3424249,4.879288,-1.7067752,-1.6308669,2.1788049,0.8644249,-1.8489821,-2.0568933
../data/train_data_mmini/9/Train_0042.jpg	9	-1.0,1.0,1.0,1.0,-1.0,1.0,-1.0,-1.0	-1.3457114,1.4772217,0.8728167,0.12616937,-0.7703848,0.15576181,-5.44932,-0.5934935
../data/train_data_mmini/9/Train_0043.jpg	9	1.0,1.0,-1.0,1.0,-1.0,1.0,-1.0,-1.0	3.414402,7.355014,-0.39749882,0.1956,-3.4400795,1.1028982,-4.3090653,-0.35588682
../data/train_data_mmini/9/Train_0044.jpg	9	-1.0,1.0,-1.0,-1.0,-1.0,-1.0,-1.0,1.0	-0.42099154,3.5256097,-1.2850899,-3.1465476,-2.837674,-2.5387049,-4.634443,2.903317
../data/train_data_mmini/10/Train_0045.jpg	10	1.0,1.0,-1.0,-1.0,-1.0,-1.0,-1.0,1.0	3.3583105,3.404526,-7.4901586,-0.29387727,-2.6256418,-0.3386128,-4.6786904,9.588187
../data/train_data_mmini/10/Train_0046.jpg	10	-1.0,1.0,-1.0,1.0,-1.0,-1.0,-1.0,1.0	-1.1696558,0.082105875,-2.9075413,0.78852385,-1.7835152,-1.8561251,-2.0874932,2.8617775
../data/train_data_mmini/10/Train_0047.jpg	10	1.0,1.0,-1.0,1.0,-1.0,-1.0,-1.0,1.0	2.3771582,4.0154786,-3.346265,2.9088125,-4.3156743,-0.6269326,-4.7299733,6.475195
../data/train_data_mmini/10/Train_0048.jpg	10	1.0,1.0,-1.0,-1.0,-1.0,-1.0,-1.0,1.0	4.2779584,3.5917716,-3.4375017,-2.4442332,-0.6908799,-4.0078764,-3.9880059,6.69296
../data/train_data_mmini/10/Train_0049.jpg	10	1.0,1.0,-1.0,-1.0,-1.0,1.0,-1.0,1.0	2.6479087,4.261898,-6.085866,-0.42170432,-4.8591285,0.21058623,-7.4337416,5.099445
