../data/train_data_mmini/1/Train_0000.jpg	1	1.0,1.0,1.0,1.0,-1.0,1.0,1.0,-1.0,-1.0,1.0,1.0,-1.0,1.0,-1.0,1.0,1.0,1.0,-1.0,-1.0,1.0,-1.0,-1.0,-1.0,-1.0	0.0111625325,0.39420593,0.8293609,0.1231111,-0.7642202,0.71178406,0.19259912,-0.16542372,-0.36173946,0.36343932,0.23197766,-0.3654949,0.025581509,-0.3637083,0.88903326,0.8127141,0.5803467,-0.24376373,-0.7257174,0.07208783,-0.2154424,-0.5537539,-0.3234337,-0.9088411
../data/train_data_mmini/1/Train_0001.jpg	1	1.0,-1.0,1.0,1.0,1.0,1.0,1.0,1.0,1.0,-1.0,-1.0,1.0,-1.0,1.0,1.0,1.0,1.0,-1.0,1.0,1.0,-1.0,-1.0,1.0,1.0	0.2096527,-0.029641554,0.24624486,0.0192938,0.12473056,0.764431,0.15809116,0.18330099,0.37038645,-0.5228554,-0.1982048,0.65635115,-0.38134053,0.18467823,0.3641394,0.68731344,0.79570365,-0.16457547,0.16264829,0.17330648,-0.26706302,-0.43715274,0.28756377,0.07965179
../data/train_data_mmini/1/Train_0002.jpg	1	1.0,-1.0,1.0,-1.0,1.0,1.0,-1.0,-1.0,1.0,-1.0,1.0,1.0,1.0,1.0,1.0,-1.0,1.0,1.0,1.0,1.0,1.0,-1.0,1.0,1.0	1.2388679,-0.55920345,0.06424825,-0.054347023,0.23495126,1.0775049,-0.61912686,-0.4259349,0.8479391,-2.3181744,0.00957968,0.70742464,0.29589963,0.32767525,0.46317694,-0.20582491,0.36306077,0.5989862,1.4396535,0.26981145,0.7795685,-1.3855217,0.877216,1.3468032
../data/train_data_mmini/1/Train_0003.jpg	1	-1.0,1.0,1.0,1.0,-1.0,1.0,1.0,-1.0,-1.0,1.0,1.0,-1.0,-1.0,-1.0,1.0,1.0,1.0,-1.0,-1.0,-1.0,-1.0,-1.0,-1.0,-1.0	-0.5332927,0.54423267,1.0768571,0.12798718,-0.67754954,0.48378348,0.3751036,-0.1739878,-0.4783431,1.0595585,0.46871313,-0.52894175,-0.06458345,-0.43393573,0.7912725,1.011168,0.58858716,-0.40285593,-0.86848253,-0.15692922,-0.5509454,-0.428061,-0.6637033,-1.295576
../data/train_data_mmini/1/Train_0004.jpg	1	-1.0,1.0,1.0,-1.0,-1.0,1.0,1.0,-1.0,-1.0,1.0,1.0,-1.0,1.0,-1.0,1.0,1.0,1.0,1.0,-1.0,1.0,-1.0,-1.0,-1.0,-1.0	-0.30591446,0.6065917,0.6647562,-0.13548739,-0.6866026,0.52170765,0.13320339,-0.32909828,-0.44228515,0.5088295,0.039719425,-0.72413874,0.11837849,-0.28417078,0.91372925,0.79348314,0.5279824,0.18346946,-0.8326943,0.06697095,-0.29867598,-0.65645164,-0.59781843,-0.7885389
../data/train_data_mmini/2/Train_0005.jpg	2	-1.0,1.0,1.0,1.0,1.0,1.0,1.0,1.0,1.0,-1.0,-1.0,1.0,-1.0,1.0,-1.0,1.0,1.0,1.0,1.0,1.0,1.0,1.0,1.0,1.0	-0.2156322,0.39406276,0.18375148,0.5980619,0.9166421,0.53865427,0.09693298,0.03697809,0.6220686,-1.0170999,-0.28642353,0.4000351,-0.54522216,0.41925573,-0.8367198,0.16978693,0.5111828,0.045270182,0.30329856,0.82109207,0.02957837,0.13112848,0.54255235,0.016476737
../data/train_data_mmini/2/Train_0006.jpg	2	-1.0,1.0,-1.0,1.0,1.0,1.0,-1.0,-1.0,1.0,-1.0,-1.0,1.0,-1.0,1.0,-1.0,-1.0,1.0,1.0,1.0,1.0,-1.0,-1.0,1.0,1.0	-0.5400055,0.27315554,-0.051524173,0.2667374,0.88472575,0.44072872,-0.1578171,-0.17357591,0.65647906,-1.0685917,-0.37323305,0.737112,-0.25592464,0.46903515,-0.4467164,-0.19065095,0.42771205,0.20496006,0.3912034,0.5812861,-0.08870883,-0.17804177,0.30439544,0.22030155
../data/train_data_mmini/2/Train_0007.jpg	2	-1.0,1.0,1.0,1.0,-1.0,1.0,1.0,-1.0,-1.0,1.0,1.0,-1.0,-1.0,-1.0,1.0,1.0,1.0,-1.0,-1.0,1.0,-1.0,-1.0,-1.0,-1.0	-0.46782106,0.7470405,0.93850064,0.36882058,-0.74112487,0.57563424,0.4572898,-0.18436491,-0.7496065,1.1905798,0.17678882,-0.6555638,-0.08329168,-0.6094219,0.48515955,1.2128253,0.6981094,-0.5117763,-1.5349435,0.12904772,-0.50751925,-0.019557158,-0.71474266,-1.65408
../data/train_data_mmini/2/Train_0008.jpg	2	1.0,1.0,1.0,-1.0,1.0,1.0,-1.0,1.0,1.0,-1.0,-1.0,1.0,1.0,1.0,1.0,-1.0,1.0,1.0,1.0,1.0,1.0,-1.0,1.0,1.0	0.6310097,0.28905612,0.071518734,-0.13831511,0.07249749,0.7322799,-0.6265224,0.0013416769,0.5337642,-1.2028546,-0.3486444,0.05487127,0.15067947,0.45732787,0.20483133,-0.16462795,0.14373878,0.85083675,0.3809166,0.3658202,0.4597402,-0.46065688,0.20699306,0.3848447
../data/train_data_mmini/2/Train_0009.jpg	2	-1.0,1.0,1.0,1.0,1.0,1.0,1.0,1.0,1.0,-1.0,1.0,1.0,-1.0,-1.0,-1.0,1.0,1.0,-1.0,-1.0,1.0,-1.0,1.0,1.0,-1.0	-0.25897408,0.7340088,0.64932394,0.9272297,0.52123135,0.5337979,0.4442227,0.10930679,0.19763102,-0.11633245,0.01489862,0.11062252,-0.51084745,-0.08025933,-0.5859849,0.71760595,0.6198165,-0.76446176,-0.66819113,0.69494,-0.298843,0.67749685,0.12404756,-0.97014606
../data/train_data_mmini/3/Train_0010.jpg	3	-1.0,1.0,-1.0,1.0,1.0,1.0,-1.0,1.0,1.0,-1.0,-1.0,1.0,-1.0,1.0,-1.0,1.0,1.0,-1.0,1.0,1.0,-1.0,1.0,1.0,1.0	-0.82016194,0.38177943,-0.14619662,0.6013107,1.6017267,0.42640215,-0.0013134774,0.48143497,0.8278164,-0.63246095,-0.19134122,1.026306,-0.7701063,0.676831,-1.2446487,0.12898456,0.53574795,-0.12535219,0.27534607,0.5310904,-0.24573834,0.7860102,0.5914938,0.037470028
../data/train_data_mmini/3/Train_0011.jpg	3	1.0,-1.0,-1.0,-1.0,1.0,1.0,-1.0,1.0,1.0,-1.0,-1.0,1.0,-1.0,1.0,1.0,-1.0,1.0,1.0,1.0,1.0,1.0,-1.0,1.0,1.0	1.5310358,-0.9410109,-0.5772398,-0.31065828,0.9522552,1.4576758,-0.6944621,0.09011058,1.1026703,-2.5103664,-0.43621165,1.1179607,-0.13896647,0.89544487,0.27116132,-0.1366698,0.37117192,0.84052616,2.163445,0.95600665,0.5819255,-1.2250539,1.3107152,2.3461869
../data/train_data_mmini/3/Train_0012.jpg	3	1.0,-1.0,-1.0,1.0,1.0,1.0,-1.0,-1.0,1.0,-1.0,-1.0,1.0,-1.0,1.0,1.0,1.0,1.0,1.0,1.0,1.0,-1.0,-1.0,1.0,1.0	0.48490345,-0.39184293,-0.12203477,0.0022024512,0.9324989,0.64922905,-0.070244014,-0.11497491,0.7422269,-1.4639555,-0.4058863,0.72197956,-0.29162613,0.78774285,0.26449353,0.13164742,0.4747607,0.38082638,1.2692056,0.69906014,-0.013286891,-1.0997456,0.59539455,1.2734004
../data/train_data_mmini/3/Train_0013.jpg	3	-1.0,1.0,-1.0,1.0,1.0,1.0,-1.0,-1.0,1.0,-1.0,-1.0,1.0,-1.0,1.0,-1.0,-1.0,1.0,1.0,1.0,1.0,1.0,-1.0,1.0,1.0	-0.1699054,0.007038354,-0.39009246,0.287843,1.3492094,0.516963,-0.31052956,-0.0916762,1.2165884,-1.9361172,-0.6022633,1.036522,-0.41901788,0.8964806,-0.72308815,-0.6613424,0.31174102,0.33018896,1.2236544,0.6477503,0.09249948,-0.07043873,0.54002255,0.83655655
../data/train_data_mmini/3/Train_0014.jpg	3	1.0,1.0,1.0,1.0,1.0,1.0,-1.0,-1.0,1.0,-1.0,-1.0,1.0,-1.0,1.0,-1.0,1.0,1.0,1.0,1.0,1.0,-1.0,-1.0,1.0,1.0	0.09458362,0.29655007,0.13709645,0.054150343,0.57550305,0.5636732,-0.22514108,-0.068341814,0.46700826,-0.90560687,-0.39897445,0.16582543,-0.30354747,0.40777767,-0.15006745,0.24850191,0.41460192,0.35873875,0.26476276,0.7931295,-0.005621004,-0.4473303,0.251579,0.3755622
../data/train_data_mmini/4/Train_0015.jpg	4	1.0,1.0,1.0,-1.0,-1.0,1.0,-1.0,-1.0,1.0,-1.0,-1.0,1.0,1.0,1.0,1.0,1.0,1.0,1.0,1.0,1.0,1.0,-1.0,1.0,1.0	0.748113,0.071697496,0.4699777,-0.14285745,-0.3022121,0.7605093,-0.6156429,-0.37312943,0.4552078,-1.2495745,-0.3496499,0.07328683,0.33214918,0.30389127,0.8907903,0.12652557,0.11616472,0.70362115,0.5335574,0.29183704,0.39411804,-1.084739,0.30664816,0.3908038
../data/train_data_mmini/4/Train_0016.jpg	4	1.0,-1.0,1.0,1.0,1.0,1.0,1.0,1.0,1.0,-1.0,1.0,1.0,-1.0,1.0,-1.0,1.0,1.0,-1.0,1.0,1.0,1.0,-1.0,1.0,1.0	0.52360356,-0.45371714,0.5290546,0.15934329,0.7239589,0.9114522,0.008372903,0.066677265,1.0096402,-1.4142084,0.34402466,0.82814455,-0.18487728,0.18255648,-0.19684795,0.2343996,0.5030724,-0.31039718,0.9445087,0.20895538,0.48312715,-0.38082677,0.99722856,0.60535735
../data/train_data_mmini/4/Train_0017.jpg	4	1.0,-1.0,-1.0,1.0,1.0,1.0,-1.0,-1.0,1.0,-1.0,-1.0,1.0,-1.0,1.0,-1.0,-1.0,1.0,1.0,1.0,1.0,1.0,-1.0,1.0,1.0	0.4115956,-0.617438,-0.26265925,0.014298633,1.4431804,0.78918445,-0.37143904,-0.10342493,1.3551352,-2.4412916,-0.37747532,1.5241412,-0.22111961,0.78934586,-0.3771252,-0.25099957,0.25623748,0.2645066,1.8545485,0.8085728,0.4413627,-0.8078489,1.1357418,1.7050465
../data/train_data_mmini/4/Train_0018.jpg	4	1.0,1.0,1.0,1.0,1.0,1.0,1.0,1.0,1.0,-1.0,-1.0,1.0,-1.0,1.0,-1.0,1.0,1.0,-1.0,1.0,1.0,1.0,1.0,1.0,1.0	0.6569254,0.08309786,0.09520404,0.48700964,0.6064995,0.93367517,0.012496829,0.21476914,0.63267523,-1.3683101,-0.11879451,0.5627209,-0.26735845,0.17439252,-0.4213069,0.38202542,0.3409129,-0.13499136,0.28499037,0.80917543,0.3852704,0.064503156,1.0153475,0.35014182
../data/train_data_mmini/4/Train_0019.jpg	4	-1.0,1.0,-1.0,1.0,1.0,1.0,-1.0,-1.0,1.0,-1.0,-1.0,1.0,-1.0,1.0,-1.0,-1.0,1.0,1.0,1.0,1.0,-1.0,1.0,-1.0,1.0	-1.0590701,0.5628779,-0.25654432,0.367207,1.3255906,0.05816234,-0.17606932,-0.6102879,0.8493653,-1.2660667,-0.5584869,0.66569966,-0.31322032,0.8607297,-0.76109177,-0.575092,0.24313448,0.19777237,0.9093681,0.41296387,-0.17047179,0.09019383,-0.0074786833,0.49381322
../data/train_data_mmini/5/Train_0020.jpg	5	-1.0,1.0,1.0,1.0,-1.0,1.0,1.0,-1.0,-1.0,1.0,1.0,-1.0,1.0,-1.0,1.0,1.0,1.0,-1.0,-1.0,-1.0,-1.0,-1.0,-1.0,-1.0	-0.5487832,0.52511036,1.1211054,0.0800401,-0.9906916,0.21404059,0.4045959,-0.42161945,-0.61963314,1.1115519,0.16446926,-0.82970387,0.078718066,-0.47982365,0.8169504,1.1210349,0.57139844,-0.09802505,-1.2619239,-0.22095975,-0.34456852,-0.6235769,-1.058328,-1.3945329
../data/train_data_mmini/5/Train_0021.jpg	5	1.0,1.0,1.0,-1.0,-1.0,1.0,-1.0,-1.0,1.0,-1.0,-1.0,-1.0,1.0,1.0,1.0,1.0,1.0,1.0,1.0,1.0,1.0,-1.0,-1.0,1.0	0.31248873,0.05202756,0.7735962,-0.50425804,-0.85110456,0.40288377,-0.50365293,-0.47808415,0.08347061,-0.37929037,-0.1085932,-0.53365666,0.22068635,0.1486477,1.4199572,0.18667568,0.39659116,0.8469632,0.2559693,0.18590793,0.01098181,-1.4249682,-0.46858314,0.011981622
../data/train_data_mmini/5/Train_0022.jpg	5	-1.0,1.0,1.0,1.0,-1.0,1.0,1.0,-1.0,-1.0,1.0,-1.0,-1.0,-1.0,-1.0,1.0,1.0,1.0,-1.0,-1.0,1.0,-1.0,1.0,-1.0,-1.0	-0.4943002,1.0018883,0.73596245,0.5096468,-0.3295466,0.39690468,0.4871058,-0.15777278,-0.5637614,0.93506324,-0.07225595,-0.5828654,-0.063936144,-0.27623942,0.10954371,0.914267,0.550842,-0.545246,-1.5106523,0.2796455,-0.43397552,0.36745888,-0.6372774,-1.5724105
../data/train_data_mmini/5/Train_0023.jpg	5	-1.0,1.0,1.0,1.0,-1.0,1.0,1.0,-1.0,-1.0,1.0,1.0,-1.0,1.0,-1.0,1.0,1.0,1.0,-1.0,-1.0,-1.0,-1.0,-1.0,-1.0,-1.0	-0.5041663,0.74836224,1.1007423,0.21141885,-1.0800472,0.42376843,0.46618867,-0.36764103,-0.78843325,1.2753354,0.27018723,-0.922317,0.08301076,-0.58898926,0.887498,1.1223612,0.61888206,-0.43943027,-1.5476227,-0.16263413,-0.5155893,-0.4293064,-1.0840272,-1.7108113
../data/train_data_mmini/5/Train_0024.jpg	5	-1.0,1.0,1.0,1.0,-1.0,1.0,1.0,-1.0,-1.0,1.0,-1.0,-1.0,-1.0,-1.0,1.0,1.0,1.0,-1.0,-1.0,1.0,-1.0,-1.0,-1.0,-1.0	-0.35082835,0.5129871,0.7499797,0.30579603,-0.31770113,0.50638133,0.13555205,-0.21436176,-0.17821911,0.39170018,-0.04760454,-0.28205252,-0.13661066,-0.041068945,0.3511479,0.75277925,0.6016662,-0.12114873,-0.5236051,0.37311786,-0.38483587,-0.4522309,-0.32959586,-0.6825701
../data/train_data_mmini/6/Train_0025.jpg	6	-1.0,1.0,1.0,1.0,1.0,1.0,-1.0,-1.0,1.0,-1.0,-1.0,1.0,-1.0,1.0,-1.0,-1.0,1.0,-1.0,1.0,1.0,-1.0,1.0,1.0,1.0	-1.7291887,0.03723705,0.014741289,0.99312216,2.5049376,0.044884957,-0.085002095,-0.32321966,1.3579646,-0.7723453,-0.016970314,1.4459496,-0.7941114,0.9959723,-1.5261871,-0.31811273,0.5578864,-0.6481484,1.677858,0.7201351,-0.47114667,0.045252327,0.44245452,0.63290775
../data/train_data_mmini/6/Train_0026.jpg	6	-1.0,1.0,1.0,1.0,1.0,1.0,1.0,1.0,1.0,-1.0,1.0,1.0,-1.0,-1.0,1.0,1.0,1.0,-1.0,-1.0,1.0,-1.0,1.0,1.0,-1.0	-0.009336675,0.075469606,0.4854142,0.24959964,0.09702551,0.9328046,0.17875877,0.3569312,0.13123187,-0.17511566,0.17615713,0.70371115,-0.3868297,-0.3214787,0.037619445,1.1691501,0.77879936,-0.23358198,-0.26651812,0.4830637,-0.46260163,0.15002789,0.5127883,-0.48506534
../data/train_data_mmini/6/Train_0027.jpg	6	-1.0,-1.0,-1.0,1.0,1.0,1.0,1.0,1.0,1.0,-1.0,-1.0,1.0,-1.0,1.0,-1.0,1.0,1.0,-1.0,1.0,1.0,-1.0,1.0,1.0,1.0	-0.19455394,-0.14792176,-0.15211342,0.5952754,1.8043406,0.7399732,0.18732476,0.44765782,1.1516157,-1.1746212,-0.09042186,1.2960591,-1.0823517,0.69166076,-0.9971168,0.17654419,0.6118366,-0.30092877,0.94755393,0.88789064,-0.1550612,0.31329727,1.020222,0.71179324
../data/train_data_mmini/6/Train_0028.jpg	6	1.0,-1.0,1.0,-1.0,1.0,1.0,-1.0,1.0,1.0,-1.0,-1.0,1.0,-1.0,1.0,1.0,1.0,1.0,1.0,1.0,1.0,1.0,-1.0,1.0,1.0	0.7562118,-0.056133844,0.07133488,-0.2149523,0.011605915,1.0925915,-0.43713093,0.062737845,0.33681244,-1.2592009,-0.1584091,0.40920722,-0.07501528,0.16832197,0.26083332,0.44184124,0.5578797,0.42929527,0.5051293,0.73342055,0.37941238,-0.833929,0.6112792,0.5789435
../data/train_data_mmini/6/Train_0029.jpg	6	-1.0,1.0,1.0,1.0,1.0,1.0,1.0,-1.0,1.0,-1.0,1.0,1.0,-1.0,1.0,-1.0,-1.0,1.0,-1.0,1.0,1.0,-1.0,1.0,1.0,1.0	-0.8858939,0.26423728,0.18539004,1.2572725,2.1088295,0.49982402,0.35980856,-0.25432315,1.2167635,-1.1917294,0.4470971,1.1066412,-0.7051666,0.6945337,-1.4256599,-0.4377436,0.48689207,-0.6554512,0.9721117,0.5635368,-0.11429314,0.7532675,0.64727384,0.107669756
../data/train_data_mmini/7/Train_0030.jpg	7	-1.0,1.0,1.0,1.0,1.0,1.0,1.0,-1.0,1.0,-1.0,-1.0,1.0,-1.0,-1.0,-1.0,1.0,1.0,-1.0,-1.0,1.0,-1.0,1.0,1.0,-1.0	-0.21258633,0.5174286,0.7150688,0.6948511,0.2928765,0.60457623,0.38253614,-0.022392863,0.24013495,-0.147515,-0.053372957,0.0729799,-0.39934543,-0.036704037,-0.20118982,0.6252359,0.65269685,-0.57697463,-0.5785058,0.6315176,-0.26716742,0.25799996,0.1046948,-0.932129
../data/train_data_mmini/7/Train_0031.jpg	7	-1.0,1.0,1.0,1.0,1.0,1.0,1.0,1.0,1.0,-1.0,-1.0,1.0,-1.0,1.0,-1.0,1.0,1.0,-1.0,1.0,1.0,-1.0,1.0,1.0,-1.0	-0.37292755,0.30878115,0.5124148,0.65028024,1.0466022,0.47171238,0.17893511,0.17079693,0.85938483,-0.78508496,-0.09353758,0.70794046,-0.5798596,0.49686128,-0.7793183,0.2514521,0.5869873,-0.18982388,0.19779637,0.8791108,-0.101196125,0.08056947,0.48094967,-0.11818914
../data/train_data_mmini/7/Train_0032.jpg	7	1.0,-1.0,-1.0,1.0,1.0,1.0,-1.0,1.0,1.0,-1.0,-1.0,1.0,-1.0,1.0,-1.0,-1.0,1.0,1.0,1.0,1.0,1.0,-1.0,1.0,1.0	0.89502066,-0.42690074,-0.5515664,0.029012203,1.288921,0.83191335,-0.7544258,0.10147213,1.3576772,-2.5638406,-0.8783564,0.83140594,-0.5636761,1.1047311,-0.1758779,-0.49963826,0.35994157,1.1055994,1.7565391,1.076934,0.51449955,-0.96853465,0.9623674,1.8844672
../data/train_data_mmini/7/Train_0033.jpg	7	-1.0,1.0,1.0,1.0,1.0,1.0,1.0,1.0,1.0,-1.0,1.0,1.0,-1.0,1.0,-1.0,1.0,1.0,-1.0,-1.0,1.0,-1.0,1.0,1.0,-1.0	-0.50966316,0.47762254,0.41263452,1.0138652,1.0830071,0.6881684,0.5642589,0.51305366,0.39322126,-0.1581745,0.0050912118,0.6050402,-0.9053018,0.039417263,-1.0752599,0.8140666,1.0091337,-0.80911154,-0.57818156,0.87030095,-0.41677293,0.6562569,0.63289523,-0.69309497
../data/train_data_mmini/7/Train_0034.jpg	7	1.0,-1.0,-1.0,-1.0,1.0,1.0,-1.0,1.0,1.0,-1.0,-1.0,1.0,-1.0,1.0,-1.0,-1.0,1.0,1.0,1.0,1.0,-1.0,-1.0,1.0,1.0	0.17561282,-0.53142023,-0.7760133,-0.15299898,1.845785,0.87022686,-0.38673252,0.44306403,1.1650183,-1.5234734,-0.34829935,1.3180542,-1.0589678,1.1801119,-0.6203616,-0.091681816,0.7452934,0.94411796,1.9564205,1.2659795,-0.09160352,-0.5891042,1.0791831,2.0594208
../data/train_data_mmini/8/Train_0035.jpg	8	-1.0,1.0,1.0,1.0,1.0,1.0,1.0,1.0,1.0,-1.0,-1.0,1.0,-1.0,1.0,-1.0,1.0,1.0,-1.0,1.0,1.0,-1.0,1.0,1.0,-1.0	-0.2390654,0.8389129,0.115283296,0.9838949,1.2256263,0.63987195,0.15692759,0.1835454,0.5674639,-0.8257612,-0.5421633,0.4753495,-0.5880264,0.48432052,-1.0748991,0.13733453,0.50371206,-0.5726428,0.035679087,0.9151541,-0.29230866,0.74106264,0.42728812,-0.35905957
../data/train_data_mmini/8/Train_0036.jpg	8	-1.0,1.0,1.0,1.0,1.0,1.0,1.0,1.0,1.0,-1.0,-1.0,1.0,-1.0,1.0,-1.0,1.0,1.0,-1.0,1.0,1.0,-1.0,1.0,1.0,-1.0	-0.30721843,0.48670542,0.41085434,1.1726542,1.6559315,0.7422957,0.24700731,0.3167193,0.9233905,-1.1947392,-0.09506408,1.0014737,-0.9418794,0.42513022,-1.6262636,0.40538943,0.6707713,-0.7050281,0.19672015,1.2593312,-0.06652479,0.69979995,1.2077124,-0.3312565
../data/train_data_mmini/8/Train_0037.jpg	8	1.0,-1.0,1.0,1.0,1.0,1.0,-1.0,1.0,1.0,-1.0,-1.0,1.0,-1.0,1.0,-1.0,1.0,1.0,1.0,1.0,1.0,1.0,-1.0,1.0,1.0	0.36296308,-0.47752622,0.09728505,0.031576008,1.0693692,0.9413496,-0.14445794,0.44363058,0.9819762,-1.4657224,-0.04376308,1.2413812,-0.76231277,0.55262953,-0.48127255,0.38372597,0.8472136,0.21509211,1.1219784,0.92925507,0.07676192,-0.25818852,1.2390394,0.85616463
../data/train_data_mmini/8/Train_0038.jpg	8	-1.0,1.0,1.0,1.0,1.0,1.0,1.0,1.0,1.0,-1.0,-1.0,1.0,-1.0,1.0,-1.0,1.0,1.0,-1.0,1.0,1.0,-1.0,1.0,1.0,-1.0	-0.037411045,0.48671284,0.44776636,0.6160736,0.8348922,0.48627195,0.030611187,0.067936756,0.7961405,-0.8175858,-0.15516187,0.562509,-0.44673666,0.61661255,-0.5970278,0.029944427,0.4493221,-0.18639918,0.3368941,0.6955804,-0.11705366,0.18222675,0.2772808,-0.091013506
../data/train_data_mmini/8/Train_0039.jpg	8	-1.0,1.0,-1.0,1.0,1.0,1.0,1.0,1.0,1.0,-1.0,-1.0,1.0,-1.0,1.0,-1.0,-1.0,1.0,-1.0,1.0,1.0,-1.0,1.0,1.0,1.0	-0.26310992,0.5483586,-0.17004995,1.2466433,2.100119,0.9017683,0.37649995,0.23789544,1.0003614,-1.5372525,-0.40704456,1.1079175,-0.99169207,0.7036863,-1.4628099,-0.055595852,0.6923351,-0.53253794,0.63862824,1.3322867,-0.23190881,0.85660124,1.0686033,0.04259549
../data/train_data_mmini/9/Train_0040.jpg	9	1.0,1.0,1.0,-1.0,-1.0,1.0,-1.0,-1.0,-1.0,1.0,1.0,-1.0,1.0,-1.0,1.0,1.0,1.0,1.0,-1.0,1.0,-1.0,-1.0,-1.0,-1.0	0.016287794,0.45301566,0.79515624,-0.07526794,-0.5285921,0.5578083,-0.11245087,-0.2523586,-0.012400749,0.009351337,0.04700347,-0.3494318,0.10660502,-0.11446891,0.6752071,0.6991038,0.47176602,0.24160175,-0.34375355,0.22428963,-0.1708699,-0.6631649,-0.24124916,-0.5871593
../data/train_data_mmini/9/Train_0041.jpg	9	-1.0,1.0,-1.0,1.0,1.0,1.0,1.0,1.0,1.0,-1.0,-1.0,1.0,-1.0,1.0,-1.0,1.0,1.0,-1.0,1.0,1.0,-1.0,1.0,1.0,1.0	-0.2603857,0.1382079,-0.10762341,0.8035353,1.5234108,0.6862929,0.47057623,0.39620203,0.7619279,-0.9531139,-0.38780472,0.94340456,-0.93214154,0.61536777,-1.2495384,0.4924458,0.9408259,-0.45312515,0.12686819,1.0241007,-0.22821538,0.66498435,0.73058736,0.07884653
../data/train_data_mmini/9/Train_0042.jpg	9	1.0,-1.0,1.0,-1.0,1.0,1.0,-1.0,-1.0,1.0,-1.0,-1.0,1.0,1.0,1.0,1.0,1.0,1.0,1.0,1.0,1.0,1.0,-1.0,1.0,1.0	0.5919881,-0.27108535,0.37335187,-0.4499218,0.064588636,0.76061404,-0.7086862,-0.33918098,0.71944153,-1.2028005,-0.07718847,0.27967536,0.26362142,0.5134225,0.76264364,0.09165003,0.31346253,0.9865586,1.0870385,0.25286874,0.34894094,-1.2906545,0.4754314,1.0079077
../data/train_data_mmini/9/Train_0043.jpg	9	-1.0,1.0,1.0,1.0,-1.0,1.0,-1.0,-1.0,1.0,-1.0,-1.0,-1.0,-1.0,-1.0,1.0,1.0,1.0,1.0,-1.0,1.0,-1.0,-1.0,-1.0,-1.0	-0.12614903,0.6056295,0.6191712,0.29541758,-0.15670995,0.53685975,-0.011370093,-0.11132025,0.09470175,-0.20376517,-0.22685347,-0.16886353,-0.16651723,-0.07083548,0.11239308,0.49072254,0.52875865,0.08491979,-0.56712514,0.41923472,-0.11372654,-0.076881744,-0.060753778,-0.88648033
../data/train_data_mmini/9/Train_0044.jpg	9	-1.0,1.0,1.0,1.0,1.0,1.0,-1.0,-1.0,1.0,-1.0,-1.0,1.0,-1.0,1.0,-1.0,-1.0,1.0,-1.0,1.0,1.0,-1.0,-1.0,1.0,1.0	-0.53460044,0.286404,0.543719,0.48156255,1.0313516,0.224805,-0.118219584,-0.2916798,0.8902455,-1.0207217,-0.16468339,0.555116,-0.30420557,0.57947874,-0.3510811,-0.14653218,0.35398993,-0.014662882,0.9367861,0.26539418,-0.1358858,-0.112466715,0.177645,0.18560667
../data/train_data_mmini/10/Train_0045.jpg	10	-1.0,1.0,-1.0,1.0,1.0,1.0,1.0,1.0,1.0,-1.0,-1.0,1.0,-1.0,1.0,-1.0,-1.0,1.0,1.0,1.0,1.0,-1.0,1.0,1.0,1.0	-0.6717549,0.12571494,-1.0721133,1.4577223,3.6267598,0.63345397,0.089288235,0.7158959,1.7447155,-2.2861884,-0.7109151,1.872225,-1.6291342,1.5348127,-2.2461448,-0.7515976,0.5156927,0.02245889,1.4734793,1.7325433,-0.36962238,1.3916882,1.5131814,0.90572464
../data/train_data_mmini/10/Train_0046.jpg	10	1.0,-1.0,-1.0,-1.0,1.0,1.0,-1.0,-1.0,1.0,-1.0,-1.0,1.0,-1.0,1.0,-1.0,-1.0,1.0,1.0,1.0,1.0,1.0,-1.0,1.0,1.0	0.31767046,-0.661405,-0.39405125,-0.011814997,1.7562616,0.68649757,-0.5365495,-0.004821637,1.5371141,-2.412197,-0.2292922,1.4389857,-0.29789332,1.0034701,-0.4281358,-0.7201203,0.36404285,0.4480191,2.5660884,0.40821654,0.22139408,-0.5758291,1.1316442,2.06955
../data/train_data_mmini/10/Train_0047.jpg	10	-1.0,1.0,-1.0,1.0,1.0,1.0,-1.0,1.0,1.0,-1.0,-1.0,1.0,-1.0,1.0,-1.0,-1.0,1.0,1.0,1.0,1.0,1.0,1.0,1.0,1.0	-0.3097934,0.09786901,-0.27292192,0.5241719,2.1001983,0.66868997,-0.28600305,0.16601135,1.3485589,-1.9686316,-0.32475474,1.0919586,-0.8630148,1.2468042,-1.2175028,-0.53703594,0.5548624,0.6567944,1.5399368,1.3876187,0.074815154,0.013290634,0.9526133,1.0300677
../data/train_data_mmini/10/Train_0048.jpg	10	-1.0,1.0,-1.0,1.0,1.0,1.0,1.0,-1.0,1.0,-1.0,-1.0,1.0,-1.0,1.0,-1.0,-1.0,1.0,-1.0,1.0,1.0,-1.0,1.0,1.0,1.0	-1.5318216,1.0073333,-0.5337493,1.5621774,3.11895,0.04932449,0.09515154,-0.44111764,1.285556,-1.6704224,-0.6567368,1.0244364,-0.90563774,1.5384096,-2.0747476,-0.8924378,0.0914621,-0.2741103,1.4817829,1.0656246,-0.2531918,0.91593045,0.24647595,0.55998904
../data/train_data_mmini/10/Train_0049.jpg	10	-1.0,1.0,-1.0,1.0,1.0,1.0,1.0,1.0,1.0,-1.0,-1.0,1.0,-1.0,1.0,-1.0,-1.0,1.0,-1.0,1.0,1.0,-1.0,1.0,1.0,1.0	-0.25899842,0.3482719,-0.1161942,0.78566086,1.7715065,0.7021766,0.032116175,0.0903087,1.0082759,-1.413163,-0.4357654,0.95682204,-0.7312473,0.75700194,-1.0695357,-0.102484815,0.626545,-0.24392067,0.8771927,1.0779842,-0.13467714,0.5093582,0.82550156,0.41919175
