../data/train_data_mmini/1/Train_0000.jpg	1	1.0,-1.0,1.0,1.0,-1.0,-1.0,1.0,-1.0,-1.0,-1.0,1.0,1.0	0.6999069,-1.6889765,1.3288364,0.5357068,-1.8773075,-1.3604456,2.710493,-0.8640975,-1.4095047,-0.8968305,0.5757108,2.3188646
../data/train_data_mmini/1/Train_0001.jpg	1	-1.0,-1.0,1.0,1.0,-1.0,-1.0,1.0,1.0,1.0,-1.0,-1.0,-1.0	-4.35876,-0.30965498,1.096598,0.6681483,-0.59456366,-0.19160235,0.98055327,0.49413863,1.8162688,-2.9298902,-0.15363397,-0.014479637
../data/train_data_mmini/1/Train_0002.jpg	1	1.0,-1.0,-1.0,-1.0,-1.0,-1.0,1.0,1.0,1.0,1.0,1.0,-1.0	0.2527185,-1.0902364,-0.7238073,-1.3847482,-5.1038065,-0.9955934,2.1213458,0.11459893,0.9076945,0.3665867,1.3820108,-0.42644346
../data/train_data_mmini/1/Train_0003.jpg	1	1.0,-1.0,1.0,1.0,-1.0,1.0,1.0,-1.0,-1.0,-1.0,1.0,-1.0	0.08250348,-0.85874903,1.7758404,0.62141037,-1.1689258,0.28711158,0.2978673,-2.069745,-1.6043861,-3.8011708,0.43004546,-0.04189685
../data/train_data_mmini/1/Train_0004.jpg	1	-1.0,-1.0,1.0,1.0,1.0,-1.0,1.0,1.0,-1.0,-1.0,-1.0,1.0	-0.009126972,-0.8672267,1.5674996,1.5886306,0.045477226,-1.780369,1.637978,0.15031163,-1.29834,-0.07211372,-1.0310279,1.1069086
../data/train_data_mmini/2/Train_0005.jpg	2	1.0,1.0,-1.0,-1.0,1.0,-1.0,1.0,-1.0,1.0,-1.0,1.0,1.0	0.37373215,1.5397446,-2.5324934,-2.2169204,1.2962592,-2.2851782,0.7030402,-0.40934756,1.1707709,-0.14135419,0.70988727,1.5629337
../data/train_data_mmini/2/Train_0006.jpg	2	1.0,1.0,-1.0,-1.0,-1.0,-1.0,1.0,-1.0,-1.0,1.0,1.0,-1.0	1.514862,1.38027,-0.4521901,-2.6375978,-1.342257,-1.2639657,0.46579623,-1.3654974,-2.1065607,1.2831583,1.9618516,-0.75075805
../data/train_data_mmini/2/Train_0007.jpg	2	1.0,-1.0,1.0,-1.0,-1.0,-1.0,1.0,-1.0,-1.0,-1.0,-1.0,1.0	0.69940895,-0.7240279,1.5020083,-0.52432674,-0.21872759,-0.43187732,2.6484637,-1.1754749,-4.106118,-0.10084167,-1.2111728,4.292461
../data/train_data_mmini/2/Train_0008.jpg	2	1.0,-1.0,1.0,-1.0,-1.0,-1.0,1.0,1.0,1.0,1.0,-1.0,1.0	0.74025154,-0.33627662,0.67144316,-1.883546,-2.0536354,-1.2906892,3.2580223,0.5733491,1.5445056,1.8666302,-0.8432677,1.939529
../data/train_data_mmini/2/Train_0009.jpg	2	-1.0,-1.0,-1.0,-1.0,1.0,-1.0,1.0,-1.0,-1.0,1.0,1.0,-1.0	-0.7317615,-3.0015976,-1.3336878,-4.3052425,2.0191696,-1.2111354,1.3714898,-0.5607291,-0.35507542,3.755622,1.8913081,-0.6125169
../data/train_data_mmini/3/Train_0010.jpg	3	-1.0,1.0,-1.0,-1.0,1.0,-1.0,1.0,-1.0,-1.0,-1.0,-1.0,-1.0	-3.273766,0.88207495,-1.7086995,-3.7008762,2.08605,-1.1307889,2.2125926,-0.66101956,-0.29733956,-0.19966277,-0.69402647,-0.905831
../data/train_data_mmini/3/Train_0011.jpg	3	-1.0,-1.0,-1.0,-1.0,-1.0,-1.0,1.0,1.0,1.0,1.0,1.0,-1.0	-1.8081975,-3.436028,-2.614651,-4.44294,-3.435916,-2.2651875,4.0443,1.3695931,0.35188612,1.2954248,0.60347986,-1.2874349
../data/train_data_mmini/3/Train_0012.jpg	3	-1.0,-1.0,-1.0,-1.0,-1.0,-1.0,1.0,-1.0,1.0,-1.0,1.0,-1.0	-2.7058702,-3.0973287,-0.3521422,-1.6436737,-1.2139044,-3.5157251,1.7979705,-0.18741563,0.27881974,-0.81216013,2.2193205,-2.014185
../data/train_data_mmini/3/Train_0013.jpg	3	-1.0,1.0,-1.0,-1.0,-1.0,-1.0,1.0,-1.0,1.0,1.0,1.0,-1.0	-0.75421417,0.7435534,-1.1585157,-3.0677843,-1.2854445,-0.5047301,0.42641065,-0.5186292,2.0854588,2.0166693,2.194117,-1.4670335
../data/train_data_mmini/3/Train_0014.jpg	3	-1.0,-1.0,-1.0,-1.0,1.0,-1.0,1.0,1.0,1.0,1.0,1.0,-1.0	-1.2653607,-0.037013263,-2.6145213,-4.006326,0.18208657,-1.2673242,1.5915238,0.03519173,0.42711735,0.90128815,0.29186127,-0.9787526
../data/train_data_mmini/4/Train_0015.jpg	4	1.0,-1.0,1.0,-1.0,-1.0,-1.0,1.0,-1.0,1.0,1.0,-1.0,1.0	0.84438086,-1.847163,1.2863286,-1.6961135,-1.5224795,-2.3221595,3.2465148,-1.9048611,0.32176736,0.66807806,-0.74357104,1.8107696
../data/train_data_mmini/4/Train_0016.jpg	4	-1.0,-1.0,-1.0,-1.0,-1.0,-1.0,1.0,-1.0,1.0,-1.0,1.0,1.0	-0.39843184,-0.08617887,-0.39601856,-0.65490675,-3.4459167,-0.16244952,0.27571476,-0.2399053,3.2273095,-3.132029,0.05285886,0.017748922
../data/train_data_mmini/4/Train_0017.jpg	4	-1.0,-1.0,-1.0,-1.0,-1.0,-1.0,1.0,-1.0,1.0,1.0,1.0,-1.0	-1.7485819,-2.137818,-2.6227415,-4.6724195,-2.133627,-1.5694332,1.051693,-1.6377422,3.5070982,0.5046376,1.5496529,-1.575303
../data/train_data_mmini/4/Train_0018.jpg	4	-1.0,1.0,-1.0,-1.0,1.0,-1.0,1.0,-1.0,1.0,-1.0,-1.0,1.0	-0.019268047,0.7442391,-1.7455535,-0.13754159,1.4478344,-2.2157192,2.8841052,-0.5953791,0.8233506,-1.082659,-0.33520564,1.7606881
../data/train_data_mmini/4/Train_0019.jpg	4	-1.0,1.0,-1.0,-1.0,-1.0,-1.0,-1.0,-1.0,-1.0,1.0,1.0,-1.0	-0.27159706,2.7467837,-0.76316553,-2.1577623,-1.7147754,-0.9531397,-1.2457726,-1.0526602,-1.8993546,1.4135641,0.9591731,-2.5245736
../data/train_data_mmini/5/Train_0020.jpg	5	-1.0,1.0,1.0,1.0,-1.0,-1.0,-1.0,1.0,-1.0,-1.0,-1.0,1.0	-0.66434973,1.412592,1.5518146,1.5446575,-0.70137936,-0.9502593,-0.47817397,0.52407813,-1.7448672,-1.900565,-0.7642276,1.1191993
../data/train_data_mmini/5/Train_0021.jpg	5	1.0,-1.0,1.0,-1.0,1.0,-1.0,-1.0,1.0,1.0,1.0,-1.0,1.0	1.2128342,-0.5101999,0.27183396,-0.68594074,0.1951138,-0.5195585,-0.9569825,0.9837065,0.72599965,3.2705278,-0.57499593,0.12719306
../data/train_data_mmini/5/Train_0022.jpg	5	-1.0,1.0,1.0,-1.0,1.0,1.0,1.0,-1.0,-1.0,1.0,-1.0,1.0	-0.2270552,0.09178221,3.1679616,-1.8143401,0.17623363,0.02925615,1.9235214,-0.44322065,-3.11171,1.7741634,-0.23751822,2.3685372
../data/train_data_mmini/5/Train_0023.jpg	5	1.0,1.0,1.0,1.0,1.0,-1.0,1.0,-1.0,-1.0,-1.0,-1.0,1.0	0.54088557,0.16522598,2.6433609,1.4245229,0.09730177,-0.15058717,1.1809126,-1.7226312,-3.1635246,-2.4989743,-1.5934626,0.9495541
../data/train_data_mmini/5/Train_0024.jpg	5	1.0,-1.0,-1.0,-1.0,1.0,-1.0,1.0,-1.0,-1.0,1.0,1.0,1.0	1.077557,-2.4171305,-0.86942655,-1.3426932,1.5574708,-2.8386497,2.5196075,-1.3985014,-1.1664146,0.91184294,0.35870847,1.4652243
../data/train_data_mmini/6/Train_0025.jpg	6	-1.0,-1.0,-1.0,-1.0,-1.0,-1.0,1.0,-1.0,-1.0,1.0,1.0,-1.0	-0.47476602,-0.66881394,-4.852176,-6.7151523,-0.9847159,-3.0449083,0.32964963,-1.4900815,-1.5742298,1.0138825,3.2731576,-2.3501527
../data/train_data_mmini/6/Train_0026.jpg	6	-1.0,-1.0,-1.0,-1.0,1.0,-1.0,1.0,-1.0,1.0,-1.0,1.0,-1.0	-1.9318824,-1.4062676,-1.7936603,-1.3201096,1.9518225,-2.9506013,1.7030025,-1.0127577,0.15242882,-0.90307,0.17114547,-0.721076
../data/train_data_mmini/6/Train_0027.jpg	6	-1.0,-1.0,-1.0,-1.0,-1.0,-1.0,1.0,-1.0,-1.0,1.0,-1.0,-1.0	-2.0331106,-1.3188002,-3.0059946,-5.061378,-0.28708476,-2.801476,1.4912038,-0.4245224,-0.16681911,0.315696,-0.33318603,-2.4027095
../data/train_data_mmini/6/Train_0028.jpg	6	-1.0,-1.0,-1.0,-1.0,-1.0,1.0,1.0,1.0,1.0,1.0,-1.0,1.0	-1.5886692,-0.40249005,-2.8538706,-4.386146,-2.0174458,1.0911509,3.0479798,0.05918494,0.22882657,0.5653336,-0.080508366,0.11729866
../data/train_data_mmini/6/Train_0029.jpg	6	-1.0,-1.0,-1.0,-1.0,-1.0,-1.0,1.0,-1.0,1.0,1.0,1.0,-1.0	-0.89788616,-2.6033955,-3.299994,-3.9892895,-0.17379099,-2.8627844,2.0606132,-3.465789,1.9892741,3.3885293,4.9756846,-0.8313993
../data/train_data_mmini/7/Train_0030.jpg	7	1.0,-1.0,1.0,-1.0,-1.0,-1.0,1.0,-1.0,-1.0,1.0,1.0,1.0	0.13452874,-1.8184545,0.013648167,-3.3606431,-0.5847564,-0.92557144,0.67540646,-1.2754939,-1.5826771,0.7448454,2.9539714,1.323535
../data/train_data_mmini/7/Train_0031.jpg	7	-1.0,-1.0,-1.0,-1.0,1.0,-1.0,1.0,1.0,1.0,1.0,1.0,1.0	-0.37377822,-0.43193075,-2.17585,-3.6333985,0.11219968,-2.0120566,1.1429222,0.61648273,2.8337333,1.520768,3.0936139,1.7688985
../data/train_data_mmini/7/Train_0032.jpg	7	-1.0,-1.0,-1.0,-1.0,-1.0,-1.0,1.0,1.0,1.0,1.0,-1.0,-1.0	-1.253288,-0.79562795,-3.687404,-3.86641,-1.1408818,-4.104971,2.1472616,1.1566598,3.0577435,1.4893917,-0.5901091,-2.6282313
../data/train_data_mmini/7/Train_0033.jpg	7	-1.0,-1.0,-1.0,-1.0,1.0,-1.0,1.0,-1.0,-1.0,1.0,1.0,-1.0	-0.58354014,-2.4636002,-2.0130668,-2.4325082,1.3827649,-2.2977824,2.2072,-0.24689877,-1.8513846,0.38851935,3.1108298,-0.23730046
../data/train_data_mmini/7/Train_0034.jpg	7	-1.0,-1.0,-1.0,-1.0,-1.0,-1.0,1.0,1.0,-1.0,1.0,-1.0,-1.0	-1.9845601,-0.90956736,-4.8124547,-5.327421,-0.61096716,-1.5826831,2.8124342,1.2022029,-0.1855895,1.379784,-0.99263966,-3.7586482
../data/train_data_mmini/8/Train_0035.jpg	8	-1.0,-1.0,-1.0,-1.0,1.0,-1.0,1.0,-1.0,1.0,1.0,1.0,1.0	-1.6626421,-2.7135103,-1.7515166,-7.494892,2.4567099,-0.5156633,2.7804585,-1.5931664,0.24581206,4.3138776,1.8471003,0.050275326
../data/train_data_mmini/8/Train_0036.jpg	8	-1.0,-1.0,-1.0,-1.0,1.0,-1.0,1.0,-1.0,-1.0,1.0,1.0,1.0	-0.52356887,-0.91201985,-5.0805445,-8.047568,0.47813082,-1.8066145,1.6681008,-1.5852356,-0.64910406,2.764163,4.196271,1.9118638
../data/train_data_mmini/8/Train_0037.jpg	8	-1.0,-1.0,-1.0,-1.0,1.0,-1.0,1.0,-1.0,1.0,1.0,1.0,-1.0	-1.0420424,-2.4408753,-5.1050687,-6.163859,0.6166893,-1.61961,2.050758,-0.30731207,1.863841,2.786131,1.3418036,-0.5744417
../data/train_data_mmini/8/Train_0038.jpg	8	-1.0,-1.0,-1.0,-1.0,-1.0,-1.0,1.0,-1.0,1.0,1.0,1.0,-1.0	-1.02262,-2.141308,-0.3731768,-6.6651278,-1.3820161,-0.496823,1.7416787,-0.31884885,2.3072126,2.8964715,1.0191661,-0.93623686
../data/train_data_mmini/8/Train_0039.jpg	8	-1.0,-1.0,-1.0,-1.0,1.0,-1.0,1.0,-1.0,-1.0,1.0,1.0,1.0	-2.026862,-4.0867,-3.7194302,-8.891458,1.993392,-2.2579226,3.1378717,-1.1102104,-0.007445339,5.945944,4.751518,1.0084722
../data/train_data_mmini/9/Train_0040.jpg	9	-1.0,-1.0,-1.0,-1.0,-1.0,-1.0,1.0,-1.0,-1.0,1.0,-1.0,1.0	-0.3759743,-1.2072277,-0.9424378,-2.6339476,-0.3067091,-0.9974717,1.3982018,-1.6937776,-2.2981567,2.8023973,-0.20618054,2.5940716
../data/train_data_mmini/9/Train_0041.jpg	9	-1.0,1.0,-1.0,-1.0,1.0,-1.0,1.0,1.0,-1.0,-1.0,1.0,1.0	-3.4739375,0.7758739,-3.9052103,-1.7837216,0.23501115,-2.0483387,1.7761239,1.5343716,-0.01031727,-0.7595493,2.0328603,0.17625192
../data/train_data_mmini/9/Train_0042.jpg	9	-1.0,-1.0,-1.0,-1.0,-1.0,-1.0,1.0,1.0,1.0,1.0,-1.0,1.0	-0.018908035,-1.0242851,-0.30020267,-1.1532214,-1.4945798,-3.3025699,1.9078751,0.10065061,0.4788663,0.7480806,-1.3528876,1.7096411
../data/train_data_mmini/9/Train_0043.jpg	9	1.0,1.0,-1.0,-1.0,1.0,-1.0,1.0,-1.0,-1.0,1.0,-1.0,1.0	0.8320354,0.32096058,-0.7635342,-4.1307683,0.22701,-0.57935995,1.2266358,-0.69952154,-2.8162055,3.2679477,-0.22146475,3.257667
../data/train_data_mmini/9/Train_0044.jpg	9	-1.0,-1.0,-1.0,-1.0,-1.0,-1.0,1.0,-1.0,-1.0,1.0,1.0,-1.0	-1.6616703,-1.5597087,-1.6873417,-5.23061,-0.11595447,-3.3504817,0.10481936,-2.1308413,-0.8608307,2.3107886,2.1119862,-0.77683985
../data/train_data_mmini/10/Train_0045.jpg	10	-1.0,-1.0,-1.0,-1.0,1.0,-1.0,1.0,-1.0,1.0,1.0,1.0,-1.0	-1.7851893,-4.592709,-5.449207,-12.691205,2.3588207,-3.9558895,4.1551385,-0.8634169,0.43275103,6.885026,3.1773844,-1.9732691
../data/train_data_mmini/10/Train_0046.jpg	10	-1.0,-1.0,-1.0,-1.0,-1.0,-1.0,1.0,-1.0,1.0,1.0,-1.0,-1.0	-1.0549631,-2.805266,-3.144387,-7.3426313,-1.4177669,-3.0625808,1.6685287,-0.38384902,1.3048539,3.155035,-0.27351183,-3.3042343
../data/train_data_mmini/10/Train_0047.jpg	10	1.0,-1.0,-1.0,-1.0,1.0,-1.0,1.0,-1.0,1.0,1.0,1.0,-1.0	0.2752037,-2.1126091,-5.2945633,-9.3927965,1.1217943,-1.9573038,1.7360766,-0.66682434,2.6147728,5.392732,2.5053446,-0.48153633
../data/train_data_mmini/10/Train_0048.jpg	10	-1.0,-1.0,-1.0,-1.0,1.0,-1.0,1.0,1.0,-1.0,1.0,1.0,-1.0	-1.4517237,-3.8682108,-2.4388363,-10.6748905,1.5747603,-5.5770106,2.1809678,0.43352547,-0.28740814,6.2355237,3.435627,-2.6290216
../data/train_data_mmini/10/Train_0049.jpg	10	-1.0,-1.0,-1.0,-1.0,1.0,-1.0,1.0,-1.0,1.0,1.0,1.0,-1.0	-2.9729002,-3.3954866,-4.8386974,-9.495292,1.9466934,-0.9559946,2.0559866,-1.3062245,0.59641343,6.1154385,2.4989882,-1.1794935
