../data/train_data_mmini/1/Train_0000.jpg	1	1.0,-1.0,-1.0,1.0,1.0,1.0,1.0,1.0,-1.0,1.0,-1.0,-1.0	1.8347301,-3.1148725,-0.3285805,4.162643,0.72089577,1.9535546,0.7562776,3.8099847,-1.0896559,0.4448599,-2.6262333,-1.9524927
../data/train_data_mmini/1/Train_0001.jpg	1	1.0,-1.0,-1.0,1.0,1.0,-1.0,1.0,1.0,-1.0,-1.0,-1.0,-1.0	2.014043,-1.5075848,-1.9544208,5.7862763,0.8134392,-0.033875007,0.7817894,5.856046,-4.6641335,-2.440342,-3.883374,-3.15805
../data/train_data_mmini/1/Train_0002.jpg	1	1.0,-1.0,-1.0,1.0,-1.0,1.0,-1.0,1.0,-1.0,1.0,-1.0,-1.0	1.2556058,-2.0702434,-0.34369266,9.175962,-2.424018,2.0047667,-2.9034836,2.90552,-6.6679673,1.1432546,-3.0441396,-0.79685354
../data/train_data_mmini/1/Train_0003.jpg	1	1.0,-1.0,-1.0,1.0,1.0,1.0,1.0,1.0,1.0,-1.0,-1.0,-1.0	2.7887452,-1.9499086,-1.5778952,2.7584438,2.5709226,1.0804214,2.9308984,3.7492225,0.96333134,-1.0659311,-2.7252977,-2.8426573
../data/train_data_mmini/1/Train_0004.jpg	1	1.0,-1.0,1.0,1.0,1.0,1.0,1.0,1.0,-1.0,1.0,-1.0,-1.0	1.3721923,-5.520069,0.22172245,3.4414797,0.9289474,1.3688748,1.7037604,7.5497513,-0.56213486,0.31064916,-1.8018259,-1.5668638
../data/train_data_mmini/2/Train_0005.jpg	2	1.0,1.0,-1.0,1.0,-1.0,-1.0,-1.0,1.0,-1.0,-1.0,-1.0,-1.0	1.7596986,2.8928154,-2.5435932,8.142081,-0.81125426,-0.4696411,-0.3605006,3.2948713,-5.1224008,-1.2484272,-1.0234501,-0.9864066
../data/train_data_mmini/2/Train_0006.jpg	2	-1.0,1.0,-1.0,1.0,-1.0,1.0,-1.0,1.0,-1.0,1.0,1.0,1.0	-0.9649167,2.8706985,-4.179658,8.792515,-2.23844,0.76924014,-0.7040077,1.1592189,-1.3671048,1.6891655,2.5461292,2.620617
../data/train_data_mmini/2/Train_0007.jpg	2	-1.0,-1.0,1.0,1.0,1.0,-1.0,1.0,1.0,1.0,1.0,-1.0,-1.0	-1.1416398,-4.6669908,3.8892705,1.2672179,2.9483678,-0.69615275,0.5889055,2.9633942,2.1741269,0.46907237,-2.9922447,-2.0407672
../data/train_data_mmini/2/Train_0008.jpg	2	-1.0,-1.0,1.0,1.0,-1.0,-1.0,-1.0,1.0,-1.0,1.0,1.0,1.0	-3.4027627,-1.3330911,2.7040446,6.0042224,-2.3524845,-2.0115561,-2.3135247,1.6536119,-1.3981951,2.795266,2.262687,2.6156986
../data/train_data_mmini/2/Train_0009.jpg	2	1.0,1.0,-1.0,1.0,-1.0,-1.0,1.0,1.0,-1.0,-1.0,1.0,-1.0	1.3357934,1.9424415,-4.576006,6.895994,-0.87822133,-1.7504439,1.7534531,5.8442235,-3.9282157,-2.621593,0.66478664,-0.17091046
../data/train_data_mmini/3/Train_0010.jpg	3	-1.0,-1.0,1.0,1.0,-1.0,-1.0,1.0,1.0,-1.0,-1.0,1.0,1.0	-2.4139698,-0.86689246,0.56113774,4.09928,-1.8222595,-4.428998,0.5303965,8.266184,-2.117131,-1.0256258,2.6284966,1.8510791
../data/train_data_mmini/3/Train_0011.jpg	3	1.0,-1.0,1.0,1.0,-1.0,-1.0,-1.0,1.0,-1.0,-1.0,-1.0,-1.0	1.0156467,-5.7244387,3.0505903,12.178573,-2.8191335,-1.4782629,-5.514347,7.594279,-9.564372,-0.98086226,-7.050429,-2.670387
../data/train_data_mmini/3/Train_0012.jpg	3	1.0,-1.0,-1.0,1.0,-1.0,1.0,1.0,1.0,-1.0,-1.0,-1.0,-1.0	5.457034,-2.161035,-7.534027,9.226663,-1.0542101,3.8628395,3.5185633,11.15385,-8.223377,-3.4697404,-5.505433,-4.0098124
../data/train_data_mmini/3/Train_0013.jpg	3	-1.0,1.0,-1.0,1.0,-1.0,1.0,-1.0,1.0,-1.0,1.0,1.0,1.0	-2.2502887,0.5161395,-4.0623407,9.163441,-3.6976743,2.7510211,-1.1263015,2.3866985,-3.3084047,3.1188006,2.9574342,3.922571
../data/train_data_mmini/3/Train_0014.jpg	3	-1.0,-1.0,1.0,1.0,-1.0,-1.0,-1.0,1.0,-1.0,1.0,-1.0,-1.0	-1.5969012,-0.47013134,1.4012994,8.148286,-2.0507264,-2.4456558,-3.371159,1.8510181,-4.2050576,1.2098448,-0.5946845,-0.05699221
../data/train_data_mmini/4/Train_0015.jpg	4	1.0,-1.0,-1.0,1.0,-1.0,1.0,1.0,1.0,-1.0,1.0,-1.0,-1.0	2.5138912,-2.3420706,-1.2999668,8.862499,-2.5972352,4.1182775,0.7869029,7.1639066,-3.5798311,2.6934767,-0.2840781,-0.39593542
../data/train_data_mmini/4/Train_0016.jpg	4	1.0,1.0,-1.0,1.0,1.0,-1.0,-1.0,-1.0,-1.0,-1.0,-1.0,-1.0	1.9020854,3.8607664,-1.8734468,6.905458,1.388256,-3.2458766,-1.661016,-0.264055,-5.923431,-3.7806196,-2.1680582,-2.1193151
../data/train_data_mmini/4/Train_0017.jpg	4	1.0,1.0,-1.0,1.0,-1.0,-1.0,-1.0,1.0,-1.0,-1.0,-1.0,-1.0	2.532312,3.6150804,-5.5541825,11.269524,-2.3978534,-0.11331957,-0.4909945,3.7408328,-8.08985,-2.3359478,-0.7616414,-0.2976224
../data/train_data_mmini/4/Train_0018.jpg	4	1.0,1.0,1.0,1.0,-1.0,-1.0,-1.0,1.0,-1.0,-1.0,1.0,-1.0	0.41855055,0.230775,0.10174468,5.8345075,-0.8627072,-1.6737864,-0.36758962,5.2915373,-2.421952,-0.4312538,0.67806923,-0.37016612
../data/train_data_mmini/4/Train_0019.jpg	4	-1.0,1.0,-1.0,1.0,-1.0,1.0,-1.0,1.0,-1.0,1.0,1.0,1.0	-0.122394785,2.7096634,-4.7864175,9.946,-2.586819,0.95653075,-1.1317204,1.607087,-2.9575632,1.4785149,1.5411713,1.721119
../data/train_data_mmini/5/Train_0020.jpg	5	1.0,-1.0,-1.0,1.0,1.0,-1.0,1.0,1.0,-1.0,-1.0,-1.0,-1.0	0.652188,-1.7282367,-0.30598193,2.892257,3.0978065,-1.6466995,1.333484,2.5819561,-1.1021332,-2.3112092,-3.3650706,-2.773262
../data/train_data_mmini/5/Train_0021.jpg	5	-1.0,-1.0,1.0,1.0,-1.0,1.0,1.0,1.0,1.0,1.0,1.0,1.0	-0.6709846,-4.328335,1.665783,6.7810783,-2.2392597,3.4508278,0.06458653,5.2998013,0.42374146,4.6550794,0.24577859,0.19543846
../data/train_data_mmini/5/Train_0022.jpg	5	-1.0,-1.0,1.0,1.0,1.0,-1.0,1.0,1.0,1.0,1.0,1.0,1.0	-1.9494282,-0.7635314,0.8825907,2.9849432,0.47523063,-1.1895022,0.33070645,1.8670114,0.41240087,0.70392066,0.48041403,0.5461648
../data/train_data_mmini/5/Train_0023.jpg	5	-1.0,-1.0,1.0,-1.0,1.0,-1.0,1.0,1.0,1.0,-1.0,-1.0,-1.0	-0.5478573,-3.0313845,0.19179398,-0.45533693,2.7599401,-0.19270504,3.8169427,3.7965147,3.834797,-0.25723216,-1.0000887,-1.2360163
../data/train_data_mmini/5/Train_0024.jpg	5	1.0,-1.0,-1.0,1.0,-1.0,1.0,1.0,1.0,-1.0,1.0,-1.0,-1.0	3.627534,-5.562182,-1.1879628,6.08725,-0.39110228,3.5563176,1.6376731,9.604669,-1.8653095,0.59801817,-2.780222,-1.9494239
../data/train_data_mmini/6/Train_0025.jpg	6	1.0,1.0,-1.0,1.0,-1.0,1.0,-1.0,1.0,-1.0,-1.0,-1.0,-1.0	3.2398765,2.128107,-3.720763,11.505357,-2.3188524,0.2055596,-1.0774845,5.9380436,-6.851049,-1.51215,-2.5566866,-1.7722182
../data/train_data_mmini/6/Train_0026.jpg	6	1.0,-1.0,-1.0,1.0,1.0,-1.0,1.0,1.0,-1.0,-1.0,-1.0,-1.0	3.4342601,-2.1519933,-0.0001205985,6.322238,1.9445375,-1.8886628,0.44440934,6.376983,-2.5364842,-2.6430075,-4.1847677,-3.6158311
../data/train_data_mmini/6/Train_0027.jpg	6	1.0,1.0,-1.0,1.0,-1.0,-1.0,-1.0,1.0,-1.0,-1.0,-1.0,-1.0	1.8305458,1.0456239,-1.3080341,8.977944,-0.9028529,-4.824296,-0.5929924,8.993387,-7.4518123,-4.7591777,-2.1395497,-2.1402617
../data/train_data_mmini/6/Train_0028.jpg	6	-1.0,-1.0,1.0,1.0,-1.0,-1.0,-1.0,1.0,-1.0,1.0,-1.0,-1.0	-2.4463704,-4.4735174,6.064376,9.1021385,-1.6476368,-3.0993154,-5.9680605,1.6733317,-4.5562844,1.3491236,-3.0707588,-0.42421633
../data/train_data_mmini/6/Train_0029.jpg	6	1.0,1.0,-1.0,1.0,-1.0,1.0,1.0,1.0,-1.0,-1.0,1.0,1.0	0.8750505,2.6885104,-8.382352,9.768372,-3.9600146,0.78889555,2.581058,7.7854657,-5.30435,-1.2936907,3.346006,2.5157576
../data/train_data_mmini/7/Train_0030.jpg	7	1.0,1.0,-1.0,1.0,1.0,-1.0,1.0,1.0,-1.0,-1.0,-1.0,-1.0	3.0583122,4.1200356,-4.8069005,8.286493,0.28252944,-0.06998264,1.0971462,2.131245,-4.2834907,-2.093751,-1.4077947,-2.1162229
../data/train_data_mmini/7/Train_0031.jpg	7	-1.0,1.0,-1.0,1.0,-1.0,-1.0,1.0,1.0,-1.0,-1.0,1.0,1.0	-0.28051573,2.330221,-3.680059,6.4025517,-1.650258,-1.5350577,0.50527287,3.6884289,-4.5000534,-1.719802,1.0662465,1.5483462
../data/train_data_mmini/7/Train_0032.jpg	7	1.0,-1.0,1.0,1.0,-1.0,-1.0,-1.0,1.0,-1.0,-1.0,-1.0,-1.0	2.1875107,-2.4512346,0.24641672,11.311578,-3.4295173,-0.98875666,-2.5115411,8.5843935,-8.230481,-0.75835466,-2.702073,-0.92818725
../data/train_data_mmini/7/Train_0033.jpg	7	1.0,1.0,-1.0,1.0,1.0,-1.0,1.0,1.0,-1.0,-1.0,-1.0,-1.0	3.2212446,0.26336005,-2.642622,6.6167016,1.2820529,-3.261097,0.17951141,5.9025044,-4.7759833,-5.3019996,-4.03688,-2.7487938
../data/train_data_mmini/7/Train_0034.jpg	7	-1.0,-1.0,1.0,1.0,-1.0,-1.0,-1.0,1.0,-1.0,-1.0,-1.0,-1.0	-0.6103988,-7.833495,6.0755243,10.48121,-2.351091,-3.2825572,-6.054867,9.446711,-5.962588,-0.3131518,-5.5382023,-2.0177727
../data/train_data_mmini/8/Train_0035.jpg	8	-1.0,1.0,-1.0,1.0,-1.0,-1.0,1.0,1.0,-1.0,1.0,1.0,1.0	-0.8761073,1.2302498,-2.4948053,8.745387,-3.7057064,-0.04595207,0.23633629,6.3857393,-4.614944,0.86855465,2.4772296,2.2254589
../data/train_data_mmini/8/Train_0036.jpg	8	1.0,1.0,-1.0,1.0,-1.0,-1.0,-1.0,1.0,-1.0,-1.0,1.0,1.0	0.6566471,4.339502,-2.4956563,9.875266,-2.134855,-2.3084128,-1.6127695,2.960599,-6.5615797,-1.4302279,0.26890472,0.5220021
../data/train_data_mmini/8/Train_0037.jpg	8	1.0,-1.0,1.0,1.0,-1.0,-1.0,-1.0,1.0,-1.0,-1.0,-1.0,-1.0	3.1422153,-1.5250229,0.31110823,11.49248,-1.9594911,-1.9402182,-2.8287513,7.6568108,-7.80495,-1.7540567,-3.3464084,-1.9517496
../data/train_data_mmini/8/Train_0038.jpg	8	-1.0,1.0,-1.0,1.0,-1.0,-1.0,-1.0,1.0,-1.0,1.0,1.0,1.0	-0.4381375,1.3948138,-2.377407,7.8334165,-2.79319,-0.55110437,-0.24290211,4.453466,-5.492025,0.13268393,1.5826873,1.8596002
../data/train_data_mmini/8/Train_0039.jpg	8	1.0,1.0,-1.0,1.0,-1.0,-1.0,1.0,1.0,-1.0,-1.0,1.0,1.0	0.22031929,1.5067177,-4.4572773,11.311441,-4.703218,-0.0015947418,0.106513955,7.793831,-7.295707,-0.1089041,1.4266673,1.5088612
../data/train_data_mmini/9/Train_0040.jpg	9	1.0,-1.0,1.0,1.0,-1.0,1.0,-1.0,1.0,-1.0,1.0,-1.0,-1.0	0.69670403,-3.648222,0.6203293,7.1134524,-1.3203787,1.6134088,-0.38138345,6.3928485,-2.4119635,2.1236143,-0.6245601,-0.6641535
../data/train_data_mmini/9/Train_0041.jpg	9	-1.0,1.0,-1.0,1.0,1.0,-1.0,-1.0,1.0,-1.0,-1.0,-1.0,-1.0	-0.4683942,0.42284113,-0.22003886,6.4354734,0.1708238,-4.630982,-2.931239,2.425216,-6.415813,-4.125429,-4.2022266,-2.5340567
../data/train_data_mmini/9/Train_0042.jpg	9	1.0,-1.0,-1.0,1.0,-1.0,1.0,1.0,1.0,-1.0,1.0,-1.0,-1.0	1.8576205,-5.0329547,-0.49273127,8.179696,-2.2515855,3.493828,0.37277958,9.063916,-3.7493067,2.4892447,-1.1023462,-0.78688276
../data/train_data_mmini/9/Train_0043.jpg	9	-1.0,1.0,1.0,1.0,-1.0,-1.0,-1.0,1.0,-1.0,1.0,1.0,1.0	-2.8383741,0.44982797,0.30157733,7.2510552,-2.2413664,-0.26113364,-1.1549726,2.1616294,-0.18521763,3.1191125,2.5329037,2.0602987
../data/train_data_mmini/9/Train_0044.jpg	9	1.0,1.0,-1.0,1.0,-1.0,1.0,1.0,1.0,-1.0,-1.0,1.0,1.0	2.272288,1.4003084,-7.4307046,9.653014,-3.017728,2.1119153,3.2413464,8.292822,-5.2184052,-1.3141071,1.1776391,0.51459706
../data/train_data_mmini/10/Train_0045.jpg	10	1.0,1.0,-1.0,1.0,-1.0,-1.0,-1.0,1.0,-1.0,-1.0,1.0,1.0	0.74592537,2.1471748,-3.6894596,12.0422735,-5.188538,-2.8772707,-0.555061,8.600291,-8.934259,-1.9529485,1.7897497,1.6131778
../data/train_data_mmini/10/Train_0046.jpg	10	1.0,1.0,-1.0,1.0,-1.0,-1.0,-1.0,1.0,-1.0,-1.0,-1.0,-1.0	2.2602825,0.14274254,-2.9527738,11.714578,-4.503757,-0.7201046,-0.9941486,7.720044,-8.4577675,-0.97292113,-0.60977733,-0.048516594
../data/train_data_mmini/10/Train_0047.jpg	10	1.0,1.0,-1.0,1.0,-1.0,-1.0,-1.0,1.0,-1.0,1.0,1.0,1.0	0.059037443,1.3200755,-0.27564374,12.722227,-4.704531,-0.10983374,-2.8233356,4.6667204,-6.5193725,2.4234004,0.79550177,1.5792092
../data/train_data_mmini/10/Train_0048.jpg	10	1.0,1.0,-1.0,1.0,-1.0,1.0,1.0,1.0,-1.0,-1.0,1.0,1.0	1.1423762,3.7751038,-7.031231,11.4656925,-4.430446,0.24062689,1.5036035,7.0992203,-7.4922037,-1.6201906,2.0077233,1.7677792
../data/train_data_mmini/10/Train_0049.jpg	10	1.0,-1.0,-1.0,1.0,-1.0,-1.0,-1.0,1.0,-1.0,1.0,1.0,1.0	0.7274602,-0.16906282,-2.1536484,11.103402,-4.592203,-0.32790256,-0.92387396,8.432861,-7.0270658,0.40499932,0.65695256,0.7470233
