../data/train_data_mmini/1/Train_0000.jpg	1	1.0,1.0,-1.0,1.0,1.0,1.0,1.0,-1.0,-1.0,-1.0,-1.0,-1.0	0.033214424,0.055575028,-0.4433472,0.36607024,0.3740409,0.04891788,0.30831665,-0.031652447,-0.08788402,-0.21477287,-0.2531292,-0.76425767
../data/train_data_mmini/1/Train_0001.jpg	1	-1.0,1.0,-1.0,1.0,1.0,-1.0,1.0,-1.0,-1.0,-1.0,-1.0,-1.0	-0.0009501302,0.05865042,-0.39104414,0.41039184,0.3946427,-0.0026892005,0.2902263,-0.00073492725,-0.059586473,-0.20976092,-0.2839434,-0.72114587
../data/train_data_mmini/1/Train_0002.jpg	1	1.0,-1.0,-1.0,1.0,1.0,1.0,1.0,1.0,-1.0,-1.0,-1.0,-1.0	0.03502861,-0.0015415805,-0.41826156,0.28822443,0.33493987,0.02827711,0.22969906,0.0119719785,-0.039920438,-0.16277921,-0.2320828,-0.5276119
../data/train_data_mmini/1/Train_0003.jpg	1	1.0,1.0,-1.0,1.0,1.0,1.0,1.0,-1.0,-1.0,-1.0,-1.0,-1.0	0.042348597,0.08618544,-0.46816814,0.35795805,0.38556108,0.08839412,0.3345784,-0.07161671,-0.11068211,-0.22414398,-0.31012878,-0.84655476
../data/train_data_mmini/1/Train_0004.jpg	1	1.0,1.0,-1.0,1.0,1.0,1.0,1.0,-1.0,-1.0,-1.0,-1.0,-1.0	0.045653578,0.08821832,-0.5411124,0.3285789,0.36673495,0.06301738,0.36520845,-0.085210115,-0.10879107,-0.21054518,-0.23475304,-0.8110834
../data/train_data_mmini/2/Train_0005.jpg	2	-1.0,1.0,-1.0,1.0,1.0,1.0,1.0,-1.0,-1.0,-1.0,-1.0,-1.0	-0.0005910267,0.016016377,-0.45605105,0.28909978,0.3529276,0.0062119295,0.23415801,-0.07633551,-0.018186279,-0.15179817,-0.33645996,-0.69786876
../data/train_data_mmini/2/Train_0006.jpg	2	-1.0,-1.0,-1.0,1.0,1.0,-1.0,1.0,-1.0,1.0,-1.0,-1.0,-1.0	-0.059008993,-0.035038613,-0.29669356,0.4680507,0.33600438,-0.023127653,0.19571047,-0.10423763,0.043791413,-0.2543231,-0.40998605,-0.7717956
../data/train_data_mmini/2/Train_0007.jpg	2	1.0,1.0,-1.0,1.0,1.0,1.0,1.0,-1.0,-1.0,-1.0,-1.0,-1.0	0.10418723,0.09079495,-0.5553058,0.30837986,0.410478,0.081181474,0.36057463,-0.06606807,-0.05377958,-0.27114233,-0.2843356,-0.8380788
../data/train_data_mmini/2/Train_0008.jpg	2	1.0,1.0,-1.0,1.0,1.0,-1.0,1.0,-1.0,1.0,-1.0,-1.0,-1.0	0.04566626,0.061273046,-0.47843692,0.21426675,0.3455526,-0.0032332544,0.28731832,-0.008840517,0.032198705,-0.28446898,-0.24641475,-0.60136974
../data/train_data_mmini/2/Train_0009.jpg	2	1.0,1.0,-1.0,1.0,1.0,1.0,1.0,-1.0,-1.0,-1.0,-1.0,-1.0	0.033236306,0.06597406,-0.52303386,0.38143355,0.3853857,0.054621927,0.30391714,-0.07441282,-0.052917752,-0.32970315,-0.38323274,-0.884193
../data/train_data_mmini/3/Train_0010.jpg	3	1.0,-1.0,-1.0,1.0,1.0,-1.0,1.0,-1.0,1.0,-1.0,-1.0,-1.0	0.036289025,-0.0037671006,-0.38628215,0.123716034,0.28103185,-0.0016772473,0.2424663,-0.08799572,0.15287381,-0.19595768,-0.28147116,-0.4769749
../data/train_data_mmini/3/Train_0011.jpg	3	1.0,1.0,-1.0,1.0,1.0,-1.0,1.0,-1.0,-1.0,-1.0,-1.0,-1.0	0.060198016,0.036554795,-0.4042293,0.27023414,0.28719604,-0.073581316,0.16983826,-0.010733232,-0.103491716,-0.14304031,-0.20465872,-0.5655039
../data/train_data_mmini/3/Train_0012.jpg	3	1.0,1.0,-1.0,1.0,1.0,1.0,1.0,-1.0,-1.0,-1.0,-1.0,-1.0	0.042510893,0.016840419,-0.42858744,0.50814193,0.44587952,0.008553163,0.37619737,-0.1454209,-0.28322655,-0.26461098,-0.31543562,-0.82844293
../data/train_data_mmini/3/Train_0013.jpg	3	-1.0,-1.0,-1.0,1.0,1.0,-1.0,1.0,-1.0,1.0,-1.0,-1.0,-1.0	-0.040118355,-0.03921581,-0.41214746,0.32156155,0.31329128,-0.028651835,0.2635842,-0.043745827,0.027638113,-0.28443497,-0.3877728,-0.6432617
../data/train_data_mmini/3/Train_0014.jpg	3	-1.0,1.0,-1.0,1.0,1.0,-1.0,1.0,-1.0,-1.0,-1.0,-1.0,-1.0	-0.033149313,0.015355933,-0.41356072,0.289441,0.34174562,-0.04056708,0.22413991,-0.09392324,-0.04847412,-0.17154625,-0.3269935,-0.70161366
../data/train_data_mmini/4/Train_0015.jpg	4	1.0,1.0,-1.0,1.0,1.0,1.0,1.0,-1.0,-1.0,-1.0,-1.0,-1.0	0.058990683,0.011076446,-0.48108307,0.4038311,0.43214858,0.002384388,0.33778813,-0.06038268,-0.12081005,-0.22363852,-0.22971609,-0.71818036
../data/train_data_mmini/4/Train_0016.jpg	4	1.0,1.0,-1.0,1.0,1.0,1.0,1.0,1.0,-1.0,-1.0,-1.0,-1.0	0.014496944,0.06274831,-0.38257363,0.2388095,0.35598648,0.05632235,0.16975494,0.012935553,-0.087635644,-0.22153263,-0.3099759,-0.5433816
../data/train_data_mmini/4/Train_0017.jpg	4	1.0,-1.0,-1.0,1.0,1.0,-1.0,1.0,-1.0,-1.0,-1.0,-1.0,-1.0	0.040955253,-0.046471704,-0.32631496,0.4594206,0.39151192,-0.013121432,0.15918063,-0.10200736,-0.10315739,-0.29298624,-0.40449017,-0.7979004
../data/train_data_mmini/4/Train_0018.jpg	4	-1.0,1.0,-1.0,1.0,1.0,1.0,1.0,-1.0,1.0,-1.0,-1.0,-1.0	-0.041244894,0.0025159596,-0.34748504,0.30921793,0.27866322,0.02211947,0.21620914,-0.09700768,0.0072271205,-0.12991029,-0.22127973,-0.51426387
../data/train_data_mmini/4/Train_0019.jpg	4	1.0,-1.0,-1.0,1.0,1.0,-1.0,1.0,-1.0,1.0,-1.0,-1.0,-1.0	0.019782485,-0.0046503637,-0.38905123,0.38698068,0.4391813,-0.033463076,0.23377821,-0.1212233,0.08285521,-0.20601214,-0.49079174,-0.7902865
../data/train_data_mmini/5/Train_0020.jpg	5	1.0,1.0,-1.0,1.0,1.0,1.0,1.0,-1.0,-1.0,-1.0,-1.0,-1.0	0.055835318,0.07944638,-0.52545184,0.37267408,0.48257628,0.065510154,0.35676718,-0.09089001,-0.029014556,-0.2173742,-0.29066563,-0.8942114
../data/train_data_mmini/5/Train_0021.jpg	5	1.0,1.0,-1.0,1.0,1.0,1.0,1.0,-1.0,-1.0,-1.0,-1.0,-1.0	0.037142117,0.059360355,-0.58466923,0.4409642,0.47620612,0.014722274,0.3874456,-0.055260226,-0.08662813,-0.317767,-0.37223274,-0.9187928
../data/train_data_mmini/5/Train_0022.jpg	5	1.0,1.0,-1.0,1.0,1.0,1.0,1.0,-1.0,-1.0,-1.0,-1.0,-1.0	0.091224,0.10209002,-0.49507877,0.2998718,0.42159075,0.02468859,0.31762412,-0.059124283,-0.015972706,-0.24514177,-0.32599905,-0.81949264
../data/train_data_mmini/5/Train_0023.jpg	5	1.0,1.0,-1.0,1.0,1.0,1.0,1.0,-1.0,-1.0,-1.0,-1.0,-1.0	0.04788418,0.09102899,-0.4425119,0.35871962,0.41276467,0.09964746,0.32268193,-0.09169524,-0.052164465,-0.18474616,-0.22959584,-0.8276902
../data/train_data_mmini/5/Train_0024.jpg	5	1.0,1.0,-1.0,1.0,1.0,1.0,1.0,-1.0,-1.0,-1.0,-1.0,-1.0	0.07612265,0.008042205,-0.5393663,0.30863276,0.36132145,0.09851637,0.40274465,-0.12414948,-0.07545819,-0.24196818,-0.27747947,-0.75379217
../data/train_data_mmini/6/Train_0025.jpg	6	1.0,-1.0,-1.0,1.0,1.0,1.0,1.0,-1.0,-1.0,-1.0,-1.0,-1.0	0.121404864,-0.04488756,-0.40221688,0.24412861,0.2788295,0.059333954,0.23593129,-0.1331791,-0.0179161,-0.15434657,-0.47694433,-0.66933495
../data/train_data_mmini/6/Train_0026.jpg	6	-1.0,-1.0,-1.0,1.0,1.0,1.0,1.0,-1.0,1.0,-1.0,-1.0,-1.0	-0.025583033,-0.0038085533,-0.44642365,0.3553677,0.34202498,0.001981652,0.28496933,-0.106997326,0.0193535,-0.1896207,-0.32410955,-0.69930476
../data/train_data_mmini/6/Train_0027.jpg	6	1.0,1.0,-1.0,1.0,1.0,-1.0,1.0,-1.0,-1.0,-1.0,-1.0,-1.0	0.0040728296,0.069030635,-0.3612451,0.25269726,0.32290316,-0.008679625,0.168069,-0.03470471,-0.059857562,-0.17894848,-0.26504913,-0.5009547
../data/train_data_mmini/6/Train_0028.jpg	6	1.0,1.0,-1.0,1.0,1.0,-1.0,1.0,1.0,-1.0,-1.0,-1.0,-1.0	0.036992755,0.07085076,-0.43549424,0.18966612,0.28711918,-0.03042096,0.22827812,0.007398843,-0.09247201,-0.20234342,-0.21874698,-0.5953133
../data/train_data_mmini/6/Train_0029.jpg	6	1.0,-1.0,-1.0,1.0,1.0,1.0,1.0,-1.0,1.0,-1.0,-1.0,-1.0	0.07479409,-0.03585782,-0.41140702,0.32447612,0.2821427,0.12651344,0.29555202,-0.08171179,0.0061313338,-0.2182797,-0.4598796,-0.686812
../data/train_data_mmini/7/Train_0030.jpg	7	-1.0,1.0,-1.0,1.0,1.0,1.0,1.0,-1.0,-1.0,-1.0,-1.0,-1.0	-0.007531547,0.042970452,-0.55483663,0.5123618,0.47685054,0.03233665,0.3378078,-0.06874512,-0.07051369,-0.32090378,-0.4421674,-0.93276036
../data/train_data_mmini/7/Train_0031.jpg	7	-1.0,1.0,-1.0,1.0,1.0,1.0,1.0,-1.0,-1.0,-1.0,-1.0,-1.0	-0.034838922,0.008382199,-0.49824002,0.41295072,0.41061497,0.049217626,0.32027286,-0.10189027,-0.04101188,-0.33778772,-0.4219051,-0.83847964
../data/train_data_mmini/7/Train_0032.jpg	7	1.0,1.0,-1.0,1.0,1.0,-1.0,1.0,-1.0,-1.0,-1.0,-1.0,-1.0	0.0006971268,0.060547408,-0.5076333,0.34179753,0.31085098,-0.0692719,0.26102585,-0.07562474,-0.067075,-0.19206819,-0.29052064,-0.66034967
../data/train_data_mmini/7/Train_0033.jpg	7	1.0,1.0,-1.0,1.0,1.0,1.0,1.0,-1.0,-1.0,-1.0,-1.0,-1.0	0.0049593984,0.012156375,-0.46697837,0.3662021,0.38471186,0.0027948944,0.29918247,-0.11509624,-0.05549475,-0.25891548,-0.37468168,-0.7843158
../data/train_data_mmini/7/Train_0034.jpg	7	1.0,-1.0,-1.0,1.0,1.0,-1.0,1.0,-1.0,-1.0,-1.0,-1.0,-1.0	0.015215535,-0.021039851,-0.47877467,0.08812706,0.28292567,-0.0130232405,0.19103307,-0.04298817,-0.07742946,-0.121543646,-0.16213964,-0.42366934
../data/train_data_mmini/8/Train_0035.jpg	8	1.0,1.0,-1.0,1.0,1.0,1.0,1.0,-1.0,-1.0,-1.0,-1.0,-1.0	0.06306585,0.032330073,-0.4869383,0.3279305,0.35429937,0.008271039,0.2838587,-0.050951775,-0.023199582,-0.25759238,-0.35796037,-0.7143386
../data/train_data_mmini/8/Train_0036.jpg	8	1.0,1.0,-1.0,1.0,1.0,-1.0,1.0,-1.0,-1.0,-1.0,-1.0,-1.0	0.105612725,0.025423275,-0.48743817,0.31552097,0.33327904,-0.024394441,0.2300528,-0.08084104,-0.07113358,-0.26747862,-0.4043888,-0.72075826
../data/train_data_mmini/8/Train_0037.jpg	8	1.0,1.0,-1.0,1.0,1.0,-1.0,1.0,-1.0,-1.0,-1.0,-1.0,-1.0	0.04429686,0.010269662,-0.57567334,0.3619848,0.35980815,-0.047252525,0.28077388,-0.044361237,-0.0944963,-0.25705585,-0.36218897,-0.77806044
../data/train_data_mmini/8/Train_0038.jpg	8	1.0,1.0,-1.0,1.0,1.0,1.0,1.0,-1.0,1.0,-1.0,-1.0,-1.0	0.036178455,0.095099874,-0.493555,0.29318643,0.43754372,0.08137689,0.27221066,-0.045896064,0.014612491,-0.25052384,-0.32358673,-0.6737261
../data/train_data_mmini/8/Train_0039.jpg	8	1.0,-1.0,-1.0,1.0,1.0,-1.0,1.0,-1.0,-1.0,-1.0,-1.0,-1.0	0.14180472,-0.0069623636,-0.5220055,0.41920343,0.33396146,-0.054539673,0.26619697,-0.019125532,-0.06455096,-0.30572233,-0.39900357,-0.78812355
../data/train_data_mmini/9/Train_0040.jpg	9	1.0,1.0,-1.0,1.0,1.0,1.0,1.0,-1.0,-1.0,-1.0,-1.0,-1.0	0.056537583,0.014623644,-0.62490916,0.37742928,0.45457995,0.032079965,0.39333594,-0.047343705,-0.10475485,-0.33492452,-0.35638127,-0.9310824
../data/train_data_mmini/9/Train_0041.jpg	9	1.0,1.0,-1.0,1.0,1.0,-1.0,1.0,-1.0,-1.0,-1.0,-1.0,-1.0	0.017204251,0.02355914,-0.4089613,0.2728751,0.37228954,-0.05315516,0.2096061,-0.067240745,-0.00157352,-0.2448549,-0.30487546,-0.61961603
../data/train_data_mmini/9/Train_0042.jpg	9	1.0,-1.0,-1.0,1.0,1.0,1.0,1.0,-1.0,-1.0,-1.0,-1.0,-1.0	0.073779844,-0.005943751,-0.5388311,0.340657,0.4071584,0.06553687,0.38977626,-0.042987015,-0.11179774,-0.26486412,-0.30415517,-0.7288071
../data/train_data_mmini/9/Train_0043.jpg	9	1.0,1.0,-1.0,1.0,1.0,-1.0,1.0,-1.0,1.0,-1.0,-1.0,-1.0	0.013664738,0.041983604,-0.5642011,0.3292701,0.44539392,-0.037951823,0.31036478,-0.031503525,0.02142799,-0.29304227,-0.34795314,-0.8562622
../data/train_data_mmini/9/Train_0044.jpg	9	1.0,-1.0,-1.0,1.0,1.0,-1.0,1.0,-1.0,-1.0,-1.0,-1.0,-1.0	0.02969558,-0.04534709,-0.51511747,0.4244264,0.44131473,-0.0044068187,0.3615136,-0.07738144,-0.06809981,-0.30425045,-0.42134306,-0.8989012
../data/train_data_mmini/10/Train_0045.jpg	10	1.0,-1.0,-1.0,1.0,1.0,-1.0,1.0,-1.0,-1.0,-1.0,-1.0,-1.0	0.17494592,-0.031696945,-0.4781019,0.27266797,0.19184147,-0.02394218,0.110190466,-0.055541683,-0.06977831,-0.1666091,-0.40326017,-0.53648645
../data/train_data_mmini/10/Train_0046.jpg	10	1.0,-1.0,-1.0,1.0,1.0,1.0,1.0,-1.0,1.0,-1.0,-1.0,-1.0	0.052917786,-0.06120503,-0.38717598,0.18940082,0.24283026,0.018067406,0.16016756,-0.037344106,0.0054119043,-0.14562194,-0.30297893,-0.48569608
../data/train_data_mmini/10/Train_0047.jpg	10	1.0,-1.0,-1.0,1.0,1.0,1.0,1.0,-1.0,-1.0,-1.0,-1.0,-1.0	0.102351084,-0.017433831,-0.568446,0.25897557,0.27893466,0.0040897722,0.24985214,-0.07736322,-0.074332215,-0.25843748,-0.45272952,-0.74947107
../data/train_data_mmini/10/Train_0048.jpg	10	1.0,-1.0,-1.0,1.0,1.0,1.0,1.0,-1.0,-1.0,-1.0,-1.0,-1.0	0.15465061,-0.02272172,-0.48003092,0.27388465,0.30480283,0.069325075,0.32102036,-0.100989275,-0.05291001,-0.20704174,-0.46554005,-0.6961165
../data/train_data_mmini/10/Train_0049.jpg	10	1.0,-1.0,-1.0,1.0,1.0,-1.0,1.0,-1.0,-1.0,-1.0,-1.0,-1.0	0.118220076,-0.0059030885,-0.5126193,0.33786058,0.26579776,-0.0073394375,0.2531217,-0.026012212,-0.056421135,-0.24150652,-0.41952118,-0.7358974
