../data/train_data_mmini/1/Train_0000.jpg	1	-1.0,-1.0,-1.0,-1.0,-1.0,-1.0,1.0,-1.0,-1.0,1.0,1.0,1.0,-1.0,-1.0,-1.0,1.0,-1.0,-1.0,-1.0,1.0,1.0,1.0,1.0,-1.0	-0.7232423,-0.09777656,-0.37253478,-0.5984226,-0.9440381,-0.20191151,0.86930925,-0.21665122,-0.010086104,0.49711356,0.477835,0.1164172,-0.8066432,-0.2416686,-1.0641717,0.61929333,-0.458043,-0.028380482,-0.019546047,0.954978,0.7575407,0.5241123,0.42669162,-0.50063777
../data/train_data_mmini/1/Train_0001.jpg	1	-1.0,1.0,-1.0,-1.0,-1.0,-1.0,1.0,-1.0,-1.0,1.0,-1.0,1.0,-1.0,-1.0,-1.0,1.0,1.0,1.0,-1.0,1.0,1.0,1.0,1.0,1.0	-0.83205354,0.030369457,-0.43300936,-0.59897596,-0.9113245,-0.2950303,0.98066884,-0.100652084,-0.12327926,0.18893617,-0.17148545,0.4921798,-0.51274836,-0.4439566,-0.9962143,0.20906726,0.067513146,0.2166405,-0.0037326356,0.16590823,0.45325384,0.3146379,0.48807475,0.06631902
../data/train_data_mmini/1/Train_0002.jpg	1	1.0,1.0,1.0,1.0,1.0,1.0,-1.0,-1.0,-1.0,1.0,-1.0,1.0,-1.0,-1.0,1.0,1.0,1.0,-1.0,-1.0,-1.0,1.0,1.0,1.0,1.0	0.38330942,0.50869375,0.054794505,0.11672822,0.25752562,0.4612687,-0.12589607,-0.8933738,-0.18189286,0.2749721,-0.05524298,0.07129735,-0.24597996,-0.3137207,0.36673132,0.23621808,0.20674682,-0.11314812,-0.016255215,-0.38269362,0.4608691,0.311489,0.5701194,0.6657128
../data/train_data_mmini/1/Train_0003.jpg	1	-1.0,-1.0,-1.0,-1.0,-1.0,-1.0,1.0,1.0,1.0,1.0,1.0,1.0,-1.0,-1.0,-1.0,1.0,-1.0,1.0,-1.0,1.0,1.0,1.0,1.0,-1.0	-1.1090673,-0.2361941,-0.47032225,-0.7125335,-1.1597533,-0.33027086,1.0381407,0.044409618,0.039885536,0.20683035,0.2801569,0.24781834,-0.72010994,-0.36601055,-1.4740629,0.59103286,-0.5078955,0.2612733,-0.08258863,1.0621928,0.5789585,0.47263354,0.40502656,-0.6479282
../data/train_data_mmini/1/Train_0004.jpg	1	-1.0,-1.0,-1.0,-1.0,-1.0,-1.0,1.0,-1.0,1.0,1.0,1.0,1.0,-1.0,-1.0,-1.0,1.0,-1.0,-1.0,1.0,1.0,1.0,1.0,1.0,-1.0	-0.6024481,-0.028645653,-0.31225872,-0.5411493,-0.7983612,-0.03866408,0.835105,-0.3142671,0.093356386,1.047153,0.7983639,0.17123598,-0.9405985,-0.3161378,-0.9052487,0.70596224,-0.52777237,-0.3193424,0.0737503,0.9354203,0.86771345,0.5615966,0.45675772,-0.62152064
../data/train_data_mmini/2/Train_0005.jpg	2	-1.0,-1.0,-1.0,1.0,-1.0,-1.0,1.0,1.0,1.0,-1.0,-1.0,1.0,1.0,-1.0,-1.0,-1.0,1.0,1.0,-1.0,-1.0,-1.0,-1.0,-1.0,1.0	-0.39142036,-0.2458524,-0.06798147,0.0078281425,-0.10440921,-0.15149376,0.14516777,0.16915901,0.06972642,-0.56323534,-0.7666975,0.082583874,0.41177264,-0.24500866,-0.19545124,-0.39983854,0.22163233,0.30574152,-0.03396018,-0.3642025,-0.4517847,-0.35580456,-0.19823116,0.10314104
../data/train_data_mmini/2/Train_0006.jpg	2	1.0,-1.0,1.0,1.0,1.0,1.0,-1.0,-1.0,-1.0,-1.0,-1.0,-1.0,1.0,1.0,1.0,-1.0,1.0,1.0,-1.0,1.0,-1.0,-1.0,-1.0,1.0	0.782774,-0.37882933,0.05931489,0.08407214,0.17220394,0.19787014,-0.43731114,-0.119562924,-0.039532706,-0.5544822,-0.18837279,-0.518303,0.6026206,0.6047724,0.41390055,-0.2777097,0.12930262,0.023274424,-0.13188459,0.37699792,-0.29448387,-0.059712343,-0.69867194,0.040882528
../data/train_data_mmini/2/Train_0007.jpg	2	-1.0,-1.0,-1.0,-1.0,-1.0,-1.0,1.0,-1.0,1.0,1.0,1.0,1.0,-1.0,-1.0,-1.0,1.0,-1.0,-1.0,1.0,1.0,1.0,1.0,1.0,-1.0	-0.9771995,-0.2943788,-0.42234102,-0.7410723,-1.055692,-0.26476523,0.963485,-0.008243187,0.09426074,1.1348035,0.8166708,0.15575308,-1.1299901,-0.27712488,-1.3946183,0.62201107,-0.87216645,-0.122978985,0.16647147,1.2438824,1.0462197,0.49285913,0.47430718,-0.96213114
../data/train_data_mmini/2/Train_0008.jpg	2	1.0,1.0,1.0,1.0,1.0,1.0,-1.0,-1.0,1.0,1.0,1.0,-1.0,-1.0,1.0,1.0,1.0,-1.0,-1.0,1.0,1.0,1.0,1.0,-1.0,-1.0	0.7446301,0.051104706,0.13485192,0.048154708,0.07231717,0.38040772,-0.24672884,-0.37686837,0.03963907,0.6187362,0.73926866,-0.50560284,-0.2111637,0.4395305,0.44185364,0.19455048,-0.3616165,-0.66283935,0.20330898,0.6384537,0.34704158,0.05985547,-0.25558186,-0.28217107
../data/train_data_mmini/2/Train_0009.jpg	2	-1.0,-1.0,-1.0,-1.0,-1.0,-1.0,1.0,1.0,1.0,-1.0,-1.0,1.0,1.0,-1.0,-1.0,1.0,-1.0,1.0,-1.0,1.0,-1.0,-1.0,-1.0,-1.0	-0.6430925,-0.45363474,-0.26614133,-0.32706007,-0.58206314,-0.32538304,0.31088984,0.54559046,0.068325296,-0.6466124,-0.5816299,0.024481308,0.17469528,-0.09945054,-0.634786,0.04235687,-0.012161429,0.28857407,-0.31472665,0.2147863,-0.28416976,-0.07491275,-0.27483115,-0.21996218
../data/train_data_mmini/3/Train_0010.jpg	3	1.0,1.0,-1.0,1.0,-1.0,1.0,1.0,1.0,-1.0,1.0,1.0,1.0,-1.0,-1.0,-1.0,1.0,-1.0,-1.0,1.0,1.0,1.0,1.0,1.0,-1.0	0.12281349,0.02460463,-0.12587972,0.020769205,-0.2476605,0.20847553,0.07861804,0.059001364,-0.08170746,0.4783754,0.03596923,0.015794601,-0.5127926,-0.02905501,-0.16464224,0.20533556,-0.090492465,-0.1826247,0.22750132,0.26452985,0.08734764,0.08779017,0.069439195,-0.158131
../data/train_data_mmini/3/Train_0011.jpg	3	1.0,1.0,1.0,1.0,1.0,1.0,1.0,-1.0,1.0,1.0,-1.0,1.0,-1.0,-1.0,1.0,1.0,1.0,-1.0,1.0,-1.0,1.0,1.0,1.0,1.0	0.031005073,1.3720623,0.14030267,0.3526961,0.6973046,0.76202,0.047600336,-1.2696719,0.09718074,1.3820652,-0.066717684,0.56111175,-0.3578317,-1.0936435,0.95667094,0.34351513,0.61793065,-0.52915365,0.36301368,-1.6635907,0.6269151,0.24975103,1.4933599,1.2726375
../data/train_data_mmini/3/Train_0012.jpg	3	-1.0,1.0,-1.0,-1.0,-1.0,1.0,1.0,-1.0,1.0,-1.0,-1.0,1.0,1.0,-1.0,-1.0,1.0,1.0,1.0,-1.0,-1.0,-1.0,-1.0,1.0,1.0	-0.83328867,0.417668,-0.38465983,-0.124249846,-0.12691125,0.19525698,0.45566884,-0.41829243,0.09393205,-0.49801442,-1.0522453,0.80528647,0.5184034,-0.90168476,-0.00901133,0.13715097,0.79842454,0.30820826,-0.293554,-1.2541645,-0.41189322,-0.020976597,0.51644874,1.2485318
../data/train_data_mmini/3/Train_0013.jpg	3	1.0,-1.0,1.0,1.0,1.0,1.0,-1.0,-1.0,-1.0,-1.0,-1.0,-1.0,1.0,1.0,1.0,-1.0,1.0,-1.0,-1.0,1.0,-1.0,-1.0,-1.0,1.0	1.5844179,-0.11617911,0.12083955,0.38913107,0.7747483,0.6588809,-1.123295,-0.17244698,-0.06815632,-0.5593027,-0.20184195,-0.7745151,0.953936,0.9079747,1.2438158,-0.48160258,0.23578075,-0.29771617,-0.18394364,0.016608737,-0.6640525,-0.3711881,-0.88386256,0.5160404
../data/train_data_mmini/3/Train_0014.jpg	3	1.0,1.0,1.0,1.0,1.0,1.0,-1.0,-1.0,1.0,1.0,-1.0,-1.0,1.0,-1.0,1.0,-1.0,1.0,-1.0,1.0,-1.0,1.0,-1.0,1.0,-1.0	0.1616963,0.1771107,0.20167898,0.05668321,0.2688953,0.21471494,-0.10818686,-0.38936085,0.009926006,0.5051143,-0.01415306,-0.09628059,0.0011425619,-0.06510033,0.35420334,-0.011115169,0.22002709,-0.3235009,0.24663816,-0.1500964,0.11886956,-0.085781865,0.07825845,-0.05627528
../data/train_data_mmini/4/Train_0015.jpg	4	1.0,-1.0,-1.0,-1.0,-1.0,1.0,-1.0,-1.0,1.0,1.0,1.0,-1.0,-1.0,1.0,-1.0,1.0,-1.0,-1.0,-1.0,1.0,1.0,1.0,1.0,-1.0	0.4041595,-0.0010850308,-0.029915469,-0.04351083,-0.06968704,0.29853913,-0.2206952,-0.5586838,0.09411539,0.48242152,0.5509387,-0.18456644,-0.2509253,0.11193584,-0.064473405,0.46339443,-0.28709447,-0.19286275,-0.13335563,0.61297417,0.5214586,0.30534133,0.047118388,-0.028097332
../data/train_data_mmini/4/Train_0016.jpg	4	-1.0,-1.0,-1.0,-1.0,-1.0,-1.0,1.0,1.0,1.0,-1.0,-1.0,1.0,1.0,-1.0,-1.0,-1.0,1.0,1.0,1.0,-1.0,-1.0,-1.0,1.0,1.0	-0.7161725,-0.025977362,-0.0032692421,-0.15758759,-0.31424084,-0.28204298,0.42296097,0.13882603,0.050782815,-0.8233408,-0.7946024,0.23658326,0.48773637,-0.27364445,-0.3332514,-0.44091296,0.33826104,0.46348253,0.012072788,-0.45820406,-0.33955863,-0.3190797,0.010494731,0.24247569
../data/train_data_mmini/4/Train_0017.jpg	4	1.0,1.0,1.0,1.0,1.0,1.0,-1.0,-1.0,-1.0,-1.0,-1.0,1.0,1.0,-1.0,1.0,-1.0,1.0,1.0,-1.0,-1.0,-1.0,-1.0,-1.0,1.0	0.9826479,0.62682986,0.16750585,0.90608984,1.2102752,0.82742536,-1.0529037,-0.31078717,-0.04491733,-1.4940572,-1.7799165,0.08588356,1.735007,-0.08988859,1.8186692,-0.5892848,1.5055957,0.12515673,-0.14548768,-2.1985753,-1.3805069,-0.21035254,-0.20216748,2.041095
../data/train_data_mmini/4/Train_0018.jpg	4	-1.0,-1.0,1.0,1.0,-1.0,-1.0,1.0,1.0,1.0,-1.0,-1.0,1.0,1.0,-1.0,-1.0,-1.0,1.0,1.0,1.0,-1.0,1.0,-1.0,-1.0,-1.0	-0.2525772,-0.04409914,0.14454047,0.14892039,-0.33715245,-0.09190119,0.3238927,0.0792438,0.21308033,-0.09419658,-0.18986198,0.0836519,0.04902357,-0.022400629,-0.16289425,-0.10668028,0.14623363,0.02013752,0.14619778,-0.08626852,0.04339601,-0.18405277,-0.21666345,-0.22426406
../data/train_data_mmini/4/Train_0019.jpg	4	1.0,-1.0,1.0,1.0,1.0,1.0,-1.0,-1.0,-1.0,-1.0,-1.0,-1.0,1.0,1.0,1.0,-1.0,1.0,1.0,-1.0,1.0,-1.0,-1.0,-1.0,1.0	0.66377795,-0.25221184,0.039412364,0.08488539,0.4351938,0.17169055,-0.56070083,-0.17672235,-0.029312238,-0.38805336,-0.43252423,-0.3427239,0.68624425,0.37153602,0.55613,-0.3380135,0.2159946,0.10512695,-0.20707007,0.012769364,-0.44623867,-0.19874406,-0.41440523,0.28386348
../data/train_data_mmini/5/Train_0020.jpg	5	-1.0,-1.0,-1.0,-1.0,-1.0,-1.0,1.0,1.0,1.0,1.0,1.0,1.0,-1.0,-1.0,-1.0,1.0,-1.0,1.0,1.0,1.0,1.0,1.0,1.0,-1.0	-1.0933765,-0.38220987,-0.43134186,-0.6810594,-1.0336217,-0.4403088,1.0522366,0.2152677,0.001957938,0.34248236,0.21853006,0.32288912,-0.6681276,-0.40409577,-1.3730675,0.31424353,-0.52779454,0.22614768,0.048432574,0.777545,0.67760086,0.40359387,0.29727983,-0.64327115
../data/train_data_mmini/5/Train_0021.jpg	5	1.0,1.0,1.0,-1.0,1.0,1.0,-1.0,-1.0,1.0,1.0,1.0,-1.0,-1.0,1.0,1.0,1.0,-1.0,-1.0,1.0,1.0,1.0,1.0,1.0,-1.0	0.48059738,0.01871423,0.051724628,-0.08018687,0.038255967,0.42655787,-0.09547544,-0.6201152,0.14242576,0.8888203,0.84625673,-0.290765,-0.43939635,0.07327472,0.10068849,0.49636957,-0.30858788,-0.43011937,0.031675562,0.6265373,0.6146927,0.3447594,0.122975074,-0.16700044
../data/train_data_mmini/5/Train_0022.jpg	5	-1.0,-1.0,-1.0,-1.0,-1.0,-1.0,1.0,1.0,1.0,1.0,1.0,-1.0,-1.0,1.0,-1.0,1.0,-1.0,-1.0,1.0,1.0,1.0,1.0,1.0,-1.0	-0.58018965,-0.4505974,-0.26269454,-0.6235951,-0.91589016,-0.29340166,0.61894536,0.15874092,0.028820917,0.63976204,0.59138155,-0.14169069,-0.69963527,0.05006968,-1.0696067,0.43924096,-0.764465,-0.14053378,0.057546064,1.228025,0.7335055,0.25438964,0.09214889,-0.934051
../data/train_data_mmini/5/Train_0023.jpg	5	-1.0,-1.0,-1.0,-1.0,-1.0,-1.0,1.0,1.0,1.0,1.0,1.0,1.0,-1.0,-1.0,-1.0,1.0,-1.0,1.0,1.0,1.0,1.0,1.0,1.0,-1.0	-1.0174278,-0.45341185,-0.44449294,-0.7685898,-1.1718919,-0.3870213,1.0038061,0.12848555,0.043122962,0.60950613,0.59789515,0.1755903,-0.892489,-0.2180654,-1.440855,0.5930067,-0.7723535,0.051475525,0.039724514,1.1876138,0.8682469,0.49627984,0.26793966,-0.89818263
../data/train_data_mmini/5/Train_0024.jpg	5	-1.0,1.0,-1.0,-1.0,-1.0,1.0,1.0,-1.0,1.0,1.0,1.0,1.0,-1.0,-1.0,-1.0,1.0,-1.0,-1.0,1.0,1.0,1.0,1.0,1.0,-1.0	-0.53898317,0.13231198,-0.32993644,-0.28462914,-0.35794544,0.16316468,0.4676627,-0.35511214,0.1745976,0.86387116,0.3728531,0.29831654,-0.7385806,-0.6544033,-0.5846702,0.56867903,-0.28094706,-0.12734514,0.057776317,0.2700388,0.5395211,0.40916222,0.61240613,-0.09523553
../data/train_data_mmini/6/Train_0025.jpg	6	1.0,1.0,-1.0,1.0,1.0,1.0,-1.0,-1.0,1.0,-1.0,-1.0,1.0,1.0,-1.0,1.0,-1.0,1.0,1.0,1.0,-1.0,-1.0,-1.0,1.0,1.0	0.06397954,0.32497343,-0.16160984,0.27899307,0.8933763,0.40658736,-0.77846724,-0.30984643,0.111996844,-0.50594425,-1.5281417,0.2664799,0.73449546,-0.8469768,0.6497216,-0.4498228,0.66798264,0.46518764,0.10404925,-1.4025371,-1.1273836,-0.6192301,0.3389548,1.1461939
../data/train_data_mmini/6/Train_0026.jpg	6	-1.0,1.0,-1.0,1.0,-1.0,-1.0,1.0,1.0,-1.0,-1.0,-1.0,1.0,-1.0,-1.0,-1.0,1.0,1.0,1.0,-1.0,-1.0,1.0,1.0,1.0,1.0	-0.7724226,0.33807868,-0.27771783,0.07732338,-0.5600747,-0.011034794,0.8541739,0.09202813,-0.082567856,-0.19773626,-0.8262573,0.8219856,-0.2991651,-1.0050137,-0.8134837,0.14624918,0.38007256,0.2701736,-0.20300777,-0.47686487,0.15124632,0.6546705,0.60915947,0.24738058
../data/train_data_mmini/6/Train_0027.jpg	6	-1.0,1.0,-1.0,1.0,1.0,1.0,1.0,1.0,1.0,1.0,-1.0,1.0,1.0,-1.0,1.0,-1.0,1.0,1.0,1.0,-1.0,-1.0,-1.0,1.0,1.0	-0.4861097,0.22492963,-0.051207617,0.08864048,0.15300395,0.0042424873,0.009585746,0.1237983,0.08185716,0.0022335723,-0.77288425,0.444968,0.21441054,-0.58606964,0.12136331,-0.2679664,0.5506697,0.16821584,0.24913384,-1.0425802,-0.38390312,-0.3472523,0.3189662,0.55515957
../data/train_data_mmini/6/Train_0028.jpg	6	1.0,1.0,1.0,1.0,1.0,1.0,1.0,-1.0,1.0,1.0,1.0,1.0,-1.0,-1.0,1.0,1.0,1.0,-1.0,1.0,-1.0,1.0,1.0,1.0,1.0	0.04749446,0.8212546,0.30710718,0.20213339,0.31427932,0.5390803,0.2124857,-0.90103394,0.0062990934,1.4030966,0.48447925,0.112793535,-0.57734823,-0.5718956,0.52527976,0.32507873,0.11671937,-0.69026655,0.5478919,-0.5550909,0.91648495,0.36249536,0.9476294,0.10828361
../data/train_data_mmini/6/Train_0029.jpg	6	1.0,-1.0,-1.0,1.0,1.0,1.0,-1.0,1.0,1.0,-1.0,-1.0,-1.0,1.0,1.0,1.0,-1.0,1.0,1.0,-1.0,-1.0,-1.0,-1.0,-1.0,1.0	0.96624374,-0.2113617,-0.27143526,0.42743108,0.78834593,0.3791455,-1.3489727,0.47976053,0.08227931,-1.7009405,-1.440351,-0.38140446,1.4182847,0.21419208,0.9310358,-0.6231259,0.47848144,0.44459412,-0.45305932,-0.63423216,-1.7924148,-0.72635657,-0.91018474,1.0936705
../data/train_data_mmini/7/Train_0030.jpg	7	-1.0,-1.0,-1.0,-1.0,-1.0,-1.0,1.0,1.0,1.0,-1.0,-1.0,-1.0,1.0,-1.0,-1.0,-1.0,-1.0,1.0,-1.0,1.0,-1.0,-1.0,-1.0,-1.0	-0.7770057,-0.47461066,-0.23968719,-0.40456566,-0.6176744,-0.38060775,0.4064907,0.30434066,0.084438816,-0.7339666,-0.6039516,-0.019933168,0.37542832,-0.11343075,-0.71346474,-0.14405483,-0.03132918,0.40970132,-0.19863255,0.2379777,-0.17797445,-0.16127944,-0.14051479,-0.16730645
../data/train_data_mmini/7/Train_0031.jpg	7	1.0,-1.0,-1.0,1.0,1.0,1.0,-1.0,1.0,1.0,-1.0,-1.0,-1.0,1.0,1.0,1.0,-1.0,1.0,-1.0,-1.0,-1.0,-1.0,-1.0,-1.0,1.0	0.18475932,-0.20222086,-0.053177252,0.25099725,0.03204474,0.030058838,-0.29608846,0.42143798,0.002950564,-1.1006919,-1.0676551,-0.2181113,0.7980497,0.025042523,0.39539534,-0.48364976,0.33796003,-0.022211252,-0.10450198,-0.4109405,-0.93870807,-0.5323706,-0.6532438,0.2900253
../data/train_data_mmini/7/Train_0032.jpg	7	1.0,1.0,1.0,1.0,1.0,1.0,-1.0,-1.0,1.0,1.0,-1.0,1.0,1.0,-1.0,1.0,-1.0,1.0,-1.0,1.0,-1.0,-1.0,-1.0,1.0,1.0	0.6089509,0.7345784,0.20284337,0.70296407,1.1554354,0.67917335,-0.8027436,-0.5244754,0.12780406,0.09813609,-0.73316497,0.14867619,0.8271799,-0.661466,1.5357095,-0.2693253,0.87564284,-0.36826462,0.20537214,-1.9981171,-0.6360768,-0.41058052,0.3904798,1.633438
../data/train_data_mmini/7/Train_0033.jpg	7	-1.0,-1.0,-1.0,-1.0,-1.0,-1.0,1.0,1.0,-1.0,-1.0,-1.0,1.0,-1.0,-1.0,-1.0,-1.0,1.0,1.0,-1.0,-1.0,-1.0,1.0,1.0,-1.0	-1.5880078,-0.2347414,-0.5325278,-0.50438195,-0.771012,-0.5140608,1.0386045,0.49068758,-0.014600143,-0.4900935,-1.045229,0.7565432,-0.16763285,-0.93559545,-1.0650083,-0.044687547,0.19620588,0.5263934,-0.031972185,-0.4345771,-0.043351635,0.13503113,0.40194505,-0.04873711
../data/train_data_mmini/7/Train_0034.jpg	7	1.0,1.0,1.0,1.0,1.0,1.0,-1.0,-1.0,1.0,1.0,1.0,1.0,-1.0,-1.0,1.0,1.0,1.0,-1.0,1.0,-1.0,1.0,1.0,1.0,1.0	0.05316891,1.4381815,0.11653085,0.35250798,1.1103655,0.805932,-0.1493811,-1.2534217,0.36437064,2.60332,0.53390527,0.43150783,-0.7518749,-1.4284525,1.0217036,0.3703846,0.34990886,-0.9229138,0.864265,-1.7483325,0.7870139,0.074094005,1.8804599,0.9365385
../data/train_data_mmini/8/Train_0035.jpg	8	1.0,-1.0,1.0,1.0,1.0,1.0,-1.0,1.0,1.0,-1.0,1.0,-1.0,1.0,1.0,1.0,1.0,-1.0,-1.0,-1.0,1.0,-1.0,-1.0,-1.0,-1.0	0.5270181,-0.21212742,0.004887862,0.097433805,0.14559992,0.27506885,-0.65823096,0.006800846,0.022201464,-0.023470335,0.06921089,-0.50833976,0.33204103,0.47805345,0.36171165,0.061505876,-0.08021393,-0.36764333,-0.06700565,0.2560744,-0.30209324,-0.2376982,-0.49312922,-0.11230254
../data/train_data_mmini/8/Train_0036.jpg	8	-1.0,-1.0,1.0,1.0,1.0,1.0,-1.0,1.0,1.0,-1.0,-1.0,-1.0,1.0,-1.0,1.0,-1.0,1.0,1.0,-1.0,-1.0,-1.0,-1.0,-1.0,1.0	-0.21222566,-0.19111708,0.059789464,0.22718754,0.12150925,0.118483566,-0.29333594,0.23546793,0.01842682,-0.7815833,-1.0780437,-0.058929164,0.6083237,-0.13458182,0.068470776,-0.4877768,0.21627167,0.20714605,-0.039572015,-0.43873942,-0.6084727,-0.445066,-0.34814808,0.04943353
../data/train_data_mmini/8/Train_0037.jpg	8	1.0,1.0,1.0,1.0,1.0,1.0,-1.0,-1.0,1.0,1.0,-1.0,1.0,1.0,-1.0,1.0,-1.0,1.0,-1.0,1.0,-1.0,-1.0,1.0,1.0,1.0	0.08438034,0.7843163,0.03533019,0.59110713,0.6723336,0.61315334,-0.25957358,-0.28069738,0.08542515,0.04734809,-0.9019592,0.4843139,0.38429344,-0.94560754,0.8457694,-0.16729453,0.8353991,-0.16494614,0.08343355,-1.7163363,-0.3980181,0.08444423,0.60448337,1.1286962
../data/train_data_mmini/8/Train_0038.jpg	8	1.0,-1.0,1.0,1.0,1.0,1.0,-1.0,1.0,-1.0,-1.0,-1.0,-1.0,1.0,1.0,1.0,-1.0,-1.0,-1.0,-1.0,1.0,-1.0,-1.0,-1.0,1.0	0.49747178,-0.22927964,0.007963402,0.069767445,0.12227543,0.1670227,-0.5307373,0.071675636,-0.08130176,-0.24755529,-0.122280836,-0.42853796,0.3716476,0.3104434,0.34656113,-0.10059843,-0.10141318,-0.24389717,-0.08624156,0.12851979,-0.3190358,-0.2524843,-0.37692115,0.110887855
../data/train_data_mmini/8/Train_0039.jpg	8	1.0,1.0,-1.0,1.0,1.0,1.0,-1.0,1.0,-1.0,-1.0,-1.0,-1.0,1.0,1.0,1.0,-1.0,1.0,-1.0,-1.0,-1.0,-1.0,-1.0,-1.0,1.0	0.9028568,0.016177248,-0.03338079,0.57369536,0.86793214,0.6416813,-1.175298,0.07582919,-0.016342744,-0.8491913,-0.9636833,-0.3104436,1.1385767,0.18896864,1.2709633,-0.4225218,0.62774986,-0.09509811,-0.09845008,-1.0306149,-1.2018363,-0.5391169,-0.5713519,0.9936591
../data/train_data_mmini/9/Train_0040.jpg	9	1.0,1.0,-1.0,-1.0,-1.0,1.0,1.0,-1.0,1.0,1.0,1.0,-1.0,-1.0,-1.0,-1.0,1.0,-1.0,-1.0,1.0,1.0,1.0,1.0,1.0,-1.0	0.03132947,0.07230134,-0.11611317,-0.11961344,-0.25659457,0.304422,0.1982153,-0.38651738,0.03881596,0.770334,0.62097144,-0.07755314,-0.5599439,-0.14793684,-0.28252712,0.5433123,-0.36995268,-0.31750906,0.037130103,0.6875614,0.61740553,0.473653,0.28463036,-0.25860086
../data/train_data_mmini/9/Train_0041.jpg	9	-1.0,1.0,-1.0,-1.0,-1.0,-1.0,1.0,1.0,1.0,1.0,-1.0,1.0,-1.0,-1.0,-1.0,-1.0,1.0,1.0,1.0,-1.0,-1.0,-1.0,1.0,1.0	-1.1368868,0.03729632,-0.29403868,-0.43290862,-0.4330736,-0.37204197,0.88013846,0.19733171,0.08954628,0.10854492,-0.92185867,0.646372,-0.08236161,-0.82576805,-0.41914317,-0.3462063,0.40704677,0.14391738,0.18757002,-1.0073082,-0.035442576,-0.3393525,0.46519354,0.27982208
../data/train_data_mmini/9/Train_0042.jpg	9	1.0,1.0,-1.0,1.0,1.0,1.0,-1.0,-1.0,1.0,1.0,1.0,-1.0,-1.0,-1.0,1.0,1.0,-1.0,-1.0,1.0,1.0,1.0,1.0,1.0,1.0	0.5430305,0.448507,-0.07028417,0.10754448,0.12585288,0.58088124,-0.09388084,-0.73666173,0.15093489,1.0088383,0.7330781,-0.005752448,-0.5422593,-0.19167103,0.28080574,0.5362491,-0.17618176,-0.45312104,0.060968623,0.28893653,0.602751,0.38570446,0.38950872,0.29148513
../data/train_data_mmini/9/Train_0043.jpg	9	1.0,-1.0,1.0,-1.0,-1.0,1.0,-1.0,-1.0,1.0,1.0,1.0,-1.0,-1.0,1.0,-1.0,1.0,-1.0,-1.0,1.0,1.0,1.0,1.0,-1.0,-1.0	0.34841827,-0.32464358,0.06679551,-0.020572755,-0.047692068,0.23718137,-0.18706706,-0.1110508,0.016589895,0.3972343,0.40878874,-0.3716138,-0.13364348,0.41596895,-0.09181632,0.068836056,-0.41614997,-0.22272062,0.05949734,0.8551244,0.35284078,0.0843919,-0.39102754,-0.5537945
../data/train_data_mmini/9/Train_0044.jpg	9	1.0,-1.0,-1.0,1.0,1.0,1.0,-1.0,1.0,-1.0,-1.0,-1.0,-1.0,1.0,1.0,1.0,-1.0,1.0,1.0,-1.0,-1.0,-1.0,-1.0,-1.0,1.0	0.53178984,-0.09324102,-0.28131536,0.2576153,0.35832664,0.36645147,-0.74437195,0.047498956,-0.10704784,-1.0916554,-0.87300265,-0.1757955,0.867274,0.07277976,0.59198153,-0.20399293,0.36745006,0.20087987,-0.2756098,-0.33036202,-0.9666755,-0.24278322,-0.4952645,0.9290716
../data/train_data_mmini/10/Train_0045.jpg	10	1.0,1.0,1.0,1.0,1.0,1.0,-1.0,1.0,1.0,-1.0,-1.0,-1.0,1.0,-1.0,1.0,-1.0,1.0,1.0,-1.0,-1.0,-1.0,-1.0,-1.0,1.0	1.3447188,0.46248782,0.1392997,1.1948156,1.9301211,0.7858531,-1.9008446,0.40750897,0.20169075,-1.4551314,-1.8233446,-0.10599065,2.1295002,-0.37700927,2.4637737,-0.84019625,1.3659731,0.00228432,-0.073917046,-2.7049649,-2.161588,-0.7429786,-0.616555,2.3060036
../data/train_data_mmini/10/Train_0046.jpg	10	1.0,1.0,1.0,1.0,1.0,1.0,-1.0,-1.0,1.0,-1.0,-1.0,1.0,1.0,-1.0,1.0,-1.0,1.0,1.0,-1.0,-1.0,-1.0,-1.0,-1.0,1.0	1.351375,0.7970511,0.04083322,0.9334366,1.6145773,0.89663297,-1.5194738,-0.24083197,0.046244934,-0.7977423,-1.3294067,0.10924809,1.2006755,-0.29325408,2.0087442,-0.4292592,1.0886141,0.09088269,-0.061715856,-2.0427969,-1.2508574,-0.17979997,-0.11823154,2.2458267
../data/train_data_mmini/10/Train_0047.jpg	10	1.0,1.0,1.0,1.0,1.0,1.0,-1.0,-1.0,-1.0,-1.0,-1.0,-1.0,1.0,-1.0,1.0,-1.0,1.0,-1.0,1.0,-1.0,-1.0,-1.0,-1.0,1.0	1.6343883,0.5788902,0.3690626,1.1359012,1.6018181,1.0852904,-1.6603692,-0.37756097,-0.052440926,-0.42152643,-0.7830019,-0.3931076,1.1573435,-0.12608393,2.2106352,-0.54677105,0.7737128,-0.354159,0.077229664,-1.5993787,-1.2353944,-0.34344465,-0.29407415,1.3914868
../data/train_data_mmini/10/Train_0048.jpg	10	1.0,-1.0,-1.0,1.0,1.0,1.0,-1.0,1.0,1.0,-1.0,-1.0,-1.0,1.0,1.0,1.0,-1.0,1.0,1.0,-1.0,-1.0,-1.0,-1.0,-1.0,1.0	0.7263365,-0.22216512,-0.063262835,0.31966797,1.1548482,0.2084356,-1.5966724,0.36979446,0.107826605,-1.4710608,-1.707574,-0.27058226,1.8012246,0.052406598,1.54538,-0.7603541,0.73865134,0.31322536,-0.15254255,-1.5252367,-2.0388095,-1.2154875,-0.9154123,1.5268115
../data/train_data_mmini/10/Train_0049.jpg	10	1.0,1.0,1.0,1.0,1.0,1.0,-1.0,-1.0,-1.0,-1.0,-1.0,-1.0,1.0,-1.0,1.0,-1.0,1.0,-1.0,-1.0,-1.0,-1.0,-1.0,-1.0,1.0	1.1687906,0.49206612,0.077039614,0.82243294,1.159864,0.8945075,-1.2853459,-0.27278745,-0.11189519,-0.21882987,-0.67199224,-0.187457,0.75441754,-0.11430265,1.4861966,-0.11631451,0.64526206,-0.36312565,-0.09127618,-1.2142243,-0.88224274,-0.13784838,-0.036452718,1.1095091
