../data/train_data_mmini/1/Train_0000.jpg	1	-1.0,-1.0,1.0,1.0,-1.0,-1.0,-1.0,-1.0,-1.0,-1.0,-1.0,1.0,1.0,-1.0,-1.0,-1.0,1.0,1.0,1.0,1.0,1.0,1.0,1.0,-1.0	-0.44673797,-1.1696523,1.0766876,1.5464019,-0.9642957,-1.559339,-1.0134498,-1.8998486,-0.4675994,-1.517016,-1.8429313,0.5477626,0.062254835,-0.33774582,-1.0051672,-0.6414539,2.0736349,1.0417496,4.231308,1.8003993,1.2514055,0.29965493,1.8641663,-1.1201792
../data/train_data_mmini/1/Train_0001.jpg	1	1.0,-1.0,1.0,1.0,1.0,1.0,-1.0,1.0,-1.0,-1.0,1.0,-1.0,1.0,1.0,-1.0,1.0,-1.0,-1.0,1.0,-1.0,1.0,1.0,-1.0,1.0	0.098150864,-0.8849515,1.1001006,0.8633729,2.1601343,1.1521866,-1.7398862,1.7980868,-0.67558086,-2.1228387,1.0174685,-3.016406,1.1812093,0.39754707,-1.425707,2.9350524,-0.7609127,-4.13892,1.559244,-0.72480875,1.0829335,0.12063651,-0.47464788,1.9218144
../data/train_data_mmini/1/Train_0002.jpg	1	1.0,-1.0,1.0,1.0,-1.0,1.0,1.0,1.0,-1.0,1.0,-1.0,1.0,1.0,-1.0,-1.0,-1.0,1.0,-1.0,1.0,1.0,1.0,1.0,-1.0,-1.0	0.15541859,-0.21462026,0.49468893,3.436077,-0.30558226,0.78522253,0.6064378,0.69023347,-0.6118494,0.4452424,-1.1180203,3.5717258,1.4604089,-0.63796675,-0.44739857,-1.7551147,1.4258028,-1.2581072,1.9861939,1.7905672,0.38114038,4.314134,-1.1948818,-2.6150928
../data/train_data_mmini/1/Train_0003.jpg	1	1.0,-1.0,-1.0,-1.0,-1.0,-1.0,-1.0,-1.0,1.0,-1.0,-1.0,-1.0,-1.0,1.0,-1.0,-1.0,-1.0,-1.0,1.0,1.0,-1.0,-1.0,1.0,1.0	0.069811165,-1.1646714,-1.1777805,-0.09651843,-1.3212227,-1.2465148,-0.4512615,-3.8743482,0.40772182,-4.568392,-0.79677594,-0.998852,-0.63496345,1.2202691,-1.5593014,-1.0293627,-0.6339226,-0.68731964,4.1007686,3.044532,-0.6671354,-1.3008276,3.8102627,1.7364831
../data/train_data_mmini/1/Train_0004.jpg	1	-1.0,-1.0,1.0,-1.0,-1.0,-1.0,-1.0,-1.0,-1.0,-1.0,-1.0,-1.0,-1.0,-1.0,-1.0,1.0,-1.0,-1.0,1.0,1.0,1.0,-1.0,1.0,-1.0	-0.43143463,-1.5454824,1.9665184,-2.780642,-0.33135787,-1.3282325,-1.5138777,-2.1168864,-0.7058795,-2.4587507,-2.7557313,-2.816733,-1.3902754,-2.185737,-0.28383812,0.15538684,-0.57764864,-1.9140177,3.0048978,1.3023206,1.9809439,-1.9834267,2.728076,-0.22773129
../data/train_data_mmini/2/Train_0005.jpg	2	1.0,1.0,1.0,-1.0,1.0,1.0,1.0,1.0,1.0,1.0,-1.0,-1.0,1.0,1.0,-1.0,1.0,-1.0,-1.0,-1.0,1.0,-1.0,-1.0,1.0,-1.0	1.3166426,2.304318,0.13651031,-1.9268755,1.377138,2.8392828,0.23095576,2.1108537,1.1883385,1.3963873,-0.8528999,-0.16792274,2.023663,0.119496055,-1.3676376,0.541036,-0.8619433,-0.8140628,-1.98842,0.61532694,-0.7633059,-0.68936056,2.6287956,-1.4511666
../data/train_data_mmini/2/Train_0006.jpg	2	1.0,1.0,1.0,-1.0,1.0,1.0,-1.0,1.0,1.0,-1.0,-1.0,1.0,-1.0,-1.0,-1.0,-1.0,-1.0,1.0,1.0,1.0,1.0,-1.0,-1.0,-1.0	4.146203,2.6042836,1.6021115,-2.7909253,4.509967,2.4267938,-1.0281123,2.6125376,1.4614197,-0.20225385,-2.09926,0.7591167,-2.535579,-1.9099929,-2.6486444,-1.8192462,-4.1487293,1.0784218,0.48992917,2.5988994,1.4600289,-1.5175985,-0.07628442,-1.507229
../data/train_data_mmini/2/Train_0007.jpg	2	-1.0,-1.0,-1.0,-1.0,1.0,-1.0,-1.0,-1.0,1.0,-1.0,-1.0,-1.0,1.0,-1.0,-1.0,-1.0,-1.0,1.0,1.0,1.0,-1.0,1.0,1.0,-1.0	-0.12596714,-2.5966046,-1.1314844,-0.63189286,0.20261687,-2.6348255,-0.5917435,-2.0379956,0.61652386,-1.6647497,-2.240063,-1.787872,2.5774314,-0.13088892,-0.9808008,-0.25027382,-0.27942148,4.641267,4.4418383,2.5733097,-2.127513,0.18473847,3.2299562,-0.91451937
../data/train_data_mmini/2/Train_0008.jpg	2	-1.0,1.0,1.0,-1.0,1.0,-1.0,-1.0,1.0,-1.0,1.0,1.0,1.0,1.0,-1.0,1.0,1.0,-1.0,-1.0,1.0,1.0,1.0,1.0,1.0,1.0	-0.8842404,2.8604891,0.9658409,-0.33902416,1.1351267,-1.4287596,-2.5831404,3.3971832,-4.4121222,1.3407735,1.213608,1.9181163,4.3376017,-0.008133565,0.15321848,0.25960767,-3.5780704,-1.4531916,0.88818264,1.2864045,0.18287697,3.3745365,0.42331016,1.8104888
../data/train_data_mmini/2/Train_0009.jpg	2	-1.0,1.0,-1.0,1.0,-1.0,-1.0,1.0,-1.0,-1.0,1.0,1.0,1.0,1.0,1.0,1.0,1.0,1.0,1.0,-1.0,-1.0,-1.0,-1.0,1.0,-1.0	-2.5737336,0.35464734,-0.3879868,0.2715944,-3.7077646,-0.61466134,0.8358404,-1.5204268,-0.550917,0.109146975,3.7135975,0.09603146,2.1617017,0.86577946,2.8841004,1.3352798,0.89362204,2.9398682,-2.1258192,-0.16317084,-3.5937817,-0.3736049,1.5713408,-0.28716367
../data/train_data_mmini/3/Train_0010.jpg	3	1.0,1.0,1.0,-1.0,1.0,1.0,-1.0,1.0,-1.0,-1.0,1.0,-1.0,1.0,-1.0,1.0,1.0,-1.0,-1.0,-1.0,1.0,-1.0,-1.0,1.0,1.0	0.11971794,0.21404736,0.17338124,-3.480027,0.95396566,1.1695337,-0.768224,0.4859187,-0.49047256,-0.68085307,0.3844988,-2.4520793,1.7858497,-0.42307982,0.26202753,1.5916635,-2.9586475,-2.1665642,-3.3340302,0.028633736,-0.34533966,-0.36844993,2.0827858,1.1417353
../data/train_data_mmini/3/Train_0011.jpg	3	1.0,-1.0,1.0,-1.0,-1.0,-1.0,-1.0,1.0,1.0,1.0,-1.0,1.0,1.0,1.0,1.0,-1.0,1.0,-1.0,-1.0,1.0,1.0,1.0,-1.0,-1.0	0.30648583,-0.10603749,0.31815928,-0.15993279,-0.09913397,-3.4931746,-0.9205869,1.2005845,0.6914781,1.7564673,-3.51057,0.26827005,4.0419903,0.5948827,0.67024595,-1.0206604,0.80618984,-1.6067854,-1.5528473,1.953669,1.0124382,4.843184,-1.1110911,-1.6189424
../data/train_data_mmini/3/Train_0012.jpg	3	-1.0,-1.0,1.0,1.0,1.0,-1.0,-1.0,-1.0,1.0,-1.0,-1.0,-1.0,-1.0,1.0,-1.0,1.0,1.0,-1.0,-1.0,1.0,1.0,-1.0,1.0,1.0	-2.1629899,-2.5090835,0.33754736,3.3636677,1.1570686,-1.0862322,-1.5043525,-0.43123227,0.32665503,-1.3578844,-1.0754669,-1.8858899,-0.5217584,0.038971614,-1.1449776,2.3480408,0.4242382,-3.6182292,-1.4450469,0.5370575,2.4332879,-1.3715553,2.1540241,0.38861802
../data/train_data_mmini/3/Train_0013.jpg	3	1.0,1.0,1.0,-1.0,1.0,1.0,-1.0,1.0,-1.0,-1.0,1.0,1.0,-1.0,-1.0,-1.0,-1.0,-1.0,-1.0,-1.0,-1.0,1.0,1.0,-1.0,1.0	2.161221,0.25448033,1.9538109,-0.5887553,2.1889193,2.884307,-1.3996221,2.9174995,-1.8954705,-1.7355914,0.41249594,1.4036087,-1.7988255,-1.7877896,-0.72131735,-1.1477046,-2.1276414,-1.9400382,-0.65393984,-0.039431833,0.15720844,0.5316925,-2.275694,1.2770269
../data/train_data_mmini/3/Train_0014.jpg	3	1.0,1.0,1.0,-1.0,-1.0,-1.0,1.0,1.0,1.0,1.0,-1.0,1.0,1.0,-1.0,1.0,-1.0,-1.0,-1.0,-1.0,1.0,-1.0,1.0,1.0,-1.0	2.1342678,2.511989,0.8452329,-3.490169,-0.54913324,-0.18628061,0.06396882,2.7162027,1.005242,2.757206,-1.425841,0.042416632,2.4493506,-0.30905345,0.29877043,-0.72211844,-0.86306775,-1.5282265,-2.0282068,1.978738,-1.0131217,1.1400205,1.0752988,-3.696534
../data/train_data_mmini/4/Train_0015.jpg	4	-1.0,-1.0,1.0,1.0,-1.0,-1.0,1.0,-1.0,-1.0,1.0,1.0,1.0,1.0,1.0,-1.0,1.0,1.0,-1.0,1.0,1.0,1.0,1.0,1.0,1.0	-1.1477551,-1.1815678,0.27262837,3.9012065,-0.16624832,-2.5908961,0.38070756,-0.82458395,-0.41557473,0.24976191,1.3018978,1.122977,1.9264323,0.69747216,-0.68742925,0.5363781,2.4433186,-1.3806034,1.3734833,0.34072262,0.06623836,1.1817505,0.14024706,1.5769315
../data/train_data_mmini/4/Train_0016.jpg	4	1.0,1.0,-1.0,1.0,1.0,1.0,-1.0,1.0,-1.0,-1.0,1.0,1.0,1.0,1.0,-1.0,-1.0,1.0,-1.0,1.0,1.0,-1.0,1.0,-1.0,1.0	1.3091297,1.2662842,-0.29196084,2.1762733,0.113862604,1.0088313,-0.33284235,3.4221115,-1.3541347,-0.18538067,0.78200424,1.9667552,3.0619435,1.8439622,-0.16987506,-0.5996125,0.44720244,-1.7275095,0.7832521,1.3026208,-2.7907758,3.9446929,-0.15719195,0.4774882
../data/train_data_mmini/4/Train_0017.jpg	4	1.0,1.0,-1.0,1.0,1.0,1.0,1.0,1.0,1.0,1.0,-1.0,1.0,1.0,-1.0,-1.0,-1.0,-1.0,-1.0,-1.0,1.0,1.0,1.0,1.0,-1.0	3.5391102,1.8206224,-0.6913652,0.07308769,4.4823017,2.8184586,0.9670943,2.749692,1.3566844,1.4400885,-2.7151418,0.64324576,1.4777194,-0.3997313,-2.7625656,-1.4073007,-2.1968796,-1.3107651,-2.2176456,3.089418,0.8750624,2.5146976,1.6643356,-2.1159618
../data/train_data_mmini/4/Train_0018.jpg	4	-1.0,1.0,-1.0,-1.0,-1.0,1.0,-1.0,1.0,-1.0,-1.0,1.0,1.0,1.0,1.0,1.0,-1.0,1.0,1.0,-1.0,-1.0,-1.0,1.0,1.0,1.0	-0.61178774,1.7003278,-0.5374971,-2.1873605,-0.89837503,0.02908443,-0.6699756,1.0300512,-1.9474404,-0.094556674,0.0870876,1.3016185,4.1336117,0.52510685,1.0273495,-0.39591476,0.504094,0.22456917,-1.2991683,-0.17991799,-3.2695732,0.7883003,1.9654744,0.67386395
../data/train_data_mmini/4/Train_0019.jpg	4	1.0,1.0,1.0,-1.0,1.0,1.0,1.0,1.0,1.0,1.0,-1.0,-1.0,-1.0,-1.0,1.0,-1.0,-1.0,-1.0,1.0,1.0,1.0,-1.0,1.0,-1.0	1.6485668,0.2406863,0.17039672,-1.8123463,2.0162861,0.99874276,0.68934983,0.4831866,2.2985313,0.22305062,-1.6564225,-0.6420335,-4.403719,-1.3619227,0.0061249156,-1.8658458,-2.5121844,-3.9067047,0.35475108,1.4401939,0.50293547,-2.4289463,0.04324807,-0.0037450977
../data/train_data_mmini/5/Train_0020.jpg	5	1.0,-1.0,-1.0,-1.0,-1.0,1.0,1.0,-1.0,1.0,-1.0,-1.0,-1.0,-1.0,1.0,-1.0,-1.0,-1.0,-1.0,1.0,1.0,-1.0,-1.0,1.0,-1.0	1.1703181,-0.55530196,-0.8428756,-2.266631,-1.5327673,1.3102729,0.07816547,-1.0231017,0.5992459,-1.6790707,-1.5385895,-1.0350621,-0.52384895,0.07076278,-0.1346184,-0.6653189,-0.2562508,-4.173137,4.3147845,0.70202184,-0.078270495,-1.3776001,1.6731324,-0.55699545
../data/train_data_mmini/5/Train_0021.jpg	5	1.0,1.0,1.0,-1.0,-1.0,1.0,1.0,-1.0,1.0,-1.0,-1.0,1.0,-1.0,-1.0,-1.0,-1.0,1.0,-1.0,1.0,1.0,1.0,1.0,-1.0,1.0	2.4611738,1.9851393,2.6199718,-3.877618,-0.050425697,2.1027331,0.66023844,-1.3320423,0.9116414,-1.4330846,-0.014935166,0.060532287,-0.695985,-2.7222168,-0.820932,-1.8729253,0.046020523,-1.1926754,4.683336,0.7238569,1.9106301,0.2577124,-2.300053,0.019456562
../data/train_data_mmini/5/Train_0022.jpg	5	-1.0,-1.0,-1.0,1.0,1.0,-1.0,-1.0,-1.0,-1.0,1.0,1.0,-1.0,1.0,-1.0,-1.0,1.0,-1.0,1.0,1.0,1.0,1.0,-1.0,1.0,1.0	-2.555086,-0.111462176,-0.16100127,1.573991,0.7275782,-1.1135032,-1.4845427,-0.07516886,-1.5076061,0.74137187,1.4265305,-1.3875034,1.472765,-0.007236735,-0.0041854735,2.1947367,-1.5623231,4.13092,3.2440493,0.19925088,0.7532923,-1.4351379,2.2772517,0.75190395
../data/train_data_mmini/5/Train_0023.jpg	5	1.0,-1.0,1.0,-1.0,-1.0,-1.0,-1.0,-1.0,-1.0,-1.0,1.0,-1.0,1.0,1.0,-1.0,-1.0,-1.0,1.0,1.0,1.0,-1.0,-1.0,1.0,1.0	0.66724294,-1.792107,0.3444513,-2.232074,-1.0686545,-1.475694,-0.7312676,-2.8293858,-0.6171184,-4.087644,1.5191518,-2.2485933,0.5717406,0.08371456,-1.0147417,-0.18758896,-2.4489615,1.2722745,5.9995766,2.5328572,-2.1345518,-1.3994658,1.3694433,1.2199786
../data/train_data_mmini/5/Train_0024.jpg	5	-1.0,-1.0,1.0,-1.0,-1.0,-1.0,-1.0,-1.0,1.0,-1.0,-1.0,-1.0,-1.0,-1.0,-1.0,-1.0,1.0,1.0,1.0,1.0,1.0,-1.0,1.0,1.0	-0.61073583,-1.5665675,0.93255717,-1.4447321,-1.586749,-0.21924362,-0.5085339,-4.6444216,0.20255257,-3.9893272,-2.4939826,-0.51062524,-1.64968,-1.328274,-0.6332517,-0.79249465,3.3945746,0.12257457,1.6820637,0.44327748,0.78191733,-1.5809681,1.898229,0.14610915
../data/train_data_mmini/6/Train_0025.jpg	6	1.0,1.0,-1.0,-1.0,1.0,1.0,1.0,-1.0,1.0,-1.0,-1.0,-1.0,-1.0,-1.0,-1.0,-1.0,-1.0,-1.0,-1.0,1.0,-1.0,-1.0,1.0,-1.0	1.6873467,0.062381156,-1.4961993,-0.68315685,2.901227,1.9658079,1.723803,-0.90873265,4.4794464,-0.5657297,-2.1159549,-1.4480245,-1.1890444,-0.21609648,-2.8619182,-0.48631266,-1.0432278,-1.1278797,-4.352828,3.0097725,-0.28174245,-2.1966634,2.1915617,-0.78328687
../data/train_data_mmini/6/Train_0026.jpg	6	-1.0,-1.0,-1.0,-1.0,-1.0,-1.0,-1.0,-1.0,1.0,-1.0,-1.0,-1.0,1.0,1.0,1.0,-1.0,1.0,-1.0,-1.0,1.0,-1.0,-1.0,1.0,1.0	-1.0357782,-0.70761514,-1.6150473,-3.021386,-1.2675333,-2.913299,-0.2959176,-3.1551375,0.9793167,-2.5463567,-2.417361,-2.5549462,1.6794276,0.3309708,0.48027104,-0.6845671,2.0646431,-2.2857552,-1.9558904,1.1217868,-2.607913,-1.472213,4.1517286,0.66358083
../data/train_data_mmini/6/Train_0027.jpg	6	1.0,-1.0,-1.0,-1.0,-1.0,-1.0,1.0,1.0,1.0,-1.0,-1.0,-1.0,1.0,1.0,1.0,1.0,1.0,-1.0,-1.0,1.0,-1.0,1.0,-1.0,1.0	2.1935306,-1.3128144,-0.7351406,-0.9020124,-0.2656476,-1.6003301,0.7072938,1.3222798,2.0032067,-0.03044834,-0.32577392,-1.6856065,1.8693522,2.0664876,0.9695321,0.27912194,0.3061975,-2.6470425,-4.7156706,0.5500623,-2.2278233,1.7627664,-0.25178194,0.37780795
../data/train_data_mmini/6/Train_0028.jpg	6	1.0,1.0,1.0,-1.0,1.0,1.0,-1.0,1.0,-1.0,-1.0,-1.0,1.0,1.0,-1.0,-1.0,-1.0,1.0,1.0,1.0,1.0,1.0,1.0,-1.0,-1.0	0.14651762,0.96276313,0.13931558,-0.038680296,1.6173532,1.0848145,-1.2105081,1.6905146,-1.5624905,-0.05885725,-2.838385,1.3664031,3.5656283,-0.75579464,-1.1582091,-0.73958975,0.2871839,1.3274015,0.38126025,0.027962916,1.5673435,4.8617897,-1.2514122,-1.1189525
../data/train_data_mmini/6/Train_0029.jpg	6	1.0,1.0,-1.0,1.0,-1.0,1.0,1.0,-1.0,1.0,-1.0,1.0,1.0,1.0,-1.0,-1.0,-1.0,-1.0,1.0,-1.0,1.0,-1.0,1.0,1.0,-1.0	0.4821114,0.7257346,-0.4932107,0.06355606,-1.2372755,2.2143228,2.5330253,-1.4135114,0.435821,-0.25092566,2.2379212,0.76975536,2.2153492,-0.88878757,-0.4613582,-0.8753757,-0.64283484,1.5666271,-4.2943664,3.3636968,-1.5457196,2.04012,2.203835,-2.345483
../data/train_data_mmini/7/Train_0030.jpg	7	-1.0,1.0,-1.0,1.0,1.0,1.0,1.0,-1.0,1.0,1.0,-1.0,1.0,1.0,1.0,-1.0,1.0,1.0,1.0,-1.0,1.0,1.0,-1.0,1.0,-1.0	-0.9036945,0.9938747,-2.0198262,2.409667,0.96388066,0.58362,0.14387867,-0.3557033,1.7211462,1.4191024,-1.0753144,0.34985918,1.0475785,1.5329934,-0.7565557,0.31678918,1.6975898,4.0108905,-0.08578798,1.03579,0.041710827,-0.4941318,3.0347795,-0.4695039
../data/train_data_mmini/7/Train_0031.jpg	7	-1.0,1.0,-1.0,-1.0,1.0,1.0,1.0,1.0,-1.0,-1.0,1.0,1.0,1.0,-1.0,1.0,1.0,-1.0,-1.0,-1.0,-1.0,-1.0,1.0,1.0,-1.0	-0.8123108,1.4255905,-1.0235016,-0.51283187,0.5438503,5.838484,0.13656901,0.8680518,-2.4355545,-0.06991316,0.18232346,1.89253,2.2581134,-1.1489859,0.21197489,0.2653001,-0.1588641,-0.07860906,-1.2640125,-1.174683,-0.8288609,0.3335273,3.1443088,-0.7178054
../data/train_data_mmini/7/Train_0032.jpg	7	1.0,-1.0,-1.0,-1.0,-1.0,1.0,1.0,1.0,1.0,1.0,-1.0,1.0,1.0,-1.0,1.0,-1.0,1.0,-1.0,-1.0,-1.0,-1.0,1.0,-1.0,1.0	2.3401918,-2.1860046,-0.09017365,-0.9856918,-0.03712098,1.0058897,1.229708,1.015555,0.6216086,0.23452851,-1.7857919,1.2170407,2.5506396,-0.62911165,0.85217583,-0.48587376,3.2679017,-6.06169,-4.4654884,-1.89852,-1.902619,2.0154624,-1.2257802,0.25408176
../data/train_data_mmini/7/Train_0033.jpg	7	-1.0,1.0,-1.0,-1.0,-1.0,1.0,-1.0,-1.0,-1.0,1.0,-1.0,1.0,1.0,1.0,1.0,1.0,1.0,1.0,-1.0,1.0,-1.0,-1.0,1.0,-1.0	-1.4638355,1.5574099,-0.10192021,-0.71794635,-1.3845713,0.94624406,-1.3883274,-0.75987536,-0.73928523,0.17615202,-2.347255,1.1655637,1.2951791,0.16311172,0.17943192,0.48331952,0.11939614,3.0481713,-2.173242,1.4742438,-1.5786309,-1.3677206,5.68155,-3.8194382
../data/train_data_mmini/7/Train_0034.jpg	7	1.0,-1.0,-1.0,-1.0,1.0,1.0,1.0,-1.0,1.0,-1.0,-1.0,-1.0,1.0,-1.0,-1.0,-1.0,-1.0,-1.0,-1.0,1.0,-1.0,1.0,1.0,-1.0	2.218053,-0.08476044,-0.72641623,-4.6730084,1.7034123,0.90636903,0.36859,-0.31536776,1.0280246,-0.2887664,-4.090309,-1.6865485,2.9558382,-1.5815287,-0.57135683,-1.1615739,-1.3147556,-3.4683647,-3.2261662,0.95213157,-0.17205681,2.424484,0.36474538,-0.04020864
../data/train_data_mmini/8/Train_0035.jpg	8	-1.0,1.0,1.0,-1.0,1.0,-1.0,1.0,1.0,-1.0,1.0,1.0,-1.0,1.0,-1.0,-1.0,1.0,1.0,1.0,-1.0,-1.0,-1.0,-1.0,-1.0,1.0	-0.4956243,0.91280985,0.59521097,-0.08225751,1.0110626,-0.7860318,0.15186693,0.40636623,-0.63340056,0.5278679,2.8765109,-0.42467782,3.2331512,-0.35037506,-0.15636098,1.4519022,0.35293862,5.6567645,-3.6700864,-0.81061053,-0.7140179,-0.3776453,-0.643095,1.0126678
../data/train_data_mmini/8/Train_0036.jpg	8	-1.0,1.0,-1.0,1.0,1.0,1.0,1.0,1.0,1.0,1.0,-1.0,1.0,1.0,1.0,-1.0,1.0,1.0,1.0,-1.0,1.0,-1.0,1.0,1.0,-1.0	-0.22652839,1.459365,-2.1792126,1.5420251,1.2491964,3.519278,1.6999928,0.393093,1.8837048,1.7375493,-0.4435676,1.1691117,3.4282434,0.61620593,-1.7310195,0.5013582,1.8305876,4.782099,-4.268079,1.0209069,-1.2659404,0.5872342,3.3255792,-3.4712813
../data/train_data_mmini/8/Train_0037.jpg	8	1.0,1.0,-1.0,-1.0,1.0,1.0,1.0,-1.0,1.0,-1.0,-1.0,1.0,1.0,1.0,-1.0,-1.0,1.0,1.0,-1.0,-1.0,-1.0,1.0,1.0,-1.0	0.6169933,0.7090638,-1.5460995,-1.0351033,0.2054043,1.6387701,0.5649673,-0.4625005,0.5410249,-0.041538946,-2.6333334,0.8425636,4.9177713,0.21352269,-0.7624563,-0.36074618,3.5763087,0.3685777,-4.03946,-0.45415366,-1.0469898,2.7321227,1.1362954,-1.3439393
../data/train_data_mmini/8/Train_0038.jpg	8	1.0,1.0,-1.0,1.0,1.0,-1.0,1.0,1.0,-1.0,1.0,1.0,1.0,1.0,1.0,-1.0,1.0,-1.0,-1.0,-1.0,1.0,-1.0,1.0,1.0,1.0	0.3427307,0.485964,-1.7570987,2.655903,1.0177814,-0.06414701,2.1045702,0.56330293,-0.27201754,0.87099963,3.126503,0.19820486,3.7226114,1.092874,-0.29849502,0.4671016,-1.4608372,-1.5654881,-1.6398352,1.1442229,-0.41510773,3.0972412,1.1551651,2.3950849
../data/train_data_mmini/8/Train_0039.jpg	8	-1.0,-1.0,1.0,1.0,-1.0,-1.0,-1.0,1.0,1.0,1.0,1.0,-1.0,1.0,-1.0,1.0,1.0,1.0,1.0,-1.0,-1.0,1.0,1.0,-1.0,-1.0	-0.6159538,-0.20118201,0.31978577,0.5033885,-0.062793225,-0.8319854,-0.21645649,0.28698784,0.5104939,1.1719606,0.82249343,-0.8360665,1.853514,-0.03526294,0.3198253,1.5297486,1.817118,5.346836,-6.7417173,-0.39895043,0.7768854,0.022393398,-0.5570612,-1.0106833
../data/train_data_mmini/9/Train_0040.jpg	9	-1.0,1.0,1.0,-1.0,-1.0,-1.0,-1.0,-1.0,-1.0,1.0,-1.0,-1.0,1.0,-1.0,-1.0,1.0,1.0,1.0,1.0,1.0,1.0,-1.0,1.0,-1.0	-3.1619637,2.083205,2.0148814,-1.6330339,-1.6024302,-0.9753938,-2.7724028,-1.1927152,-1.5863658,0.0010202974,-1.1891714,-0.7065705,1.7081916,-0.86442745,-0.17768921,0.6485485,1.0932986,2.8114307,2.0945284,0.9175397,3.4903123,-0.96366453,1.6586907,-1.5319387
../data/train_data_mmini/9/Train_0041.jpg	9	-1.0,-1.0,1.0,-1.0,1.0,1.0,-1.0,1.0,-1.0,-1.0,-1.0,-1.0,1.0,-1.0,1.0,1.0,-1.0,-1.0,-1.0,-1.0,-1.0,-1.0,1.0,-1.0	-0.4346509,-0.40485993,0.25349426,-2.368644,0.4599735,3.635906,-1.185083,1.7256507,-0.17475294,-0.36954442,-1.651745,-1.7482957,1.6362349,-0.8990602,0.56248957,2.0600855,-0.6655957,-2.6634502,-2.5526361,-1.4417282,-0.31364968,-0.46021083,1.5295023,-1.7121792
../data/train_data_mmini/9/Train_0042.jpg	9	-1.0,-1.0,1.0,-1.0,-1.0,-1.0,-1.0,-1.0,-1.0,-1.0,1.0,1.0,1.0,-1.0,1.0,-1.0,1.0,-1.0,1.0,1.0,1.0,1.0,-1.0,1.0	-1.496813,-0.08793628,1.9126586,-0.13015684,-1.6246792,-2.2414317,-2.2029433,-0.37357432,-2.91917,-1.3672162,0.36832187,0.9839538,1.6309049,-0.40190893,0.3098846,-0.4408649,0.60937005,-3.8776126,1.0804467,1.3870691,0.22158177,1.4432995,-0.3053772,1.0137323
../data/train_data_mmini/9/Train_0043.jpg	9	1.0,1.0,1.0,-1.0,1.0,-1.0,-1.0,1.0,1.0,1.0,1.0,-1.0,1.0,-1.0,-1.0,1.0,-1.0,1.0,1.0,-1.0,1.0,-1.0,-1.0,-1.0	0.88755167,1.6025379,2.616451,-1.7199702,0.7430058,-0.39160702,-1.939427,2.4724622,0.041214686,0.65676415,0.9020729,-0.09572828,0.099065974,-0.62788486,-0.24495241,0.81344473,-0.12370038,4.0110397,0.86958325,-0.9334711,0.8630893,-1.0932823,-2.1107976,-0.4128134
../data/train_data_mmini/9/Train_0044.jpg	9	-1.0,-1.0,1.0,1.0,-1.0,-1.0,-1.0,-1.0,1.0,-1.0,1.0,-1.0,-1.0,1.0,1.0,-1.0,-1.0,-1.0,-1.0,1.0,1.0,-1.0,1.0,1.0	-0.1620227,-0.41902524,0.31247532,1.4931734,-0.8499208,-2.0596535,-0.800124,-0.2826488,0.56282634,-0.7236046,0.59958243,-0.41203263,-2.4481835,1.0402455,0.20380384,-0.24462992,-0.041982256,-0.59452146,-2.7806082,1.6367958,0.9301901,-0.6600287,0.68381226,0.9419025
../data/train_data_mmini/10/Train_0045.jpg	10	1.0,-1.0,-1.0,-1.0,-1.0,1.0,1.0,-1.0,1.0,1.0,-1.0,-1.0,1.0,-1.0,1.0,1.0,1.0,1.0,-1.0,-1.0,-1.0,1.0,1.0,-1.0	1.3651515,-2.0546753,-1.5830595,-1.3423635,-0.74946094,1.2905316,3.0850873,-0.60546136,2.2336698,1.0887313,-0.13750467,-1.8755326,2.883448,-0.6102922,0.86049694,1.7134861,2.0628097,0.7343033,-10.767665,-0.3253668,-0.95560765,0.9037262,2.4171238,-2.7781513
../data/train_data_mmini/10/Train_0046.jpg	10	1.0,1.0,1.0,1.0,-1.0,-1.0,1.0,1.0,1.0,1.0,-1.0,1.0,1.0,1.0,1.0,-1.0,-1.0,-1.0,-1.0,1.0,1.0,1.0,-1.0,-1.0	2.771316,0.0943144,0.1397613,0.4055728,-1.291952,-3.7872558,0.2682488,2.084906,1.1060753,1.7825402,-0.42184648,0.9302843,1.0135446,2.0189023,1.3595479,-1.917425,-0.3167983,-1.6053759,-4.4018383,2.830763,0.12732144,4.836094,-1.7018309,-0.53046095
../data/train_data_mmini/10/Train_0047.jpg	10	1.0,1.0,-1.0,-1.0,1.0,1.0,1.0,1.0,1.0,1.0,-1.0,-1.0,1.0,-1.0,-1.0,-1.0,-1.0,-1.0,-1.0,1.0,1.0,1.0,1.0,-1.0	4.439621,0.9282099,-1.4516268,-3.44905,3.3220477,4.2986016,4.123468,0.3877557,3.0373151,1.239121,-2.2020795,-1.0337147,3.080684,-2.0893252,-2.487285,-0.9226207,-0.7711137,-0.29270375,-7.3587275,1.955712,0.56058997,1.7753898,2.7880926,-2.2748728
../data/train_data_mmini/10/Train_0048.jpg	10	-1.0,1.0,-1.0,1.0,1.0,-1.0,1.0,1.0,1.0,1.0,1.0,1.0,1.0,1.0,1.0,1.0,-1.0,-1.0,-1.0,1.0,-1.0,-1.0,1.0,1.0	-0.32406855,0.056496114,-2.7567804,2.0828602,0.19988438,-2.107228,1.7709903,0.7311295,0.9565833,3.1482646,1.0545263,0.48259,0.015195612,1.1630037,1.3518717,0.061532028,-1.313732,-0.7038756,-8.397484,1.458388,-0.80129373,-0.22642162,1.6158768,1.3836957
../data/train_data_mmini/10/Train_0049.jpg	10	1.0,-1.0,-1.0,-1.0,1.0,-1.0,1.0,-1.0,1.0,1.0,1.0,-1.0,1.0,-1.0,-1.0,1.0,1.0,1.0,-1.0,-1.0,-1.0,1.0,-1.0,-1.0	0.28113452,-0.064546645,-1.1552181,-0.27278584,0.295622,-0.5068255,2.0211325,-0.8865863,1.9356078,1.5436393,1.0032063,-0.7821679,3.9874806,-0.69000864,-0.5992739,0.56046635,2.7455451,2.6832814,-6.9382205,-0.14826608,-0.45114058,0.5949085,-0.67246944,-1.078244
