../data/train_data_mmini/1/Train_0000.jpg	1	-1.0,-1.0,1.0,1.0,-1.0,-1.0,1.0,-1.0,-1.0,-1.0,-1.0,-1.0,-1.0,-1.0,1.0,-1.0,1.0,-1.0,-1.0,1.0,-1.0,-1.0,-1.0,1.0	-0.22784226,-0.5359973,0.9835474,0.25940445,-0.20911457,-0.56288546,0.06198301,-0.5537903,-0.07406035,-0.4599231,-0.13480079,-0.7684419,-0.046018794,-0.58848757,0.24209145,-0.8490885,0.41910437,-0.45302236,-0.20526956,0.1574535,-0.29227707,-0.279317,-0.057406776,0.66810143
../data/train_data_mmini/1/Train_0001.jpg	1	-1.0,-1.0,1.0,1.0,-1.0,-1.0,1.0,-1.0,1.0,-1.0,1.0,-1.0,-1.0,-1.0,1.0,-1.0,1.0,-1.0,-1.0,-1.0,-1.0,-1.0,1.0,1.0	-0.24961077,-0.6034414,0.9149221,0.38208944,-0.26016858,-0.71411043,0.22526966,-0.6552106,0.2284561,-0.61523753,0.41152897,-1.0628293,-0.4078522,-0.77142286,0.36861047,-0.81953216,0.52465653,-0.52690595,-0.027588256,-0.12176876,-0.3589496,-0.3201676,0.036509417,0.5628672
../data/train_data_mmini/1/Train_0002.jpg	1	-1.0,-1.0,1.0,-1.0,-1.0,-1.0,-1.0,-1.0,-1.0,-1.0,-1.0,-1.0,-1.0,-1.0,-1.0,-1.0,1.0,-1.0,-1.0,-1.0,1.0,-1.0,-1.0,1.0	-0.09372763,-0.30356437,1.4480366,-0.0020557663,-0.10188663,-0.48027933,-0.23967728,-0.7430069,-0.21247211,-0.5631653,-0.80257905,-1.2226878,-0.37387198,-0.79567003,-0.20353389,-0.99821347,0.17731546,-0.37127542,-0.36519524,-0.17580669,0.22025397,-0.3921496,-0.4640729,0.82856125
../data/train_data_mmini/1/Train_0003.jpg	1	-1.0,-1.0,1.0,1.0,-1.0,-1.0,1.0,-1.0,1.0,-1.0,1.0,-1.0,1.0,-1.0,1.0,-1.0,1.0,-1.0,1.0,-1.0,-1.0,-1.0,1.0,1.0	-0.26216662,-0.42175728,0.68863946,0.46675134,-0.10687518,-0.70396024,0.15554932,-0.20157634,0.048614383,-0.2546966,0.17403986,-0.5673222,0.0075808307,-0.768383,0.6183794,-0.89093983,0.4260188,-0.16010791,0.21235852,-0.15498121,-0.5716488,-0.121148854,0.26662335,0.67729795
../data/train_data_mmini/1/Train_0004.jpg	1	-1.0,-1.0,1.0,1.0,-1.0,-1.0,-1.0,-1.0,-1.0,-1.0,-1.0,-1.0,1.0,-1.0,-1.0,-1.0,1.0,-1.0,-1.0,1.0,-1.0,-1.0,1.0,1.0	-0.39914936,-0.42205966,0.8487825,0.11311344,-0.23390862,-0.30715737,-0.110098965,-0.44190603,-0.19106929,-0.41980663,-0.55657107,-0.5365555,0.29485047,-0.43947205,-0.0043722116,-0.7825447,0.28012285,-0.3552431,-0.38877717,0.5329274,-0.26911148,-0.22553556,0.01590909,0.6903286
../data/train_data_mmini/2/Train_0005.jpg	2	-1.0,-1.0,1.0,-1.0,-1.0,-1.0,-1.0,-1.0,-1.0,-1.0,-1.0,-1.0,1.0,-1.0,-1.0,-1.0,1.0,-1.0,-1.0,1.0,1.0,-1.0,1.0,1.0	-0.47667018,-0.2879651,0.8513154,-0.0025133735,-0.16972013,-0.13446036,-0.28920525,-0.37005755,-0.42837623,-0.37430653,-0.8366832,-0.51134545,0.3433988,-0.42230472,-0.17079549,-0.6199838,0.0068822857,-0.24603102,-0.3177199,0.5716334,0.0014007578,-0.22371463,0.015589893,0.7563726
../data/train_data_mmini/2/Train_0006.jpg	2	-1.0,-1.0,1.0,1.0,-1.0,-1.0,-1.0,-1.0,-1.0,-1.0,-1.0,-1.0,1.0,-1.0,1.0,-1.0,1.0,-1.0,1.0,-1.0,-1.0,-1.0,1.0,1.0	-0.3363701,-0.19086225,0.7027488,0.21051858,-0.06996715,-0.40646386,-0.12337245,-0.093579814,-0.2624201,-0.24929607,-0.5349254,-0.6617135,0.18035915,-0.50520223,0.28771496,-0.772015,0.15459578,-0.0058383737,0.103510074,-0.004101428,-0.18518281,-0.093375295,0.12274259,0.73466134
../data/train_data_mmini/2/Train_0007.jpg	2	-1.0,-1.0,1.0,1.0,-1.0,-1.0,1.0,-1.0,1.0,-1.0,-1.0,-1.0,1.0,-1.0,1.0,-1.0,1.0,-1.0,1.0,1.0,-1.0,-1.0,1.0,1.0	-0.2797279,-0.33601546,0.75225955,0.31019753,-0.12232429,-0.5946839,0.033831425,-0.22873193,0.00935453,-0.28656793,-0.09377262,-0.60125464,0.09143384,-0.6975922,0.39457947,-0.91981626,0.3868688,-0.09379141,0.054771036,0.039293673,-0.4883404,-0.066151865,0.17154928,0.66925937
../data/train_data_mmini/2/Train_0008.jpg	2	-1.0,-1.0,1.0,-1.0,-1.0,1.0,-1.0,-1.0,-1.0,-1.0,-1.0,-1.0,1.0,-1.0,-1.0,-1.0,1.0,-1.0,-1.0,1.0,1.0,-1.0,-1.0,1.0	-0.43387023,-0.35914582,1.0488297,-0.16301718,-0.26725417,0.044678118,-0.23420383,-0.7304091,-0.26010343,-0.6181192,-0.960967,-0.76291394,0.29201752,-0.21764205,-0.5066385,-0.66600984,0.19909722,-0.65479195,-0.8298653,0.9257704,0.013825748,-0.5029837,-0.1621749,0.8255395
../data/train_data_mmini/2/Train_0009.jpg	2	-1.0,-1.0,1.0,1.0,-1.0,-1.0,-1.0,-1.0,-1.0,-1.0,-1.0,-1.0,1.0,-1.0,1.0,-1.0,1.0,-1.0,-1.0,1.0,-1.0,-1.0,1.0,1.0	-0.37771472,-0.31448144,0.8235341,0.23329882,-0.19100118,-0.45881176,-0.07638191,-0.21810369,-0.16122165,-0.3390477,-0.3877456,-0.66646636,0.11973108,-0.6562019,0.14529595,-0.8160433,0.18546548,-0.11049212,-0.12727176,0.1747901,-0.26106253,-0.029006012,0.08688209,0.71694916
../data/train_data_mmini/3/Train_0010.jpg	3	-1.0,-1.0,1.0,1.0,-1.0,-1.0,-1.0,-1.0,1.0,-1.0,1.0,-1.0,-1.0,-1.0,1.0,-1.0,1.0,-1.0,1.0,-1.0,-1.0,-1.0,1.0,1.0	-0.37490317,-0.22329944,0.35406637,0.4403584,-0.09182459,-0.3338861,-0.02555226,-0.037094597,0.014033971,-0.184198,0.18230458,-0.58909535,-0.04425861,-0.4847467,0.32838824,-0.6058324,0.30379143,-0.18182495,0.38212782,-0.1322147,-0.3640579,-0.2632612,0.48800898,0.593249
../data/train_data_mmini/3/Train_0011.jpg	3	-1.0,-1.0,1.0,-1.0,-1.0,-1.0,-1.0,-1.0,-1.0,-1.0,-1.0,-1.0,-1.0,-1.0,-1.0,-1.0,1.0,-1.0,-1.0,1.0,1.0,-1.0,-1.0,1.0	-0.23319133,-0.5481294,1.322413,-0.21511135,-0.21221519,-0.22744948,-0.31034032,-0.96170473,-0.34023717,-0.73316765,-0.8319455,-1.1169109,-0.1207521,-0.5683431,-0.47712848,-0.6869627,0.124679424,-0.75131184,-0.753571,0.40300167,0.29759935,-0.48476374,-0.42359805,0.70902985
../data/train_data_mmini/3/Train_0012.jpg	3	-1.0,-1.0,1.0,-1.0,-1.0,-1.0,-1.0,-1.0,-1.0,-1.0,-1.0,-1.0,1.0,-1.0,-1.0,-1.0,-1.0,-1.0,-1.0,1.0,-1.0,-1.0,-1.0,1.0	-0.39283535,-0.3436951,0.92425466,-0.091877215,-0.24934198,-0.2682954,-0.34705225,-0.3626096,-0.4200252,-0.46953872,-0.9913586,-0.6310356,0.41179413,-0.5450253,-0.20862697,-0.75256276,-0.06168861,-0.2045187,-0.5261806,0.43184978,-0.064791106,-0.090712756,-0.011368118,0.8124252
../data/train_data_mmini/3/Train_0013.jpg	3	-1.0,-1.0,1.0,1.0,-1.0,-1.0,-1.0,-1.0,-1.0,-1.0,-1.0,-1.0,1.0,-1.0,1.0,-1.0,1.0,-1.0,-1.0,1.0,-1.0,-1.0,1.0,1.0	-0.34893516,-0.21068402,0.7702584,0.15962917,-0.1127136,-0.35160518,-0.15655045,-0.30224243,-0.18484335,-0.44345692,-0.58598703,-0.769182,0.17744598,-0.519021,0.21830572,-0.66638803,0.1957914,-0.059654467,-0.15566178,0.09166026,-0.20871688,-0.21235643,0.097660124,0.69051945
../data/train_data_mmini/3/Train_0014.jpg	3	-1.0,-1.0,1.0,1.0,-1.0,-1.0,-1.0,-1.0,-1.0,-1.0,-1.0,-1.0,1.0,-1.0,-1.0,-1.0,1.0,-1.0,-1.0,1.0,-1.0,-1.0,1.0,1.0	-0.47971025,-0.39984372,0.9531639,0.028850054,-0.1809888,-0.22699025,-0.3374466,-0.47511625,-0.3691375,-0.5345465,-0.74364454,-0.75807846,0.26170653,-0.48255113,-0.14966235,-0.6639765,0.06810387,-0.32884032,-0.48236135,0.6069678,-0.100258835,-0.22562213,0.04606364,0.78239554
../data/train_data_mmini/4/Train_0015.jpg	4	-1.0,-1.0,1.0,-1.0,-1.0,-1.0,-1.0,-1.0,-1.0,-1.0,-1.0,-1.0,1.0,-1.0,-1.0,-1.0,1.0,-1.0,-1.0,1.0,1.0,-1.0,-1.0,1.0	-0.35701606,-0.37555844,1.2556297,-0.15019988,-0.2311086,-0.17980874,-0.36810938,-0.6768329,-0.38448355,-0.53159666,-1.162904,-0.7766771,0.24671483,-0.4978033,-0.46608242,-0.8319995,0.054478012,-0.40350303,-0.78729534,0.6781778,0.139334,-0.2425519,-0.32596454,0.81663996
../data/train_data_mmini/4/Train_0016.jpg	4	-1.0,-1.0,1.0,1.0,-1.0,-1.0,1.0,-1.0,1.0,-1.0,1.0,-1.0,-1.0,-1.0,1.0,-1.0,1.0,-1.0,-1.0,-1.0,1.0,-1.0,-1.0,1.0	-0.13051967,-0.5759162,1.2074264,0.29274476,-0.21902852,-0.5949224,0.052591786,-0.84072894,0.108910635,-0.5937442,0.17638178,-1.1951559,-0.67266184,-0.7643727,0.16369134,-0.90630496,0.4108564,-0.6859138,-0.0074095284,-0.31776854,0.020586465,-0.45705023,-0.37534165,0.5607796
../data/train_data_mmini/4/Train_0017.jpg	4	-1.0,-1.0,1.0,1.0,-1.0,-1.0,-1.0,-1.0,-1.0,-1.0,-1.0,-1.0,-1.0,-1.0,1.0,-1.0,1.0,-1.0,-1.0,-1.0,1.0,-1.0,-1.0,1.0	-0.255744,-0.3786394,1.1726085,0.09620101,-0.06465058,-0.50474006,-0.22058395,-0.5197383,-0.37997246,-0.38801306,-0.77952987,-1.1206967,-0.16326864,-0.81240207,0.023188798,-0.8532976,0.016993484,-0.21145393,-0.09162986,-0.18069933,0.18535975,-0.1567846,-0.2881765,0.86418897
../data/train_data_mmini/4/Train_0018.jpg	4	-1.0,-1.0,1.0,1.0,-1.0,-1.0,-1.0,-1.0,-1.0,-1.0,-1.0,-1.0,-1.0,-1.0,-1.0,-1.0,-1.0,-1.0,-1.0,1.0,1.0,-1.0,-1.0,1.0	-0.3088066,-0.5058444,1.143877,0.057565305,-0.22157495,-0.14855368,-0.1352108,-0.77970654,-0.17965548,-0.5390055,-0.5215707,-0.8258438,-0.064840086,-0.6197996,-0.39854708,-0.5280514,-0.0022956524,-0.4956475,-0.6482133,0.48992404,0.16999723,-0.22891875,-0.35452607,0.6184135
../data/train_data_mmini/4/Train_0019.jpg	4	-1.0,1.0,1.0,1.0,-1.0,-1.0,-1.0,1.0,-1.0,-1.0,-1.0,-1.0,1.0,-1.0,1.0,-1.0,1.0,1.0,1.0,1.0,-1.0,-1.0,1.0,1.0	-0.43187785,0.0786365,0.5537587,0.24122073,-0.008291486,-0.3848182,-0.24242823,0.16294496,-0.4593877,-0.28905493,-0.956693,-0.43214273,0.5014162,-0.40566713,0.36301544,-0.82972723,0.07055672,0.19318672,0.22962676,0.07328133,-0.2688473,-0.12793677,0.40697134,0.82117444
../data/train_data_mmini/5/Train_0020.jpg	5	-1.0,-1.0,1.0,1.0,-1.0,-1.0,1.0,-1.0,1.0,-1.0,1.0,-1.0,1.0,-1.0,1.0,-1.0,1.0,1.0,1.0,-1.0,-1.0,-1.0,1.0,1.0	-0.25699532,-0.2625889,0.7344593,0.36639264,-0.12785456,-0.7084334,0.09724502,-0.14111595,0.10720016,-0.2468227,0.024752231,-0.63733006,0.001298814,-0.773634,0.56293976,-1.0031083,0.4323825,0.046764873,0.19928731,-0.15895748,-0.5859675,-0.0388131,0.22975555,0.67271936
../data/train_data_mmini/5/Train_0021.jpg	5	-1.0,-1.0,1.0,-1.0,-1.0,-1.0,-1.0,-1.0,-1.0,-1.0,-1.0,-1.0,1.0,-1.0,-1.0,-1.0,1.0,-1.0,-1.0,1.0,-1.0,-1.0,-1.0,1.0	-0.412364,-0.46653265,1.005693,-0.08209091,-0.2867851,-0.22119132,-0.22306259,-0.5605873,-0.353182,-0.6014066,-0.9423553,-0.6419142,0.44280466,-0.46486083,-0.21970378,-0.77548116,0.14050448,-0.40237856,-0.7488069,0.7705724,-0.100218765,-0.21084711,-0.17385668,0.7916716
../data/train_data_mmini/5/Train_0022.jpg	5	-1.0,-1.0,1.0,1.0,-1.0,-1.0,-1.0,-1.0,-1.0,-1.0,-1.0,-1.0,1.0,-1.0,1.0,-1.0,1.0,-1.0,-1.0,1.0,-1.0,-1.0,1.0,1.0	-0.36934975,-0.25624195,0.68387854,0.17136307,-0.15567918,-0.3984196,-0.115410745,-0.18360515,-0.14255026,-0.27368727,-0.47852832,-0.50180316,0.30831015,-0.5428728,0.17532545,-0.80723554,0.23298223,-0.047977187,-0.13554038,0.34285575,-0.4030547,-0.05654524,0.20935863,0.780206
../data/train_data_mmini/5/Train_0023.jpg	5	-1.0,-1.0,1.0,1.0,-1.0,-1.0,1.0,-1.0,-1.0,-1.0,-1.0,-1.0,1.0,-1.0,1.0,-1.0,1.0,-1.0,1.0,1.0,-1.0,-1.0,1.0,1.0	-0.3039336,-0.27108067,0.7077763,0.29311913,-0.12589468,-0.5632192,0.006774357,-0.14598353,-0.03633011,-0.26938877,-0.21838412,-0.546428,0.18321404,-0.70847654,0.37267104,-0.944378,0.317744,-0.022557521,0.01607161,0.0529409,-0.49863666,-0.02463317,0.19134393,0.7467686
../data/train_data_mmini/5/Train_0024.jpg	5	-1.0,-1.0,1.0,1.0,-1.0,-1.0,-1.0,-1.0,-1.0,-1.0,-1.0,-1.0,1.0,-1.0,1.0,-1.0,1.0,-1.0,-1.0,1.0,-1.0,-1.0,1.0,1.0	-0.3425492,-0.26075318,0.7903709,0.13832584,-0.13437752,-0.45574495,-0.12617308,-0.17799677,-0.22093463,-0.30722624,-0.5215879,-0.51794493,0.28197676,-0.6150949,0.19431517,-0.82438374,0.223306,-0.046960853,-0.11984478,0.19788307,-0.3222961,-0.02425417,0.11888671,0.6950602
../data/train_data_mmini/6/Train_0025.jpg	6	-1.0,1.0,1.0,1.0,1.0,-1.0,-1.0,1.0,-1.0,1.0,-1.0,-1.0,1.0,-1.0,1.0,-1.0,1.0,1.0,1.0,-1.0,-1.0,1.0,1.0,1.0	-0.32569385,0.023150787,0.10611568,0.84703463,0.46064737,-0.7500446,-0.30646822,0.84473735,-0.3913382,0.36249757,-0.03958548,-0.16710463,0.23861147,-0.72357374,0.9643868,-0.6851508,0.0009140726,0.59745246,1.367974,-0.96466315,-0.3649244,0.077132285,1.0106994,0.6750128
../data/train_data_mmini/6/Train_0026.jpg	6	-1.0,-1.0,1.0,1.0,-1.0,-1.0,1.0,-1.0,1.0,-1.0,1.0,-1.0,-1.0,-1.0,1.0,-1.0,1.0,-1.0,1.0,-1.0,-1.0,-1.0,-1.0,1.0	-0.18706116,-0.681144,0.7493991,0.8859881,-0.18045315,-0.91940254,0.34780532,-0.54885155,0.46604237,-0.11934971,0.9683161,-0.9511078,-0.73262674,-1.1648362,0.5167537,-0.58953655,0.5480897,-0.30459023,0.23466618,-0.5029484,-0.42348182,-0.034315273,-0.0106043145,0.53269494
../data/train_data_mmini/6/Train_0027.jpg	6	-1.0,-1.0,1.0,1.0,-1.0,-1.0,-1.0,-1.0,1.0,-1.0,1.0,-1.0,-1.0,-1.0,1.0,-1.0,1.0,-1.0,1.0,-1.0,-1.0,-1.0,1.0,1.0	-0.30303642,-0.19127186,0.62292176,0.39407504,-0.07479882,-0.5446158,-0.021730566,-0.05076947,0.002938239,-0.3795064,0.053391952,-0.73406833,-0.15245031,-0.6515503,0.37769008,-0.7823718,0.23220329,-0.021602185,0.28651473,-0.32850736,-0.2733595,-0.07045974,0.30518723,0.49494004
../data/train_data_mmini/6/Train_0028.jpg	6	-1.0,-1.0,1.0,-1.0,-1.0,-1.0,-1.0,-1.0,-1.0,-1.0,-1.0,-1.0,-1.0,-1.0,-1.0,-1.0,1.0,-1.0,-1.0,1.0,1.0,-1.0,-1.0,1.0	-0.28711003,-0.37834135,1.3007697,-0.1172583,-0.23820877,-0.29926795,-0.24775621,-0.8575482,-0.18390198,-0.6956015,-0.74637854,-1.1618644,-0.16301292,-0.6373294,-0.43019703,-0.8603349,0.18510287,-0.5338576,-0.66240656,0.32728457,0.10449033,-0.3271605,-0.3942929,0.6609166
../data/train_data_mmini/6/Train_0029.jpg	6	-1.0,-1.0,1.0,1.0,1.0,-1.0,-1.0,1.0,-1.0,-1.0,-1.0,-1.0,1.0,-1.0,1.0,-1.0,1.0,1.0,1.0,-1.0,-1.0,-1.0,1.0,1.0	-0.2843487,-0.06196285,0.52005124,0.5897944,0.2153316,-0.5676304,-0.22591116,0.46491998,-0.4442526,-0.04085887,-0.5335819,-0.26618755,0.40881658,-0.5838705,0.6080822,-0.6086263,0.07068687,0.28601867,0.44368693,-0.34485948,-0.27950075,-0.13996534,0.5109826,0.8244818
../data/train_data_mmini/7/Train_0030.jpg	7	-1.0,-1.0,1.0,1.0,-1.0,-1.0,-1.0,-1.0,-1.0,-1.0,-1.0,-1.0,1.0,-1.0,1.0,-1.0,1.0,-1.0,-1.0,1.0,-1.0,-1.0,1.0,1.0	-0.38029414,-0.32235467,0.7915777,0.2245553,-0.17109989,-0.5080028,-0.07820842,-0.19991094,-0.19188766,-0.38505837,-0.46254775,-0.6372236,0.14968623,-0.6135542,0.25633442,-0.8832079,0.23937328,-0.09211064,-0.12378296,0.15205382,-0.27751324,-0.07593481,0.06499458,0.73884994
../data/train_data_mmini/7/Train_0031.jpg	7	-1.0,-1.0,1.0,1.0,-1.0,-1.0,-1.0,-1.0,-1.0,-1.0,-1.0,-1.0,-1.0,-1.0,1.0,-1.0,1.0,1.0,1.0,-1.0,-1.0,1.0,1.0,1.0	-0.3004522,-0.2974014,0.6789881,0.38308454,-0.09551224,-0.5517811,-0.11225069,-0.08646831,-0.10008571,-0.13020694,-0.17000063,-0.6967184,-0.0063537667,-0.777297,0.3740643,-0.7580338,0.2229493,0.07054175,0.15538116,-0.16773935,-0.32877812,0.053733267,0.20294377,0.742057
../data/train_data_mmini/7/Train_0032.jpg	7	-1.0,-1.0,1.0,-1.0,-1.0,-1.0,-1.0,-1.0,-1.0,-1.0,-1.0,-1.0,1.0,-1.0,-1.0,-1.0,-1.0,-1.0,-1.0,1.0,1.0,-1.0,-1.0,1.0	-0.46446308,-0.2748037,1.1351122,-0.2751418,-0.2577638,-0.08356596,-0.47024682,-0.55961293,-0.5117884,-0.76108587,-1.329038,-0.77043456,0.43046713,-0.38055736,-0.5424717,-0.6164332,-0.08536678,-0.32859313,-0.8468652,0.8443508,0.22529367,-0.2316505,-0.16827425,0.6980368
../data/train_data_mmini/7/Train_0033.jpg	7	-1.0,-1.0,1.0,1.0,-1.0,-1.0,1.0,-1.0,-1.0,-1.0,1.0,-1.0,-1.0,-1.0,1.0,-1.0,1.0,-1.0,1.0,-1.0,-1.0,-1.0,1.0,1.0	-0.3076848,-0.2590978,0.7111584,0.3697903,-0.13785711,-0.64959806,0.06306987,-0.07850158,-0.04559148,-0.2867767,0.024938827,-0.770657,-0.19660822,-0.7508181,0.51879656,-0.8639015,0.34684405,-0.012396479,0.3104203,-0.2867181,-0.3384959,-0.05666998,0.19017425,0.61013347
../data/train_data_mmini/7/Train_0034.jpg	7	-1.0,-1.0,1.0,1.0,-1.0,-1.0,-1.0,-1.0,-1.0,-1.0,-1.0,-1.0,1.0,-1.0,1.0,-1.0,1.0,-1.0,1.0,1.0,-1.0,-1.0,1.0,1.0	-0.4097508,-0.16613054,0.58745694,0.00870966,-0.057447094,-0.22546412,-0.18947975,-0.13058713,-0.3729324,-0.5417599,-0.46285185,-0.5128499,0.32961455,-0.45520136,0.1460157,-0.5962536,0.09172433,-0.0806484,0.011635706,0.19151801,-0.22668193,-0.27770206,0.43293452,0.5249132
../data/train_data_mmini/8/Train_0035.jpg	8	-1.0,-1.0,1.0,-1.0,-1.0,-1.0,-1.0,-1.0,-1.0,-1.0,-1.0,-1.0,1.0,-1.0,-1.0,-1.0,-1.0,-1.0,-1.0,1.0,-1.0,-1.0,1.0,1.0	-0.6272136,-0.24330062,0.84719056,-0.1586959,-0.20680076,-0.017475272,-0.43898153,-0.2959232,-0.540984,-0.55344874,-1.2393659,-0.5813291,0.585817,-0.31018925,-0.37804997,-0.66279286,-0.040969126,-0.23021823,-0.5600051,0.81909335,-0.0360748,-0.17826939,0.024244368,0.88587606
../data/train_data_mmini/8/Train_0036.jpg	8	-1.0,-1.0,1.0,1.0,-1.0,-1.0,-1.0,-1.0,-1.0,-1.0,-1.0,-1.0,1.0,-1.0,1.0,-1.0,1.0,1.0,1.0,-1.0,-1.0,1.0,1.0,1.0	-0.41288343,-0.14948274,0.9712144,0.2083033,-0.071285054,-0.44268426,-0.34344798,-0.15642755,-0.31247944,-0.16014317,-0.57417023,-0.8001514,0.0014925291,-0.79132885,0.09364867,-0.8416704,0.06734515,0.1331047,0.062427953,-0.105310634,-0.03623065,0.06707442,0.0938846,0.73579705
../data/train_data_mmini/8/Train_0037.jpg	8	-1.0,-1.0,1.0,1.0,-1.0,-1.0,-1.0,-1.0,-1.0,-1.0,1.0,-1.0,-1.0,-1.0,1.0,-1.0,1.0,-1.0,-1.0,-1.0,-1.0,-1.0,-1.0,1.0	-0.2104352,-0.56152815,1.0593985,0.25154462,-0.22151883,-0.6173303,-0.005264917,-0.7228833,-0.00819196,-0.52417356,0.095565654,-1.1545273,-0.48228556,-0.8359292,0.17640677,-0.7086962,0.38853195,-0.45076782,-0.18962173,-0.14473602,-0.039472383,-0.22540392,-0.23427783,0.5109197
../data/train_data_mmini/8/Train_0038.jpg	8	-1.0,-1.0,1.0,1.0,-1.0,-1.0,-1.0,-1.0,-1.0,-1.0,-1.0,-1.0,1.0,-1.0,1.0,-1.0,1.0,1.0,-1.0,1.0,-1.0,-1.0,1.0,1.0	-0.37783754,-0.15898901,0.7482935,0.20317984,-0.13956383,-0.37440476,-0.17579623,-0.07910162,-0.18017522,-0.3449002,-0.57618475,-0.56912297,0.24260801,-0.61366427,0.18259029,-0.7773055,0.16276765,0.06637653,-0.12614067,0.18545212,-0.27896336,-0.08706945,0.25921008,0.81929964
../data/train_data_mmini/8/Train_0039.jpg	8	-1.0,-1.0,1.0,-1.0,-1.0,-1.0,-1.0,-1.0,-1.0,-1.0,-1.0,-1.0,1.0,-1.0,-1.0,-1.0,-1.0,-1.0,-1.0,1.0,1.0,-1.0,1.0,1.0	-0.50464225,-0.21240231,0.9228338,-0.14646539,-0.16541505,-0.2063645,-0.45903772,-0.30643225,-0.5778972,-0.5649398,-1.215534,-0.7277862,0.44296223,-0.42735362,-0.12085116,-0.69375014,-0.005224252,-0.13028257,-0.391819,0.47460958,0.01050565,-0.20901579,0.0037424346,0.7987912
../data/train_data_mmini/9/Train_0040.jpg	9	-1.0,-1.0,1.0,1.0,-1.0,-1.0,-1.0,-1.0,-1.0,-1.0,-1.0,-1.0,1.0,-1.0,-1.0,-1.0,1.0,-1.0,-1.0,1.0,-1.0,-1.0,-1.0,1.0	-0.35671982,-0.44367743,0.9819461,0.09922855,-0.21651867,-0.3330586,-0.15082979,-0.51990825,-0.2086778,-0.47985858,-0.7028033,-0.68595576,0.2615338,-0.571761,-0.09600532,-0.8517288,0.22121762,-0.36662745,-0.49897167,0.53549457,-0.213748,-0.22698407,-0.08286248,0.8474987
../data/train_data_mmini/9/Train_0041.jpg	9	-1.0,-1.0,1.0,1.0,-1.0,-1.0,-1.0,-1.0,-1.0,-1.0,-1.0,-1.0,-1.0,-1.0,1.0,-1.0,1.0,-1.0,1.0,-1.0,-1.0,-1.0,1.0,1.0	-0.39379522,-0.23707314,0.83140874,0.23401447,-0.16533977,-0.52579,-0.06417565,-0.26604396,-0.12862743,-0.50171065,-0.19444324,-0.80877596,-0.0134121785,-0.600952,0.30708808,-0.8129225,0.20197947,-0.10369197,0.09538934,-0.041468326,-0.26276645,-0.15256083,0.19452241,0.5577387
../data/train_data_mmini/9/Train_0042.jpg	9	-1.0,-1.0,1.0,1.0,-1.0,-1.0,-1.0,-1.0,-1.0,-1.0,-1.0,-1.0,1.0,-1.0,-1.0,-1.0,1.0,-1.0,-1.0,1.0,-1.0,-1.0,-1.0,1.0	-0.2611562,-0.53616154,1.2618891,0.07043136,-0.20462008,-0.3660188,-0.18142886,-0.79593146,-0.16995765,-0.5535537,-0.5990114,-0.92199767,0.003948315,-0.6576598,-0.15970857,-0.84908664,0.2671694,-0.54421955,-0.5329211,0.35544807,-0.0205882,-0.33383882,-0.2844308,0.72505397
../data/train_data_mmini/9/Train_0043.jpg	9	-1.0,-1.0,1.0,1.0,-1.0,-1.0,-1.0,-1.0,-1.0,-1.0,-1.0,-1.0,1.0,-1.0,-1.0,-1.0,1.0,-1.0,-1.0,1.0,-1.0,-1.0,-1.0,1.0	-0.42271975,-0.34822,0.9687445,0.04206531,-0.21055374,-0.26681957,-0.27687284,-0.46166956,-0.2697234,-0.4720475,-0.79629624,-0.68920434,0.30409053,-0.51750183,-0.07884821,-0.7919848,0.12840678,-0.2314006,-0.46882954,0.5662195,-0.15338646,-0.15473083,-0.057575487,0.79871404
../data/train_data_mmini/9/Train_0044.jpg	9	-1.0,-1.0,1.0,1.0,-1.0,-1.0,-1.0,-1.0,-1.0,-1.0,-1.0,-1.0,1.0,-1.0,1.0,-1.0,1.0,-1.0,1.0,-1.0,-1.0,-1.0,1.0,1.0	-0.3443308,-0.24672781,0.74188924,0.22901665,-0.007701262,-0.5508307,-0.17289516,-0.05266638,-0.29479626,-0.28957745,-0.5772254,-0.6138154,0.19953142,-0.60639703,0.36685398,-0.8463617,0.20163895,-0.021548534,0.107704744,-0.0574576,-0.24835536,-0.17753187,0.21326011,0.80804926
../data/train_data_mmini/10/Train_0045.jpg	10	-1.0,1.0,1.0,-1.0,-1.0,-1.0,-1.0,1.0,-1.0,-1.0,-1.0,-1.0,1.0,-1.0,1.0,-1.0,-1.0,1.0,-1.0,1.0,1.0,-1.0,1.0,1.0	-0.54267335,0.10352075,0.62405306,-0.05896544,-0.08038192,-0.0382717,-0.45909542,0.09172276,-0.61320955,-0.4550965,-1.3141897,-0.30198416,0.70928663,-0.37533048,0.02477826,-0.4045388,-0.14905168,0.19629042,-0.15070328,0.44692862,0.059974525,-0.029460851,0.3443366,0.6398993
../data/train_data_mmini/10/Train_0046.jpg	10	-1.0,-1.0,1.0,-1.0,-1.0,-1.0,-1.0,-1.0,-1.0,-1.0,-1.0,-1.0,-1.0,-1.0,1.0,-1.0,1.0,-1.0,-1.0,-1.0,1.0,-1.0,-1.0,1.0	-0.15362988,-0.4724729,0.8985543,-0.013773287,-0.11594463,-0.4935309,-0.073677965,-0.55978703,-0.26465866,-0.56289315,-0.39266527,-0.96839166,-0.13340165,-0.42354548,0.17233777,-0.631995,0.3119589,-0.6071882,-0.04160139,-0.12303374,0.06358829,-0.5059971,-0.21439165,0.5768294
../data/train_data_mmini/10/Train_0047.jpg	10	-1.0,-1.0,1.0,-1.0,-1.0,-1.0,-1.0,-1.0,-1.0,-1.0,-1.0,-1.0,1.0,-1.0,-1.0,-1.0,-1.0,1.0,-1.0,1.0,1.0,-1.0,1.0,1.0	-0.52932465,-0.088523716,0.8272111,-0.09504291,-0.13392122,-0.11481116,-0.4746994,-0.20123845,-0.6579983,-0.38809326,-1.1979636,-0.5006938,0.54695475,-0.45403886,-0.06337169,-0.5360089,-0.050065733,0.040346004,-0.30481043,0.456944,0.01218139,-0.18375444,0.10122103,0.78472334
../data/train_data_mmini/10/Train_0048.jpg	10	-1.0,1.0,1.0,-1.0,1.0,-1.0,-1.0,1.0,-1.0,-1.0,-1.0,1.0,1.0,-1.0,1.0,-1.0,-1.0,1.0,1.0,1.0,-1.0,-1.0,1.0,1.0	-0.6985667,0.38381517,0.40928382,-0.020307327,0.13165665,-0.09445361,-0.8018242,0.62266546,-1.0392284,-0.16607931,-2.0307062,0.026772017,1.2324271,-0.13823171,0.0017758436,-0.57481617,-0.22009611,0.41399938,0.17251171,0.65369093,-0.15641518,-0.12473546,0.75074464,1.0622838
../data/train_data_mmini/10/Train_0049.jpg	10	-1.0,-1.0,1.0,-1.0,-1.0,-1.0,-1.0,-1.0,-1.0,-1.0,-1.0,-1.0,1.0,-1.0,-1.0,-1.0,-1.0,-1.0,-1.0,1.0,1.0,-1.0,1.0,1.0	-0.49819502,-0.3185182,0.8188318,-0.037173104,-0.10820686,-0.2025584,-0.45579368,-0.33615395,-0.5136123,-0.54296005,-1.0437468,-0.6608356,0.40454465,-0.45505622,-0.25541192,-0.5808578,-0.014659533,-0.26345,-0.43572795,0.5372821,0.04657616,-0.21957222,0.017524466,0.8009045
