../data/train_data_mmini/1/Train_0000.jpg	1	-1.0,1.0,1.0,1.0,1.0,-1.0,-1.0,1.0,1.0,-1.0,1.0,-1.0,-1.0,1.0,-1.0,-1.0,-1.0,1.0,-1.0,1.0,-1.0,1.0,1.0,-1.0	-0.11912856,0.03692274,0.5678964,0.07206207,1.1285807,-0.63299733,-0.9541092,0.7653547,0.7579966,-0.1700243,0.65032554,-0.031717077,-0.5612504,0.041042957,-0.8682701,-1.651165,-0.6543288,1.149504,-0.61838615,0.11007343,-0.35090092,0.37714663,0.43848988,-0.4062038
../data/train_data_mmini/1/Train_0001.jpg	1	-1.0,-1.0,1.0,-1.0,1.0,-1.0,-1.0,1.0,1.0,1.0,1.0,-1.0,-1.0,1.0,-1.0,-1.0,-1.0,1.0,-1.0,1.0,-1.0,-1.0,1.0,-1.0	-0.4123807,-0.17654222,0.41532537,-0.16112213,0.47610483,-0.39917314,-0.2874799,0.39015722,0.59938234,0.10511023,0.55029464,-0.010008211,-0.3508745,0.04838391,-1.0751139,-1.1040117,-0.7216356,0.7140607,-0.3159268,0.19284812,-0.15202385,-0.1399836,0.18937768,-0.18262015
../data/train_data_mmini/1/Train_0002.jpg	1	-1.0,-1.0,1.0,-1.0,-1.0,1.0,1.0,1.0,1.0,-1.0,1.0,-1.0,1.0,1.0,-1.0,-1.0,-1.0,1.0,-1.0,1.0,1.0,-1.0,1.0,-1.0	-0.7700012,-0.4739895,0.53513616,-0.0025214807,-0.52740073,0.10311261,0.50743127,0.59820807,0.7937942,-0.16384281,0.7578505,-0.021445379,0.064808555,0.36425108,-1.0852748,-0.40143618,-0.79990995,0.70902336,-0.08563934,0.45260808,0.37327376,-0.8403981,0.18828708,-0.53170663
../data/train_data_mmini/1/Train_0003.jpg	1	1.0,1.0,1.0,1.0,1.0,-1.0,-1.0,1.0,1.0,-1.0,1.0,-1.0,-1.0,-1.0,-1.0,-1.0,-1.0,1.0,-1.0,-1.0,-1.0,1.0,1.0,-1.0	0.21059363,0.24838871,0.43561825,0.097408675,1.887748,-0.94817215,-1.5492431,0.72384447,0.7554352,-0.2087958,0.58961195,-0.116798535,-0.7359779,-0.09098348,-0.76768935,-2.1510155,-0.43434632,1.4898783,-0.9853113,-0.049367733,-0.8275379,0.96802014,0.47347522,-0.19934268
../data/train_data_mmini/1/Train_0004.jpg	1	1.0,1.0,1.0,1.0,1.0,-1.0,-1.0,1.0,1.0,-1.0,1.0,1.0,-1.0,-1.0,-1.0,-1.0,-1.0,1.0,-1.0,1.0,-1.0,1.0,1.0,-1.0	0.020217484,0.08177576,0.748374,0.18172814,1.2370756,-0.58824193,-1.1295873,0.80704176,0.7906723,-0.09345862,0.80122864,0.10346657,-0.5993516,-0.0666306,-0.8291792,-1.7911752,-0.8018331,0.70114106,-0.5693986,0.24327046,-0.35473835,0.4471271,0.44941497,-0.3077778
../data/train_data_mmini/2/Train_0005.jpg	2	-1.0,-1.0,1.0,-1.0,-1.0,1.0,1.0,1.0,1.0,1.0,1.0,1.0,1.0,-1.0,-1.0,1.0,-1.0,-1.0,1.0,1.0,1.0,-1.0,1.0,-1.0	-0.7195803,-0.66868466,0.3696509,-0.14709795,-0.85839546,0.50461715,0.78856313,0.24525307,0.651232,0.14491056,0.40623215,0.025672536,0.25825524,-0.08681031,-0.9711473,0.29335168,-0.8781919,-0.08062817,0.13117573,0.7586241,0.6662808,-1.311807,0.14711708,-0.232432
../data/train_data_mmini/2/Train_0006.jpg	2	-1.0,-1.0,1.0,-1.0,-1.0,1.0,1.0,1.0,1.0,1.0,1.0,1.0,1.0,1.0,-1.0,-1.0,-1.0,1.0,-1.0,1.0,1.0,-1.0,1.0,-1.0	-0.6540374,-0.78480613,0.013174756,-0.36306438,-0.31417602,0.058072373,0.73873556,0.27098054,0.75134003,0.92291707,0.5757021,0.5572493,0.2971444,0.01104008,-1.1749532,-0.16228412,-1.3452729,0.44433427,-0.27574515,0.10065555,0.16840872,-1.0395225,0.1967168,-0.35722628
../data/train_data_mmini/2/Train_0007.jpg	2	1.0,1.0,1.0,1.0,1.0,-1.0,-1.0,1.0,1.0,-1.0,1.0,1.0,-1.0,-1.0,-1.0,-1.0,-1.0,1.0,-1.0,1.0,-1.0,1.0,1.0,-1.0	0.28812993,0.09683142,0.71903455,0.4552288,1.5824363,-0.8986196,-1.6690383,1.0236444,0.8082463,-0.41378814,0.7919519,0.13475198,-0.8329751,-0.118096106,-0.5983673,-2.0819094,-0.6271369,1.0251529,-0.75656253,0.170651,-0.6516568,0.95292336,0.58943945,-0.36469334
../data/train_data_mmini/2/Train_0008.jpg	2	-1.0,-1.0,1.0,1.0,-1.0,-1.0,-1.0,1.0,1.0,-1.0,1.0,1.0,-1.0,1.0,-1.0,-1.0,-1.0,1.0,-1.0,1.0,1.0,-1.0,1.0,-1.0	-0.41706896,-0.44476193,0.52551967,0.04241574,-0.31539193,-0.029183956,-0.024981372,0.8690717,0.6457307,-0.08440742,0.6721263,0.054064114,-0.34940627,0.25546196,-0.97309875,-0.34968045,-1.1075474,0.39118114,-0.08666391,0.33153912,0.26305786,-0.54715323,0.24031188,-0.46813843
../data/train_data_mmini/2/Train_0009.jpg	2	-1.0,-1.0,1.0,-1.0,-1.0,1.0,1.0,1.0,1.0,1.0,1.0,1.0,1.0,1.0,-1.0,1.0,-1.0,1.0,-1.0,1.0,1.0,-1.0,-1.0,-1.0	-0.7505027,-0.62494785,0.11671246,-0.26021338,-0.6602536,0.29285303,0.643537,0.30232242,0.7904014,0.017279105,0.5832115,0.09085181,0.26717025,0.029833008,-1.1408398,0.11448696,-0.8543992,0.16583169,-0.044425245,0.65179086,0.37685192,-1.2896135,-0.04050685,-0.2528155
../data/train_data_mmini/3/Train_0010.jpg	3	-1.0,-1.0,1.0,1.0,-1.0,-1.0,1.0,1.0,1.0,1.0,1.0,1.0,1.0,-1.0,-1.0,1.0,-1.0,-1.0,1.0,1.0,1.0,-1.0,-1.0,-1.0	-0.5278384,-0.6391003,0.052387454,0.08541734,-0.9408388,-0.068574935,0.6028602,0.5317814,0.62424016,0.012262883,0.4429581,0.67765003,0.17253959,-0.18873417,-0.7215065,0.52233475,-0.8086549,-0.43930632,0.22084081,0.87386566,0.1935521,-1.1458269,-0.13726972,-0.23795632
../data/train_data_mmini/3/Train_0011.jpg	3	-1.0,-1.0,1.0,-1.0,-1.0,1.0,1.0,1.0,1.0,-1.0,1.0,1.0,1.0,1.0,-1.0,1.0,-1.0,-1.0,1.0,1.0,1.0,-1.0,-1.0,-1.0	-0.8201847,-0.92432004,1.2019486,-0.108660944,-1.2863125,0.47604388,1.1825037,0.32876575,0.7156882,-0.5669195,0.96678066,0.3588601,0.25323808,0.15803586,-1.3283323,0.45588115,-0.9005736,-0.6870958,0.72543037,1.1634333,0.8411341,-1.5862827,-0.15583746,-0.344675
../data/train_data_mmini/3/Train_0012.jpg	3	-1.0,-1.0,1.0,-1.0,-1.0,1.0,1.0,-1.0,1.0,1.0,1.0,-1.0,1.0,1.0,-1.0,-1.0,-1.0,1.0,1.0,1.0,1.0,-1.0,1.0,-1.0	-1.104564,-0.09107135,0.5328359,-0.6733419,-0.26967216,0.26420057,1.0429041,-0.16132322,0.84458363,0.28047746,0.906798,-0.032429054,0.5828163,0.28144258,-1.4737765,-0.6003607,-1.004888,0.42367032,0.12114208,0.6169664,0.56716007,-1.3632575,0.12127375,-0.31095988
../data/train_data_mmini/3/Train_0013.jpg	3	-1.0,-1.0,-1.0,-1.0,-1.0,1.0,1.0,1.0,1.0,1.0,1.0,1.0,1.0,1.0,-1.0,1.0,-1.0,1.0,-1.0,1.0,1.0,-1.0,1.0,-1.0	-0.9365313,-0.7460075,-0.05029341,-0.43477577,-0.89256114,0.0053853528,1.0949283,0.41346216,0.9139956,0.6628164,0.6881543,0.59313506,0.56839406,0.24697027,-1.2770587,0.015341221,-1.4543506,0.47052887,-0.047072712,0.19287947,0.5577488,-1.3796769,0.21194407,-0.4665057
../data/train_data_mmini/3/Train_0014.jpg	3	-1.0,-1.0,1.0,-1.0,-1.0,1.0,1.0,1.0,1.0,1.0,1.0,1.0,-1.0,-1.0,-1.0,-1.0,-1.0,1.0,1.0,1.0,1.0,-1.0,1.0,-1.0	-0.49428278,-0.68106645,0.37862,-0.07089255,-0.32168168,0.05529271,0.25768372,0.5089354,0.8293273,0.071642876,0.63787043,0.21323252,-0.12567657,-0.09477943,-1.0608305,-0.12733386,-1.0588322,0.10634909,0.017646914,0.5008812,0.26499066,-0.922389,0.14644824,-0.21553007
../data/train_data_mmini/4/Train_0015.jpg	4	-1.0,-1.0,1.0,1.0,-1.0,-1.0,1.0,1.0,1.0,1.0,1.0,1.0,1.0,1.0,-1.0,-1.0,-1.0,1.0,-1.0,1.0,1.0,-1.0,1.0,-1.0	-0.6955799,-0.2693974,0.5804718,0.012814184,-0.025845857,-0.052916557,0.036507346,0.793694,0.9274741,0.14234596,0.92549384,0.053667594,0.014702081,0.418037,-1.3134527,-0.9830409,-1.2027919,0.869087,-0.123166524,0.4485581,0.4448199,-0.7507312,0.5704315,-0.6628054
../data/train_data_mmini/4/Train_0016.jpg	4	-1.0,-1.0,1.0,-1.0,-1.0,1.0,1.0,1.0,1.0,-1.0,1.0,-1.0,-1.0,1.0,-1.0,-1.0,-1.0,1.0,-1.0,1.0,1.0,-1.0,-1.0,-1.0	-0.6053288,-0.25075376,0.39607444,-0.30738693,-0.46207502,0.37059006,0.46228752,0.26117986,0.51481575,-0.34578258,0.31742594,-0.44508535,-0.21688049,0.19487347,-0.8130904,-0.0025142143,-0.44610804,0.5074916,-0.13473508,0.3621319,0.4138099,-0.719474,-0.00012075639,-0.17295927
../data/train_data_mmini/4/Train_0017.jpg	4	-1.0,-1.0,1.0,-1.0,-1.0,1.0,1.0,-1.0,1.0,1.0,1.0,1.0,1.0,1.0,-1.0,1.0,-1.0,1.0,1.0,1.0,1.0,-1.0,1.0,-1.0	-1.0939549,-0.74431497,0.22411227,-0.62168705,-1.3265986,0.5666141,1.7895551,-0.22585231,0.76556176,0.631409,0.784209,0.24271996,0.6240122,0.41841567,-1.3744599,0.5235438,-1.1393836,0.17212114,0.27444848,0.45103246,0.67068934,-1.9120452,0.019158259,-0.34179148
../data/train_data_mmini/4/Train_0018.jpg	4	-1.0,-1.0,1.0,-1.0,-1.0,1.0,1.0,1.0,1.0,1.0,1.0,-1.0,1.0,1.0,-1.0,1.0,-1.0,-1.0,1.0,1.0,1.0,-1.0,1.0,-1.0	-0.7389507,-0.45998114,0.20821653,-0.08681504,-1.0639483,0.4408139,0.7764631,0.40309402,0.7321218,0.17327501,0.31800154,-0.08153063,0.11560623,0.033876155,-0.782971,0.3249317,-0.7665111,-0.0076167313,0.23327693,0.8774289,0.73466045,-1.4246762,0.110745884,-0.35015193
../data/train_data_mmini/4/Train_0019.jpg	4	-1.0,-1.0,1.0,-1.0,-1.0,1.0,1.0,1.0,1.0,1.0,1.0,1.0,1.0,1.0,-1.0,-1.0,-1.0,1.0,-1.0,1.0,1.0,-1.0,1.0,-1.0	-0.2936738,-0.88455456,0.328096,-0.24738857,-0.17411008,0.07571049,0.5869175,0.2596696,0.6858183,0.7848218,0.75941634,0.7361048,0.23317984,0.04333766,-1.111983,-0.22547954,-1.3903074,0.06824914,-0.20283324,0.25201043,0.16114339,-0.77892476,0.12911098,-0.22200634
../data/train_data_mmini/5/Train_0020.jpg	5	1.0,1.0,1.0,1.0,1.0,-1.0,-1.0,1.0,1.0,-1.0,1.0,-1.0,-1.0,1.0,-1.0,-1.0,-1.0,1.0,-1.0,-1.0,-1.0,1.0,1.0,-1.0	0.26917875,0.2153146,0.72681135,0.2710958,1.8604847,-0.86089015,-1.7696607,0.8428823,0.54581183,-0.19011888,0.5969596,-0.13960807,-0.95267546,0.01013371,-0.5857181,-2.2410066,-0.60594857,1.1975435,-0.9544629,-0.15523393,-0.76487845,1.1262068,0.45548445,-0.29438075
../data/train_data_mmini/5/Train_0021.jpg	5	-1.0,-1.0,1.0,1.0,1.0,-1.0,-1.0,1.0,1.0,1.0,1.0,1.0,-1.0,1.0,-1.0,-1.0,-1.0,1.0,-1.0,1.0,-1.0,1.0,1.0,-1.0	-0.249718,-0.2653286,0.45587042,0.15373151,0.7432997,-0.5558874,-0.65488076,0.8451418,0.9663989,0.020298371,0.86515695,0.19707264,-0.23959568,0.13937232,-1.1559553,-1.4181175,-1.0370785,1.1836332,-0.39667252,0.2546032,-0.06307732,0.011026793,0.41182604,-0.5367043
../data/train_data_mmini/5/Train_0022.jpg	5	1.0,-1.0,1.0,1.0,1.0,-1.0,-1.0,1.0,1.0,-1.0,1.0,1.0,-1.0,-1.0,-1.0,-1.0,-1.0,1.0,-1.0,1.0,-1.0,1.0,1.0,-1.0	0.029038409,-0.16389419,0.5159078,0.17012826,0.92363983,-0.5978613,-1.0050403,0.7301276,0.70277804,-0.08256913,0.62846607,0.13680477,-0.49520996,-0.05315311,-0.727322,-1.3981011,-0.8856152,0.6970591,-0.5116958,0.16861783,-0.39420566,0.33486855,0.4194734,-0.25374606
../data/train_data_mmini/5/Train_0023.jpg	5	1.0,1.0,1.0,1.0,1.0,-1.0,-1.0,1.0,1.0,-1.0,1.0,-1.0,-1.0,-1.0,-1.0,-1.0,-1.0,1.0,-1.0,-1.0,-1.0,1.0,1.0,-1.0	0.3521026,0.3222871,0.5568058,0.36704144,2.0862057,-1.059419,-1.9821253,1.0225686,0.69787806,-0.25162658,0.6638674,-0.22251092,-0.89496964,-0.045329783,-0.5469524,-2.4594343,-0.45363498,1.4671547,-1.1081904,-0.1698722,-0.9570662,1.35377,0.5122753,-0.29743794
../data/train_data_mmini/5/Train_0024.jpg	5	-1.0,-1.0,1.0,1.0,1.0,-1.0,-1.0,1.0,1.0,-1.0,1.0,1.0,-1.0,-1.0,-1.0,-1.0,-1.0,1.0,-1.0,1.0,1.0,-1.0,1.0,-1.0	-0.25051332,-0.120294824,0.53563017,0.21578689,0.7082503,-0.353189,-0.53919613,0.68151987,1.0787749,-0.27726522,0.83699685,0.31048718,-0.04998032,-0.092924125,-1.0843835,-1.2865129,-0.82861805,0.72134775,-0.27252978,0.63353306,0.05509687,-0.13974069,0.401088,-0.45004985
../data/train_data_mmini/6/Train_0025.jpg	6	-1.0,-1.0,1.0,-1.0,-1.0,1.0,1.0,-1.0,1.0,-1.0,1.0,1.0,1.0,-1.0,-1.0,1.0,-1.0,-1.0,1.0,1.0,1.0,-1.0,-1.0,-1.0	-0.6682746,-1.2247486,0.2504538,-0.103447564,-1.2322015,0.36366343,1.7996563,-0.26244968,0.99297357,-0.09284354,0.7916036,1.086636,1.2681794,-0.3251332,-1.1471633,1.1218851,-0.8608267,-0.5909452,0.6256979,1.3827461,0.6081826,-1.9214295,-0.23645921,-0.19176234
../data/train_data_mmini/6/Train_0026.jpg	6	-1.0,-1.0,1.0,-1.0,1.0,-1.0,-1.0,1.0,1.0,1.0,1.0,1.0,-1.0,-1.0,-1.0,-1.0,-1.0,1.0,-1.0,1.0,1.0,-1.0,1.0,-1.0	-0.26563007,-0.3306929,0.407282,-0.16044687,0.07982735,-0.09446491,-0.068952195,0.32613534,0.71437085,0.32086754,0.67780066,0.15098016,-0.39286545,-0.039544787,-0.9980368,-0.91750354,-0.766694,0.2853437,-0.14243045,0.59079635,0.107837744,-0.656423,0.21750452,-0.116027646
../data/train_data_mmini/6/Train_0027.jpg	6	-1.0,-1.0,1.0,-1.0,-1.0,1.0,1.0,1.0,1.0,-1.0,1.0,1.0,1.0,-1.0,-1.0,1.0,-1.0,-1.0,1.0,1.0,1.0,-1.0,-1.0,-1.0	-0.81318027,-0.8972743,0.36704075,-0.15697853,-1.4406171,0.63691616,1.4246902,0.13678898,0.6402358,-0.3566685,0.4493712,0.4850063,0.5151226,-0.22208075,-1.1189365,1.0919726,-0.78321946,-0.6012627,0.5284295,1.2006499,0.6854759,-1.8484298,-0.41829035,-0.26645342
../data/train_data_mmini/6/Train_0028.jpg	6	-1.0,-1.0,1.0,1.0,-1.0,-1.0,-1.0,1.0,1.0,-1.0,1.0,1.0,-1.0,-1.0,-1.0,-1.0,-1.0,1.0,-1.0,1.0,1.0,-1.0,1.0,-1.0	-0.27390707,-0.58383304,0.5756926,0.07308524,-0.11249816,-0.1960492,-0.03368964,0.46882927,0.8361788,-0.48115423,0.707433,0.2140519,-0.30218318,-0.19671772,-1.0427407,-0.43794718,-0.7951199,0.16178532,-0.06827911,0.5666512,0.1816024,-0.54609036,0.059569567,-0.18444958
../data/train_data_mmini/6/Train_0029.jpg	6	-1.0,-1.0,-1.0,-1.0,-1.0,1.0,1.0,1.0,1.0,1.0,1.0,1.0,1.0,1.0,-1.0,1.0,-1.0,-1.0,1.0,1.0,1.0,-1.0,-1.0,-1.0	-1.1658372,-0.8475859,-0.17719673,-0.3876829,-1.9828433,0.68790627,2.1603851,0.25417262,0.9660305,0.1849968,0.6192749,0.70570946,1.3802984,0.17279725,-1.2702931,1.2906969,-1.0454208,-0.071933456,0.5222213,1.0395772,1.1412002,-2.2986584,-0.03460349,-0.7148087
../data/train_data_mmini/7/Train_0030.jpg	7	-1.0,-1.0,1.0,-1.0,-1.0,1.0,1.0,1.0,1.0,1.0,1.0,-1.0,1.0,1.0,-1.0,-1.0,-1.0,1.0,-1.0,1.0,1.0,-1.0,1.0,-1.0	-0.65395105,-0.44279462,0.3506938,-0.37853745,-0.16826709,0.23358397,0.33834395,0.16828878,0.72551924,0.19508104,0.5633573,-0.06246955,0.11250524,0.08488283,-1.1837687,-0.36496884,-0.8880255,0.607352,-0.20388553,0.3820397,0.24905133,-0.907804,0.15128675,-0.21412492
../data/train_data_mmini/7/Train_0031.jpg	7	-1.0,-1.0,-1.0,-1.0,-1.0,1.0,1.0,1.0,1.0,1.0,1.0,1.0,1.0,1.0,-1.0,1.0,-1.0,1.0,1.0,1.0,1.0,-1.0,1.0,-1.0	-0.76358515,-0.6334374,-0.008790203,-0.31469882,-0.75752413,0.04649335,0.9201755,0.19139516,0.8399755,0.18723069,0.5227748,0.2501005,0.47440207,0.035951216,-1.0270281,0.048403114,-1.0244485,0.28087863,0.059939582,0.6662231,0.51085037,-1.285295,0.09406211,-0.3151693
../data/train_data_mmini/7/Train_0032.jpg	7	-1.0,-1.0,1.0,-1.0,-1.0,1.0,1.0,1.0,1.0,-1.0,1.0,1.0,1.0,1.0,-1.0,1.0,-1.0,-1.0,1.0,1.0,1.0,-1.0,-1.0,-1.0	-1.098583,-0.8168061,0.7091162,-0.04757973,-1.3818806,0.59877414,1.4743106,0.35178655,0.77932715,-0.23897855,0.6821534,0.44572708,0.541056,0.08480507,-1.3459367,0.6161466,-1.1996299,-0.5297923,0.593668,1.2951801,1.1156034,-1.89568,-0.20022516,-0.60363376
../data/train_data_mmini/7/Train_0033.jpg	7	-1.0,-1.0,1.0,-1.0,-1.0,1.0,1.0,1.0,1.0,1.0,1.0,1.0,1.0,-1.0,-1.0,1.0,-1.0,-1.0,1.0,1.0,1.0,-1.0,-1.0,-1.0	-0.68463093,-0.60226923,0.3203228,-0.16890998,-0.4081866,0.40146163,0.72904086,0.06022425,0.8086318,0.007973665,0.4700833,0.2515272,0.14895381,-0.16005872,-1.0167748,0.1879653,-0.8318569,-0.040900573,0.03001296,0.91461104,0.30736774,-1.2458469,-0.04671793,-0.172768
../data/train_data_mmini/7/Train_0034.jpg	7	-1.0,-1.0,1.0,1.0,-1.0,1.0,1.0,1.0,1.0,-1.0,1.0,1.0,1.0,-1.0,-1.0,1.0,-1.0,-1.0,1.0,1.0,1.0,-1.0,-1.0,-1.0	-0.4337097,-1.0211836,0.95566744,0.4286482,-0.9334536,0.15431084,0.8196956,0.5581305,1.128185,-1.0528581,0.7308091,0.88816184,0.4186252,-0.50598717,-1.2778835,0.49825418,-1.0139203,-1.1135556,0.7115679,1.6284032,0.8698183,-1.2534646,-0.191821,-0.31650355
../data/train_data_mmini/8/Train_0035.jpg	8	-1.0,-1.0,1.0,-1.0,-1.0,1.0,1.0,1.0,1.0,1.0,1.0,1.0,1.0,-1.0,-1.0,1.0,-1.0,-1.0,1.0,1.0,1.0,-1.0,-1.0,-1.0	-1.0167639,-0.8023641,0.055908613,-0.24661125,-1.4231102,0.404642,1.3064861,0.28202572,0.8818459,0.11791885,0.5846117,0.49410364,0.7514429,-0.03772297,-1.3065264,0.7441413,-1.148234,-0.1782226,0.36861545,0.9302863,0.8190084,-1.8246355,-0.04353464,-0.47580153
../data/train_data_mmini/8/Train_0036.jpg	8	-1.0,-1.0,-1.0,-1.0,-1.0,1.0,1.0,1.0,1.0,-1.0,1.0,1.0,1.0,-1.0,-1.0,1.0,-1.0,-1.0,1.0,1.0,1.0,-1.0,-1.0,-1.0	-1.0802354,-1.1159053,-0.049241833,-0.30091196,-1.8242139,0.76671666,1.9089783,0.06221837,1.0352728,-0.0073246867,0.61622185,0.4799985,0.9876464,-0.08213115,-1.1229827,1.3132448,-1.0595794,-0.3908404,0.5147021,1.3404956,0.9771363,-2.3333275,-0.16791785,-0.35441855
../data/train_data_mmini/8/Train_0037.jpg	8	-1.0,-1.0,1.0,-1.0,-1.0,1.0,1.0,1.0,1.0,-1.0,1.0,1.0,1.0,1.0,-1.0,1.0,-1.0,-1.0,1.0,1.0,1.0,-1.0,-1.0,-1.0	-0.9482978,-0.87868875,0.42577472,-0.14935742,-1.4053682,0.49491167,1.4127216,0.38840047,0.91644704,-0.2805142,0.8188238,0.4401973,0.49183685,0.11018767,-1.3510828,0.6206214,-0.9493383,-0.21752289,0.5101298,1.1997887,0.89087,-1.8950533,-0.08832928,-0.48867196
../data/train_data_mmini/8/Train_0038.jpg	8	-1.0,-1.0,1.0,-1.0,-1.0,1.0,1.0,1.0,1.0,-1.0,1.0,1.0,1.0,1.0,-1.0,-1.0,-1.0,1.0,1.0,1.0,1.0,-1.0,1.0,-1.0	-0.76952124,-0.625774,0.18365173,-0.20842107,-0.74568903,0.019076524,0.58711594,0.43482956,0.8697467,-0.033844516,0.63610846,0.17096974,0.38002667,0.12684576,-1.2154137,-0.043723986,-1.166481,0.36949214,0.06621748,0.65946597,0.513037,-1.1991017,0.11959298,-0.3863108
../data/train_data_mmini/8/Train_0039.jpg	8	-1.0,-1.0,-1.0,-1.0,-1.0,1.0,1.0,-1.0,1.0,1.0,1.0,1.0,1.0,1.0,-1.0,1.0,-1.0,-1.0,1.0,1.0,1.0,-1.0,-1.0,-1.0	-1.3870869,-1.1770957,-0.0766776,-0.5649913,-2.4428756,0.91154987,2.6611073,-0.059832133,1.0132524,0.39898005,0.720826,0.8962727,1.3682672,0.17643012,-1.5090954,1.7667632,-1.3875619,-0.7254735,0.78386563,1.3880306,1.2512004,-2.923478,-0.28542542,-0.50233877
../data/train_data_mmini/9/Train_0040.jpg	9	-1.0,-1.0,1.0,1.0,1.0,-1.0,-1.0,1.0,1.0,-1.0,1.0,1.0,-1.0,1.0,-1.0,-1.0,-1.0,1.0,-1.0,1.0,1.0,-1.0,1.0,-1.0	-0.2495731,-0.2824425,0.5470727,0.08122017,0.43599463,-0.41562283,-0.5054234,0.7401865,0.9399615,-0.08900617,0.8868072,0.20901607,-0.20609199,0.13176362,-1.1283706,-1.2127206,-1.0523673,0.8522472,-0.2623441,0.40065014,0.022586515,-0.17186378,0.36635536,-0.45335925
../data/train_data_mmini/9/Train_0041.jpg	9	-1.0,-1.0,1.0,-1.0,-1.0,1.0,1.0,-1.0,1.0,-1.0,1.0,1.0,1.0,-1.0,-1.0,1.0,-1.0,-1.0,1.0,1.0,1.0,-1.0,-1.0,-1.0	-0.61567885,-0.812742,0.63542265,-0.110015936,-0.850596,0.3752277,0.8932037,-0.021356586,0.507949,-0.28639463,0.4024852,0.2627304,0.1706901,-0.24216218,-0.782566,0.5735044,-0.86635625,-0.5724668,0.3117576,0.98476815,0.44484818,-1.251279,-0.139217,-0.10103225
../data/train_data_mmini/9/Train_0042.jpg	9	-1.0,-1.0,1.0,1.0,-1.0,-1.0,-1.0,1.0,1.0,-1.0,1.0,1.0,-1.0,1.0,-1.0,-1.0,-1.0,1.0,-1.0,1.0,1.0,-1.0,1.0,-1.0	-0.50905573,-0.2239381,0.5522001,0.14131169,-0.047059566,-0.21452852,-0.03763991,0.91388094,1.0024289,-0.053908236,0.9853612,0.2517232,-0.031337112,0.33064315,-1.1836945,-0.99520177,-1.0999129,0.88960505,-0.042129885,0.56739753,0.47338212,-0.5900905,0.4638101,-0.6805214
../data/train_data_mmini/9/Train_0043.jpg	9	-1.0,-1.0,1.0,1.0,-1.0,-1.0,-1.0,1.0,1.0,1.0,1.0,1.0,-1.0,1.0,-1.0,-1.0,-1.0,1.0,-1.0,1.0,1.0,-1.0,1.0,-1.0	-0.4894542,-0.48550847,0.33781978,0.07223632,-0.22430848,-0.1690224,-0.0518704,0.75635123,0.7908788,0.24561052,0.6693322,0.32551122,-0.16177218,0.1291209,-1.0360897,-0.59594905,-1.1848716,0.6462636,-0.2804247,0.3420198,0.13666973,-0.61135364,0.30764282,-0.44426972
../data/train_data_mmini/9/Train_0044.jpg	9	-1.0,-1.0,1.0,-1.0,-1.0,1.0,1.0,1.0,1.0,1.0,1.0,1.0,1.0,1.0,-1.0,1.0,-1.0,1.0,1.0,1.0,1.0,-1.0,1.0,-1.0	-0.86739665,-0.616588,0.08298809,-0.3676743,-0.7951345,0.14128947,1.1297153,0.2657571,0.80343354,0.46522185,0.68160605,0.44314125,0.62659216,0.24694954,-1.3400882,0.03411282,-1.0665053,0.56257296,0.05563739,0.54695886,0.47867227,-1.4177632,0.07124238,-0.53099924
../data/train_data_mmini/10/Train_0045.jpg	10	-1.0,-1.0,1.0,-1.0,-1.0,1.0,1.0,-1.0,1.0,1.0,1.0,1.0,1.0,1.0,-1.0,1.0,-1.0,-1.0,1.0,1.0,1.0,-1.0,-1.0,-1.0	-1.342053,-1.5007992,0.024495028,-0.5472052,-2.7816362,1.3697594,3.7708342,-0.36923826,1.0856842,0.29834583,0.8712702,1.2427516,1.7431011,0.15285285,-1.5874755,2.699555,-1.5500884,-1.608613,1.0808797,1.677988,1.6888614,-3.663162,-0.48953602,-0.50811994
../data/train_data_mmini/10/Train_0046.jpg	10	-1.0,-1.0,1.0,-1.0,-1.0,1.0,1.0,1.0,1.0,1.0,1.0,1.0,1.0,1.0,-1.0,1.0,-1.0,-1.0,1.0,1.0,1.0,-1.0,-1.0,-1.0	-0.96681744,-0.9105614,0.2899081,-0.42440915,-1.8374889,0.6767678,2.072153,0.20550548,0.5899359,0.13322128,0.6564124,0.655418,0.773582,0.4221065,-1.3418921,1.2159932,-0.9447855,-0.32874954,0.6528114,0.8814629,0.95141405,-2.1162574,-0.32380214,-0.60665977
../data/train_data_mmini/10/Train_0047.jpg	10	-1.0,-1.0,1.0,-1.0,-1.0,1.0,1.0,1.0,1.0,1.0,1.0,1.0,1.0,-1.0,-1.0,1.0,-1.0,-1.0,1.0,1.0,1.0,-1.0,-1.0,-1.0	-1.0919527,-1.315676,0.05455213,-0.28257442,-2.112448,0.7527787,2.194956,0.21602796,1.1530515,0.1343043,0.7932246,0.909612,1.1126047,-0.07706629,-1.492746,1.4727681,-1.4007529,-0.67397255,0.73963,1.4922113,1.2487105,-2.6769977,-0.09771293,-0.5660851
../data/train_data_mmini/10/Train_0048.jpg	10	-1.0,-1.0,1.0,-1.0,-1.0,1.0,1.0,-1.0,1.0,1.0,1.0,1.0,1.0,1.0,-1.0,1.0,-1.0,-1.0,1.0,1.0,1.0,-1.0,-1.0,-1.0	-1.076772,-1.2631338,0.26878124,-0.5375979,-2.097192,0.9787996,2.7490566,-0.35101992,0.8004412,0.4264908,0.67248774,1.1389184,1.5616862,0.044731323,-1.3357409,1.907057,-1.2850019,-1.2530153,0.9805753,1.3783407,1.3238271,-2.7816045,-0.2783089,-0.46709302
../data/train_data_mmini/10/Train_0049.jpg	10	-1.0,-1.0,1.0,-1.0,-1.0,1.0,1.0,1.0,1.0,1.0,1.0,1.0,1.0,1.0,-1.0,1.0,-1.0,-1.0,1.0,1.0,1.0,-1.0,-1.0,-1.0	-1.1645712,-1.0727178,0.15878358,-0.36185533,-2.0976596,0.7250833,2.1175811,0.21333319,0.88145447,0.03416039,0.74929154,0.78591853,1.0902992,0.104660496,-1.476598,1.4332514,-1.2985955,-0.7202897,0.80615497,1.3278967,1.1730912,-2.5018606,-0.28664005,-0.5461222
