../data/train_data_mmini/1/Train_0000.jpg	1	1.0,1.0,1.0,-1.0,1.0,-1.0,-1.0,-1.0	1.9967594,2.3447514,0.30152723,-1.4798175,0.031163616,-0.8517806,-0.90135175,-0.55500686
../data/train_data_mmini/1/Train_0001.jpg	1	1.0,1.0,1.0,-1.0,-1.0,-1.0,1.0,-1.0	0.7170209,1.1839074,0.35477412,-0.18352461,-0.15177406,-0.584519,0.09631997,-0.43753824
../data/train_data_mmini/1/Train_0002.jpg	1	-1.0,1.0,-1.0,1.0,1.0,-1.0,1.0,1.0	-0.507295,0.059796516,-0.008920504,0.4322244,0.022905571,-0.17801659,0.6892376,0.18387727
../data/train_data_mmini/1/Train_0003.jpg	1	1.0,1.0,1.0,-1.0,1.0,-1.0,-1.0,-1.0	2.3968327,2.7296925,0.23975508,-1.7218211,0.059179865,-0.9489188,-0.98230344,-0.67751694
../data/train_data_mmini/1/Train_0004.jpg	1	1.0,1.0,1.0,-1.0,-1.0,-1.0,-1.0,-1.0	1.5793866,1.8482192,0.10953103,-1.0695419,-0.030334795,-0.84201795,-0.36724925,-0.25927845
../data/train_data_mmini/2/Train_0005.jpg	2	-1.0,1.0,1.0,1.0,-1.0,-1.0,1.0,1.0	-0.5419275,0.008856121,0.11070168,0.8082897,-0.10290214,-0.020354316,0.8452179,0.2058729
../data/train_data_mmini/2/Train_0006.jpg	2	-1.0,1.0,1.0,1.0,-1.0,-1.0,1.0,-1.0	-0.76493675,0.74405485,1.1423488,0.25702766,-0.03777934,-0.1854152,0.29101893,-0.91154826
../data/train_data_mmini/2/Train_0007.jpg	2	1.0,1.0,1.0,-1.0,1.0,-1.0,-1.0,-1.0	2.6159942,2.583669,0.083402984,-1.9596777,0.05650796,-1.034275,-0.9343924,-0.58468866
../data/train_data_mmini/2/Train_0008.jpg	2	-1.0,1.0,1.0,1.0,-1.0,-1.0,1.0,-1.0	-0.43308815,0.32048705,0.5188295,0.2981677,-0.084954485,-0.6689666,0.38985834,-0.4296132
../data/train_data_mmini/2/Train_0009.jpg	2	1.0,1.0,1.0,1.0,-1.0,-1.0,1.0,1.0	0.85421443,1.4373586,0.39981246,0.11723859,-0.21944785,-0.34839582,0.03985619,0.052527733
../data/train_data_mmini/3/Train_0010.jpg	3	-1.0,-1.0,1.0,1.0,-1.0,-1.0,1.0,-1.0	-1.7605416,-0.9416012,0.4909355,1.4224424,-0.25132403,-0.28890115,1.549602,-0.08897523
../data/train_data_mmini/3/Train_0011.jpg	3	-1.0,-1.0,-1.0,1.0,-1.0,1.0,1.0,1.0	-1.0249104,-1.3140558,-0.642439,1.8225244,-0.45561466,0.09245105,1.6040595,1.0869974
../data/train_data_mmini/3/Train_0012.jpg	3	1.0,1.0,-1.0,1.0,-1.0,1.0,1.0,1.0	0.2785062,0.47195864,-0.49890825,0.52445096,-0.22311528,0.31609976,0.85427266,0.8643335
../data/train_data_mmini/3/Train_0013.jpg	3	-1.0,-1.0,1.0,1.0,-1.0,-1.0,1.0,-1.0	-2.20781,-0.7851726,0.6164061,1.4051872,-0.13160568,-0.15901862,1.4515102,-0.23382062
../data/train_data_mmini/3/Train_0014.jpg	3	-1.0,-1.0,1.0,1.0,-1.0,1.0,1.0,1.0	-0.8884324,-0.3545947,0.38476774,1.2089823,-0.32882106,0.05000882,1.1511793,0.3042565
../data/train_data_mmini/4/Train_0015.jpg	4	1.0,1.0,1.0,-1.0,1.0,-1.0,1.0,-1.0	0.5688037,1.0512112,0.1456609,-0.4793692,0.07954225,-0.21830104,0.12944233,-0.10563039
../data/train_data_mmini/4/Train_0016.jpg	4	-1.0,1.0,1.0,1.0,-1.0,-1.0,1.0,1.0	-0.03570223,0.47143406,0.03790772,0.3334671,-0.22430377,-0.30477583,0.11119458,0.19405143
../data/train_data_mmini/4/Train_0017.jpg	4	-1.0,-1.0,1.0,1.0,-1.0,1.0,1.0,1.0	-1.4125286,-0.2998331,0.6167294,1.2548848,-0.2884595,0.13948886,0.9931254,0.056687154
../data/train_data_mmini/4/Train_0018.jpg	4	-1.0,-1.0,1.0,1.0,-1.0,-1.0,1.0,1.0	-0.5337465,-0.23110121,0.0121912975,0.6851635,-0.19779633,-0.06999917,0.6473864,0.25872985
../data/train_data_mmini/4/Train_0019.jpg	4	-1.0,1.0,1.0,1.0,1.0,-1.0,1.0,-1.0	-1.2646958,0.39679104,1.0843455,0.88494414,0.08186697,-0.4552698,1.1170762,-0.66814816
../data/train_data_mmini/5/Train_0020.jpg	5	1.0,1.0,1.0,-1.0,1.0,-1.0,-1.0,-1.0	2.0924041,2.539731,0.35175243,-1.6329013,0.044787385,-0.826297,-0.87556416,-0.6511396
../data/train_data_mmini/5/Train_0021.jpg	5	1.0,1.0,1.0,-1.0,-1.0,-1.0,1.0,-1.0	0.6800197,1.0958487,0.055345185,-0.08191862,-0.023787985,-0.35678184,0.19905698,-0.0357176
../data/train_data_mmini/5/Train_0022.jpg	5	1.0,1.0,1.0,-1.0,1.0,-1.0,-1.0,-1.0	1.6176655,2.0669065,0.542374,-1.2314076,0.03162294,-0.8738849,-0.52897847,-0.76632977
../data/train_data_mmini/5/Train_0023.jpg	5	1.0,1.0,1.0,-1.0,1.0,-1.0,-1.0,-1.0	2.8110096,3.0139036,0.30064055,-2.0108287,0.18679616,-0.83002365,-1.1625253,-0.725393
../data/train_data_mmini/5/Train_0024.jpg	5	1.0,1.0,-1.0,-1.0,1.0,-1.0,1.0,1.0	1.2389985,1.0654049,-0.3589327,-0.34680182,0.028042322,-0.42777705,0.32603213,0.5239997
../data/train_data_mmini/6/Train_0025.jpg	6	-1.0,-1.0,-1.0,1.0,-1.0,1.0,1.0,1.0	-1.894112,-1.1418242,-0.49842432,1.7160398,-0.36767733,0.16387011,1.8974091,1.1191546
../data/train_data_mmini/6/Train_0026.jpg	6	1.0,1.0,1.0,-1.0,-1.0,-1.0,1.0,-1.0	0.55081195,1.173123,0.48517016,-0.11656549,-0.036677554,-0.5097648,0.26894346,-0.32398844
../data/train_data_mmini/6/Train_0027.jpg	6	-1.0,-1.0,-1.0,1.0,-1.0,1.0,1.0,1.0	-1.1946754,-0.8064213,-0.054032758,1.643395,-0.40682295,0.18435077,1.352128,0.79318607
../data/train_data_mmini/6/Train_0028.jpg	6	-1.0,-1.0,-1.0,1.0,-1.0,-1.0,1.0,1.0	-0.6206383,-0.35964602,-0.03407982,0.6138406,-0.17513515,-0.47947043,0.7863673,0.18750963
../data/train_data_mmini/6/Train_0029.jpg	6	-1.0,-1.0,1.0,1.0,-1.0,-1.0,1.0,1.0	-1.3588595,-0.2721287,0.17701529,1.1073303,-0.22266275,-0.025386348,1.2918894,0.34086388
../data/train_data_mmini/7/Train_0030.jpg	7	1.0,1.0,1.0,-1.0,-1.0,-1.0,-1.0,-1.0	1.3781221,1.8361683,0.4271859,-0.45571288,-0.17662598,-0.39498615,-0.4500445,-0.30807063
../data/train_data_mmini/7/Train_0031.jpg	7	-1.0,-1.0,1.0,1.0,-1.0,-1.0,1.0,1.0	-0.964892,-0.18544373,0.30813727,0.8919657,-0.34632245,-0.015459612,0.9203491,0.1457856
../data/train_data_mmini/7/Train_0032.jpg	7	-1.0,-1.0,-1.0,1.0,-1.0,1.0,1.0,1.0	-2.1778705,-1.7480365,-0.12961642,2.816104,-0.33629185,0.5154633,2.2381694,1.1977973
../data/train_data_mmini/7/Train_0033.jpg	7	1.0,1.0,1.0,1.0,-1.0,-1.0,1.0,1.0	0.85416454,0.97079116,0.24389762,0.367127,-0.26402593,-0.21925907,0.46630192,0.35550302
../data/train_data_mmini/7/Train_0034.jpg	7	-1.0,-1.0,-1.0,1.0,-1.0,1.0,1.0,1.0	-2.5099595,-2.8983786,-1.0486864,2.7855182,-0.6302601,0.261415,2.579926,2.0090733
../data/train_data_mmini/8/Train_0035.jpg	8	-1.0,1.0,1.0,1.0,-1.0,-1.0,1.0,1.0	-0.32436925,0.1439727,0.3285987,0.76677805,-0.28025192,-0.09874599,0.9648502,0.29775107
../data/train_data_mmini/8/Train_0036.jpg	8	-1.0,-1.0,1.0,1.0,-1.0,1.0,1.0,1.0	-1.0348396,-0.66953975,0.064726196,1.371513,-0.35890466,0.012397483,1.4043944,0.69132185
../data/train_data_mmini/8/Train_0037.jpg	8	-1.0,-1.0,-1.0,1.0,-1.0,1.0,1.0,1.0	-1.1073374,-0.9718097,-0.24817055,1.8360941,-0.3399761,0.044758514,1.6681062,0.9123089
../data/train_data_mmini/8/Train_0038.jpg	8	-1.0,-1.0,1.0,1.0,-1.0,-1.0,1.0,1.0	-0.6846606,-0.022445645,0.28143805,0.7519121,-0.29569432,-0.051631525,0.8596187,0.21430278
../data/train_data_mmini/8/Train_0039.jpg	8	-1.0,-1.0,1.0,1.0,-1.0,1.0,1.0,1.0	-1.2433642,-0.6539184,0.13201721,1.7070338,-0.288603,0.2860281,1.6676781,0.58322346
../data/train_data_mmini/9/Train_0040.jpg	9	1.0,1.0,1.0,-1.0,-1.0,-1.0,-1.0,-1.0	1.2026402,1.5097704,0.14543265,-0.6131798,-0.051890686,-0.8709703,-0.06745964,-0.2494576
../data/train_data_mmini/9/Train_0041.jpg	9	-1.0,-1.0,-1.0,1.0,-1.0,-1.0,1.0,1.0	-0.98054427,-0.6482542,-0.06540935,1.5860312,-0.4335899,-0.08383693,1.4556918,0.45505518
../data/train_data_mmini/9/Train_0042.jpg	9	-1.0,1.0,-1.0,1.0,-1.0,-1.0,1.0,1.0	-0.11499402,0.21937096,-0.3346217,0.05214453,-0.010880141,-0.4369663,0.77625364,0.19091192
../data/train_data_mmini/9/Train_0043.jpg	9	1.0,1.0,1.0,-1.0,1.0,-1.0,1.0,-1.0	0.45763734,1.1801419,0.7179621,-0.3684826,0.00016720407,-0.66246027,0.12767148,-0.6838782
../data/train_data_mmini/9/Train_0044.jpg	9	-1.0,1.0,1.0,1.0,-1.0,-1.0,1.0,-1.0	-0.43976435,0.63405037,0.27866226,0.44375634,-0.023914585,-0.12183662,0.871457,-0.017010264
../data/train_data_mmini/10/Train_0045.jpg	10	-1.0,-1.0,1.0,1.0,-1.0,1.0,1.0,1.0	-3.150177,-2.593806,0.05156923,3.3995314,-0.3985185,0.5033835,2.8207536,1.5443774
../data/train_data_mmini/10/Train_0046.jpg	10	-1.0,-1.0,1.0,1.0,-1.0,1.0,1.0,1.0	-2.1122873,-1.4125676,0.08867892,2.080649,-0.19788294,0.33232892,1.9857352,0.9740005
../data/train_data_mmini/10/Train_0047.jpg	10	-1.0,-1.0,-1.0,1.0,-1.0,1.0,1.0,1.0	-3.168469,-2.44792,-0.10215506,2.9211009,-0.3204515,0.43050414,2.7100809,1.2341245
../data/train_data_mmini/10/Train_0048.jpg	10	-1.0,-1.0,-1.0,1.0,-1.0,1.0,1.0,1.0	-2.5065825,-1.7613089,-0.26920828,2.5169873,-0.46513027,0.6425745,2.6623456,1.5663974
../data/train_data_mmini/10/Train_0049.jpg	10	-1.0,-1.0,1.0,1.0,-1.0,1.0,1.0,1.0	-1.6231003,-1.1667607,0.01961528,2.0524192,-0.29316545,0.17519782,1.9890366,0.8394916
