../data/train_data_mmini/1/Train_0000.jpg	1	1.0,-1.0,-1.0,-1.0,-1.0,1.0,1.0,1.0,-1.0,-1.0,-1.0,-1.0,-1.0,-1.0,1.0,1.0,1.0,1.0,-1.0,1.0,-1.0,-1.0,-1.0,-1.0	0.25541285,-0.47191128,-0.076888904,-0.30990514,-0.33293667,0.10014153,0.03860762,0.30982852,-0.1265131,-0.0034237255,-0.06275144,-0.092810616,-0.050798617,-0.36499128,0.3911081,0.12439143,0.011934519,0.11246718,-0.16615756,0.08339094,-0.39687952,-0.058587052,-0.011244266,-0.2605028
../data/train_data_mmini/1/Train_0001.jpg	1	1.0,-1.0,1.0,-1.0,-1.0,1.0,1.0,1.0,-1.0,-1.0,-1.0,-1.0,1.0,-1.0,1.0,1.0,1.0,1.0,1.0,-1.0,-1.0,-1.0,1.0,-1.0	0.08073008,-0.20610365,0.25617316,-0.17191759,-0.572702,0.097017236,0.188063,0.23639868,-0.5124297,-0.09603665,-0.12823491,-0.17973022,0.10764978,-0.18807684,0.41625848,0.13902831,0.0051259403,0.16037677,0.108464204,-0.23518111,-0.054566324,-0.112389036,0.09940933,-0.38108674
../data/train_data_mmini/1/Train_0002.jpg	1	1.0,-1.0,1.0,-1.0,-1.0,-1.0,-1.0,1.0,-1.0,1.0,-1.0,-1.0,-1.0,1.0,1.0,-1.0,-1.0,1.0,-1.0,-1.0,-1.0,1.0,1.0,-1.0	0.26468533,-0.33350274,0.17340617,-0.19551289,-0.07343752,-0.03204493,-0.20635852,0.16654319,-0.1158063,0.48952147,-0.029306797,-0.025454868,-0.00923177,0.2771631,0.14199564,-0.06729583,-0.06622124,0.11932972,-0.010035138,-0.35714823,-0.34913608,0.12964502,0.16731623,-0.071611255
../data/train_data_mmini/1/Train_0003.jpg	1	1.0,-1.0,-1.0,-1.0,-1.0,1.0,1.0,1.0,1.0,-1.0,-1.0,-1.0,-1.0,-1.0,1.0,1.0,-1.0,1.0,-1.0,1.0,-1.0,-1.0,1.0,-1.0	0.23243508,-0.27449855,-0.31812295,-0.20459327,-0.11808623,0.02878741,0.069490336,0.14356181,0.04647374,-0.046397123,-0.14912535,-0.097063646,-0.16202116,-0.31139833,0.21873467,0.06209194,-0.012270153,0.15246446,-0.09838731,0.2105764,-0.28061253,-0.045775734,0.0127412835,-0.16760837
../data/train_data_mmini/1/Train_0004.jpg	1	1.0,-1.0,-1.0,-1.0,-1.0,1.0,-1.0,-1.0,1.0,-1.0,-1.0,-1.0,-1.0,-1.0,1.0,1.0,-1.0,1.0,-1.0,1.0,-1.0,-1.0,-1.0,-1.0	0.056986064,-0.230863,-0.346617,-0.07994178,-0.077687316,0.08464468,-0.00073657045,-0.027941933,0.22698134,-0.13232127,-0.10924655,-0.06038611,-0.008691872,-0.14075808,0.2649568,0.109873585,-0.09888482,0.12150281,-0.22283629,0.27443895,-0.08014585,-0.03647896,-0.11754009,-0.16664606
../data/train_data_mmini/2/Train_0005.jpg	2	-1.0,1.0,1.0,-1.0,1.0,-1.0,-1.0,-1.0,-1.0,1.0,-1.0,-1.0,-1.0,1.0,1.0,1.0,1.0,1.0,1.0,1.0,-1.0,1.0,1.0,1.0	-0.11870232,0.023088012,0.05899982,-0.13479379,0.30361602,-0.058156203,-0.08752278,-0.026316738,-0.074459076,0.013785298,-0.10757852,-0.109879956,-0.14581132,0.2159024,0.06580885,0.0899257,0.026819527,0.012003188,0.1845602,0.046891857,-0.02252458,0.10088741,0.14258796,0.014216987
../data/train_data_mmini/2/Train_0006.jpg	2	-1.0,-1.0,1.0,-1.0,-1.0,-1.0,1.0,1.0,-1.0,-1.0,-1.0,-1.0,1.0,-1.0,1.0,1.0,-1.0,-1.0,1.0,-1.0,-1.0,-1.0,1.0,-1.0	-0.16850784,-0.34485987,0.8349461,-0.20730081,-0.8381711,-0.011843081,0.0240623,0.65630394,-0.90210205,-0.09489391,-0.13559893,-0.06624226,0.15396878,-0.296602,0.59547824,0.05144363,-0.18001974,-0.07726317,0.06500136,-0.62824804,-0.11725014,-0.22343718,0.19071932,-0.4000952
../data/train_data_mmini/2/Train_0007.jpg	2	1.0,-1.0,-1.0,-1.0,1.0,-1.0,-1.0,1.0,1.0,1.0,-1.0,-1.0,-1.0,1.0,1.0,1.0,-1.0,1.0,-1.0,1.0,-1.0,1.0,-1.0,-1.0	0.08556932,-0.14290223,-0.5249283,-0.17462823,0.36176765,-0.04538783,-0.14139017,0.028763326,0.4323328,0.06769767,-0.2940256,-0.07041101,-0.2164585,0.18228076,0.06233572,0.20530218,-0.073183596,0.21376789,-0.08082769,0.40702993,-0.047472537,0.041998647,-0.050786212,-0.057100408
../data/train_data_mmini/2/Train_0008.jpg	2	-1.0,-1.0,1.0,-1.0,1.0,1.0,-1.0,1.0,-1.0,1.0,-1.0,-1.0,-1.0,1.0,1.0,1.0,-1.0,1.0,1.0,1.0,1.0,1.0,1.0,-1.0	-0.02385372,-0.22245005,0.11384389,-0.22389016,0.05480467,0.04177395,-0.02099136,0.18733774,-0.39896274,0.36620417,-0.23975231,-0.13593571,-0.04833939,0.2516489,0.00017680544,0.06374764,-0.109959364,0.1673568,0.070466034,0.22638525,0.068223506,0.148627,0.042411104,-0.0822572
../data/train_data_mmini/2/Train_0009.jpg	2	1.0,-1.0,1.0,-1.0,-1.0,1.0,-1.0,1.0,-1.0,-1.0,-1.0,-1.0,1.0,-1.0,1.0,1.0,1.0,-1.0,-1.0,1.0,-1.0,-1.0,-1.0,-1.0	0.18027511,-0.5428776,0.12714185,-0.11893007,-0.4329146,0.06401373,-0.06312559,0.17454566,-0.3679795,-0.13982257,-0.001982598,-0.124886736,0.011575615,-0.5190677,0.39404458,0.0071826507,0.0765816,-0.02290259,-0.22851638,0.09009772,-0.3387174,-0.17766853,-0.017030567,-0.37578952
../data/train_data_mmini/3/Train_0010.jpg	3	1.0,1.0,-1.0,1.0,1.0,-1.0,-1.0,-1.0,-1.0,1.0,-1.0,-1.0,-1.0,1.0,-1.0,-1.0,-1.0,1.0,1.0,-1.0,1.0,1.0,1.0,1.0	0.22378828,0.41329592,-0.10836108,0.061858892,0.050031517,-0.2947113,-0.16717663,-0.32142904,-0.115159795,0.429929,-0.36279687,-0.23410057,-0.2647805,0.96436644,-0.339586,-0.08606882,-0.26015115,0.40890917,0.18498524,-0.31184232,0.49853227,0.20172808,0.40037388,0.0051314887
../data/train_data_mmini/3/Train_0011.jpg	3	-1.0,-1.0,1.0,-1.0,-1.0,1.0,-1.0,1.0,1.0,-1.0,1.0,-1.0,1.0,-1.0,1.0,-1.0,1.0,-1.0,-1.0,-1.0,-1.0,-1.0,-1.0,-1.0	-0.06931928,-0.3627495,0.1627676,-0.046206027,-0.11602839,0.070511706,-0.08407245,0.011825824,0.08755487,-0.047895614,0.20826392,-0.008216549,0.18576983,-0.44308522,0.40344742,-0.021511443,0.06354338,-0.26313975,-0.15886664,-0.08862824,-0.214739,-0.020838892,-0.14678313,-0.24119067
../data/train_data_mmini/3/Train_0012.jpg	3	-1.0,-1.0,1.0,1.0,-1.0,1.0,-1.0,-1.0,1.0,-1.0,1.0,1.0,1.0,-1.0,1.0,-1.0,1.0,-1.0,-1.0,1.0,-1.0,-1.0,-1.0,-1.0	-0.27853155,-0.28448752,0.10541722,0.31123486,-0.32266298,0.097451635,-0.08407787,-0.014569221,0.5782167,-0.73033345,0.18192942,0.053263675,0.27510518,-0.5732292,0.53624773,-0.05941803,0.17395264,-0.33355576,-0.46713683,0.15621506,-0.21799515,-0.48009124,-0.36882338,-0.34523508
../data/train_data_mmini/3/Train_0013.jpg	3	-1.0,-1.0,1.0,1.0,-1.0,1.0,1.0,1.0,-1.0,1.0,-1.0,-1.0,1.0,1.0,1.0,1.0,-1.0,1.0,1.0,-1.0,1.0,-1.0,1.0,-1.0	-0.3098381,-0.12399962,0.45211503,0.15476754,-0.21726327,0.0830617,0.067758165,0.11052595,-0.6071135,0.06739991,-0.15704893,-0.14223836,0.14083281,0.22803916,0.18522312,0.0698772,-0.20957792,0.049965706,0.19040968,-0.18296905,0.3965684,-0.030143863,0.198593,-0.21060917
../data/train_data_mmini/3/Train_0014.jpg	3	-1.0,-1.0,1.0,-1.0,-1.0,1.0,-1.0,1.0,-1.0,-1.0,-1.0,-1.0,1.0,-1.0,1.0,-1.0,1.0,-1.0,-1.0,1.0,-1.0,-1.0,1.0,-1.0	-0.059313446,-0.12991008,0.29893067,-0.08598146,-0.14467417,0.035350922,-0.1364508,0.18310814,-0.11840585,-0.10002161,-0.041579805,-0.15854286,0.066760965,-0.002778313,0.18587485,-0.015245504,0.07092124,-0.044196177,-0.036031555,0.03569149,-0.08587819,-0.029862737,0.065104395,-0.15795098
../data/train_data_mmini/4/Train_0015.jpg	4	-1.0,-1.0,-1.0,-1.0,1.0,-1.0,-1.0,1.0,1.0,-1.0,-1.0,1.0,1.0,-1.0,1.0,1.0,-1.0,-1.0,-1.0,1.0,-1.0,1.0,-1.0,-1.0	-0.17650203,-0.22050759,-0.062210605,-0.1779488,0.3647848,-0.13622692,-0.17321584,0.2573665,0.20688882,-0.010075365,-0.19023646,0.008933496,0.06922517,-0.07313462,0.43644366,0.20003319,-0.02061212,-0.18503968,-0.058252286,0.28053793,-0.017223343,0.13392913,-0.17964226,-0.11311789
../data/train_data_mmini/4/Train_0016.jpg	4	-1.0,-1.0,1.0,-1.0,-1.0,-1.0,1.0,1.0,-1.0,1.0,-1.0,-1.0,1.0,-1.0,-1.0,1.0,-1.0,1.0,1.0,1.0,1.0,1.0,1.0,-1.0	-0.046792656,-0.015397037,0.13750374,-0.0647175,-0.05263063,-0.109186076,0.24803004,0.12642434,-0.4233275,0.07551246,-0.12716511,-0.40459877,0.062076144,-0.16993426,-0.008669359,0.08830368,-0.053386807,0.07185627,0.3028092,0.23351943,0.049749583,0.057213612,0.17340748,-0.09541628
../data/train_data_mmini/4/Train_0017.jpg	4	-1.0,-1.0,1.0,1.0,-1.0,1.0,1.0,1.0,-1.0,-1.0,1.0,-1.0,1.0,-1.0,1.0,1.0,-1.0,-1.0,1.0,-1.0,1.0,-1.0,1.0,-1.0	-0.38223752,-0.33390912,1.178656,0.0756554,-1.2445228,0.027596628,0.2881783,0.5531822,-1.1900873,-0.37384203,0.0028499453,-0.15970491,0.509356,-0.48268908,0.6844883,0.10421967,-0.14598724,-0.1675527,0.12189805,-0.6568666,0.14528072,-0.4626218,0.11373192,-0.66708434
../data/train_data_mmini/4/Train_0018.jpg	4	-1.0,-1.0,-1.0,1.0,1.0,1.0,1.0,-1.0,-1.0,-1.0,-1.0,-1.0,1.0,1.0,1.0,1.0,-1.0,-1.0,1.0,-1.0,1.0,1.0,1.0,-1.0	-0.1351285,-0.030195799,-0.016553894,0.023339659,0.03605022,0.11560846,0.0019359826,-0.026871925,-0.033074036,-0.024601137,-0.06612571,-0.13597523,0.10521374,0.06329582,0.21996543,0.1876817,-0.080946684,-0.14522924,0.083464734,-0.18248488,0.17742677,0.10860633,0.08529819,-0.10912482
../data/train_data_mmini/4/Train_0019.jpg	4	-1.0,1.0,1.0,-1.0,1.0,-1.0,1.0,1.0,-1.0,1.0,-1.0,-1.0,-1.0,1.0,1.0,1.0,-1.0,1.0,1.0,-1.0,1.0,1.0,1.0,-1.0	-0.4441569,0.15797791,0.44142285,-0.21310559,0.1473386,-0.0691139,0.013447726,0.12172188,-0.5145097,0.00499704,-0.35441566,-0.020552743,-0.10676765,0.35776758,0.27334636,0.11301183,-0.46442425,0.1235347,0.40857583,-0.2523998,0.6647071,0.06887502,0.3265151,-0.088243075
../data/train_data_mmini/5/Train_0020.jpg	5	1.0,-1.0,-1.0,-1.0,1.0,1.0,-1.0,1.0,1.0,1.0,-1.0,-1.0,-1.0,1.0,1.0,1.0,-1.0,1.0,-1.0,1.0,-1.0,-1.0,1.0,-1.0	0.08234155,-0.08739164,-0.23807688,-0.13487104,0.10401296,0.053594623,-0.0288702,0.10088849,0.17623544,0.024735535,-0.26707366,-0.051749576,-0.12731653,0.11726097,0.17149773,0.14371252,-0.050509036,0.17321551,-0.001169096,0.19134985,-0.053112417,-0.0009666448,0.025626272,-0.10492301
../data/train_data_mmini/5/Train_0021.jpg	5	1.0,-1.0,1.0,-1.0,-1.0,1.0,-1.0,1.0,-1.0,-1.0,1.0,-1.0,-1.0,-1.0,1.0,-1.0,1.0,-1.0,-1.0,1.0,-1.0,-1.0,-1.0,-1.0	0.007769733,-0.5440573,0.13595168,-0.15441743,-0.02305297,0.058821145,-0.24296173,0.25372946,-0.036346942,-0.12255088,0.04410117,-0.004021633,-0.042311452,-0.39468837,0.3936536,-0.06378878,0.22399738,-0.22198102,-0.2682608,0.23235892,-0.43735674,-0.09728853,-0.22815429,-0.26264122
../data/train_data_mmini/5/Train_0022.jpg	5	1.0,-1.0,-1.0,-1.0,1.0,1.0,-1.0,1.0,1.0,1.0,-1.0,-1.0,-1.0,1.0,1.0,1.0,-1.0,1.0,-1.0,1.0,-1.0,1.0,-1.0,-1.0	0.10337159,-0.21505877,-0.22201668,-0.18695381,0.0028326118,0.010805999,-0.068757035,0.043681446,0.104414254,0.06871208,-0.26913074,-0.09059064,-0.13043413,0.02359862,0.20577647,0.119567685,-0.0930832,0.19107677,-0.106679626,0.21641926,-0.032754257,0.0059898132,-0.00861965,-0.19530794
../data/train_data_mmini/5/Train_0023.jpg	5	1.0,-1.0,-1.0,-1.0,-1.0,1.0,-1.0,1.0,1.0,-1.0,-1.0,-1.0,-1.0,-1.0,1.0,1.0,1.0,1.0,-1.0,1.0,-1.0,-1.0,-1.0,-1.0	0.225052,-0.3012453,-0.29232904,-0.26178393,-0.02018861,0.060461942,-0.14994368,0.22775774,0.20206973,-0.035223816,-0.14652134,-0.048805106,-0.18778703,-0.21240543,0.29722428,0.11075377,0.039452314,0.08665142,-0.22418821,0.18976454,-0.32275197,-0.086249866,-0.07329172,-0.17363903
../data/train_data_mmini/5/Train_0024.jpg	5	-1.0,-1.0,-1.0,1.0,1.0,1.0,-1.0,-1.0,1.0,-1.0,-1.0,1.0,-1.0,1.0,-1.0,-1.0,1.0,1.0,-1.0,1.0,-1.0,-1.0,-1.0,1.0	-0.041441023,-0.16917875,-0.4452816,0.18085119,0.535112,0.015560572,-0.34978226,-0.075974256,0.69453084,-0.07548455,-0.17853245,0.0389917,-0.16805151,0.2854638,-0.094120845,-0.062246986,0.042623937,0.05352852,-0.30532727,0.49525315,-0.25561318,-0.05033671,-0.15234917,0.05897595
../data/train_data_mmini/6/Train_0025.jpg	6	-1.0,1.0,-1.0,1.0,1.0,-1.0,-1.0,-1.0,1.0,-1.0,-1.0,-1.0,-1.0,1.0,-1.0,-1.0,-1.0,1.0,1.0,1.0,-1.0,1.0,1.0,1.0	-0.020331234,0.16722772,-0.37113002,0.27103373,0.41795444,-0.0679499,-0.08506832,-0.42857653,0.2978161,-0.1708698,-0.06607337,-0.08662413,-0.18682478,0.26684335,-0.40239647,-0.18977231,-0.076230586,0.25547874,0.053552587,0.1896496,-0.041555054,0.005724498,0.2781215,0.3152051
../data/train_data_mmini/6/Train_0026.jpg	6	-1.0,-1.0,1.0,1.0,-1.0,1.0,1.0,1.0,-1.0,-1.0,-1.0,-1.0,1.0,-1.0,1.0,1.0,-1.0,1.0,1.0,-1.0,1.0,-1.0,1.0,-1.0	-0.045538127,-0.12004169,0.39079046,0.025421828,-0.8765103,0.13803893,0.30323407,0.12733786,-0.7462681,-0.2134192,-0.36241475,-0.16921364,0.3085402,-0.1004492,0.47191134,0.4128977,-0.42078394,0.3168944,0.12720717,-0.4363467,0.27096072,-0.09264413,0.44253525,-0.6623638
../data/train_data_mmini/6/Train_0027.jpg	6	1.0,-1.0,-1.0,-1.0,-1.0,-1.0,1.0,-1.0,-1.0,1.0,1.0,-1.0,-1.0,-1.0,1.0,-1.0,1.0,-1.0,1.0,-1.0,-1.0,1.0,1.0,-1.0	0.2159006,-0.031966176,-0.016823992,-0.094688326,-0.074275054,-0.11222764,0.04266932,-0.1479982,-0.13573046,0.046193328,0.02688049,-0.24741952,-0.086617686,-0.28638685,0.13216347,-0.015184051,0.13684851,-0.009214747,0.062470187,-0.16995735,-0.13266627,0.048667394,0.08298536,-0.111228876
../data/train_data_mmini/6/Train_0028.jpg	6	-1.0,-1.0,1.0,1.0,-1.0,1.0,1.0,1.0,-1.0,1.0,-1.0,-1.0,1.0,1.0,1.0,1.0,-1.0,1.0,-1.0,1.0,-1.0,1.0,-1.0,-1.0	-0.05233711,-0.28343812,0.15431112,0.0050855572,-0.11523376,0.084107675,0.09929814,0.06265604,-0.14005128,0.09705489,-0.09755753,-0.16926567,0.11340556,0.022421042,0.15444386,0.10425495,-0.13619238,0.02646381,-0.1342928,0.10803097,-0.019751891,0.038128518,-0.008701815,-0.29023084
../data/train_data_mmini/6/Train_0029.jpg	6	1.0,-1.0,-1.0,1.0,1.0,-1.0,1.0,-1.0,-1.0,1.0,-1.0,-1.0,-1.0,1.0,1.0,-1.0,-1.0,1.0,1.0,-1.0,1.0,1.0,1.0,1.0	0.16656494,-0.037124123,-0.24970312,0.034642488,0.022965094,-0.045349266,0.009382153,-0.15618283,-0.015778812,0.28610277,-0.11663015,-0.13028447,-0.22514138,0.23879732,0.036701206,-0.03423018,-0.24769068,0.22255875,0.15371762,-0.18723966,0.027753025,0.075639315,0.24208772,0.051829122
../data/train_data_mmini/7/Train_0030.jpg	7	-1.0,-1.0,1.0,-1.0,-1.0,1.0,1.0,1.0,-1.0,-1.0,1.0,-1.0,1.0,-1.0,1.0,1.0,1.0,-1.0,1.0,1.0,-1.0,-1.0,-1.0,-1.0	-0.065104276,-0.5887845,0.2192835,-0.3726745,-0.29955027,0.1315186,0.105044864,0.47893634,-0.48715046,-0.26024482,0.081360415,-0.05842637,0.058099248,-0.8345754,0.6553224,0.12703347,0.09750658,-0.16866845,0.08050021,0.031757284,-0.25710234,-0.13857862,-0.0076225097,-0.34142295
../data/train_data_mmini/7/Train_0031.jpg	7	-1.0,-1.0,1.0,1.0,-1.0,1.0,1.0,-1.0,-1.0,-1.0,-1.0,-1.0,1.0,-1.0,1.0,1.0,-1.0,-1.0,-1.0,-1.0,1.0,-1.0,1.0,-1.0	-0.14665219,-0.14745876,0.24716412,0.32965997,-0.4606465,0.1414398,0.1245968,-0.15768786,-0.31903484,-0.3048345,-0.065163925,-0.10630129,0.20796737,-0.056327097,0.20463027,0.1379987,-0.09045428,-0.041368198,-0.027630638,-0.15153183,0.03038092,-0.15696633,0.18560389,-0.36980554
../data/train_data_mmini/7/Train_0032.jpg	7	-1.0,-1.0,1.0,1.0,1.0,1.0,-1.0,1.0,-1.0,-1.0,1.0,-1.0,1.0,-1.0,1.0,-1.0,1.0,-1.0,-1.0,1.0,-1.0,-1.0,-1.0,-1.0	-0.18249999,-0.2865567,0.5706183,0.15169957,0.07720337,0.011127626,-0.30877003,0.04390138,-0.14996701,-0.16564599,0.15838553,-0.12038593,0.06696833,-0.13418485,0.1565095,-0.25214145,0.42552885,-0.30851158,-0.040524703,0.16638361,-0.12349959,-0.07995016,-0.09034723,-0.1263485
../data/train_data_mmini/7/Train_0033.jpg	7	1.0,-1.0,1.0,-1.0,-1.0,1.0,-1.0,1.0,-1.0,-1.0,-1.0,-1.0,-1.0,-1.0,1.0,-1.0,1.0,1.0,-1.0,-1.0,-1.0,-1.0,1.0,-1.0	0.055637777,-0.11524316,0.28101787,-0.08049801,-0.14333035,0.052306835,-0.13158712,0.28120944,-0.03917736,-0.13866293,-0.09937222,-0.10843967,-0.041145675,-0.02659904,0.122309804,-0.041337617,0.12596631,0.027404774,-0.094276585,-0.0026818614,-0.3593338,-0.17355075,0.046137884,-0.20420209
../data/train_data_mmini/7/Train_0034.jpg	7	-1.0,1.0,-1.0,1.0,1.0,-1.0,-1.0,-1.0,1.0,1.0,1.0,-1.0,-1.0,1.0,-1.0,-1.0,1.0,-1.0,1.0,1.0,1.0,1.0,-1.0,1.0	-0.22191852,0.346267,-0.3663876,0.20245418,1.0823154,-0.26485482,-0.39640293,-0.58798677,0.66159135,0.14636222,0.03090498,-0.15952711,-0.33465806,0.38294983,-0.37427095,-0.14355737,0.16768444,-0.10700718,0.017319847,0.46154737,0.01877205,0.24366802,-0.11228442,0.33650535
../data/train_data_mmini/8/Train_0035.jpg	8	1.0,-1.0,1.0,-1.0,1.0,1.0,-1.0,1.0,1.0,1.0,-1.0,-1.0,-1.0,-1.0,1.0,-1.0,1.0,-1.0,-1.0,1.0,-1.0,-1.0,-1.0,-1.0	0.13708928,-0.41450664,0.0033801948,-0.06458542,0.022096982,0.010938917,-0.2987742,0.033297848,0.044657618,0.0022978436,-0.0714844,-0.13230048,-0.16000855,-0.11593526,0.16250111,-0.07760186,0.17930931,-0.015203367,-0.21694826,0.17777662,-0.34491923,-0.035657503,-0.044557557,-0.11453331
../data/train_data_mmini/8/Train_0036.jpg	8	-1.0,-1.0,1.0,1.0,-1.0,1.0,-1.0,-1.0,-1.0,-1.0,-1.0,-1.0,1.0,1.0,1.0,1.0,-1.0,1.0,-1.0,1.0,-1.0,-1.0,1.0,-1.0	-0.007929833,-0.19318852,0.026914477,0.14804211,-0.03357486,0.028213983,-0.18320134,-0.20697056,-0.005564661,-0.18868908,-0.098683536,-0.085997865,0.08820633,0.12484837,0.033969585,0.07851308,-0.022196293,0.021714915,-0.07813475,0.008816947,-0.11011228,-0.09029696,0.15753952,-0.21058449
../data/train_data_mmini/8/Train_0037.jpg	8	-1.0,-1.0,1.0,1.0,-1.0,1.0,1.0,-1.0,-1.0,-1.0,-1.0,-1.0,1.0,1.0,1.0,1.0,-1.0,-1.0,-1.0,1.0,1.0,-1.0,1.0,-1.0	-0.18395293,-0.07182147,0.2665619,0.19555256,-0.10954573,0.012789165,0.056733273,-0.068489976,-0.33524558,-0.12311093,-0.20008603,-0.11891739,0.1782817,0.030115763,0.24297167,0.14465076,-0.17178267,-0.05268463,-0.0012908683,0.03650384,0.13558628,-0.09533658,0.1427318,-0.39267966
../data/train_data_mmini/8/Train_0038.jpg	8	1.0,-1.0,-1.0,-1.0,1.0,-1.0,-1.0,-1.0,-1.0,1.0,-1.0,-1.0,-1.0,-1.0,1.0,1.0,1.0,1.0,1.0,1.0,-1.0,1.0,1.0,-1.0	0.04311666,-0.21955529,-0.07253046,-0.14315042,0.18199953,-0.044009503,-0.052291192,-0.108596385,-0.071620435,0.17911208,-0.1531036,-0.15726088,-0.23269495,-0.06509169,0.0834523,0.030426435,0.08322328,0.053185184,0.042629946,0.19184922,-0.10860175,0.08368128,0.04604745,-0.030853597
../data/train_data_mmini/8/Train_0039.jpg	8	1.0,-1.0,1.0,1.0,-1.0,1.0,-1.0,-1.0,1.0,-1.0,-1.0,-1.0,-1.0,-1.0,1.0,-1.0,-1.0,-1.0,-1.0,-1.0,-1.0,-1.0,-1.0,-1.0	0.1107901,-0.3870248,0.073422536,0.06027177,-0.18447274,0.029994642,-0.15506068,-0.0047021336,0.12485835,-0.029991841,-0.057114013,-0.08668308,-0.017193282,-0.1346746,0.35475776,-0.052132912,-0.0010395643,-0.02646659,-0.2507148,-0.001413415,-0.20260748,-0.19776498,-0.077890664,-0.22795269
../data/train_data_mmini/9/Train_0040.jpg	9	-1.0,-1.0,-1.0,-1.0,1.0,1.0,-1.0,-1.0,1.0,1.0,-1.0,1.0,-1.0,1.0,1.0,1.0,-1.0,1.0,-1.0,1.0,-1.0,1.0,-1.0,-1.0	-0.103789836,-0.21159956,-0.26056808,-0.070673555,0.33893618,0.004686122,-0.1680418,-0.007344467,0.19993696,0.035337176,-0.19856893,0.036255788,-0.085942976,0.055295177,0.19866805,0.2068047,-0.08491266,0.007848729,-0.10589612,0.39641306,-0.0097079715,0.024164164,-0.11634381,-0.08519466
../data/train_data_mmini/9/Train_0041.jpg	9	-1.0,1.0,1.0,1.0,1.0,1.0,-1.0,-1.0,-1.0,1.0,-1.0,-1.0,-1.0,1.0,1.0,1.0,-1.0,1.0,1.0,-1.0,1.0,-1.0,1.0,-1.0	-0.061885595,0.16489848,0.13144894,0.21895593,0.024221485,0.025232052,-0.0073930384,-0.2332847,-0.02463189,0.0439209,-0.121911496,-0.1619892,-0.039490573,0.28345302,0.022652615,0.059576325,-0.048810482,0.052464698,0.15233864,-0.095153816,0.32733127,-0.072274394,0.21556838,-0.06960507
../data/train_data_mmini/9/Train_0042.jpg	9	-1.0,1.0,-1.0,1.0,1.0,-1.0,-1.0,-1.0,1.0,1.0,-1.0,1.0,1.0,1.0,-1.0,1.0,-1.0,-1.0,-1.0,1.0,1.0,1.0,-1.0,1.0	-0.25989017,0.07863758,-0.3993717,0.15133116,0.6386925,-0.042339917,-0.15885296,-0.21042699,0.48200598,0.100554965,-0.2185687,0.028136324,0.055216588,0.40988168,-0.0057653603,0.16304588,-0.11291301,-0.053434547,-0.049832713,0.4565663,0.24129516,0.11970455,-0.12160304,0.031691387
../data/train_data_mmini/9/Train_0043.jpg	9	1.0,-1.0,1.0,-1.0,-1.0,-1.0,-1.0,1.0,-1.0,1.0,-1.0,-1.0,-1.0,1.0,1.0,1.0,-1.0,1.0,1.0,1.0,-1.0,1.0,1.0,-1.0	0.026957005,-0.2530968,0.0073036705,-0.13608035,-0.008978078,-0.043077525,-0.15074298,0.22924666,-0.11697152,0.112913035,-0.23561624,-0.06946926,-0.073193215,0.15191816,0.28419897,0.13581479,-0.15405703,0.09906135,0.008254905,0.049714316,-0.02916716,0.045567594,0.087999836,-0.26633784
../data/train_data_mmini/9/Train_0044.jpg	9	1.0,-1.0,1.0,1.0,-1.0,-1.0,-1.0,-1.0,-1.0,-1.0,-1.0,-1.0,1.0,1.0,1.0,-1.0,-1.0,1.0,-1.0,1.0,-1.0,-1.0,1.0,-1.0	0.031712413,-0.086591385,0.11817609,0.03841141,-0.060554754,-0.024032021,-0.12847623,-0.0067355908,-0.03754431,-0.075520314,-0.16924484,-0.08473621,0.0066173435,0.11434258,0.19987704,-0.030541368,-0.16055614,0.10760794,-0.034268778,0.04119413,-0.001404821,-0.071258225,0.05375722,-0.1333435
../data/train_data_mmini/10/Train_0045.jpg	10	-1.0,1.0,1.0,1.0,1.0,-1.0,-1.0,-1.0,1.0,-1.0,-1.0,-1.0,-1.0,1.0,-1.0,-1.0,1.0,-1.0,-1.0,1.0,1.0,-1.0,1.0,-1.0	-0.11269486,0.009189283,0.13508497,0.2915062,0.2524683,-0.19061723,-0.24437502,-0.32334703,0.09235524,-0.108987756,-0.050553598,-0.20712273,-0.06178906,0.08908903,-0.013901931,-0.16103902,0.03767219,-0.09850734,-0.024116646,0.145786,0.17190865,-0.076984726,0.017631859,-0.09695326
../data/train_data_mmini/10/Train_0046.jpg	10	1.0,-1.0,1.0,-1.0,1.0,-1.0,-1.0,-1.0,-1.0,1.0,-1.0,-1.0,-1.0,1.0,-1.0,-1.0,-1.0,-1.0,1.0,-1.0,-1.0,1.0,1.0,1.0	0.08747797,-0.049226727,0.24365094,-0.04823047,0.13350812,-0.08145773,-0.22279876,-0.0038548983,-0.13311784,0.23606703,-0.04940279,-0.19152515,-0.16865477,0.15992214,-0.12572175,-0.2620115,-0.023638994,-0.0029683441,0.043884996,-0.08468331,-0.14371587,0.1023233,0.050224744,0.07619794
../data/train_data_mmini/10/Train_0047.jpg	10	-1.0,-1.0,-1.0,1.0,1.0,-1.0,-1.0,-1.0,1.0,1.0,-1.0,-1.0,-1.0,1.0,-1.0,-1.0,-1.0,1.0,-1.0,1.0,1.0,1.0,1.0,-1.0	-0.06265125,-0.02206197,-0.029098302,0.19666734,0.3475545,-0.13132507,-0.21329984,-0.4542628,0.09506655,0.07432508,-0.09285244,-0.10853641,-0.05480992,0.31636605,-0.038415354,-0.05468584,-0.015501618,0.006446202,-0.04285,0.06222694,0.049699903,0.024516115,0.06690976,-0.0134638045
../data/train_data_mmini/10/Train_0048.jpg	10	-1.0,1.0,-1.0,1.0,1.0,-1.0,-1.0,-1.0,1.0,1.0,-1.0,-1.0,-1.0,1.0,-1.0,-1.0,1.0,-1.0,1.0,1.0,-1.0,1.0,-1.0,1.0	-0.08188656,0.028175626,-0.87350214,0.2599918,1.1417757,-0.33938769,-0.62107885,-0.78315437,1.0773603,0.063420735,-0.08309947,-0.1388794,-0.57723844,0.35109472,-0.34482983,-0.13417536,0.22754905,-0.041882988,0.016635079,0.5549475,-0.031340376,0.15710099,-0.1259745,0.6132315
../data/train_data_mmini/10/Train_0049.jpg	10	1.0,-1.0,1.0,1.0,1.0,1.0,-1.0,-1.0,1.0,1.0,-1.0,-1.0,-1.0,1.0,1.0,-1.0,-1.0,1.0,-1.0,1.0,-1.0,-1.0,1.0,-1.0	0.10077345,-0.2797707,0.058519334,0.072952,0.05150265,0.010442917,-0.17061612,-0.02959547,0.077867925,0.10899832,-0.10393767,-0.1126502,-0.1179684,0.10257185,0.15483491,-0.043445,-0.052220583,0.050199825,-0.12433351,0.07094627,-0.14099552,-0.07362444,0.045676798,-0.07733848
