../data/train_data_mmini/1/Train_0000.jpg	1	1.0,-1.0,-1.0,1.0,1.0,1.0,1.0,-1.0,-1.0,1.0,-1.0,-1.0	0.019459069,-2.2678654,-0.2135065,1.7447616,0.8756306,0.16257405,0.78721803,-3.2515326,-1.6958328,0.3638485,-0.4188212,-3.6116345
../data/train_data_mmini/1/Train_0001.jpg	1	-1.0,-1.0,-1.0,1.0,1.0,-1.0,1.0,1.0,1.0,-1.0,-1.0,-1.0	-1.6972773,-0.075146966,-1.0522033,0.79963547,0.079523206,-1.0894772,4.2330813,0.39381278,2.1159012,-1.4917421,-1.1485876,-4.4518986
../data/train_data_mmini/1/Train_0002.jpg	1	-1.0,-1.0,-1.0,1.0,1.0,1.0,1.0,1.0,1.0,-1.0,-1.0,-1.0	-0.7833855,-1.8363187,-0.27343866,2.4680467,0.36928147,0.40980586,0.83466506,1.9225913,0.5403127,-0.1285939,-2.1024818,-3.9462311
../data/train_data_mmini/1/Train_0003.jpg	1	-1.0,1.0,-1.0,1.0,1.0,-1.0,-1.0,-1.0,-1.0,-1.0,-1.0,-1.0	-0.7717342,0.5324965,-1.1621436,1.4684846,2.257525,-1.9685712,-0.7504005,-3.3306863,-1.4418019,-0.16265737,-1.4764473,-3.0943582
../data/train_data_mmini/1/Train_0004.jpg	1	-1.0,-1.0,-1.0,1.0,1.0,-1.0,1.0,-1.0,-1.0,1.0,-1.0,-1.0	-0.2099972,-2.3081555,-1.9038696,1.3390129,0.092095405,-0.1173934,3.626244,-1.3572576,-1.696294,0.09441778,-0.51535946,-2.5672507
../data/train_data_mmini/2/Train_0005.jpg	2	-1.0,1.0,-1.0,-1.0,-1.0,-1.0,-1.0,1.0,1.0,1.0,-1.0,1.0	-0.5419156,0.43564093,-0.5557936,-1.3445653,-3.1983993,-0.6578078,-2.8228219,0.8677959,1.7310923,0.6454528,-0.47937614,0.31088096
../data/train_data_mmini/2/Train_0006.jpg	2	-1.0,-1.0,1.0,-1.0,-1.0,1.0,-1.0,1.0,-1.0,1.0,-1.0,1.0	-2.3106759,-1.1554565,2.1631021,-0.2547123,-0.6103751,0.00027235132,-0.25170574,0.67740124,-1.1751839,0.34120786,-1.559363,1.6505278
../data/train_data_mmini/2/Train_0007.jpg	2	-1.0,-1.0,-1.0,1.0,-1.0,1.0,-1.0,-1.0,-1.0,1.0,1.0,-1.0	-0.55818516,-1.4709162,-1.1140617,1.7402099,-0.25206184,1.0199726,-0.43012193,-4.5281973,-0.6401348,0.15423495,0.700105,-1.3451899
../data/train_data_mmini/2/Train_0008.jpg	2	-1.0,1.0,-1.0,1.0,1.0,1.0,1.0,1.0,-1.0,-1.0,-1.0,-1.0	-0.9373696,1.517771,-3.5180154,2.220878,2.5610623,4.5381136,0.7677754,1.2665429,-2.4033968,-0.1394337,-0.58320856,-2.6383944
../data/train_data_mmini/2/Train_0009.jpg	2	1.0,1.0,-1.0,-1.0,1.0,1.0,-1.0,-1.0,-1.0,-1.0,1.0,1.0	0.6262065,3.377841,-0.76543367,-3.484879,0.8893955,1.1180811,-3.3422945,-2.5323954,-1.572573,-2.2887585,1.2673265,1.9054459
../data/train_data_mmini/3/Train_0010.jpg	3	-1.0,1.0,-1.0,-1.0,1.0,1.0,1.0,-1.0,1.0,-1.0,-1.0,1.0	-1.7816916,2.3784318,-2.883188,-0.45403945,3.2014527,3.5034633,6.2890654,-1.1643264,0.34609368,-1.3036748,-2.3888714,0.5204729
../data/train_data_mmini/3/Train_0011.jpg	3	1.0,-1.0,-1.0,1.0,-1.0,-1.0,1.0,1.0,1.0,-1.0,-1.0,-1.0	1.1576527,-2.264724,-0.9719594,1.4931264,-0.7312073,-0.39943153,2.2677035,1.694469,1.1717024,-0.56049335,-4.3224483,-2.7226555
../data/train_data_mmini/3/Train_0012.jpg	3	1.0,-1.0,1.0,-1.0,1.0,-1.0,1.0,-1.0,-1.0,-1.0,-1.0,-1.0	0.9662975,-1.3092853,0.4081249,-0.07981228,1.4440138,-0.6917558,2.5122776,-0.38164747,-1.2236744,-1.0156574,-3.586588,-4.5704927
../data/train_data_mmini/3/Train_0013.jpg	3	-1.0,1.0,1.0,1.0,1.0,1.0,1.0,1.0,-1.0,-1.0,-1.0,-1.0	-1.4991491,0.71004504,2.1048439,1.2271898,1.9151843,1.2317151,1.483624,4.3997207,-0.44903386,-0.17837454,-1.015461,-1.1190616
../data/train_data_mmini/3/Train_0014.jpg	3	1.0,-1.0,-1.0,-1.0,1.0,1.0,1.0,1.0,1.0,-1.0,-1.0,1.0	0.423078,-0.68214864,-0.43929788,-1.5651708,1.077018,1.268552,2.8186872,1.0937337,0.17045231,-1.766963,-2.884697,2.871891
../data/train_data_mmini/4/Train_0015.jpg	4	1.0,-1.0,-1.0,-1.0,-1.0,1.0,-1.0,-1.0,-1.0,1.0,-1.0,-1.0	1.084168,-4.4366307,-0.88550067,-0.3479095,-0.48126316,0.6739731,-0.40703788,-0.049307153,-4.09653,0.6852326,-2.4733312,-3.7538972
../data/train_data_mmini/4/Train_0016.jpg	4	-1.0,1.0,-1.0,1.0,1.0,1.0,-1.0,1.0,1.0,-1.0,-1.0,-1.0	-3.4552999,0.23045175,-1.7221023,1.7971499,1.1107639,0.58427763,-1.5111506,2.3820412,3.652338,-0.55967367,-2.259547,-2.9699519
../data/train_data_mmini/4/Train_0017.jpg	4	1.0,1.0,1.0,-1.0,1.0,1.0,-1.0,1.0,1.0,-1.0,-1.0,-1.0	0.66421837,0.9123152,0.6506996,-0.6289083,0.5855566,0.17955878,-1.1006796,1.833779,1.1723616,-2.3990915,-2.6448076,-1.0571508
../data/train_data_mmini/4/Train_0018.jpg	4	-1.0,-1.0,-1.0,-1.0,-1.0,1.0,1.0,1.0,1.0,1.0,-1.0,1.0	-1.4885277,-1.05641,-2.376344,-0.96742743,-1.8818835,0.8469885,0.5699355,0.22735028,2.1817327,0.35517687,-2.292374,0.123315886
../data/train_data_mmini/4/Train_0019.jpg	4	-1.0,-1.0,1.0,-1.0,1.0,-1.0,1.0,1.0,-1.0,-1.0,-1.0,1.0	-1.971285,-2.1286426,2.42966,-1.3278037,0.8854002,-1.4451132,1.16201,2.9391177,-1.5014809,-0.038664266,-1.1656936,4.133829
../data/train_data_mmini/5/Train_0020.jpg	5	-1.0,1.0,-1.0,-1.0,-1.0,-1.0,1.0,-1.0,1.0,-1.0,1.0,-1.0	-0.10322046,0.43813553,-1.0355268,-0.13426161,-0.776503,-3.1355665,1.1279814,-2.0681913,0.4311493,-0.93806815,2.5244482,-1.1975659
../data/train_data_mmini/5/Train_0021.jpg	5	1.0,-1.0,1.0,1.0,-1.0,-1.0,-1.0,1.0,-1.0,1.0,1.0,-1.0	3.6091084,-1.5754427,0.7948976,0.48576328,-1.317019,-2.0823872,-1.0756878,0.19155394,-2.7981195,1.1556079,0.32332444,-1.7516396
../data/train_data_mmini/5/Train_0022.jpg	5	-1.0,1.0,-1.0,1.0,-1.0,1.0,-1.0,-1.0,-1.0,-1.0,1.0,-1.0	-1.0694351,1.0468326,-0.97080845,0.067454286,-0.0466196,2.0026252,-1.0512718,-2.70624,-1.9997844,-0.3934607,1.0302373,-0.9500124
../data/train_data_mmini/5/Train_0023.jpg	5	-1.0,1.0,-1.0,-1.0,1.0,-1.0,-1.0,-1.0,-1.0,1.0,1.0,-1.0	-0.8056011,0.8498855,-0.75386417,-0.06378809,0.17660879,-2.030839,-1.0049272,-3.750253,-0.023546275,0.0014930516,1.2916719,-1.0002648
../data/train_data_mmini/5/Train_0024.jpg	5	1.0,-1.0,1.0,1.0,-1.0,1.0,-1.0,-1.0,-1.0,1.0,1.0,-1.0	1.9262344,-1.492586,0.59459215,2.2147706,-1.3607178,0.06575953,-0.30427957,-3.8012533,-2.1488092,1.4270159,0.08052882,-4.4342484
../data/train_data_mmini/6/Train_0025.jpg	6	1.0,-1.0,1.0,-1.0,1.0,1.0,1.0,-1.0,-1.0,-1.0,-1.0,1.0	0.19228987,-0.74152756,1.6652626,-2.807867,3.4441283,1.4961798,1.0344332,-0.910827,-0.3945065,-3.2005868,-4.886379,4.1369205
../data/train_data_mmini/6/Train_0026.jpg	6	1.0,1.0,-1.0,-1.0,1.0,1.0,-1.0,-1.0,1.0,-1.0,-1.0,-1.0	1.7222397,1.8112178,-2.6246932,-2.7627127,2.861442,0.7286639,-0.76495415,-2.4274318,0.00574747,-1.5916581,-2.7606447,-0.02877552
../data/train_data_mmini/6/Train_0027.jpg	6	-1.0,-1.0,-1.0,-1.0,1.0,1.0,1.0,1.0,1.0,-1.0,-1.0,1.0	-1.6559702,-0.015014362,-1.7162851,-0.71928686,1.559917,1.4356369,4.510753,0.25509363,2.406365,-1.7820536,-4.436228,1.2559882
../data/train_data_mmini/6/Train_0028.jpg	6	-1.0,-1.0,-1.0,1.0,-1.0,1.0,1.0,-1.0,1.0,1.0,-1.0,-1.0	-0.40097022,-0.13011199,-1.4487337,4.1087446,-1.2789098,2.7313216,1.4844096,-0.5944401,2.007425,2.107919,-1.3514675,-3.7301402
../data/train_data_mmini/6/Train_0029.jpg	6	-1.0,1.0,1.0,-1.0,1.0,1.0,-1.0,-1.0,-1.0,-1.0,-1.0,1.0	-0.47502136,2.749889,0.7458136,-2.6172216,1.8898709,3.4945111,-2.454325,-1.3863204,-1.8079673,-4.9237337,-0.6871084,2.7940195
../data/train_data_mmini/7/Train_0030.jpg	7	-1.0,1.0,1.0,-1.0,1.0,1.0,-1.0,-1.0,-1.0,-1.0,1.0,1.0	-1.0669448,0.9846508,0.7763167,-1.9952029,0.8584495,1.0121931,-2.8440843,-1.8193454,-0.33574802,-0.7745846,0.19398108,0.5509711
../data/train_data_mmini/7/Train_0031.jpg	7	-1.0,1.0,1.0,1.0,1.0,1.0,-1.0,1.0,1.0,-1.0,-1.0,-1.0	-0.8751726,4.1297994,0.59066826,1.0371847,1.3859183,2.643693,-1.3352729,0.023497254,0.72677624,-0.39696187,-0.01429107,-2.9071283
../data/train_data_mmini/7/Train_0032.jpg	7	1.0,1.0,-1.0,1.0,-1.0,-1.0,-1.0,1.0,-1.0,-1.0,-1.0,-1.0	1.960498,0.36384484,-1.5248615,0.7507315,-2.1580427,-0.58971053,-0.6851325,2.6955526,-0.044761192,-1.072274,-3.7345514,-2.4145968
../data/train_data_mmini/7/Train_0033.jpg	7	-1.0,1.0,-1.0,1.0,1.0,1.0,-1.0,-1.0,-1.0,1.0,-1.0,-1.0	-1.5209415,1.6525847,-1.0964239,0.5787861,3.0634236,2.0581105,-0.19408554,-3.9407313,-1.0305747,0.31101054,-3.497009,-2.2282217
../data/train_data_mmini/7/Train_0034.jpg	7	1.0,-1.0,-1.0,1.0,1.0,1.0,1.0,1.0,1.0,-1.0,-1.0,-1.0	0.27739024,-1.4682343,-1.2190229,4.6609917,0.10875873,0.045492638,5.5128984,1.255037,2.5042157,-0.80478615,-5.852747,-1.8490068
../data/train_data_mmini/8/Train_0035.jpg	8	1.0,1.0,1.0,-1.0,-1.0,1.0,-1.0,-1.0,-1.0,-1.0,1.0,-1.0	0.80933034,2.575633,0.40305513,-1.8862357,-1.9141629,2.6984105,-1.1126443,-1.8926753,-0.900064,-0.79165745,1.4190187,-0.34798688
../data/train_data_mmini/8/Train_0036.jpg	8	-1.0,1.0,1.0,-1.0,1.0,1.0,-1.0,-1.0,1.0,-1.0,1.0,1.0	-0.07411075,2.4451132,0.20827045,-1.1183729,0.78489786,3.7880402,-3.9261856,-1.837935,1.8925364,-0.9305247,0.56999284,2.1369185
../data/train_data_mmini/8/Train_0037.jpg	8	1.0,1.0,-1.0,1.0,-1.0,1.0,-1.0,-1.0,1.0,1.0,-1.0,-1.0	4.097584,1.9243621,-0.7450979,0.8011986,-0.71884835,1.6492928,-1.0506543,-1.0795279,2.087314,1.2233222,-1.6396483,-1.953738
../data/train_data_mmini/8/Train_0038.jpg	8	1.0,1.0,-1.0,-1.0,1.0,1.0,-1.0,1.0,-1.0,-1.0,1.0,-1.0	0.9610914,4.899095,-1.3989787,-0.04815557,2.2604465,3.571316,-3.100995,0.44275326,-0.93926144,-1.6042938,1.6864859,-2.240997
../data/train_data_mmini/8/Train_0039.jpg	8	1.0,1.0,1.0,-1.0,-1.0,1.0,-1.0,-1.0,1.0,-1.0,1.0,-1.0	0.83839786,2.66818,2.6804595,-2.1130717,-2.5419211,2.908596,-1.1158129,-1.619371,0.36133012,-0.24843986,1.0161633,-1.4245957
../data/train_data_mmini/9/Train_0040.jpg	9	1.0,-1.0,-1.0,1.0,1.0,1.0,1.0,-1.0,-1.0,-1.0,1.0,-1.0	2.2114964,-1.6705116,-0.6700579,1.6288449,0.71239877,2.0412085,2.3188748,-3.0123777,-3.307714,-0.26527786,0.8753471,-0.73100764
../data/train_data_mmini/9/Train_0041.jpg	9	-1.0,1.0,1.0,1.0,-1.0,-1.0,1.0,1.0,1.0,-1.0,-1.0,-1.0	-2.3772306,0.16279268,1.0870007,1.7430499,-2.3315928,-0.55969256,3.8286417,0.5324606,4.7551627,-1.3794168,-1.7657584,-0.9756154
../data/train_data_mmini/9/Train_0042.jpg	9	1.0,-1.0,-1.0,1.0,1.0,-1.0,1.0,1.0,-1.0,1.0,-1.0,-1.0	2.0812843,-3.5793085,-2.511351,0.773534,0.19340734,-0.1483736,4.242965,0.35281312,-2.5674238,1.3628256,-2.325596,-4.478859
../data/train_data_mmini/9/Train_0043.jpg	9	-1.0,1.0,1.0,-1.0,-1.0,1.0,-1.0,-1.0,-1.0,1.0,1.0,1.0	-0.46355784,0.25107017,0.7114855,-0.110400446,-3.2678263,1.1842793,-1.0345427,-1.5585226,-0.5780911,1.3496169,4.223233,0.9883578
../data/train_data_mmini/9/Train_0044.jpg	9	1.0,1.0,1.0,-1.0,1.0,-1.0,1.0,-1.0,-1.0,-1.0,-1.0,1.0	1.5948266,0.7946726,2.64251,-3.5291436,1.3086257,-0.050443385,2.2223222,-0.6574097,-3.0171561,-0.78409886,-0.21327052,0.08929412
../data/train_data_mmini/10/Train_0045.jpg	10	1.0,1.0,1.0,-1.0,-1.0,1.0,-1.0,-1.0,1.0,-1.0,-1.0,-1.0	1.4672676,2.105079,0.856477,-1.0208246,-1.9076368,3.5260186,-1.4049622,-0.7420415,0.883112,-1.1466981,-2.9251912,-0.2379569
../data/train_data_mmini/10/Train_0046.jpg	10	1.0,1.0,1.0,-1.0,-1.0,-1.0,-1.0,1.0,-1.0,-1.0,-1.0,-1.0	3.5624402,0.5973236,0.437453,-1.0154372,-0.57722425,-0.14902358,-0.26183733,1.5811399,-0.498663,-0.74493146,-2.6378043,-0.84548855
../data/train_data_mmini/10/Train_0047.jpg	10	1.0,1.0,1.0,1.0,-1.0,1.0,-1.0,1.0,1.0,-1.0,-1.0,-1.0	3.7070918,3.1036448,1.7906996,0.7360086,-3.4777436,2.0500455,-5.2908077,0.35804933,0.6810507,-0.38052928,-0.15710744,-1.0274427
../data/train_data_mmini/10/Train_0048.jpg	10	1.0,1.0,1.0,-1.0,-1.0,1.0,-1.0,1.0,-1.0,-1.0,-1.0,1.0	3.226676,1.7041216,1.4447826,-4.731196,-0.31982917,1.7832144,-0.05622064,1.1265278,-2.6949282,-3.135771,-2.098749,2.2019706
../data/train_data_mmini/10/Train_0049.jpg	10	1.0,1.0,1.0,-1.0,-1.0,1.0,-1.0,-1.0,-1.0,-1.0,1.0,1.0	4.50029,3.0303845,1.2713696,-1.8252395,-1.7313619,3.2616577,-0.44899526,-1.5960935,-0.31904343,-0.25242102,1.4006275,0.5814582
