../data/train_data_mmini/1/Train_0000.jpg	1	1.0,1.0,-1.0,-1.0,-1.0,-1.0,1.0,1.0	0.18429752,0.20909323,-1.2045949,-0.12074275,-2.9120874,-3.8272922,0.34015226,1.4352082
../data/train_data_mmini/1/Train_0001.jpg	1	-1.0,-1.0,1.0,1.0,-1.0,-1.0,1.0,1.0	-0.34029123,-3.2067723,0.7751307,2.9578857,-0.9448454,-2.0902958,0.94430816,1.9493284
../data/train_data_mmini/1/Train_0002.jpg	1	-1.0,1.0,1.0,-1.0,-1.0,-1.0,-1.0,1.0	-0.80667895,0.9554915,0.8159151,-0.2123999,-0.09827526,-5.157602,-1.6038003,0.32365367
../data/train_data_mmini/1/Train_0003.jpg	1	1.0,1.0,-1.0,1.0,-1.0,-1.0,1.0,1.0	1.6674838,1.2561945,-2.8144329,1.4743993,-2.2659585,-1.1558917,2.4014707,0.84198093
../data/train_data_mmini/1/Train_0004.jpg	1	-1.0,-1.0,-1.0,1.0,-1.0,-1.0,-1.0,1.0	-0.12152502,-0.41898614,-0.6212145,0.8465927,-3.0465672,-0.81632733,-0.5219232,1.6325923
../data/train_data_mmini/2/Train_0005.jpg	2	1.0,-1.0,-1.0,1.0,1.0,1.0,1.0,-1.0	1.3675474,-1.2890025,-0.17591263,2.268543,1.8728803,0.06376295,0.9255681,-2.4289675
../data/train_data_mmini/2/Train_0006.jpg	2	1.0,-1.0,1.0,1.0,1.0,1.0,-1.0,-1.0	2.1645794,-0.88602394,1.0086268,0.3328827,1.7416477,0.3503895,-1.4373895,-2.5757165
../data/train_data_mmini/2/Train_0007.jpg	2	-1.0,-1.0,-1.0,1.0,-1.0,-1.0,-1.0,-1.0	-0.8814864,-1.7704061,-3.1123252,1.0155956,-1.9428518,-0.96169394,-0.35607004,-0.21616197
../data/train_data_mmini/2/Train_0008.jpg	2	-1.0,-1.0,-1.0,-1.0,-1.0,1.0,-1.0,1.0	-1.957572,-0.12209688,-0.187755,-2.585734,-2.0670552,0.18491036,-1.1706016,0.54767865
../data/train_data_mmini/2/Train_0009.jpg	2	1.0,1.0,1.0,-1.0,1.0,1.0,1.0,1.0	0.41707715,1.7776928,0.13675515,-0.3373387,0.64719975,1.2947387,0.67809975,0.26757944
../data/train_data_mmini/3/Train_0010.jpg	3	-1.0,-1.0,1.0,1.0,1.0,1.0,1.0,1.0	-1.1381687,-2.2429485,0.062054306,1.0081563,0.6358701,2.7936807,0.19699393,0.61136854
../data/train_data_mmini/3/Train_0011.jpg	3	-1.0,1.0,1.0,1.0,-1.0,-1.0,-1.0,1.0	-2.2324407,0.72687143,0.5920273,2.7297206,-0.41981924,-2.0676546,-2.3744645,1.6185211
../data/train_data_mmini/3/Train_0012.jpg	3	-1.0,1.0,1.0,1.0,1.0,-1.0,1.0,1.0	-0.00307043,1.7622217,2.32854,3.9360006,0.84812975,-0.5140864,0.24162292,2.045247
../data/train_data_mmini/3/Train_0013.jpg	3	1.0,-1.0,1.0,-1.0,1.0,-1.0,-1.0,-1.0	1.8062465,-1.6356862,3.0191088,-0.2406408,0.4509051,-0.5005415,-1.8606085,-0.26969278
../data/train_data_mmini/3/Train_0014.jpg	3	-1.0,-1.0,-1.0,1.0,1.0,1.0,-1.0,-1.0	-0.13576157,-1.2165763,-0.1137876,0.46508953,0.9437498,0.4627002,-3.0217206,-1.8415576
../data/train_data_mmini/4/Train_0015.jpg	4	-1.0,-1.0,1.0,1.0,-1.0,-1.0,1.0,-1.0	-1.5243157,-0.09633936,1.707813,0.68023324,-2.9901447,-1.136977,0.3237193,-2.5550222
../data/train_data_mmini/4/Train_0016.jpg	4	-1.0,1.0,1.0,1.0,1.0,-1.0,1.0,-1.0	-0.40842572,0.4807815,0.18004751,1.3452294,1.8446902,-1.9989979,1.7378058,-1.1960821
../data/train_data_mmini/4/Train_0017.jpg	4	-1.0,1.0,1.0,1.0,1.0,-1.0,1.0,-1.0	-0.47518638,1.8873534,1.4321431,1.9822034,1.202022,-0.95931596,0.0054756105,-2.1987734
../data/train_data_mmini/4/Train_0018.jpg	4	-1.0,-1.0,-1.0,1.0,1.0,1.0,-1.0,-1.0	-0.29555494,-0.42147,-1.4733871,2.0090547,0.21782784,1.6080278,-1.7835783,-1.3821853
../data/train_data_mmini/4/Train_0019.jpg	4	1.0,1.0,1.0,1.0,1.0,1.0,-1.0,-1.0	3.09149,0.74839693,2.4050822,0.71246725,2.4949658,0.72518843,-1.845243,-0.93670577
../data/train_data_mmini/5/Train_0020.jpg	5	1.0,-1.0,-1.0,1.0,1.0,-1.0,-1.0,1.0	0.61810744,-1.6001574,-2.1696355,2.090982,1.6340598,-0.9530461,-0.0037685463,1.3844637
../data/train_data_mmini/5/Train_0021.jpg	5	1.0,1.0,-1.0,-1.0,-1.0,-1.0,-1.0,-1.0	0.54661345,0.69178605,-1.2737346,-1.0347668,-4.6387057,-0.3508776,-1.7228311,-1.3782581
../data/train_data_mmini/5/Train_0022.jpg	5	-1.0,-1.0,-1.0,-1.0,-1.0,1.0,1.0,-1.0	-0.80673444,-2.515955,-1.341773,-2.1452289,-0.3317828,0.14276794,0.82827556,-0.64877635
../data/train_data_mmini/5/Train_0023.jpg	5	1.0,-1.0,-1.0,1.0,-1.0,1.0,1.0,1.0	1.1165065,-1.7628245,-3.5517066,1.1135657,-1.6990654,0.2732187,0.44239274,1.7581142
../data/train_data_mmini/5/Train_0024.jpg	5	-1.0,1.0,-1.0,1.0,-1.0,-1.0,1.0,1.0	-0.16076674,0.85577714,-0.26518902,1.8500279,-2.802293,-1.1064848,0.27577817,0.8623996
../data/train_data_mmini/6/Train_0025.jpg	6	1.0,1.0,1.0,1.0,1.0,1.0,1.0,-1.0	2.2542694,1.6076386,1.0014603,2.9799247,2.412863,0.76712036,0.7744703,-3.3899577
../data/train_data_mmini/6/Train_0026.jpg	6	-1.0,-1.0,-1.0,1.0,-1.0,1.0,1.0,-1.0	-2.2569754,-1.0777789,-2.934965,3.9590487,-0.21658145,2.0955687,2.1087563,-2.1699636
../data/train_data_mmini/6/Train_0027.jpg	6	-1.0,-1.0,1.0,1.0,1.0,1.0,1.0,-1.0	-1.6315182,-1.2600604,1.0924004,2.7550654,2.6538908,2.9459903,1.3344576,-1.1814519
../data/train_data_mmini/6/Train_0028.jpg	6	-1.0,1.0,-1.0,-1.0,1.0,-1.0,-1.0,1.0	-3.1065178,0.51349294,-1.1767229,-1.0255265,0.37083206,-1.5274326,-3.6724136,0.5005432
../data/train_data_mmini/6/Train_0029.jpg	6	1.0,1.0,1.0,-1.0,1.0,1.0,1.0,1.0	1.8864146,3.7717369,2.7183168,-0.25940037,0.59788287,0.81907547,1.7471546,0.5274046
../data/train_data_mmini/7/Train_0030.jpg	7	1.0,-1.0,1.0,1.0,1.0,-1.0,1.0,-1.0	1.5818883,-0.2960905,0.26998845,1.6238064,2.236667,-1.1585964,2.477441,-2.9959984
../data/train_data_mmini/7/Train_0031.jpg	7	-1.0,-1.0,1.0,-1.0,1.0,1.0,1.0,-1.0	-1.4004477,-0.027859973,0.19833449,-1.2447388,3.1013,0.12012304,1.4879369,-1.2225918
../data/train_data_mmini/7/Train_0032.jpg	7	-1.0,1.0,1.0,1.0,1.0,1.0,-1.0,1.0	-2.7673788,2.023048,1.8452615,1.3787954,0.56655914,1.0450823,-1.5761557,0.2920439
../data/train_data_mmini/7/Train_0033.jpg	7	-1.0,1.0,-1.0,1.0,1.0,1.0,1.0,1.0	-0.21510467,1.5681111,-0.90464795,2.3173535,1.7281393,0.5766659,1.0774449,0.32281122
../data/train_data_mmini/7/Train_0034.jpg	7	-1.0,1.0,1.0,1.0,-1.0,1.0,-1.0,1.0	-2.5035212,1.3788066,0.32467932,2.417205,-0.03192441,2.0495949,-2.834222,2.4572098
../data/train_data_mmini/8/Train_0035.jpg	8	1.0,-1.0,1.0,-1.0,-1.0,1.0,1.0,-1.0	1.0738306,-2.466504,2.3728938,-0.5899263,-1.5617865,0.706924,0.6529824,-1.9920802
../data/train_data_mmini/8/Train_0036.jpg	8	1.0,-1.0,1.0,1.0,1.0,1.0,1.0,-1.0	0.25284111,-0.0022540404,0.5815821,0.8356628,3.5103693,0.096332386,0.052480277,-4.276518
../data/train_data_mmini/8/Train_0037.jpg	8	-1.0,1.0,1.0,1.0,1.0,1.0,-1.0,1.0	-3.0456302,1.1996915,0.83400524,2.4982646,0.96837234,1.8761743,-0.31438735,0.2279496
../data/train_data_mmini/8/Train_0038.jpg	8	-1.0,-1.0,1.0,-1.0,-1.0,-1.0,1.0,-1.0	-1.2632271,-0.76616615,2.6252081,-2.4608762,-0.5871147,-0.6238296,3.0028052,-0.36470318
../data/train_data_mmini/8/Train_0039.jpg	8	1.0,-1.0,1.0,1.0,1.0,1.0,-1.0,-1.0	0.73152894,-0.2082919,4.1617136,1.1462438,0.6557381,2.0081956,-1.2590573,-1.1040831
../data/train_data_mmini/9/Train_0040.jpg	9	-1.0,-1.0,1.0,-1.0,-1.0,-1.0,-1.0,-1.0	-0.76188207,-0.26736096,1.0729572,-0.16597024,-2.4851956,-1.0625418,-1.4891304,-0.7444944
../data/train_data_mmini/9/Train_0041.jpg	9	-1.0,-1.0,-1.0,1.0,1.0,-1.0,-1.0,1.0	-0.7413622,-1.5315331,-0.060931586,2.1292274,2.344162,-0.10939789,-1.6804013,2.509977
../data/train_data_mmini/9/Train_0042.jpg	9	-1.0,1.0,1.0,1.0,-1.0,-1.0,-1.0,1.0	-1.4027109,0.09297425,2.3270986,1.6535358,-2.2411451,-1.6151856,-1.5932057,0.7818904
../data/train_data_mmini/9/Train_0043.jpg	9	1.0,-1.0,-1.0,-1.0,-1.0,1.0,-1.0,-1.0	1.442284,-3.002408,-0.45589548,-0.58806765,-0.2859994,1.0293659,-2.220397,-3.6974046
../data/train_data_mmini/9/Train_0044.jpg	9	1.0,1.0,1.0,1.0,1.0,-1.0,1.0,-1.0	0.89342713,0.4584599,4.0120854,1.0051149,0.30044693,-0.043288767,1.7618331,-0.50913256
../data/train_data_mmini/10/Train_0045.jpg	10	-1.0,1.0,1.0,1.0,1.0,1.0,-1.0,-1.0	-2.1481454,2.5846553,2.416206,1.9202653,1.9617894,4.106515,-1.6912258,-0.6913827
../data/train_data_mmini/10/Train_0046.jpg	10	-1.0,1.0,1.0,1.0,-1.0,1.0,-1.0,1.0	-1.3136486,2.689991,2.5585706,3.096536,-0.300665,1.2720755,-0.7672804,0.41937706
../data/train_data_mmini/10/Train_0047.jpg	10	-1.0,1.0,1.0,1.0,1.0,1.0,-1.0,-1.0	-0.15852089,1.4341422,1.489824,1.3344896,0.077345535,2.3012075,-2.5533605,-2.6686215
../data/train_data_mmini/10/Train_0048.jpg	10	1.0,1.0,1.0,1.0,1.0,1.0,1.0,1.0	1.0022346,0.7119749,3.8969464,0.22964627,0.9214303,1.4519892,1.4916229,0.40911853
../data/train_data_mmini/10/Train_0049.jpg	10	-1.0,1.0,1.0,1.0,-1.0,1.0,-1.0,-1.0	-0.049746737,0.85020614,3.011152,1.9262758,-0.8268888,1.9754456,-1.1664065,-2.2072606
