../data/train_data_mmini/1/Train_0000.jpg	1	1.0,1.0,-1.0,1.0,1.0,1.0,1.0,1.0,-1.0,1.0,-1.0,-1.0,-1.0,1.0,1.0,-1.0,1.0,-1.0,-1.0,1.0,-1.0,-1.0,-1.0,-1.0	4.1313586,6.0638666,-0.26636803,5.3158154,4.1020412,2.4536607,9.143214,2.0274785,-0.72828794,7.9820156,-2.6010818,-0.4307242,-1.0206933,10.29584,0.37683418,-6.9479012,5.0507765,-2.37894,-3.2297215,4.1305084,-5.7192044,-7.5501533,-1.5556754,-3.8224494
../data/train_data_mmini/1/Train_0001.jpg	1	1.0,1.0,1.0,1.0,1.0,1.0,1.0,1.0,-1.0,1.0,1.0,1.0,-1.0,1.0,-1.0,-1.0,1.0,-1.0,-1.0,1.0,-1.0,-1.0,1.0,-1.0	0.4978102,6.7087955,2.0546722,2.0102453,7.1040406,1.8092148,7.802533,0.54249907,-0.042449843,7.866335,0.20403506,1.7346685,-1.5288604,7.0823674,-0.4211655,-3.8937018,3.3087986,-0.94497263,-1.3856905,5.519273,-5.755094,-5.524312,0.49885142,-3.8401623
../data/train_data_mmini/1/Train_0002.jpg	1	-1.0,1.0,1.0,-1.0,1.0,-1.0,1.0,-1.0,1.0,1.0,1.0,1.0,-1.0,1.0,1.0,-1.0,1.0,1.0,1.0,1.0,-1.0,-1.0,1.0,-1.0	-3.0582674,3.8017015,2.3232007,-3.217628,5.490654,-1.0421232,4.0533924,-0.09624416,0.45842218,6.261524,4.338378,0.22509196,-3.2955732,2.2191572,1.3470992,-0.29025054,0.22562486,0.32655856,0.6520583,2.902533,-1.7549841,-1.0382262,2.8281424,-1.0948561
../data/train_data_mmini/1/Train_0003.jpg	1	1.0,1.0,-1.0,1.0,1.0,1.0,1.0,1.0,-1.0,1.0,-1.0,-1.0,1.0,1.0,-1.0,-1.0,1.0,-1.0,-1.0,1.0,-1.0,-1.0,-1.0,-1.0	5.4858217,5.7490525,-1.3943323,7.5947604,4.4523354,4.001275,10.824114,2.3628767,-0.60274243,8.039912,-5.624377,-0.42039156,0.24300386,12.119974,-1.438217,-8.569593,6.284846,-2.6474597,-5.526638,4.939235,-7.4155455,-9.453101,-2.0151973,-5.453715
../data/train_data_mmini/1/Train_0004.jpg	1	1.0,1.0,1.0,1.0,1.0,1.0,1.0,1.0,-1.0,1.0,-1.0,-1.0,-1.0,1.0,1.0,-1.0,1.0,-1.0,-1.0,1.0,-1.0,-1.0,-1.0,-1.0	2.990957,6.0668607,0.7876114,4.118896,5.324059,2.2457058,8.672573,1.5447162,-0.6631397,7.5002556,-1.2663563,-0.043154303,-1.7443681,9.574741,0.7759863,-6.3823667,4.112207,-1.7775307,-3.0332885,4.57636,-5.5644975,-7.9954104,-0.7056333,-3.840707
../data/train_data_mmini/2/Train_0005.jpg	2	-1.0,1.0,1.0,-1.0,1.0,1.0,1.0,-1.0,1.0,1.0,1.0,1.0,-1.0,1.0,-1.0,-1.0,-1.0,1.0,-1.0,1.0,-1.0,-1.0,1.0,-1.0	-3.6884832,4.512733,3.9190102,-1.8264352,9.955592,2.3849137,6.0318356,-0.3845912,1.7857322,4.6218486,2.5535874,1.3715769,-1.8333365,4.524589,-0.60951626,-1.7430788,-0.18973766,0.86648065,-2.2328749,6.0807447,-5.241355,-5.2403617,3.2184896,-4.557186
../data/train_data_mmini/2/Train_0006.jpg	2	-1.0,1.0,1.0,-1.0,1.0,1.0,1.0,-1.0,1.0,1.0,1.0,1.0,-1.0,1.0,-1.0,-1.0,-1.0,1.0,-1.0,1.0,-1.0,-1.0,1.0,-1.0	-3.7020576,1.5713696,3.3846722,-2.112803,8.41632,1.0318403,3.8230908,-0.13268244,2.0728624,1.7277508,2.654058,1.4189863,-0.69233674,2.0773213,-0.2593242,-0.79060584,-1.9017963,0.9605351,-1.8193396,4.1624894,-2.84066,-4.3992624,3.732377,-3.2107322
../data/train_data_mmini/2/Train_0007.jpg	2	1.0,1.0,-1.0,1.0,1.0,1.0,1.0,1.0,-1.0,1.0,-1.0,-1.0,-1.0,1.0,1.0,-1.0,1.0,-1.0,-1.0,1.0,-1.0,-1.0,-1.0,-1.0	6.6820054,7.8041706,-0.77325624,8.539314,4.326188,4.5712314,11.841525,2.9741385,-1.4036665,9.260738,-4.6161647,-0.39782733,-0.47253558,14.114339,0.10862196,-9.907083,7.0700607,-3.0588877,-4.633844,5.162578,-8.021099,-10.817891,-3.1544542,-5.313959
../data/train_data_mmini/2/Train_0008.jpg	2	-1.0,1.0,1.0,-1.0,1.0,1.0,1.0,1.0,1.0,1.0,1.0,1.0,-1.0,1.0,1.0,-1.0,-1.0,-1.0,1.0,1.0,-1.0,-1.0,1.0,-1.0	-2.5726385,4.622737,3.6300747,-1.660962,7.3092256,0.6008576,4.0955615,0.48261297,0.4522978,4.5230355,4.6590843,0.33208334,-3.112287,3.912888,2.641245,-1.8650587,-0.47141984,-0.017368378,0.5149358,3.8421926,-2.5429676,-4.4883866,2.1462533,-1.956903
../data/train_data_mmini/2/Train_0009.jpg	2	-1.0,1.0,1.0,1.0,1.0,1.0,1.0,1.0,1.0,1.0,-1.0,1.0,-1.0,1.0,-1.0,-1.0,1.0,-1.0,-1.0,1.0,-1.0,-1.0,1.0,-1.0	-0.57919186,6.192823,2.756392,2.0805938,10.017437,3.8179402,9.434082,0.7694517,1.7041955,6.156613,-0.43108818,0.9275692,-1.368091,8.663013,-0.9040741,-4.925198,2.3008232,-0.7480514,-3.6676455,7.163809,-7.3146553,-8.291158,1.1921506,-5.5702395
../data/train_data_mmini/3/Train_0010.jpg	3	-1.0,1.0,1.0,-1.0,1.0,1.0,1.0,-1.0,1.0,1.0,1.0,1.0,-1.0,1.0,1.0,-1.0,-1.0,1.0,1.0,1.0,-1.0,-1.0,1.0,-1.0	-4.678025,4.439119,4.800822,-3.0087721,9.725065,1.4713788,4.023495,-1.4513428,1.5097463,3.1479163,4.4873924,2.5938165,-2.1329134,1.4621147,0.7228186,-0.035521105,-1.2432659,1.5633745,0.48412058,5.4723034,-4.157313,-4.2437716,3.072043,-3.2976382
../data/train_data_mmini/3/Train_0011.jpg	3	-1.0,1.0,1.0,-1.0,1.0,-1.0,1.0,-1.0,1.0,1.0,1.0,1.0,-1.0,-1.0,1.0,1.0,-1.0,1.0,1.0,1.0,-1.0,1.0,1.0,1.0	-5.7980003,5.0183687,4.957855,-6.395601,6.2900743,-2.0648282,3.0151622,-1.4249337,0.37589735,6.2128386,7.8406754,1.474256,-4.6349344,-0.55395347,3.223217,2.6860204,-0.8204467,1.444895,3.7994628,3.2802877,-1.0840431,1.186918,3.1617136,0.037159733
../data/train_data_mmini/3/Train_0012.jpg	3	-1.0,1.0,1.0,-1.0,1.0,-1.0,1.0,-1.0,1.0,1.0,1.0,1.0,-1.0,1.0,-1.0,1.0,1.0,1.0,-1.0,1.0,-1.0,-1.0,1.0,-1.0	-3.5952353,3.514332,2.6743102,-3.3254557,8.613255,-0.4691347,5.4988565,-0.92042506,1.6238872,6.112918,2.244262,1.0827751,-2.427316,2.5445044,-1.2077446,0.054316655,0.2910108,0.5051901,-2.1218238,4.522644,-3.236504,-2.449416,3.3780663,-2.619937
../data/train_data_mmini/3/Train_0013.jpg	3	-1.0,1.0,1.0,-1.0,1.0,1.0,1.0,-1.0,1.0,1.0,1.0,1.0,-1.0,-1.0,1.0,1.0,-1.0,1.0,1.0,1.0,-1.0,-1.0,1.0,-1.0	-7.478886,1.8473673,5.1206565,-5.964564,10.445753,0.055537544,1.9599715,-1.1664381,2.559486,1.4351547,6.4236717,1.6058513,-2.2418153,-0.13912804,1.1013099,1.6800561,-4.016773,1.8120115,0.28552172,4.4068594,-1.602122,-2.336202,5.99961,-2.2469664
../data/train_data_mmini/3/Train_0014.jpg	3	-1.0,1.0,1.0,-1.0,1.0,1.0,1.0,-1.0,1.0,1.0,1.0,1.0,-1.0,1.0,1.0,-1.0,-1.0,1.0,1.0,1.0,-1.0,-1.0,1.0,-1.0	-4.2039156,5.4675646,5.109494,-2.2692347,9.24463,1.8307317,5.78207,-0.56089973,1.4182574,4.2918468,4.707906,1.5618082,-2.894967,3.9494357,1.4813838,-1.1275976,-0.56484765,0.6693684,0.09140001,5.6555924,-4.7079253,-5.127349,2.4601219,-3.3646526
../data/train_data_mmini/4/Train_0015.jpg	4	-1.0,1.0,1.0,-1.0,1.0,-1.0,1.0,1.0,1.0,1.0,1.0,-1.0,-1.0,1.0,1.0,-1.0,1.0,-1.0,-1.0,1.0,-1.0,-1.0,1.0,-1.0	-1.732417,3.6749816,2.264573,-1.4709495,6.305891,-0.44652864,4.834018,0.5035548,0.4168639,6.35348,2.9882185,-0.63446254,-3.134776,4.3197103,0.86806804,-2.1454766,0.49654135,-0.49813676,-1.0191439,3.3873558,-2.080425,-3.051371,2.179431,-1.7831624
../data/train_data_mmini/4/Train_0016.jpg	4	-1.0,1.0,1.0,-1.0,1.0,1.0,1.0,-1.0,1.0,1.0,1.0,1.0,-1.0,1.0,-1.0,-1.0,1.0,1.0,-1.0,1.0,-1.0,-1.0,1.0,-1.0	-2.6001136,5.025886,2.5027013,-1.1833059,7.746641,1.7643411,5.958068,-0.42187938,1.4270424,5.7993326,1.4627404,1.1250399,-1.771226,3.9680855,-0.88170487,-0.9882669,1.4729865,0.061762728,-1.2930517,5.1058736,-4.975597,-3.045695,1.9651326,-3.3344612
../data/train_data_mmini/4/Train_0017.jpg	4	-1.0,1.0,1.0,-1.0,1.0,-1.0,1.0,-1.0,1.0,1.0,1.0,1.0,-1.0,-1.0,-1.0,1.0,-1.0,1.0,-1.0,1.0,-1.0,-1.0,1.0,-1.0	-5.935331,2.7095387,4.2575865,-5.4922395,9.251534,-0.5680298,3.623453,-1.4711609,2.1051223,4.071585,4.8387003,2.2116196,-2.410822,-0.053776864,-0.3426243,2.102041,-1.541686,1.6305753,-0.016789708,4.766108,-2.3364284,-0.83735436,4.5829077,-2.3067727
../data/train_data_mmini/4/Train_0018.jpg	4	-1.0,1.0,1.0,-1.0,1.0,1.0,1.0,-1.0,1.0,1.0,1.0,1.0,-1.0,1.0,1.0,-1.0,1.0,1.0,1.0,1.0,-1.0,-1.0,1.0,-1.0	-3.499236,5.31177,4.118699,-2.3296628,7.777712,1.5458316,4.6971254,-0.7907783,0.8386884,4.971989,4.454234,0.9720014,-3.11846,3.5228314,1.4789392,-0.65000254,0.01890788,0.8344771,0.5867278,4.996284,-4.058421,-3.4963052,1.8589797,-2.6732259
../data/train_data_mmini/4/Train_0019.jpg	4	-1.0,1.0,1.0,-1.0,1.0,1.0,1.0,-1.0,1.0,1.0,1.0,1.0,-1.0,1.0,-1.0,1.0,-1.0,1.0,-1.0,1.0,-1.0,-1.0,1.0,-1.0	-5.68291,0.5413434,3.75811,-4.1550107,10.099342,0.5189851,2.903039,-0.7148292,2.550161,1.1022053,3.566619,1.8471438,-0.8581526,0.51029986,-1.0800408,0.28792417,-3.1171315,1.996105,-2.667505,4.4410653,-2.2626147,-3.6015956,5.9363804,-3.4372318
../data/train_data_mmini/5/Train_0020.jpg	5	1.0,1.0,-1.0,1.0,1.0,1.0,1.0,1.0,-1.0,1.0,-1.0,1.0,1.0,1.0,-1.0,-1.0,1.0,-1.0,-1.0,1.0,-1.0,-1.0,-1.0,-1.0	4.955058,6.6860313,-0.539947,7.171337,5.935561,4.5893087,11.311711,2.3753667,-0.3978422,8.313576,-4.805442,0.17303222,0.030649109,12.755799,-1.4676145,-8.79802,6.0158234,-2.3280773,-5.4519715,5.8104553,-8.236103,-10.131884,-1.781267,-6.010661
../data/train_data_mmini/5/Train_0021.jpg	5	-1.0,1.0,1.0,1.0,1.0,1.0,1.0,1.0,1.0,1.0,1.0,-1.0,-1.0,1.0,1.0,-1.0,1.0,-1.0,-1.0,1.0,-1.0,-1.0,1.0,-1.0	-0.2288479,5.8739977,2.6271448,1.3418374,7.176624,1.2780747,7.652736,1.2288787,0.20644502,6.6640663,2.0622883,-0.19739446,-3.0097136,7.6894226,1.921762,-4.492785,1.4302896,-1.3062067,-1.1783319,4.7015076,-4.466243,-6.700443,1.0196481,-3.1059742
../data/train_data_mmini/5/Train_0022.jpg	5	1.0,1.0,1.0,1.0,1.0,1.0,1.0,1.0,1.0,1.0,-1.0,1.0,-1.0,1.0,-1.0,-1.0,1.0,-1.0,-1.0,1.0,-1.0,-1.0,-1.0,-1.0	3.210644,5.395226,0.57375646,5.516414,6.278235,4.0349445,9.267577,2.1417515,0.035013057,5.7869186,-2.794008,0.03256432,-0.038145065,10.78029,-0.32314578,-7.6993837,3.6229265,-1.9260768,-4.501159,5.1269217,-6.6245875,-9.7458515,-0.81625044,-5.161532
../data/train_data_mmini/5/Train_0023.jpg	5	1.0,1.0,-1.0,1.0,1.0,1.0,1.0,1.0,-1.0,1.0,-1.0,-1.0,1.0,1.0,-1.0,-1.0,1.0,-1.0,-1.0,1.0,-1.0,-1.0,-1.0,-1.0	6.8273087,5.912058,-1.7180178,9.158602,3.759899,4.763013,11.276795,3.1521742,-0.97794044,7.632285,-6.032092,-0.7630723,0.4924899,13.819358,-1.0564938,-9.832913,6.54867,-3.1807709,-5.577751,4.8416266,-7.6821523,-10.666757,-2.9885738,-5.4530525
../data/train_data_mmini/5/Train_0024.jpg	5	1.0,1.0,1.0,1.0,1.0,1.0,1.0,1.0,-1.0,1.0,-1.0,-1.0,-1.0,1.0,1.0,-1.0,1.0,-1.0,-1.0,1.0,-1.0,-1.0,-1.0,-1.0	2.1062584,6.572176,1.0034418,3.2057533,6.4508057,2.2804263,9.287003,1.2291498,-0.24284753,8.242098,-1.0737681,-0.13593464,-2.1182463,9.227517,0.28208247,-5.8179936,4.0542426,-1.4867424,-3.0901535,5.0275564,-6.0942407,-7.377896,-0.26512605,-4.242482
../data/train_data_mmini/6/Train_0025.jpg	6	-1.0,1.0,1.0,-1.0,1.0,1.0,1.0,-1.0,1.0,1.0,1.0,1.0,-1.0,1.0,-1.0,1.0,-1.0,1.0,-1.0,1.0,-1.0,-1.0,1.0,-1.0	-7.5220604,1.9953004,4.846585,-5.7252398,11.423831,1.183457,4.8913727,-2.0725212,3.3741379,2.628019,3.4727407,2.5751042,-1.7795731,0.08825291,-1.8968899,1.4429408,-2.4475057,2.338624,-2.1555908,5.8218346,-4.772405,-2.7720404,5.47003,-4.1738634
../data/train_data_mmini/6/Train_0026.jpg	6	1.0,1.0,1.0,1.0,1.0,1.0,1.0,1.0,-1.0,1.0,1.0,1.0,-1.0,1.0,1.0,-1.0,1.0,-1.0,-1.0,1.0,-1.0,-1.0,-1.0,-1.0	1.6659548,8.634817,2.663173,2.5003173,6.915139,2.4775102,9.030884,0.19385304,-0.7227926,9.804447,0.2552899,1.8195814,-2.6631355,8.441034,0.2903336,-4.512881,5.0206304,-0.55573475,-1.3321623,6.2594314,-6.7303367,-5.8528023,-0.6267257,-4.1163864
../data/train_data_mmini/6/Train_0027.jpg	6	-1.0,1.0,1.0,-1.0,1.0,1.0,1.0,-1.0,1.0,1.0,1.0,1.0,-1.0,1.0,1.0,1.0,-1.0,1.0,1.0,1.0,-1.0,-1.0,1.0,-1.0	-5.894874,4.5964346,5.2238836,-4.4345684,9.885832,1.0949122,4.366778,-1.8749648,1.9179491,3.9521263,5.0527334,2.6231208,-2.716282,0.79492176,0.17868118,1.6766894,-1.2299994,1.6117347,1.1211386,5.400582,-4.224832,-2.2405596,3.2817924,-2.6391888
../data/train_data_mmini/6/Train_0028.jpg	6	-1.0,1.0,1.0,-1.0,1.0,1.0,1.0,-1.0,-1.0,1.0,1.0,1.0,-1.0,1.0,1.0,-1.0,1.0,-1.0,1.0,1.0,-1.0,-1.0,1.0,-1.0	-1.9027978,7.1856804,3.9637165,-1.4524864,6.516578,0.6825767,6.3102617,-0.0010124028,-0.14614709,7.06775,4.96895,1.0514265,-4.238752,4.567777,3.2847035,-1.3198495,1.6008933,-0.12858112,2.1978664,4.14385,-4.032837,-3.6215801,0.8218578,-1.6352752
../data/train_data_mmini/6/Train_0029.jpg	6	-1.0,1.0,1.0,-1.0,1.0,1.0,1.0,-1.0,1.0,1.0,1.0,1.0,-1.0,1.0,-1.0,-1.0,-1.0,1.0,-1.0,1.0,-1.0,-1.0,1.0,-1.0	-6.2111187,1.2437525,3.7194242,-4.455988,11.598669,1.5344536,4.4922204,-1.1149163,3.5534704,2.256156,2.4240131,1.1450765,-1.2353537,1.5084305,-1.777292,-0.2484603,-2.6240513,1.5911574,-3.218805,5.688786,-3.998129,-4.270199,5.871331,-4.2900615
../data/train_data_mmini/7/Train_0030.jpg	7	1.0,1.0,1.0,1.0,1.0,1.0,1.0,1.0,1.0,1.0,-1.0,1.0,-1.0,1.0,-1.0,-1.0,1.0,-1.0,-1.0,1.0,-1.0,-1.0,1.0,-1.0	0.2204397,5.423817,1.8103093,2.8683696,8.875333,3.6694229,9.351522,1.1322747,1.5530643,6.3870926,-1.8134319,0.70713896,-0.60585505,9.2412195,-1.9113592,-5.2879047,2.6394491,-1.0523553,-4.726156,6.3574853,-7.168589,-8.143735,1.0691464,-5.718686
../data/train_data_mmini/7/Train_0031.jpg	7	-1.0,1.0,1.0,-1.0,1.0,1.0,1.0,-1.0,1.0,1.0,1.0,1.0,-1.0,1.0,-1.0,-1.0,1.0,1.0,-1.0,1.0,-1.0,-1.0,1.0,-1.0	-4.100996,5.8632674,4.8870664,-1.487467,12.579005,3.6287675,7.6976266,-0.52049035,2.4946415,5.1257944,3.045025,1.714433,-1.887883,5.9112873,-0.20880266,-2.3360322,0.06149079,0.79151887,-1.9960486,7.6496954,-7.0216074,-7.1538143,2.842568,-5.5339074
../data/train_data_mmini/7/Train_0032.jpg	7	-1.0,1.0,1.0,-1.0,1.0,-1.0,1.0,-1.0,1.0,1.0,1.0,1.0,-1.0,-1.0,1.0,1.0,-1.0,1.0,1.0,1.0,-1.0,1.0,1.0,-1.0	-9.4201,4.5547705,7.3880925,-8.482657,10.277206,-0.9273735,2.1850162,-2.0641015,1.9281423,3.9431043,9.701226,2.157902,-4.5801716,-1.2412864,2.7504056,3.732987,-3.3646283,2.3413095,3.5158365,5.0408235,-1.8408109,0.06754247,5.302188,-1.0096004
../data/train_data_mmini/7/Train_0033.jpg	7	1.0,1.0,1.0,1.0,1.0,1.0,1.0,1.0,1.0,1.0,-1.0,1.0,-1.0,1.0,-1.0,-1.0,1.0,-1.0,-1.0,1.0,-1.0,-1.0,1.0,-1.0	0.04870477,7.3287888,2.612389,1.8496144,9.407168,3.9010708,9.610716,0.13758695,1.0891572,7.28854,-0.7316646,1.8653836,-1.1484612,7.993631,-1.2370086,-4.215051,3.6096418,-0.21969011,-2.9494035,7.02044,-8.076687,-7.543502,0.6702218,-5.7256556
../data/train_data_mmini/7/Train_0034.jpg	7	-1.0,1.0,1.0,-1.0,1.0,-1.0,1.0,-1.0,1.0,1.0,1.0,1.0,-1.0,-1.0,1.0,1.0,-1.0,1.0,1.0,1.0,-1.0,-1.0,1.0,-1.0	-7.300566,5.5145564,6.5241714,-7.119741,8.333521,-0.7468929,3.0260446,-2.1128368,0.6367223,4.9289536,8.956504,1.897842,-4.7170367,-1.0906627,3.6307738,2.9852412,-1.826041,2.1584313,4.2424397,4.231485,-2.0087721,-0.31974414,3.4453197,-0.7820779
../data/train_data_mmini/8/Train_0035.jpg	8	-1.0,1.0,1.0,-1.0,1.0,1.0,1.0,1.0,1.0,1.0,1.0,1.0,-1.0,1.0,1.0,-1.0,-1.0,1.0,-1.0,1.0,-1.0,-1.0,1.0,-1.0	-4.249558,4.1116037,4.5301323,-1.6900297,10.561367,2.1152136,6.0536594,0.0724027,2.3864539,3.3747087,3.4858422,0.88255256,-2.1301293,4.631624,0.4589351,-2.2466505,-1.3865563,0.34347665,-1.6716354,6.011294,-4.6111445,-6.153879,3.1875117,-4.0135627
../data/train_data_mmini/8/Train_0036.jpg	8	-1.0,1.0,1.0,-1.0,1.0,1.0,1.0,-1.0,1.0,1.0,1.0,1.0,-1.0,1.0,-1.0,-1.0,-1.0,1.0,-1.0,1.0,-1.0,-1.0,1.0,-1.0	-4.5979285,6.155203,5.133355,-2.1000867,12.470267,3.667331,8.113718,-0.6134235,2.627219,5.488857,3.499659,1.6710777,-2.29743,5.538265,-0.31731993,-2.2089508,-0.06613102,1.1070648,-2.276859,7.6682625,-7.177734,-6.87668,3.037444,-5.5826073
../data/train_data_mmini/8/Train_0037.jpg	8	-1.0,1.0,1.0,-1.0,1.0,1.0,1.0,-1.0,1.0,1.0,1.0,1.0,-1.0,1.0,1.0,1.0,1.0,1.0,1.0,1.0,-1.0,-1.0,1.0,-1.0	-4.4422474,8.331717,5.380861,-3.8577783,10.814584,0.9106073,7.3392034,-1.4550027,0.9619702,8.438357,5.847736,2.3127422,-4.8047786,3.7592943,1.695886,0.022109477,1.1404829,1.0749676,1.7908162,6.7270803,-5.382133,-3.1451461,2.5971372,-3.0296807
../data/train_data_mmini/8/Train_0038.jpg	8	-1.0,1.0,1.0,-1.0,1.0,1.0,1.0,1.0,1.0,1.0,1.0,1.0,-1.0,1.0,-1.0,-1.0,-1.0,1.0,-1.0,1.0,-1.0,-1.0,1.0,-1.0	-3.7339978,4.1905932,3.9347043,-1.4112779,10.631549,2.313268,6.162606,0.005901527,2.053013,4.0922675,2.639297,0.8833124,-1.8671539,4.6674037,-0.11483969,-2.4377198,-0.9507607,0.24869695,-1.9981989,6.227471,-5.0736895,-6.1922355,3.0440834,-4.2722373
../data/train_data_mmini/8/Train_0039.jpg	8	-1.0,1.0,1.0,-1.0,1.0,1.0,1.0,-1.0,1.0,1.0,1.0,1.0,-1.0,1.0,1.0,1.0,-1.0,1.0,-1.0,1.0,-1.0,-1.0,1.0,-1.0	-7.122664,3.9932034,5.782126,-4.908285,12.908906,1.3191161,5.519144,-1.1458889,3.2150717,3.4542708,5.69588,1.8344284,-2.6421149,2.5137813,0.28384677,0.0016409368,-2.8421483,1.5270464,-1.0421793,6.6653566,-4.492301,-5.117983,5.627143,-3.904616
../data/train_data_mmini/9/Train_0040.jpg	9	1.0,1.0,1.0,1.0,1.0,1.0,1.0,1.0,1.0,1.0,1.0,1.0,-1.0,1.0,1.0,-1.0,1.0,-1.0,-1.0,1.0,-1.0,-1.0,1.0,-1.0	0.88739794,6.463196,1.8644638,2.0274034,7.5126476,1.7865217,8.679479,1.309003,0.004575127,8.037359,0.6499662,0.14647906,-2.6132276,8.655459,0.73210704,-5.38746,2.8626769,-1.2376677,-2.472439,5.06421,-5.187139,-7.1628976,0.90808296,-3.9062004
../data/train_data_mmini/9/Train_0041.jpg	9	-1.0,1.0,1.0,-1.0,1.0,1.0,1.0,-1.0,1.0,1.0,1.0,1.0,-1.0,1.0,1.0,-1.0,1.0,1.0,-1.0,1.0,-1.0,-1.0,1.0,-1.0	-4.037084,7.138454,4.918978,-1.675101,11.316099,3.0862648,7.635561,-1.1403037,1.4520907,5.9016347,3.4982183,3.1471756,-2.1249852,4.896436,0.016976826,-1.1084417,0.8248152,1.2080864,-0.6070034,7.182529,-7.1043105,-5.770628,2.5098155,-4.7362733
../data/train_data_mmini/9/Train_0042.jpg	9	-1.0,1.0,1.0,-1.0,1.0,-1.0,1.0,-1.0,1.0,1.0,1.0,-1.0,-1.0,1.0,1.0,-1.0,1.0,-1.0,-1.0,1.0,-1.0,-1.0,1.0,-1.0	-2.5743449,5.041123,2.9925447,-2.552343,7.50601,-0.6650966,5.371301,-0.14058377,0.20571263,7.5021343,4.074658,-0.0045964736,-4.213486,3.9422655,1.4471883,-1.4406595,0.5580933,-0.18619522,-0.2844779,3.974923,-2.4723382,-2.890853,2.849374,-1.8365791
../data/train_data_mmini/9/Train_0043.jpg	9	-1.0,1.0,1.0,1.0,1.0,1.0,1.0,1.0,1.0,1.0,1.0,1.0,-1.0,1.0,1.0,-1.0,1.0,-1.0,-1.0,1.0,-1.0,-1.0,1.0,-1.0	-0.42818812,5.4507747,2.7888317,1.9578416,8.764618,3.0766766,8.182148,1.4335586,1.012291,5.541602,0.8281195,0.43116564,-1.6735609,8.567354,0.6259945,-5.370993,1.3548317,-0.9275361,-2.7759364,5.685027,-5.716171,-8.316431,1.2869911,-4.640506
../data/train_data_mmini/9/Train_0044.jpg	9	-1.0,1.0,1.0,-1.0,1.0,1.0,1.0,-1.0,1.0,1.0,1.0,1.0,-1.0,1.0,-1.0,-1.0,-1.0,1.0,-1.0,1.0,-1.0,-1.0,1.0,-1.0	-4.0888453,2.0780191,2.8664079,-2.4282715,10.72542,1.0824579,5.848428,-0.3945322,2.797249,3.7918794,1.210098,1.14507,-1.1473874,3.3447764,-2.0299876,-1.6221987,-0.9871472,0.60421336,-3.8787985,5.481166,-4.2415366,-4.8305173,4.7619,-4.500232
../data/train_data_mmini/10/Train_0045.jpg	10	-1.0,1.0,1.0,-1.0,1.0,1.0,1.0,-1.0,1.0,1.0,1.0,1.0,-1.0,-1.0,1.0,1.0,-1.0,1.0,1.0,1.0,-1.0,-1.0,1.0,-1.0	-11.226669,2.053226,7.763984,-9.7104025,13.07556,0.335387,1.745984,-2.581827,3.3549588,1.1831092,8.904322,2.8730116,-2.9436462,-2.8827453,1.441354,4.312448,-5.3770013,3.2865517,1.7394757,5.962702,-2.2595813,-1.0229295,7.077766,-2.4590404
../data/train_data_mmini/10/Train_0046.jpg	10	-1.0,1.0,1.0,-1.0,1.0,-1.0,1.0,-1.0,1.0,1.0,1.0,1.0,-1.0,-1.0,1.0,1.0,-1.0,1.0,1.0,1.0,-1.0,1.0,1.0,-1.0	-6.6203213,0.96583873,3.968614,-6.7172832,6.815626,-1.5813237,0.89159805,-1.790019,1.9066509,2.2305741,5.431833,1.3922796,-2.3346858,-2.4566681,0.6144622,3.2695549,-2.6760175,1.587277,1.2083,2.6044679,-0.05217128,1.0197809,4.782039,-0.3040832
../data/train_data_mmini/10/Train_0047.jpg	10	-1.0,1.0,1.0,-1.0,1.0,1.0,1.0,-1.0,1.0,1.0,1.0,1.0,-1.0,1.0,1.0,1.0,-1.0,1.0,1.0,1.0,-1.0,-1.0,1.0,-1.0	-9.803117,3.9099643,7.660152,-7.908403,13.915671,0.7788805,3.832801,-2.0551744,3.2237105,3.0274549,8.840243,2.1495848,-4.0992723,0.046133053,1.7046572,2.1525712,-4.44038,2.5864675,0.86235297,6.8351393,-3.6536577,-3.2520058,6.749019,-3.1125786
../data/train_data_mmini/10/Train_0048.jpg	10	-1.0,-1.0,1.0,-1.0,1.0,1.0,1.0,-1.0,1.0,-1.0,1.0,1.0,-1.0,-1.0,-1.0,1.0,-1.0,1.0,-1.0,1.0,-1.0,-1.0,1.0,-1.0	-10.448043,-0.7054764,5.609632,-7.8600693,14.131854,1.57567,2.7401953,-1.8080301,4.8574815,-0.9570855,4.8640294,1.677706,-0.9916315,-0.93386257,-1.6083571,1.6360791,-5.735462,2.83491,-3.6307182,6.293959,-3.4454181,-3.8132832,8.065087,-4.3965445
../data/train_data_mmini/10/Train_0049.jpg	10	-1.0,1.0,1.0,-1.0,1.0,1.0,1.0,-1.0,1.0,1.0,1.0,1.0,-1.0,1.0,1.0,1.0,-1.0,1.0,1.0,1.0,-1.0,-1.0,1.0,-1.0	-7.18615,4.3959804,6.1605067,-5.4349995,11.973619,0.46963227,4.970986,-1.3078767,2.4257581,3.9293065,6.837041,2.0548496,-3.6341255,1.5677452,1.0712904,0.8045109,-2.8574383,1.467371,0.46941057,6.06953,-3.6076179,-3.7014036,5.305681,-2.7786028
