../data/train_data_mmini/1/Train_0000.jpg	1	-1.0,-1.0,-1.0,-1.0,1.0,-1.0,1.0,1.0	-0.25228748,-2.902668,-2.566835,-1.1127164,0.1236892,-0.40366307,2.856546,0.01788269
../data/train_data_mmini/1/Train_0001.jpg	1	1.0,-1.0,-1.0,-1.0,1.0,-1.0,1.0,-1.0	0.30356765,-1.3568289,-1.7009869,-0.26863563,0.17965704,-0.45612863,1.7794528,-0.18110631
../data/train_data_mmini/1/Train_0002.jpg	1	1.0,1.0,-1.0,1.0,1.0,-1.0,-1.0,-1.0	0.2715032,0.3476972,-0.41934446,0.5341037,0.59826505,-0.0416111,-0.04295628,-0.7688645
../data/train_data_mmini/1/Train_0003.jpg	1	-1.0,-1.0,-1.0,-1.0,1.0,-1.0,1.0,1.0	-0.295353,-3.4637208,-2.998419,-1.3757191,0.014653526,-0.4955225,3.4250412,0.19041719
../data/train_data_mmini/1/Train_0004.jpg	1	-1.0,-1.0,-1.0,-1.0,-1.0,-1.0,1.0,1.0	-0.0690422,-2.5266638,-2.4342535,-0.43215978,-0.021112151,-0.93457645,3.3135161,0.17655571
../data/train_data_mmini/2/Train_0005.jpg	2	1.0,1.0,-1.0,1.0,1.0,-1.0,-1.0,-1.0	0.1058907,0.5507297,-0.09312415,0.35662425,0.6970993,-0.07393819,-0.4220642,-0.3264718
../data/train_data_mmini/2/Train_0006.jpg	2	-1.0,-1.0,-1.0,1.0,1.0,1.0,1.0,-1.0	-0.3286615,-0.5066552,-0.4123253,0.045163497,0.232375,1.1536618,0.19935009,-1.0339928
../data/train_data_mmini/2/Train_0007.jpg	2	-1.0,-1.0,-1.0,-1.0,-1.0,-1.0,1.0,1.0	-0.5670083,-3.9617527,-3.1200507,-1.1289442,-0.038479947,-0.82443607,4.48039,0.47261876
../data/train_data_mmini/2/Train_0008.jpg	2	-1.0,-1.0,-1.0,1.0,1.0,1.0,1.0,-1.0	-0.5774596,-1.0128968,-0.25436026,0.25680298,0.48815778,0.8087982,0.9508558,-0.78936976
../data/train_data_mmini/2/Train_0009.jpg	2	-1.0,-1.0,-1.0,-1.0,1.0,1.0,1.0,-1.0	-0.2692321,-1.0941932,-1.4892877,-0.41379648,0.7844903,0.071222186,0.642218,-0.32220513
../data/train_data_mmini/3/Train_0010.jpg	3	-1.0,1.0,1.0,1.0,1.0,1.0,1.0,-1.0	-0.19271646,0.71104074,0.3980478,1.6415634,0.13473254,0.37087914,0.18137212,-0.7559695
../data/train_data_mmini/3/Train_0011.jpg	3	1.0,1.0,1.0,1.0,1.0,-1.0,-1.0,-1.0	1.1835811,2.8582094,0.29748917,2.2559352,0.22475934,-1.7396744,-0.990748,-0.4133708
../data/train_data_mmini/3/Train_0012.jpg	3	1.0,1.0,-1.0,1.0,1.0,-1.0,-1.0,-1.0	0.6167286,1.0517396,-1.0656282,0.47797996,0.80069524,-1.062819,-0.53232807,-0.4597401
../data/train_data_mmini/3/Train_0013.jpg	3	-1.0,1.0,1.0,1.0,1.0,1.0,-1.0,-1.0	-0.62710357,0.7477692,0.6666317,0.63979256,0.97744244,1.9034171,-1.7274112,-1.6691744
../data/train_data_mmini/3/Train_0014.jpg	3	1.0,1.0,1.0,1.0,1.0,-1.0,-1.0,-1.0	0.20525034,1.0069869,0.0281685,1.2031468,0.41520572,-0.2537752,-0.16549708,-0.70526737
../data/train_data_mmini/4/Train_0015.jpg	4	-1.0,-1.0,-1.0,-1.0,1.0,1.0,1.0,-1.0	-0.3829481,-1.2869614,-1.3897115,-0.40889913,0.7727725,0.038292293,1.136194,-0.60886174
../data/train_data_mmini/4/Train_0016.jpg	4	1.0,-1.0,-1.0,-1.0,1.0,1.0,-1.0,-1.0	0.25653064,-0.068692625,-0.40328398,-0.57904714,0.6208808,0.006871138,-0.25632864,-0.24081059
../data/train_data_mmini/4/Train_0017.jpg	4	-1.0,1.0,1.0,1.0,1.0,1.0,-1.0,-1.0	-0.00077705644,2.0318668,0.59015787,0.99491245,0.76685816,0.44481498,-2.2897341,-0.89654046
../data/train_data_mmini/4/Train_0018.jpg	4	-1.0,1.0,-1.0,1.0,1.0,-1.0,1.0,-1.0	-0.10267361,0.12206574,-0.08019385,0.2566082,0.3466076,-0.11288792,0.22817087,-0.32336605
../data/train_data_mmini/4/Train_0019.jpg	4	1.0,1.0,-1.0,1.0,1.0,1.0,-1.0,-1.0	0.055084534,0.30202603,-0.059228152,0.7031731,0.4026263,0.7563791,-0.048277456,-0.7555272
../data/train_data_mmini/5/Train_0020.jpg	5	-1.0,-1.0,-1.0,-1.0,1.0,-1.0,1.0,1.0	-0.21374463,-3.1457572,-2.7694714,-0.9989385,0.015134908,-0.6815064,3.6107895,0.35637033
../data/train_data_mmini/5/Train_0021.jpg	5	-1.0,-1.0,-1.0,-1.0,1.0,1.0,1.0,-1.0	-0.2650028,-1.5914319,-1.8448585,-0.23196758,0.48885164,0.05499119,1.4495778,-0.8190646
../data/train_data_mmini/5/Train_0022.jpg	5	-1.0,-1.0,-1.0,-1.0,1.0,-1.0,1.0,1.0	-0.5257576,-3.2779222,-2.4151068,-0.90205675,0.07635934,-0.13475853,3.3757648,0.12479131
../data/train_data_mmini/5/Train_0023.jpg	5	-1.0,-1.0,-1.0,-1.0,-1.0,-1.0,1.0,1.0	-0.61934394,-4.003495,-3.1934495,-1.4709878,-0.14085099,-0.42319065,4.0534277,0.18875192
../data/train_data_mmini/5/Train_0024.jpg	5	1.0,-1.0,-1.0,-1.0,1.0,-1.0,1.0,-1.0	0.056904264,-1.3394046,-2.092722,-0.11510469,0.39213404,-0.97644293,1.9597478,-0.19252832
../data/train_data_mmini/6/Train_0025.jpg	6	1.0,1.0,1.0,1.0,1.0,-1.0,-1.0,-1.0	0.19177602,2.7949157,0.600065,2.0540078,0.69524276,-0.45513266,-2.0067086,-0.7819248
../data/train_data_mmini/6/Train_0026.jpg	6	1.0,-1.0,-1.0,1.0,1.0,-1.0,1.0,1.0	0.51829237,-0.16369344,-1.2581648,0.36882752,0.034493595,-0.96154916,1.1255784,0.2129475
../data/train_data_mmini/6/Train_0027.jpg	6	1.0,1.0,1.0,1.0,1.0,-1.0,-1.0,-1.0	0.50303525,2.5709426,0.47451866,1.8794034,0.3467707,-0.94769984,-1.3157212,-0.49009138
../data/train_data_mmini/6/Train_0028.jpg	6	1.0,1.0,-1.0,1.0,1.0,-1.0,1.0,-1.0	0.7021156,0.7356699,-0.15784907,1.3377795,0.058095522,-0.7393349,0.32209846,-0.51300484
../data/train_data_mmini/6/Train_0029.jpg	6	-1.0,1.0,1.0,1.0,1.0,1.0,-1.0,-1.0	-0.7484041,1.4825463,0.6307887,0.92028373,1.225408,1.0943211,-2.4183483,-1.3700024
../data/train_data_mmini/7/Train_0030.jpg	7	-1.0,-1.0,-1.0,-1.0,1.0,1.0,1.0,-1.0	-0.10781323,-1.941304,-2.0885625,-1.10316,0.51161134,0.009653304,1.4532212,-0.19621672
../data/train_data_mmini/7/Train_0031.jpg	7	-1.0,1.0,-1.0,1.0,1.0,1.0,-1.0,-1.0	-0.64863497,0.2451484,-0.057078242,0.36446005,0.95421547,0.78864545,-0.9147188,-1.0367512
../data/train_data_mmini/7/Train_0032.jpg	7	1.0,1.0,1.0,1.0,1.0,-1.0,-1.0,-1.0	0.46887332,3.375761,0.9499389,2.158712,0.53636366,-0.8000188,-2.4162,-0.71255857
../data/train_data_mmini/7/Train_0033.jpg	7	1.0,-1.0,-1.0,1.0,1.0,-1.0,1.0,1.0	0.647,-0.08801465,-1.2405105,0.16246633,0.12547055,-1.2032315,1.0952195,0.27834094
../data/train_data_mmini/7/Train_0034.jpg	7	1.0,1.0,1.0,1.0,-1.0,-1.0,-1.0,-1.0	1.4697918,3.762488,0.9231545,3.416937,-0.21421555,-2.2400758,-0.8677663,-0.45353138
../data/train_data_mmini/8/Train_0035.jpg	8	-1.0,1.0,-1.0,1.0,1.0,1.0,-1.0,-1.0	-0.5096126,0.37219197,-0.12795958,0.7797372,0.99241394,0.6693074,-0.8639775,-1.1512086
../data/train_data_mmini/8/Train_0036.jpg	8	-1.0,1.0,1.0,1.0,1.0,1.0,-1.0,-1.0	-0.2761534,1.8169662,0.6105257,1.354882,1.0962776,0.26616552,-2.020199,-0.8076864
../data/train_data_mmini/8/Train_0037.jpg	8	1.0,1.0,1.0,1.0,1.0,-1.0,-1.0,-1.0	0.39886808,2.5554812,0.69318485,2.0954337,0.8072008,-0.8330134,-1.8343374,-0.4943902
../data/train_data_mmini/8/Train_0038.jpg	8	-1.0,1.0,-1.0,1.0,1.0,1.0,-1.0,-1.0	-0.46981364,0.13856456,-0.21766463,0.43571717,1.0146252,0.7995366,-0.6229854,-1.1332158
../data/train_data_mmini/8/Train_0039.jpg	8	-1.0,1.0,1.0,1.0,1.0,1.0,-1.0,-1.0	-0.3328359,2.476231,0.8330935,1.8816566,1.0650595,0.34671992,-2.7158833,-1.060021
../data/train_data_mmini/9/Train_0040.jpg	9	-1.0,-1.0,-1.0,-1.0,1.0,-1.0,1.0,-1.0	-0.34086198,-1.8196146,-1.7958807,-0.036089554,0.53826344,-0.302162,2.0623763,-0.4140069
../data/train_data_mmini/9/Train_0041.jpg	9	1.0,1.0,1.0,1.0,1.0,-1.0,-1.0,-1.0	0.56846774,1.2799813,0.024137914,1.3349128,0.3395221,-0.9147756,-0.22821872,-0.02625139
../data/train_data_mmini/9/Train_0042.jpg	9	-1.0,-1.0,-1.0,1.0,1.0,-1.0,1.0,-1.0	-0.20064907,-0.44349682,-0.91809034,0.4839347,0.7398817,-0.44738662,0.9482607,-0.7272369
../data/train_data_mmini/9/Train_0043.jpg	9	-1.0,-1.0,-1.0,-1.0,1.0,1.0,1.0,-1.0	-0.64647293,-1.884094,-1.4105096,-0.2042283,0.6307553,0.53892314,1.6405387,-0.67332643
../data/train_data_mmini/9/Train_0044.jpg	9	-1.0,1.0,-1.0,1.0,1.0,1.0,-1.0,-1.0	-0.5274174,0.57337785,-0.39323696,0.46313065,1.0623014,0.58490646,-0.93816,-1.1665887
../data/train_data_mmini/10/Train_0045.jpg	10	-1.0,1.0,1.0,1.0,1.0,1.0,-1.0,-1.0	-0.19858412,3.8130665,1.5245136,2.4676237,0.6547975,0.06468049,-3.461213,-0.9123606
../data/train_data_mmini/10/Train_0046.jpg	10	1.0,1.0,1.0,1.0,1.0,-1.0,-1.0,-1.0	0.1713991,3.1482222,1.0471569,1.8061825,0.5637106,-0.0816026,-2.578038,-0.9340173
../data/train_data_mmini/10/Train_0047.jpg	10	-1.0,1.0,1.0,1.0,1.0,1.0,-1.0,-1.0	-0.18557607,3.4545693,1.5824757,2.528549,0.88438475,0.3167814,-3.244533,-1.1898485
../data/train_data_mmini/10/Train_0048.jpg	10	-1.0,1.0,1.0,1.0,1.0,1.0,-1.0,-1.0	-0.15239762,3.5895085,1.1302565,2.1294906,0.9622397,0.027212176,-3.2430007,-1.1336067
../data/train_data_mmini/10/Train_0049.jpg	10	-1.0,1.0,1.0,1.0,1.0,1.0,-1.0,-1.0	-0.23693947,2.9218895,1.127638,2.5142825,0.8897986,0.09893191,-2.6372516,-1.105466
