../data/train_data_mmini/1/Train_0000.jpg	1	-1.0,1.0,-1.0,-1.0,1.0,-1.0,1.0,1.0,1.0,1.0,1.0,1.0	-0.034768328,0.17161438,-0.21262984,-0.041099064,0.008602452,-0.25792757,0.09312595,0.2714689,0.21955025,0.1680807,0.0018716161,0.047639355
../data/train_data_mmini/1/Train_0001.jpg	1	1.0,1.0,-1.0,1.0,-1.0,-1.0,-1.0,1.0,1.0,1.0,1.0,-1.0	0.12646003,0.12746757,-0.050984867,0.051277943,-0.36759725,-0.18000364,-0.096140616,0.15497889,0.37128657,0.13598599,0.28415003,-0.18776584
../data/train_data_mmini/1/Train_0002.jpg	1	-1.0,-1.0,-1.0,-1.0,1.0,1.0,1.0,1.0,-1.0,1.0,1.0,1.0	-0.7627164,-0.3197041,-0.042481042,-0.026901534,0.16929944,0.0017056034,0.33618188,0.4865929,-0.24944067,0.101880595,0.38681814,0.038041055
../data/train_data_mmini/1/Train_0003.jpg	1	-1.0,1.0,-1.0,1.0,-1.0,-1.0,-1.0,1.0,1.0,1.0,-1.0,1.0	-0.029813005,0.47976282,-0.31338978,0.22292347,-0.0501798,-0.3129228,-0.40077382,0.2685899,0.5222112,0.42939803,-0.029035896,0.007852495
../data/train_data_mmini/1/Train_0004.jpg	1	-1.0,1.0,-1.0,1.0,1.0,-1.0,1.0,1.0,1.0,1.0,-1.0,1.0	-0.13105913,0.15919209,-0.30349615,0.027511248,0.25074586,-0.24256954,0.034252014,0.046183947,0.352535,0.28498223,-0.18213215,0.1500653
../data/train_data_mmini/2/Train_0005.jpg	2	1.0,-1.0,1.0,1.0,1.0,1.0,-1.0,-1.0,1.0,-1.0,1.0,-1.0	0.030377524,-0.12197745,0.042736195,0.07531298,0.36959544,0.0030752139,-0.036742058,-0.13353108,0.100107186,-0.03810982,0.15533954,-0.2382408
../data/train_data_mmini/2/Train_0006.jpg	2	1.0,-1.0,1.0,-1.0,1.0,-1.0,-1.0,1.0,-1.0,1.0,1.0,-1.0	0.1107714,-0.06985602,0.12358602,-0.14519082,0.26397094,-0.011825515,-0.16678321,0.013917435,-0.11029375,0.004986304,0.08231747,-0.08064896
../data/train_data_mmini/2/Train_0007.jpg	2	-1.0,1.0,-1.0,1.0,1.0,-1.0,-1.0,1.0,1.0,1.0,-1.0,1.0	-0.27419236,0.52319366,-0.4210688,0.1924247,0.30381605,-0.38770202,-0.15451702,0.13906194,0.51549184,0.32620355,-0.29542434,0.073714465
../data/train_data_mmini/2/Train_0008.jpg	2	-1.0,-1.0,-1.0,-1.0,1.0,-1.0,1.0,1.0,1.0,1.0,1.0,1.0	-0.026917143,-0.033275664,-0.18150537,-0.1549729,0.03133891,-0.15943691,0.2545185,0.08522238,0.062537126,0.019511418,0.16795826,0.07054624
../data/train_data_mmini/2/Train_0009.jpg	2	1.0,1.0,-1.0,-1.0,1.0,-1.0,1.0,1.0,1.0,-1.0,-1.0,-1.0	0.102662995,0.020092845,-0.033084936,-0.007031491,0.19071655,-0.019132225,0.081149444,0.025762115,0.06731021,-0.11206539,-0.17501485,-0.23043251
../data/train_data_mmini/3/Train_0010.jpg	3	1.0,1.0,-1.0,1.0,1.0,1.0,-1.0,-1.0,1.0,1.0,1.0,-1.0	0.21743275,0.22568631,-0.08437767,0.10966379,0.03566141,0.049197525,-0.35119146,-0.08073372,0.38362986,0.2572243,0.23714182,-0.09542763
../data/train_data_mmini/3/Train_0011.jpg	3	-1.0,-1.0,1.0,-1.0,-1.0,-1.0,1.0,1.0,-1.0,-1.0,1.0,1.0	-0.35224086,-0.48567423,0.047610007,-0.16330664,-0.032284815,-0.01490554,0.6470427,0.06538451,-0.38812792,-0.38180754,0.33117923,0.036407843
../data/train_data_mmini/3/Train_0012.jpg	3	-1.0,-1.0,1.0,1.0,1.0,1.0,-1.0,-1.0,-1.0,-1.0,-1.0,-1.0	-0.57939595,-0.24005783,0.033689253,0.08930016,0.5625449,0.12298541,-0.015143377,-0.13626038,-0.16802043,-0.06823571,-0.19875273,-0.12010737
../data/train_data_mmini/3/Train_0013.jpg	3	1.0,-1.0,1.0,-1.0,1.0,-1.0,1.0,-1.0,-1.0,-1.0,1.0,-1.0	0.117756024,-0.26098013,0.082828574,-0.13975011,0.18987744,-0.026682435,0.09358511,-0.03175394,-0.2585547,-0.059185456,0.1786238,-0.100774616
../data/train_data_mmini/3/Train_0014.jpg	3	1.0,-1.0,1.0,-1.0,1.0,-1.0,1.0,-1.0,-1.0,-1.0,-1.0,-1.0	0.053511634,-0.09292865,0.06735384,-0.19608305,0.22268711,-0.1069673,0.20655903,-0.14822234,-0.047632463,-0.2762799,-0.018948048,-0.2231466
../data/train_data_mmini/4/Train_0015.jpg	4	-1.0,1.0,-1.0,-1.0,1.0,-1.0,1.0,1.0,1.0,1.0,-1.0,1.0	-0.36964902,0.01423043,-0.011388011,-0.0038357286,0.27732846,-0.027519776,0.12910886,0.09470147,0.06948405,0.09840374,-0.05833909,0.05074285
../data/train_data_mmini/4/Train_0016.jpg	4	-1.0,1.0,1.0,1.0,-1.0,1.0,-1.0,1.0,1.0,1.0,1.0,-1.0	-0.009520485,0.11299732,0.08854415,0.1711769,-0.22770591,0.004381554,-0.17171954,0.38333645,0.16429052,0.15132453,0.25355396,-0.18980819
../data/train_data_mmini/4/Train_0017.jpg	4	1.0,-1.0,1.0,1.0,-1.0,1.0,-1.0,1.0,-1.0,-1.0,1.0,-1.0	0.14965661,-0.3645944,0.3561623,0.053556748,-0.15940608,0.34964493,-0.077614546,0.19199026,-0.43487394,-0.17265756,0.38682362,-0.21669647
../data/train_data_mmini/4/Train_0018.jpg	4	1.0,-1.0,-1.0,1.0,1.0,-1.0,1.0,-1.0,1.0,-1.0,1.0,-1.0	0.001567499,-0.068440735,-0.07723231,0.1793393,0.11493538,-0.07794526,0.0013096282,-0.025293682,0.11597084,-0.32408682,0.09292737,-0.17343129
../data/train_data_mmini/4/Train_0019.jpg	4	1.0,-1.0,1.0,-1.0,1.0,1.0,-1.0,1.0,1.0,1.0,1.0,-1.0	0.15239982,-0.050498426,0.3006334,-0.12593941,0.33731195,0.10234156,-0.35806912,0.025676597,0.13003036,0.31197828,0.3345755,-0.24213685
../data/train_data_mmini/5/Train_0020.jpg	5	-1.0,1.0,-1.0,1.0,1.0,-1.0,-1.0,1.0,1.0,1.0,-1.0,-1.0	-0.24332573,0.40506184,-0.25507018,0.21989037,0.16973703,-0.24719784,-0.3525734,0.24844107,0.48514858,0.23831733,-0.10014373,-0.080424756
../data/train_data_mmini/5/Train_0021.jpg	5	-1.0,-1.0,-1.0,-1.0,1.0,-1.0,1.0,-1.0,-1.0,-1.0,-1.0,1.0	-0.16234444,-0.011501133,-0.15182029,-0.13946645,0.34086785,-0.19208792,0.41234773,-0.06867568,-0.06204737,-0.08512567,-0.12987292,0.046653718
../data/train_data_mmini/5/Train_0022.jpg	5	-1.0,1.0,-1.0,-1.0,1.0,-1.0,-1.0,-1.0,1.0,1.0,-1.0,-1.0	-0.11443235,0.16753921,-0.25684094,-0.0051004197,0.5061295,-0.34841976,-0.08494208,-0.13769352,0.29508013,0.13179429,-0.20205411,-0.046274498
../data/train_data_mmini/5/Train_0023.jpg	5	-1.0,1.0,-1.0,1.0,1.0,-1.0,-1.0,1.0,1.0,1.0,-1.0,-1.0	-0.22967027,0.44194683,-0.31179816,0.15439446,0.11638348,-0.35173652,-0.1310398,0.14863986,0.56652653,0.27476063,-0.26691902,-0.014430016
../data/train_data_mmini/5/Train_0024.jpg	5	-1.0,1.0,-1.0,1.0,1.0,-1.0,-1.0,-1.0,1.0,1.0,-1.0,-1.0	-0.31492862,0.47057384,-0.15499006,0.04876811,0.47128406,-0.13844836,-0.122344695,-0.0017622821,0.25112566,0.12610926,-0.2899355,-0.024856716
../data/train_data_mmini/6/Train_0025.jpg	6	-1.0,1.0,1.0,1.0,1.0,1.0,-1.0,-1.0,1.0,1.0,1.0,-1.0	-0.14347868,0.1697531,0.2146881,0.016971776,0.89698666,0.19220436,-0.31906492,-0.020173844,0.070812695,0.27439043,0.07052541,-0.17164423
../data/train_data_mmini/6/Train_0026.jpg	6	1.0,1.0,-1.0,1.0,-1.0,1.0,-1.0,1.0,1.0,-1.0,1.0,-1.0	0.33554894,0.4968043,-0.11035857,0.40328732,-0.52100796,0.105021924,-0.415664,0.5478688,0.610508,-0.08877762,0.26119033,-0.16269639
../data/train_data_mmini/6/Train_0027.jpg	6	1.0,1.0,-1.0,1.0,1.0,-1.0,1.0,-1.0,1.0,1.0,1.0,-1.0	0.01781656,0.09396538,-0.03279016,0.009733507,0.06156836,-0.05670263,0.0578019,-0.011510458,0.21913826,0.013828295,0.0009076898,-0.2833043
../data/train_data_mmini/6/Train_0028.jpg	6	-1.0,-1.0,-1.0,-1.0,1.0,-1.0,1.0,1.0,-1.0,-1.0,1.0,-1.0	-0.38020745,-0.025751442,-0.19643928,-0.036289744,0.05347727,-0.171452,0.33873212,0.15201089,-0.08914346,-0.19012089,0.11144954,-0.10971114
../data/train_data_mmini/6/Train_0029.jpg	6	-1.0,-1.0,1.0,-1.0,1.0,1.0,-1.0,1.0,-1.0,1.0,1.0,1.0	-0.17797638,-0.14167547,0.07586508,-0.020249596,0.5393982,0.06514239,-0.25110996,0.14181204,-0.12448395,0.27316606,0.21390721,0.14433989
../data/train_data_mmini/7/Train_0030.jpg	7	-1.0,1.0,1.0,1.0,1.0,-1.0,1.0,1.0,1.0,1.0,-1.0,-1.0	-0.041126654,0.017486721,0.0044468865,0.037995644,0.14260887,-0.09897125,0.04009514,0.17812833,0.08158582,0.08317299,-0.072710514,-0.22271389
../data/train_data_mmini/7/Train_0031.jpg	7	-1.0,-1.0,1.0,1.0,1.0,1.0,-1.0,-1.0,-1.0,-1.0,-1.0,-1.0	-0.0103675565,-0.0541808,0.073307864,0.2186224,0.3594813,0.13056156,-0.19040899,-0.17672423,-0.02924157,-0.2825792,-0.061495125,-0.27801144
../data/train_data_mmini/7/Train_0032.jpg	7	-1.0,-1.0,1.0,-1.0,1.0,1.0,1.0,-1.0,-1.0,-1.0,1.0,-1.0	-0.009119852,-0.3296287,0.272429,-0.37234896,0.16400854,0.2694377,0.6729098,-0.1557754,-0.52500135,-0.5835742,0.1375975,-0.35958585
../data/train_data_mmini/7/Train_0033.jpg	7	-1.0,1.0,-1.0,1.0,1.0,1.0,-1.0,1.0,1.0,1.0,-1.0,-1.0	-0.12117033,0.3719119,-0.013777442,0.24030657,0.16069661,0.098439366,-0.2826156,0.068537414,0.24015754,0.11131312,-0.073670864,-0.25646153
../data/train_data_mmini/7/Train_0034.jpg	7	-1.0,-1.0,-1.0,1.0,1.0,-1.0,1.0,-1.0,-1.0,-1.0,1.0,1.0	-0.21418114,-0.19976526,-0.07799489,0.061009355,0.493797,-0.11344467,0.27394715,-0.39626232,-0.12434197,-0.15936668,0.050124288,0.12586693
../data/train_data_mmini/8/Train_0035.jpg	8	-1.0,-1.0,-1.0,-1.0,1.0,-1.0,1.0,-1.0,-1.0,-1.0,-1.0,-1.0	-0.012072905,-0.100513875,-0.019023605,-0.25780326,0.51174766,-0.055270523,0.35013103,-0.35950643,-0.19701338,-0.14210512,-0.26505065,-0.19260824
../data/train_data_mmini/8/Train_0036.jpg	8	-1.0,-1.0,-1.0,1.0,1.0,1.0,-1.0,-1.0,-1.0,-1.0,-1.0,-1.0	-0.28540275,-0.027398348,-0.05837018,0.23896228,0.8500445,0.1652486,-0.025091669,-0.21790683,-0.05379028,-0.2250769,-0.22365278,-0.240492
../data/train_data_mmini/8/Train_0037.jpg	8	1.0,1.0,1.0,1.0,-1.0,1.0,-1.0,1.0,1.0,-1.0,1.0,-1.0	0.054350927,0.1378183,0.09551277,0.3024372,-0.050362308,0.27571964,-0.13044049,0.17628026,0.042847328,-0.21743225,0.16328746,-0.031384498
../data/train_data_mmini/8/Train_0038.jpg	8	-1.0,-1.0,-1.0,-1.0,1.0,-1.0,1.0,-1.0,1.0,1.0,-1.0,-1.0	-0.19415899,-0.08703196,-0.025334127,-0.0935983,0.48503104,-0.16347095,0.13603209,-0.23420511,0.03976106,0.11289646,-0.094849885,-0.18049061
../data/train_data_mmini/8/Train_0039.jpg	8	-1.0,-1.0,1.0,-1.0,1.0,1.0,1.0,-1.0,-1.0,-1.0,-1.0,-1.0	-0.098196074,-0.42812228,0.07465329,-0.36082363,0.7070272,0.07594612,0.3575999,-0.3305457,-0.51731074,-0.15172346,-0.18561876,-0.17828332
../data/train_data_mmini/9/Train_0040.jpg	9	-1.0,1.0,-1.0,1.0,1.0,-1.0,-1.0,1.0,1.0,1.0,-1.0,1.0	-0.18045448,0.18100202,-0.16498388,0.07730121,0.3577769,-0.027272819,-0.046374653,0.0186656,0.14723027,0.22317953,-0.068231106,0.044786066
../data/train_data_mmini/9/Train_0041.jpg	9	-1.0,1.0,1.0,1.0,1.0,-1.0,-1.0,1.0,1.0,-1.0,1.0,-1.0	-0.10977386,0.08167082,0.020255528,0.14168008,0.1702963,-0.002213864,-0.138832,0.09392071,0.08248424,-0.22993852,0.14373386,-0.29029748
../data/train_data_mmini/9/Train_0042.jpg	9	-1.0,1.0,-1.0,1.0,1.0,-1.0,-1.0,1.0,1.0,1.0,1.0,1.0	-0.3211039,0.18247294,-0.12089444,0.10816205,0.31446633,-0.081276715,-0.062999226,0.1470703,0.17629051,0.15387519,0.024750292,0.18659931
../data/train_data_mmini/9/Train_0043.jpg	9	-1.0,1.0,-1.0,-1.0,1.0,-1.0,1.0,-1.0,1.0,1.0,-1.0,-1.0	-0.035673246,0.08017674,-0.079961814,-0.13855825,0.37276688,-0.16182166,0.107990675,-0.061648007,0.094637565,0.0978262,-0.13136679,-0.055244893
../data/train_data_mmini/9/Train_0044.jpg	9	-1.0,-1.0,1.0,-1.0,1.0,1.0,-1.0,-1.0,-1.0,1.0,-1.0,-1.0	-0.19430207,-0.05574447,0.04602336,-0.0819928,0.45841387,0.15526292,-0.15300335,-0.04506233,-0.12661648,0.41566092,-0.0046492512,-0.0626588
../data/train_data_mmini/10/Train_0045.jpg	10	1.0,-1.0,1.0,-1.0,1.0,1.0,1.0,-1.0,-1.0,-1.0,-1.0,-1.0	0.15180643,-0.44599122,0.2531221,-0.25196588,0.8905266,0.3385807,0.15193267,-0.5870165,-0.44458896,-0.25873828,-0.06819713,-0.3000677
../data/train_data_mmini/10/Train_0046.jpg	10	1.0,-1.0,1.0,-1.0,1.0,1.0,1.0,1.0,-1.0,1.0,1.0,1.0	0.09016402,-0.34901905,0.2233494,-0.36543116,0.16379358,0.24579833,0.18982129,0.07063863,-0.46542162,0.27118078,0.30219385,0.059456505
../data/train_data_mmini/10/Train_0047.jpg	10	-1.0,-1.0,1.0,-1.0,1.0,1.0,1.0,-1.0,-1.0,-1.0,-1.0,-1.0	-0.09623878,-0.35241732,0.0787869,-0.14399819,0.8794401,0.1390059,0.1861728,-0.41583714,-0.30057222,-0.17378555,-0.0702413,-0.11102879
../data/train_data_mmini/10/Train_0048.jpg	10	-1.0,-1.0,1.0,-1.0,1.0,1.0,1.0,-1.0,-1.0,1.0,-1.0,-1.0	-0.3070627,-0.56303465,0.28753692,-0.46099985,1.7342998,0.2231888,0.20769088,-0.7936111,-0.33578515,0.06714122,-0.3134315,-0.3589222
../data/train_data_mmini/10/Train_0049.jpg	10	-1.0,-1.0,1.0,-1.0,1.0,1.0,1.0,-1.0,-1.0,1.0,-1.0,-1.0	-0.023014529,-0.14232308,0.1265214,-0.28041613,0.602788,0.15960789,0.2845587,-0.29015878,-0.44873738,0.0055021225,-0.13654491,-0.110572204
