../data/train_data_mmini/1/Train_0000.jpg	1	-1.0,1.0,-1.0,-1.0,1.0,1.0,1.0,1.0	-0.4259721,2.776879,-3.8009722,-1.0087419,2.0870967,0.56726515,3.572798,2.4696674
../data/train_data_mmini/1/Train_0001.jpg	1	-1.0,1.0,-1.0,-1.0,1.0,1.0,1.0,-1.0	-4.9385557,1.0946289,-3.4246027,-0.09359117,3.9003594,6.142487,1.6416469,-0.6281873
../data/train_data_mmini/1/Train_0002.jpg	1	-1.0,-1.0,1.0,1.0,1.0,1.0,1.0,1.0	-0.14638212,-1.6966026,1.0262673,0.36939883,1.00462,4.313044,1.7999866,3.0089808
../data/train_data_mmini/1/Train_0003.jpg	1	1.0,1.0,-1.0,-1.0,1.0,1.0,1.0,1.0	0.22471054,4.3536596,-4.4424963,-2.6403525,3.3989718,2.6494472,0.29278326,0.61627144
../data/train_data_mmini/1/Train_0004.jpg	1	-1.0,1.0,-1.0,1.0,1.0,1.0,1.0,1.0	-2.8605282,2.5017936,-2.5497122,1.7594953,5.0116568,0.22457956,2.7545257,2.754403
../data/train_data_mmini/2/Train_0005.jpg	2	1.0,-1.0,-1.0,1.0,1.0,1.0,1.0,-1.0	0.120206684,-0.43179828,-0.303107,2.2265117,0.5485506,2.237386,2.9394832,-2.841143
../data/train_data_mmini/2/Train_0006.jpg	2	-1.0,-1.0,1.0,-1.0,1.0,1.0,1.0,-1.0	-1.8500278,-0.008865489,2.574471,-2.379791,3.0949097,1.4514445,2.1207473,-2.6589296
../data/train_data_mmini/2/Train_0007.jpg	2	1.0,1.0,-1.0,-1.0,1.0,-1.0,1.0,1.0	0.81833804,3.9026334,-5.885617,-0.18056343,0.9851482,-3.2410755,4.3130198,3.3439505
../data/train_data_mmini/2/Train_0008.jpg	2	-1.0,-1.0,1.0,1.0,1.0,1.0,1.0,1.0	-3.0403519,-1.2621526,1.0087824,4.044591,3.648302,1.4575049,3.9119194,1.4684415
../data/train_data_mmini/2/Train_0009.jpg	2	1.0,1.0,-1.0,-1.0,-1.0,-1.0,1.0,-1.0	0.25166333,1.3461589,-2.8604743,-1.316978,-1.5593374,-0.4138114,7.573064,-3.4935582
../data/train_data_mmini/3/Train_0010.jpg	3	-1.0,-1.0,-1.0,1.0,1.0,1.0,1.0,-1.0	-3.01425,-0.1758088,-0.2850645,3.5022497,2.698421,4.7412453,2.4610546,-3.52276
../data/train_data_mmini/3/Train_0011.jpg	3	-1.0,-1.0,-1.0,1.0,1.0,1.0,1.0,1.0	-2.2582588,-2.5450213,-0.43896702,3.352879,0.6190998,6.2925406,3.8149416,2.6985056
../data/train_data_mmini/3/Train_0012.jpg	3	-1.0,1.0,-1.0,-1.0,1.0,1.0,1.0,-1.0	-2.866183,1.3575336,-0.35765195,-1.9219623,4.5740566,6.8037605,3.478598,-0.7274334
../data/train_data_mmini/3/Train_0013.jpg	3	-1.0,-1.0,1.0,1.0,1.0,1.0,1.0,-1.0	-2.8204482,-1.3403437,3.4750173,0.14644618,3.4486935,4.3180323,3.1849446,-2.115741
../data/train_data_mmini/3/Train_0014.jpg	3	-1.0,-1.0,-1.0,1.0,1.0,1.0,1.0,-1.0	-2.1354055,-1.5128133,-0.03455067,3.5704756,0.7077523,1.97055,2.0735748,-1.8694197
../data/train_data_mmini/4/Train_0015.jpg	4	1.0,1.0,1.0,1.0,1.0,1.0,1.0,1.0	0.45380187,1.3182247,0.48880345,2.0160925,4.0459275,1.9972417,5.1065884,3.2485924
../data/train_data_mmini/4/Train_0016.jpg	4	-1.0,-1.0,-1.0,1.0,-1.0,1.0,-1.0,-1.0	-0.66185004,-1.1332874,-2.3408642,0.8992526,-0.9317915,6.1963825,-0.18307975,-0.40094346
../data/train_data_mmini/4/Train_0017.jpg	4	-1.0,-1.0,1.0,-1.0,1.0,1.0,1.0,-1.0	-0.13569741,-0.52212757,1.6026558,-1.7042441,2.4567056,6.8894653,3.9555244,-1.3677922
../data/train_data_mmini/4/Train_0018.jpg	4	-1.0,-1.0,-1.0,1.0,-1.0,1.0,1.0,-1.0	-0.7649256,-1.3299628,-1.3171742,4.6979585,-0.94473165,2.4734826,2.9014187,-0.6017176
../data/train_data_mmini/4/Train_0019.jpg	4	-1.0,1.0,1.0,-1.0,1.0,1.0,1.0,-1.0	-0.84788835,0.4941861,4.59358,-1.487409,5.414205,2.5145211,0.25707966,-2.3011441
../data/train_data_mmini/5/Train_0020.jpg	5	-1.0,1.0,-1.0,-1.0,1.0,1.0,-1.0,1.0	-2.225235,2.626326,-4.3720326,-1.5067759,2.7890007,0.17387688,-1.1401728,0.8928505
../data/train_data_mmini/5/Train_0021.jpg	5	-1.0,1.0,-1.0,1.0,1.0,1.0,1.0,1.0	-1.0651587,1.4215978,-0.5154635,1.9882759,3.9588757,0.9831704,3.8356576,1.8509052
../data/train_data_mmini/5/Train_0022.jpg	5	-1.0,1.0,-1.0,-1.0,1.0,-1.0,1.0,-1.0	-1.1735331,2.086195,-2.187451,-0.7093236,2.7512684,-2.642819,4.351564,-1.0583551
../data/train_data_mmini/5/Train_0023.jpg	5	-1.0,1.0,-1.0,-1.0,1.0,-1.0,1.0,1.0	-1.5312355,4.157528,-5.7711062,-1.8632406,2.467574,-1.7658468,0.44720685,2.4522321
../data/train_data_mmini/5/Train_0024.jpg	5	1.0,1.0,-1.0,1.0,1.0,1.0,1.0,1.0	1.7381755,3.2634258,-3.2307894,0.049080003,1.5247126,0.75271994,5.29181,2.1434581
../data/train_data_mmini/6/Train_0025.jpg	6	1.0,-1.0,1.0,-1.0,1.0,1.0,1.0,-1.0	3.1818447,-0.06651822,2.4992344,-2.0309258,0.5201764,5.106699,0.8481251,-4.385213
../data/train_data_mmini/6/Train_0026.jpg	6	1.0,1.0,-1.0,1.0,1.0,1.0,1.0,-1.0	0.31054056,1.9346589,-4.443441,1.5897622,0.2800463,3.6532648,3.2779458,-0.30725992
../data/train_data_mmini/6/Train_0027.jpg	6	-1.0,-1.0,-1.0,1.0,-1.0,1.0,1.0,-1.0	-2.8584204,-1.4184194,-1.9907348,2.0613062,-0.7155097,5.2330074,1.5097327,-3.4795337
../data/train_data_mmini/6/Train_0028.jpg	6	-1.0,-1.0,-1.0,1.0,-1.0,1.0,1.0,1.0	-0.40229678,-1.4237587,-2.015607,3.6138453,-0.31367126,2.7972896,2.7209642,2.0045898
../data/train_data_mmini/6/Train_0029.jpg	6	1.0,1.0,1.0,-1.0,1.0,1.0,1.0,-1.0	2.2272143,0.9131787,1.5002636,-2.3625429,0.87663335,4.490092,8.626001,-3.7741096
../data/train_data_mmini/7/Train_0030.jpg	7	1.0,1.0,-1.0,-1.0,-1.0,1.0,1.0,-1.0	0.17462413,1.580163,-2.6250618,-3.40255,-0.04719708,0.5515312,4.66196,-2.9170504
../data/train_data_mmini/7/Train_0031.jpg	7	-1.0,-1.0,-1.0,1.0,1.0,1.0,1.0,-1.0	-2.0241714,-0.6678566,-1.0982367,0.14082812,0.08737705,3.1254292,3.5344365,-4.164502
../data/train_data_mmini/7/Train_0032.jpg	7	-1.0,-1.0,1.0,1.0,1.0,1.0,1.0,-1.0	-3.9444509,-3.1838107,0.6940419,4.311434,0.44510588,5.515579,3.6867597,-1.3823441
../data/train_data_mmini/7/Train_0033.jpg	7	1.0,1.0,-1.0,-1.0,-1.0,1.0,1.0,-1.0	0.16354904,1.5739839,-4.35584,-1.6304106,-1.4450461,2.1528013,5.639297,-3.6961586
../data/train_data_mmini/7/Train_0034.jpg	7	-1.0,-1.0,-1.0,1.0,1.0,1.0,1.0,1.0	-1.5932226,-2.4630358,-0.13271369,6.444254,0.29160815,6.2854457,1.910097,0.03678828
../data/train_data_mmini/8/Train_0035.jpg	8	1.0,1.0,-1.0,1.0,-1.0,-1.0,1.0,-1.0	0.03266155,0.05507257,-0.014128913,0.20654745,-0.16823964,-0.4495345,10.144657,-3.5271008
../data/train_data_mmini/8/Train_0036.jpg	8	1.0,-1.0,-1.0,1.0,-1.0,1.0,1.0,-1.0	3.2778616,-1.1564708,-0.97776914,0.38971472,-3.8791416,1.1780463,7.254389,-4.7318134
../data/train_data_mmini/8/Train_0037.jpg	8	1.0,-1.0,-1.0,1.0,-1.0,1.0,1.0,-1.0	1.3128289,-0.2875561,-3.1906307,2.8250792,-1.5945659,5.9027057,7.163306,-0.40348375
../data/train_data_mmini/8/Train_0038.jpg	8	-1.0,-1.0,1.0,1.0,1.0,1.0,1.0,-1.0	-1.5059031,-0.94591546,0.2701589,0.27403185,0.94201773,1.998465,5.0387187,-3.0311236
../data/train_data_mmini/8/Train_0039.jpg	8	1.0,-1.0,1.0,-1.0,-1.0,1.0,1.0,-1.0	1.4384673,-0.07340971,0.72112465,-1.2430178,-1.0351881,0.8010002,13.883268,-4.404117
../data/train_data_mmini/9/Train_0040.jpg	9	1.0,1.0,-1.0,1.0,1.0,1.0,1.0,1.0	1.3634859,2.8423016,-1.5802822,0.8267751,4.0483284,1.2091194,6.5174723,2.0204935
../data/train_data_mmini/9/Train_0041.jpg	9	-1.0,-1.0,-1.0,1.0,-1.0,1.0,1.0,-1.0	-3.8540092,-1.7920443,-2.5233142,1.6549697,-0.7703544,4.2880635,2.149593,-3.703542
../data/train_data_mmini/9/Train_0042.jpg	9	-1.0,1.0,1.0,1.0,1.0,1.0,1.0,1.0	-0.4457863,1.1907941,0.34616902,3.8421507,5.3596864,5.4587398,3.5227103,3.8223026
../data/train_data_mmini/9/Train_0043.jpg	9	1.0,1.0,-1.0,1.0,1.0,-1.0,1.0,-1.0	0.12037776,1.0573939,-0.34015024,1.0884572,2.1535363,-2.556604,6.7568073,-0.7453975
../data/train_data_mmini/9/Train_0044.jpg	9	1.0,1.0,1.0,-1.0,1.0,1.0,1.0,-1.0	1.1659721,2.420749,2.2618017,-3.6837194,4.5890274,4.2977057,5.415323,-2.8817742
../data/train_data_mmini/10/Train_0045.jpg	10	1.0,-1.0,1.0,1.0,-1.0,1.0,1.0,-1.0	1.4492172,-1.471875,2.1426466,1.9937727,-1.8629153,3.6160257,12.142327,-7.2417855
../data/train_data_mmini/10/Train_0046.jpg	10	1.0,-1.0,1.0,-1.0,1.0,1.0,1.0,-1.0	0.5972864,-0.34920633,2.9278429,-0.4695802,2.531362,6.771367,5.7984805,-0.67508703
../data/train_data_mmini/10/Train_0047.jpg	10	1.0,-1.0,1.0,1.0,1.0,1.0,1.0,-1.0	1.9367695,-1.7894223,2.7704914,3.228093,0.062814154,3.9509852,7.815545,-4.000453
../data/train_data_mmini/10/Train_0048.jpg	10	1.0,-1.0,1.0,-1.0,1.0,1.0,1.0,-1.0	1.0529815,-0.54498094,5.6309648,-2.418874,1.5807409,0.9816463,6.8331914,-6.289062
../data/train_data_mmini/10/Train_0049.jpg	10	1.0,-1.0,1.0,1.0,-1.0,1.0,1.0,-1.0	1.0767187,-0.5706294,0.569953,0.40525907,-0.68073565,1.3410618,11.97527,-3.3444114
