../data/train_data_mmini/1/Train_0000.jpg	1	1.0,-1.0,-1.0,-1.0,-1.0,1.0,-1.0,-1.0	3.42081,-2.530883,-14.284866,-1.3113809,-1.2977191,1.1759685,-1.4382114,-14.533295
../data/train_data_mmini/1/Train_0001.jpg	1	1.0,-1.0,-1.0,-1.0,-1.0,1.0,-1.0,-1.0	2.7481973,-2.3737354,-11.885353,-1.3131897,-0.5359932,1.8919559,-1.9612015,-11.951964
../data/train_data_mmini/1/Train_0002.jpg	1	1.0,-1.0,-1.0,-1.0,-1.0,1.0,-1.0,-1.0	0.9356142,-1.0823383,-5.8955564,-1.3513874,-0.40993345,0.6335953,-0.4387648,-5.906265
../data/train_data_mmini/1/Train_0003.jpg	1	1.0,-1.0,-1.0,-1.0,-1.0,1.0,-1.0,-1.0	4.4956565,-2.8210316,-17.826405,-1.1958885,-1.4744073,1.235641,-1.5015868,-18.428627
../data/train_data_mmini/1/Train_0004.jpg	1	1.0,-1.0,-1.0,-1.0,-1.0,1.0,-1.0,-1.0	3.6199558,-2.1389468,-14.587203,-1.0729523,-0.887507,1.6281636,-1.7452358,-15.301549
../data/train_data_mmini/2/Train_0005.jpg	2	1.0,1.0,-1.0,-1.0,1.0,1.0,-1.0,-1.0	0.9427942,0.6218794,-5.297982,-0.7218332,0.2518494,0.96443963,-0.28477815,-6.680301
../data/train_data_mmini/2/Train_0006.jpg	2	1.0,-1.0,-1.0,-1.0,-1.0,1.0,-1.0,-1.0	1.2393557,-2.8432794,-6.0680275,-1.3881956,-0.25436622,1.0908946,-1.7257094,-5.7774606
../data/train_data_mmini/2/Train_0007.jpg	2	1.0,-1.0,-1.0,-1.0,-1.0,1.0,-1.0,-1.0	4.2276382,-1.9320146,-17.082327,-0.866225,-0.9611335,1.8095653,-1.6374199,-17.865831
../data/train_data_mmini/2/Train_0008.jpg	2	1.0,-1.0,-1.0,-1.0,-1.0,1.0,-1.0,-1.0	1.8959095,-1.2640823,-7.8047533,-1.0347513,-0.37448162,0.27441764,-0.6295987,-9.1628065
../data/train_data_mmini/2/Train_0009.jpg	2	1.0,-1.0,-1.0,-1.0,-1.0,1.0,-1.0,-1.0	1.7609649,-0.83770776,-8.02551,-1.024455,-0.32626414,0.6205377,-0.6820555,-9.778054
../data/train_data_mmini/3/Train_0010.jpg	3	1.0,-1.0,-1.0,-1.0,1.0,1.0,-1.0,-1.0	0.51789945,-0.49061328,-3.8673372,-0.9940731,0.3041549,1.1430244,-0.65013355,-4.340571
../data/train_data_mmini/3/Train_0011.jpg	3	1.0,-1.0,-1.0,-1.0,1.0,1.0,-1.0,-1.0	0.27757838,-1.1676633,-0.6707661,-1.3314058,0.24352583,0.3155542,-0.5603758,-1.1146779
../data/train_data_mmini/3/Train_0012.jpg	3	1.0,-1.0,-1.0,-1.0,-1.0,1.0,-1.0,-1.0	1.099715,-0.9280004,-4.815473,-1.0532172,-0.007252681,0.25711292,-0.5860653,-6.3444524
../data/train_data_mmini/3/Train_0013.jpg	3	1.0,-1.0,-1.0,-1.0,-1.0,-1.0,-1.0,-1.0	0.52975935,-1.3758425,-2.6365442,-1.293361,-0.32398576,-0.16451393,-0.28222907,-3.7037008
../data/train_data_mmini/3/Train_0014.jpg	3	1.0,-1.0,-1.0,-1.0,-1.0,1.0,-1.0,-1.0	1.3315848,-1.874345,-6.635685,-1.0967591,-0.003641556,0.57644904,-0.98434675,-7.5270987
../data/train_data_mmini/4/Train_0015.jpg	4	1.0,-1.0,-1.0,-1.0,-1.0,1.0,-1.0,-1.0	2.04076,-0.6429811,-7.909048,-0.913001,-0.36086,0.18258879,-0.28230453,-9.704303
../data/train_data_mmini/4/Train_0016.jpg	4	1.0,1.0,-1.0,-1.0,1.0,-1.0,1.0,-1.0	1.438449,0.8881537,-5.532596,-0.2844297,0.23698874,-0.047180716,0.22713432,-7.6224484
../data/train_data_mmini/4/Train_0017.jpg	4	1.0,-1.0,-1.0,-1.0,1.0,1.0,-1.0,-1.0	0.4373215,-1.7445085,-1.914534,-1.4442676,0.2928478,0.09623566,-0.981698,-2.3762853
../data/train_data_mmini/4/Train_0018.jpg	4	1.0,-1.0,-1.0,-1.0,1.0,1.0,-1.0,-1.0	1.1177578,-0.09745815,-4.2614365,-0.6635421,0.021103483,0.19108006,-0.18992554,-5.5459604
../data/train_data_mmini/4/Train_0019.jpg	4	1.0,-1.0,-1.0,-1.0,1.0,1.0,-1.0,-1.0	1.2906443,-1.0274007,-5.363984,-1.1975137,0.37886578,1.8241606,-1.7819823,-5.5120926
../data/train_data_mmini/5/Train_0020.jpg	5	1.0,-1.0,-1.0,-1.0,-1.0,1.0,-1.0,-1.0	4.5401926,-1.5358602,-18.296085,-0.8539091,-0.68778944,2.2643905,-1.8689537,-19.157127
../data/train_data_mmini/5/Train_0021.jpg	5	1.0,-1.0,-1.0,-1.0,-1.0,1.0,-1.0,-1.0	3.1092014,-3.3101654,-12.548096,-1.5918335,-1.4940245,0.34049535,-1.1712152,-13.989016
../data/train_data_mmini/5/Train_0022.jpg	5	1.0,-1.0,-1.0,-1.0,-1.0,1.0,-1.0,-1.0	3.3546417,-1.8952074,-14.006211,-1.0083078,-0.886271,1.303455,-1.3315313,-14.912449
../data/train_data_mmini/5/Train_0023.jpg	5	1.0,-1.0,-1.0,-1.0,-1.0,1.0,-1.0,-1.0	4.9104877,-2.5818605,-19.359104,-0.88049525,-1.3790065,1.3943121,-1.6035439,-20.243982
../data/train_data_mmini/5/Train_0024.jpg	5	1.0,-1.0,-1.0,-1.0,-1.0,1.0,-1.0,-1.0	2.524391,-0.9823423,-11.029194,-0.99230283,-0.6355309,0.9784143,-0.79528725,-12.409497
../data/train_data_mmini/6/Train_0025.jpg	6	-1.0,-1.0,-1.0,-1.0,1.0,1.0,-1.0,-1.0	-0.14563958,-0.24213414,-0.21011037,-1.0300217,0.17663568,0.005585459,-0.032766744,-1.5309331
../data/train_data_mmini/6/Train_0026.jpg	6	1.0,-1.0,-1.0,-1.0,1.0,1.0,-1.0,-1.0	2.488413,-1.605394,-11.473098,-1.3351123,0.5159551,2.9973257,-3.0427947,-10.6891775
../data/train_data_mmini/6/Train_0027.jpg	6	1.0,1.0,-1.0,-1.0,1.0,1.0,-1.0,-1.0	0.16777478,0.0769212,-1.4265947,-0.6890674,0.55415803,0.19290224,-0.43867594,-2.9379246
../data/train_data_mmini/6/Train_0028.jpg	6	1.0,-1.0,-1.0,-1.0,-1.0,1.0,-1.0,-1.0	1.5967,-3.9894557,-7.690092,-1.8077276,-0.9066137,0.35488784,-1.5492402,-7.4803853
../data/train_data_mmini/6/Train_0029.jpg	6	1.0,1.0,-1.0,-1.0,-1.0,-1.0,1.0,-1.0	0.373378,1.0392568,-1.3400527,-0.28076848,-0.024297442,-0.68462086,0.8320448,-3.7668333
../data/train_data_mmini/7/Train_0030.jpg	7	1.0,-1.0,-1.0,-1.0,-1.0,1.0,-1.0,-1.0	2.3936498,-1.0765604,-9.522124,-0.8762582,-0.42361358,0.79349875,-0.9277273,-11.317356
../data/train_data_mmini/7/Train_0031.jpg	7	1.0,-1.0,-1.0,-1.0,-1.0,-1.0,-1.0,-1.0	1.4573275,-1.2187794,-6.687368,-1.2565951,-0.5026046,-0.10533413,-0.3932412,-8.508224
../data/train_data_mmini/7/Train_0032.jpg	7	1.0,-1.0,-1.0,-1.0,1.0,-1.0,-1.0,-1.0	0.12360326,-0.6287575,-0.09491281,-1.1816388,0.218501,-0.08323405,-0.2888134,-1.3580054
../data/train_data_mmini/7/Train_0033.jpg	7	1.0,-1.0,-1.0,-1.0,1.0,1.0,-1.0,-1.0	1.6000054,-0.49502385,-7.682768,-0.805783,0.5250912,1.6519723,-1.2931159,-8.044124
../data/train_data_mmini/7/Train_0034.jpg	7	1.0,-1.0,-1.0,-1.0,1.0,1.0,-1.0,-1.0	0.12283293,-0.51387125,-0.052785978,-0.9629573,0.2899911,0.13341007,-0.06837919,-1.0018204
../data/train_data_mmini/8/Train_0035.jpg	8	1.0,-1.0,-1.0,-1.0,-1.0,-1.0,1.0,-1.0	0.5324938,-1.0928237,-2.9923086,-1.0552367,-0.44958895,-0.5525069,0.09594662,-5.1731005
../data/train_data_mmini/8/Train_0036.jpg	8	1.0,-1.0,-1.0,-1.0,1.0,-1.0,1.0,-1.0	0.20614363,-0.06265765,-1.7637956,-0.95670503,0.09432973,-0.25073272,0.20318212,-3.7836714
../data/train_data_mmini/8/Train_0037.jpg	8	1.0,-1.0,-1.0,-1.0,1.0,1.0,-1.0,-1.0	0.37510276,-0.33458626,-1.9759316,-1.4016961,0.47901294,0.42554995,-0.61894697,-3.2930918
../data/train_data_mmini/8/Train_0038.jpg	8	1.0,-1.0,-1.0,-1.0,-1.0,-1.0,1.0,-1.0	1.3488348,-0.58556515,-5.7905455,-1.0177588,-0.5013015,-0.39433488,0.15300713,-8.087503
../data/train_data_mmini/8/Train_0039.jpg	8	1.0,-1.0,1.0,-1.0,1.0,-1.0,1.0,-1.0	0.026399931,-0.5801259,0.24841563,-0.9967916,0.0033185119,-0.27724662,0.004762258,-1.1831231
../data/train_data_mmini/9/Train_0040.jpg	9	1.0,-1.0,-1.0,-1.0,-1.0,1.0,-1.0,-1.0	2.9099119,-1.9855411,-11.478174,-1.2203354,-0.7588624,0.7628584,-1.1294367,-13.099411
../data/train_data_mmini/9/Train_0041.jpg	9	1.0,-1.0,-1.0,-1.0,1.0,1.0,-1.0,-1.0	1.037496,-0.17719756,-5.609559,-0.8909011,0.5254848,1.3617269,-0.9684991,-6.6085143
../data/train_data_mmini/9/Train_0042.jpg	9	1.0,1.0,-1.0,-1.0,-1.0,1.0,-1.0,-1.0	2.0960028,0.17005748,-7.8862195,-0.69758606,-0.015589858,0.3090683,-0.17040132,-10.32071
../data/train_data_mmini/9/Train_0043.jpg	9	1.0,-1.0,-1.0,-1.0,-1.0,1.0,-1.0,-1.0	2.332128,-1.6187001,-10.576542,-1.2090557,-0.7557945,0.77674747,-0.8876566,-11.986047
../data/train_data_mmini/9/Train_0044.jpg	9	1.0,-1.0,-1.0,-1.0,-1.0,1.0,-1.0,-1.0	1.0046592,-0.34296453,-5.060676,-0.92387676,-0.25888315,0.09350121,-0.2722357,-7.09236
../data/train_data_mmini/10/Train_0045.jpg	10	-1.0,1.0,1.0,-1.0,1.0,1.0,1.0,1.0	-0.028980063,0.19511305,0.8863945,-0.66102,0.28774616,0.09116031,0.054757666,0.025727928
../data/train_data_mmini/10/Train_0046.jpg	10	1.0,1.0,1.0,-1.0,1.0,-1.0,1.0,-1.0	0.021039406,0.14269932,0.6500529,-0.5155675,0.20640494,-0.063987896,0.053433627,-0.08184938
../data/train_data_mmini/10/Train_0047.jpg	10	-1.0,-1.0,1.0,-1.0,1.0,-1.0,1.0,-1.0	-0.045440886,-0.3238458,0.35191277,-0.97077405,0.035793778,-0.09276332,0.1637257,-1.3511043
../data/train_data_mmini/10/Train_0048.jpg	10	-1.0,1.0,1.0,-1.0,1.0,-1.0,1.0,-1.0	-0.079887256,0.40056318,0.87552035,-0.51280606,0.25508615,-0.1053461,0.28330842,-0.8321879
../data/train_data_mmini/10/Train_0049.jpg	10	-1.0,-1.0,1.0,-1.0,1.0,-1.0,1.0,-1.0	-0.092116214,-0.2683766,0.36579955,-0.9867009,0.22698538,-0.22075349,0.0469823,-1.2560043
