../data/train_data_mmini/1/Train_0000.jpg	1	1.0,-1.0,1.0,1.0,1.0,-1.0,1.0,1.0,-1.0,-1.0,1.0,-1.0,1.0,1.0,1.0,1.0,-1.0,1.0,1.0,-1.0,-1.0,1.0,-1.0,-1.0	0.017331567,-0.15527207,0.07193805,0.021714844,0.12728438,-0.4061921,0.12159087,0.31394672,-0.2215168,-0.3869559,0.28115326,-0.013251663,0.27922058,0.02898609,0.23871624,0.14436759,-0.0006501684,0.01947651,0.28018236,-0.26923835,-0.19730946,0.27241704,-0.2850284,-0.532747
../data/train_data_mmini/1/Train_0001.jpg	1	-1.0,-1.0,-1.0,-1.0,-1.0,-1.0,1.0,1.0,-1.0,-1.0,1.0,1.0,1.0,1.0,1.0,1.0,1.0,1.0,-1.0,1.0,-1.0,1.0,-1.0,-1.0	-0.18484126,-0.010490872,-0.039567903,-0.04868985,-0.016976066,-0.11607557,0.17924802,0.07726051,-0.011885792,-0.13420811,0.10760083,0.10303515,0.2815021,0.037798814,0.20937578,0.17095491,0.10746427,0.09630657,-0.08152775,0.0668722,-0.29935122,0.2131674,-0.1419602,-0.21600354
../data/train_data_mmini/1/Train_0002.jpg	1	1.0,1.0,-1.0,-1.0,-1.0,-1.0,1.0,-1.0,-1.0,1.0,1.0,1.0,1.0,1.0,1.0,1.0,1.0,1.0,-1.0,1.0,-1.0,1.0,1.0,-1.0	0.045855824,0.0718263,-0.29614514,-0.120933406,-0.103220634,-0.06422081,0.19813158,-0.093144745,-0.055508673,0.071205914,0.10654723,0.07969804,0.09974486,0.042331092,0.16700846,0.11044209,0.20762913,0.12884703,-0.060887467,0.0640615,-0.44986367,0.3014054,0.05256965,-0.2513643
../data/train_data_mmini/1/Train_0003.jpg	1	1.0,-1.0,1.0,1.0,1.0,-1.0,-1.0,1.0,-1.0,-1.0,1.0,-1.0,1.0,1.0,1.0,1.0,1.0,-1.0,1.0,-1.0,-1.0,1.0,-1.0,-1.0	0.040484276,-0.23211774,0.118537635,0.06986382,0.13003416,-0.37762365,-9.695813e-05,0.3242795,-0.16269927,-0.42960584,0.32225034,-0.017940953,0.17963505,0.18982363,0.24976975,0.1127862,0.002596884,-0.07084202,0.28681013,-0.3647991,-0.081123896,0.13956448,-0.37978396,-0.4240124
../data/train_data_mmini/1/Train_0004.jpg	1	1.0,-1.0,1.0,1.0,1.0,-1.0,1.0,1.0,-1.0,-1.0,1.0,1.0,1.0,-1.0,1.0,1.0,1.0,1.0,1.0,-1.0,1.0,1.0,-1.0,-1.0	0.051415835,-0.12374737,0.10021342,0.020667039,0.072122,-0.13040397,0.040468473,0.27964795,-0.20584202,-0.30700716,0.1709689,0.07670866,0.19155404,-8.529052e-06,0.07973628,0.047825146,0.023323655,0.026093446,0.16163474,-0.054406263,0.035409704,0.17788813,-0.24751893,-0.369328
../data/train_data_mmini/2/Train_0005.jpg	2	-1.0,1.0,-1.0,-1.0,-1.0,1.0,1.0,-1.0,-1.0,1.0,-1.0,1.0,-1.0,-1.0,-1.0,1.0,1.0,1.0,-1.0,1.0,-1.0,-1.0,1.0,-1.0	-0.10859686,0.101088665,-0.17709406,-0.20457175,-0.1132087,0.27182814,0.15372933,-0.12530594,-0.030191593,0.20521368,-0.03174461,0.07214981,-0.08815673,-0.05255825,-0.00927827,0.026064288,0.19499816,0.21907076,-0.19205105,0.4047712,-0.026306741,-0.09674085,0.09287258,-0.030047167
../data/train_data_mmini/2/Train_0006.jpg	2	-1.0,-1.0,-1.0,1.0,-1.0,1.0,1.0,-1.0,1.0,1.0,1.0,1.0,-1.0,-1.0,-1.0,-1.0,1.0,-1.0,-1.0,1.0,-1.0,-1.0,1.0,1.0	-0.48282155,-0.056730635,-0.3031737,0.10579623,-0.24909136,0.2956063,0.037237037,-0.11439283,0.03330107,0.45753565,0.14526679,0.3327959,-0.12977526,-0.033437736,-0.07344426,-0.023970481,0.2285418,-0.23137471,-0.2661173,0.5638753,-0.059681714,-0.23549813,0.29203373,0.6587185
../data/train_data_mmini/2/Train_0007.jpg	2	1.0,-1.0,1.0,1.0,1.0,-1.0,1.0,1.0,-1.0,-1.0,1.0,-1.0,1.0,1.0,1.0,1.0,-1.0,-1.0,1.0,-1.0,1.0,1.0,-1.0,-1.0	0.100704804,-0.21115819,0.1649215,0.10074433,0.26991758,-0.40066612,0.006908495,0.31722093,-0.19015975,-0.52262974,0.38080612,-0.0047484944,0.19230653,0.2024349,0.4004003,0.13821185,-0.11019409,-0.08630467,0.41770262,-0.50714564,0.04230562,0.05487626,-0.40678063,-0.4100455
../data/train_data_mmini/2/Train_0008.jpg	2	-1.0,1.0,-1.0,-1.0,-1.0,1.0,1.0,-1.0,-1.0,1.0,1.0,1.0,-1.0,-1.0,1.0,1.0,1.0,1.0,-1.0,1.0,-1.0,1.0,1.0,1.0	-0.15540369,0.11533396,-0.07308033,-0.071497165,-0.048108436,0.12760875,0.1843464,-0.04995066,-0.10960728,0.2763959,0.048811127,0.19062147,-0.005204482,-0.20079759,0.0019657877,0.05161867,0.25117844,0.13057148,-0.1366744,0.4399041,-0.22000442,0.07524427,0.06171941,0.014805076
../data/train_data_mmini/2/Train_0009.jpg	2	1.0,-1.0,1.0,-1.0,1.0,-1.0,1.0,1.0,-1.0,-1.0,1.0,-1.0,1.0,1.0,1.0,1.0,-1.0,1.0,1.0,-1.0,1.0,1.0,-1.0,-1.0	0.04238824,-0.14661497,0.042303205,-0.070884906,0.10708289,-0.29633516,0.12780781,0.29908574,-0.27677634,-0.4219927,0.27947286,-0.060879275,0.22983056,0.1527515,0.35046738,0.19476205,-0.043427676,0.14929926,0.2438315,-0.27394676,0.0016652942,0.17756492,-0.3102995,-0.5861253
../data/train_data_mmini/3/Train_0010.jpg	3	-1.0,1.0,-1.0,1.0,-1.0,1.0,1.0,-1.0,1.0,1.0,1.0,1.0,-1.0,1.0,-1.0,-1.0,1.0,-1.0,-1.0,1.0,-1.0,-1.0,1.0,1.0	-0.42171952,0.08699275,-0.20375434,0.015447423,-0.19198771,0.5588013,0.07592563,-0.55132294,0.3368953,0.48931655,0.058782388,0.3766813,-0.38149843,0.16458607,-0.06705722,-0.008603189,0.4620414,-0.06010636,-0.39764452,0.54755867,-0.084526226,-0.37866783,0.30516765,0.9307502
../data/train_data_mmini/3/Train_0011.jpg	3	1.0,1.0,-1.0,-1.0,-1.0,1.0,1.0,-1.0,1.0,1.0,-1.0,-1.0,1.0,-1.0,1.0,1.0,1.0,1.0,-1.0,1.0,-1.0,1.0,1.0,-1.0	0.041249778,0.2628293,-0.2603106,-0.24860826,-0.26972094,0.30088952,0.14196892,-0.1903912,0.1300566,0.064912796,-0.19118546,-0.033977464,0.13857305,-0.1030801,0.0018182066,0.11096224,0.13494241,0.4720454,-0.44478434,0.41160065,-0.26023084,0.19820791,0.16047308,-0.17137277
../data/train_data_mmini/3/Train_0012.jpg	3	1.0,1.0,-1.0,-1.0,-1.0,1.0,-1.0,1.0,-1.0,-1.0,-1.0,1.0,1.0,-1.0,1.0,1.0,-1.0,1.0,-1.0,1.0,1.0,1.0,-1.0,-1.0	0.06758736,0.0939519,-0.12652212,-0.2606314,-0.27375498,0.2628725,-0.02384774,0.16183102,-0.18556495,-0.25060642,-0.15928455,0.024418458,0.39747232,-0.03757734,0.06029628,0.16884787,-0.066890866,0.42974952,-0.34938577,0.30975735,0.0911429,0.37191746,-0.012934631,-0.40743303
../data/train_data_mmini/3/Train_0013.jpg	3	-1.0,1.0,-1.0,1.0,-1.0,1.0,1.0,-1.0,1.0,1.0,-1.0,1.0,-1.0,1.0,-1.0,1.0,1.0,-1.0,-1.0,1.0,-1.0,-1.0,1.0,1.0	-0.5661622,0.09971061,-0.3120651,0.073176034,-0.19274989,0.38469097,0.17223333,-0.20611481,0.15824443,0.45732638,-0.037146192,0.22651105,-0.02815356,0.0014225189,-0.046731163,0.03348719,0.28636885,-0.032587133,-0.3945206,0.72550905,-0.2700978,-0.29423523,0.13532266,0.638089
../data/train_data_mmini/3/Train_0014.jpg	3	-1.0,1.0,-1.0,-1.0,-1.0,1.0,1.0,-1.0,1.0,1.0,1.0,1.0,-1.0,-1.0,-1.0,1.0,1.0,1.0,-1.0,1.0,-1.0,-1.0,1.0,1.0	-0.17862633,0.098667,-0.1592009,-0.23267752,-0.10435211,0.3500941,0.19492878,-0.20558877,0.054641858,0.15235052,0.00030018878,0.048663512,-0.03578089,-0.018223112,-0.02885728,0.08502513,0.20164436,0.33037248,-0.26465732,0.53088486,-0.034511805,-0.15067768,0.09894892,0.20442417
../data/train_data_mmini/4/Train_0015.jpg	4	1.0,1.0,-1.0,-1.0,-1.0,-1.0,1.0,1.0,-1.0,-1.0,1.0,1.0,1.0,-1.0,1.0,1.0,-1.0,1.0,1.0,1.0,-1.0,1.0,-1.0,-1.0	0.055209402,0.086985655,-0.113281205,-0.15537843,-0.017518736,-0.061282124,0.13217248,0.1192113,-0.19107978,-0.11516425,0.08560463,0.0028044572,0.15883575,-0.018048411,0.20256817,0.108753845,-0.014594526,0.25256592,0.03119922,0.020168955,-0.15096396,0.3178683,-0.16369243,-0.4943948
../data/train_data_mmini/4/Train_0016.jpg	4	-1.0,1.0,-1.0,-1.0,-1.0,1.0,1.0,-1.0,1.0,1.0,-1.0,-1.0,1.0,1.0,1.0,1.0,1.0,1.0,-1.0,1.0,-1.0,1.0,1.0,-1.0	-0.2171364,0.24516359,-0.28537014,-0.31947562,-0.21829641,0.08285836,0.37227765,-0.376572,0.15979683,0.1174636,-0.08015487,-0.08499695,0.002285635,0.06801789,0.094741166,0.22298472,0.3663678,0.326536,-0.2928828,0.26656392,-0.66750515,0.17201434,0.18454745,-0.16406962
../data/train_data_mmini/4/Train_0017.jpg	4	-1.0,1.0,-1.0,-1.0,-1.0,1.0,1.0,-1.0,1.0,1.0,-1.0,1.0,-1.0,1.0,-1.0,1.0,1.0,1.0,-1.0,1.0,-1.0,-1.0,1.0,1.0	-0.46225733,0.21984074,-0.5895654,-0.014031947,-0.48289716,0.46209392,0.13117091,-0.31537116,0.13597521,0.5197566,-0.13748942,0.23122925,-0.059933014,0.010612721,-0.11839458,0.033629734,0.19759056,0.10307195,-0.6021275,0.86122835,-0.25522965,-0.05670146,0.5022121,0.6028266
../data/train_data_mmini/4/Train_0018.jpg	4	-1.0,1.0,-1.0,-1.0,-1.0,1.0,1.0,-1.0,1.0,1.0,-1.0,1.0,-1.0,-1.0,-1.0,1.0,1.0,1.0,-1.0,1.0,-1.0,1.0,1.0,-1.0	-0.114035845,0.28870937,-0.36198518,-0.4324827,-0.203522,0.40630037,0.35339487,-0.34508154,0.07296373,0.3249406,-0.19758843,0.033249438,-0.037946858,-0.04790155,-0.022910137,0.08344002,0.28945985,0.3913638,-0.4173229,0.40256733,-0.29526395,0.05343605,0.15259847,-0.18094993
../data/train_data_mmini/4/Train_0019.jpg	4	-1.0,1.0,-1.0,1.0,-1.0,1.0,1.0,-1.0,1.0,1.0,-1.0,1.0,-1.0,-1.0,-1.0,-1.0,1.0,-1.0,-1.0,1.0,1.0,-1.0,1.0,1.0	-0.65470076,0.04506416,-0.430288,0.25294608,-0.3560555,0.6692151,0.1009001,-0.24873175,0.13653,0.83080125,-0.05151738,0.42349476,-0.3086312,-0.13596329,-0.41662398,-0.16685575,0.3331029,-0.24385878,-0.49016672,1.177739,0.08478764,-0.5433662,0.4525739,1.211118
../data/train_data_mmini/5/Train_0020.jpg	5	1.0,-1.0,1.0,1.0,1.0,-1.0,1.0,1.0,-1.0,-1.0,1.0,-1.0,1.0,1.0,1.0,1.0,-1.0,-1.0,1.0,-1.0,-1.0,1.0,-1.0,-1.0	0.07431279,-0.19455391,0.08879134,0.036951162,0.17539902,-0.33338723,0.05865546,0.31438994,-0.21116224,-0.45137456,0.32337132,-0.004090653,0.19079801,0.14092308,0.30257034,0.123986244,-0.023732096,-0.0079962835,0.2782867,-0.33259547,-0.041761003,0.11360385,-0.37750542,-0.38603884
../data/train_data_mmini/5/Train_0021.jpg	5	1.0,-1.0,1.0,-1.0,1.0,-1.0,1.0,1.0,-1.0,-1.0,1.0,-1.0,1.0,1.0,1.0,1.0,-1.0,1.0,1.0,-1.0,-1.0,1.0,-1.0,-1.0	0.042575713,-0.12025512,0.046231925,-0.072116874,0.090555646,-0.20444533,0.037716646,0.28080982,-0.24629843,-0.3449231,0.2087697,-0.02718705,0.21841316,0.043452375,0.20982684,0.07801747,-0.003340126,0.14188722,0.12539463,-0.15697049,-0.012752309,0.14696616,-0.29857394,-0.41584134
../data/train_data_mmini/5/Train_0022.jpg	5	1.0,-1.0,1.0,1.0,1.0,-1.0,1.0,1.0,-1.0,-1.0,1.0,1.0,1.0,1.0,1.0,1.0,-1.0,-1.0,1.0,-1.0,1.0,1.0,-1.0,-1.0	0.004587423,-0.17748636,0.11886142,0.09761824,0.16858685,-0.2631401,0.003088314,0.29520816,-0.16561411,-0.35838452,0.3059655,0.045692205,0.112633936,0.10956233,0.32997674,0.122664765,-0.06580034,-0.040726684,0.30272853,-0.2471079,0.06928074,0.021987611,-0.31241056,-0.3030596
../data/train_data_mmini/5/Train_0023.jpg	5	1.0,-1.0,1.0,1.0,1.0,-1.0,1.0,1.0,-1.0,-1.0,1.0,-1.0,1.0,1.0,1.0,1.0,-1.0,-1.0,1.0,-1.0,1.0,1.0,-1.0,-1.0	0.11684596,-0.22341242,0.10209417,0.0269107,0.15026611,-0.37632346,0.016355235,0.3324144,-0.22170804,-0.5064827,0.31675315,-0.01513891,0.24377142,0.14737582,0.31235078,0.10925026,-0.11871779,-0.030713357,0.30893338,-0.43024087,0.009886846,0.17427707,-0.36963877,-0.46797022
../data/train_data_mmini/5/Train_0024.jpg	5	1.0,-1.0,1.0,-1.0,1.0,-1.0,-1.0,1.0,-1.0,-1.0,1.0,-1.0,1.0,1.0,1.0,1.0,-1.0,1.0,1.0,-1.0,1.0,1.0,-1.0,-1.0	0.19786306,-0.20210314,0.08674723,-0.03361111,0.14226118,-0.21064296,-0.06159578,0.26582104,-0.193122,-0.58016396,0.26085225,-0.03978315,0.24269438,0.22575492,0.3039195,0.12157875,-0.13606682,0.056772374,0.2495328,-0.396503,0.110328615,0.08964809,-0.3524903,-0.41495377
../data/train_data_mmini/6/Train_0025.jpg	6	-1.0,-1.0,-1.0,1.0,-1.0,1.0,-1.0,-1.0,1.0,1.0,1.0,1.0,-1.0,1.0,-1.0,1.0,1.0,-1.0,-1.0,1.0,1.0,-1.0,1.0,1.0	-0.53015065,-0.03198903,-0.3664118,0.010188706,-0.4730774,0.58711,-0.25127855,-0.54217947,0.5887532,0.21371928,0.24618869,0.1558202,-0.50204754,0.68451893,-0.025529686,0.06178606,0.3417262,-0.30655903,-0.39963514,0.19256283,0.11836888,-0.7200118,0.3878214,1.3953112
../data/train_data_mmini/6/Train_0026.jpg	6	-1.0,-1.0,1.0,-1.0,1.0,-1.0,1.0,1.0,-1.0,-1.0,1.0,1.0,1.0,1.0,1.0,1.0,-1.0,1.0,1.0,-1.0,-1.0,1.0,-1.0,-1.0	-0.1431306,-0.022170208,0.01705049,-0.033967488,0.15908131,-0.2039856,0.18504716,0.19993362,-0.10055098,-0.24669644,0.25682232,0.049849465,0.1682474,0.16356456,0.38986194,0.19498967,-0.058943808,0.056467824,0.17846331,-0.25861657,-0.25836676,0.1548456,-0.32623857,-0.5403213
../data/train_data_mmini/6/Train_0027.jpg	6	-1.0,1.0,-1.0,-1.0,-1.0,1.0,1.0,-1.0,1.0,1.0,-1.0,1.0,-1.0,1.0,1.0,1.0,1.0,1.0,-1.0,1.0,-1.0,-1.0,1.0,1.0	-0.16148567,0.081630975,-0.18165542,-0.26300934,-0.18534014,0.49520466,0.20616062,-0.36569092,0.31802765,0.037804615,-0.09122429,0.03500925,-0.048422962,0.35181892,0.091149986,0.20650484,0.3336052,0.18401006,-0.5454136,0.26186115,-0.049720265,-0.31512263,0.15826365,0.4398124
../data/train_data_mmini/6/Train_0028.jpg	6	1.0,1.0,-1.0,-1.0,1.0,1.0,1.0,-1.0,-1.0,-1.0,1.0,-1.0,1.0,1.0,1.0,1.0,1.0,1.0,-1.0,1.0,-1.0,1.0,-1.0,-1.0	0.100221515,0.06431306,-0.111763954,-0.2164441,0.023479842,0.04091582,0.22108497,-0.09508543,-0.046345964,-0.08338924,0.0068412023,-0.011524544,0.1842193,0.06979536,0.13700083,0.16642411,0.14864586,0.23260403,-0.077569686,0.07313379,-0.24331822,0.116731875,-0.03726811,-0.32554683
../data/train_data_mmini/6/Train_0029.jpg	6	-1.0,-1.0,-1.0,1.0,-1.0,-1.0,-1.0,1.0,1.0,1.0,1.0,1.0,-1.0,1.0,1.0,1.0,1.0,-1.0,1.0,1.0,-1.0,-1.0,-1.0,1.0	-0.22603466,-0.15865502,-0.16155717,0.083812065,-0.08009676,-0.03976139,-0.07152535,0.035221383,0.0070996135,0.033709716,0.377725,0.14574082,-0.16417965,0.18815523,0.13782127,0.012136746,0.19114994,-0.20502412,0.14628674,0.05891656,-0.03036058,-0.16534051,-0.058537103,0.33759737
../data/train_data_mmini/7/Train_0030.jpg	7	-1.0,-1.0,1.0,-1.0,1.0,-1.0,1.0,1.0,-1.0,-1.0,1.0,-1.0,1.0,1.0,1.0,1.0,-1.0,1.0,1.0,-1.0,-1.0,1.0,-1.0,-1.0	-0.028383154,-0.12428179,0.039386407,-0.07466238,0.075015344,-0.32418326,0.10310201,0.32989773,-0.24456681,-0.38354668,0.23044242,-0.07544215,0.2579739,0.04534637,0.3017661,0.16263178,-0.049563795,0.093945764,0.1899035,-0.1779413,-0.018171832,0.16023555,-0.27793673,-0.51176363
../data/train_data_mmini/7/Train_0031.jpg	7	-1.0,1.0,-1.0,-1.0,-1.0,1.0,1.0,-1.0,1.0,-1.0,1.0,1.0,1.0,1.0,1.0,1.0,1.0,1.0,-1.0,-1.0,-1.0,-1.0,-1.0,1.0	-0.2269165,0.028246261,-0.14969,-0.24318823,-0.043522827,0.1477696,0.10797913,-0.15873064,0.106845796,-0.1753839,0.17903008,0.018446013,0.10722975,0.28608888,0.3474214,0.22685705,0.09962283,0.18231946,-0.11313138,-0.028627863,-0.19881049,-0.11233271,-0.036946334,0.058621738
../data/train_data_mmini/7/Train_0032.jpg	7	-1.0,1.0,-1.0,-1.0,-1.0,1.0,1.0,-1.0,1.0,1.0,-1.0,1.0,-1.0,1.0,-1.0,1.0,1.0,1.0,-1.0,1.0,-1.0,-1.0,1.0,1.0	-0.13190882,0.25345778,-0.46339932,-0.3770264,-0.24817938,0.83536714,0.31543234,-0.4338239,0.13261601,0.31640583,-0.3773343,0.028188527,-0.032219045,0.05435895,-0.15649173,0.20804998,0.32830885,0.4842075,-0.8670164,0.8148643,-0.040384054,-0.31323707,0.30381438,0.40826288
../data/train_data_mmini/7/Train_0033.jpg	7	1.0,-1.0,-1.0,-1.0,1.0,-1.0,1.0,1.0,-1.0,-1.0,1.0,-1.0,1.0,1.0,1.0,1.0,1.0,1.0,1.0,-1.0,-1.0,1.0,-1.0,-1.0	0.08008746,-0.15531832,-0.023516342,-0.15984201,0.02162937,-0.13908097,0.08616991,0.15511434,-0.14592572,-0.37356174,0.28044057,-0.054347992,0.19582883,0.19087827,0.29041392,0.15778649,0.0037393859,0.102888875,0.11645762,-0.22293907,-0.016480759,0.1338627,-0.15662412,-0.34673154
../data/train_data_mmini/7/Train_0034.jpg	7	-1.0,1.0,-1.0,-1.0,-1.0,1.0,1.0,-1.0,1.0,1.0,-1.0,1.0,-1.0,1.0,-1.0,1.0,1.0,1.0,-1.0,1.0,1.0,-1.0,1.0,1.0	-0.08687891,0.15042791,-0.25835818,-0.17322347,-0.27097955,1.052513,0.01576792,-0.6034066,0.55621225,0.26039124,-0.33548868,0.1407724,-0.28152183,0.23469025,-0.34482944,0.018571448,0.41998997,0.30616802,-0.95677567,0.74325955,0.2360831,-0.6790188,0.24635693,1.1565032
../data/train_data_mmini/8/Train_0035.jpg	8	-1.0,-1.0,1.0,-1.0,1.0,-1.0,1.0,1.0,-1.0,-1.0,1.0,-1.0,1.0,1.0,1.0,1.0,-1.0,1.0,1.0,-1.0,1.0,1.0,-1.0,-1.0	-0.010615874,-0.10701888,0.07889745,-0.07597809,0.03732454,-0.18284777,0.04621925,0.1826307,-0.19535817,-0.35041857,0.23981412,-0.03897734,0.1710192,0.067131035,0.27329654,0.13415855,-0.007355214,0.14654726,0.20920385,-0.1284705,0.06612423,0.080318026,-0.17281932,-0.3505976
../data/train_data_mmini/8/Train_0036.jpg	8	1.0,-1.0,-1.0,-1.0,1.0,-1.0,1.0,-1.0,-1.0,-1.0,1.0,-1.0,1.0,1.0,1.0,1.0,1.0,1.0,1.0,-1.0,-1.0,-1.0,-1.0,-1.0	0.013381626,-0.07110522,-0.03444703,-0.13345432,0.061220147,-0.07107868,0.09351368,-0.008110063,-0.09885674,-0.32253888,0.301958,-0.06381461,0.055022508,0.29165107,0.40492225,0.18953742,0.048172355,0.118583255,0.13109793,-0.29357633,-0.028248943,-0.033986695,-0.14763445,-0.22886696
../data/train_data_mmini/8/Train_0037.jpg	8	-1.0,1.0,-1.0,-1.0,1.0,-1.0,1.0,-1.0,-1.0,-1.0,1.0,-1.0,1.0,1.0,1.0,1.0,1.0,1.0,1.0,-1.0,-1.0,1.0,-1.0,-1.0	-0.06969802,0.06231893,-0.10780059,-0.23906216,0.078931004,-0.12827256,0.1887028,-0.057072252,-0.053822063,-0.2491206,0.15461482,-0.14053372,0.16278249,0.18676984,0.32065266,0.22101243,0.07144016,0.32685468,0.020981867,-0.10877957,-0.3030684,0.098665796,-0.14472815,-0.42423168
../data/train_data_mmini/8/Train_0038.jpg	8	-1.0,-1.0,-1.0,-1.0,1.0,-1.0,1.0,1.0,1.0,-1.0,1.0,1.0,1.0,1.0,1.0,1.0,1.0,1.0,-1.0,-1.0,-1.0,-1.0,-1.0,-1.0	-0.093740344,-0.08459803,-0.014195904,-0.09719368,0.036161177,-0.06509467,0.07142256,0.06543045,0.00040116918,-0.25128058,0.17758067,0.027314216,0.14168976,0.17309827,0.27175754,0.19652407,0.113249585,0.13300285,-0.02141289,-0.022323644,-0.09388859,-0.040020652,-0.1442987,-0.08189407
../data/train_data_mmini/8/Train_0039.jpg	8	-1.0,-1.0,1.0,-1.0,1.0,-1.0,1.0,1.0,-1.0,-1.0,1.0,-1.0,1.0,1.0,1.0,1.0,1.0,1.0,1.0,-1.0,1.0,1.0,-1.0,-1.0	-0.014511112,-0.12586868,0.026809037,-0.049063466,0.063230865,-0.18407339,0.06699644,0.24550118,-0.2853381,-0.33218172,0.23129304,-0.02672258,0.17923641,0.057377867,0.30818284,0.11569084,0.012417137,0.07379507,0.17681779,-0.13846038,0.053549536,0.101630144,-0.18507707,-0.37689102
../data/train_data_mmini/9/Train_0040.jpg	9	1.0,-1.0,1.0,-1.0,1.0,-1.0,1.0,1.0,-1.0,-1.0,1.0,1.0,1.0,1.0,1.0,1.0,-1.0,1.0,1.0,-1.0,-1.0,1.0,-1.0,-1.0	0.008895662,-0.041297384,0.05388108,-0.020855792,0.12818359,-0.25321278,0.07475729,0.2800702,-0.26681688,-0.24034703,0.28885615,0.0071041426,0.11383026,0.002766246,0.2798552,0.07640137,-0.027834952,0.109669365,0.25344038,-0.1294345,-0.042275727,0.20541337,-0.2944925,-0.48096603
../data/train_data_mmini/9/Train_0041.jpg	9	-1.0,1.0,-1.0,-1.0,-1.0,1.0,1.0,-1.0,1.0,1.0,-1.0,1.0,1.0,1.0,1.0,1.0,1.0,1.0,-1.0,1.0,-1.0,-1.0,1.0,1.0	-0.16840115,0.07152986,-0.15630008,-0.231938,-0.14531651,0.4402708,0.19254367,-0.17474712,0.09582037,0.057073925,-0.08671949,0.07729365,0.09523923,0.0888887,0.020832103,0.15116067,0.22556241,0.253852,-0.38692048,0.4507988,-0.037739478,-0.21288994,0.07644331,0.22433521
../data/train_data_mmini/9/Train_0042.jpg	9	-1.0,1.0,-1.0,-1.0,-1.0,1.0,1.0,-1.0,-1.0,1.0,1.0,-1.0,1.0,1.0,1.0,1.0,1.0,1.0,-1.0,1.0,-1.0,1.0,-1.0,-1.0	-0.026007924,0.16208506,-0.14414561,-0.19087309,-0.03771279,0.11991147,0.103973374,-0.06687155,-0.022792034,0.016568605,0.07930147,-0.02876304,0.06598138,0.047643356,0.18291791,0.078296185,0.07005286,0.30140567,-0.09027275,0.13632353,-0.25440466,0.13403341,-0.15832062,-0.23252481
../data/train_data_mmini/9/Train_0043.jpg	9	-1.0,-1.0,1.0,1.0,1.0,-1.0,1.0,1.0,-1.0,-1.0,1.0,1.0,1.0,1.0,1.0,1.0,1.0,-1.0,1.0,-1.0,-1.0,1.0,-1.0,-1.0	-0.09199341,-0.12354142,0.06496337,0.09685702,0.18003091,-0.36161673,0.13545795,0.29945642,-0.24473435,-0.1980509,0.3654988,0.073571876,0.069655776,0.022344822,0.3445173,0.0935999,0.06857711,-0.0809189,0.34569156,-0.22159056,-0.09236983,0.08961534,-0.2891779,-0.3803047
../data/train_data_mmini/9/Train_0044.jpg	9	-1.0,-1.0,-1.0,1.0,-1.0,-1.0,1.0,1.0,-1.0,1.0,1.0,1.0,-1.0,1.0,1.0,1.0,1.0,-1.0,1.0,1.0,-1.0,1.0,-1.0,1.0	-0.2126212,-0.033545263,-0.10241982,0.12591127,-0.040851645,-0.16686311,0.04954197,0.17721595,-0.14982982,0.0301175,0.28299674,0.15279306,-0.022536216,0.067180626,0.2567498,0.016382251,0.055600256,-0.10486666,0.11939704,0.05983124,-0.15329468,0.08584439,-0.052808948,0.0150898965
../data/train_data_mmini/10/Train_0045.jpg	10	-1.0,1.0,-1.0,-1.0,-1.0,1.0,1.0,-1.0,1.0,1.0,-1.0,1.0,-1.0,1.0,-1.0,1.0,1.0,1.0,-1.0,1.0,1.0,-1.0,1.0,1.0	-0.25765076,0.05956939,-0.34072217,-0.15443954,-0.10486961,0.791272,0.32300803,-0.2203722,0.025391161,0.22218578,-0.25138107,0.1052285,-0.04149492,0.18191838,-0.22642286,0.14069591,0.28271374,0.15315104,-0.507987,0.57649696,0.20017888,-0.541395,0.17299819,0.369802
../data/train_data_mmini/10/Train_0046.jpg	10	-1.0,1.0,-1.0,-1.0,-1.0,1.0,1.0,-1.0,1.0,1.0,1.0,1.0,-1.0,-1.0,1.0,1.0,1.0,1.0,-1.0,1.0,-1.0,1.0,1.0,1.0	-0.29433,0.15853721,-0.32881618,-0.00045520812,-0.15116863,0.012169694,0.22968759,-0.23942246,0.09102164,0.37234515,0.09896424,0.14104524,-0.17252666,-0.064983405,0.014264819,0.050917704,0.32344553,0.09378026,-0.18178545,0.485002,-0.4838546,0.16722938,0.33978388,0.19106326
../data/train_data_mmini/10/Train_0047.jpg	10	-1.0,1.0,-1.0,-1.0,-1.0,1.0,1.0,-1.0,1.0,1.0,-1.0,1.0,-1.0,1.0,-1.0,1.0,1.0,1.0,-1.0,1.0,1.0,-1.0,1.0,1.0	-0.26239422,0.00039353222,-0.23404205,-0.12982172,-0.002395249,0.42670658,0.15296851,-0.19048943,0.02136515,0.15957905,-0.01941947,0.077832565,-0.10947823,0.15160489,-0.07681243,0.07125488,0.31961358,0.06433197,-0.3064368,0.41610724,0.016607888,-0.41222292,0.04600092,0.3822871
../data/train_data_mmini/10/Train_0048.jpg	10	-1.0,-1.0,-1.0,-1.0,-1.0,1.0,-1.0,-1.0,1.0,1.0,1.0,1.0,-1.0,1.0,-1.0,1.0,1.0,1.0,-1.0,1.0,1.0,-1.0,1.0,1.0	-0.10072453,-0.09819033,-0.20698239,-0.13083583,-0.22433826,0.45092204,-0.029235702,-0.13594343,0.020015717,0.10587019,0.041171033,0.1021947,-0.11863242,0.12457215,-0.111136645,0.0773578,0.30202767,0.09496299,-0.33138275,0.5805826,0.3309993,-0.3839826,0.21637982,0.64208823
../data/train_data_mmini/10/Train_0049.jpg	10	-1.0,-1.0,1.0,-1.0,1.0,-1.0,1.0,1.0,-1.0,-1.0,1.0,-1.0,1.0,1.0,1.0,1.0,1.0,1.0,1.0,-1.0,1.0,1.0,-1.0,-1.0	-0.07806224,-0.06443522,0.00609006,-0.016595997,0.04599253,-0.1853182,0.026276488,0.058780864,-0.14089203,-0.23630793,0.27746502,-0.029732212,0.04890094,0.11488008,0.3548787,0.090371445,0.018547595,0.11126832,0.22121967,-0.13985269,0.0029084906,0.01105007,-0.12917241,-0.2145549
