../data/train_data_mmini/1/Train_0000.jpg	1	1.0,-1.0,-1.0,1.0,-1.0,-1.0,-1.0,1.0,-1.0,1.0,-1.0,1.0,-1.0,-1.0,-1.0,1.0,-1.0,1.0,1.0,-1.0,-1.0,1.0,-1.0,-1.0	3.5324244,-4.228091,-0.48431566,0.57398075,-2.8855727,-3.2203603,-1.5723364,4.520501,-1.3574492,1.128775,-1.7337115,5.3885603,-5.6949854,-1.8584989,-1.0204462,10.404013,-1.8284549,1.6236024,0.39153746,-4.2210655,-4.859636,7.2997723,-1.3703675,-3.950956
../data/train_data_mmini/1/Train_0001.jpg	1	1.0,-1.0,-1.0,1.0,-1.0,-1.0,-1.0,1.0,-1.0,1.0,-1.0,1.0,-1.0,-1.0,-1.0,1.0,-1.0,1.0,1.0,-1.0,-1.0,1.0,-1.0,-1.0	3.1991148,-4.020442,-0.22362983,0.47343835,-2.3416426,-2.934041,-1.2827368,3.976011,-1.2012932,1.0812742,-1.5764099,4.7901115,-5.054709,-1.5109165,-0.8464337,9.157884,-2.1702523,1.3100133,0.13755107,-3.5891564,-4.3669972,6.5364056,-1.2019013,-3.5520093
../data/train_data_mmini/1/Train_0002.jpg	1	1.0,-1.0,-1.0,1.0,-1.0,-1.0,-1.0,1.0,-1.0,1.0,-1.0,1.0,-1.0,-1.0,-1.0,1.0,-1.0,1.0,1.0,-1.0,-1.0,1.0,-1.0,-1.0	2.8770378,-3.187261,-0.7140837,0.40120527,-2.334188,-2.4366033,-1.2233859,3.2725208,-0.96070945,0.89558023,-1.2479371,4.1402464,-4.3275247,-1.6892878,-0.7147886,8.07709,-1.4873549,0.99373686,0.6060807,-3.3077042,-3.3744977,5.4379716,-1.0926095,-3.1182518
../data/train_data_mmini/1/Train_0003.jpg	1	1.0,-1.0,-1.0,1.0,-1.0,-1.0,-1.0,1.0,-1.0,1.0,-1.0,1.0,-1.0,-1.0,-1.0,1.0,-1.0,1.0,1.0,-1.0,-1.0,1.0,-1.0,-1.0	3.634503,-4.25157,-0.38073885,0.6306563,-2.970924,-3.3274486,-1.6792932,4.7147737,-1.4153107,1.1154028,-1.7300415,5.5129538,-5.788926,-1.9133312,-1.0349383,10.599719,-1.8274306,1.6502627,0.38607517,-4.2848883,-5.050976,7.5174146,-1.3795196,-3.929987
../data/train_data_mmini/1/Train_0004.jpg	1	1.0,-1.0,-1.0,1.0,-1.0,-1.0,-1.0,1.0,-1.0,1.0,-1.0,1.0,-1.0,-1.0,-1.0,1.0,-1.0,1.0,1.0,-1.0,-1.0,1.0,-1.0,-1.0	3.6323192,-4.0875626,-0.7129077,0.6431493,-3.0818734,-3.3453019,-1.8814529,4.382137,-1.4282904,1.0539393,-1.8543288,5.5375676,-5.9236827,-1.9782414,-0.8961375,10.557052,-1.8237575,1.5921435,0.5924547,-4.005002,-4.598855,7.384967,-1.4550793,-3.9540794
../data/train_data_mmini/2/Train_0005.jpg	2	1.0,-1.0,-1.0,1.0,-1.0,-1.0,-1.0,1.0,-1.0,1.0,-1.0,1.0,-1.0,-1.0,-1.0,1.0,-1.0,1.0,1.0,-1.0,-1.0,1.0,-1.0,-1.0	2.7970734,-3.3918002,-0.5179538,0.5944326,-2.2521174,-2.6859295,-1.0585828,3.4361172,-1.1748304,0.8932129,-1.2039994,4.2759743,-4.6356373,-1.4461979,-0.99543184,8.332346,-1.3378011,1.1708461,0.10661046,-3.3181586,-4.065183,5.969749,-1.1241677,-3.2428074
../data/train_data_mmini/2/Train_0006.jpg	2	1.0,-1.0,-1.0,1.0,-1.0,-1.0,1.0,1.0,-1.0,1.0,-1.0,1.0,-1.0,-1.0,-1.0,1.0,-1.0,1.0,-1.0,-1.0,-1.0,1.0,-1.0,-1.0	2.3153725,-4.2147894,-0.24918579,0.5962517,-1.2812105,-2.965783,0.073130205,3.2854078,-1.0712118,1.4683044,-1.6199645,4.8806305,-4.9783783,-0.77753526,-0.41682455,9.25252,-2.1221523,0.956881,-0.68882143,-3.3880734,-4.8966994,5.698822,-0.9063806,-3.5472345
../data/train_data_mmini/2/Train_0007.jpg	2	1.0,-1.0,-1.0,1.0,-1.0,-1.0,-1.0,1.0,-1.0,1.0,-1.0,1.0,-1.0,-1.0,-1.0,1.0,-1.0,1.0,1.0,-1.0,-1.0,1.0,-1.0,-1.0	3.8623767,-4.192766,-0.72162294,0.89496344,-3.5455759,-3.8220372,-2.1180985,5.042553,-1.5610235,1.1040933,-2.0541363,6.113796,-6.4268017,-2.390491,-1.0098106,11.648005,-1.6271703,1.7646228,0.78022754,-4.411022,-5.2022204,8.1538925,-1.6401659,-4.322476
../data/train_data_mmini/2/Train_0008.jpg	2	1.0,-1.0,-1.0,1.0,-1.0,-1.0,-1.0,1.0,-1.0,1.0,-1.0,1.0,-1.0,-1.0,-1.0,1.0,-1.0,1.0,1.0,-1.0,-1.0,1.0,-1.0,-1.0	2.749711,-3.5843403,-0.775521,0.7420556,-2.3480422,-2.73126,-1.042432,3.2022126,-0.9954511,0.93364614,-1.7017906,4.677072,-4.565229,-1.6391778,-0.4588637,8.508316,-1.4664357,1.3409427,0.42435372,-3.1685228,-3.6858218,5.997615,-1.2593501,-3.432817
../data/train_data_mmini/2/Train_0009.jpg	2	1.0,-1.0,-1.0,1.0,-1.0,-1.0,-1.0,1.0,-1.0,1.0,-1.0,1.0,-1.0,-1.0,-1.0,1.0,-1.0,1.0,1.0,-1.0,-1.0,1.0,-1.0,-1.0	3.621951,-4.7818384,-0.41663182,0.6493463,-3.062209,-3.5926685,-1.4261729,4.8579903,-1.4712054,1.1691033,-1.9164547,5.720614,-5.9860206,-1.9007084,-1.2850566,10.9577465,-1.8995924,1.8026323,0.36366948,-4.4911804,-5.6380415,8.037723,-1.4030542,-4.117757
../data/train_data_mmini/3/Train_0010.jpg	3	1.0,-1.0,-1.0,1.0,-1.0,-1.0,-1.0,1.0,-1.0,1.0,-1.0,1.0,-1.0,-1.0,1.0,1.0,-1.0,1.0,1.0,-1.0,-1.0,1.0,-1.0,-1.0	1.6887797,-2.5733273,-0.12095609,0.79468787,-1.4731259,-2.4367986,-1.1413589,2.4854178,-0.037202854,0.7723002,-1.7293292,3.4320617,-3.212125,-1.6974862,0.190076,6.53418,-1.1258333,1.440253,0.8157878,-2.4995222,-3.0009496,4.7318983,-1.0568281,-2.3427296
../data/train_data_mmini/3/Train_0011.jpg	3	1.0,-1.0,-1.0,1.0,-1.0,-1.0,-1.0,1.0,-1.0,1.0,-1.0,1.0,-1.0,-1.0,-1.0,1.0,-1.0,1.0,1.0,-1.0,-1.0,1.0,-1.0,-1.0	2.901051,-2.8417218,-0.733739,0.08912849,-2.8728049,-2.5134418,-1.9487103,2.90082,-1.3794581,0.71636975,-0.8855484,3.914273,-4.2002788,-1.7714977,-1.2257128,7.375057,-1.1802344,0.89926183,1.0044506,-2.5972633,-2.832824,5.289103,-0.9934538,-3.025084
../data/train_data_mmini/3/Train_0012.jpg	3	1.0,-1.0,-1.0,1.0,-1.0,-1.0,-1.0,1.0,-1.0,1.0,-1.0,1.0,-1.0,-1.0,-1.0,1.0,-1.0,1.0,1.0,-1.0,-1.0,1.0,-1.0,-1.0	3.6466682,-3.8032365,-0.506451,0.122273706,-2.434649,-3.1746702,-2.0113976,4.5182548,-1.817372,0.9876323,-1.322464,5.2199907,-5.6658487,-0.9999872,-0.90335816,9.283872,-2.0889037,0.94699717,0.47502843,-3.152605,-4.467469,6.531905,-1.6164842,-3.808095
../data/train_data_mmini/3/Train_0013.jpg	3	1.0,-1.0,-1.0,1.0,-1.0,-1.0,-1.0,1.0,-1.0,1.0,-1.0,1.0,-1.0,-1.0,-1.0,1.0,-1.0,1.0,-1.0,-1.0,-1.0,1.0,-1.0,-1.0	2.5328386,-4.146076,-0.7464761,0.45566174,-1.827321,-2.5228064,-0.31369928,2.9511304,-1.263771,0.97259796,-1.7157584,4.4602213,-4.705182,-0.9395743,-0.54944706,8.3801155,-2.0697722,0.9164176,-0.2877747,-2.9144418,-3.8275216,5.7121744,-1.0408534,-3.4671712
../data/train_data_mmini/3/Train_0014.jpg	3	1.0,-1.0,-1.0,1.0,-1.0,-1.0,-1.0,1.0,-1.0,1.0,-1.0,1.0,-1.0,-1.0,-1.0,1.0,-1.0,1.0,1.0,-1.0,-1.0,1.0,-1.0,-1.0	2.712652,-3.5260584,-0.6544826,0.57627976,-2.3923671,-3.0622864,-1.3214049,3.6027558,-1.1468368,1.0015937,-1.4846107,4.563923,-4.6851535,-1.7117852,-0.84945065,8.716943,-1.3968288,1.1537036,0.42361256,-3.2290485,-4.1085787,6.1736283,-1.1126924,-3.3780577
../data/train_data_mmini/4/Train_0015.jpg	4	1.0,-1.0,-1.0,1.0,-1.0,-1.0,-1.0,1.0,-1.0,1.0,-1.0,1.0,-1.0,-1.0,-1.0,1.0,-1.0,1.0,1.0,-1.0,-1.0,1.0,-1.0,-1.0	3.443661,-3.9604223,-0.84860855,0.6913977,-3.0944197,-3.4351919,-1.4358,4.238554,-1.7939562,1.0778412,-1.683819,5.696233,-5.689417,-1.5624485,-0.8403286,10.168591,-1.6897918,1.0153788,0.31575245,-3.6141708,-4.496574,6.813449,-1.3366778,-4.170596
../data/train_data_mmini/4/Train_0016.jpg	4	1.0,-1.0,-1.0,1.0,-1.0,-1.0,-1.0,1.0,-1.0,1.0,-1.0,1.0,-1.0,-1.0,-1.0,1.0,-1.0,1.0,1.0,-1.0,-1.0,1.0,-1.0,-1.0	2.633018,-2.628052,-0.3936697,0.23116879,-2.3746026,-2.0063562,-0.83650386,2.7969613,-1.0218148,0.30382004,-0.9352789,3.5119534,-3.6629462,-1.3097771,-1.2869449,6.516589,-1.1111192,1.1286222,0.34620368,-2.7564094,-3.1759074,4.953994,-0.76757866,-2.6727972
../data/train_data_mmini/4/Train_0017.jpg	4	1.0,-1.0,-1.0,1.0,-1.0,-1.0,-1.0,1.0,-1.0,1.0,-1.0,1.0,-1.0,-1.0,-1.0,1.0,-1.0,1.0,-1.0,-1.0,-1.0,1.0,-1.0,-1.0	2.698226,-4.3444133,-0.39040762,0.3126381,-1.3652278,-2.598711,-0.08344691,3.1945012,-1.3118494,1.2151408,-1.4764888,4.832256,-4.9203596,-0.51171345,-0.6336383,8.517345,-2.5355349,0.7597614,-0.7083749,-3.1599944,-4.347752,5.5420623,-0.8517407,-3.5872588
../data/train_data_mmini/4/Train_0018.jpg	4	1.0,-1.0,-1.0,1.0,-1.0,-1.0,-1.0,1.0,-1.0,1.0,-1.0,1.0,-1.0,-1.0,-1.0,1.0,-1.0,1.0,1.0,-1.0,-1.0,1.0,-1.0,-1.0	2.1061032,-2.4831758,-0.42895257,0.38623324,-1.9098003,-2.2942638,-1.1934663,2.7158492,-0.8577464,0.7784566,-1.1426802,3.3193655,-3.8494964,-1.2815133,-0.63786274,6.6366205,-1.0955439,0.76713127,0.32977507,-2.196697,-3.033888,4.701628,-0.90357965,-2.539934
../data/train_data_mmini/4/Train_0019.jpg	4	1.0,-1.0,-1.0,1.0,-1.0,-1.0,1.0,1.0,-1.0,1.0,-1.0,1.0,-1.0,-1.0,-1.0,1.0,-1.0,1.0,-1.0,-1.0,-1.0,1.0,-1.0,-1.0	2.4685133,-4.4647613,-0.82445264,0.7428325,-1.8766029,-2.8881269,0.27810392,3.0290825,-1.3885199,0.9148312,-1.7217987,5.015294,-4.8981385,-0.9518396,-0.924708,8.904597,-2.1566005,0.89496714,-0.8213937,-2.9398751,-4.453617,5.8889575,-0.88764393,-3.7224457
../data/train_data_mmini/5/Train_0020.jpg	5	1.0,-1.0,-1.0,1.0,-1.0,-1.0,-1.0,1.0,-1.0,1.0,-1.0,1.0,-1.0,-1.0,-1.0,1.0,-1.0,1.0,1.0,-1.0,-1.0,1.0,-1.0,-1.0	3.773766,-4.395638,-0.47827145,0.7592605,-3.1068008,-3.6521351,-1.6811244,4.8843074,-1.3915223,1.1835592,-1.91774,5.795157,-6.1213717,-2.0761876,-1.042274,11.165375,-1.8943889,1.6224507,0.35896754,-4.4128513,-5.2360344,7.928791,-1.5649335,-4.1340485
../data/train_data_mmini/5/Train_0021.jpg	5	1.0,-1.0,-1.0,1.0,-1.0,-1.0,-1.0,1.0,-1.0,1.0,-1.0,1.0,-1.0,-1.0,-1.0,1.0,-1.0,1.0,1.0,-1.0,-1.0,1.0,-1.0,-1.0	3.9031236,-4.8341365,-0.8901225,0.7548824,-3.318285,-3.8352988,-1.8959507,4.88688,-1.869817,1.3013248,-1.7977101,6.201237,-6.445851,-1.9838327,-1.276252,11.6723385,-1.7149826,1.5998164,0.3373875,-4.446169,-5.4721847,8.195675,-1.4861248,-4.548927
../data/train_data_mmini/5/Train_0022.jpg	5	1.0,-1.0,-1.0,1.0,-1.0,-1.0,-1.0,1.0,-1.0,1.0,-1.0,1.0,-1.0,-1.0,-1.0,1.0,-1.0,1.0,1.0,-1.0,-1.0,1.0,-1.0,-1.0	3.4597676,-4.2723346,-0.5260185,0.74760735,-2.9660444,-3.4963148,-1.5251254,4.599562,-1.3813837,1.1381235,-2.1066968,5.6802197,-5.9560747,-2.039502,-0.9163566,10.931032,-1.8743702,1.6798432,0.26615128,-4.1493855,-5.039442,7.7351904,-1.5085517,-4.05131
../data/train_data_mmini/5/Train_0023.jpg	5	1.0,-1.0,-1.0,1.0,-1.0,-1.0,-1.0,1.0,-1.0,1.0,-1.0,1.0,-1.0,-1.0,-1.0,1.0,-1.0,1.0,1.0,-1.0,-1.0,1.0,-1.0,-1.0	3.6669116,-4.276755,-0.4532384,0.77225095,-3.0219214,-3.6329918,-1.8831005,4.991497,-1.4079071,1.2329999,-1.8566625,5.6490893,-6.003589,-2.0754082,-1.0488453,11.089348,-1.639163,1.7274884,0.49855438,-4.3701077,-5.375619,7.7878346,-1.5006696,-4.0874896
../data/train_data_mmini/5/Train_0024.jpg	5	1.0,-1.0,-1.0,1.0,-1.0,-1.0,-1.0,1.0,-1.0,1.0,-1.0,1.0,-1.0,-1.0,-1.0,1.0,-1.0,1.0,1.0,-1.0,-1.0,1.0,-1.0,-1.0	3.9780407,-4.042299,-0.96368134,0.81971014,-3.5449035,-3.8408594,-2.5337694,5.0027914,-1.6761775,1.012107,-1.733628,5.881736,-6.32395,-2.216051,-0.9766,11.193985,-1.262971,1.5673184,1.1874701,-4.2800336,-4.995015,7.721195,-1.5806355,-4.103706
../data/train_data_mmini/6/Train_0025.jpg	6	1.0,-1.0,-1.0,1.0,-1.0,-1.0,-1.0,1.0,-1.0,1.0,-1.0,1.0,-1.0,-1.0,-1.0,1.0,-1.0,1.0,1.0,-1.0,-1.0,1.0,-1.0,-1.0	2.8400185,-3.115266,-0.6399267,0.4258787,-2.501014,-2.6055198,-1.3441523,3.2084656,-1.0384271,0.6848881,-1.1237943,3.753618,-4.204607,-1.5865389,-1.0655123,7.611024,-1.201462,1.1317276,0.59337807,-3.0855963,-3.5119271,5.6516643,-1.1567469,-2.855765
../data/train_data_mmini/6/Train_0026.jpg	6	1.0,-1.0,-1.0,1.0,-1.0,-1.0,-1.0,1.0,-1.0,1.0,-1.0,1.0,-1.0,-1.0,-1.0,1.0,-1.0,1.0,1.0,-1.0,-1.0,1.0,-1.0,-1.0	3.1392617,-4.2076263,-0.42055634,0.5875435,-2.4696307,-2.9877386,-1.3384162,3.9999876,-1.2350254,1.1875705,-1.8252872,5.238045,-5.4376106,-1.5631148,-0.5493062,9.656972,-2.2882774,1.5024363,0.28846785,-3.910986,-4.668228,6.703827,-1.0649385,-3.5874894
../data/train_data_mmini/6/Train_0027.jpg	6	1.0,-1.0,-1.0,1.0,-1.0,-1.0,-1.0,1.0,-1.0,1.0,-1.0,1.0,-1.0,-1.0,-1.0,1.0,-1.0,1.0,1.0,-1.0,-1.0,1.0,-1.0,-1.0	2.347851,-2.4610808,-0.18039875,0.16378546,-2.0719132,-2.5554874,-1.2908143,2.971109,-0.49220592,0.8722491,-1.1097614,3.1074743,-3.3382013,-1.6484092,-1.1310313,6.524626,-1.0500636,1.0591917,0.80745184,-2.6589692,-3.1578372,5.181714,-0.98895186,-2.1946645
../data/train_data_mmini/6/Train_0028.jpg	6	1.0,-1.0,-1.0,1.0,-1.0,-1.0,-1.0,1.0,-1.0,1.0,-1.0,1.0,-1.0,-1.0,-1.0,1.0,-1.0,1.0,1.0,-1.0,-1.0,1.0,-1.0,-1.0	2.980256,-3.106433,-0.87019056,0.3908387,-2.9013999,-2.618824,-1.632279,3.1809802,-1.0953369,0.71724045,-1.4359376,4.4090405,-4.6901298,-2.0512853,-1.0168176,8.388299,-1.2736269,1.2750044,0.94621456,-3.2187889,-3.2985861,5.9305043,-1.0743904,-3.1968613
../data/train_data_mmini/6/Train_0029.jpg	6	1.0,-1.0,-1.0,1.0,-1.0,-1.0,-1.0,1.0,-1.0,1.0,-1.0,1.0,-1.0,-1.0,-1.0,1.0,-1.0,1.0,1.0,-1.0,-1.0,1.0,-1.0,-1.0	2.9341488,-3.9872007,-0.49120653,0.53531367,-2.2273374,-2.7661448,-0.8063738,3.624706,-1.1138296,0.9449299,-1.6781135,4.738174,-4.8464026,-1.4100443,-0.71697557,9.09708,-1.7235929,1.3432302,0.14578126,-3.7235913,-4.2576623,6.3939033,-1.2640599,-3.3505347
../data/train_data_mmini/7/Train_0030.jpg	7	1.0,-1.0,-1.0,1.0,-1.0,-1.0,-1.0,1.0,-1.0,1.0,-1.0,1.0,-1.0,-1.0,-1.0,1.0,-1.0,1.0,-1.0,-1.0,-1.0,1.0,-1.0,-1.0	3.806472,-5.004063,-0.38825518,0.57007957,-3.1710403,-3.5850403,-0.8409754,4.8198442,-1.9234028,1.0078149,-1.6463838,6.0085144,-6.296889,-1.5770711,-1.8269631,11.112004,-2.0565753,1.4235603,-0.39820328,-4.288349,-5.863911,8.106312,-1.2754276,-4.5738277
../data/train_data_mmini/7/Train_0031.jpg	7	1.0,-1.0,-1.0,1.0,-1.0,-1.0,-1.0,1.0,-1.0,1.0,-1.0,1.0,-1.0,-1.0,-1.0,1.0,-1.0,1.0,1.0,-1.0,-1.0,1.0,-1.0,-1.0	3.2032561,-4.1821084,-0.46421877,0.5114208,-2.382042,-3.0235682,-1.2931231,4.098728,-1.2745032,1.181417,-1.8579214,5.125464,-5.5341444,-1.4277096,-0.7647545,9.779332,-2.0823898,1.4521343,0.20778859,-3.7315586,-4.662336,6.825572,-1.2620955,-3.7708778
../data/train_data_mmini/7/Train_0032.jpg	7	1.0,-1.0,-1.0,1.0,-1.0,-1.0,-1.0,1.0,-1.0,1.0,-1.0,1.0,-1.0,-1.0,-1.0,1.0,-1.0,1.0,1.0,-1.0,-1.0,1.0,-1.0,-1.0	2.9286768,-3.3106108,-0.72587013,0.33002132,-2.4969702,-2.8566966,-1.7805532,3.26348,-1.1438198,0.9303375,-1.12197,4.074699,-4.3869505,-1.5534354,-1.1023744,7.6698623,-1.0912968,1.0633898,0.7401421,-3.1438174,-3.827432,5.646437,-1.0535253,-3.1726527
../data/train_data_mmini/7/Train_0033.jpg	7	1.0,-1.0,-1.0,1.0,-1.0,-1.0,-1.0,1.0,-1.0,1.0,-1.0,1.0,-1.0,-1.0,-1.0,1.0,-1.0,1.0,1.0,-1.0,-1.0,1.0,-1.0,-1.0	3.2402918,-3.9316423,-0.2385542,0.5959676,-2.4786391,-3.498828,-1.6580784,4.7073884,-1.0615596,1.2462732,-1.5022287,5.091621,-5.3073444,-1.7155042,-0.8568559,9.72824,-1.3957647,1.4055563,0.5865433,-4.144715,-5.2738156,6.9209824,-1.3803158,-3.472452
../data/train_data_mmini/7/Train_0034.jpg	7	1.0,-1.0,-1.0,1.0,-1.0,-1.0,-1.0,1.0,-1.0,1.0,-1.0,1.0,-1.0,-1.0,-1.0,1.0,-1.0,1.0,1.0,-1.0,-1.0,1.0,-1.0,-1.0	2.5439472,-1.6208931,-0.8499074,0.5115321,-2.7770462,-2.463055,-2.3495684,2.215481,-0.68497694,0.5365654,-0.9791351,3.1381254,-3.2349727,-2.492593,-0.9157476,6.400973,-0.25324374,0.9563955,1.8887872,-2.1492288,-2.0007446,4.432702,-0.9842159,-2.2353137
../data/train_data_mmini/8/Train_0035.jpg	8	1.0,-1.0,-1.0,1.0,-1.0,-1.0,-1.0,1.0,-1.0,1.0,-1.0,1.0,-1.0,-1.0,-1.0,1.0,-1.0,1.0,1.0,-1.0,-1.0,1.0,-1.0,-1.0	3.304646,-4.2614264,-0.5739213,0.681632,-2.7148337,-3.2615554,-1.5145472,4.2624073,-1.3084421,1.1093403,-1.8239102,5.154899,-5.475191,-1.8350841,-0.9575219,10.091762,-1.6564693,1.5039545,0.29758635,-3.9027627,-4.8122187,7.2611666,-1.4157485,-3.7713923
../data/train_data_mmini/8/Train_0036.jpg	8	1.0,-1.0,-1.0,1.0,-1.0,-1.0,-1.0,1.0,-1.0,1.0,-1.0,1.0,-1.0,-1.0,-1.0,1.0,-1.0,1.0,1.0,-1.0,-1.0,1.0,-1.0,-1.0	3.1581802,-3.8862758,-0.56735617,0.6435241,-2.8223877,-3.1944325,-1.5773822,4.2234416,-1.2984295,1.023784,-1.7247795,5.0163827,-5.3716564,-1.9079168,-0.9984599,9.676133,-1.5948229,1.4482123,0.5529427,-3.836273,-4.5917587,6.9899197,-1.3091217,-3.5525064
../data/train_data_mmini/8/Train_0037.jpg	8	1.0,-1.0,-1.0,1.0,-1.0,-1.0,-1.0,1.0,-1.0,1.0,-1.0,1.0,-1.0,-1.0,-1.0,1.0,-1.0,1.0,1.0,-1.0,-1.0,1.0,-1.0,-1.0	3.5178745,-3.9655755,-0.77235705,0.54168034,-3.272809,-3.2869873,-1.8555804,4.0640345,-1.6254857,0.90234035,-1.5221901,5.3172646,-5.6229467,-1.9042618,-1.2194926,9.763626,-1.6108919,1.3142766,0.7869081,-3.801701,-4.2648287,7.0128493,-1.269622,-3.7132752
../data/train_data_mmini/8/Train_0038.jpg	8	1.0,-1.0,-1.0,1.0,-1.0,-1.0,-1.0,1.0,-1.0,1.0,-1.0,1.0,-1.0,-1.0,-1.0,1.0,-1.0,1.0,1.0,-1.0,-1.0,1.0,-1.0,-1.0	3.327096,-4.0373955,-0.5221462,0.5984612,-2.7360306,-3.014077,-1.3258538,3.8977282,-1.2941895,0.8610252,-1.7239673,4.940086,-5.0170794,-1.8709441,-1.159107,9.526188,-1.5688006,1.5281832,0.42610863,-3.85913,-4.522356,6.976381,-1.2494,-3.6880362
../data/train_data_mmini/8/Train_0039.jpg	8	1.0,-1.0,-1.0,1.0,-1.0,-1.0,-1.0,1.0,-1.0,1.0,-1.0,1.0,-1.0,-1.0,-1.0,1.0,-1.0,1.0,1.0,-1.0,-1.0,1.0,-1.0,-1.0	3.39629,-4.3560824,-0.56107473,0.54405695,-2.7841558,-3.3849103,-1.5070665,4.4638305,-1.3502532,1.1716725,-1.825498,5.390149,-5.8416643,-1.7157162,-0.9795011,10.511329,-1.8956503,1.5057687,0.27947965,-4.0977464,-4.8670936,7.52424,-1.5535775,-3.951628
../data/train_data_mmini/9/Train_0040.jpg	9	1.0,-1.0,-1.0,1.0,-1.0,-1.0,-1.0,1.0,-1.0,1.0,-1.0,1.0,-1.0,-1.0,-1.0,1.0,-1.0,1.0,1.0,-1.0,-1.0,1.0,-1.0,-1.0	3.9933963,-4.776202,-0.9313154,0.853722,-3.5962439,-3.9072704,-1.8061278,4.9557652,-1.8722538,1.1782354,-2.0497658,6.444701,-6.704998,-2.1373818,-1.1222517,11.998421,-1.9545159,1.4948987,0.42067227,-4.327582,-5.199166,8.319152,-1.6739887,-4.644462
../data/train_data_mmini/9/Train_0041.jpg	9	1.0,-1.0,-1.0,1.0,-1.0,-1.0,-1.0,1.0,-1.0,1.0,-1.0,1.0,-1.0,-1.0,-1.0,1.0,-1.0,1.0,1.0,-1.0,-1.0,1.0,-1.0,-1.0	2.6906,-3.003028,-0.45536384,0.41115087,-2.4266012,-2.622662,-1.4840754,3.338378,-0.8821838,0.78358555,-1.391201,3.938938,-4.433659,-1.7522835,-0.94434744,7.801466,-1.4130391,1.2802017,0.65847486,-3.1078522,-3.6187983,5.7304792,-1.1341919,-2.7973282
../data/train_data_mmini/9/Train_0042.jpg	9	1.0,-1.0,-1.0,1.0,-1.0,-1.0,-1.0,1.0,-1.0,1.0,-1.0,1.0,-1.0,-1.0,-1.0,1.0,-1.0,1.0,1.0,-1.0,-1.0,1.0,-1.0,-1.0	3.6078153,-3.7661633,-1.1200796,0.7465674,-3.4135852,-3.3773658,-1.9948409,4.089457,-1.8212934,0.88836217,-1.6992968,5.6613574,-5.916188,-1.8550849,-0.7521805,10.233496,-1.5693941,1.0115234,0.8197801,-3.3401506,-3.858563,6.852833,-1.5197791,-4.084535
../data/train_data_mmini/9/Train_0043.jpg	9	1.0,-1.0,-1.0,1.0,-1.0,-1.0,-1.0,1.0,-1.0,1.0,-1.0,1.0,-1.0,-1.0,-1.0,1.0,-1.0,1.0,1.0,-1.0,-1.0,1.0,-1.0,-1.0	3.6065042,-4.751505,-0.76469886,0.84856987,-3.041736,-3.72521,-1.2428509,4.673914,-1.4758732,1.3575464,-2.0637624,6.083272,-6.278004,-1.9970293,-0.96459085,11.697757,-2.076391,1.5984614,0.095930204,-4.433814,-5.4252586,8.166431,-1.551518,-4.4770746
../data/train_data_mmini/9/Train_0044.jpg	9	1.0,-1.0,-1.0,1.0,-1.0,-1.0,-1.0,1.0,-1.0,1.0,-1.0,1.0,-1.0,-1.0,-1.0,1.0,-1.0,1.0,1.0,-1.0,-1.0,1.0,-1.0,-1.0	3.5119326,-4.773238,-0.4879019,0.62802505,-2.5578308,-3.272955,-1.1030315,4.423674,-1.4056959,1.250966,-1.8024905,5.5873938,-5.799162,-1.4125898,-0.7738456,10.637582,-2.1975303,1.3922642,0.008716507,-4.2096386,-5.1962333,7.419396,-1.4015033,-4.1684694
../data/train_data_mmini/10/Train_0045.jpg	10	1.0,-1.0,-1.0,1.0,-1.0,-1.0,-1.0,1.0,-1.0,1.0,-1.0,1.0,-1.0,-1.0,-1.0,1.0,-1.0,1.0,1.0,-1.0,-1.0,1.0,-1.0,-1.0	2.2078705,-2.706857,-0.507745,0.4269986,-2.012741,-2.3154511,-1.1952622,2.6505895,-0.83822477,0.6981667,-1.437136,3.4735641,-3.7648346,-1.479096,-0.74511766,6.8164234,-0.86354136,1.1834024,0.564261,-2.6221178,-3.002502,4.9906206,-1.000243,-2.4737744
../data/train_data_mmini/10/Train_0046.jpg	10	1.0,-1.0,-1.0,1.0,-1.0,-1.0,-1.0,1.0,-1.0,1.0,-1.0,1.0,-1.0,-1.0,-1.0,1.0,-1.0,1.0,1.0,-1.0,-1.0,1.0,-1.0,-1.0	2.3176665,-2.8418174,-0.5629191,0.31503615,-1.7777497,-2.055551,-0.9346219,2.4213254,-0.7724494,0.7223878,-0.90409327,3.249464,-3.352984,-1.1797736,-0.58783954,6.2626786,-1.0924689,0.8213709,0.39309487,-2.6723242,-2.789593,4.385341,-0.9293042,-2.5059445
../data/train_data_mmini/10/Train_0047.jpg	10	1.0,-1.0,-1.0,1.0,-1.0,-1.0,-1.0,1.0,-1.0,1.0,-1.0,1.0,-1.0,-1.0,-1.0,1.0,-1.0,1.0,1.0,-1.0,-1.0,1.0,-1.0,-1.0	3.279951,-3.9225333,-0.91774094,0.6432379,-2.8719835,-3.2227864,-1.5940157,3.7253206,-1.3534433,0.9771233,-1.6620548,4.968254,-5.335563,-2.0318108,-1.0283481,9.662491,-1.3110206,1.4573598,0.65324223,-3.7573595,-4.223578,6.9296603,-1.2890537,-3.7212408
../data/train_data_mmini/10/Train_0048.jpg	10	1.0,-1.0,-1.0,1.0,-1.0,-1.0,-1.0,1.0,-1.0,1.0,-1.0,1.0,-1.0,-1.0,-1.0,1.0,-1.0,1.0,1.0,-1.0,-1.0,1.0,-1.0,-1.0	2.924181,-3.0650177,-0.66044533,0.5006002,-2.5193775,-2.7584736,-1.6606082,3.4756389,-1.1540184,0.72184294,-1.4603242,3.9954057,-4.462664,-1.8077006,-1.1324053,8.336262,-0.9956285,1.2449707,0.7754302,-3.1324317,-3.7520325,6.0781665,-1.2873636,-3.0106268
../data/train_data_mmini/10/Train_0049.jpg	10	1.0,-1.0,-1.0,1.0,-1.0,-1.0,-1.0,1.0,-1.0,1.0,-1.0,1.0,-1.0,-1.0,-1.0,1.0,-1.0,1.0,1.0,-1.0,-1.0,1.0,-1.0,-1.0	3.3500426,-4.212457,-0.71381307,0.6425423,-2.8397455,-3.3733742,-1.6079171,4.1052275,-1.3814855,1.0693647,-1.7477068,5.1323266,-5.5318465,-1.9435545,-1.0319002,9.995224,-1.5811642,1.5009903,0.42942756,-3.8264148,-4.5362544,7.209085,-1.428436,-3.8023248
