../data/train_data_mmini/1/Train_0000.jpg	1	1.0,-1.0,1.0,-1.0,1.0,1.0,-1.0,1.0,1.0,-1.0,1.0,1.0	0.4276081,-0.4031992,0.51792485,-0.26309088,0.5230215,0.120955184,-0.5455348,0.42936313,0.6571695,-0.6727692,0.3061935,0.18870538
../data/train_data_mmini/1/Train_0001.jpg	1	-1.0,1.0,1.0,1.0,-1.0,1.0,-1.0,1.0,-1.0,1.0,1.0,1.0	-0.06250046,0.03728791,0.0507253,0.10469175,-0.11454878,0.16732545,-0.237025,0.23467994,-0.07888269,0.17962778,0.07917008,0.15952978
../data/train_data_mmini/1/Train_0002.jpg	1	-1.0,1.0,1.0,1.0,-1.0,-1.0,-1.0,-1.0,-1.0,1.0,-1.0,1.0	-0.7136198,0.15284757,0.7408337,0.58631605,-0.53902304,-0.6613457,-0.062173035,-0.30682266,-0.2074087,1.4748255,-0.022987384,0.4320743
../data/train_data_mmini/1/Train_0003.jpg	1	1.0,-1.0,1.0,-1.0,1.0,1.0,-1.0,1.0,1.0,-1.0,1.0,-1.0	0.5364895,-0.46815446,0.060824174,-0.1256011,0.71919507,0.59429866,-0.4801412,0.5856356,0.66721773,-0.4711678,0.48576984,-0.12985343
../data/train_data_mmini/1/Train_0004.jpg	1	1.0,-1.0,1.0,-1.0,1.0,-1.0,-1.0,1.0,1.0,-1.0,1.0,1.0	0.4760154,-0.61822194,0.4497289,-0.30496296,0.12492343,-0.17190354,-0.119912565,0.49953783,1.0239744,-0.22208855,0.1545238,0.017399136
../data/train_data_mmini/2/Train_0005.jpg	2	-1.0,1.0,1.0,1.0,1.0,1.0,-1.0,1.0,-1.0,1.0,1.0,-1.0	-0.13495031,0.10488705,0.090104,0.16003755,0.19617894,0.31775635,-0.10113682,0.1857023,-0.3048708,0.080878235,0.23904331,-0.23426169
../data/train_data_mmini/2/Train_0006.jpg	2	-1.0,1.0,1.0,1.0,-1.0,-1.0,-1.0,-1.0,-1.0,-1.0,-1.0,1.0	-0.39593297,0.6638311,0.104972765,0.29650226,-0.1248062,-0.107730314,-0.28820294,-0.37342346,-1.3236789,-0.4809668,-0.113938466,0.2918733
../data/train_data_mmini/2/Train_0007.jpg	2	1.0,-1.0,1.0,-1.0,1.0,1.0,-1.0,1.0,1.0,-1.0,1.0,-1.0	1.4876059,-1.0572541,0.5841265,-1.2398901,1.1146516,0.45205963,-0.21829587,1.2459247,1.6454401,-1.7223183,0.43282935,-0.13202173
../data/train_data_mmini/2/Train_0008.jpg	2	-1.0,1.0,1.0,-1.0,-1.0,-1.0,1.0,-1.0,-1.0,-1.0,-1.0,1.0	-0.28470495,0.33009586,0.50126344,-0.17473961,-0.7625952,-0.92649007,0.11751953,-0.036969718,-0.3381028,-0.46745744,-0.50462073,0.14557505
../data/train_data_mmini/2/Train_0009.jpg	2	1.0,1.0,-1.0,-1.0,1.0,1.0,-1.0,1.0,1.0,-1.0,1.0,-1.0	0.8338357,0.024164515,-0.4002216,-0.3371828,0.7305376,0.69732165,-1.0517304,0.06972915,0.21067134,-1.3039981,0.15012123,-0.058813747
../data/train_data_mmini/3/Train_0010.jpg	3	1.0,1.0,-1.0,-1.0,-1.0,1.0,-1.0,1.0,1.0,-1.0,-1.0,-1.0	0.5744581,0.07446624,-0.842645,-0.56425726,-0.4948373,0.068036124,-0.09257178,0.51991266,0.23475859,-0.64735216,-0.55778867,-0.88991743
../data/train_data_mmini/3/Train_0011.jpg	3	-1.0,-1.0,1.0,1.0,-1.0,-1.0,1.0,-1.0,1.0,1.0,1.0,1.0	-0.5564025,-0.037426453,1.0307556,0.23520516,-0.6048241,-0.85191756,0.6148212,-0.014034342,0.5110238,2.3173456,0.010975358,0.44652575
../data/train_data_mmini/3/Train_0012.jpg	3	-1.0,1.0,-1.0,1.0,-1.0,1.0,-1.0,-1.0,-1.0,1.0,-1.0,1.0	-0.91668445,0.05177741,-0.13555226,1.3560511,-0.27660197,0.1307664,-0.5870318,-0.22657195,-0.2552549,1.8787419,-0.005579668,0.6436302
../data/train_data_mmini/3/Train_0013.jpg	3	-1.0,1.0,1.0,1.0,-1.0,-1.0,-1.0,-1.0,-1.0,1.0,-1.0,1.0	-1.2447356,0.8838341,0.1445166,0.9988858,-1.2100183,-0.9938553,-0.26749587,-0.9723275,-1.6276375,0.10831446,-0.7848787,0.5240412
../data/train_data_mmini/3/Train_0014.jpg	3	1.0,1.0,1.0,-1.0,-1.0,-1.0,1.0,-1.0,1.0,1.0,1.0,-1.0	0.14279684,0.24844791,0.1373293,-0.13720064,-0.26669875,-0.12516706,0.066643864,-0.030045208,0.29780707,0.22335087,0.087095365,-0.19600637
../data/train_data_mmini/4/Train_0015.jpg	4	-1.0,1.0,1.0,1.0,-1.0,-1.0,-1.0,-1.0,1.0,1.0,-1.0,1.0	-0.6427304,0.18243448,0.70525444,0.61639863,-0.68334144,-0.64109546,-0.2226614,-0.09040782,0.11632804,0.60327816,-0.36931595,0.60851985
../data/train_data_mmini/4/Train_0016.jpg	4	-1.0,1.0,-1.0,1.0,1.0,1.0,-1.0,1.0,-1.0,1.0,1.0,-1.0	-0.5631741,0.15910147,-0.21167122,0.37764263,0.35421968,0.420887,-0.31550315,0.03428491,-0.8818577,0.701216,0.530244,-0.18945768
../data/train_data_mmini/4/Train_0017.jpg	4	-1.0,1.0,-1.0,1.0,-1.0,-1.0,-1.0,-1.0,-1.0,1.0,-1.0,1.0	-1.129539,0.7728758,-0.074194044,1.57835,-0.23695126,-0.00999634,-0.5706416,-0.7045104,-1.848804,1.2868451,-0.041986797,0.6343672
../data/train_data_mmini/4/Train_0018.jpg	4	1.0,1.0,1.0,-1.0,1.0,1.0,-1.0,1.0,1.0,-1.0,-1.0,-1.0	0.3442728,0.07904096,0.12834142,-0.37801048,0.07017609,0.174176,-0.17357266,0.4090364,0.30326572,-0.33952272,-0.10470034,-0.22927044
../data/train_data_mmini/4/Train_0019.jpg	4	-1.0,1.0,-1.0,1.0,-1.0,-1.0,1.0,-1.0,-1.0,1.0,-1.0,1.0	-0.7974752,0.6785094,-0.061125603,0.94478613,-0.536904,-0.28287235,0.08556944,-0.8716083,-1.4814664,0.3180145,-0.25304264,0.21108174
../data/train_data_mmini/5/Train_0020.jpg	5	1.0,-1.0,1.0,-1.0,1.0,1.0,-1.0,1.0,1.0,-1.0,1.0,-1.0	0.57057226,-0.4429352,0.16248506,-0.2736996,0.5154725,0.2605504,-0.1304587,0.5815877,0.42510235,-0.44457844,0.36791164,-0.089799516
../data/train_data_mmini/5/Train_0021.jpg	5	-1.0,1.0,1.0,1.0,-1.0,-1.0,1.0,-1.0,1.0,1.0,-1.0,1.0	-0.29389846,0.057645995,0.6914435,0.20197178,-0.57317716,-1.0976998,0.25018194,-0.2748008,0.35868734,0.5571051,-0.23561244,0.426479
../data/train_data_mmini/5/Train_0022.jpg	5	1.0,-1.0,1.0,-1.0,1.0,1.0,-1.0,1.0,1.0,-1.0,1.0,1.0	1.0766796,-0.57530844,0.32236558,-0.86458266,0.679942,0.39565355,-0.4883211,0.779898,0.81795764,-1.8567041,0.12891193,0.0073697013
../data/train_data_mmini/5/Train_0023.jpg	5	1.0,-1.0,1.0,-1.0,1.0,1.0,-1.0,1.0,1.0,-1.0,1.0,-1.0	1.0878462,-0.4258397,0.08918981,-0.67797124,0.79199296,0.55245626,-0.4206477,0.7211121,1.0077021,-1.331577,0.2916362,-0.051193025
../data/train_data_mmini/5/Train_0024.jpg	5	1.0,-1.0,1.0,-1.0,1.0,-1.0,-1.0,1.0,1.0,1.0,1.0,-1.0	0.5107459,-0.80478287,0.37614828,-0.2513507,0.42365682,-0.278183,-0.056950223,0.594113,1.5101337,0.14058045,0.1988209,-0.12576166
../data/train_data_mmini/6/Train_0025.jpg	6	1.0,-1.0,-1.0,1.0,1.0,1.0,1.0,1.0,1.0,1.0,1.0,-1.0	0.10536202,-0.17127101,-0.497338,0.6546084,0.5369438,0.5687055,0.0653214,0.067732394,0.035049297,1.0673534,0.6445586,-0.4003977
../data/train_data_mmini/6/Train_0026.jpg	6	1.0,-1.0,-1.0,1.0,1.0,1.0,-1.0,1.0,1.0,-1.0,1.0,-1.0	0.61030495,-0.26121134,-0.15371852,0.08076749,0.5402066,0.7749274,-0.4158743,0.5708593,0.4069735,-0.08508385,0.31980354,-0.3063044
../data/train_data_mmini/6/Train_0027.jpg	6	1.0,1.0,-1.0,-1.0,1.0,1.0,-1.0,1.0,1.0,1.0,1.0,-1.0	0.30616117,0.24816151,-0.63188004,-0.18176459,0.011590208,0.70008254,-0.11118618,0.15400691,0.14072067,0.6375158,0.33193162,-0.6934112
../data/train_data_mmini/6/Train_0028.jpg	6	1.0,-1.0,1.0,-1.0,1.0,-1.0,1.0,1.0,1.0,1.0,1.0,-1.0	0.38763973,-0.37014613,0.8639664,-0.7190914,0.02129599,-0.63199514,0.38595572,0.4764695,0.8485687,0.35545334,0.21240301,-0.062141594
../data/train_data_mmini/6/Train_0029.jpg	6	-1.0,1.0,-1.0,1.0,1.0,1.0,-1.0,-1.0,-1.0,-1.0,-1.0,1.0	-0.007019926,0.15605144,-0.26217106,0.59167343,0.051667776,0.30176994,-0.7431064,-0.20015067,-0.46176508,-0.56587744,-0.31592917,0.15255022
../data/train_data_mmini/7/Train_0030.jpg	7	1.0,1.0,1.0,1.0,1.0,1.0,-1.0,1.0,-1.0,-1.0,1.0,1.0	0.34413365,0.10995479,0.08221091,0.15050949,0.89500594,0.9290187,-0.8599114,0.284948,-0.38129398,-0.9878305,0.5383041,0.2047393
../data/train_data_mmini/7/Train_0031.jpg	7	-1.0,1.0,-1.0,1.0,1.0,1.0,-1.0,-1.0,-1.0,-1.0,-1.0,-1.0	-0.11402648,0.09241028,-0.3376884,0.25982305,0.10244795,0.05000575,-0.46548054,-0.033767875,-0.5206307,-0.2642256,-0.25264046,-0.15829185
../data/train_data_mmini/7/Train_0032.jpg	7	-1.0,1.0,1.0,1.0,-1.0,-1.0,1.0,-1.0,-1.0,1.0,-1.0,1.0	-0.84003645,0.3936722,0.28049803,0.47495896,-0.9832223,-0.93524927,0.29241195,-0.5629737,-0.078884296,2.1873174,-0.28952214,0.0026465398
../data/train_data_mmini/7/Train_0033.jpg	7	1.0,-1.0,-1.0,-1.0,1.0,1.0,-1.0,1.0,1.0,-1.0,1.0,-1.0	1.0933359,-0.49775866,-0.49581155,-0.5714868,1.1797687,1.0495639,-0.65694815,0.7510771,0.76785576,-0.76644003,0.55669385,-0.64394164
../data/train_data_mmini/7/Train_0034.jpg	7	1.0,-1.0,1.0,-1.0,-1.0,-1.0,1.0,1.0,1.0,1.0,1.0,-1.0	0.14221519,-0.61126894,0.28855914,-0.6041941,-0.6293161,-1.0489148,1.4796295,0.46724963,1.8606095,2.8072338,0.042166624,-0.61820525
../data/train_data_mmini/8/Train_0035.jpg	8	1.0,1.0,1.0,-1.0,1.0,1.0,-1.0,1.0,1.0,-1.0,-1.0,1.0	0.5782128,0.061069954,0.06694707,-0.4417447,0.076087765,0.021408811,-0.536173,0.27873382,0.48975304,-1.3907577,-0.36539796,0.08483935
../data/train_data_mmini/8/Train_0036.jpg	8	1.0,-1.0,-1.0,-1.0,1.0,1.0,-1.0,1.0,1.0,-1.0,1.0,-1.0	0.6507905,-0.28138205,-0.03398272,-0.41466188,0.797111,0.5412432,-0.40369463,0.59885365,0.46079037,-0.9602378,0.23649712,-0.29933736
../data/train_data_mmini/8/Train_0037.jpg	8	1.0,-1.0,1.0,-1.0,-1.0,-1.0,1.0,1.0,1.0,1.0,1.0,-1.0	0.07489098,-0.13391666,0.1220703,-0.08015335,-0.013612543,-0.3822312,0.28515884,0.30045497,0.5673023,0.9142455,0.19292797,-0.104294665
../data/train_data_mmini/8/Train_0038.jpg	8	-1.0,1.0,1.0,1.0,-1.0,-1.0,-1.0,-1.0,-1.0,-1.0,-1.0,1.0	-0.3498339,0.35714105,0.010288777,0.26078948,-0.5785723,-0.31629953,-0.18833245,-0.12830436,-0.20809707,-0.06926321,-0.28947645,0.09503419
../data/train_data_mmini/8/Train_0039.jpg	8	1.0,-1.0,1.0,-1.0,1.0,1.0,-1.0,1.0,1.0,-1.0,-1.0,1.0	0.4329594,-0.017928584,0.13334204,-0.22950654,0.19442534,0.2576994,-0.6545238,0.17580217,0.35770157,-1.169263,-0.26357338,0.21818385
../data/train_data_mmini/9/Train_0040.jpg	9	1.0,-1.0,1.0,-1.0,-1.0,-1.0,1.0,1.0,1.0,-1.0,-1.0,1.0	0.20456648,-0.35194635,0.616583,-0.06029541,-0.06001476,-0.4407721,0.030165453,0.30052257,0.56976885,-0.13462898,-0.052905876,0.2594186
../data/train_data_mmini/9/Train_0041.jpg	9	1.0,-1.0,-1.0,-1.0,1.0,1.0,-1.0,1.0,1.0,-1.0,1.0,-1.0	0.7024334,-0.3910378,-0.31035393,-0.4977957,0.4687909,0.46917373,-0.020178925,0.628722,0.32764935,-0.1734871,0.25298017,-0.5837557
../data/train_data_mmini/9/Train_0042.jpg	9	-1.0,-1.0,1.0,1.0,-1.0,-1.0,1.0,-1.0,1.0,1.0,-1.0,1.0	-0.7916381,-0.17572816,0.7376033,0.6280052,-0.9642526,-1.2551645,0.48862934,-0.08592564,0.33688396,1.5253273,-0.46591866,0.43248078
../data/train_data_mmini/9/Train_0043.jpg	9	1.0,1.0,1.0,-1.0,1.0,-1.0,-1.0,1.0,1.0,-1.0,-1.0,1.0	0.5332824,0.08898051,0.41356555,-0.5254372,0.09854772,-0.12965272,-0.077659145,0.29021353,0.057587482,-1.3671461,-0.13434158,0.19043249
../data/train_data_mmini/9/Train_0044.jpg	9	-1.0,1.0,-1.0,1.0,-1.0,-1.0,-1.0,-1.0,-1.0,1.0,-1.0,1.0	-0.42981225,0.36474726,-0.21840225,1.0275092,-0.3776325,-0.010527298,-0.5446717,-0.44914567,-0.689267,0.31983855,-0.32041487,0.2736777
../data/train_data_mmini/10/Train_0045.jpg	10	-1.0,1.0,-1.0,-1.0,-1.0,1.0,-1.0,-1.0,1.0,-1.0,-1.0,-1.0	-0.01250359,0.2558889,-0.545436,-0.09939549,-0.1888079,0.2432773,-0.3967011,-0.07576862,0.26624194,-0.40437043,-0.5199209,-0.47240025
../data/train_data_mmini/10/Train_0046.jpg	10	-1.0,1.0,-1.0,1.0,-1.0,-1.0,1.0,-1.0,-1.0,1.0,-1.0,1.0	-1.0786538,0.5772784,-0.14251073,0.95866555,-0.956155,-0.7091486,0.025873523,-0.857718,-0.62265676,1.9123819,-0.5283913,0.12874201
../data/train_data_mmini/10/Train_0047.jpg	10	-1.0,1.0,1.0,1.0,-1.0,-1.0,1.0,-1.0,1.0,1.0,-1.0,-1.0	-0.51722515,0.24904503,0.20153774,0.26139003,-0.6287811,-0.81996304,0.39546487,-0.2719612,0.08605338,0.89423776,-0.30728742,-0.10096338
../data/train_data_mmini/10/Train_0048.jpg	10	-1.0,1.0,-1.0,1.0,-1.0,1.0,-1.0,-1.0,-1.0,1.0,-1.0,-1.0	-0.27274668,0.29240438,-0.69035757,0.86512536,-0.27720997,0.27521315,-0.37245908,-0.48475266,-0.15402398,0.18976077,-0.28640363,-0.28604075
../data/train_data_mmini/10/Train_0049.jpg	10	1.0,1.0,1.0,-1.0,-1.0,-1.0,-1.0,1.0,1.0,-1.0,-1.0,1.0	0.2952012,0.023737745,0.13852783,-0.104817905,-0.2660073,-0.35902694,-0.10408476,0.08789006,0.55412394,-0.37452736,-0.36901322,0.10351425
