../data/train_data_mmini/1/Train_0000.jpg	1	1.0,-1.0,-1.0,-1.0,1.0,1.0,1.0,1.0,-1.0,-1.0,1.0,-1.0,-1.0,-1.0,1.0,1.0,-1.0,1.0,1.0,-1.0,-1.0,-1.0,-1.0,1.0	0.34623352,-4.525021,-0.75505745,-0.78053033,3.665482,0.56380653,1.9950064,0.5612999,-0.6163054,-0.3805948,1.6297432,-0.8720953,-0.113567926,-3.2628596,0.9029517,1.0984466,-0.03825692,0.733569,1.2786775,-0.66574186,-3.6973524,-4.0377927,-1.8966568,0.75642496
../data/train_data_mmini/1/Train_0001.jpg	1	-1.0,-1.0,-1.0,-1.0,1.0,1.0,1.0,-1.0,1.0,1.0,-1.0,-1.0,1.0,1.0,1.0,1.0,-1.0,1.0,1.0,-1.0,1.0,-1.0,-1.0,1.0	-3.560991,-3.6944742,-3.3190534,-1.2454678,4.163028,1.4274057,0.3498928,-0.6248207,2.02898,0.34712046,-0.013555946,-0.1597918,2.425437,1.6733491,1.1938363,0.162014,-1.513181,1.2162392,0.3966001,-0.7672855,0.3008038,-2.1874814,-0.44089267,1.8531386
../data/train_data_mmini/1/Train_0002.jpg	1	1.0,-1.0,-1.0,1.0,1.0,1.0,-1.0,-1.0,1.0,-1.0,-1.0,1.0,-1.0,-1.0,1.0,-1.0,1.0,1.0,1.0,-1.0,1.0,-1.0,-1.0,-1.0	0.5343112,-5.9187174,-4.1202703,2.963084,4.849614,0.45676827,-0.7721279,-1.0562876,1.0437055,-3.6886358,-3.7543726,0.5093945,-1.2159632,-0.88410383,1.057676,-4.3951683,1.2859902,0.14196311,2.7308774,-3.9357057,2.4815652,-5.340248,-2.824655,-2.4325893
../data/train_data_mmini/1/Train_0003.jpg	1	1.0,-1.0,-1.0,-1.0,1.0,1.0,1.0,1.0,-1.0,1.0,1.0,-1.0,-1.0,-1.0,1.0,1.0,-1.0,1.0,1.0,1.0,-1.0,-1.0,-1.0,1.0	0.6180886,-4.967101,-0.6480568,-0.66598475,2.8294713,0.09896374,2.5240512,1.4941247,-0.8834419,1.6465034,4.3023863,-1.1828009,-0.4085699,-4.352701,1.221221,1.2070581,-1.4596195,0.22190039,1.7783613,0.7223744,-4.8896565,-1.3304329,-0.71958095,0.77147406
../data/train_data_mmini/1/Train_0004.jpg	1	-1.0,-1.0,1.0,-1.0,1.0,1.0,1.0,1.0,-1.0,1.0,1.0,-1.0,1.0,-1.0,1.0,1.0,1.0,1.0,1.0,-1.0,-1.0,-1.0,-1.0,1.0	-0.2591029,-2.5753937,1.6517496,-1.4138227,2.0465293,1.0217905,1.9706012,0.2913526,-0.8654336,0.562298,2.1307049,-0.0020558604,1.080237,-1.8459651,0.7114842,4.4268785,0.040468596,0.8253238,0.43141025,-1.04797,-3.68469,-2.451327,-1.2090139,3.2833116
../data/train_data_mmini/2/Train_0005.jpg	2	-1.0,1.0,-1.0,1.0,1.0,1.0,-1.0,1.0,1.0,1.0,1.0,1.0,-1.0,1.0,1.0,-1.0,-1.0,-1.0,1.0,-1.0,1.0,1.0,1.0,-1.0	-1.789624,1.5777141,-0.029540638,0.41407922,0.6101851,1.1230252,-1.4564872,0.27720532,2.5535069,0.9275094,0.41960648,0.99542123,-0.38512167,0.5292965,1.038917,-2.1975899,-1.5513989,-1.3452895,2.5511522,-1.0149026,0.5650987,0.060770992,0.98291403,-1.3711596
../data/train_data_mmini/2/Train_0006.jpg	2	1.0,1.0,1.0,1.0,-1.0,1.0,-1.0,-1.0,-1.0,-1.0,-1.0,1.0,-1.0,1.0,1.0,-1.0,1.0,-1.0,1.0,-1.0,1.0,-1.0,1.0,-1.0	0.74510986,2.9332283,0.44344667,0.36060843,-1.3032174,0.3530563,-1.4183447,-0.92227864,-0.53594977,-1.3384132,-1.3750757,1.176915,-0.8730819,2.240759,0.8458592,-2.4591403,0.6351149,-0.5420125,0.025840424,-0.28822094,1.0309079,-1.3964764,0.8531341,-3.012513
../data/train_data_mmini/2/Train_0007.jpg	2	1.0,-1.0,1.0,-1.0,1.0,1.0,1.0,1.0,-1.0,1.0,1.0,1.0,1.0,-1.0,1.0,1.0,1.0,1.0,1.0,-1.0,-1.0,-1.0,-1.0,1.0	1.2220505,-3.2208705,0.23400362,-0.73579204,3.3092287,0.8501568,1.2219217,1.1473632,-0.5820044,2.0003731,3.313879,0.39286563,1.4036651,-0.9659169,1.1189432,2.078452,0.82113457,1.1523924,0.66712546,-0.7975535,-0.46051595,-1.0855551,-1.4202787,1.5544199
../data/train_data_mmini/2/Train_0008.jpg	2	1.0,1.0,1.0,-1.0,-1.0,-1.0,-1.0,-1.0,-1.0,-1.0,-1.0,-1.0,1.0,1.0,1.0,1.0,1.0,1.0,-1.0,1.0,-1.0,-1.0,-1.0,1.0	1.7709472,0.8099027,1.297067,-1.090284,-0.039901655,-1.4505022,-0.68925077,-1.645155,-1.495341,-2.0513802,-3.0478718,-0.55018383,0.99385685,0.5779749,0.27056834,1.7755662,3.4484992,1.1830822,-2.9275224,0.60756004,-0.6623916,-2.0996747,-1.4969447,0.6344195
../data/train_data_mmini/2/Train_0009.jpg	2	-1.0,1.0,1.0,-1.0,-1.0,1.0,-1.0,-1.0,1.0,1.0,1.0,-1.0,1.0,1.0,1.0,1.0,-1.0,-1.0,1.0,1.0,1.0,1.0,1.0,1.0	-3.1896875,2.4638245,1.4029757,-1.5566152,-1.1094451,0.83577967,-1.208222,-0.24550751,2.2944627,1.3771496,0.88542086,-0.2117075,1.3804923,1.02585,1.4213997,0.7898865,-2.6172895,-2.1758332,0.84181243,0.7684616,0.40186557,0.9715607,2.384735,1.0431203
../data/train_data_mmini/3/Train_0010.jpg	3	-1.0,1.0,1.0,-1.0,-1.0,1.0,-1.0,-1.0,1.0,1.0,1.0,-1.0,1.0,1.0,1.0,1.0,1.0,-1.0,-1.0,1.0,-1.0,1.0,1.0,1.0	-1.7903514,1.6655606,1.4961808,-1.7392585,-0.7881438,0.17077678,-0.86042774,-0.85321087,0.68870944,1.4251459,0.6769645,-0.6339594,2.2974038,2.0582318,0.38595596,3.1095424,0.30685106,-0.85999733,-1.5258539,0.695342,-0.078044936,0.8407568,0.85754764,3.1578226
../data/train_data_mmini/3/Train_0011.jpg	3	-1.0,-1.0,-1.0,1.0,1.0,1.0,-1.0,-1.0,1.0,-1.0,-1.0,1.0,1.0,1.0,1.0,-1.0,-1.0,-1.0,1.0,-1.0,1.0,-1.0,-1.0,-1.0	-0.39331064,-2.7490926,-1.4935925,1.3437576,2.951923,1.8166702,-0.64074636,-0.39137077,0.053390365,-3.1737158,-3.8497608,0.2786798,1.147242,0.96009576,1.2999613,-0.9644051,-0.42858014,-0.23750906,1.7334692,-3.274258,2.673518,-4.686256,-1.5354605,-0.78470975
../data/train_data_mmini/3/Train_0012.jpg	3	-1.0,1.0,-1.0,1.0,1.0,1.0,-1.0,-1.0,1.0,-1.0,-1.0,1.0,1.0,1.0,1.0,-1.0,-1.0,-1.0,1.0,-1.0,-1.0,-1.0,1.0,1.0	-6.8872075,0.13014361,-1.4254421,0.20947458,1.2574253,2.9447389,-0.5656279,-1.7911013,3.9259458,-0.3010088,-3.4294817,1.4238349,0.13258287,0.3204572,1.1057373,-0.9155215,-3.8098104,-0.96442133,3.1294882,-2.2302938,-1.2298721,-2.047317,1.2967452,2.0710518
../data/train_data_mmini/3/Train_0013.jpg	3	-1.0,1.0,-1.0,-1.0,-1.0,-1.0,-1.0,-1.0,1.0,-1.0,-1.0,1.0,-1.0,1.0,1.0,-1.0,1.0,1.0,-1.0,1.0,-1.0,-1.0,-1.0,-1.0	-0.8853439,2.1277263,-0.66804254,-0.48942766,-0.7378627,-0.5484337,-2.1284525,-1.8294666,0.28090516,-1.920752,-3.209744,0.69100994,-1.0763563,1.1526101,0.88209164,-1.6369177,2.0436733,0.62836593,-0.07259368,0.09846099,-2.5070472,-1.3616714,-0.39239946,-1.2876754
../data/train_data_mmini/3/Train_0014.jpg	3	1.0,1.0,1.0,-1.0,1.0,1.0,-1.0,-1.0,-1.0,1.0,-1.0,1.0,1.0,1.0,1.0,1.0,1.0,1.0,-1.0,-1.0,1.0,-1.0,1.0,1.0	0.3914791,2.7745075,0.9224644,-0.5320302,0.57372576,0.5485307,-1.8416219,-0.49612328,-0.31552953,0.7254869,-0.17833883,1.3669097,1.8769492,3.169732,1.4981835,0.42043772,1.4784275,0.5325321,-1.4896829,-1.033632,4.071153,-0.9123598,0.8168417,0.66144234
../data/train_data_mmini/4/Train_0015.jpg	4	-1.0,1.0,1.0,1.0,1.0,1.0,-1.0,-1.0,1.0,-1.0,-1.0,1.0,-1.0,-1.0,1.0,-1.0,1.0,-1.0,1.0,-1.0,-1.0,-1.0,-1.0,-1.0	-1.2366583,0.9675362,1.0892378,0.18598212,2.079421,0.50982773,-2.1053774,-1.3779731,0.38902184,-2.107396,-3.4626722,0.53255355,-0.6935662,-1.9951723,0.8499527,-0.5254723,1.7522131,-0.24326731,1.0224156,-1.3431563,-3.804863,-4.0906606,-2.3685033,-0.97767127
../data/train_data_mmini/4/Train_0016.jpg	4	-1.0,-1.0,-1.0,1.0,1.0,1.0,-1.0,1.0,1.0,1.0,-1.0,1.0,-1.0,1.0,1.0,-1.0,-1.0,-1.0,1.0,-1.0,1.0,-1.0,1.0,-1.0	-1.3730378,-1.5390279,-1.8440168,1.345502,1.6000379,0.33038867,-0.6498415,0.23287258,2.8301933,0.49215382,-0.26610795,0.39681584,-0.15723619,1.2464665,0.4059879,-3.4677863,-1.9480656,-0.9469807,1.3073928,-1.3453583,3.9780107,-0.24474205,0.82654065,-1.2496063
../data/train_data_mmini/4/Train_0017.jpg	4	-1.0,1.0,1.0,1.0,-1.0,1.0,-1.0,-1.0,1.0,-1.0,-1.0,1.0,-1.0,1.0,1.0,-1.0,-1.0,-1.0,1.0,-1.0,1.0,-1.0,1.0,-1.0	-2.3799334,1.4440289,0.37560493,2.3008833,-1.0448673,2.9902084,-2.427236,-1.1981121,1.328944,-1.6894356,-4.457109,0.98270494,-0.33579364,2.1841066,0.16927178,-3.0549,-1.6771672,-2.5330868,2.0710015,-2.3002868,2.8482106,-2.86782,0.92026615,-1.407579
../data/train_data_mmini/4/Train_0018.jpg	4	1.0,1.0,1.0,-1.0,-1.0,1.0,-1.0,-1.0,-1.0,1.0,1.0,1.0,1.0,1.0,1.0,1.0,1.0,-1.0,-1.0,-1.0,1.0,-1.0,1.0,1.0	1.6064614,1.8217242,2.8687491,-0.22408836,-0.7192208,0.78258514,-0.1765604,-0.17736879,-1.2605648,0.75036114,0.8825379,0.7840733,1.384505,1.3128008,0.6345331,1.9214138,0.17994747,-0.93209463,-0.30898964,-0.51294017,2.6720405,-0.5782002,0.26809895,0.5368971
../data/train_data_mmini/4/Train_0019.jpg	4	-1.0,1.0,-1.0,1.0,-1.0,1.0,-1.0,-1.0,1.0,-1.0,-1.0,1.0,-1.0,1.0,1.0,-1.0,-1.0,-1.0,1.0,-1.0,-1.0,-1.0,1.0,-1.0	-2.411575,1.4520671,-0.29119277,0.2332979,-0.21219094,0.4558351,-1.3074887,-1.017273,1.4695476,-1.4108632,-1.2892096,0.91257936,-2.0587766,1.0648451,0.67626333,-2.8169825,-0.63434434,-1.063737,1.8109839,-1.2105701,-1.2684941,-0.35514522,0.9614012,-1.5562122
../data/train_data_mmini/5/Train_0020.jpg	5	-1.0,-1.0,-1.0,-1.0,1.0,-1.0,1.0,1.0,1.0,1.0,1.0,-1.0,1.0,1.0,1.0,-1.0,-1.0,1.0,1.0,1.0,1.0,1.0,1.0,1.0	-0.6215174,-3.7932165,-2.713991,-0.5699328,2.8528535,-0.052560445,0.9367909,0.8144422,1.389032,3.1925743,3.1225843,-0.13618526,1.4801961,1.0613196,0.37890702,-0.24752297,-0.8991829,1.4747595,0.7074605,0.2519912,1.1762245,0.7131532,0.6708812,1.9007506
../data/train_data_mmini/5/Train_0021.jpg	5	1.0,1.0,1.0,-1.0,1.0,1.0,-1.0,-1.0,-1.0,-1.0,-1.0,1.0,1.0,-1.0,1.0,1.0,1.0,1.0,-1.0,-1.0,-1.0,-1.0,-1.0,-1.0	0.8258659,1.955439,2.875026,-0.93200046,0.9376653,0.72777045,-0.8383036,-1.5858597,-2.2050064,-1.9570911,-1.9137578,0.8183917,0.49313417,-2.1564164,1.3311125,2.6202912,1.6101308,0.9885061,-0.22890516,-0.878758,-4.268767,-3.2490556,-1.5850308,-0.036965135
../data/train_data_mmini/5/Train_0022.jpg	5	1.0,-1.0,-1.0,-1.0,1.0,-1.0,-1.0,1.0,-1.0,1.0,1.0,-1.0,1.0,1.0,1.0,1.0,1.0,1.0,-1.0,1.0,-1.0,1.0,-1.0,1.0	1.0989377,-0.21262963,-0.1191626,-1.3329521,0.97496545,-1.2740872,-0.2972774,0.35791454,-0.253217,1.4040835,2.0307717,-0.7952291,1.1422411,0.13388357,1.3163689,0.9295391,1.7538552,1.0610815,-1.3567138,1.6573163,-0.62046283,0.18662633,-0.6878522,0.8845236
../data/train_data_mmini/5/Train_0023.jpg	5	1.0,-1.0,-1.0,-1.0,1.0,-1.0,1.0,1.0,-1.0,1.0,1.0,-1.0,1.0,-1.0,1.0,1.0,-1.0,1.0,-1.0,1.0,-1.0,-1.0,-1.0,1.0	0.95043874,-3.539917,-1.1945897,-1.4015089,2.204116,-0.34367907,1.9896289,1.3029114,-1.0928241,2.7700126,4.589095,-1.1373245,1.0709662,-1.8369035,1.2680072,2.5963435,-0.172531,2.0438273,-0.09903712,2.090558,-3.4423645,-0.066731304,-0.31201664,2.269634
../data/train_data_mmini/5/Train_0024.jpg	5	-1.0,-1.0,1.0,-1.0,1.0,1.0,1.0,1.0,1.0,1.0,1.0,1.0,1.0,-1.0,1.0,1.0,-1.0,-1.0,1.0,-1.0,-1.0,-1.0,-1.0,1.0	-1.8520278,-1.4542974,2.034442,-0.8681716,2.4280899,1.5780973,0.53643507,0.08138603,0.85776776,0.57869446,1.073875,0.70670295,0.35799614,-3.2377481,0.9911917,1.9954709,-0.3577257,-0.4677029,2.6417418,-2.0402844,-4.3418674,-2.6540198,-1.1953682,1.5742654
../data/train_data_mmini/6/Train_0025.jpg	6	-1.0,1.0,1.0,1.0,1.0,1.0,-1.0,1.0,1.0,1.0,-1.0,1.0,-1.0,-1.0,1.0,-1.0,-1.0,-1.0,1.0,-1.0,-1.0,-1.0,1.0,-1.0	-3.117,0.7102334,0.22141425,1.0741698,0.84304667,2.9954548,-0.96168983,0.82678086,1.757723,1.006969,-0.17531635,2.2400875,-2.1637383,-1.1493143,2.224668,-3.076785,-3.558705,-2.5711293,4.937048,-2.136802,-0.43915018,-0.2528103,1.3193092,-2.2548895
../data/train_data_mmini/6/Train_0026.jpg	6	1.0,-1.0,1.0,1.0,1.0,1.0,1.0,1.0,-1.0,1.0,1.0,1.0,1.0,-1.0,1.0,1.0,-1.0,-1.0,1.0,-1.0,1.0,-1.0,1.0,1.0	0.62118125,-3.8470638,3.1650195,0.086597346,0.8936358,3.6219923,2.1268377,0.6028392,-2.5309746,2.1264439,4.4377403,0.9174171,3.7780714,-0.31649134,1.1459209,2.4769692,-4.126302,-3.5817633,1.1207817,-0.59247977,3.678574,-1.0967414,0.1289706,0.89103913
../data/train_data_mmini/6/Train_0027.jpg	6	-1.0,1.0,1.0,-1.0,-1.0,1.0,-1.0,-1.0,1.0,1.0,1.0,1.0,1.0,1.0,1.0,1.0,-1.0,-1.0,-1.0,1.0,1.0,1.0,1.0,1.0	-4.1514435,2.8636794,1.0377296,-1.0073662,-1.0915166,2.1658876,-2.103965,-0.9632118,2.3963077,2.8159442,0.5225741,0.31756726,3.5684066,3.8103034,1.0480678,1.2243197,-3.3378768,-2.2557507,-0.66469944,0.6008578,4.504516,1.2540437,3.0506792,2.785301
../data/train_data_mmini/6/Train_0028.jpg	6	1.0,-1.0,1.0,1.0,1.0,-1.0,1.0,-1.0,-1.0,-1.0,-1.0,1.0,1.0,1.0,1.0,1.0,1.0,1.0,-1.0,-1.0,1.0,-1.0,-1.0,1.0	3.940239,-2.4965668,0.81130743,0.81206626,2.5557625,-0.26480907,0.0017149919,-0.4456161,-1.0268215,-2.152954,-2.4378154,0.9063354,1.8366805,2.5780852,1.3876997,1.3326174,2.7942212,0.3888884,-1.0708007,-3.9828343,6.670481,-2.7436209,-1.4597375,0.24147104
../data/train_data_mmini/6/Train_0029.jpg	6	-1.0,-1.0,-1.0,-1.0,-1.0,-1.0,-1.0,-1.0,1.0,-1.0,-1.0,-1.0,-1.0,-1.0,1.0,-1.0,-1.0,-1.0,1.0,1.0,-1.0,1.0,1.0,-1.0	-4.427586,-0.6032848,-1.2754744,-0.6159644,-2.4458325,-1.0838921,-0.9754451,-0.42068157,1.8006728,-2.254382,-3.0588486,-0.98104155,-4.2751846,-1.1299057,1.4248792,-2.2210217,-2.8160453,-3.2752252,2.1927443,0.62811667,-5.6949773,1.9954579,1.1715051,-1.0516201
../data/train_data_mmini/7/Train_0030.jpg	7	-1.0,1.0,-1.0,-1.0,1.0,1.0,-1.0,1.0,1.0,1.0,1.0,1.0,1.0,1.0,1.0,-1.0,-1.0,-1.0,1.0,-1.0,1.0,-1.0,1.0,-1.0	-3.2528954,1.3075798,-0.9332274,-0.5414867,0.7897187,0.9316336,-1.738041,0.3584852,3.317155,0.91132957,0.17348865,0.26859072,0.2615038,0.977913,1.4011455,-2.5968084,-2.555068,-1.6324639,2.3476706,-0.031159027,1.3297021,-0.4310213,1.5406697,-1.3715497
../data/train_data_mmini/7/Train_0031.jpg	7	-1.0,1.0,1.0,-1.0,-1.0,-1.0,-1.0,-1.0,1.0,1.0,-1.0,-1.0,1.0,1.0,1.0,-1.0,-1.0,-1.0,-1.0,1.0,1.0,1.0,1.0,-1.0	-0.39403412,2.7485754,1.2284701,-0.7762228,-2.0583203,-0.55543435,-1.3298073,-0.045306597,2.2475944,0.56561273,-0.489337,-0.5399968,1.0579374,2.1154766,0.40233552,-1.746438,-0.2476577,-2.5531693,-0.46598205,0.5823886,3.3651602,1.2320201,0.819908,-0.58571804
../data/train_data_mmini/7/Train_0032.jpg	7	-1.0,1.0,1.0,1.0,-1.0,1.0,-1.0,-1.0,1.0,-1.0,-1.0,1.0,1.0,1.0,1.0,1.0,-1.0,-1.0,1.0,-1.0,1.0,-1.0,1.0,1.0	-2.216165,2.9752307,2.231997,0.5709016,-1.5313888,1.9413108,-2.5224488,-1.0789615,0.70373595,-1.290986,-4.859843,0.034162425,1.4844955,1.5095608,0.15009728,0.1833374,-1.2252607,-1.9184828,0.6282641,-1.0184275,1.921097,-2.272635,0.8646802,0.7950049
../data/train_data_mmini/7/Train_0033.jpg	7	-1.0,-1.0,1.0,1.0,1.0,1.0,-1.0,1.0,1.0,1.0,1.0,1.0,1.0,1.0,1.0,-1.0,-1.0,-1.0,1.0,-1.0,1.0,1.0,1.0,1.0	-2.8248792,-0.120300755,0.41057834,0.32078758,0.19354127,1.6842568,-0.5548488,0.14732853,2.9506438,2.3638463,1.029653,0.53571284,1.9784862,1.9953318,0.4338488,-1.0674566,-3.7512653,-2.2230637,1.5123764,-0.9019472,4.699654,0.89914817,2.5990393,1.2026376
../data/train_data_mmini/7/Train_0034.jpg	7	-1.0,-1.0,1.0,1.0,1.0,1.0,-1.0,-1.0,-1.0,-1.0,-1.0,1.0,1.0,1.0,1.0,1.0,-1.0,-1.0,1.0,-1.0,1.0,-1.0,-1.0,1.0	-0.20811091,-0.72960407,1.5431063,0.11937704,1.1771356,1.3797072,-0.47435743,-0.53052396,-0.4597687,-0.6719638,-1.8490908,0.75062823,2.3870392,0.7272633,0.8017262,2.6146982,-0.25439295,-0.8537162,0.8018373,-3.1696365,2.9271958,-1.6087165,-0.7185896,1.7800323
../data/train_data_mmini/8/Train_0035.jpg	8	-1.0,1.0,1.0,-1.0,-1.0,1.0,-1.0,-1.0,1.0,-1.0,-1.0,1.0,1.0,1.0,1.0,-1.0,1.0,1.0,-1.0,1.0,-1.0,-1.0,-1.0,-1.0	-1.7842952,6.0388293,1.0509409,-1.3157144,-1.5432312,0.0073819184,-2.9104269,-1.5367416,0.67019796,-0.620426,-2.922332,1.0643477,0.4647303,1.1195083,1.4764903,-0.014521231,2.1961143,0.5672444,-1.6357002,1.2485685,-2.7162845,-0.010219421,-0.20406756,-1.3395041
../data/train_data_mmini/8/Train_0036.jpg	8	1.0,1.0,1.0,1.0,-1.0,1.0,-1.0,1.0,1.0,1.0,-1.0,1.0,-1.0,1.0,1.0,-1.0,-1.0,-1.0,1.0,-1.0,1.0,1.0,1.0,-1.0	0.6549976,3.8772824,1.7007865,1.3161136,-0.6020977,1.0792959,-2.3072624,0.3123571,1.9800789,0.26363027,-0.4868153,2.13736,-0.16801754,2.3706784,1.5533353,-4.2645483,-0.46630684,-2.779172,1.6309124,-1.8229558,5.669103,0.79453015,0.9799416,-3.6941345
../data/train_data_mmini/8/Train_0037.jpg	8	-1.0,1.0,1.0,1.0,-1.0,1.0,-1.0,-1.0,1.0,-1.0,-1.0,1.0,1.0,1.0,1.0,1.0,-1.0,-1.0,1.0,-1.0,1.0,-1.0,1.0,1.0	-2.8943772,2.421622,3.4666457,0.75975037,-0.5435985,3.583675,-1.8952833,-0.9055255,0.807012,-0.29214245,-2.0746539,1.5419985,2.504159,1.9561703,0.831457,1.2244884,-2.088405,-3.346951,2.1977572,-3.1477494,3.8627105,-1.5402199,1.120308,0.8097274
../data/train_data_mmini/8/Train_0038.jpg	8	-1.0,1.0,-1.0,-1.0,1.0,-1.0,-1.0,-1.0,1.0,-1.0,-1.0,-1.0,1.0,1.0,1.0,-1.0,1.0,-1.0,-1.0,1.0,-1.0,1.0,-1.0,-1.0	-2.085429,2.0078528,-1.0212513,-1.2583597,0.17776863,-1.7775924,-2.3418102,-0.628977,2.7418897,-0.8444127,-2.2246022,-0.9192834,0.4241288,0.71656895,0.8070218,-1.4618065,1.695002,-0.29722032,-1.4700748,1.0821707,-0.6440021,0.015192512,-1.1436157,-0.18521634
../data/train_data_mmini/8/Train_0039.jpg	8	-1.0,1.0,1.0,-1.0,-1.0,1.0,-1.0,-1.0,1.0,-1.0,-1.0,1.0,1.0,1.0,1.0,-1.0,-1.0,-1.0,1.0,-1.0,-1.0,1.0,1.0,-1.0	-4.949365,6.6669974,1.710874,-0.10823391,-3.0202093,2.5396802,-3.3501282,-2.370155,2.3728313,-0.668909,-5.795823,1.7067308,0.17409262,2.8073592,1.4162136,-0.6428417,-0.5304197,-1.2471042,0.47923183,-0.6403052,-1.1297078,0.46094885,2.121292,-0.19746014
../data/train_data_mmini/9/Train_0040.jpg	9	-1.0,1.0,1.0,-1.0,1.0,1.0,-1.0,-1.0,1.0,-1.0,-1.0,1.0,1.0,-1.0,1.0,1.0,1.0,-1.0,1.0,-1.0,-1.0,-1.0,-1.0,1.0	-2.0134397,1.8336827,2.9259758,-0.8161347,1.537668,1.392429,-1.8455664,-1.1412814,0.80953664,-0.10228081,-1.0514654,1.5468866,1.1214558,-0.4833831,1.0357074,1.7447056,1.0285006,-0.57055223,1.1077828,-2.3141673,-1.1915517,-2.1030364,-1.0221449,1.0501381
../data/train_data_mmini/9/Train_0041.jpg	9	-1.0,-1.0,-1.0,-1.0,1.0,1.0,-1.0,-1.0,1.0,1.0,1.0,1.0,1.0,1.0,1.0,-1.0,-1.0,1.0,-1.0,-1.0,1.0,1.0,1.0,1.0	-2.8550162,-0.6724566,-1.5645047,-0.5585668,1.0818998,0.85901904,-0.77994573,-0.52610725,2.8649569,2.340278,0.2733262,0.16638598,2.7320175,3.9877486,0.32581395,-0.048071284,-1.4076705,0.39906344,-0.38540387,-0.5495077,5.1773963,0.9402102,1.7497178,2.5765386
../data/train_data_mmini/9/Train_0042.jpg	9	-1.0,1.0,1.0,1.0,1.0,1.0,-1.0,-1.0,1.0,-1.0,-1.0,1.0,1.0,-1.0,1.0,1.0,1.0,-1.0,1.0,-1.0,-1.0,-1.0,-1.0,1.0	-2.9625823,0.529432,2.020247,0.006696603,2.280609,1.9367392,-1.5353788,-1.5933977,0.8695016,-1.825479,-3.2743065,1.0714328,0.41436324,-1.6822323,0.7745413,1.1351953,0.8124788,-0.30641076,2.1196368,-2.999602,-3.7087083,-3.8023636,-1.8224744,1.0512289
../data/train_data_mmini/9/Train_0043.jpg	9	1.0,1.0,1.0,-1.0,-1.0,1.0,-1.0,-1.0,-1.0,-1.0,-1.0,1.0,1.0,1.0,1.0,-1.0,1.0,1.0,-1.0,-1.0,-1.0,-1.0,1.0,-1.0	1.2749162,4.860951,2.183447,-0.6363324,-0.5830565,0.24203384,-2.1589425,-0.97053105,-1.1090978,-0.13055255,-0.009769345,2.07768,0.14839938,1.6842382,1.4483887,-0.04604583,2.6648557,0.6784508,-0.9178914,-0.38163328,-0.10663395,-0.52773577,0.10450481,-1.8253342
../data/train_data_mmini/9/Train_0044.jpg	9	-1.0,1.0,-1.0,-1.0,-1.0,1.0,-1.0,-1.0,1.0,-1.0,-1.0,1.0,-1.0,1.0,1.0,-1.0,-1.0,-1.0,1.0,-1.0,-1.0,-1.0,1.0,-1.0	-6.584341,2.0514803,-0.9987521,-0.96590286,-0.05469754,1.5352321,-2.0048518,-1.4450706,3.504188,-0.70606846,-3.4752862,0.6401192,-1.1391678,1.0710084,1.4067383,-1.5304595,-2.0569732,-1.8632768,2.351843,-1.1112335,-3.7032118,-0.46772623,1.1877395,-0.009287898
../data/train_data_mmini/10/Train_0045.jpg	10	-1.0,1.0,1.0,1.0,-1.0,1.0,-1.0,-1.0,1.0,-1.0,-1.0,1.0,1.0,1.0,1.0,1.0,-1.0,-1.0,1.0,-1.0,1.0,1.0,1.0,1.0	-4.4450874,4.565362,3.43993,0.8987721,-3.6753771,2.6166425,-2.4696648,-1.5923325,1.4919701,-0.07255874,-5.1629143,0.74385524,0.49063066,2.056634,0.018734397,1.5337987,-2.5359874,-2.4861674,0.23148108,-0.79458547,1.0829449,2.160282,2.3204186,1.7446396
../data/train_data_mmini/10/Train_0046.jpg	10	-1.0,1.0,1.0,1.0,-1.0,1.0,-1.0,-1.0,1.0,-1.0,-1.0,1.0,-1.0,-1.0,1.0,-1.0,-1.0,-1.0,1.0,-1.0,-1.0,-1.0,1.0,1.0	-3.4250915,0.6249659,0.025499409,1.4153621,-0.4559163,3.120095,-1.501429,-0.97361934,0.38309807,-1.1274556,-4.020664,0.61478883,-0.45170197,-0.44898584,0.38105005,-0.17927103,-1.923791,-1.3515054,1.625168,-1.1724248,-1.0951391,-0.92965364,0.7295353,0.6916525
../data/train_data_mmini/10/Train_0047.jpg	10	-1.0,1.0,1.0,1.0,-1.0,1.0,-1.0,-1.0,1.0,-1.0,-1.0,1.0,-1.0,1.0,1.0,-1.0,1.0,-1.0,1.0,-1.0,-1.0,-1.0,1.0,-1.0	-1.2776405,5.027671,4.1829796,1.2329988,-2.435441,2.8275986,-2.7998137,-1.6356698,0.29025722,-1.4208592,-5.2018237,1.9134201,-0.32383278,0.42676842,1.1517028,-0.6182968,0.3487138,-1.9041116,0.9036794,-2.2056682,-0.76930106,-0.2510083,0.4894031,-1.00691
../data/train_data_mmini/10/Train_0048.jpg	10	-1.0,1.0,-1.0,-1.0,-1.0,-1.0,-1.0,-1.0,1.0,-1.0,-1.0,1.0,-1.0,1.0,1.0,-1.0,-1.0,-1.0,1.0,-1.0,-1.0,1.0,1.0,1.0	-6.6471176,2.1827931,-1.6434616,-0.59108806,-1.8184128,-0.29454097,-1.9033028,-0.12306695,3.738778,-0.67076564,-4.433,0.69451576,-2.1356087,0.4022971,1.5372845,-1.8542451,-2.1634586,-1.6089523,1.4499803,-0.40646502,-3.10194,3.7259822,0.9174726,0.21714011
../data/train_data_mmini/10/Train_0049.jpg	10	-1.0,1.0,1.0,1.0,-1.0,1.0,-1.0,-1.0,1.0,-1.0,-1.0,1.0,1.0,1.0,1.0,1.0,-1.0,-1.0,1.0,-1.0,-1.0,-1.0,1.0,1.0	-4.3215303,5.366657,2.7914975,0.28683716,-1.6989207,2.9047356,-3.5025375,-1.8901902,1.0434675,-0.9163201,-4.909525,1.2911705,0.72995836,0.8642525,1.6354041,0.8430555,-0.8365108,-1.7757176,0.7386729,-0.8684321,-1.4239349,-0.9822005,1.0833455,0.30244273
