../data/train_data_mmini/1/Train_0000.jpg	1	1.0,1.0,1.0,1.0,1.0,-1.0,-1.0,1.0,-1.0,1.0,1.0,1.0,-1.0,1.0,1.0,1.0,-1.0,1.0,-1.0,-1.0,-1.0,-1.0,-1.0,-1.0	0.8796929,3.8544843,0.43143696,0.84120023,0.55779624,-0.8955047,-1.0700048,0.3448592,-0.6966643,0.05409448,0.19496153,0.11711461,-0.3318212,0.14601982,1.3672849,0.403255,-0.78743106,0.69492877,-0.113184094,-1.9775232,-0.0796901,-0.59710217,-0.3056373,-0.43994918
../data/train_data_mmini/1/Train_0001.jpg	1	1.0,1.0,1.0,1.0,1.0,-1.0,-1.0,1.0,-1.0,1.0,1.0,-1.0,-1.0,1.0,1.0,1.0,-1.0,1.0,-1.0,-1.0,-1.0,-1.0,-1.0,-1.0	0.8091078,3.8860586,0.31747955,0.7798604,0.6250963,-0.8750325,-1.284152,0.38015252,-0.55527854,0.014506503,0.3275968,-0.10212829,-0.34940925,0.2861175,1.2600002,0.42248848,-0.9366533,0.40862602,-0.46214828,-2.1643844,-0.11991554,-0.602287,-0.36602435,-0.5809546
../data/train_data_mmini/1/Train_0002.jpg	1	1.0,1.0,1.0,1.0,1.0,-1.0,-1.0,1.0,-1.0,1.0,1.0,1.0,-1.0,1.0,1.0,1.0,-1.0,1.0,-1.0,-1.0,-1.0,-1.0,-1.0,-1.0	0.6088741,3.3522573,0.37541753,0.942014,0.21791463,-0.62928927,-0.66753215,0.20515884,-0.50941116,0.35259637,0.22567049,0.24914233,-0.44565842,0.34839514,0.96207786,0.24312656,-0.73862654,0.5571563,-0.05654778,-1.6676472,-0.09416953,-0.4377709,-0.21869309,-0.3945728
../data/train_data_mmini/1/Train_0003.jpg	1	1.0,1.0,1.0,1.0,1.0,-1.0,-1.0,1.0,-1.0,1.0,1.0,1.0,-1.0,1.0,1.0,1.0,-1.0,1.0,-1.0,-1.0,-1.0,-1.0,-1.0,-1.0	0.9201337,3.9351187,0.43229192,0.90913236,0.60209334,-0.89226216,-1.209799,0.43428704,-0.6596954,0.061894134,0.20952338,0.10760414,-0.34095976,0.08066821,1.431599,0.5431064,-0.8305289,0.73933136,-0.09068909,-1.9195255,-0.07701708,-0.5977716,-0.47688013,-0.53612995
../data/train_data_mmini/1/Train_0004.jpg	1	1.0,1.0,1.0,1.0,1.0,-1.0,-1.0,1.0,-1.0,1.0,-1.0,1.0,-1.0,-1.0,1.0,1.0,-1.0,1.0,-1.0,-1.0,1.0,-1.0,-1.0,-1.0	0.86443055,3.8740225,0.5107439,0.8766433,0.45891008,-1.0725344,-1.1474094,0.3071861,-0.80576986,0.2148324,-0.037191454,0.34420326,-0.63022757,-0.098390274,1.2813162,0.5607635,-0.59329504,1.0049053,-0.108804226,-1.6752609,0.11980367,-0.5030349,-0.14126197,-0.45177212
../data/train_data_mmini/2/Train_0005.jpg	2	1.0,1.0,1.0,1.0,1.0,-1.0,-1.0,1.0,-1.0,1.0,1.0,1.0,-1.0,1.0,1.0,1.0,-1.0,1.0,-1.0,-1.0,-1.0,-1.0,-1.0,-1.0	0.5876523,3.4818146,0.19773956,0.7553917,0.46435282,-0.78417075,-0.8383101,0.29582277,-0.48828253,0.10127468,0.2979613,0.11306531,-0.28431556,0.17812136,1.133002,0.123498514,-0.85964394,0.31954968,-0.10679425,-1.5890566,-0.06018143,-0.39443088,-0.49963725,-0.42951474
../data/train_data_mmini/2/Train_0006.jpg	2	1.0,1.0,1.0,1.0,1.0,-1.0,-1.0,1.0,-1.0,1.0,1.0,1.0,-1.0,1.0,1.0,-1.0,-1.0,-1.0,-1.0,-1.0,-1.0,-1.0,-1.0,-1.0	1.0062743,4.0925736,0.008731629,0.65273184,0.4164716,-0.5214491,-0.46573853,0.2124115,-0.63936627,0.014123685,0.59385484,0.035344265,-0.352887,0.80676067,1.4811589,-0.2498316,-1.0584651,-0.7678846,-0.28550917,-1.8647726,-0.39605832,-0.098481864,-0.8382438,-0.915392
../data/train_data_mmini/2/Train_0007.jpg	2	1.0,1.0,1.0,1.0,1.0,-1.0,-1.0,1.0,-1.0,1.0,1.0,1.0,-1.0,-1.0,1.0,1.0,-1.0,1.0,-1.0,-1.0,-1.0,-1.0,-1.0,-1.0	0.76989186,3.8521984,0.45670646,1.071178,0.25509825,-0.86730856,-0.95145607,0.16719648,-0.93996304,0.3574016,0.23598084,0.61366045,-0.5387774,-0.13746682,1.3125305,0.711475,-0.57292724,0.9736618,-0.0046062055,-1.6164775,-0.072484404,-0.643835,-0.024694515,-0.22287796
../data/train_data_mmini/2/Train_0008.jpg	2	1.0,1.0,1.0,1.0,1.0,-1.0,-1.0,1.0,-1.0,1.0,1.0,1.0,-1.0,1.0,1.0,1.0,-1.0,1.0,-1.0,-1.0,-1.0,-1.0,1.0,-1.0	0.5839391,3.6545835,0.38685524,0.7092167,0.05057087,-0.55219287,-0.55401313,0.117700264,-0.5547304,0.2892978,0.48416668,0.3436193,-0.3225775,0.34853593,1.1745213,0.30337012,-0.8560291,0.06261116,-0.034706857,-1.8963453,-0.55269074,-0.42547718,0.00010081654,-0.3709996
../data/train_data_mmini/2/Train_0009.jpg	2	1.0,1.0,1.0,1.0,1.0,-1.0,-1.0,1.0,-1.0,-1.0,1.0,-1.0,-1.0,1.0,1.0,1.0,-1.0,1.0,-1.0,-1.0,-1.0,-1.0,-1.0,-1.0	1.0643302,4.3130784,0.07312211,0.9588915,0.6429026,-0.882362,-1.1326149,0.4769037,-0.21210974,-0.024673315,0.45861366,-0.049833916,-0.26243916,0.19633195,1.5790592,0.42803007,-1.1781285,0.24149033,-0.13822913,-2.0693867,-0.45236793,-0.4370413,-0.8189945,-0.69882375
../data/train_data_mmini/3/Train_0010.jpg	3	1.0,1.0,-1.0,1.0,-1.0,-1.0,-1.0,-1.0,-1.0,1.0,1.0,1.0,-1.0,1.0,1.0,1.0,-1.0,-1.0,1.0,-1.0,-1.0,-1.0,-1.0,-1.0	0.3041454,2.974295,-0.007881043,0.80873746,-0.32805303,-0.14508252,-0.5456289,-0.049069468,-0.014072802,0.54429114,0.79918665,0.5970227,-0.30232462,0.14045173,0.98710155,0.5897676,-0.65919155,-0.2923003,0.117694385,-1.3819662,-1.0246996,-0.39981446,-0.21031989,-0.50428504
../data/train_data_mmini/3/Train_0011.jpg	3	1.0,1.0,1.0,1.0,1.0,-1.0,-1.0,1.0,-1.0,1.0,-1.0,-1.0,-1.0,-1.0,1.0,1.0,-1.0,1.0,-1.0,-1.0,1.0,-1.0,1.0,-1.0	0.4958568,2.879828,0.5850888,0.829572,0.4389201,-0.9748325,-0.9065051,0.2698508,-0.6941042,0.46872926,-0.34331304,-0.015064129,-0.5772551,-0.15907952,0.70020956,0.62450886,-0.6768254,1.6848484,-0.38615537,-1.5622874,0.34479764,-0.38742912,0.198144,-0.12687412
../data/train_data_mmini/3/Train_0012.jpg	3	1.0,1.0,1.0,1.0,1.0,-1.0,-1.0,1.0,-1.0,-1.0,-1.0,-1.0,-1.0,-1.0,1.0,1.0,-1.0,1.0,-1.0,-1.0,1.0,-1.0,-1.0,-1.0	1.251629,3.8901772,0.6918103,0.7556974,0.97292465,-1.3060092,-1.2723823,0.41402316,-1.0300474,-0.23132932,-0.5820544,-0.23890553,-0.91805446,-0.16833442,1.1892205,0.39220166,-0.6463444,1.7234695,-0.5673809,-1.6494238,0.9970174,-0.35182345,-0.4569239,-0.601223
../data/train_data_mmini/3/Train_0013.jpg	3	1.0,1.0,1.0,1.0,1.0,-1.0,-1.0,1.0,-1.0,1.0,1.0,1.0,-1.0,1.0,1.0,-1.0,-1.0,-1.0,-1.0,-1.0,-1.0,-1.0,-1.0,-1.0	0.8108454,4.014879,0.16951524,0.6335974,0.39870152,-0.61125225,-0.5786316,0.06310949,-0.9571105,0.2563433,0.44274217,0.005149609,-0.44752648,0.62042,1.3386527,-0.044242803,-0.90672404,-0.32781532,-0.4173026,-1.9028798,-0.29837316,-0.07839036,-0.28363898,-0.8144561
../data/train_data_mmini/3/Train_0014.jpg	3	1.0,1.0,1.0,1.0,1.0,-1.0,-1.0,1.0,-1.0,1.0,1.0,1.0,-1.0,1.0,1.0,1.0,-1.0,1.0,-1.0,-1.0,-1.0,-1.0,-1.0,-1.0	0.75148696,3.7444005,0.2419518,0.91335326,0.34780338,-0.8253347,-0.7804131,0.22052535,-0.5221764,0.1866808,0.2045146,0.25185677,-0.40532625,0.19499141,1.2362624,0.25133198,-0.87706846,0.25322816,-0.11916004,-1.7654994,-0.31320944,-0.3282606,-0.3816219,-0.38916174
../data/train_data_mmini/4/Train_0015.jpg	4	1.0,1.0,1.0,1.0,1.0,-1.0,-1.0,1.0,-1.0,1.0,1.0,1.0,-1.0,1.0,1.0,1.0,-1.0,1.0,-1.0,-1.0,1.0,-1.0,-1.0,-1.0	0.96393955,4.127647,0.47293,1.0483668,0.3557598,-0.86578655,-0.61285734,0.039018642,-0.9489251,0.0061338977,0.11645866,0.29996005,-0.6498527,0.22424647,1.3254622,0.100673005,-0.7140671,0.72968197,-0.26824674,-1.8904823,0.26948783,-0.37683627,-0.13741212,-0.4182758
../data/train_data_mmini/4/Train_0016.jpg	4	1.0,1.0,1.0,1.0,1.0,-1.0,-1.0,1.0,-1.0,1.0,1.0,-1.0,1.0,1.0,1.0,1.0,-1.0,1.0,-1.0,-1.0,-1.0,-1.0,-1.0,-1.0	0.4989818,3.0153012,0.29283112,0.30397367,0.5695172,-0.5948331,-0.94529855,0.35019413,-0.2125994,0.12759075,0.387307,-0.31899765,0.08894952,0.4247437,0.9842023,0.16646747,-0.82121867,0.29851207,-0.20633787,-1.9347512,-0.042316288,-0.51373273,-0.39143613,-0.32205868
../data/train_data_mmini/4/Train_0017.jpg	4	1.0,1.0,1.0,1.0,1.0,-1.0,-1.0,1.0,-1.0,1.0,1.0,-1.0,-1.0,1.0,1.0,-1.0,-1.0,-1.0,-1.0,-1.0,-1.0,-1.0,-1.0,-1.0	1.0091568,4.0947967,0.076765664,0.62574935,0.61355954,-0.64480704,-0.7877018,0.38449815,-0.4503862,0.08528476,0.3024737,-0.27417123,-0.28651237,0.58278614,1.4866544,-0.17487346,-1.0515403,-0.20426594,-0.4698424,-2.0539987,-0.021032823,-0.17373203,-0.8348281,-0.8002869
../data/train_data_mmini/4/Train_0018.jpg	4	1.0,1.0,-1.0,1.0,1.0,-1.0,-1.0,1.0,-1.0,1.0,1.0,1.0,-1.0,1.0,1.0,1.0,-1.0,1.0,-1.0,-1.0,-1.0,-1.0,-1.0,-1.0	0.48311433,3.067421,-0.10781649,0.789091,0.11770162,-0.65825975,-0.6599617,0.22055721,-0.17276274,0.1927272,0.18521619,0.16383359,-0.31115863,0.13268626,0.9471569,0.24636926,-0.6532252,0.04942012,-0.161057,-1.449411,-0.14671549,-0.29908514,-0.47957134,-0.43544275
../data/train_data_mmini/4/Train_0019.jpg	4	1.0,1.0,1.0,1.0,1.0,-1.0,-1.0,1.0,-1.0,1.0,1.0,1.0,-1.0,1.0,1.0,-1.0,-1.0,-1.0,-1.0,-1.0,-1.0,-1.0,-1.0,-1.0	0.79888594,4.0483418,0.13177368,0.7939015,0.34898308,-0.37788746,-0.5319286,0.059275236,-0.9177062,0.25103873,0.6796351,0.13195619,-0.3365795,0.7567286,1.4216125,-0.044751722,-1.0292904,-0.5288632,-0.33786774,-1.7872204,-0.5910984,-0.06519221,-0.30455586,-0.7365809
../data/train_data_mmini/5/Train_0020.jpg	5	1.0,1.0,1.0,1.0,1.0,-1.0,-1.0,1.0,-1.0,1.0,1.0,1.0,-1.0,1.0,1.0,1.0,-1.0,1.0,-1.0,-1.0,-1.0,-1.0,-1.0,-1.0	0.8546082,4.0794687,0.39737305,0.9665085,0.448509,-0.8732074,-1.0699311,0.36734572,-0.70550895,0.20522928,0.31376663,0.31176266,-0.45397764,0.13040796,1.4253954,0.56477726,-0.7430517,0.6187221,-0.054968778,-1.7626206,-0.10358047,-0.57993066,-0.41254756,-0.46921444
../data/train_data_mmini/5/Train_0021.jpg	5	1.0,1.0,1.0,1.0,1.0,-1.0,-1.0,1.0,-1.0,1.0,1.0,1.0,-1.0,1.0,1.0,1.0,-1.0,1.0,-1.0,-1.0,-1.0,-1.0,-1.0,-1.0	1.1157386,4.551865,0.4507951,1.1152151,0.5859697,-1.1020707,-0.8165226,0.32276776,-0.9464176,0.11891891,0.015553069,0.29559883,-0.7160245,0.24954683,1.4330671,0.27827245,-0.8998994,0.7606984,-0.17732213,-2.0454926,-0.054465488,-0.3919398,-0.32149094,-0.49063048
../data/train_data_mmini/5/Train_0022.jpg	5	1.0,1.0,1.0,1.0,1.0,-1.0,-1.0,1.0,-1.0,1.0,1.0,1.0,-1.0,1.0,1.0,1.0,-1.0,1.0,-1.0,-1.0,-1.0,-1.0,-1.0,-1.0	0.8119848,3.9700298,0.31209028,0.8726063,0.3204923,-0.7893328,-0.9028412,0.1128034,-0.69707465,0.14286587,0.44154748,0.39359438,-0.35152093,0.15351275,1.4009078,0.50421125,-0.83273953,0.314927,-0.017377492,-1.8027183,-0.29466277,-0.5576082,-0.2585996,-0.47393322
../data/train_data_mmini/5/Train_0023.jpg	5	1.0,1.0,1.0,1.0,1.0,-1.0,-1.0,1.0,-1.0,1.0,1.0,1.0,-1.0,1.0,1.0,1.0,-1.0,1.0,-1.0,-1.0,-1.0,-1.0,-1.0,-1.0	1.0483067,3.9523516,0.2993908,1.0933119,0.37287274,-0.9008225,-1.0326989,0.36803135,-0.6246303,0.10180068,0.24760391,0.3691136,-0.60335,0.05998115,1.3762141,0.6885362,-0.6677338,0.6585684,-0.020585481,-1.7797874,-0.20961063,-0.5627436,-0.4985996,-0.5651852
../data/train_data_mmini/5/Train_0024.jpg	5	1.0,1.0,1.0,1.0,1.0,-1.0,-1.0,1.0,-1.0,1.0,-1.0,1.0,-1.0,-1.0,1.0,1.0,-1.0,1.0,-1.0,-1.0,1.0,-1.0,-1.0,-1.0	0.89574397,3.9218984,0.51425755,1.1624186,0.28498137,-1.0307941,-0.8087561,0.287742,-1.0214797,0.3571502,-0.20740709,0.51429653,-0.76912063,-0.26724336,1.3472277,0.6001313,-0.4655064,1.4484608,-0.042977516,-1.4699966,0.32804692,-0.4422632,-0.07848807,-0.28099456
../data/train_data_mmini/6/Train_0025.jpg	6	1.0,1.0,1.0,1.0,1.0,-1.0,-1.0,1.0,-1.0,1.0,1.0,1.0,-1.0,-1.0,1.0,1.0,-1.0,1.0,-1.0,-1.0,1.0,-1.0,-1.0,-1.0	0.46071294,3.1760974,0.4291176,0.83419716,0.11819433,-0.6043671,-0.81974274,0.25936028,-0.7037488,0.5933278,0.094055735,0.28283682,-0.26660746,-0.08403737,0.9890281,0.36676154,-0.5270544,0.9083753,-0.032327134,-1.1741585,0.05889155,-0.35312268,-0.18372355,-0.391231
../data/train_data_mmini/6/Train_0026.jpg	6	1.0,1.0,-1.0,1.0,1.0,-1.0,-1.0,1.0,-1.0,1.0,1.0,-1.0,-1.0,1.0,1.0,1.0,-1.0,1.0,-1.0,-1.0,-1.0,-1.0,-1.0,-1.0	0.75562274,3.9272768,-0.05471867,0.92812204,0.37604338,-0.8253681,-0.9258852,0.35173473,-0.31916302,0.16011044,0.39380863,-0.12030765,-0.22627,0.24631877,1.4546808,0.47227132,-0.98115605,0.052583814,-0.3937667,-1.9694961,-0.51695055,-0.41807687,-0.5685756,-0.7217976
../data/train_data_mmini/6/Train_0027.jpg	6	1.0,1.0,1.0,1.0,1.0,-1.0,-1.0,1.0,-1.0,1.0,1.0,-1.0,-1.0,1.0,1.0,1.0,-1.0,1.0,-1.0,-1.0,-1.0,-1.0,-1.0,-1.0	0.31925517,2.9632547,0.07900777,0.8505343,0.4040108,-0.6752162,-1.0455027,0.28449306,-0.15266123,0.108154625,0.25346097,-0.056332417,-0.0829158,0.042198904,1.0661488,0.49146724,-0.78453714,0.5589408,-0.059655253,-1.4844232,-0.26023912,-0.45661128,-0.51069164,-0.338684
../data/train_data_mmini/6/Train_0028.jpg	6	1.0,1.0,1.0,1.0,1.0,-1.0,-1.0,1.0,-1.0,1.0,1.0,1.0,-1.0,1.0,1.0,1.0,-1.0,1.0,-1.0,-1.0,-1.0,-1.0,1.0,-1.0	0.47532874,3.3587284,0.36581326,0.82073987,0.2487414,-0.79540163,-0.73398334,0.1981327,-0.568205,0.40052912,0.13352239,0.23006597,-0.29266196,0.15003952,1.0702761,0.48297554,-0.5693355,0.76871693,-0.10754444,-1.7301677,-0.17337981,-0.45389754,0.001216772,-0.15087642
../data/train_data_mmini/6/Train_0029.jpg	6	1.0,1.0,1.0,1.0,1.0,-1.0,-1.0,1.0,-1.0,1.0,1.0,1.0,-1.0,1.0,1.0,1.0,-1.0,1.0,1.0,-1.0,-1.0,-1.0,-1.0,-1.0	0.66526425,3.788443,0.25084934,0.81166524,0.14852847,-0.70383084,-0.88797295,0.086822465,-0.4620636,0.31984085,0.5426169,0.3429171,-0.31516925,0.16426894,1.2751958,0.12734468,-0.7881334,0.19289969,0.110603794,-1.4691058,-0.33389097,-0.27449378,-0.42148468,-0.6376109
../data/train_data_mmini/7/Train_0030.jpg	7	1.0,1.0,1.0,1.0,1.0,-1.0,-1.0,1.0,-1.0,-1.0,1.0,-1.0,-1.0,1.0,1.0,1.0,-1.0,1.0,-1.0,-1.0,-1.0,-1.0,-1.0,-1.0	1.028008,4.3587346,0.24856907,0.74552953,0.9576826,-0.96728253,-1.233971,0.48965055,-0.64925253,-0.16187644,0.43242064,-0.38644934,-0.21504872,0.53748906,1.5733511,0.14021675,-1.2651795,0.25134698,-0.3623197,-2.3370016,-0.07561987,-0.46792716,-0.72008955,-0.66551703
../data/train_data_mmini/7/Train_0031.jpg	7	1.0,1.0,1.0,1.0,1.0,-1.0,-1.0,1.0,-1.0,1.0,1.0,-1.0,-1.0,1.0,1.0,1.0,-1.0,1.0,-1.0,-1.0,-1.0,-1.0,-1.0,-1.0	0.99291706,4.2101007,0.23800315,0.6964323,0.6313391,-0.91086453,-0.9723686,0.43158522,-0.6415266,0.19023293,0.282938,-0.008523517,-0.24794786,0.2446708,1.4656178,0.23483182,-0.8943025,0.140033,-0.31802928,-1.8859113,-0.2030264,-0.32464084,-0.7999206,-0.84138834
../data/train_data_mmini/7/Train_0032.jpg	7	1.0,1.0,1.0,1.0,1.0,-1.0,-1.0,1.0,-1.0,1.0,-1.0,1.0,-1.0,-1.0,1.0,1.0,-1.0,1.0,-1.0,-1.0,1.0,-1.0,-1.0,-1.0	0.82099915,3.6649947,0.35709137,0.93012726,0.49928227,-1.000142,-0.81214184,0.44073308,-0.6339572,0.120346494,-0.19668886,0.05005499,-0.51457375,-0.012558133,0.99601734,0.09142758,-0.77994496,0.957739,-0.28654057,-1.7176286,0.16721693,-0.2978434,-0.29272947,-0.17662872
../data/train_data_mmini/7/Train_0033.jpg	7	1.0,1.0,1.0,1.0,1.0,-1.0,-1.0,1.0,-1.0,1.0,1.0,1.0,-1.0,1.0,1.0,1.0,-1.0,1.0,1.0,-1.0,-1.0,-1.0,-1.0,-1.0	0.88438916,3.762026,0.06414918,1.0142608,0.43045887,-0.93202287,-1.0484442,0.513658,-0.3415414,0.042724818,0.14931256,0.09027467,-0.32779214,0.070676774,1.3617268,0.36846244,-0.81241435,0.54938525,0.008989107,-1.7929235,-0.17582068,-0.48445576,-0.6825303,-0.484279
../data/train_data_mmini/7/Train_0034.jpg	7	1.0,1.0,1.0,1.0,1.0,-1.0,-1.0,1.0,-1.0,1.0,-1.0,1.0,-1.0,-1.0,1.0,1.0,-1.0,1.0,-1.0,-1.0,1.0,-1.0,1.0,1.0	0.035066284,2.4559839,0.39853293,0.89064896,0.10916129,-0.6803225,-0.42525268,0.14334095,-0.54911494,0.9814905,-0.33868617,0.6751509,-0.51448727,-0.4228796,0.4224353,0.9600136,-0.34617102,1.9476969,-0.032510538,-0.89552873,0.24517754,-0.40087435,0.53378075,0.48421735
../data/train_data_mmini/8/Train_0035.jpg	8	1.0,1.0,1.0,1.0,1.0,-1.0,-1.0,1.0,-1.0,1.0,1.0,1.0,-1.0,1.0,1.0,1.0,-1.0,1.0,-1.0,-1.0,-1.0,-1.0,-1.0,-1.0	0.8753202,3.9773183,0.17337671,0.93897325,0.3388493,-0.8785042,-0.930707,0.18898293,-0.5100946,0.024500487,0.40839875,0.24447991,-0.33990893,0.07010168,1.2945466,0.35587606,-0.94637066,0.31522742,-0.06239057,-1.8409778,-0.29448134,-0.38470218,-0.4886822,-0.48238385
../data/train_data_mmini/8/Train_0036.jpg	8	1.0,1.0,1.0,1.0,1.0,-1.0,-1.0,1.0,-1.0,1.0,1.0,1.0,-1.0,1.0,1.0,1.0,-1.0,1.0,-1.0,-1.0,-1.0,-1.0,-1.0,-1.0	0.7492423,3.9260442,0.11304135,0.9315201,0.37017137,-0.8210318,-0.82537925,0.27352798,-0.51936364,0.19311827,0.38772547,0.14148822,-0.14121525,0.11644199,1.3754089,0.2672959,-0.84708804,0.37603894,-0.14792785,-1.6579485,-0.29410315,-0.32823128,-0.6739901,-0.55377316
../data/train_data_mmini/8/Train_0037.jpg	8	1.0,1.0,1.0,1.0,1.0,-1.0,-1.0,1.0,-1.0,1.0,1.0,1.0,-1.0,1.0,1.0,1.0,-1.0,1.0,-1.0,-1.0,-1.0,-1.0,-1.0,-1.0	0.7772056,4.0012064,0.27739668,0.95521134,0.39233926,-0.96722895,-0.80974907,0.23062171,-0.71069354,0.3966925,0.02100387,0.1030098,-0.3405292,0.15930218,1.3379419,0.2876134,-0.7486886,0.80166256,-0.38282782,-1.8689853,-0.16267073,-0.31895107,-0.23713015,-0.37575346
../data/train_data_mmini/8/Train_0038.jpg	8	1.0,1.0,1.0,1.0,1.0,-1.0,-1.0,1.0,-1.0,1.0,1.0,1.0,-1.0,1.0,1.0,1.0,-1.0,1.0,-1.0,-1.0,-1.0,-1.0,-1.0,-1.0	0.7486353,4.0363903,0.33581975,0.8753761,0.4291413,-0.75140613,-0.91850424,0.16078518,-0.6439756,0.104373425,0.50452334,0.21638694,-0.24667098,0.24845739,1.3070045,0.3350765,-0.8793493,0.40192115,-0.04895297,-1.8758885,-0.23620364,-0.4659659,-0.36412957,-0.39841357
../data/train_data_mmini/8/Train_0039.jpg	8	1.0,1.0,1.0,1.0,1.0,-1.0,-1.0,1.0,-1.0,1.0,1.0,1.0,-1.0,-1.0,1.0,1.0,-1.0,1.0,-1.0,-1.0,-1.0,-1.0,-1.0,-1.0	0.87514657,3.9463727,0.13706145,0.99618495,0.4397609,-1.0333347,-0.98778844,0.1771332,-0.51996696,0.066060096,0.22211684,0.22118928,-0.3975704,-0.009692282,1.3519077,0.24009903,-0.90229595,0.55448353,-0.13682249,-1.6948148,-0.07052592,-0.32917255,-0.4967276,-0.5099758
../data/train_data_mmini/9/Train_0040.jpg	9	1.0,1.0,1.0,1.0,1.0,-1.0,-1.0,1.0,-1.0,1.0,1.0,1.0,-1.0,1.0,1.0,1.0,-1.0,1.0,-1.0,-1.0,-1.0,-1.0,-1.0,-1.0	0.94583297,4.4156246,0.50339925,1.0983698,0.41538146,-1.094187,-0.97842395,0.18659836,-1.0149059,0.24487416,0.15473437,0.35506663,-0.5693531,0.09383488,1.4839084,0.4348421,-0.86088604,0.895861,-0.18043254,-1.9553846,-0.07471471,-0.42825818,-0.14505555,-0.42569852
../data/train_data_mmini/9/Train_0041.jpg	9	1.0,1.0,1.0,1.0,1.0,-1.0,-1.0,1.0,-1.0,1.0,1.0,1.0,-1.0,-1.0,1.0,1.0,-1.0,1.0,-1.0,-1.0,-1.0,-1.0,-1.0,-1.0	0.5237217,3.416493,0.20781215,0.80384856,0.46640223,-0.83898795,-0.99013823,0.35133308,-0.4886004,0.426633,0.20288414,0.12124828,-0.32825536,-0.012492639,1.1003695,0.484982,-0.67546886,0.60973716,-0.14710203,-1.4955763,-0.21058598,-0.4307225,-0.37543932,-0.4320277
../data/train_data_mmini/9/Train_0042.jpg	9	1.0,1.0,1.0,1.0,1.0,-1.0,-1.0,1.0,-1.0,1.0,-1.0,1.0,-1.0,1.0,1.0,1.0,-1.0,1.0,-1.0,-1.0,1.0,-1.0,1.0,-1.0	0.8441982,4.015653,0.6785226,0.9497225,0.2721769,-0.99992776,-0.7047135,0.0559089,-1.1665936,0.43304083,-0.12585855,0.48288193,-0.7216471,0.019678729,1.1872481,0.3740385,-0.5362217,1.2063738,-0.308517,-1.655841,0.26276818,-0.28528583,0.19316737,-0.34634334
../data/train_data_mmini/9/Train_0043.jpg	9	1.0,1.0,1.0,1.0,1.0,-1.0,-1.0,1.0,-1.0,1.0,1.0,1.0,-1.0,1.0,1.0,1.0,-1.0,-1.0,-1.0,-1.0,-1.0,-1.0,-1.0,-1.0	0.7818971,4.46067,0.19986583,1.0351274,0.24166818,-0.8155223,-0.7004669,0.063986674,-0.7218545,0.19624315,0.6049593,0.38228217,-0.39411187,0.36587912,1.5768664,0.30152947,-1.0340724,-0.0091977725,-0.035888348,-2.0049446,-0.49474913,-0.43691337,-0.36190096,-0.5991374
../data/train_data_mmini/9/Train_0044.jpg	9	1.0,1.0,1.0,1.0,1.0,-1.0,-1.0,1.0,-1.0,1.0,1.0,1.0,-1.0,1.0,1.0,1.0,-1.0,1.0,-1.0,-1.0,-1.0,-1.0,-1.0,-1.0	0.99575007,4.289875,0.38567868,0.98556376,0.47682568,-0.8677953,-1.0175031,0.25638342,-0.78785855,0.088874266,0.26065183,0.17389414,-0.42258638,0.28515399,1.5088027,0.09166862,-0.9968021,0.34875825,-0.17399001,-1.9370643,-0.120603435,-0.41037658,-0.53683466,-0.63550246
../data/train_data_mmini/10/Train_0045.jpg	10	1.0,1.0,1.0,1.0,1.0,-1.0,-1.0,1.0,-1.0,1.0,1.0,1.0,-1.0,-1.0,1.0,1.0,-1.0,1.0,1.0,-1.0,-1.0,-1.0,-1.0,-1.0	0.5399671,3.0106108,0.03546014,0.71077204,0.27283677,-0.77366805,-0.77117765,0.1223692,-0.37253317,0.11813662,0.19589421,0.03130106,-0.04592433,-0.2302685,1.1459733,0.16579582,-0.63704413,0.4269316,0.023890164,-1.2324688,-0.17321874,-0.062277008,-0.3609713,-0.36185673
../data/train_data_mmini/10/Train_0046.jpg	10	1.0,1.0,1.0,1.0,1.0,-1.0,-1.0,1.0,-1.0,1.0,1.0,1.0,-1.0,1.0,1.0,1.0,-1.0,1.0,-1.0,-1.0,-1.0,-1.0,-1.0,-1.0	0.41514793,2.557441,0.35454556,0.679094,0.1179093,-0.460925,-0.67088497,0.115581945,-0.29533854,0.27045476,0.19383645,0.09996378,-0.28549123,0.2041441,0.78500724,0.14573504,-0.71606827,0.46215865,-0.10794912,-1.3469468,-0.12629169,-0.2693655,-0.17540424,-0.24775249
../data/train_data_mmini/10/Train_0047.jpg	10	1.0,1.0,1.0,1.0,1.0,-1.0,-1.0,1.0,-1.0,1.0,1.0,1.0,-1.0,1.0,1.0,1.0,-1.0,1.0,-1.0,-1.0,-1.0,-1.0,-1.0,-1.0	0.6785903,3.9828398,0.26797885,0.9658524,0.2580258,-0.9243143,-0.7092325,0.11543006,-0.75708324,0.27386448,0.18336734,0.33774343,-0.32447875,0.028023323,1.2955248,0.10475604,-0.7878781,0.59686756,-0.08590099,-1.5958341,-0.15508625,-0.23802789,-0.27951458,-0.3449023
../data/train_data_mmini/10/Train_0048.jpg	10	1.0,1.0,1.0,1.0,1.0,-1.0,-1.0,1.0,-1.0,1.0,1.0,1.0,-1.0,-1.0,1.0,1.0,-1.0,1.0,1.0,-1.0,1.0,-1.0,-1.0,-1.0	0.73615474,3.2252617,0.4316682,0.8244784,0.41537708,-0.8542018,-0.93154687,0.15844893,-0.59764004,0.15979385,0.16480331,0.39302766,-0.34607625,-0.35509798,1.0031368,0.29835352,-0.6765564,0.9085215,0.21012308,-1.0636032,0.16546133,-0.32285917,-0.33714503,-0.28682724
../data/train_data_mmini/10/Train_0049.jpg	10	1.0,1.0,1.0,1.0,1.0,-1.0,-1.0,1.0,-1.0,1.0,1.0,1.0,-1.0,-1.0,1.0,1.0,-1.0,1.0,-1.0,-1.0,-1.0,-1.0,-1.0,-1.0	0.6985342,3.8580472,0.22147918,1.0392646,0.2119746,-0.8607512,-0.83092487,0.16167438,-0.5647151,0.23010843,0.23021248,0.28323367,-0.42858714,-0.012197704,1.2354541,0.35389358,-0.8288142,0.5701211,-0.1128398,-1.7037972,-0.25151607,-0.34033626,-0.27092728,-0.39869574
