../data/train_data_mmini/1/Train_0000.jpg	1	1.0,-1.0,1.0,-1.0,-1.0,-1.0,-1.0,-1.0	0.8066939,-0.4777337,1.4910609,-0.6293547,-1.4209834,-1.7920043,-0.5873072,-2.8342748
../data/train_data_mmini/1/Train_0001.jpg	1	-1.0,1.0,1.0,1.0,-1.0,-1.0,1.0,-1.0	-0.29429668,0.5022988,1.2415963,0.51973355,-1.179498,-1.3101137,1.2664458,-2.7147782
../data/train_data_mmini/1/Train_0002.jpg	1	1.0,-1.0,1.0,-1.0,-1.0,-1.0,-1.0,-1.0	0.9431401,-1.22069,0.45210811,-0.10547796,-0.67562217,-0.620404,-0.69208205,-0.9859116
../data/train_data_mmini/1/Train_0003.jpg	1	1.0,1.0,1.0,-1.0,-1.0,-1.0,1.0,-1.0	0.68607193,0.0021450222,1.9452922,-0.4564854,-1.4151247,-2.5508888,0.42332786,-3.4059443
../data/train_data_mmini/1/Train_0004.jpg	1	-1.0,-1.0,1.0,-1.0,-1.0,-1.0,-1.0,-1.0	-0.1979856,-0.8163174,1.8358568,-0.451387,-2.1610124,-1.192634,-0.7435634,-3.2909398
../data/train_data_mmini/2/Train_0005.jpg	2	-1.0,-1.0,-1.0,1.0,1.0,1.0,1.0,1.0	-1.2325068,-0.5512585,-0.3755631,1.5440288,0.17648116,1.178065,1.5131632,0.48974177
../data/train_data_mmini/2/Train_0006.jpg	2	-1.0,1.0,1.0,1.0,-1.0,-1.0,1.0,-1.0	-2.489141,0.24629968,1.7841926,0.68680084,-1.1687024,-0.7536518,2.0722666,-2.105483
../data/train_data_mmini/2/Train_0007.jpg	2	1.0,-1.0,1.0,-1.0,-1.0,-1.0,-1.0,-1.0	1.091117,-0.68465644,1.8859205,-0.9787818,-1.7389952,-1.8404233,-0.7751425,-3.191222
../data/train_data_mmini/2/Train_0008.jpg	2	-1.0,-1.0,1.0,1.0,-1.0,1.0,-1.0,-1.0	-0.5756773,-1.770366,0.46996358,0.90201724,-1.55931,0.686822,-1.9053593,-2.0711052
../data/train_data_mmini/2/Train_0009.jpg	2	-1.0,1.0,-1.0,1.0,1.0,-1.0,1.0,-1.0	-0.92012984,0.053472206,-0.21680306,1.0383643,0.32163584,-0.0695243,1.9219736,-0.22353688
../data/train_data_mmini/3/Train_0010.jpg	3	-1.0,1.0,1.0,1.0,1.0,1.0,1.0,1.0	-1.1536559,0.36086324,0.12216851,0.9791597,0.16900706,1.1057633,1.5339245,0.0641301
../data/train_data_mmini/3/Train_0011.jpg	3	1.0,-1.0,-1.0,1.0,1.0,1.0,-1.0,1.0	0.47393513,-1.9646996,-1.3434848,0.85023993,0.64592665,0.9126767,-0.4032007,0.7748642
../data/train_data_mmini/3/Train_0012.jpg	3	-1.0,-1.0,1.0,1.0,-1.0,-1.0,1.0,-1.0	-1.2874485,-0.44116893,0.2517592,1.1011674,-0.34450108,-1.2652472,1.8250724,-1.7591758
../data/train_data_mmini/3/Train_0013.jpg	3	-1.0,-1.0,1.0,1.0,1.0,1.0,1.0,-1.0	-1.6310855,-1.3730408,0.109137684,1.8229679,0.21965544,0.5154889,1.036166,-0.8896081
../data/train_data_mmini/3/Train_0014.jpg	3	-1.0,-1.0,-1.0,1.0,-1.0,1.0,1.0,-1.0	-1.1022981,-0.926441,-0.42561936,1.1359231,-0.012559965,1.1110853,1.0830889,-0.039781403
../data/train_data_mmini/4/Train_0015.jpg	4	1.0,-1.0,1.0,-1.0,-1.0,-1.0,-1.0,-1.0	0.22031651,-1.4458565,0.9299983,-0.016879484,-1.5870543,-0.92167115,-1.540108,-2.2511926
../data/train_data_mmini/4/Train_0016.jpg	4	1.0,-1.0,-1.0,1.0,1.0,-1.0,1.0,1.0	0.6258385,-0.21804243,-0.47171488,1.436831,0.69987124,-0.28845638,1.0531067,0.28244147
../data/train_data_mmini/4/Train_0017.jpg	4	-1.0,-1.0,-1.0,1.0,1.0,1.0,1.0,1.0	-1.126411,-0.7030652,-0.9649987,1.5028527,1.655124,0.48101234,2.1632357,1.3149748
../data/train_data_mmini/4/Train_0018.jpg	4	-1.0,-1.0,-1.0,1.0,-1.0,1.0,-1.0,1.0	-0.2269852,-0.5030322,-0.5645632,1.1839831,-0.10219699,1.6058748,-0.09049147,0.7464951
../data/train_data_mmini/4/Train_0019.jpg	4	-1.0,-1.0,1.0,1.0,-1.0,-1.0,1.0,-1.0	-2.6069047,-0.35555533,2.452189,0.5994089,-1.916983,-0.6090617,2.1737444,-2.562064
../data/train_data_mmini/5/Train_0020.jpg	5	1.0,-1.0,1.0,-1.0,-1.0,-1.0,1.0,-1.0	0.3514164,-0.17160952,2.206599,-0.4531446,-1.9025582,-2.1370351,0.47627127,-3.7125447
../data/train_data_mmini/5/Train_0021.jpg	5	1.0,-1.0,1.0,-1.0,-1.0,-1.0,-1.0,-1.0	0.007212691,-1.1147313,0.89258206,-0.078014225,-1.1309497,-1.0046394,-0.90306455,-2.2445152
../data/train_data_mmini/5/Train_0022.jpg	5	-1.0,-1.0,1.0,-1.0,-1.0,-1.0,1.0,-1.0	-0.66155386,-0.5369313,1.7030463,-0.15324548,-1.8862151,-1.1200747,0.06781246,-3.4316661
../data/train_data_mmini/5/Train_0023.jpg	5	1.0,-1.0,1.0,-1.0,-1.0,-1.0,-1.0,-1.0	0.9483083,-0.25875396,2.1760304,-0.9240446,-1.7808233,-2.26208,-0.16386557,-3.3905559
../data/train_data_mmini/5/Train_0024.jpg	5	1.0,-1.0,1.0,-1.0,-1.0,-1.0,-1.0,-1.0	0.6695029,-0.8522008,0.7224386,-0.2687008,-0.5504427,-1.3817734,-0.30804956,-1.9487695
../data/train_data_mmini/6/Train_0025.jpg	6	-1.0,-1.0,-1.0,1.0,1.0,1.0,1.0,1.0	-1.1693652,-0.33283997,-0.357673,1.6275828,1.8423048,0.19049203,3.9357338,1.6364062
../data/train_data_mmini/6/Train_0026.jpg	6	-1.0,1.0,1.0,1.0,1.0,1.0,1.0,1.0	-0.54889244,0.8523105,0.20186055,0.45579487,0.06465207,0.12961622,3.0452359,0.67360646
../data/train_data_mmini/6/Train_0027.jpg	6	-1.0,-1.0,-1.0,1.0,1.0,1.0,1.0,1.0	-0.53627664,-0.04450565,-0.41353008,1.6354119,0.7256927,1.0153705,2.820969,1.2964504
../data/train_data_mmini/6/Train_0028.jpg	6	1.0,-1.0,-1.0,1.0,1.0,1.0,1.0,1.0	0.18335554,-1.0334682,-0.7644185,0.6186725,0.010532834,0.9403968,0.29368705,0.25624374
../data/train_data_mmini/6/Train_0029.jpg	6	-1.0,-1.0,-1.0,1.0,1.0,1.0,1.0,1.0	-0.8889989,-1.6840023,-0.88139737,2.2932262,1.9999983,0.58142173,1.7113531,0.5756441
../data/train_data_mmini/7/Train_0030.jpg	7	-1.0,1.0,1.0,1.0,-1.0,-1.0,1.0,-1.0	-1.1986929,0.000828363,0.6621982,0.99668956,-0.3883865,-0.87763786,2.0717692,-1.3555852
../data/train_data_mmini/7/Train_0031.jpg	7	-1.0,-1.0,-1.0,1.0,1.0,1.0,1.0,1.0	-1.1716454,-0.47903076,-1.0036546,1.9661185,1.642964,0.99152815,2.4105232,0.99202466
../data/train_data_mmini/7/Train_0032.jpg	7	-1.0,-1.0,-1.0,1.0,1.0,1.0,1.0,1.0	-0.3534513,-2.0769415,-2.0929317,2.1360598,1.7391155,2.320237,0.73092985,1.8710698
../data/train_data_mmini/7/Train_0033.jpg	7	-1.0,1.0,1.0,1.0,1.0,-1.0,1.0,-1.0	-1.1991696,0.5400287,0.033110976,0.8728195,0.26146555,-0.09822799,2.8552349,-0.12650833
../data/train_data_mmini/7/Train_0034.jpg	7	1.0,-1.0,-1.0,1.0,1.0,1.0,1.0,1.0	0.69700354,-1.5986043,-1.7810917,1.3018749,1.2571025,1.7803304,0.6778389,1.762362
../data/train_data_mmini/8/Train_0035.jpg	8	-1.0,-1.0,-1.0,1.0,1.0,1.0,1.0,-1.0	-1.2732077,-1.0542414,-1.1638396,1.8177142,1.1148404,0.9665529,1.3826058,-0.012276132
../data/train_data_mmini/8/Train_0036.jpg	8	-1.0,-1.0,-1.0,1.0,1.0,1.0,1.0,1.0	-0.79798543,-0.8769091,-1.5740846,2.0355623,2.1848872,1.5353113,2.4935153,2.1905763
../data/train_data_mmini/8/Train_0037.jpg	8	1.0,-1.0,-1.0,1.0,1.0,1.0,1.0,1.0	0.5110913,-1.3869654,-2.1165879,1.9408077,2.4518898,1.1218098,1.4951055,2.1988397
../data/train_data_mmini/8/Train_0038.jpg	8	-1.0,-1.0,-1.0,1.0,1.0,1.0,1.0,-1.0	-0.88209933,-0.9658578,-0.33280522,1.6616707,0.4921338,0.15317962,1.5706173,-0.98983383
../data/train_data_mmini/8/Train_0039.jpg	8	-1.0,-1.0,-1.0,1.0,1.0,1.0,1.0,1.0	-1.1973399,-1.6460066,-1.9487386,2.340776,2.305931,1.4870708,2.0517445,1.7174898
../data/train_data_mmini/9/Train_0040.jpg	9	-1.0,-1.0,1.0,1.0,-1.0,-1.0,-1.0,-1.0	-0.04789734,-1.3564632,0.597049,0.23818734,-0.9827679,-0.8789674,-0.7735506,-2.2007606
../data/train_data_mmini/9/Train_0041.jpg	9	-1.0,1.0,-1.0,1.0,1.0,1.0,1.0,1.0	-0.90654176,0.18603024,-0.4925156,1.5976113,0.42979944,1.1855794,2.8464124,0.6678841
../data/train_data_mmini/9/Train_0042.jpg	9	1.0,-1.0,1.0,1.0,-1.0,-1.0,-1.0,-1.0	0.73001134,-1.9062772,0.3548471,0.32943213,-0.9820897,-0.4636435,-1.9549903,-1.5954354
../data/train_data_mmini/9/Train_0043.jpg	9	-1.0,-1.0,1.0,1.0,-1.0,-1.0,-1.0,-1.0	-0.8927668,-1.0245687,0.9783387,0.25508463,-1.3785472,-0.099246904,-0.3586763,-2.2801018
../data/train_data_mmini/9/Train_0044.jpg	9	-1.0,-1.0,-1.0,1.0,1.0,-1.0,1.0,-1.0	-1.5925937,-0.82919604,-0.090589285,1.6184219,0.41948587,-0.69619673,1.9740953,-1.2641083
../data/train_data_mmini/10/Train_0045.jpg	10	-1.0,-1.0,-1.0,1.0,1.0,1.0,1.0,1.0	-0.84785587,-1.8703519,-2.6420808,2.9013648,3.2003248,2.4427931,2.6382875,3.2280908
../data/train_data_mmini/10/Train_0046.jpg	10	-1.0,-1.0,-1.0,1.0,1.0,1.0,1.0,1.0	-0.34655726,-1.6803676,-1.6581296,1.6818393,2.0996275,0.9833592,0.8659852,1.5977494
../data/train_data_mmini/10/Train_0047.jpg	10	-1.0,-1.0,-1.0,1.0,1.0,1.0,1.0,1.0	-0.84615344,-2.1040168,-2.194563,2.4086065,2.5478852,2.2392285,1.5655019,2.5281322
../data/train_data_mmini/10/Train_0048.jpg	10	-1.0,-1.0,-1.0,1.0,1.0,1.0,1.0,1.0	-1.9824106,-2.179343,-1.6170616,2.4178538,2.2951875,1.4828637,2.5210483,1.4802288
../data/train_data_mmini/10/Train_0049.jpg	10	-1.0,-1.0,-1.0,1.0,1.0,1.0,1.0,1.0	-0.7655512,-1.6535763,-1.8555261,1.9094404,2.185886,1.6309315,1.5110177,1.795668
