../data/train_data_mmini/1/Train_0000.jpg	1	-1.0,1.0,1.0,1.0,-1.0,-1.0,-1.0,-1.0,1.0,1.0,-1.0,-1.0	-0.97599006,0.87982017,2.2077603,1.2490824,-0.26323113,-0.7396657,-4.0810857,-2.2271523,1.7709856,1.1482306,-0.30268636,-1.948026
../data/train_data_mmini/1/Train_0001.jpg	1	-1.0,-1.0,1.0,1.0,1.0,1.0,1.0,-1.0,1.0,1.0,1.0,1.0	-1.277023,-0.68917656,1.7294328,0.30974528,1.8754094,0.23373301,0.5428839,-0.91990066,0.2099574,2.6507285,3.1508536,0.2959717
../data/train_data_mmini/1/Train_0002.jpg	1	-1.0,1.0,-1.0,-1.0,1.0,1.0,-1.0,-1.0,1.0,1.0,-1.0,-1.0	-2.2996912,1.8228285,-3.0814474,-0.7976056,2.199591,0.87520415,-1.6654007,-3.340407,2.947789,2.0263216,-0.47378138,-2.4751034
../data/train_data_mmini/1/Train_0003.jpg	1	-1.0,-1.0,1.0,1.0,1.0,-1.0,-1.0,-1.0,1.0,-1.0,-1.0,-1.0	-0.062010236,-0.6171289,3.6717925,0.621951,0.7338259,-1.8989061,-3.2299826,-1.3800156,0.53862125,-0.9317836,-0.3185413,-1.2034731
../data/train_data_mmini/1/Train_0004.jpg	1	-1.0,1.0,1.0,1.0,-1.0,-1.0,-1.0,-1.0,-1.0,1.0,-1.0,-1.0	-0.34420708,0.54406315,4.116413,2.0033212,-1.303336,-2.0764422,-2.2843332,-1.2281773,-0.16615634,1.4859477,-0.23668817,-1.1270279
../data/train_data_mmini/2/Train_0005.jpg	2	1.0,1.0,1.0,1.0,1.0,-1.0,1.0,-1.0,1.0,-1.0,1.0,1.0	1.4485304,2.6414025,0.046916638,0.045427095,0.75380206,-0.702395,1.3082259,-1.1903381,1.4374461,-2.5073857,0.20403852,2.39613
../data/train_data_mmini/2/Train_0006.jpg	2	1.0,1.0,-1.0,-1.0,1.0,-1.0,1.0,1.0,1.0,-1.0,-1.0,1.0	0.9981685,3.02467,-0.87444365,-0.53064746,0.6752014,-0.9071822,0.25519782,0.8288233,0.4791348,-1.3977896,-0.8852135,1.0957967
../data/train_data_mmini/2/Train_0007.jpg	2	-1.0,-1.0,1.0,1.0,-1.0,-1.0,1.0,-1.0,-1.0,-1.0,-1.0,-1.0	-0.72399366,-0.81639194,1.9033045,0.42200297,-0.90750057,-1.7139065,0.083761066,-1.1922742,-0.53800267,-0.060893625,-1.0759624,-2.0226812
../data/train_data_mmini/2/Train_0008.jpg	2	1.0,-1.0,1.0,-1.0,-1.0,-1.0,-1.0,-1.0,1.0,1.0,-1.0,-1.0	2.0700674,-2.6901584,0.768012,-0.5732999,-3.1308563,-0.27218533,-1.895274,-1.0852824,0.38576603,2.6513743,-1.2769526,-2.5417204
../data/train_data_mmini/2/Train_0009.jpg	2	-1.0,-1.0,1.0,-1.0,-1.0,-1.0,-1.0,1.0,-1.0,-1.0,-1.0,1.0	-0.886652,-1.553986,0.87963855,-1.0672791,-0.52998126,-1.5580698,-1.3915501,2.3418407,-2.183427,-1.3766172,-1.449282,0.8895531
../data/train_data_mmini/3/Train_0010.jpg	3	-1.0,-1.0,1.0,1.0,-1.0,-1.0,1.0,1.0,-1.0,1.0,-1.0,-1.0	-0.55647564,-3.0135007,2.9919195,0.119052544,-1.8777866,-0.6134765,1.7449609,3.0497167,-1.0882409,0.62476057,-0.9198754,-0.6475379
../data/train_data_mmini/3/Train_0011.jpg	3	-1.0,1.0,-1.0,1.0,1.0,-1.0,1.0,-1.0,-1.0,1.0,1.0,1.0	-3.458519,1.4212842,-3.6775632,0.29758945,1.2467732,-0.5464049,1.3696231,-1.521484,-0.2934178,2.004958,0.5682349,0.51584804
../data/train_data_mmini/3/Train_0012.jpg	3	-1.0,1.0,-1.0,1.0,-1.0,1.0,-1.0,-1.0,-1.0,-1.0,1.0,1.0	-1.634665,1.3786757,-1.3163774,0.20053482,-0.48107722,1.7171578,-1.1163368,-0.20694481,-0.45113572,-1.7456783,4.603062,0.8939627
../data/train_data_mmini/3/Train_0013.jpg	3	1.0,1.0,-1.0,-1.0,1.0,-1.0,-1.0,1.0,-1.0,1.0,1.0,1.0	1.2026306,2.31589,-1.3380151,-1.1720136,1.017215,-1.0677431,-0.53777695,0.62732697,-0.60152525,2.33437,0.77855414,0.9725701
../data/train_data_mmini/3/Train_0014.jpg	3	-1.0,1.0,-1.0,1.0,1.0,-1.0,1.0,1.0,-1.0,1.0,-1.0,1.0	-1.7730645,0.061474506,-0.043278594,0.6695815,0.01597862,-1.723195,1.6946788,1.6458914,-1.0717843,1.1420064,-4.804732,1.0098839
../data/train_data_mmini/4/Train_0015.jpg	4	1.0,-1.0,-1.0,1.0,1.0,-1.0,1.0,-1.0,1.0,1.0,1.0,-1.0	1.1380485,-0.25765797,-2.3383574,1.8907715,0.39483508,-0.3869613,0.22443467,-1.1471127,2.7633376,0.04270369,0.6678186,-2.2952294
../data/train_data_mmini/4/Train_0016.jpg	4	-1.0,-1.0,-1.0,-1.0,1.0,1.0,1.0,-1.0,1.0,-1.0,-1.0,-1.0	-0.7832367,-0.24686767,-0.1928385,-1.7894958,1.6112682,0.4468925,0.46479687,-0.671332,2.584308,-0.55614704,-0.5798307,-0.37934738
../data/train_data_mmini/4/Train_0017.jpg	4	-1.0,1.0,-1.0,-1.0,1.0,1.0,-1.0,1.0,1.0,-1.0,1.0,-1.0	-0.29194167,1.6273353,-4.4122562,-0.49644753,0.828051,1.2902564,-0.16906396,0.15615982,0.4370963,-3.1823053,0.7996387,-0.009963644
../data/train_data_mmini/4/Train_0018.jpg	4	-1.0,-1.0,1.0,1.0,-1.0,-1.0,1.0,-1.0,-1.0,-1.0,-1.0,-1.0	-0.08745903,-0.7820645,0.41141304,0.18334514,-0.6433709,-1.2331383,0.52618724,-1.4268652,-1.7722514,-0.9521642,-2.3384087,-0.16685794
../data/train_data_mmini/4/Train_0019.jpg	4	1.0,1.0,-1.0,-1.0,1.0,-1.0,-1.0,1.0,-1.0,-1.0,-1.0,1.0	0.4492162,2.710221,-0.69587594,-1.0173365,2.2194364,-0.7722849,-1.0579246,0.31678843,-1.8023049,-0.20922801,-1.0605911,1.8797783
../data/train_data_mmini/5/Train_0020.jpg	5	-1.0,1.0,1.0,-1.0,-1.0,-1.0,1.0,-1.0,-1.0,-1.0,1.0,-1.0	-0.46779624,1.8774992,1.4604635,-3.2092686,-0.3822654,-2.5685835,0.12001504,-0.513525,-0.46045583,-0.987667,2.127445,-0.36093587
../data/train_data_mmini/5/Train_0021.jpg	5	1.0,1.0,1.0,1.0,-1.0,-1.0,-1.0,-1.0,-1.0,1.0,-1.0,-1.0	1.3601822,1.0953944,0.3428714,2.7742124,-0.0278911,-1.5367764,-1.9542649,-2.7131302,-0.4646868,1.2218488,-1.4410249,-1.0993632
../data/train_data_mmini/5/Train_0022.jpg	5	1.0,-1.0,1.0,-1.0,-1.0,1.0,1.0,1.0,1.0,1.0,-1.0,-1.0	0.24714594,-1.9027706,1.4698126,-0.655387,-1.325282,1.23737,0.60478675,0.42038932,0.18539938,1.2367626,-1.1698092,-1.1229228
../data/train_data_mmini/5/Train_0023.jpg	5	1.0,1.0,1.0,-1.0,-1.0,-1.0,-1.0,-1.0,-1.0,-1.0,1.0,-1.0	0.3384634,1.2508689,4.220571,-0.07300402,-0.9255781,-1.3088895,-0.44427058,-0.47912621,-0.26153848,-1.3056084,1.2690388,-1.415553
../data/train_data_mmini/5/Train_0024.jpg	5	-1.0,1.0,1.0,1.0,-1.0,-1.0,-1.0,-1.0,-1.0,-1.0,1.0,-1.0	-0.37532738,0.52567035,1.8567067,1.4605651,-2.3742871,-2.3016803,-2.6306186,-1.7880739,-0.035397742,-0.7961646,0.7523716,-0.77702945
../data/train_data_mmini/6/Train_0025.jpg	6	-1.0,-1.0,-1.0,-1.0,1.0,-1.0,1.0,1.0,1.0,-1.0,-1.0,1.0	-1.7421303,-1.100646,-0.38230532,-0.5178681,3.464712,-1.2591579,0.90071774,2.6096933,0.9134279,-3.274733,-2.173219,2.6319814
../data/train_data_mmini/6/Train_0026.jpg	6	1.0,-1.0,1.0,-1.0,1.0,-1.0,1.0,1.0,-1.0,-1.0,-1.0,-1.0	0.13709472,-5.4106936,1.8214611,-1.23767,0.052484393,-2.1252964,1.8290317,0.54794925,-1.8296016,-1.559754,-1.0084739,-1.5265056
../data/train_data_mmini/6/Train_0027.jpg	6	-1.0,-1.0,1.0,-1.0,-1.0,-1.0,1.0,1.0,-1.0,-1.0,-1.0,1.0	-1.0877385,-3.3336046,0.26677784,-1.202985,-1.2602031,-1.5863956,4.3792644,4.2444773,-1.9776449,-1.4261304,-0.18407667,2.2361405
../data/train_data_mmini/6/Train_0028.jpg	6	-1.0,-1.0,-1.0,-1.0,-1.0,-1.0,-1.0,-1.0,-1.0,1.0,-1.0,-1.0	-1.7417489,-1.6470308,-2.44513,-2.1207438,-1.3336489,-1.4912397,-0.67148525,-1.7551328,-1.186338,3.0721145,-4.154189,-0.95570576
../data/train_data_mmini/6/Train_0029.jpg	6	1.0,-1.0,-1.0,-1.0,1.0,1.0,-1.0,1.0,-1.0,-1.0,1.0,1.0	1.591095,-0.7951273,-0.7208266,-1.4709989,0.21892993,0.85234374,-5.1512737,1.9238379,-0.72973055,-1.9880092,1.1502212,0.06645768
../data/train_data_mmini/7/Train_0030.jpg	7	1.0,1.0,-1.0,-1.0,1.0,1.0,1.0,-1.0,1.0,-1.0,1.0,1.0	0.1810972,0.74456173,-1.0795655,-0.11471291,3.733229,0.5112156,0.94189215,-0.11931176,1.8714951,-2.8569632,0.0444341,2.4807913
../data/train_data_mmini/7/Train_0031.jpg	7	-1.0,-1.0,-1.0,-1.0,-1.0,-1.0,-1.0,1.0,1.0,-1.0,-1.0,-1.0	-0.13953115,-1.3158641,-0.3772296,-4.5039177,-2.2203627,-0.25938457,-1.5549239,1.2324814,1.3720975,-1.0531367,-0.45725155,-0.36404222
../data/train_data_mmini/7/Train_0032.jpg	7	-1.0,-1.0,-1.0,-1.0,-1.0,-1.0,-1.0,1.0,-1.0,-1.0,-1.0,1.0	-0.96906006,-2.1461775,-3.7332187,-1.151148,-3.0892186,-1.1174722,-0.21514258,0.11286544,-1.5014722,-0.41507462,-0.44713643,0.13953607
../data/train_data_mmini/7/Train_0033.jpg	7	-1.0,-1.0,1.0,-1.0,-1.0,-1.0,1.0,1.0,-1.0,-1.0,1.0,-1.0	-0.6613987,-0.47888634,1.1498418,-2.7306597,-1.4732637,-2.8786318,0.020130932,0.92537713,-1.4389769,-2.7965565,0.16460949,-0.02436268
../data/train_data_mmini/7/Train_0034.jpg	7	-1.0,-1.0,-1.0,-1.0,-1.0,-1.0,-1.0,1.0,-1.0,1.0,-1.0,1.0	-1.869386,-1.4720018,-0.99071634,-0.74577045,-2.6174731,-3.155242,-0.14793146,0.05459809,-4.832496,1.8312747,-1.2633483,1.3527235
../data/train_data_mmini/8/Train_0035.jpg	8	1.0,1.0,-1.0,1.0,1.0,-1.0,1.0,1.0,1.0,1.0,1.0,1.0	2.3575463,0.73192596,-1.2212845,1.0985042,0.0909698,-0.36250198,1.6667705,1.575817,0.6092754,1.0214722,1.450074,1.668928
../data/train_data_mmini/8/Train_0036.jpg	8	-1.0,-1.0,-1.0,-1.0,1.0,-1.0,1.0,1.0,1.0,-1.0,-1.0,1.0	-0.8769274,-0.6927052,-2.1900923,-2.293008,0.39158964,-1.5066069,2.1867998,1.7473152,1.3200032,-2.257894,-3.3926759,1.9599493
../data/train_data_mmini/8/Train_0037.jpg	8	-1.0,-1.0,-1.0,-1.0,-1.0,-1.0,1.0,1.0,-1.0,-1.0,1.0,1.0	-1.8493258,-2.0304127,-1.9419738,-0.8967344,-2.8667433,-0.56595623,1.0033014,0.90069366,-2.6909547,-1.5150378,0.7959245,1.8670883
../data/train_data_mmini/8/Train_0038.jpg	8	1.0,-1.0,-1.0,-1.0,-1.0,1.0,-1.0,1.0,1.0,1.0,1.0,1.0	1.6907367,-3.1506667,-1.014807,-1.0797027,-1.3954552,0.84512097,-0.8225553,1.3596522,0.99625283,2.2916882,1.3124467,0.380999
../data/train_data_mmini/8/Train_0039.jpg	8	1.0,1.0,-1.0,-1.0,-1.0,-1.0,1.0,1.0,-1.0,-1.0,1.0,1.0	0.77452767,1.9510709,-3.6385784,-1.2850094,-1.6635405,-1.7589145,1.6951233,3.3771067,-2.1397069,-1.2979032,2.9498162,2.8550746
../data/train_data_mmini/9/Train_0040.jpg	9	-1.0,-1.0,-1.0,1.0,-1.0,-1.0,-1.0,-1.0,-1.0,1.0,-1.0,-1.0	-0.29706454,-0.6916571,-0.5170222,1.9459796,-0.16733673,-1.7856623,-1.3480749,-0.78908294,-0.07936221,1.6496384,-0.6262633,-0.6701402
../data/train_data_mmini/9/Train_0041.jpg	9	-1.0,1.0,1.0,-1.0,-1.0,-1.0,1.0,1.0,-1.0,1.0,1.0,1.0	-1.0467756,0.6895996,0.12267967,-3.3279066,-1.0008657,-1.1146657,0.9070487,0.37806073,-3.3135734,1.1599758,1.494756,0.7196933
../data/train_data_mmini/9/Train_0042.jpg	9	-1.0,1.0,-1.0,1.0,1.0,-1.0,-1.0,-1.0,1.0,1.0,1.0,-1.0	-1.2577416,0.5411773,-0.97023195,1.8812449,0.49800685,-1.304441,-1.2471596,-0.7192286,1.2490954,2.0328581,1.5721655,-1.3167534
../data/train_data_mmini/9/Train_0043.jpg	9	1.0,1.0,-1.0,1.0,1.0,-1.0,1.0,1.0,1.0,1.0,-1.0,1.0	0.8111301,2.005792,-0.24321432,1.3598593,0.02470696,-0.7001427,2.6668274,0.27096605,0.5850804,0.3896296,-2.701884,1.2123247
../data/train_data_mmini/9/Train_0044.jpg	9	1.0,1.0,-1.0,1.0,-1.0,1.0,-1.0,1.0,1.0,-1.0,1.0,1.0	0.75151503,1.2971625,-1.7445416,0.37239826,-0.060683295,1.1975471,-1.0962524,2.3761218,0.8554403,-1.5315708,3.6975873,0.929506
../data/train_data_mmini/10/Train_0045.jpg	10	-1.0,-1.0,-1.0,-1.0,-1.0,-1.0,1.0,1.0,-1.0,-1.0,1.0,1.0	-0.36197335,-0.6288101,-3.5390792,-2.004413,-3.7402055,-2.704835,1.0803808,4.9243317,-3.705432,-2.4128888,0.6232235,1.7939202
../data/train_data_mmini/10/Train_0046.jpg	10	-1.0,1.0,-1.0,1.0,-1.0,-1.0,1.0,1.0,-1.0,-1.0,1.0,-1.0	-1.7196661,1.5335693,-3.262347,1.3722447,-0.60136503,-0.4150163,0.27394512,3.054994,-1.4412633,-2.4558666,2.6689436,-0.3813981
../data/train_data_mmini/10/Train_0047.jpg	10	1.0,1.0,-1.0,-1.0,-1.0,-1.0,1.0,1.0,-1.0,-1.0,-1.0,1.0	0.35937095,1.2313905,-3.2464666,-1.1861365,-1.3311827,-3.4164135,0.5246598,1.7113173,-2.356858,-1.1412534,-1.3722473,1.3259228
../data/train_data_mmini/10/Train_0048.jpg	10	1.0,1.0,-1.0,-1.0,-1.0,1.0,-1.0,1.0,-1.0,-1.0,1.0,1.0	1.7259178,1.0167917,-2.0683198,-1.5886091,-0.38196954,0.6860155,-0.58034015,3.550534,-0.7138493,-1.3257146,3.310867,2.0171428
../data/train_data_mmini/10/Train_0049.jpg	10	-1.0,-1.0,-1.0,1.0,1.0,-1.0,1.0,1.0,-1.0,-1.0,1.0,1.0	-0.9214299,-0.46174863,-2.8725514,0.73195815,0.30480137,-2.0156105,1.4483864,3.291721,-2.3114183,-1.174672,0.2653169,1.0601214
