../data/train_data_mmini/1/Train_0000.jpg	1	1.0,1.0,1.0,1.0,1.0,-1.0,-1.0,1.0,-1.0,-1.0,-1.0,1.0,1.0,-1.0,1.0,1.0,-1.0,1.0,-1.0,-1.0,1.0,1.0,1.0,-1.0	0.0902911,0.72871935,0.24831715,0.01930509,0.2201186,-0.33969384,-0.018779842,0.39578834,-0.36762747,-0.13493621,-0.7370051,0.8574189,0.23133327,-0.44609553,0.18220864,0.6310329,-0.4942144,0.1487585,-0.5686503,-0.32311136,0.8649964,0.7507691,0.70902264,-0.08167573
../data/train_data_mmini/1/Train_0001.jpg	1	1.0,1.0,1.0,1.0,-1.0,-1.0,1.0,1.0,-1.0,1.0,-1.0,1.0,1.0,-1.0,1.0,1.0,-1.0,-1.0,-1.0,1.0,1.0,1.0,1.0,-1.0	0.14944592,0.45454875,0.10655886,0.0062461286,-0.04437129,-0.20606896,0.27748767,0.3319361,-0.42536482,0.34657308,-0.63593596,0.2722399,0.07083739,-0.25022864,0.051149413,0.68485194,-0.50334436,-0.046838004,-0.09272784,0.019051284,0.47403833,0.4961848,0.15809037,-0.29917657
../data/train_data_mmini/1/Train_0002.jpg	1	-1.0,-1.0,1.0,-1.0,-1.0,1.0,1.0,-1.0,1.0,1.0,-1.0,-1.0,1.0,1.0,-1.0,1.0,-1.0,-1.0,1.0,1.0,-1.0,1.0,-1.0,-1.0	-0.059050225,-0.044428706,0.3688933,-0.21558851,-0.8785984,0.18001175,0.43073496,-0.092540555,0.16701786,0.75945294,-0.3974347,-0.10135743,0.12194656,0.35697627,-0.11155195,0.43438694,-0.35849196,-0.23330258,0.6846892,0.52516705,-0.11157067,0.097752295,-0.6518876,-0.1935009
../data/train_data_mmini/1/Train_0003.jpg	1	1.0,1.0,1.0,1.0,1.0,-1.0,-1.0,1.0,-1.0,-1.0,-1.0,1.0,1.0,-1.0,1.0,1.0,-1.0,1.0,-1.0,-1.0,1.0,1.0,1.0,-1.0	0.20365699,0.9156004,0.13368413,0.15853634,0.5719345,-0.36472622,-0.045783404,0.59305817,-0.5270864,-0.39622506,-0.7411482,1.147012,0.25687215,-0.712667,0.2198392,0.5892492,-0.4763439,0.27321556,-0.9003703,-0.47453153,1.03223,1.0082943,1.0438075,-0.06204372
../data/train_data_mmini/1/Train_0004.jpg	1	1.0,1.0,1.0,-1.0,1.0,-1.0,1.0,1.0,-1.0,-1.0,-1.0,1.0,1.0,-1.0,1.0,1.0,-1.0,1.0,-1.0,-1.0,1.0,1.0,1.0,-1.0	0.14878775,0.5808726,0.1808848,-0.06527679,0.4216459,-0.32223403,0.010788703,0.52618015,-0.47422215,-0.32574213,-0.7058985,0.74417484,0.3331015,-0.56363094,0.24297892,0.6516506,-0.40727,0.0015733191,-0.50548863,-0.2449471,0.8181769,0.931293,0.7641962,-0.2293368
../data/train_data_mmini/2/Train_0005.jpg	2	-1.0,-1.0,-1.0,-1.0,-1.0,1.0,1.0,1.0,-1.0,1.0,-1.0,-1.0,1.0,1.0,-1.0,1.0,-1.0,-1.0,1.0,1.0,-1.0,1.0,-1.0,-1.0	-0.07330435,-0.1549945,-0.09409862,-0.23861906,-0.16882317,0.14064418,0.42478555,0.23687567,-0.26703408,0.30810067,-0.44978812,-0.21154349,0.07442103,0.03827872,-0.08100856,0.37164906,-0.4358795,-0.2862684,0.45922187,0.42446774,-0.08146117,0.42985025,-0.3558296,-0.31826597
../data/train_data_mmini/2/Train_0006.jpg	2	1.0,1.0,1.0,-1.0,-1.0,-1.0,1.0,1.0,-1.0,1.0,-1.0,1.0,-1.0,1.0,-1.0,1.0,-1.0,-1.0,1.0,1.0,-1.0,1.0,-1.0,-1.0	0.051621616,0.30319425,0.51276916,-0.22129256,-0.4463585,-0.009602865,0.32116494,0.022803657,-0.1720573,0.5643462,-0.5193052,0.14616647,-0.12702858,0.02213816,-0.08120701,0.2547579,-0.14777605,-0.07917642,0.4138103,0.36306432,-0.44879228,0.34301892,-0.4702837,-0.03335779
../data/train_data_mmini/2/Train_0007.jpg	2	1.0,1.0,1.0,1.0,1.0,-1.0,-1.0,1.0,-1.0,-1.0,-1.0,1.0,1.0,-1.0,1.0,1.0,-1.0,1.0,-1.0,-1.0,1.0,1.0,1.0,-1.0	0.39618686,0.98104686,0.24297582,0.24206488,0.8560363,-0.3441896,-0.08677719,0.69301784,-0.5296303,-0.5940492,-0.71915036,1.3457243,0.32135433,-0.86635655,0.34996498,0.5975463,-0.36811993,0.32538235,-0.9184571,-0.5898844,1.0511369,1.0192083,1.2545058,-0.12509614
../data/train_data_mmini/2/Train_0008.jpg	2	1.0,1.0,1.0,-1.0,-1.0,-1.0,1.0,1.0,-1.0,1.0,-1.0,1.0,1.0,-1.0,-1.0,1.0,-1.0,1.0,1.0,1.0,-1.0,1.0,-1.0,-1.0	0.29753152,0.16712527,0.35123125,-0.33635184,-0.1823692,-0.034354683,0.23043315,0.023669578,-0.24842206,0.40912563,-0.28757492,0.21946731,0.26235357,-0.18213227,-0.050637998,0.12354693,-0.1590086,0.0015988001,0.17582227,0.40657315,-0.04055492,0.23044275,-0.15241973,-0.07923915
../data/train_data_mmini/2/Train_0009.jpg	2	1.0,1.0,1.0,1.0,1.0,1.0,1.0,1.0,-1.0,1.0,-1.0,1.0,1.0,-1.0,1.0,1.0,-1.0,-1.0,-1.0,1.0,1.0,1.0,1.0,-1.0	0.23233856,0.22802365,0.16042164,0.053879865,0.10122486,0.03907763,0.39996016,0.36688912,-0.31350702,0.124180265,-0.5486428,0.31474364,0.16304626,-0.22822641,0.05047156,0.4508759,-0.32390565,-0.029289646,-0.16080546,0.23526847,0.24820954,0.6237714,0.04962986,-0.13823524
../data/train_data_mmini/3/Train_0010.jpg	3	1.0,1.0,1.0,1.0,1.0,1.0,1.0,1.0,-1.0,1.0,-1.0,-1.0,1.0,-1.0,1.0,1.0,1.0,-1.0,1.0,1.0,-1.0,1.0,-1.0,-1.0	0.4926022,0.051609643,0.326229,0.2665514,0.027108718,0.2866135,0.43507734,0.32971525,-0.18639016,0.5837746,-0.04291549,-0.16250499,0.043721255,-0.26950178,0.06480053,0.3267846,0.2575959,-0.08877577,0.8124295,0.4980599,-0.63691944,0.11674967,-0.32127312,-0.53473115
../data/train_data_mmini/3/Train_0011.jpg	3	1.0,-1.0,1.0,-1.0,-1.0,1.0,1.0,1.0,-1.0,1.0,-1.0,-1.0,1.0,1.0,1.0,1.0,-1.0,-1.0,1.0,1.0,-1.0,1.0,-1.0,-1.0	0.06358226,-1.0023099,0.06962878,-0.46481016,-0.9190214,0.28425068,0.32107642,0.074058086,-0.03829054,0.6157601,-0.17270142,-0.8353737,0.32943475,0.42851603,0.12458019,0.53820586,-0.021947548,-0.71250504,1.3309911,1.1709471,-0.38951054,0.048021268,-1.1671544,-0.5321645
../data/train_data_mmini/3/Train_0012.jpg	3	-1.0,-1.0,-1.0,-1.0,-1.0,1.0,1.0,1.0,-1.0,1.0,-1.0,-1.0,1.0,1.0,-1.0,1.0,-1.0,-1.0,1.0,1.0,1.0,1.0,-1.0,-1.0	-0.51978374,-0.36879823,-0.33624265,-0.49156544,-0.67500544,0.14500959,0.41620767,0.15231709,-0.2536933,0.26526865,-0.6450705,-0.39301735,0.002284006,0.43457565,-0.12619326,0.5782554,-0.7681633,-0.49833837,0.37202704,0.61943406,0.21486111,0.7782467,-0.8376157,-0.2597582
../data/train_data_mmini/3/Train_0013.jpg	3	1.0,1.0,1.0,-1.0,-1.0,1.0,1.0,-1.0,1.0,1.0,-1.0,-1.0,-1.0,1.0,-1.0,-1.0,-1.0,-1.0,1.0,1.0,-1.0,-1.0,-1.0,-1.0	0.2503638,0.06025014,0.59074914,-0.48020712,-0.75497144,0.41479027,0.63434684,-0.32840842,0.01694167,1.0603275,-0.40074465,-0.33098415,-0.31032366,0.4283185,-0.30370936,-0.04464382,-0.013171583,-0.12932806,0.83548737,0.8159139,-0.9492456,-0.17607598,-0.94610405,-0.05136051
../data/train_data_mmini/3/Train_0014.jpg	3	1.0,-1.0,1.0,-1.0,-1.0,1.0,1.0,1.0,-1.0,1.0,-1.0,-1.0,1.0,-1.0,1.0,1.0,-1.0,-1.0,1.0,1.0,-1.0,1.0,-1.0,-1.0	0.24531814,-0.26240554,0.24407415,-0.053506292,-0.06862892,0.1457628,0.16924384,0.32806545,-0.16572532,0.3464282,-0.4064109,-0.013826977,0.17357229,-0.06713244,0.1082356,0.42913875,-0.16057391,-0.20214455,0.6189505,0.40782896,-0.15571192,0.3920124,-0.39883223,-0.48508763
../data/train_data_mmini/4/Train_0015.jpg	4	-1.0,1.0,1.0,-1.0,-1.0,1.0,1.0,1.0,-1.0,1.0,-1.0,1.0,-1.0,1.0,-1.0,1.0,-1.0,-1.0,1.0,1.0,1.0,1.0,-1.0,-1.0	-0.19348909,0.30671334,0.3143718,-0.22289142,-0.44183916,0.15328869,0.4699996,0.13731349,-0.070994794,0.22629471,-0.6974478,0.030776454,-0.022254575,0.08545345,-0.07099673,0.3318995,-0.5265774,-0.13163905,0.17943846,0.30415738,0.17152616,0.55453527,-0.2850611,-0.08577772
../data/train_data_mmini/4/Train_0016.jpg	4	1.0,1.0,-1.0,-1.0,-1.0,1.0,1.0,1.0,-1.0,1.0,-1.0,-1.0,1.0,1.0,-1.0,1.0,-1.0,-1.0,1.0,1.0,1.0,1.0,-1.0,-1.0	0.18752049,0.03212576,-0.110526286,-0.21923351,-0.30432993,0.23313013,0.55198777,0.049614094,-0.39185205,0.66312486,-0.24569501,-0.14477898,0.053036693,0.062366527,-0.28730008,0.30679563,-0.49177733,-0.048066307,0.51708835,0.5459696,0.10061204,0.02453148,-0.18570936,-0.1760926
../data/train_data_mmini/4/Train_0017.jpg	4	-1.0,-1.0,1.0,-1.0,-1.0,1.0,1.0,-1.0,-1.0,1.0,-1.0,-1.0,-1.0,1.0,-1.0,1.0,-1.0,-1.0,1.0,1.0,-1.0,1.0,-1.0,-1.0	-0.28710136,-0.1186967,0.14050804,-0.25912955,-1.0610988,0.1918525,0.5394821,-0.049872886,-0.17607164,0.8661617,-0.42287716,-0.49936706,-0.11535734,0.55034864,-0.1835774,0.4648543,-0.35416618,-0.2679838,0.9622744,0.77015597,-0.47956297,0.020478036,-1.1422558,-0.16048414
../data/train_data_mmini/4/Train_0018.jpg	4	1.0,1.0,1.0,-1.0,-1.0,1.0,1.0,1.0,-1.0,1.0,-1.0,-1.0,1.0,-1.0,-1.0,1.0,-1.0,-1.0,1.0,1.0,-1.0,1.0,-1.0,-1.0	0.11488226,0.12342891,0.19702363,-0.097435966,-0.07693676,0.1440845,0.39920124,0.17219546,-0.30549982,0.38139486,-0.3853037,-0.086994745,0.088085316,-0.018441163,-0.17344168,0.42465764,-0.2186308,-0.07559429,0.5130037,0.3703962,-0.09920247,0.31569216,-0.25570506,-0.18161435
../data/train_data_mmini/4/Train_0019.jpg	4	1.0,1.0,1.0,-1.0,-1.0,1.0,1.0,1.0,-1.0,1.0,-1.0,-1.0,-1.0,1.0,-1.0,1.0,-1.0,-1.0,1.0,1.0,-1.0,1.0,-1.0,-1.0	0.027819574,0.011445672,0.48229006,-0.3235048,-0.43909356,0.10914509,0.54375094,0.018778387,-0.08610147,0.7565631,-0.48570055,-0.30617645,-0.22251578,0.086942986,-0.026847454,0.30523217,-0.07522139,-0.3282084,0.7989305,0.5493044,-0.5058542,0.14230378,-0.59145755,-0.31519413
../data/train_data_mmini/5/Train_0020.jpg	5	1.0,1.0,1.0,1.0,1.0,-1.0,1.0,1.0,-1.0,-1.0,-1.0,1.0,1.0,-1.0,1.0,1.0,-1.0,1.0,-1.0,-1.0,1.0,1.0,1.0,-1.0	0.31559622,0.89470714,0.11810697,0.14223973,0.63590527,-0.35355467,0.06096087,0.64537203,-0.5920376,-0.36603007,-0.69451815,1.1851002,0.30414504,-0.78658026,0.31064057,0.69197756,-0.56795037,0.30938342,-0.84722614,-0.5460373,1.0564392,0.9864577,1.0985733,-0.20271783
../data/train_data_mmini/5/Train_0021.jpg	5	1.0,1.0,1.0,-1.0,-1.0,-1.0,1.0,1.0,-1.0,1.0,-1.0,1.0,1.0,-1.0,1.0,1.0,-1.0,-1.0,-1.0,1.0,1.0,1.0,1.0,-1.0	0.070938095,0.46350235,0.4370866,-0.28060237,-0.061801646,-0.1379955,0.1307365,0.21138085,-0.17914677,0.05976855,-0.6861952,0.50677,0.16163291,-0.20414735,0.015289513,0.34181508,-0.24441732,-0.09862298,-0.19754921,0.114227876,0.41119522,0.7335676,0.15287864,-0.053286664
../data/train_data_mmini/5/Train_0022.jpg	5	1.0,1.0,1.0,1.0,1.0,-1.0,1.0,1.0,-1.0,-1.0,-1.0,1.0,1.0,-1.0,1.0,1.0,-1.0,1.0,-1.0,-1.0,1.0,1.0,1.0,-1.0	0.35409567,0.7644336,0.20650649,0.08060222,0.57079786,-0.23695357,0.020534256,0.49397168,-0.53079706,-0.29940686,-0.6411756,1.0183307,0.32762483,-0.6590665,0.22890568,0.44137523,-0.3475652,0.17455618,-0.7312587,-0.36785287,0.71882254,0.86978745,0.78416026,-0.13549289
../data/train_data_mmini/5/Train_0023.jpg	5	1.0,1.0,1.0,1.0,1.0,-1.0,-1.0,1.0,-1.0,-1.0,-1.0,1.0,1.0,-1.0,1.0,1.0,-1.0,1.0,-1.0,-1.0,1.0,1.0,1.0,-1.0	0.35192594,1.1349782,0.18175694,0.2049349,0.7861703,-0.35889542,-0.046536345,0.62469196,-0.5774889,-0.54636997,-0.7293521,1.4435931,0.31355238,-0.88251483,0.2670542,0.5962429,-0.53577906,0.40561596,-1.1732856,-0.69016814,1.1780577,1.1043075,1.190265,-0.036975466
../data/train_data_mmini/5/Train_0024.jpg	5	1.0,1.0,1.0,-1.0,1.0,1.0,1.0,1.0,-1.0,-1.0,-1.0,1.0,1.0,-1.0,1.0,1.0,-1.0,-1.0,-1.0,1.0,1.0,1.0,1.0,-1.0	0.022536814,0.15560769,0.24266891,-0.013115598,0.1438748,0.00034963537,0.08291883,0.4586114,-0.143605,-0.19965044,-0.69097507,0.43846405,0.037535246,-0.25317246,0.18347763,0.50064284,-0.27318373,-0.16323279,-0.039445054,0.08288535,0.4935319,0.8715142,0.23940206,-0.2692786
../data/train_data_mmini/6/Train_0025.jpg	6	1.0,-1.0,1.0,1.0,-1.0,1.0,1.0,1.0,1.0,1.0,-1.0,-1.0,-1.0,1.0,-1.0,1.0,1.0,-1.0,1.0,1.0,-1.0,1.0,-1.0,-1.0	0.20401827,-0.8128771,0.1686073,0.098474994,-0.5289174,0.5982232,0.67670137,0.2670818,0.19828367,0.7644672,-0.18358824,-0.6408204,-0.2831303,0.2256663,-0.061620116,0.14864482,0.19627927,-0.5259797,1.6940435,0.9705416,-1.1189809,0.123475604,-1.0198413,-0.73231584
../data/train_data_mmini/6/Train_0026.jpg	6	1.0,1.0,1.0,1.0,1.0,-1.0,1.0,1.0,-1.0,1.0,-1.0,1.0,-1.0,-1.0,1.0,1.0,-1.0,-1.0,1.0,1.0,1.0,1.0,1.0,-1.0	0.0720229,0.5079494,0.4203084,0.45636716,0.097956665,-0.33100757,0.2319475,0.6390832,-0.36232513,0.25753596,-0.83006084,0.18260004,-0.22146523,-0.3726025,0.42466575,0.9589278,-0.17171197,-0.06110317,0.15556933,0.092219785,0.316023,0.40159318,0.2147232,-0.24263757
../data/train_data_mmini/6/Train_0027.jpg	6	1.0,-1.0,1.0,1.0,-1.0,1.0,1.0,1.0,-1.0,1.0,-1.0,-1.0,-1.0,1.0,-1.0,1.0,1.0,-1.0,1.0,1.0,-1.0,1.0,-1.0,-1.0	0.30660236,-0.62682915,0.13573709,0.017067702,-0.25705805,0.43801898,0.5021602,0.21269675,-0.12343082,0.74841034,-0.09842412,-0.7407498,-0.04208928,0.042843036,-0.10295491,0.36158296,0.08246599,-0.36629403,1.2799064,1.0265458,-0.6668614,0.22951433,-0.80440974,-0.62449414
../data/train_data_mmini/6/Train_0028.jpg	6	1.0,-1.0,1.0,-1.0,-1.0,-1.0,1.0,1.0,-1.0,1.0,-1.0,1.0,1.0,-1.0,1.0,1.0,1.0,-1.0,1.0,1.0,-1.0,1.0,-1.0,-1.0	0.38993022,-0.1512435,0.4856297,-0.03822568,-0.29954413,-0.11739661,0.0062815193,0.18851778,-0.005339224,0.50692314,-0.24612017,0.051079877,0.3734099,-0.11396299,0.22504713,0.5126558,0.14266185,-0.18174878,0.80965364,0.5781527,-0.20141557,0.12487044,-0.30913973,-0.27757308
../data/train_data_mmini/6/Train_0029.jpg	6	1.0,-1.0,1.0,-1.0,-1.0,1.0,1.0,1.0,1.0,1.0,-1.0,-1.0,-1.0,1.0,-1.0,-1.0,-1.0,-1.0,1.0,1.0,-1.0,1.0,-1.0,-1.0	0.17432187,-0.46379742,0.16593002,-0.37440446,-0.6739795,0.7223538,0.81525844,0.015283499,0.09232084,0.8537915,-0.085672386,-0.5202313,-0.23730592,0.42543423,-0.41315216,-0.19350721,-0.24565955,-0.22396964,1.0251971,0.750313,-1.0461578,0.18131322,-1.0254554,-0.26958987
../data/train_data_mmini/7/Train_0030.jpg	7	1.0,1.0,-1.0,-1.0,1.0,-1.0,1.0,1.0,-1.0,1.0,-1.0,1.0,1.0,-1.0,-1.0,1.0,-1.0,-1.0,-1.0,1.0,1.0,1.0,1.0,-1.0	0.056701005,0.3740874,-0.061540626,-0.1920963,0.050807897,-0.1755515,0.2822037,0.23686732,-0.5076021,0.14429012,-0.64546704,0.4202136,0.09467214,-0.1920456,-0.033978395,0.32912138,-0.6453221,-0.025722375,-0.3149208,0.07088785,0.44756374,0.709347,0.21362188,-0.070034824
../data/train_data_mmini/7/Train_0031.jpg	7	1.0,1.0,1.0,-1.0,-1.0,1.0,1.0,1.0,-1.0,1.0,-1.0,1.0,-1.0,-1.0,1.0,1.0,-1.0,1.0,1.0,1.0,-1.0,1.0,-1.0,-1.0	0.04087308,0.23825987,0.23500624,-0.0027925805,-0.106304735,0.017232528,0.35553202,0.18822588,-0.28494576,0.36274925,-0.4469773,0.015627323,-0.115189105,-0.05039319,0.024714796,0.38607833,-0.15882163,0.0007783794,0.45404172,0.3596882,-0.16891818,0.3587033,-0.32888684,-0.10040691
../data/train_data_mmini/7/Train_0032.jpg	7	-1.0,-1.0,1.0,-1.0,-1.0,1.0,1.0,-1.0,1.0,1.0,-1.0,-1.0,-1.0,1.0,-1.0,1.0,1.0,-1.0,1.0,1.0,-1.0,1.0,-1.0,-1.0	-0.10819079,-0.81100434,0.35769567,-0.3898606,-0.7938507,0.39726743,0.40512165,-0.015833862,0.05006792,0.7310383,-0.35509637,-0.9964362,-0.06213147,0.41342518,-0.09248164,0.42282256,0.013832919,-0.72642726,1.4819849,1.2948914,-0.58895683,0.18520302,-1.3183098,-0.49736917
../data/train_data_mmini/7/Train_0033.jpg	7	1.0,-1.0,1.0,1.0,1.0,1.0,1.0,1.0,-1.0,1.0,-1.0,1.0,1.0,-1.0,1.0,1.0,-1.0,-1.0,1.0,1.0,1.0,1.0,-1.0,-1.0	0.106809944,-0.1197804,0.009944206,0.20371383,0.12902369,0.06031216,0.17660418,0.5643911,-0.31551993,0.0652007,-0.54428005,0.29339606,0.0783703,-0.18560916,0.31435114,0.67043036,-0.33101127,-0.10265765,0.19812061,0.28130633,0.2931272,0.62159914,-0.042655997,-0.41882575
../data/train_data_mmini/7/Train_0034.jpg	7	1.0,-1.0,1.0,-1.0,-1.0,1.0,1.0,1.0,1.0,1.0,1.0,-1.0,1.0,1.0,1.0,1.0,1.0,-1.0,1.0,1.0,-1.0,1.0,-1.0,-1.0	0.4170861,-1.227491,0.227714,-0.16720693,-0.40533748,0.605067,0.22717267,0.2616783,0.012990538,0.446038,0.0619451,-0.9895921,0.17578696,0.20467612,0.28743976,0.28427136,0.5854648,-0.6911453,1.8409153,1.3279847,-0.8259047,0.17532139,-1.0080519,-0.738282
../data/train_data_mmini/8/Train_0035.jpg	8	1.0,-1.0,1.0,-1.0,-1.0,1.0,1.0,1.0,-1.0,1.0,-1.0,-1.0,1.0,1.0,-1.0,1.0,-1.0,-1.0,1.0,1.0,-1.0,1.0,-1.0,-1.0	0.14856979,-0.14794599,0.24383518,-0.14993358,-0.17103575,0.2530586,0.37316063,0.13026418,-0.17238897,0.4024002,-0.31114024,-0.1491789,0.045214828,0.08374055,-0.18978205,0.0613662,-0.11184268,-0.21421884,0.5298529,0.56939954,-0.4316258,0.34264618,-0.53980386,-0.25270036
../data/train_data_mmini/8/Train_0036.jpg	8	1.0,-1.0,1.0,1.0,-1.0,1.0,1.0,1.0,-1.0,1.0,-1.0,-1.0,-1.0,1.0,-1.0,1.0,-1.0,-1.0,1.0,1.0,-1.0,1.0,-1.0,-1.0	0.124766156,-0.2315939,0.19174078,0.19959266,-0.19621348,0.32208005,0.469072,0.24137837,-0.07002075,0.5251074,-0.36794528,-0.2452477,-0.15298216,0.18237261,-0.033396855,0.37939438,-0.12320397,-0.22256444,0.95586306,0.6983667,-0.57856077,0.2618213,-0.6701998,-0.24003442
../data/train_data_mmini/8/Train_0037.jpg	8	1.0,-1.0,1.0,-1.0,-1.0,1.0,1.0,1.0,-1.0,1.0,-1.0,-1.0,-1.0,1.0,1.0,1.0,1.0,-1.0,1.0,1.0,-1.0,1.0,-1.0,-1.0	0.03860143,-0.42012784,0.3783481,-0.021138182,-0.49965617,0.12803398,0.3567907,0.27538842,-0.07267408,0.6817406,-0.39440084,-0.6294382,-0.079494886,0.2616211,0.14676404,0.6450804,0.04441864,-0.4626681,1.2148633,0.95804495,-0.36889154,0.07303613,-0.7148866,-0.33037674
../data/train_data_mmini/8/Train_0038.jpg	8	1.0,1.0,1.0,-1.0,-1.0,1.0,1.0,1.0,-1.0,1.0,-1.0,-1.0,-1.0,1.0,-1.0,1.0,-1.0,-1.0,1.0,1.0,-1.0,1.0,-1.0,-1.0	0.17942137,0.03927371,0.2928768,-0.1687999,-0.15626928,0.2432225,0.43582147,0.06515568,-0.14420417,0.5743586,-0.2416629,-0.1665509,-0.06671512,0.08424395,-0.19124025,0.04937294,-0.20272742,-0.17122723,0.5040058,0.564776,-0.27220753,0.23461351,-0.35035935,-0.24032529
../data/train_data_mmini/8/Train_0039.jpg	8	1.0,-1.0,1.0,-1.0,-1.0,1.0,1.0,1.0,1.0,1.0,-1.0,-1.0,-1.0,1.0,-1.0,1.0,-1.0,-1.0,1.0,1.0,-1.0,1.0,-1.0,-1.0	0.07716675,-0.5674863,0.2520954,-0.34050682,-0.6233038,0.47129172,0.44460124,0.0320851,0.0170586,0.7254064,-0.2612628,-0.5099161,-0.111792445,0.42821053,-0.26092684,0.095899835,-0.090592004,-0.48102197,1.1092066,0.98556226,-0.9029285,0.2267383,-1.2251747,-0.29399613
../data/train_data_mmini/9/Train_0040.jpg	9	1.0,1.0,1.0,-1.0,1.0,-1.0,1.0,1.0,-1.0,-1.0,-1.0,1.0,1.0,-1.0,1.0,1.0,-1.0,-1.0,-1.0,1.0,1.0,1.0,1.0,-1.0	0.16416486,0.37636802,0.24306093,-0.17202005,0.09324644,-0.122804694,0.1633358,0.36599165,-0.34144428,-0.035708256,-0.6854977,0.55457807,0.27594566,-0.3065491,0.11144088,0.36999968,-0.28082708,-0.019490136,-0.22293891,0.07324407,0.4401137,0.76038903,0.2959935,-0.20613742
../data/train_data_mmini/9/Train_0041.jpg	9	1.0,-1.0,-1.0,-1.0,1.0,-1.0,1.0,1.0,-1.0,1.0,-1.0,-1.0,1.0,-1.0,1.0,1.0,-1.0,-1.0,1.0,1.0,1.0,1.0,-1.0,-1.0	0.25146905,-0.39030337,-0.17018141,-0.20158887,0.03105172,-0.011484506,0.32230112,0.4280585,-0.3666797,0.3414789,-0.4026753,-0.11959989,0.2748851,-0.17135634,0.15916926,0.6071467,-0.22236995,-0.4601959,0.5876107,0.52751106,0.041742194,0.4322814,-0.2725251,-0.6715855
../data/train_data_mmini/9/Train_0042.jpg	9	1.0,1.0,1.0,-1.0,-1.0,1.0,1.0,1.0,-1.0,1.0,-1.0,-1.0,-1.0,1.0,-1.0,1.0,-1.0,-1.0,1.0,1.0,1.0,1.0,-1.0,-1.0	0.018612966,0.10595038,0.3179151,-0.34702453,-0.35810462,0.19078247,0.48175177,0.18199274,-0.13337144,0.38252473,-0.61406,-0.12748429,-0.027108971,0.09234032,-0.06634633,0.36313325,-0.2886466,-0.20430379,0.5173605,0.5159303,0.0005195121,0.46512,-0.36620528,-0.24910021
../data/train_data_mmini/9/Train_0043.jpg	9	1.0,1.0,1.0,-1.0,1.0,-1.0,1.0,1.0,-1.0,1.0,-1.0,1.0,1.0,-1.0,-1.0,1.0,-1.0,1.0,-1.0,1.0,1.0,1.0,1.0,-1.0	0.28827497,0.57399505,0.47880873,-0.012996366,0.10892667,-0.035481222,0.29573646,0.24466498,-0.27349663,0.1965388,-0.58636403,0.5628749,0.14830604,-0.35393205,-0.016368227,0.35870802,-0.25339848,0.022203872,-0.08744563,0.10910584,0.0855524,0.6356092,0.27100986,-0.07738458
../data/train_data_mmini/9/Train_0044.jpg	9	-1.0,-1.0,1.0,-1.0,-1.0,1.0,1.0,1.0,-1.0,1.0,-1.0,-1.0,-1.0,1.0,-1.0,1.0,-1.0,-1.0,1.0,1.0,-1.0,1.0,-1.0,-1.0	-0.070742145,-0.10861319,0.23995763,-0.1957632,-0.59521735,0.40610334,0.6768909,0.06407391,-0.07290884,0.6424743,-0.38802376,-0.29007164,-0.14808375,0.23955934,-0.27175632,0.22547403,-0.47108647,-0.046822365,0.61169183,0.5756491,-0.49025682,0.4643956,-0.6982565,-0.17332867
../data/train_data_mmini/10/Train_0045.jpg	10	1.0,-1.0,1.0,-1.0,-1.0,1.0,1.0,-1.0,1.0,1.0,1.0,-1.0,-1.0,1.0,-1.0,-1.0,1.0,-1.0,1.0,1.0,-1.0,-1.0,-1.0,-1.0	0.16046256,-1.0583004,0.2425583,-0.41513246,-1.017597,0.7972681,0.59162974,-0.24084105,0.24266192,1.3703357,0.095189124,-1.6234676,-0.4490211,0.82943726,-0.20732628,-0.014560061,0.36743733,-0.7003859,2.1881683,1.7025441,-1.801703,-0.1909067,-2.2246227,-0.38711792
../data/train_data_mmini/10/Train_0046.jpg	10	1.0,-1.0,1.0,-1.0,-1.0,1.0,1.0,-1.0,1.0,1.0,1.0,-1.0,-1.0,1.0,-1.0,-1.0,-1.0,-1.0,1.0,1.0,-1.0,-1.0,-1.0,-1.0	0.14159214,-0.7694532,0.44874352,-0.45500466,-1.1599946,0.87744313,0.67079026,-0.25713572,0.26817122,1.2355204,0.18345632,-1.1010453,-0.1357796,0.6983255,-0.43226305,-0.08932497,-0.06121052,-0.39418757,1.6348902,1.2223656,-1.1934888,-0.4028339,-1.443184,-0.26970136
../data/train_data_mmini/10/Train_0047.jpg	10	1.0,-1.0,1.0,-1.0,-1.0,1.0,1.0,-1.0,1.0,1.0,-1.0,-1.0,-1.0,1.0,-1.0,1.0,1.0,-1.0,1.0,1.0,-1.0,-1.0,-1.0,-1.0	0.108440295,-0.70184994,0.38282648,-0.3154312,-0.749542,0.49904335,0.4412774,-0.09565305,0.14834239,0.9991282,-0.15787421,-0.92869747,-0.3047887,0.5538521,-0.2589174,0.10823229,0.108727425,-0.56532484,1.707702,1.2578039,-1.18691,-0.018847082,-1.3242458,-0.3360695
../data/train_data_mmini/10/Train_0048.jpg	10	1.0,-1.0,-1.0,-1.0,-1.0,1.0,1.0,-1.0,1.0,1.0,1.0,-1.0,-1.0,1.0,-1.0,-1.0,-1.0,-1.0,1.0,1.0,-1.0,1.0,-1.0,-1.0	0.05921127,-1.0985186,-0.020381773,-0.42151767,-0.5572891,0.86700296,0.7027042,-0.016270678,0.109783486,0.8118568,0.013290947,-0.93169236,-0.25859103,0.57195044,-0.48882312,-0.17611073,-0.18576668,-0.54672784,1.5580304,1.318216,-1.2541112,0.16903163,-1.4512966,-0.49216974
../data/train_data_mmini/10/Train_0049.jpg	10	1.0,-1.0,1.0,-1.0,-1.0,1.0,1.0,1.0,1.0,1.0,-1.0,-1.0,-1.0,1.0,-1.0,1.0,1.0,-1.0,1.0,1.0,-1.0,1.0,-1.0,-1.0	0.09409402,-0.5614418,0.35819817,-0.13310984,-0.5602283,0.44182897,0.44792446,0.0698523,0.11561596,0.77972907,-0.26114532,-0.6551676,-0.057395052,0.3487181,-0.111064956,0.2201158,0.07373658,-0.41929746,1.2226845,0.98379475,-0.85592794,0.06102818,-1.1069405,-0.36895123
