../data/train_data_mmini/1/Train_0000.jpg	1	-1.0,1.0,-1.0,1.0,1.0,-1.0,-1.0,-1.0,1.0,1.0,1.0,-1.0,-1.0,1.0,-1.0,1.0,1.0,-1.0,-1.0,1.0,-1.0,-1.0,-1.0,-1.0	-3.8150532,0.71206367,-0.69160086,1.6376511,4.1410537,-4.4697556,-2.465384,-3.2956085,1.8906236,3.434253,1.986022,-2.0042536,-3.4040132,0.19225381,-1.6045846,1.5176768,3.8193572,-1.1867061,-0.54743135,1.0205537,-10.233539,-2.4367206,-1.0278654,-0.50796014
../data/train_data_mmini/1/Train_0001.jpg	1	1.0,1.0,-1.0,1.0,1.0,-1.0,-1.0,-1.0,-1.0,-1.0,1.0,-1.0,1.0,1.0,1.0,-1.0,1.0,-1.0,-1.0,-1.0,-1.0,-1.0,-1.0,-1.0	0.90257645,5.7531376,-1.6184154,0.25961554,0.18322264,-6.992402,-2.6533637,-0.35775676,-1.0047882,-3.5175548,0.4551644,-0.8365225,0.11746689,2.4512963,1.8555508,-0.26493797,4.5887537,-0.8886384,-1.1629674,-0.14510365,-5.8531146,-1.0913717,-3.0542877,-0.09105469
../data/train_data_mmini/1/Train_0002.jpg	1	-1.0,-1.0,1.0,-1.0,-1.0,-1.0,-1.0,1.0,-1.0,1.0,1.0,-1.0,-1.0,1.0,-1.0,1.0,1.0,1.0,-1.0,-1.0,-1.0,-1.0,-1.0,-1.0	-2.093588,-0.10720766,1.855977,-0.21896306,-3.283656,-7.407738,-1.6945083,4.277103,-1.3472943,1.0033822,2.4070961,-2.4798086,-4.748041,4.4685483,-0.8948886,0.36395514,7.817148,4.080646,-4.1489987,-0.075153984,-5.8901443,-2.790952,-7.733032,-4.5669184
../data/train_data_mmini/1/Train_0003.jpg	1	-1.0,1.0,-1.0,1.0,1.0,-1.0,-1.0,-1.0,1.0,1.0,-1.0,-1.0,-1.0,-1.0,1.0,1.0,1.0,-1.0,-1.0,1.0,-1.0,-1.0,1.0,1.0	-2.5879555,1.0069165,-0.1875895,2.0072756,6.393183,-1.5161427,-1.9986671,-4.7306175,3.1241653,4.942315,-0.38309473,-1.6049945,-3.2170901,-1.447879,0.06233319,1.2992713,1.416198,-1.7702566,-0.5971831,1.4897224,-10.411371,-2.43777,1.6588339,0.17356609
../data/train_data_mmini/1/Train_0004.jpg	1	-1.0,1.0,-1.0,1.0,1.0,-1.0,-1.0,-1.0,1.0,1.0,1.0,1.0,-1.0,1.0,-1.0,1.0,1.0,-1.0,1.0,1.0,-1.0,-1.0,1.0,1.0	-2.0258589,2.7415223,-2.0879924,0.9318364,3.4677048,-2.9913049,-1.2424344,-4.774501,2.117816,1.0720737,3.098017,0.22455683,-0.69724816,0.18593438,-2.4673498,2.0112295,1.0435257,-1.8031412,2.0650277,0.3280451,-8.226568,-1.7007711,0.6688086,1.8443567
../data/train_data_mmini/2/Train_0005.jpg	2	1.0,1.0,1.0,1.0,1.0,1.0,-1.0,1.0,-1.0,1.0,-1.0,1.0,1.0,1.0,1.0,1.0,1.0,1.0,-1.0,1.0,-1.0,1.0,1.0,-1.0	0.38067713,0.98141956,1.2979752,0.22153151,0.53053856,1.0252616,-1.2404337,0.45719388,-0.6425192,1.0085567,-3.1002958,0.41667867,0.9083297,0.09402722,0.05580794,1.7210913,0.4985946,0.33742806,-1.0705806,1.7659807,-1.4594709,0.9737112,0.3040909,-0.124569446
../data/train_data_mmini/2/Train_0006.jpg	2	-1.0,-1.0,1.0,-1.0,-1.0,1.0,-1.0,1.0,-1.0,1.0,-1.0,1.0,1.0,1.0,-1.0,1.0,1.0,1.0,-1.0,-1.0,-1.0,1.0,-1.0,-1.0	-0.9262796,-3.083089,1.4947814,-1.4948133,-1.7740145,1.9365274,-0.60401624,2.7531044,-1.827306,0.84956425,-0.010386363,0.08122177,0.74852175,0.91289026,-2.040181,0.310385,0.31650525,1.9481248,-0.7806083,-0.23804507,-2.8687813,1.6245947,-0.2999274,-0.60417587
../data/train_data_mmini/2/Train_0007.jpg	2	1.0,1.0,-1.0,-1.0,1.0,-1.0,-1.0,-1.0,1.0,1.0,1.0,1.0,-1.0,-1.0,-1.0,1.0,1.0,-1.0,1.0,1.0,-1.0,-1.0,1.0,1.0	0.047210194,3.794285,-0.80545,-0.6980833,1.6824446,-1.3906013,-1.8717812,-3.965142,1.26785,1.4260024,2.775067,0.05220375,-1.305287,-0.32995957,-1.064874,0.2613022,1.6407927,-0.26659808,0.5291804,0.7924218,-12.416091,-1.0394545,0.15195115,0.7429595
../data/train_data_mmini/2/Train_0008.jpg	2	-1.0,-1.0,-1.0,1.0,-1.0,-1.0,-1.0,-1.0,-1.0,-1.0,1.0,1.0,1.0,1.0,-1.0,-1.0,-1.0,-1.0,1.0,-1.0,-1.0,1.0,1.0,1.0	-2.0596955,-5.5244265,-2.485673,0.43594322,-1.2601304,-1.0137638,-0.4915823,-1.3540411,-0.91984963,-1.816623,5.7273927,0.12383649,1.2638686,0.27580205,-2.065562,-2.7656298,-0.45301154,-1.0841981,1.8336737,-2.9133322,-5.216348,0.1855256,0.3320381,1.8959202
../data/train_data_mmini/2/Train_0009.jpg	2	1.0,1.0,1.0,1.0,1.0,1.0,1.0,-1.0,1.0,-1.0,-1.0,1.0,1.0,-1.0,-1.0,1.0,-1.0,-1.0,1.0,1.0,-1.0,1.0,1.0,1.0	0.35482156,0.4903072,0.0013545948,1.2290348,2.1922717,1.5838081,0.87424415,-2.2391405,0.3247348,-0.9278838,-3.0338676,1.6426799,2.2139773,-1.2074093,-1.1418848,0.7811836,-2.3924937,-1.5534239,0.09204947,1.1906847,-2.0273993,0.62347823,2.7119231,0.53292125
../data/train_data_mmini/3/Train_0010.jpg	3	1.0,1.0,-1.0,1.0,1.0,-1.0,1.0,-1.0,-1.0,-1.0,-1.0,1.0,1.0,-1.0,-1.0,-1.0,-1.0,-1.0,1.0,1.0,-1.0,1.0,1.0,1.0	1.6069487,2.3446848,-2.2906482,0.5699344,1.4066886,-0.3716854,0.24595843,-3.4575634,-0.15154377,-3.4145737,-0.083609514,2.7778027,3.3820403,-1.3142985,-0.14018387,-0.24578018,-1.992287,-2.1040514,2.2143822,0.046116833,-1.4539508,1.1107333,2.2501254,2.2586668
../data/train_data_mmini/3/Train_0011.jpg	3	1.0,1.0,-1.0,-1.0,-1.0,-1.0,-1.0,1.0,-1.0,-1.0,1.0,1.0,-1.0,1.0,-1.0,1.0,1.0,1.0,-1.0,-1.0,-1.0,-1.0,-1.0,-1.0	0.11310626,2.3482096,-0.03403005,-1.1121418,-3.386687,-4.3095126,-1.1250359,2.4190092,-1.1643549,-1.8524547,3.8082948,0.57531637,-1.5965096,2.9470232,-0.17522553,1.4455267,5.997605,2.1790755,-0.8765187,-0.8322339,-2.3177419,-1.0542278,-6.1645207,-1.1729009
../data/train_data_mmini/3/Train_0012.jpg	3	-1.0,1.0,1.0,1.0,1.0,-1.0,-1.0,1.0,1.0,-1.0,-1.0,-1.0,1.0,1.0,1.0,1.0,1.0,-1.0,-1.0,1.0,1.0,1.0,-1.0,-1.0	-0.5541774,1.6400993,0.28493875,1.9272658,1.3329394,-4.4824843,-0.6232901,0.8816284,0.08930212,-0.18919373,-3.3877761,-1.8901654,0.18196572,2.1955054,1.0833119,0.8796009,1.7571911,-0.33226416,-1.5689715,0.071253665,1.3560642,0.45708507,-2.0808942,-0.56081
../data/train_data_mmini/3/Train_0013.jpg	3	-1.0,-1.0,-1.0,-1.0,-1.0,-1.0,-1.0,1.0,-1.0,-1.0,-1.0,-1.0,-1.0,1.0,1.0,-1.0,1.0,-1.0,-1.0,-1.0,-1.0,1.0,1.0,-1.0	-1.6394757,-5.950989,-0.8554056,-0.55121356,-0.06767913,-0.9923369,-1.4751123,0.83642733,-1.2804048,-0.8847563,-0.48355314,-2.4202955,-0.4255467,1.4927486,0.9539816,-1.1358876,1.3944367,-0.76550925,-1.4325124,-0.9931065,-1.4850066,0.25621873,0.9381016,-0.4570229
../data/train_data_mmini/3/Train_0014.jpg	3	1.0,1.0,1.0,-1.0,-1.0,1.0,-1.0,1.0,-1.0,-1.0,1.0,1.0,1.0,1.0,-1.0,1.0,1.0,1.0,1.0,-1.0,-1.0,1.0,-1.0,1.0	1.2395391,2.6290681,0.8617807,-1.6815035,-3.3593302,1.0125595,-0.4604446,1.7060844,-2.735566,-2.9966736,1.9064336,2.9275734,3.6792545,1.6084496,-3.6588073,0.2089325,0.19664054,1.3208822,0.7758952,-0.14977826,-3.7875795,2.5759726,-0.84308773,0.4502023
../data/train_data_mmini/4/Train_0015.jpg	4	-1.0,-1.0,-1.0,1.0,1.0,-1.0,-1.0,1.0,-1.0,1.0,1.0,-1.0,-1.0,-1.0,-1.0,-1.0,1.0,-1.0,-1.0,-1.0,-1.0,-1.0,1.0,-1.0	-3.1247327,-4.651481,-0.46252415,1.779202,1.553332,-2.5563693,-2.5827317,0.8032102,-0.33708686,0.9123403,3.0616717,-1.9833388,-3.186444,-0.23517238,-0.6391398,-0.6756201,3.2044268,-1.0373391,-0.3782393,-1.2260759,-3.1216266,-0.6679403,0.018769817,-0.9712978
../data/train_data_mmini/4/Train_0016.jpg	4	1.0,1.0,1.0,1.0,-1.0,-1.0,-1.0,1.0,-1.0,1.0,-1.0,-1.0,-1.0,1.0,1.0,1.0,1.0,1.0,-1.0,1.0,-1.0,1.0,-1.0,-1.0	0.44509602,2.7481372,2.3681138,0.826634,-1.114217,-0.4766277,-0.27831596,2.8591807,-1.2059057,0.47383192,-2.4521163,-0.18529457,-0.08628585,0.7700579,0.018406967,0.11852692,0.58478045,2.4599664,-2.0617604,1.208543,-1.8867095,0.5410218,-2.4746425,-1.8335286
../data/train_data_mmini/4/Train_0017.jpg	4	-1.0,1.0,1.0,1.0,-1.0,-1.0,-1.0,1.0,-1.0,1.0,-1.0,1.0,-1.0,1.0,-1.0,1.0,1.0,1.0,-1.0,1.0,1.0,1.0,-1.0,-1.0	-0.31277692,0.81823677,1.2412924,0.093925714,-1.8928136,-0.28369838,-0.558412,3.4527879,-1.0654396,0.0063176053,-0.087135084,0.6230684,-0.40154442,0.60392135,-1.306354,0.8830878,2.1129036,2.0334456,-0.94233626,0.16199611,1.1721852,0.70313513,-2.2117932,-1.080715
../data/train_data_mmini/4/Train_0018.jpg	4	1.0,1.0,1.0,-1.0,-1.0,1.0,-1.0,-1.0,-1.0,1.0,1.0,1.0,1.0,-1.0,-1.0,1.0,-1.0,1.0,1.0,1.0,-1.0,1.0,-1.0,1.0	0.72570616,1.9934283,0.39620715,-1.1721615,-1.7786661,2.719196,-0.97745866,-0.5836231,-0.15006259,0.9765853,2.0415094,3.0798461,2.7274172,-0.53525347,-3.2799478,1.4413378,-0.7990913,1.1936132,3.0439088,0.25789192,-2.5983362,1.6766335,-0.01898176,1.7769711
../data/train_data_mmini/4/Train_0019.jpg	4	-1.0,-1.0,1.0,-1.0,1.0,1.0,-1.0,1.0,-1.0,-1.0,-1.0,-1.0,1.0,1.0,-1.0,1.0,1.0,1.0,-1.0,1.0,1.0,1.0,1.0,-1.0	-1.1936299,-2.7487473,1.5788906,-0.299209,0.32797953,0.18806124,-0.10001227,2.219779,-0.7499846,-0.18565643,-3.8246946,-1.2582458,0.8304763,2.5874913,-0.36887985,0.82243854,0.8544431,0.6766731,-2.42506,0.6458686,1.0116992,0.7290176,0.6809326,-0.676276
../data/train_data_mmini/5/Train_0020.jpg	5	1.0,1.0,-1.0,-1.0,-1.0,-1.0,-1.0,-1.0,1.0,-1.0,-1.0,-1.0,-1.0,1.0,1.0,1.0,1.0,-1.0,-1.0,1.0,-1.0,-1.0,-1.0,-1.0	1.8885462,5.0023837,-0.67214245,-1.5195218,-0.082106374,-1.8857489,-0.45838273,-2.8698885,0.19456989,-1.2414238,-2.0012364,-0.7838088,-0.14396155,1.3943926,1.9857765,0.042594984,0.99131566,-0.32526407,-1.9992048,1.4505907,-10.486033,-1.2744787,-0.9904002,-0.35244805
../data/train_data_mmini/5/Train_0021.jpg	5	-1.0,-1.0,-1.0,1.0,1.0,-1.0,-1.0,-1.0,1.0,1.0,1.0,-1.0,-1.0,1.0,-1.0,1.0,1.0,-1.0,1.0,-1.0,-1.0,-1.0,1.0,1.0	-4.213933,-5.6144624,-1.7892351,0.93238366,1.8800923,-1.1003623,-2.0848844,-1.1648018,0.32732975,1.6673098,6.002231,-0.7579336,-0.9689721,0.62756085,-3.26119,0.15357937,1.7109697,-1.5577463,1.9525077,-1.9174848,-5.4031496,-0.40968516,1.1540664,2.0619493
../data/train_data_mmini/5/Train_0022.jpg	5	-1.0,-1.0,-1.0,-1.0,1.0,1.0,-1.0,-1.0,-1.0,-1.0,1.0,1.0,1.0,-1.0,-1.0,-1.0,-1.0,-1.0,-1.0,1.0,-1.0,-1.0,1.0,1.0	-0.10406067,-0.6669818,-0.63188636,-0.8070668,0.9073406,0.5971189,-0.70909506,-3.4633512,-0.42787206,-0.6157495,1.7270072,0.35676733,0.4574513,-0.629471,-0.7707405,-1.8003178,-0.64161,-1.634885,-0.1337899,0.01610603,-11.101953,-0.08059557,2.3400445,0.5762307
../data/train_data_mmini/5/Train_0023.jpg	5	-1.0,1.0,-1.0,-1.0,1.0,-1.0,-1.0,-1.0,1.0,1.0,1.0,-1.0,-1.0,-1.0,1.0,-1.0,1.0,-1.0,-1.0,1.0,-1.0,-1.0,1.0,1.0	-0.57084686,1.2607521,-1.5483106,-0.6315324,4.0883245,-0.5127373,-1.1111966,-6.0437484,2.1570892,1.5343033,1.0529785,-1.0941467,-1.312046,-0.37530187,0.918388,-0.22171704,0.6774879,-2.5561414,-0.39475295,1.0866007,-13.356043,-2.2769525,2.9492354,1.4031326
../data/train_data_mmini/5/Train_0024.jpg	5	-1.0,1.0,-1.0,1.0,1.0,-1.0,-1.0,-1.0,1.0,1.0,1.0,-1.0,-1.0,-1.0,-1.0,1.0,1.0,-1.0,1.0,1.0,-1.0,-1.0,-1.0,1.0	-3.1898463,1.2483361,-0.7880779,2.2260945,4.4691486,-3.4439607,-1.7154388,-3.0674593,1.9430788,3.0677733,0.48530287,-0.71798116,-1.943908,-0.15095633,-1.9482509,2.9891696,2.395584,-1.7964203,0.2843316,0.8948404,-5.1757,-1.3863628,-0.4452832,0.58698887
../data/train_data_mmini/6/Train_0025.jpg	6	-1.0,1.0,1.0,1.0,1.0,1.0,-1.0,1.0,1.0,1.0,-1.0,-1.0,1.0,1.0,-1.0,1.0,1.0,1.0,-1.0,1.0,1.0,1.0,-1.0,-1.0	-1.6062297,1.4030548,4.0402985,1.5403534,3.243573,0.97902554,-1.6603675,3.2603402,0.3591893,2.9818628,-3.5402908,-1.12583,0.2531559,0.89824814,-0.44037926,2.2739203,1.4324993,2.107496,-0.05233743,1.5870253,0.96109563,2.5842943,-0.046962537,-0.7677969
../data/train_data_mmini/6/Train_0026.jpg	6	1.0,1.0,1.0,1.0,1.0,1.0,-1.0,-1.0,1.0,1.0,1.0,1.0,1.0,-1.0,-1.0,1.0,-1.0,1.0,1.0,-1.0,-1.0,1.0,-1.0,1.0	3.0225356,10.696618,1.438322,0.13859881,1.1837071,0.9833576,-1.6889646,-1.9667907,2.0540802,1.9321868,2.4300568,4.0203543,1.6397079,-3.3129058,-1.4227101,2.2352955,-0.7387733,1.8027575,5.609657,-0.5455652,-3.8244176,0.3334353,-1.1062996,1.5565447
../data/train_data_mmini/6/Train_0027.jpg	6	1.0,1.0,-1.0,1.0,-1.0,1.0,1.0,-1.0,-1.0,-1.0,-1.0,1.0,1.0,-1.0,-1.0,-1.0,-1.0,-1.0,1.0,1.0,1.0,1.0,1.0,1.0	3.6727302,5.983109,-0.7386962,0.35894808,-0.7919506,0.58510244,1.0451623,-0.85335034,-1.3366209,-3.9299202,-1.2743725,4.107717,5.203225,-1.3667337,-0.2111169,-0.10692252,-2.3681128,-0.0068341712,1.7851448,0.073833115,1.1166624,2.525907,0.57103366,1.4024477
../data/train_data_mmini/6/Train_0028.jpg	6	1.0,1.0,1.0,-1.0,-1.0,-1.0,-1.0,1.0,-1.0,-1.0,1.0,1.0,1.0,1.0,-1.0,1.0,1.0,1.0,1.0,-1.0,-1.0,1.0,-1.0,1.0	1.1278824,3.7388341,0.65012884,-2.9848628,-6.435632,-0.6558208,-0.64776146,1.6852771,-2.675368,-1.7710577,7.5858417,3.7434943,1.4021571,3.2912555,-5.49954,0.039124623,2.4617739,4.3965635,1.5207964,-2.1180458,-6.421827,0.5294041,-6.7580943,0.5959653
../data/train_data_mmini/6/Train_0029.jpg	6	-1.0,-1.0,-1.0,1.0,1.0,-1.0,1.0,-1.0,1.0,1.0,-1.0,-1.0,-1.0,1.0,1.0,-1.0,-1.0,-1.0,-1.0,1.0,-1.0,-1.0,1.0,-1.0	-2.0892532,-7.246315,-0.6258944,2.1211517,5.46176,-2.6008382,1.1279044,-0.93238777,3.052492,1.5506411,-6.058324,-5.482299,-2.2316415,1.5180435,3.1287673,-1.2119182,-1.2406462,-2.2014706,-1.9137999,1.8861175,-0.008675328,-2.3275478,2.068668,-0.20875175
../data/train_data_mmini/7/Train_0030.jpg	7	1.0,1.0,1.0,1.0,1.0,1.0,-1.0,1.0,-1.0,1.0,-1.0,1.0,1.0,-1.0,-1.0,1.0,1.0,-1.0,-1.0,1.0,-1.0,1.0,1.0,-1.0	0.024797954,0.073724896,1.5052042,1.2112076,1.4745386,0.7910097,-1.0346378,0.82783777,-0.8199948,0.20015994,-2.9178421,0.22011748,0.41779166,-0.71607506,-0.075838104,0.3801779,0.1745885,-0.03439329,-2.1370401,1.603218,-3.7489483,0.82551974,1.0079281,-1.1225494
../data/train_data_mmini/7/Train_0031.jpg	7	1.0,-1.0,1.0,1.0,-1.0,1.0,1.0,-1.0,-1.0,-1.0,-1.0,1.0,1.0,-1.0,-1.0,1.0,-1.0,-1.0,-1.0,1.0,-1.0,1.0,1.0,-1.0	0.061153464,-1.1067894,0.9509813,0.4880624,-0.47787347,1.9938492,0.12484443,-0.030119713,-1.672238,-0.7799883,-3.3346992,2.1496146,2.6071765,-1.5720263,-0.6083777,0.02411151,-1.9939715,-0.29058376,-0.71724147,0.84374285,-1.4463017,1.8001721,0.9229777,-0.5965771
../data/train_data_mmini/7/Train_0032.jpg	7	-1.0,1.0,-1.0,1.0,-1.0,-1.0,1.0,1.0,-1.0,-1.0,1.0,1.0,1.0,1.0,-1.0,1.0,1.0,1.0,1.0,-1.0,1.0,1.0,-1.0,1.0	-0.29597136,0.418168,-0.117870934,0.69059706,-2.0093253,-0.008630391,0.047707483,1.5758235,-0.9059084,-1.6804641,1.1841935,3.0433474,1.2096595,0.11762141,-2.6621277,0.69379973,0.2671177,0.92191637,1.2817618,-0.7002342,3.1833565,1.1949149,-1.7480414,0.71147066
../data/train_data_mmini/7/Train_0033.jpg	7	1.0,1.0,1.0,1.0,-1.0,-1.0,1.0,-1.0,1.0,1.0,-1.0,1.0,1.0,-1.0,-1.0,1.0,-1.0,1.0,-1.0,1.0,-1.0,1.0,-1.0,-1.0	1.7618332,5.3469057,0.85142,0.039340153,-0.8445357,-0.052186873,1.1327503,-0.46695065,0.2418229,0.14298198,-3.5060897,1.3992867,1.5871232,-0.47648305,-0.8701371,1.1978819,-1.4221994,1.3603865,-0.23129904,1.2136558,-2.1988378,0.63079804,-2.479597,-0.24462073
../data/train_data_mmini/7/Train_0034.jpg	7	1.0,1.0,-1.0,-1.0,-1.0,-1.0,-1.0,1.0,-1.0,-1.0,1.0,1.0,1.0,1.0,-1.0,1.0,1.0,1.0,1.0,-1.0,1.0,1.0,-1.0,1.0	0.706045,4.5495987,-1.0602958,-0.843176,-2.3784473,-2.0452135,-0.12882793,0.29162762,-0.058726404,-2.625024,3.108564,2.8882291,2.0961235,2.0261443,-2.063596,1.6385144,1.870065,0.5675397,1.5219733,-0.8211758,0.56257296,0.7990115,-4.32398,1.531486
../data/train_data_mmini/8/Train_0035.jpg	8	-1.0,-1.0,-1.0,1.0,1.0,1.0,-1.0,-1.0,-1.0,-1.0,1.0,-1.0,1.0,-1.0,-1.0,-1.0,-1.0,-1.0,1.0,-1.0,-1.0,1.0,1.0,1.0	-0.8466678,-7.13985,-1.6716024,0.06096971,0.82991827,0.57695717,-1.5880474,-0.69525903,-1.227508,-1.9531283,1.3923467,-1.5494564,0.6648126,-0.52979153,-0.25951108,-2.5572178,-0.95550966,-2.282536,0.26926023,-1.0633276,-3.0583863,0.99953383,4.233493,0.73356766
../data/train_data_mmini/8/Train_0036.jpg	8	1.0,1.0,1.0,-1.0,-1.0,1.0,-1.0,1.0,-1.0,1.0,-1.0,1.0,1.0,-1.0,-1.0,1.0,-1.0,1.0,-1.0,1.0,-1.0,1.0,-1.0,-1.0	0.28560036,1.3233134,3.5329657,-1.2574035,-2.6818185,4.047606,-0.7055568,3.696735,-1.8187178,0.9530525,-2.4913144,2.4761374,2.5859885,-0.1569461,-2.3269932,1.8487116,-0.3373031,3.2472785,-0.400083,1.8643949,-0.9511033,3.0436237,-0.9083417,-1.2612665
../data/train_data_mmini/8/Train_0037.jpg	8	1.0,1.0,1.0,-1.0,-1.0,1.0,-1.0,1.0,-1.0,-1.0,1.0,1.0,1.0,-1.0,-1.0,1.0,1.0,1.0,1.0,-1.0,1.0,1.0,-1.0,1.0	0.6936966,4.8403754,0.33576426,-0.08143403,-1.5251297,0.3771202,-0.6372129,0.8040818,-0.50890565,-1.3307682,0.7404815,4.2360907,3.620286,-0.44789743,-2.1438522,2.3245218,0.0006500378,0.7473448,2.3328366,-0.05637477,3.3110013,1.625668,-2.2581034,1.8157623
../data/train_data_mmini/8/Train_0038.jpg	8	-1.0,-1.0,-1.0,1.0,1.0,-1.0,-1.0,-1.0,-1.0,-1.0,-1.0,-1.0,1.0,-1.0,1.0,-1.0,-1.0,-1.0,-1.0,-1.0,-1.0,1.0,1.0,-1.0	-0.62485313,-3.5374584,-0.6374803,1.7074295,0.7576535,-1.3692931,-0.5250898,-0.47673228,-1.6702012,-2.5390325,-1.3275263,-0.7263268,0.36631683,-0.16232191,0.1579333,-2.4598846,-1.0252647,-2.4372845,-1.8823495,-0.4095916,-3.4813242,0.16211052,2.5120182,-0.5290294
../data/train_data_mmini/8/Train_0039.jpg	8	-1.0,-1.0,-1.0,-1.0,-1.0,1.0,-1.0,1.0,-1.0,-1.0,-1.0,-1.0,1.0,1.0,-1.0,1.0,-1.0,-1.0,-1.0,-1.0,1.0,1.0,1.0,1.0	-0.02824856,-4.232541,-0.8955954,-0.22032517,-0.8725092,1.1092145,-0.534463,1.0457371,-1.5009763,-2.5293655,-1.6586337,-0.19775021,2.4073653,1.3749206,-0.30159065,0.19677515,-0.4257279,-0.7922171,-0.32501066,-1.0433244,3.2333777,1.6590052,1.8067014,0.5460678
../data/train_data_mmini/9/Train_0040.jpg	9	-1.0,-1.0,-1.0,1.0,1.0,-1.0,-1.0,-1.0,-1.0,1.0,1.0,1.0,1.0,1.0,-1.0,1.0,1.0,-1.0,1.0,-1.0,-1.0,1.0,1.0,1.0	-2.1627607,-0.6120212,-0.5412246,0.9227709,1.4624535,-1.4054599,-1.8338197,-0.87459356,-0.49359465,0.22947858,2.1918592,1.3184727,0.7346148,0.077883214,-2.8421907,0.87650806,1.0773929,-1.0122336,1.0979656,-0.11687833,-3.6651936,0.6494541,0.23172313,1.0211363
../data/train_data_mmini/9/Train_0041.jpg	9	1.0,1.0,-1.0,-1.0,-1.0,-1.0,1.0,-1.0,-1.0,-1.0,-1.0,1.0,1.0,1.0,1.0,-1.0,1.0,1.0,-1.0,1.0,-1.0,1.0,-1.0,1.0	2.903287,5.7476535,-1.3173378,-1.6235836,-3.0347016,-2.5242028,0.74341446,-0.4877128,-1.3052373,-4.5000353,-2.3421597,1.883075,4.2458534,2.3131719,0.3907076,-0.258647,0.29550564,0.060241662,-0.87181824,0.9030252,-2.1539986,1.5380303,-3.1922548,0.39448875
../data/train_data_mmini/9/Train_0042.jpg	9	-1.0,-1.0,-1.0,1.0,1.0,-1.0,-1.0,-1.0,-1.0,-1.0,1.0,1.0,-1.0,1.0,-1.0,1.0,1.0,-1.0,1.0,-1.0,-1.0,-1.0,-1.0,1.0	-2.6190813,-1.3191587,-1.4063886,1.7492387,1.7208405,-3.7519772,-1.9901901,-0.11914766,-0.31485105,-1.0429072,3.440764,0.1200695,-1.8421818,0.85325056,-0.6053243,1.1658576,3.9849846,-1.2810639,0.4111906,-0.866674,-1.1165257,-1.0197556,-0.88154525,0.21737967
../data/train_data_mmini/9/Train_0043.jpg	9	-1.0,-1.0,1.0,-1.0,-1.0,1.0,-1.0,1.0,-1.0,1.0,1.0,1.0,1.0,1.0,-1.0,-1.0,-1.0,1.0,1.0,-1.0,-1.0,1.0,1.0,1.0	-0.74084276,-3.980128,0.5504187,-1.8937976,-1.0238826,2.3007948,-1.5116196,0.3187258,-1.924313,0.08885696,2.126916,0.7933811,1.9092995,0.39556962,-2.5494578,-0.47161373,-0.31813282,0.20987442,0.87990737,-0.30832425,-6.504864,1.8777274,2.1976647,1.0651413
../data/train_data_mmini/9/Train_0044.jpg	9	-1.0,-1.0,-1.0,1.0,1.0,-1.0,-1.0,1.0,-1.0,-1.0,-1.0,-1.0,-1.0,1.0,1.0,-1.0,1.0,-1.0,-1.0,1.0,1.0,-1.0,1.0,-1.0	-0.8396791,-3.4494374,-0.5260369,2.6153674,2.988507,-3.305825,-0.71957517,0.04510429,-0.52250624,-1.7266921,-3.7910278,-2.4938135,-0.43701872,0.78987896,1.6911324,-0.4375589,0.76705706,-2.1283824,-2.3809514,0.5340808,1.0330166,-0.19759493,1.3044171,-0.6617128
../data/train_data_mmini/10/Train_0045.jpg	10	1.0,-1.0,-1.0,1.0,-1.0,1.0,1.0,1.0,-1.0,-1.0,-1.0,1.0,1.0,1.0,-1.0,1.0,-1.0,-1.0,1.0,-1.0,1.0,1.0,1.0,1.0	0.5055515,-0.27078652,-0.53233963,0.53816634,-1.0100641,0.6721211,0.8609409,0.88506156,-0.90444726,-1.8627439,-0.53746766,1.4885443,2.2584875,0.33892116,-1.1033324,0.28047946,-2.2363749,-0.47474104,1.1210858,-1.4595941,3.9300025,1.2186904,1.1384879,1.0810074
../data/train_data_mmini/10/Train_0046.jpg	10	-1.0,1.0,1.0,1.0,1.0,-1.0,-1.0,1.0,-1.0,-1.0,-1.0,-1.0,-1.0,1.0,-1.0,1.0,1.0,1.0,-1.0,-1.0,1.0,1.0,-1.0,-1.0	-0.38549817,0.2286747,0.45841464,0.90903,0.38544947,-1.4210929,-0.34213498,1.4454393,-0.24420913,-0.42113703,-0.29657358,-0.48406774,-0.32519948,0.32520092,-0.25730863,0.7801309,0.99822825,0.075799435,-0.027527926,-0.58507884,2.2502384,0.48478824,-0.6949667,-0.16255003
../data/train_data_mmini/10/Train_0047.jpg	10	-1.0,-1.0,1.0,1.0,-1.0,1.0,-1.0,1.0,-1.0,1.0,1.0,1.0,1.0,1.0,-1.0,1.0,1.0,1.0,1.0,-1.0,1.0,1.0,1.0,1.0	-1.5059718,-2.9196599,0.3473848,0.40851057,-1.3599441,1.7722663,-1.1453921,2.438581,-0.9547119,0.22072835,0.7519573,1.7727933,1.2039758,0.8153073,-1.9065809,1.3427912,0.16547008,1.2767773,1.1889628,-1.7733259,3.7539623,1.4210484,1.1333749,1.0389855
../data/train_data_mmini/10/Train_0048.jpg	10	1.0,-1.0,-1.0,1.0,1.0,-1.0,1.0,-1.0,1.0,-1.0,-1.0,-1.0,1.0,1.0,1.0,-1.0,-1.0,-1.0,-1.0,1.0,1.0,-1.0,1.0,1.0	0.3048946,-4.4730787,-1.4879352,1.5141721,2.3307867,-2.175289,0.9965682,-0.36287457,0.43931597,-2.2802973,-4.387457,-3.0537286,0.04191879,1.4629552,2.0556016,-1.3570324,-1.0861808,-2.1994162,-1.711377,0.31170785,1.7111212,-0.6271753,2.2775683,0.96393377
../data/train_data_mmini/10/Train_0049.jpg	10	-1.0,-1.0,-1.0,1.0,-1.0,1.0,-1.0,1.0,-1.0,-1.0,1.0,1.0,1.0,1.0,-1.0,1.0,-1.0,-1.0,1.0,-1.0,1.0,1.0,1.0,1.0	-0.7746955,-1.8573998,-0.06989168,1.1048267,-0.069304906,0.87755316,-1.410415,1.3881662,-1.0153813,-1.526866,0.43833843,1.4436802,1.4583257,0.6089622,-1.6502223,0.7789991,-0.16722474,-0.9437972,1.232666,-1.3234239,4.0288,2.2261977,2.400103,0.5871346
