../data/train_data_mmini/1/Train_0000.jpg	1	-1.0,1.0,-1.0,1.0,1.0,-1.0,-1.0,-1.0	-1.1060716,1.6076149,-0.097363144,1.9287604,2.3826466,-0.4968863,-3.5740182,-1.0296936
../data/train_data_mmini/1/Train_0001.jpg	1	-1.0,1.0,1.0,-1.0,1.0,1.0,-1.0,1.0	-2.8740728,4.12684,1.7048211,-1.7984747,1.1243608,2.4482698,-3.8475296,1.6229938
../data/train_data_mmini/1/Train_0002.jpg	1	-1.0,1.0,1.0,1.0,1.0,1.0,-1.0,1.0	-3.926286,0.7281794,1.8494744,0.062074155,3.1828773,0.74417067,-0.49554685,0.65554214
../data/train_data_mmini/1/Train_0003.jpg	1	1.0,1.0,-1.0,1.0,1.0,1.0,-1.0,-1.0	1.3794279,1.6757385,-0.4156307,2.2003374,3.3037934,2.1281886,-4.321235,-2.7665486
../data/train_data_mmini/1/Train_0004.jpg	1	1.0,1.0,1.0,1.0,-1.0,1.0,-1.0,-1.0	1.6391288,1.7253941,1.9494274,3.9082167,-0.27538186,1.00333,-3.9619358,-0.37380776
../data/train_data_mmini/2/Train_0005.jpg	2	1.0,-1.0,-1.0,-1.0,-1.0,1.0,1.0,1.0	2.3232012,-0.8298912,-0.075557604,-0.95951045,-0.066264324,1.0497134,1.1596868,2.8617644
../data/train_data_mmini/2/Train_0006.jpg	2	1.0,-1.0,-1.0,-1.0,1.0,-1.0,-1.0,1.0	1.736976,-3.95012,-0.5544703,-1.0126857,0.5342513,-1.3641479,-2.025197,3.4761777
../data/train_data_mmini/2/Train_0007.jpg	2	1.0,1.0,-1.0,1.0,1.0,-1.0,-1.0,-1.0	1.797899,2.6084447,-0.16641724,1.9305927,1.0019149,-3.2662702,-5.1685805,-1.0628846
../data/train_data_mmini/2/Train_0008.jpg	2	-1.0,-1.0,1.0,1.0,1.0,-1.0,1.0,1.0	-0.12748617,-1.4701271,1.3777046,3.2312472,1.4104897,-1.0790389,0.90659535,2.206788
../data/train_data_mmini/2/Train_0009.jpg	2	1.0,1.0,-1.0,-1.0,-1.0,1.0,1.0,-1.0	1.1012162,0.22603229,-3.4379644,-0.8347212,-2.3966496,0.65527356,0.5060345,-0.13039356
../data/train_data_mmini/3/Train_0010.jpg	3	1.0,1.0,1.0,1.0,-1.0,1.0,1.0,1.0	2.2228436,2.2555947,0.36591327,1.9515392,-3.8110552,0.039186954,1.2971696,0.9835025
../data/train_data_mmini/3/Train_0011.jpg	3	-1.0,1.0,1.0,-1.0,1.0,-1.0,1.0,1.0	-2.1083093,2.975334,3.2108266,-2.9037213,0.7720513,-0.15713601,1.5181037,0.5233787
../data/train_data_mmini/3/Train_0012.jpg	3	-1.0,1.0,1.0,-1.0,1.0,1.0,-1.0,-1.0	-2.9492943,2.5732393,0.49245858,-3.2147124,2.6161451,2.1030622,-0.16171041,-2.1574051
../data/train_data_mmini/3/Train_0013.jpg	3	-1.0,-1.0,-1.0,-1.0,1.0,1.0,1.0,1.0	-2.2439165,-3.6550164,-0.45209068,-2.194334,1.9833348,0.22686863,1.1957941,2.7530832
../data/train_data_mmini/3/Train_0014.jpg	3	1.0,1.0,1.0,-1.0,1.0,1.0,1.0,1.0	2.4356518,1.4148033,0.3440162,-0.6706338,1.8293016,2.7308083,1.5078942,1.8480326
../data/train_data_mmini/4/Train_0015.jpg	4	-1.0,-1.0,1.0,1.0,1.0,-1.0,-1.0,-1.0	-2.4112399,-1.464161,1.0374832,0.28464484,4.0327706,-0.48711407,-0.6209536,-2.8258376
../data/train_data_mmini/4/Train_0016.jpg	4	1.0,1.0,-1.0,-1.0,1.0,1.0,1.0,-1.0	0.86647093,0.47158194,-1.465009,-1.3754482,3.5302806,3.9741106,0.8706882,-0.0032922775
../data/train_data_mmini/4/Train_0017.jpg	4	-1.0,1.0,-1.0,-1.0,1.0,1.0,1.0,1.0	-1.814129,0.3411275,-0.5457713,-3.7231767,2.1774228,2.026761,3.4493515,1.1083248
../data/train_data_mmini/4/Train_0018.jpg	4	1.0,1.0,1.0,1.0,1.0,-1.0,1.0,1.0	1.768846,1.5331967,0.1589745,0.8035296,0.11427397,-1.3663874,1.3457105,0.7721331
../data/train_data_mmini/4/Train_0019.jpg	4	1.0,-1.0,1.0,-1.0,1.0,1.0,-1.0,1.0	2.3584883,-4.040321,0.55948126,-3.2880929,0.085288204,2.9888878,-2.7191598,2.8751965
../data/train_data_mmini/5/Train_0020.jpg	5	1.0,1.0,-1.0,1.0,1.0,1.0,-1.0,1.0	0.6258019,1.9081762,-0.24792457,2.539373,0.5436114,3.8849955,-5.24596,1.3930378
../data/train_data_mmini/5/Train_0021.jpg	5	1.0,-1.0,1.0,1.0,1.0,1.0,-1.0,1.0	1.2386502,-3.2276065,3.5530133,1.891554,1.9805887,1.5589474,-1.7822866,1.5251737
../data/train_data_mmini/5/Train_0022.jpg	5	1.0,1.0,-1.0,1.0,1.0,-1.0,-1.0,1.0	1.1023042,1.6137835,-1.2246158,1.2640052,0.39518774,-2.930718,-3.5189574,1.1755906
../data/train_data_mmini/5/Train_0023.jpg	5	1.0,1.0,-1.0,1.0,1.0,-1.0,-1.0,1.0	2.3553565,1.3734405,-0.75294226,3.2758052,0.9269086,-0.20077541,-5.564076,0.18776524
../data/train_data_mmini/5/Train_0024.jpg	5	1.0,1.0,1.0,1.0,1.0,-1.0,-1.0,-1.0	0.26992977,0.58837205,1.2721465,2.2098587,0.5994909,-0.15350963,-0.82439196,-3.6801453
../data/train_data_mmini/6/Train_0025.jpg	6	1.0,-1.0,1.0,-1.0,-1.0,1.0,1.0,-1.0	3.405594,-0.74468076,0.3542884,-3.3427129,-0.36093575,0.18079549,2.8122935,-3.0941763
../data/train_data_mmini/6/Train_0026.jpg	6	-1.0,1.0,1.0,1.0,-1.0,1.0,-1.0,-1.0	-0.31921032,4.3644905,1.801348,0.1492628,-1.4233978,0.8621048,-1.8210636,-3.875288
../data/train_data_mmini/6/Train_0027.jpg	6	1.0,1.0,-1.0,-1.0,-1.0,1.0,1.0,-1.0	2.1592877,2.243149,-0.31403938,-2.080677,-1.5112183,2.2063918,1.3907325,-0.07847744
../data/train_data_mmini/6/Train_0028.jpg	6	1.0,1.0,1.0,1.0,1.0,-1.0,1.0,1.0	0.11331696,4.363867,2.634837,1.1333382,2.4426088,-0.31002182,1.2192647,2.5352936
../data/train_data_mmini/6/Train_0029.jpg	6	1.0,-1.0,-1.0,-1.0,-1.0,-1.0,1.0,-1.0	0.7928143,-2.591762,-2.7247112,-1.5159361,-0.50273585,-0.83326846,3.8222053,-1.7372541
../data/train_data_mmini/7/Train_0030.jpg	7	1.0,1.0,-1.0,-1.0,1.0,-1.0,-1.0,-1.0	0.71956134,0.14484209,-2.6047873,-2.2551403,2.1606865,-0.98907214,-1.3602268,-0.9655208
../data/train_data_mmini/7/Train_0031.jpg	7	-1.0,1.0,-1.0,1.0,1.0,1.0,1.0,1.0	-0.3736158,1.0419849,-1.9540179,0.8197538,1.8703552,1.5700225,4.285927,1.40936
../data/train_data_mmini/7/Train_0032.jpg	7	-1.0,-1.0,1.0,-1.0,-1.0,1.0,1.0,1.0	-0.6694577,-0.058703616,1.9640062,-1.5189201,-1.0215403,4.378115,4.7296515,0.81884956
../data/train_data_mmini/7/Train_0033.jpg	7	1.0,1.0,-1.0,-1.0,-1.0,-1.0,1.0,-1.0	1.0544473,3.7947855,-2.9068844,-0.14155348,-0.87168,-0.60094225,0.101972975,-1.8519856
../data/train_data_mmini/7/Train_0034.jpg	7	1.0,1.0,1.0,-1.0,-1.0,1.0,1.0,1.0	4.060529,2.941928,6.2879176,-1.0908228,-2.2119064,1.6742978,2.5687447,1.3847234
../data/train_data_mmini/8/Train_0035.jpg	8	-1.0,-1.0,-1.0,-1.0,-1.0,-1.0,1.0,1.0	-0.12386992,-0.21546544,-1.3931978,-0.85969347,-0.41254398,-2.8137617,3.5406654,0.15837005
../data/train_data_mmini/8/Train_0036.jpg	8	1.0,1.0,-1.0,-1.0,1.0,-1.0,1.0,-1.0	1.6626092,1.5487186,-2.0810843,-3.3468847,1.3120903,-0.8058899,4.7536206,-0.58309346
../data/train_data_mmini/8/Train_0037.jpg	8	1.0,1.0,1.0,-1.0,-1.0,1.0,1.0,-1.0	1.655638,1.8991495,2.166397,-1.7969102,-1.9995898,1.7040564,4.5012336,-0.34843096
../data/train_data_mmini/8/Train_0038.jpg	8	-1.0,-1.0,-1.0,1.0,1.0,1.0,1.0,-1.0	-1.0098096,-0.7930039,-0.5680424,0.28552818,1.553788,1.1943992,2.9578733,-0.06424293
../data/train_data_mmini/8/Train_0039.jpg	8	-1.0,-1.0,-1.0,-1.0,-1.0,-1.0,1.0,-1.0	-0.019320704,-0.1368195,-1.6019125,-3.2688067,-0.61180514,-2.9411545,4.2369323,-0.8278544
../data/train_data_mmini/9/Train_0040.jpg	9	1.0,1.0,1.0,-1.0,1.0,-1.0,-1.0,1.0	0.8796631,0.42867708,2.0768542,-0.11893291,2.2249367,-0.44571286,-1.5101552,0.10992339
../data/train_data_mmini/9/Train_0041.jpg	9	1.0,1.0,-1.0,-1.0,-1.0,1.0,1.0,1.0	0.14607042,4.9781737,-0.5559772,-2.3705301,-1.3339119,2.289915,0.58566636,5.1574755
../data/train_data_mmini/9/Train_0042.jpg	9	-1.0,-1.0,1.0,1.0,1.0,1.0,-1.0,-1.0	-1.4405278,-1.3120432,4.042785,1.4801909,1.4636519,1.8735644,-0.4198331,-1.85722
../data/train_data_mmini/9/Train_0043.jpg	9	1.0,-1.0,1.0,1.0,-1.0,-1.0,-1.0,1.0	2.3216994,-2.5080206,0.15320379,0.27614534,-0.50599843,-1.7983525,-1.4238229,3.7707505
../data/train_data_mmini/9/Train_0044.jpg	9	-1.0,-1.0,-1.0,-1.0,-1.0,1.0,1.0,-1.0	-1.3394015,-1.9471232,-1.5797822,-1.6834272,-0.43722034,1.9458531,0.90940297,-1.4200406
../data/train_data_mmini/10/Train_0045.jpg	10	1.0,1.0,-1.0,-1.0,-1.0,-1.0,1.0,-1.0	0.13453197,0.7492003,-1.016804,-2.207457,-1.7165315,-2.130558,5.4486194,-1.6375885
../data/train_data_mmini/10/Train_0046.jpg	10	-1.0,-1.0,1.0,-1.0,-1.0,1.0,1.0,1.0	-0.36306205,-2.0442595,0.52493614,-3.1576397,-3.2388716,1.4155293,3.5148041,0.09741861
../data/train_data_mmini/10/Train_0047.jpg	10	1.0,-1.0,1.0,-1.0,-1.0,-1.0,1.0,-1.0	2.1661766,-1.0661551,2.5901303,-1.5714749,-1.2491511,-0.5958208,7.655404,-0.14104788
../data/train_data_mmini/10/Train_0048.jpg	10	-1.0,-1.0,-1.0,-1.0,-1.0,-1.0,1.0,-1.0	-0.15654549,-1.5683264,-3.0143192,-3.0455701,-0.9421688,-0.5076645,5.2674685,-1.4232926
../data/train_data_mmini/10/Train_0049.jpg	10	1.0,1.0,1.0,-1.0,-1.0,-1.0,1.0,-1.0	1.0453876,0.09381963,0.71552485,-2.4547975,-2.1353946,-1.6325018,6.20359,-1.7418643
