../data/train_data_mmini/1/Train_0000.jpg	1	1.0,-1.0,-1.0,1.0,1.0,-1.0,1.0,1.0,1.0,-1.0,1.0,1.0	0.94047344,-1.7101235,-1.72478,2.0856426,2.0774028,-0.44313502,1.4822339,2.406623,3.1317747,-0.7330713,0.50850874,0.6287735
../data/train_data_mmini/1/Train_0001.jpg	1	-1.0,1.0,-1.0,1.0,-1.0,1.0,1.0,1.0,1.0,-1.0,1.0,-1.0	-2.067871,1.4802876,-0.7044979,0.036367368,-0.9752602,1.5726457,0.0733964,0.83648527,0.29794997,-0.54453707,3.5928478,-4.0795574
../data/train_data_mmini/1/Train_0002.jpg	1	-1.0,-1.0,-1.0,-1.0,-1.0,1.0,1.0,1.0,1.0,1.0,-1.0,-1.0	-1.2807528,-0.16152573,-0.9021937,-0.7757863,-1.9090784,3.2993014,2.519184,4.548448,0.8326577,0.055042587,-1.5085964,-0.60279816
../data/train_data_mmini/1/Train_0003.jpg	1	1.0,1.0,-1.0,1.0,1.0,-1.0,-1.0,1.0,1.0,-1.0,1.0,1.0	0.5519202,1.744573,-0.10425129,1.5025393,3.6768615,-0.22509795,-0.6486436,0.9906981,3.6326227,-1.4785815,1.7601625,2.139436
../data/train_data_mmini/1/Train_0004.jpg	1	-1.0,-1.0,-1.0,1.0,1.0,-1.0,1.0,-1.0,1.0,-1.0,1.0,1.0	-1.3173015,-0.28319824,-0.064709015,3.2604926,2.0857756,-2.1132126,1.290767,-0.75159055,2.318444,-0.17532113,2.0526803,0.9581376
../data/train_data_mmini/2/Train_0005.jpg	2	1.0,1.0,1.0,-1.0,1.0,-1.0,-1.0,-1.0,-1.0,1.0,1.0,-1.0	0.7603066,0.6318568,2.9931595,-2.039713,1.7592502,-0.5728366,-1.3929214,-0.15215442,-2.0128217,1.4854766,0.2862974,-1.8290716
../data/train_data_mmini/2/Train_0006.jpg	2	1.0,1.0,-1.0,1.0,1.0,1.0,1.0,-1.0,-1.0,1.0,-1.0,-1.0	3.614555,0.9455652,-0.5429652,0.87615126,1.8716292,4.7985754,2.088599,-3.3090432,-0.7159018,3.4597592,-1.6899484,-4.1273556
../data/train_data_mmini/2/Train_0007.jpg	2	-1.0,-1.0,-1.0,1.0,1.0,-1.0,1.0,1.0,1.0,1.0,1.0,-1.0	-0.6019109,-4.295811,-0.628187,1.6482464,4.290476,-1.2161034,1.6168568,1.0654911,1.7397579,1.0751399,1.3322219,-0.21862946
../data/train_data_mmini/2/Train_0008.jpg	2	-1.0,-1.0,-1.0,1.0,-1.0,-1.0,1.0,-1.0,-1.0,1.0,-1.0,1.0	-2.0389297,-1.2439623,-0.8657252,0.22799858,-0.8498377,-0.42726785,1.8081169,-0.3810581,-0.054849923,1.3136507,-2.5963862,2.097634
../data/train_data_mmini/2/Train_0009.jpg	2	1.0,-1.0,-1.0,1.0,1.0,-1.0,1.0,1.0,-1.0,-1.0,-1.0,1.0	3.7243059,-3.7066023,-1.4998964,2.7530913,0.4601122,-0.1363982,0.017960949,1.0987993,-2.6043236,-2.871902,-0.91466403,1.5506229
../data/train_data_mmini/3/Train_0010.jpg	3	-1.0,-1.0,1.0,1.0,-1.0,1.0,1.0,-1.0,-1.0,1.0,1.0,-1.0	-2.3101215,-0.11591294,0.26244453,1.6162899,-2.3993,0.10995893,0.7757277,-3.2200308,-1.4063842,0.24113135,0.8886082,-0.5356884
../data/train_data_mmini/3/Train_0011.jpg	3	-1.0,-1.0,1.0,-1.0,-1.0,1.0,1.0,1.0,-1.0,-1.0,1.0,-1.0	-1.0933859,-3.9662206,0.5769131,-1.5077881,-1.5783062,4.055461,3.5826344,2.2442744,-1.2823622,-1.5640917,0.98769873,-0.13649543
../data/train_data_mmini/3/Train_0012.jpg	3	1.0,-1.0,1.0,1.0,-1.0,1.0,-1.0,1.0,1.0,-1.0,1.0,-1.0	0.5048624,-1.3446887,0.14201322,0.29166442,-1.150172,4.721083,-0.56822723,1.611112,0.41496798,-2.707387,0.53538936,-2.6261525
../data/train_data_mmini/3/Train_0013.jpg	3	-1.0,1.0,-1.0,1.0,-1.0,1.0,-1.0,1.0,-1.0,-1.0,-1.0,-1.0	-1.593959,2.361125,-0.11975383,1.021269,-0.31167623,2.4722915,-0.5430422,0.6085895,-0.49929014,-0.5598306,-3.5570607,-2.080493
../data/train_data_mmini/3/Train_0014.jpg	3	-1.0,-1.0,1.0,-1.0,1.0,1.0,1.0,-1.0,-1.0,1.0,1.0,-1.0	-1.7457134,-0.5801717,0.3930399,-0.0107849715,0.012792555,0.15664628,2.1768744,-0.00075611565,-2.8290818,0.8051209,0.4029592,-1.2429041
../data/train_data_mmini/4/Train_0015.jpg	4	-1.0,-1.0,1.0,-1.0,1.0,-1.0,1.0,1.0,1.0,-1.0,-1.0,-1.0	-0.40367645,-1.4473927,0.015338832,-2.416786,0.058558386,-0.7713992,1.0723852,0.79374015,3.2848024,-2.562091,-3.1496253,-2.3781378
../data/train_data_mmini/4/Train_0016.jpg	4	1.0,1.0,-1.0,-1.0,-1.0,1.0,-1.0,1.0,-1.0,1.0,1.0,1.0	0.21881567,0.9825594,-0.9516758,-3.0351279,-1.6312176,2.729995,-0.7047747,1.6605362,-1.0830181,1.0826285,1.0373018,1.4201612
../data/train_data_mmini/4/Train_0017.jpg	4	1.0,-1.0,1.0,-1.0,-1.0,1.0,1.0,-1.0,-1.0,1.0,-1.0,-1.0	2.711484,-0.5081631,1.4030632,-1.330709,-2.6699617,4.1403246,1.2158508,-0.98770386,-0.19540922,1.3769922,-1.3950645,-2.6165125
../data/train_data_mmini/4/Train_0018.jpg	4	-1.0,-1.0,1.0,-1.0,1.0,-1.0,1.0,-1.0,-1.0,1.0,1.0,1.0	-1.9123566,-1.1467826,2.7110405,-0.95651436,2.2066543,-1.5866513,0.5182476,-0.70517045,-2.3634908,0.99077165,0.843635,0.39046416
../data/train_data_mmini/4/Train_0019.jpg	4	1.0,1.0,1.0,1.0,-1.0,1.0,-1.0,-1.0,-1.0,1.0,-1.0,-1.0	0.82448226,4.090926,2.1482823,1.9222776,-0.12901032,1.8290514,-0.022879375,-0.8523248,-1.1392245,1.1217515,-0.8212734,-2.4497418
../data/train_data_mmini/5/Train_0020.jpg	5	-1.0,1.0,1.0,1.0,1.0,-1.0,-1.0,1.0,-1.0,1.0,1.0,-1.0	-0.8415741,1.757608,0.36411276,1.155915,1.2666732,-0.10840831,-0.75243914,0.97762084,-0.99685997,1.6711155,4.469109,-0.20688768
../data/train_data_mmini/5/Train_0021.jpg	5	1.0,-1.0,-1.0,-1.0,1.0,-1.0,1.0,1.0,1.0,-1.0,-1.0,1.0	1.1025313,-0.030732334,-2.14524,-0.009022932,5.3966665,-0.004617043,4.349416,0.8803334,0.18184705,-1.6810555,-1.1999384,0.54999626
../data/train_data_mmini/5/Train_0022.jpg	5	-1.0,-1.0,-1.0,1.0,1.0,-1.0,-1.0,1.0,1.0,1.0,-1.0,-1.0	-0.23023535,-3.69561,-2.6098313,1.4578991,1.1921524,-0.7664203,-0.14390765,0.34892264,0.5724527,1.8078254,-0.83909404,-1.6513671
../data/train_data_mmini/5/Train_0023.jpg	5	1.0,-1.0,-1.0,1.0,1.0,-1.0,-1.0,-1.0,1.0,1.0,1.0,1.0	0.2557514,-0.6308688,-2.3320768,2.5839627,4.203923,-1.415461,-0.23844369,-0.5499072,0.350883,0.12822895,2.8920877,0.5710866
../data/train_data_mmini/5/Train_0024.jpg	5	1.0,-1.0,1.0,1.0,1.0,-1.0,1.0,1.0,1.0,-1.0,-1.0,1.0	1.96502,-1.876695,0.72121257,2.2101562,2.8235102,-1.2862458,2.1442015,1.0750537,2.787344,-1.807552,-0.07635127,1.7584692
../data/train_data_mmini/6/Train_0025.jpg	6	1.0,1.0,1.0,-1.0,1.0,1.0,1.0,-1.0,-1.0,1.0,-1.0,-1.0	3.629634,0.07641544,1.2181557,-0.85312873,0.12546565,4.481853,1.0480947,-0.109500706,-1.2671964,0.09055115,-0.36405322,-1.1506622
../data/train_data_mmini/6/Train_0026.jpg	6	-1.0,-1.0,1.0,-1.0,1.0,1.0,1.0,-1.0,1.0,-1.0,1.0,1.0	-0.67045826,-0.7395128,2.2292647,-1.0532924,0.9821805,0.55794454,1.198437,-3.0485868,2.5985901,-0.23013498,1.4095489,0.9889154
../data/train_data_mmini/6/Train_0027.jpg	6	1.0,-1.0,1.0,-1.0,-1.0,1.0,1.0,-1.0,-1.0,-1.0,1.0,-1.0	0.24558644,-0.3842239,1.0417128,-1.2872887,-3.216489,1.5140676,1.4621469,-2.449109,-3.4801438,-0.6753703,2.3142693,-0.5833754
../data/train_data_mmini/6/Train_0028.jpg	6	-1.0,-1.0,1.0,1.0,-1.0,1.0,1.0,1.0,-1.0,1.0,-1.0,1.0	-3.0628946,-3.2103672,1.8809376,0.4492801,-0.98886627,0.9793968,3.6827922,0.92312217,-1.8154829,2.7348402,-0.92412966,2.219147
../data/train_data_mmini/6/Train_0029.jpg	6	1.0,1.0,-1.0,1.0,-1.0,1.0,-1.0,-1.0,1.0,-1.0,-1.0,1.0	4.484851,0.24870747,-1.0558025,5.136592,-2.6117363,2.829705,-0.9304836,-0.66700584,0.655439,-0.24728055,-3.1939116,0.19225924
../data/train_data_mmini/7/Train_0030.jpg	7	1.0,-1.0,-1.0,-1.0,1.0,1.0,-1.0,1.0,-1.0,1.0,-1.0,-1.0	4.3414636,-2.332571,-0.8906026,-2.2153344,1.4144356,2.2560601,-1.1803373,1.4286275,-0.89704573,0.29490182,-0.438965,-2.5644293
../data/train_data_mmini/7/Train_0031.jpg	7	1.0,-1.0,-1.0,1.0,-1.0,1.0,-1.0,1.0,-1.0,1.0,-1.0,1.0	1.3330833,-1.5602895,-0.91180855,0.20614588,-2.3690495,1.2274183,-1.6822476,0.7967252,-1.5269284,1.7992553,-0.69838285,1.8122153
../data/train_data_mmini/7/Train_0032.jpg	7	-1.0,1.0,1.0,-1.0,-1.0,1.0,1.0,1.0,-1.0,-1.0,1.0,1.0	-1.1500462,0.47315127,1.8905389,-1.1986157,-2.48149,1.2514455,2.6044912,0.55172086,-1.9327528,-1.6835649,1.1696365,0.7516149
../data/train_data_mmini/7/Train_0033.jpg	7	1.0,-1.0,1.0,1.0,-1.0,1.0,1.0,-1.0,-1.0,1.0,1.0,1.0	2.3284826,-2.9991417,0.18909079,2.3145108,-0.29860842,2.2562582,0.24238433,-0.3382977,-0.46579614,0.8203306,1.1297532,1.7153913
../data/train_data_mmini/7/Train_0034.jpg	7	-1.0,-1.0,1.0,1.0,-1.0,1.0,1.0,-1.0,-1.0,1.0,1.0,1.0	-1.08514,-1.0884907,2.2965775,0.67331636,-1.4399891,1.6686096,4.502536,-1.2701797,-2.163472,0.25587177,2.2614746,1.762072
../data/train_data_mmini/8/Train_0035.jpg	8	1.0,-1.0,-1.0,1.0,1.0,-1.0,1.0,-1.0,-1.0,-1.0,-1.0,-1.0	2.942461,-5.120439,-1.5291474,0.056622703,0.112298906,-0.16658384,0.8766026,-0.5761508,-1.5819408,-0.98164016,-3.3584907,-3.3217573
../data/train_data_mmini/8/Train_0036.jpg	8	1.0,-1.0,1.0,-1.0,-1.0,1.0,-1.0,1.0,-1.0,1.0,-1.0,-1.0	2.5932302,-3.3058252,1.9643736,-0.5383622,-0.6140233,1.6511829,-0.14274603,1.0331389,-0.6243644,1.9686908,-2.9766293,-1.7610323
../data/train_data_mmini/8/Train_0037.jpg	8	1.0,-1.0,1.0,-1.0,-1.0,1.0,1.0,-1.0,-1.0,-1.0,1.0,1.0	2.665209,-3.8664265,3.0501733,-0.54948467,-0.4477409,0.2624356,2.2262864,-0.5602527,-1.8530864,-0.9835711,0.583158,1.5253543
../data/train_data_mmini/8/Train_0038.jpg	8	1.0,-1.0,-1.0,-1.0,-1.0,-1.0,1.0,1.0,1.0,-1.0,-1.0,-1.0	3.4621205,-1.4288596,-2.9817605,-0.2526648,-4.3655114,-0.5715993,0.29831228,0.88659096,0.47813684,-1.1128222,-2.5083692,-0.07992612
../data/train_data_mmini/8/Train_0039.jpg	8	1.0,-1.0,1.0,1.0,1.0,1.0,1.0,1.0,-1.0,-1.0,-1.0,-1.0	4.250956,-5.2707405,0.6665053,2.558003,1.0607542,1.0550661,1.1863654,0.9014002,-1.9079252,-1.0562786,-3.8949425,-3.627884
../data/train_data_mmini/9/Train_0040.jpg	9	-1.0,-1.0,1.0,1.0,1.0,-1.0,1.0,1.0,1.0,-1.0,-1.0,-1.0	-0.14790499,-2.4550831,1.3399527,1.9468764,2.4971042,-2.8357792,1.906038,0.7260988,1.3038738,-0.40242237,-1.5560077,-0.9650655
../data/train_data_mmini/9/Train_0041.jpg	9	-1.0,-1.0,1.0,1.0,-1.0,1.0,1.0,1.0,-1.0,1.0,1.0,-1.0	-2.164272,-1.9316878,0.24882503,1.8780031,-1.0979643,3.03433,0.22374742,0.20242736,-3.9684055,1.8188912,3.0588207,-0.17578964
../data/train_data_mmini/9/Train_0042.jpg	9	-1.0,-1.0,1.0,-1.0,1.0,-1.0,1.0,1.0,1.0,-1.0,-1.0,-1.0	-2.4386103,-0.24870956,1.461798,-0.6838175,0.5295953,-0.4647222,1.1143156,1.4823633,2.1761394,-3.6111717,-0.7410378,-0.50706744
../data/train_data_mmini/9/Train_0043.jpg	9	1.0,-1.0,1.0,-1.0,1.0,-1.0,1.0,-1.0,-1.0,1.0,-1.0,-1.0	0.6852712,-3.2909403,0.046287794,-0.29196906,3.7465565,-0.6406566,2.1996286,-1.2351418,-2.4276319,1.8182093,-2.1619017,-3.6595736
../data/train_data_mmini/9/Train_0044.jpg	9	1.0,-1.0,1.0,1.0,-1.0,1.0,-1.0,-1.0,1.0,-1.0,-1.0,-1.0	2.554962,-0.9220007,0.717058,1.2973008,-1.8020777,1.9431858,-1.4264295,-0.6692555,0.59825855,-1.8034849,-2.4662132,-3.196179
../data/train_data_mmini/10/Train_0045.jpg	10	1.0,-1.0,1.0,1.0,-1.0,-1.0,1.0,1.0,-1.0,-1.0,-1.0,1.0	4.604532,-4.57974,1.6698812,2.0701027,-3.1574876,-0.9813942,0.96912116,0.52495277,-2.5985029,-3.1204252,-3.0762014,2.1033022
../data/train_data_mmini/10/Train_0046.jpg	10	1.0,-1.0,1.0,-1.0,-1.0,1.0,1.0,-1.0,-1.0,-1.0,-1.0,1.0	1.9338329,-2.4042516,1.7918179,-0.5277488,-2.437889,3.3950546,2.022728,-1.590198,-1.1060697,-3.4472485,-1.9331188,0.35416323
../data/train_data_mmini/10/Train_0047.jpg	10	1.0,-1.0,1.0,1.0,1.0,1.0,1.0,-1.0,-1.0,1.0,-1.0,1.0	3.4988263,-2.2861214,2.8407142,0.12119486,0.42985547,1.1458423,3.3873332,-1.5429034,-0.40869552,0.8095366,-3.620721,1.0415314
../data/train_data_mmini/10/Train_0048.jpg	10	1.0,-1.0,1.0,1.0,-1.0,1.0,-1.0,1.0,-1.0,-1.0,-1.0,-1.0	3.2149804,-2.4139562,0.07774174,0.51969516,-3.0637066,0.9320934,-2.865112,1.8830053,-1.3888848,-3.2409985,-4.7760997,-1.347441
../data/train_data_mmini/10/Train_0049.jpg	10	1.0,-1.0,-1.0,1.0,-1.0,1.0,1.0,-1.0,-1.0,-1.0,-1.0,-1.0	3.9525144,-5.182577,-0.35019103,1.6550266,-0.32414374,1.2475046,2.9264426,-1.1768475,-0.945053,-2.0497086,-3.3235478,-1.5262067
