../data/train_data_mmini/1/Train_0000.jpg	1	-1.0,1.0,1.0,1.0,-1.0,1.0,1.0,-1.0,1.0,1.0,1.0,-1.0	-0.9709708,1.2284646,0.9919649,0.33774573,-0.0961611,0.49390993,0.6018201,-0.5214075,1.4219127,0.6494797,1.2394106,-1.3946942
../data/train_data_mmini/1/Train_0001.jpg	1	-1.0,-1.0,1.0,1.0,1.0,-1.0,-1.0,-1.0,1.0,-1.0,1.0,-1.0	-0.24236557,-0.1806843,0.39374983,0.6817905,0.19129847,-0.09936057,-0.28670007,-0.37598813,0.52815914,-0.08797394,0.8340432,-1.5817441
../data/train_data_mmini/1/Train_0002.jpg	1	-1.0,-1.0,-1.0,-1.0,-1.0,-1.0,-1.0,-1.0,-1.0,-1.0,1.0,-1.0	-0.016440762,-0.24594887,-0.30056792,-0.4086472,-0.030240465,-0.41757607,-0.31971446,-0.30976957,-0.38119859,-2.117575,1.6750785,-0.5094801
../data/train_data_mmini/1/Train_0003.jpg	1	-1.0,1.0,1.0,1.0,-1.0,1.0,1.0,-1.0,1.0,1.0,1.0,-1.0	-0.8859753,1.1492035,1.2386428,1.030532,-0.30709085,0.291095,0.27871296,-0.6305594,2.2511592,1.5708765,0.5182925,-1.9031353
../data/train_data_mmini/1/Train_0004.jpg	1	-1.0,1.0,1.0,1.0,1.0,1.0,1.0,-1.0,1.0,1.0,1.0,-1.0	-0.65788275,0.9168389,0.88527316,0.35853416,0.11189194,0.47935343,0.57671046,-0.10471451,1.0691123,0.36969253,1.2020922,-1.1219279
../data/train_data_mmini/2/Train_0005.jpg	2	-1.0,-1.0,1.0,1.0,1.0,-1.0,-1.0,-1.0,1.0,-1.0,-1.0,-1.0	-0.114139944,-0.87145853,0.051792447,0.21810918,0.5985497,-0.42500672,-0.6769328,-0.12645009,0.22275695,-1.6392164,-0.2030211,-0.6639679
../data/train_data_mmini/2/Train_0006.jpg	2	-1.0,-1.0,1.0,-1.0,1.0,-1.0,-1.0,1.0,1.0,-1.0,-1.0,-1.0	-0.14768416,-0.6749746,0.42601907,-0.64205146,1.5446736,-0.5764516,-0.18450654,0.30663478,1.0264056,-1.1160189,-0.06571602,-0.7274741
../data/train_data_mmini/2/Train_0007.jpg	2	-1.0,1.0,1.0,1.0,-1.0,1.0,1.0,-1.0,1.0,1.0,1.0,-1.0	-1.2546321,1.6819589,1.1274153,0.62932605,-0.14764188,1.2653717,0.5906658,-0.7848387,1.8587703,1.4099519,1.1512003,-1.6750898
../data/train_data_mmini/2/Train_0008.jpg	2	-1.0,1.0,1.0,-1.0,1.0,1.0,1.0,-1.0,-1.0,-1.0,1.0,1.0	-0.36909315,0.39432532,0.07576981,-0.44004664,0.93479574,0.6829271,0.35425994,-0.066329435,-0.0050703287,-2.0595145,1.1090975,0.12565038
../data/train_data_mmini/2/Train_0009.jpg	2	-1.0,-1.0,1.0,1.0,1.0,-1.0,-1.0,1.0,1.0,-1.0,1.0,-1.0	-0.74405617,-0.1614057,0.9191891,0.37698954,0.41112974,-0.08965962,-0.22016668,0.04488015,1.5530441,-0.27714103,0.09955358,-1.0198241
../data/train_data_mmini/3/Train_0010.jpg	3	1.0,-1.0,-1.0,1.0,1.0,-1.0,-1.0,-1.0,-1.0,-1.0,-1.0,-1.0	0.054156527,-1.4833182,-0.42489928,1.1044384,1.4353856,-0.07500912,-1.2745637,-0.013772085,-0.27350044,-1.7380688,-0.40086704,-0.4966328
../data/train_data_mmini/3/Train_0011.jpg	3	1.0,-1.0,-1.0,-1.0,-1.0,-1.0,-1.0,1.0,-1.0,-1.0,1.0,1.0	0.98648614,-0.92632824,-1.3980896,-0.18991935,-0.23789471,-0.6849925,-0.46399605,0.03461711,-1.8051369,-3.0234017,2.1192856,0.04537163
../data/train_data_mmini/3/Train_0012.jpg	3	1.0,-1.0,1.0,1.0,-1.0,-1.0,-1.0,1.0,1.0,-1.0,1.0,-1.0	0.48727822,-0.8788031,0.50042987,0.29442954,-0.5217026,-1.5808369,-0.6658703,0.99236983,0.23460561,-0.9736962,0.37341195,-0.96411985
../data/train_data_mmini/3/Train_0013.jpg	3	1.0,-1.0,-1.0,-1.0,1.0,-1.0,-1.0,1.0,-1.0,-1.0,-1.0,1.0	0.15910392,-1.4544806,-0.4956334,-0.48122263,1.6061459,-0.52486485,-0.7678554,0.62210613,-0.35329482,-3.1904008,-0.1713219,0.082721196
../data/train_data_mmini/3/Train_0014.jpg	3	-1.0,-1.0,-1.0,-1.0,1.0,1.0,-1.0,1.0,-1.0,-1.0,1.0,-1.0	-0.11449723,-0.5779395,-0.21161732,-0.011569444,0.7775451,0.18906797,-0.2985454,0.1737763,-0.13069208,-1.8432624,0.61089754,-0.3146053
../data/train_data_mmini/4/Train_0015.jpg	4	-1.0,1.0,1.0,-1.0,1.0,-1.0,1.0,1.0,1.0,-1.0,1.0,-1.0	-0.42357498,0.7720968,0.6919573,-0.67581546,0.41532752,-0.37101585,0.3095836,0.33236092,0.5946828,-1.3267179,1.2242094,-0.49353018
../data/train_data_mmini/4/Train_0016.jpg	4	-1.0,-1.0,-1.0,1.0,-1.0,-1.0,-1.0,-1.0,1.0,-1.0,1.0,-1.0	-0.1940096,-0.75475425,-0.092419535,0.8432849,-0.085303694,-0.3886223,-1.0193739,-0.7927494,0.23254398,-1.3794022,0.15723906,-1.0660737
../data/train_data_mmini/4/Train_0017.jpg	4	1.0,-1.0,-1.0,-1.0,1.0,-1.0,-1.0,1.0,1.0,-1.0,1.0,-1.0	0.34535396,-1.5623871,-0.4567083,-0.0942425,0.8393994,-1.808721,-0.87756324,0.30457532,0.32067826,-2.1447222,0.2657761,-0.7698694
../data/train_data_mmini/4/Train_0018.jpg	4	-1.0,-1.0,-1.0,1.0,1.0,1.0,-1.0,-1.0,-1.0,-1.0,1.0,-1.0	-0.14195673,-0.697471,-0.46508113,0.10373533,0.5011769,0.25318477,-0.5128488,-0.58838135,-0.46040076,-2.1188178,0.41409728,-0.36067364
../data/train_data_mmini/4/Train_0019.jpg	4	1.0,-1.0,-1.0,-1.0,1.0,-1.0,-1.0,1.0,1.0,-1.0,-1.0,-1.0	0.3038963,-1.517548,-0.13865027,-0.4474649,1.6848696,-1.2052016,-0.67010504,0.63642436,0.57336795,-1.6501349,-0.5025426,-0.39161158
../data/train_data_mmini/5/Train_0020.jpg	5	-1.0,1.0,1.0,1.0,-1.0,1.0,1.0,-1.0,1.0,1.0,1.0,-1.0	-0.9440318,0.9804559,1.1306928,0.69657415,-0.094968334,0.6725942,0.24342093,-0.6003582,1.8983837,1.4460449,0.65202075,-1.7970945
../data/train_data_mmini/5/Train_0021.jpg	5	-1.0,1.0,1.0,-1.0,1.0,1.0,1.0,1.0,1.0,-1.0,1.0,-1.0	-0.5200262,0.9294596,0.66957295,-0.29989204,0.5880524,0.3443063,0.7389722,0.47275954,0.78633296,-0.91421914,1.3847868,-0.52504385
../data/train_data_mmini/5/Train_0022.jpg	5	-1.0,1.0,1.0,1.0,1.0,1.0,1.0,-1.0,1.0,1.0,1.0,-1.0	-1.0562088,1.0306382,1.1740876,0.22435628,0.36437765,0.98925066,0.36821833,-0.3454445,1.6307974,0.8187818,0.5669542,-1.1835985
../data/train_data_mmini/5/Train_0023.jpg	5	-1.0,1.0,1.0,1.0,-1.0,1.0,1.0,-1.0,1.0,1.0,1.0,-1.0	-1.1366767,1.4229356,1.4499586,0.63367915,-0.15511353,0.9241112,0.54024976,-0.5161583,2.2727504,1.6822468,0.73375255,-1.6095586
../data/train_data_mmini/5/Train_0024.jpg	5	-1.0,1.0,1.0,1.0,-1.0,1.0,1.0,1.0,1.0,-1.0,1.0,-1.0	-0.49607888,0.76126003,0.81570464,0.4016354,-0.26199096,0.121472955,0.15204072,0.11273642,0.97966635,-0.09172906,0.9808461,-1.1231359
../data/train_data_mmini/6/Train_0025.jpg	6	1.0,-1.0,-1.0,1.0,1.0,-1.0,-1.0,1.0,1.0,-1.0,-1.0,-1.0	0.34205556,-2.0178754,-0.31643176,1.3959113,0.8666983,-2.0117238,-2.058568,0.7281904,0.24662617,-1.426482,-1.3133869,-0.79692346
../data/train_data_mmini/6/Train_0026.jpg	6	-1.0,-1.0,-1.0,1.0,1.0,-1.0,-1.0,-1.0,1.0,-1.0,1.0,-1.0	-0.27643007,-0.17061292,-0.1628203,0.82326776,0.20654626,-0.048456877,-0.3459778,-0.9914095,0.9528204,-0.15543593,0.9864972,-1.7899158
../data/train_data_mmini/6/Train_0027.jpg	6	1.0,-1.0,-1.0,1.0,1.0,-1.0,-1.0,1.0,-1.0,-1.0,-1.0,-1.0	0.49275374,-1.7594333,-0.67994463,1.1528419,0.5244526,-0.7108716,-1.4234359,0.1686223,-0.49377197,-2.0730832,-0.059823148,-0.50111157
../data/train_data_mmini/6/Train_0028.jpg	6	-1.0,1.0,-1.0,-1.0,1.0,1.0,-1.0,-1.0,-1.0,-1.0,1.0,-1.0	-0.001001073,0.00083457027,-0.85459334,-0.23894249,0.19919644,0.7368177,-0.01859622,-0.5664426,-0.7521235,-2.1627133,2.2057006,-0.42833376
../data/train_data_mmini/6/Train_0029.jpg	6	-1.0,-1.0,1.0,1.0,1.0,-1.0,-1.0,1.0,1.0,-1.0,-1.0,-1.0	-0.14293765,-1.4358776,0.3176522,0.500095,1.0453764,-1.390587,-1.257436,0.6404199,1.2155751,-1.8871667,-1.1573008,-0.4926284
../data/train_data_mmini/7/Train_0030.jpg	7	-1.0,1.0,1.0,1.0,1.0,-1.0,-1.0,-1.0,1.0,1.0,1.0,-1.0	-0.7636135,0.13184503,0.971633,0.25158942,0.28691772,-0.31968418,-0.14292222,-0.3318166,1.7135904,0.21887594,0.21247159,-1.5046535
../data/train_data_mmini/7/Train_0031.jpg	7	-1.0,-1.0,1.0,1.0,1.0,-1.0,-1.0,1.0,1.0,-1.0,-1.0,-1.0	-0.20271319,-1.2667501,0.25802577,0.6083397,0.8995832,-0.1920202,-1.0355636,0.11336033,0.6229789,-1.6452626,-0.3677754,-0.91771984
../data/train_data_mmini/7/Train_0032.jpg	7	1.0,-1.0,-1.0,-1.0,1.0,-1.0,-1.0,1.0,-1.0,-1.0,1.0,1.0	0.7304487,-1.6004903,-1.1036462,-0.21957701,0.49779966,-0.685495,-0.93390906,0.9480773,-1.4799278,-3.969825,0.77207226,0.41852364
../data/train_data_mmini/7/Train_0033.jpg	7	-1.0,-1.0,1.0,1.0,-1.0,-1.0,-1.0,-1.0,1.0,-1.0,-1.0,-1.0	-0.44168612,-0.8063147,0.44712293,0.8778495,-0.055029567,-0.24768883,-0.9356989,-0.5332033,0.993538,-0.15906514,-0.05302436,-1.7027577
../data/train_data_mmini/7/Train_0034.jpg	7	1.0,-1.0,-1.0,1.0,1.0,-1.0,-1.0,1.0,-1.0,-1.0,1.0,1.0	1.4967823,-1.6087402,-2.0360506,0.5172659,0.27509817,-0.16645724,-1.4104415,0.31730723,-2.4884896,-3.5212564,1.3970743,0.2387132
../data/train_data_mmini/8/Train_0035.jpg	8	-1.0,-1.0,1.0,-1.0,1.0,1.0,-1.0,1.0,1.0,-1.0,1.0,-1.0	-0.51590717,-0.29872692,0.6056606,-0.17739795,0.90852773,0.099383146,-0.29643536,0.60166776,0.5105419,-1.5755137,0.113899104,-0.17982987
../data/train_data_mmini/8/Train_0036.jpg	8	-1.0,-1.0,1.0,1.0,1.0,-1.0,-1.0,-1.0,1.0,-1.0,-1.0,-1.0	-0.4110005,-0.9786644,0.18272498,0.3981773,0.6148102,-0.26319018,-1.152559,-0.14750633,0.598757,-1.7500172,-0.23095705,-0.8941028
../data/train_data_mmini/8/Train_0037.jpg	8	1.0,-1.0,-1.0,1.0,1.0,-1.0,-1.0,-1.0,-1.0,-1.0,1.0,-1.0	0.36491555,-0.7951531,-0.8258957,0.6839633,0.2265292,-0.41179475,-0.7134245,-0.103465006,-0.36581063,-2.3656752,1.2465575,-0.8161368
../data/train_data_mmini/8/Train_0038.jpg	8	-1.0,-1.0,1.0,1.0,1.0,-1.0,-1.0,1.0,1.0,-1.0,1.0,-1.0	-0.31148523,-0.39004442,0.4738513,0.18086973,0.84433806,-0.12105672,-0.4630816,0.46989453,0.6631956,-1.5747731,0.23920071,-0.32595518
../data/train_data_mmini/8/Train_0039.jpg	8	-1.0,-1.0,1.0,-1.0,1.0,-1.0,-1.0,1.0,1.0,-1.0,1.0,-1.0	-0.12235966,-1.1496166,0.145123,-0.38492882,0.8225448,-0.55667,-0.5542931,0.7568675,0.14355394,-2.4711268,0.06400896,-0.36964506
../data/train_data_mmini/9/Train_0040.jpg	9	-1.0,1.0,1.0,1.0,1.0,1.0,1.0,1.0,1.0,-1.0,1.0,-1.0	-0.6052717,1.1435908,0.76664925,0.06007133,0.34608662,0.24783924,0.61797804,0.14244483,1.1954577,-0.23473163,1.4510783,-0.88311553
../data/train_data_mmini/9/Train_0041.jpg	9	1.0,-1.0,-1.0,1.0,1.0,-1.0,-1.0,-1.0,-1.0,-1.0,1.0,-1.0	0.21844406,-1.8647851,-0.5155023,0.87813264,0.4046549,-0.025239557,-1.4129434,-0.39556748,-0.39808032,-1.6094613,0.10721361,-1.0418588
../data/train_data_mmini/9/Train_0042.jpg	9	-1.0,1.0,1.0,1.0,1.0,-1.0,-1.0,1.0,1.0,-1.0,1.0,-1.0	-0.012368424,0.3425909,0.19608897,0.05527651,0.25362697,-0.45711288,-0.02544986,0.40141076,0.011349782,-1.8264742,1.4534802,-0.41432595
../data/train_data_mmini/9/Train_0043.jpg	9	-1.0,1.0,1.0,-1.0,1.0,1.0,1.0,1.0,1.0,-1.0,1.0,-1.0	-0.8318018,0.7729335,0.82102203,-0.344065,1.0055867,0.57666737,0.50314707,0.032709405,1.2471396,-0.6557539,0.7936513,-0.7373983
../data/train_data_mmini/9/Train_0044.jpg	9	-1.0,-1.0,1.0,1.0,1.0,-1.0,-1.0,1.0,1.0,-1.0,-1.0,-1.0	-0.19134896,-0.7186905,0.78625464,0.18695472,0.7525475,-1.5633031,-0.650863,1.0080876,1.5136747,-1.043157,-0.24050416,-0.92745966
../data/train_data_mmini/10/Train_0045.jpg	10	1.0,-1.0,-1.0,1.0,1.0,-1.0,-1.0,1.0,-1.0,-1.0,-1.0,1.0	0.68487597,-2.4888813,-0.8653654,0.15302153,0.9651568,-0.9236308,-1.8239231,1.3775818,-0.80759215,-4.1266766,-0.8771748,0.4134357
../data/train_data_mmini/10/Train_0046.jpg	10	1.0,-1.0,-1.0,-1.0,1.0,-1.0,-1.0,1.0,-1.0,-1.0,1.0,1.0	0.9292396,-1.500239,-0.7232391,-0.06776555,0.49776223,-1.9273012,-0.9232437,1.0149571,-0.42548805,-2.9705744,0.3249336,0.17299408
../data/train_data_mmini/10/Train_0047.jpg	10	1.0,-1.0,-1.0,-1.0,1.0,-1.0,-1.0,1.0,-1.0,-1.0,1.0,1.0	0.5333724,-1.7672033,-1.0065962,-0.23131527,1.1381387,-0.8716743,-1.1540931,0.9871337,-0.7893654,-4.117344,0.22906144,0.3141331
../data/train_data_mmini/10/Train_0048.jpg	10	1.0,-1.0,1.0,1.0,1.0,-1.0,-1.0,1.0,1.0,-1.0,-1.0,1.0	0.28142303,-2.4136324,0.24237415,0.09483194,0.74461675,-1.8581874,-1.9835855,2.208204,0.034672588,-2.807517,-2.113496,0.3992905
../data/train_data_mmini/10/Train_0049.jpg	10	-1.0,-1.0,-1.0,-1.0,1.0,-1.0,-1.0,1.0,-1.0,-1.0,1.0,-1.0	-0.037378564,-0.8285709,-0.18300113,-0.12817246,0.8136387,-0.43058297,-0.46002656,0.8159607,-0.002387479,-2.491769,0.5327956,-0.06236335
