../data/train_data_mmini/1/Train_0000.jpg	1	1.0,1.0,-1.0,1.0,1.0,1.0,-1.0,-1.0,1.0,-1.0,-1.0,-1.0	0.10740115,0.020253528,-0.11736539,0.13078097,0.21396041,0.09117289,-0.061819196,-0.058144037,0.19274727,-0.09210514,-0.14436364,-0.022173472
../data/train_data_mmini/1/Train_0001.jpg	1	1.0,1.0,-1.0,1.0,1.0,1.0,-1.0,-1.0,1.0,-1.0,-1.0,-1.0	0.124500334,0.020940728,-0.15823303,0.22614223,0.30796236,0.065750554,-0.18684208,-0.06823826,0.17805035,-0.10774595,-0.13625662,-0.0330066
../data/train_data_mmini/1/Train_0002.jpg	1	1.0,1.0,-1.0,1.0,1.0,1.0,-1.0,1.0,1.0,-1.0,-1.0,-1.0	0.08825049,0.10731809,-0.10339829,0.16774619,0.27332696,0.0573316,-0.19333231,0.00029202088,0.15956432,-0.09431455,-0.14189361,-0.035377473
../data/train_data_mmini/1/Train_0003.jpg	1	1.0,1.0,-1.0,1.0,1.0,1.0,-1.0,-1.0,1.0,-1.0,-1.0,-1.0	0.14331922,0.010881022,-0.14727315,0.13706613,0.26359856,0.12785636,-0.068351656,-0.06305422,0.14407277,-0.11379154,-0.17722817,-0.008338761
../data/train_data_mmini/1/Train_0004.jpg	1	1.0,1.0,-1.0,1.0,1.0,1.0,-1.0,-1.0,1.0,-1.0,-1.0,-1.0	0.12215285,0.039119225,-0.15515967,0.17293441,0.1587613,0.0848192,-0.080914676,-0.041964605,0.22812733,-0.1330948,-0.19185953,-0.05971659
../data/train_data_mmini/2/Train_0005.jpg	2	1.0,1.0,-1.0,1.0,1.0,1.0,-1.0,-1.0,1.0,-1.0,-1.0,-1.0	0.13503335,0.06878293,-0.112865694,0.17076279,0.28242168,0.13024944,-0.12804297,-0.08402046,0.20755589,-0.16641988,-0.17447703,-0.03868168
../data/train_data_mmini/2/Train_0006.jpg	2	1.0,1.0,-1.0,1.0,1.0,1.0,-1.0,-1.0,1.0,-1.0,-1.0,-1.0	0.13781244,0.0598525,-0.13814215,0.10978678,0.2517151,0.11977959,-0.10172497,-0.053256314,0.16063975,-0.19684555,-0.21145128,-0.026114428
../data/train_data_mmini/2/Train_0007.jpg	2	1.0,1.0,-1.0,1.0,1.0,1.0,-1.0,-1.0,1.0,-1.0,-1.0,-1.0	0.118081465,0.057407934,-0.17777981,0.15189745,0.17584544,0.0915249,-0.0638845,-0.029837716,0.19573472,-0.08181207,-0.14488065,-0.02148167
../data/train_data_mmini/2/Train_0008.jpg	2	1.0,1.0,-1.0,1.0,1.0,1.0,-1.0,-1.0,1.0,-1.0,-1.0,-1.0	0.099779785,0.101666294,-0.10969064,0.23428434,0.30384964,0.073398806,-0.16285348,-0.045278873,0.2794491,-0.1336857,-0.124655016,-0.08444478
../data/train_data_mmini/2/Train_0009.jpg	2	1.0,1.0,-1.0,1.0,1.0,1.0,-1.0,-1.0,1.0,-1.0,-1.0,-1.0	0.09125935,0.08483071,-0.14306396,0.18641838,0.34485984,0.12081466,-0.08946105,-0.045686502,0.274073,-0.12224661,-0.14930023,-0.0020518897
../data/train_data_mmini/3/Train_0010.jpg	3	1.0,1.0,-1.0,1.0,1.0,1.0,-1.0,1.0,1.0,-1.0,-1.0,-1.0	0.0798689,0.14093977,-0.16580248,0.19633493,0.31783685,0.06447655,-0.17315432,0.016096918,0.15782,-0.17897913,-0.09763315,-0.00029516936
../data/train_data_mmini/3/Train_0011.jpg	3	1.0,1.0,-1.0,1.0,1.0,1.0,-1.0,-1.0,1.0,-1.0,-1.0,-1.0	0.10518291,0.07678044,-0.10609868,0.26680642,0.23794499,0.053233337,-0.16264205,-0.016187849,0.17260364,-0.07217937,-0.1359321,-0.038107287
../data/train_data_mmini/3/Train_0012.jpg	3	1.0,-1.0,-1.0,1.0,1.0,1.0,-1.0,-1.0,1.0,-1.0,-1.0,-1.0	0.1354685,-0.010758659,-0.08862208,0.18133792,0.27147207,0.070030354,-0.06444246,-0.06876272,0.15261003,-0.122018285,-0.18055695,-0.061955478
../data/train_data_mmini/3/Train_0013.jpg	3	1.0,1.0,-1.0,1.0,1.0,1.0,-1.0,-1.0,1.0,-1.0,-1.0,-1.0	0.13704632,0.12968601,-0.14781019,0.24563356,0.38131502,0.13538803,-0.16655229,-0.041816387,0.28656432,-0.18606392,-0.11826978,-0.020763518
../data/train_data_mmini/3/Train_0014.jpg	3	1.0,1.0,-1.0,1.0,1.0,1.0,-1.0,-1.0,1.0,-1.0,-1.0,-1.0	0.1532174,0.08895656,-0.16452345,0.25166377,0.32236964,0.079279885,-0.11783314,-0.028489683,0.23007585,-0.20309316,-0.2014621,-0.022217726
../data/train_data_mmini/4/Train_0015.jpg	4	1.0,1.0,-1.0,1.0,1.0,1.0,-1.0,-1.0,1.0,-1.0,-1.0,-1.0	0.0698728,0.03732804,-0.12417615,0.17192195,0.29699653,0.05890963,-0.10294786,-0.033295307,0.2228531,-0.15168227,-0.113394454,-0.045280084
../data/train_data_mmini/4/Train_0016.jpg	4	1.0,1.0,-1.0,1.0,1.0,1.0,-1.0,-1.0,1.0,-1.0,-1.0,1.0	0.12828676,0.09971586,-0.10601178,0.15558943,0.3017634,0.112098746,-0.21434045,-0.04138724,0.20700839,-0.124296695,-0.20829448,0.017188521
../data/train_data_mmini/4/Train_0017.jpg	4	1.0,1.0,-1.0,1.0,1.0,1.0,-1.0,-1.0,1.0,-1.0,-1.0,-1.0	0.11968078,0.054435052,-0.041005272,0.17989974,0.28842503,0.11354436,-0.11548977,-0.01911961,0.21352963,-0.11235355,-0.14659987,-0.033805925
../data/train_data_mmini/4/Train_0018.jpg	4	1.0,1.0,-1.0,1.0,1.0,1.0,-1.0,-1.0,1.0,-1.0,-1.0,-1.0	0.09374706,0.11084762,-0.16759485,0.16079931,0.30604878,0.06960012,-0.18679816,-0.061059657,0.21857943,-0.16611184,-0.21043459,-0.005986998
../data/train_data_mmini/4/Train_0019.jpg	4	1.0,1.0,-1.0,1.0,1.0,1.0,-1.0,-1.0,1.0,-1.0,-1.0,-1.0	0.11027678,0.081921846,-0.13405359,0.1813244,0.32994962,0.13979182,-0.14949784,-0.055312123,0.19060674,-0.21397369,-0.17620364,-0.047349844
../data/train_data_mmini/5/Train_0020.jpg	5	1.0,1.0,-1.0,1.0,1.0,1.0,-1.0,-1.0,1.0,-1.0,-1.0,-1.0	0.15516059,0.04443322,-0.103395015,0.16970958,0.21621719,0.094346784,-0.11725196,-0.07854326,0.18079968,-0.13238229,-0.18165877,-0.035982322
../data/train_data_mmini/5/Train_0021.jpg	5	1.0,1.0,-1.0,1.0,1.0,1.0,-1.0,-1.0,1.0,-1.0,-1.0,-1.0	0.15089777,0.058953818,-0.10126656,0.24798355,0.28536165,0.07243689,-0.12874418,-0.05822478,0.29911888,-0.19771652,-0.20867121,-0.06341892
../data/train_data_mmini/5/Train_0022.jpg	5	1.0,1.0,-1.0,1.0,1.0,1.0,-1.0,-1.0,1.0,-1.0,-1.0,-1.0	0.10636627,0.03751546,-0.12885725,0.14929384,0.25215077,0.107498646,-0.13767143,-0.030253265,0.21103613,-0.07351777,-0.13922493,-0.06115169
../data/train_data_mmini/5/Train_0023.jpg	5	1.0,1.0,-1.0,1.0,1.0,1.0,-1.0,-1.0,1.0,-1.0,-1.0,-1.0	0.10333584,0.017464666,-0.11928965,0.09827112,0.197184,0.08882551,-0.05385881,-0.03695053,0.17444812,-0.07953004,-0.1316592,-0.026807517
../data/train_data_mmini/5/Train_0024.jpg	5	1.0,1.0,-1.0,1.0,1.0,1.0,-1.0,-1.0,1.0,-1.0,-1.0,1.0	0.13017963,0.009943862,-0.16140895,0.15065,0.23540632,0.12583515,-0.0651591,-0.044787765,0.19941372,-0.12491152,-0.20032945,0.0047846194
../data/train_data_mmini/6/Train_0025.jpg	6	1.0,1.0,-1.0,1.0,1.0,1.0,-1.0,1.0,1.0,-1.0,-1.0,1.0	0.042174973,0.14434893,-0.17234355,0.13310304,0.240838,0.16901861,-0.16898999,0.010581348,0.076196,-0.24456158,-0.1638259,0.08053451
../data/train_data_mmini/6/Train_0026.jpg	6	1.0,1.0,-1.0,1.0,1.0,1.0,-1.0,-1.0,1.0,-1.0,-1.0,-1.0	0.11363027,0.023144912,-0.19074704,0.1891537,0.29153273,0.06396554,-0.13796347,-0.06369981,0.1858951,-0.14055246,-0.14951332,-0.01056716
../data/train_data_mmini/6/Train_0027.jpg	6	1.0,1.0,-1.0,1.0,1.0,1.0,-1.0,1.0,1.0,-1.0,-1.0,1.0	0.112561,0.18850505,-0.21571292,0.21422076,0.30790922,0.08972627,-0.108635046,0.0053927517,0.15734583,-0.19986412,-0.14268726,0.0377872
../data/train_data_mmini/6/Train_0028.jpg	6	1.0,1.0,-1.0,1.0,1.0,1.0,-1.0,-1.0,1.0,-1.0,-1.0,1.0	0.10576306,0.20332372,-0.15782224,0.21679883,0.18192203,0.070293725,-0.16692765,-0.008607812,0.2606034,-0.09747028,-0.17919065,0.00022998016
../data/train_data_mmini/6/Train_0029.jpg	6	1.0,1.0,-1.0,1.0,1.0,1.0,-1.0,-1.0,1.0,-1.0,-1.0,1.0	0.04139852,0.056973055,-0.18597002,0.14541692,0.3799692,0.17790689,-0.18660425,-0.062139012,0.13377264,-0.19217989,-0.1425274,0.027838157
../data/train_data_mmini/7/Train_0030.jpg	7	1.0,1.0,-1.0,1.0,1.0,1.0,-1.0,-1.0,1.0,-1.0,-1.0,-1.0	0.123121135,0.06342735,-0.1265809,0.13853227,0.33783475,0.110270336,-0.13155663,-0.04564871,0.20148417,-0.12400717,-0.13962309,-0.029104535
../data/train_data_mmini/7/Train_0031.jpg	7	1.0,1.0,-1.0,1.0,1.0,1.0,-1.0,-1.0,1.0,-1.0,-1.0,1.0	0.09561234,0.07784057,-0.15740912,0.21170561,0.43111196,0.10489303,-0.17135984,-0.07568248,0.28827623,-0.18468218,-0.16818924,0.0037237548
../data/train_data_mmini/7/Train_0032.jpg	7	1.0,1.0,-1.0,1.0,1.0,1.0,-1.0,-1.0,1.0,-1.0,-1.0,-1.0	0.15459156,0.18139854,-0.16237386,0.36013275,0.38963947,0.08244482,-0.1171514,-0.029594813,0.34394658,-0.18100211,-0.13335988,-0.05528655
../data/train_data_mmini/7/Train_0033.jpg	7	1.0,1.0,-1.0,1.0,1.0,1.0,-1.0,-1.0,1.0,-1.0,-1.0,1.0	0.14920717,0.05073161,-0.18757923,0.1491829,0.3584796,0.08481289,-0.07044997,-0.058760572,0.14329132,-0.13141204,-0.20230208,0.017619617
../data/train_data_mmini/7/Train_0034.jpg	7	1.0,1.0,-1.0,1.0,1.0,1.0,-1.0,1.0,1.0,-1.0,-1.0,1.0	0.15771392,0.12735099,-0.21926813,0.31360555,0.23223056,0.083919704,-0.19563791,0.03283748,0.20261972,-0.1793657,-0.23897366,0.0003409789
../data/train_data_mmini/8/Train_0035.jpg	8	1.0,1.0,-1.0,1.0,1.0,1.0,-1.0,1.0,1.0,-1.0,-1.0,-1.0	0.057224594,0.09484593,-0.1910409,0.20751831,0.3399053,0.12063069,-0.109903544,0.017738692,0.29684132,-0.15343066,-0.17307895,-0.016219066
../data/train_data_mmini/8/Train_0036.jpg	8	1.0,1.0,-1.0,1.0,1.0,1.0,-1.0,-1.0,1.0,-1.0,-1.0,1.0	0.118866704,0.12547536,-0.27922282,0.14451565,0.37833074,0.11610174,-0.15852141,-0.016936861,0.2306899,-0.15602075,-0.16718782,0.011153237
../data/train_data_mmini/8/Train_0037.jpg	8	1.0,1.0,-1.0,1.0,1.0,1.0,-1.0,-1.0,1.0,-1.0,-1.0,1.0	0.12624514,0.09279376,-0.16726847,0.2634721,0.3164235,0.09133873,-0.15696569,-0.0057743117,0.23607682,-0.12572353,-0.19941095,0.016215954
../data/train_data_mmini/8/Train_0038.jpg	8	1.0,1.0,-1.0,1.0,1.0,1.0,-1.0,-1.0,1.0,-1.0,-1.0,-1.0	0.0719726,0.12203442,-0.17025456,0.24183145,0.39996198,0.103854746,-0.17401423,-0.04333946,0.19265774,-0.13280526,-0.15001066,-0.0037906056
../data/train_data_mmini/8/Train_0039.jpg	8	1.0,1.0,-1.0,1.0,1.0,1.0,-1.0,1.0,1.0,-1.0,-1.0,-1.0	0.12678729,0.07637469,-0.26742837,0.20653151,0.37896496,0.17056121,-0.10652534,0.008122189,0.3271915,-0.12753236,-0.18834104,-0.016324012
../data/train_data_mmini/9/Train_0040.jpg	9	1.0,1.0,-1.0,1.0,1.0,1.0,-1.0,-1.0,1.0,-1.0,-1.0,-1.0	0.12033108,0.024172235,-0.1262189,0.21869743,0.3150454,0.09086377,-0.099158704,-0.033799604,0.24210317,-0.14245905,-0.13863277,-0.084347636
../data/train_data_mmini/9/Train_0041.jpg	9	1.0,1.0,-1.0,1.0,1.0,1.0,-1.0,-1.0,1.0,-1.0,-1.0,1.0	0.15264705,0.17958677,-0.18766388,0.1735644,0.39646927,0.11276216,-0.19283569,-0.050980672,0.17342398,-0.20334594,-0.2372419,0.017928
../data/train_data_mmini/9/Train_0042.jpg	9	1.0,1.0,-1.0,1.0,1.0,1.0,-1.0,-1.0,1.0,-1.0,-1.0,-1.0	0.10969134,0.06886588,-0.14308126,0.2149269,0.28219214,0.06570341,-0.1443867,-0.021182759,0.206781,-0.15172285,-0.1767905,-0.023103874
../data/train_data_mmini/9/Train_0043.jpg	9	1.0,1.0,-1.0,1.0,1.0,1.0,-1.0,-1.0,1.0,-1.0,-1.0,-1.0	0.122107774,0.12717812,-0.1275602,0.1981482,0.2780539,0.09475265,-0.1358807,-0.03596083,0.31452808,-0.178444,-0.16266888,-0.039857823
../data/train_data_mmini/9/Train_0044.jpg	9	1.0,1.0,-1.0,1.0,1.0,1.0,-1.0,-1.0,1.0,-1.0,-1.0,-1.0	0.12377621,0.063732855,-0.1172558,0.17969184,0.32266563,0.1386336,-0.09178612,-0.015083106,0.21187668,-0.19176495,-0.1381408,-0.0780544
../data/train_data_mmini/10/Train_0045.jpg	10	1.0,1.0,-1.0,1.0,1.0,1.0,-1.0,1.0,1.0,-1.0,-1.0,1.0	0.09030944,0.13746433,-0.3293156,0.20551541,0.4228181,0.20334768,-0.06134855,0.050474707,0.28740165,-0.17652929,-0.17603834,0.03115045
../data/train_data_mmini/10/Train_0046.jpg	10	1.0,1.0,-1.0,1.0,1.0,1.0,-1.0,-1.0,1.0,-1.0,-1.0,-1.0	0.1295532,0.051629145,-0.028137423,0.17806178,0.25998378,0.09147266,-0.07849369,-0.005330126,0.14320451,-0.14636552,-0.16209981,-0.04342313
../data/train_data_mmini/10/Train_0047.jpg	10	1.0,1.0,-1.0,1.0,1.0,1.0,-1.0,-1.0,1.0,-1.0,-1.0,-1.0	0.12537059,0.1831491,-0.2232606,0.22787362,0.38835466,0.20136774,-0.17553954,-0.009248152,0.32174945,-0.27145106,-0.18414336,-0.02924986
../data/train_data_mmini/10/Train_0048.jpg	10	1.0,1.0,-1.0,1.0,1.0,1.0,-1.0,1.0,1.0,-1.0,-1.0,-1.0	0.12337514,0.062073994,-0.15890275,0.21689084,0.4141995,0.19917575,-0.13085131,0.024998447,0.20806631,-0.22169755,-0.14902247,-0.07486497
../data/train_data_mmini/10/Train_0049.jpg	10	1.0,1.0,-1.0,1.0,1.0,1.0,-1.0,1.0,1.0,-1.0,-1.0,-1.0	0.1203042,0.121776365,-0.18116647,0.18955469,0.30935404,0.13538814,-0.11472597,0.020894602,0.2777631,-0.1847691,-0.15098767,-0.012083566
