../data/train_data_mmini/1/Train_0000.jpg	1	-1.0,1.0,-1.0,1.0,1.0,-1.0,-1.0,-1.0,1.0,1.0,-1.0,1.0,1.0,-1.0,-1.0,-1.0,-1.0,-1.0,1.0,-1.0,-1.0,1.0,1.0,1.0	-0.14461909,0.19758396,-0.3180914,0.30280328,0.08083928,-0.08123968,-0.04960158,-0.36312285,0.055933874,0.17056118,-0.12340071,0.21347329,0.25470683,-0.28736123,-0.0715188,-0.24572317,-0.015115799,-0.024794146,0.06892887,-0.136145,-0.22573368,0.34354404,0.066258736,0.300951
../data/train_data_mmini/1/Train_0001.jpg	1	-1.0,1.0,-1.0,1.0,1.0,-1.0,-1.0,-1.0,1.0,1.0,-1.0,1.0,1.0,-1.0,1.0,-1.0,-1.0,-1.0,1.0,-1.0,-1.0,1.0,1.0,1.0	-0.13017765,0.15079713,-0.33087945,0.23364894,0.11977536,-0.09257423,-0.078411296,-0.49595168,0.069516465,0.19241312,-0.14348175,0.197339,0.26637068,-0.15978876,0.00066581473,-0.2160639,-0.07952749,-0.04167647,0.067983426,-0.14151272,-0.22691137,0.31777987,0.044586316,0.23132035
../data/train_data_mmini/1/Train_0002.jpg	1	-1.0,1.0,-1.0,1.0,1.0,1.0,-1.0,-1.0,-1.0,1.0,-1.0,1.0,1.0,-1.0,-1.0,-1.0,-1.0,-1.0,1.0,-1.0,-1.0,1.0,1.0,1.0	-0.07625696,0.096337736,-0.36408046,0.19872096,0.039578486,0.013344882,-0.12032834,-0.2971151,-0.014310173,0.1498991,-0.12419565,0.09694399,0.20150349,-0.13488492,-0.08124614,-0.20384406,-0.07717693,-0.17090638,0.065780185,-0.07835757,-0.19413449,0.21782361,0.04278724,0.04016859
../data/train_data_mmini/1/Train_0003.jpg	1	-1.0,1.0,-1.0,1.0,1.0,-1.0,-1.0,-1.0,1.0,1.0,-1.0,1.0,1.0,-1.0,-1.0,-1.0,1.0,1.0,1.0,-1.0,-1.0,1.0,1.0,1.0	-0.16084093,0.24829629,-0.28422844,0.27461958,0.11234069,-0.15003254,-0.0034704485,-0.40758276,0.11146008,0.16747855,-0.116162054,0.2527033,0.27596372,-0.31644088,-0.06178278,-0.21496606,0.02097469,0.056914076,0.07865802,-0.11122889,-0.25489673,0.38194838,0.07877773,0.30988294
../data/train_data_mmini/1/Train_0004.jpg	1	-1.0,1.0,-1.0,1.0,1.0,-1.0,-1.0,-1.0,1.0,1.0,-1.0,1.0,1.0,-1.0,-1.0,-1.0,-1.0,-1.0,1.0,-1.0,-1.0,1.0,1.0,1.0	-0.20862857,0.24828716,-0.36329865,0.33503568,0.095530964,-0.10613944,-0.013078362,-0.4066615,0.05176253,0.23997596,-0.09966873,0.26655138,0.26912013,-0.3333079,-0.0648129,-0.2418194,-0.009848328,-0.007036224,0.091662474,-0.14080349,-0.21817888,0.36604592,0.092980474,0.37218213
../data/train_data_mmini/2/Train_0005.jpg	2	-1.0,1.0,-1.0,1.0,1.0,-1.0,-1.0,-1.0,1.0,1.0,-1.0,1.0,1.0,-1.0,-1.0,-1.0,-1.0,-1.0,1.0,-1.0,-1.0,1.0,1.0,1.0	-0.13522449,0.255304,-0.3315401,0.24190688,0.09839995,-0.088960454,-0.017123893,-0.40099952,0.036105998,0.17717615,-0.11661071,0.2364004,0.3032922,-0.25931975,-0.01160122,-0.24567844,-0.07338881,-0.052386012,0.0570285,-0.096250296,-0.17366149,0.26419792,0.05971928,0.2588536
../data/train_data_mmini/2/Train_0006.jpg	2	-1.0,1.0,-1.0,1.0,1.0,-1.0,-1.0,-1.0,1.0,1.0,-1.0,1.0,1.0,-1.0,-1.0,-1.0,-1.0,-1.0,1.0,-1.0,-1.0,1.0,1.0,1.0	-0.12830709,0.20019333,-0.2937513,0.24397531,0.052211773,-0.06413032,-0.015457945,-0.22399238,0.016785657,0.14509705,-0.17060906,0.07939213,0.28017944,-0.25692806,-0.059322063,-0.2690871,-0.021965327,-0.1370336,0.072687015,-0.17673731,-0.15432422,0.30195728,0.18562879,0.20376566
../data/train_data_mmini/2/Train_0007.jpg	2	-1.0,1.0,-1.0,1.0,1.0,-1.0,1.0,-1.0,1.0,1.0,-1.0,1.0,1.0,-1.0,-1.0,-1.0,1.0,1.0,1.0,-1.0,-1.0,1.0,1.0,1.0	-0.2274639,0.3060356,-0.32344192,0.33470145,0.06399756,-0.14954372,0.0079072155,-0.44578165,0.034089442,0.21164255,-0.055648547,0.3551385,0.28864583,-0.37332383,-0.05561362,-0.23868833,0.0050794273,0.040648535,0.07706926,-0.20000182,-0.26269102,0.41093826,0.11981864,0.41819406
../data/train_data_mmini/2/Train_0008.jpg	2	-1.0,1.0,-1.0,1.0,-1.0,1.0,-1.0,-1.0,-1.0,1.0,-1.0,1.0,1.0,-1.0,-1.0,-1.0,-1.0,-1.0,1.0,-1.0,-1.0,1.0,1.0,1.0	-0.115900636,0.27316004,-0.37885162,0.28044224,-0.018431263,0.020644661,-0.08633345,-0.33279225,-0.041615393,0.22229502,-0.090639435,0.20533109,0.28822264,-0.21263961,-0.12759854,-0.17936186,-0.016484892,-0.14232546,0.058291838,-0.22036214,-0.14334215,0.30183554,0.03894892,0.2146074
../data/train_data_mmini/2/Train_0009.jpg	2	-1.0,1.0,-1.0,1.0,1.0,-1.0,-1.0,-1.0,1.0,1.0,-1.0,1.0,1.0,-1.0,-1.0,-1.0,-1.0,-1.0,1.0,-1.0,-1.0,1.0,1.0,1.0	-0.2686156,0.29774326,-0.42630756,0.37957567,0.046686366,-0.14862645,-0.09163523,-0.4269179,0.02771351,0.20138332,-0.18895736,0.278308,0.3107255,-0.28995466,-0.04200463,-0.30645913,-0.010411451,-0.015417976,0.102340676,-0.17438523,-0.26102608,0.43843538,0.09954139,0.39785862
../data/train_data_mmini/3/Train_0010.jpg	3	-1.0,1.0,-1.0,1.0,1.0,-1.0,-1.0,-1.0,1.0,1.0,-1.0,1.0,1.0,-1.0,-1.0,-1.0,-1.0,1.0,1.0,-1.0,-1.0,1.0,1.0,1.0	-0.22164047,0.18695763,-0.3059678,0.25952426,0.051189784,-0.0672988,-0.013677379,-0.42433167,0.010873991,0.15266088,-0.05271727,0.12623066,0.25716913,-0.20242955,-0.08241496,-0.17697999,-0.03438335,0.020726174,0.055258382,-0.15919495,-0.14257829,0.28701723,0.025092598,0.3051543
../data/train_data_mmini/3/Train_0011.jpg	3	-1.0,1.0,-1.0,1.0,1.0,1.0,-1.0,-1.0,1.0,1.0,-1.0,1.0,1.0,-1.0,-1.0,-1.0,-1.0,-1.0,1.0,-1.0,-1.0,1.0,-1.0,1.0	-0.028140422,0.16850308,-0.36697194,0.21223804,0.046659764,0.044564728,-0.16122317,-0.39375567,0.098921485,0.14177948,-0.10058806,0.18016402,0.22345415,-0.036933858,-0.053857125,-0.12189042,-0.100059204,-0.13441384,0.120864935,-0.09974995,-0.19230585,0.2857465,-0.05620288,0.04678644
../data/train_data_mmini/3/Train_0012.jpg	3	-1.0,1.0,-1.0,1.0,1.0,-1.0,-1.0,-1.0,1.0,1.0,-1.0,1.0,1.0,-1.0,1.0,-1.0,1.0,-1.0,1.0,-1.0,-1.0,1.0,1.0,1.0	-0.21644932,0.12779154,-0.40286258,0.22028132,0.07590537,-0.03975199,-0.018171929,-0.48574963,0.08730097,0.14641328,-0.22150646,0.14397813,0.33002996,-0.14652231,0.007819914,-0.17395478,0.012360673,-0.12127703,0.03759833,-0.10246523,-0.21639709,0.37998754,0.06139338,0.17941618
../data/train_data_mmini/3/Train_0013.jpg	3	-1.0,1.0,-1.0,1.0,1.0,-1.0,-1.0,-1.0,-1.0,1.0,-1.0,1.0,1.0,-1.0,-1.0,-1.0,-1.0,-1.0,1.0,-1.0,-1.0,1.0,1.0,1.0	-0.093116276,0.21079649,-0.33116543,0.21438144,0.05911448,-0.006422926,-0.044326063,-0.32783332,-0.018745316,0.1871544,-0.20277748,0.20031795,0.35328597,-0.1884768,-0.06271916,-0.2650285,-0.033089034,-0.15003623,0.10566045,-0.173981,-0.14705701,0.22837552,0.10553016,0.21213965
../data/train_data_mmini/3/Train_0014.jpg	3	-1.0,1.0,-1.0,1.0,1.0,-1.0,-1.0,-1.0,-1.0,1.0,-1.0,1.0,1.0,-1.0,-1.0,-1.0,-1.0,-1.0,1.0,-1.0,-1.0,1.0,1.0,1.0	-0.23798858,0.30226642,-0.3372928,0.300375,0.04877151,-0.0767313,-0.053004783,-0.39829624,-0.0025127612,0.18965007,-0.10508608,0.22757673,0.29137492,-0.21759608,-0.06523251,-0.2628917,-0.1044728,-0.042626634,0.08838788,-0.23718418,-0.17828296,0.33691216,0.09110892,0.3693902
../data/train_data_mmini/4/Train_0015.jpg	4	-1.0,1.0,-1.0,1.0,1.0,1.0,-1.0,-1.0,1.0,1.0,-1.0,1.0,1.0,-1.0,-1.0,-1.0,1.0,-1.0,1.0,-1.0,-1.0,1.0,1.0,1.0	-0.102439344,0.20713557,-0.36601347,0.23820579,0.008395928,0.036731865,-0.1175921,-0.33834398,0.0015882499,0.20811947,-0.1377901,0.21455581,0.26830631,-0.19696754,-0.030305592,-0.10480275,0.0017825082,-0.13080192,0.01682158,-0.1310203,-0.18148494,0.24758255,0.07906678,0.15850666
../data/train_data_mmini/4/Train_0016.jpg	4	-1.0,1.0,-1.0,1.0,1.0,-1.0,-1.0,-1.0,1.0,1.0,-1.0,1.0,1.0,-1.0,-1.0,-1.0,-1.0,-1.0,1.0,-1.0,-1.0,1.0,1.0,1.0	-0.15204497,0.16065669,-0.2343961,0.09125014,0.053510148,-0.05082083,-0.009797361,-0.38160223,0.02969058,0.11750475,-0.06238825,0.2225118,0.23703468,-0.1493682,-0.06686675,-0.19565333,-0.0639149,-0.0491099,0.032231376,-0.15317695,-0.14652571,0.24318479,0.07205403,0.12480917
../data/train_data_mmini/4/Train_0017.jpg	4	-1.0,1.0,-1.0,1.0,1.0,-1.0,-1.0,-1.0,1.0,1.0,-1.0,1.0,1.0,-1.0,-1.0,-1.0,-1.0,-1.0,-1.0,-1.0,-1.0,1.0,1.0,1.0	-0.12342773,0.11450748,-0.42135924,0.194322,0.094038814,-0.01009907,-0.10070775,-0.36501494,0.073987775,0.14481021,-0.19335422,0.10524864,0.24630146,-0.15271816,-0.015690202,-0.17473999,-0.048061285,-0.21318406,-0.035046585,-0.13243088,-0.26068622,0.30279028,0.16326103,0.028454171
../data/train_data_mmini/4/Train_0018.jpg	4	-1.0,1.0,-1.0,1.0,1.0,-1.0,-1.0,-1.0,1.0,1.0,1.0,1.0,1.0,-1.0,-1.0,-1.0,-1.0,-1.0,1.0,-1.0,-1.0,1.0,1.0,1.0	-0.09450997,0.23001724,-0.35008606,0.24110308,0.008061028,-0.073469274,-0.118657954,-0.33876073,0.024103122,0.23157856,0.008487298,0.20247462,0.3315306,-0.1740088,-0.10375713,-0.16332452,-0.028630642,-0.057387743,0.074379176,-0.15254538,-0.13302991,0.24877812,0.040609933,0.22315776
../data/train_data_mmini/4/Train_0019.jpg	4	-1.0,1.0,-1.0,1.0,1.0,-1.0,1.0,-1.0,1.0,1.0,-1.0,1.0,1.0,-1.0,-1.0,-1.0,-1.0,-1.0,1.0,-1.0,-1.0,1.0,1.0,1.0	-0.14188468,0.19494233,-0.34190008,0.20814869,0.14624594,-0.068858005,0.0018603003,-0.3409077,0.05580422,0.10917973,-0.19924349,0.16944218,0.2387552,-0.19068028,-0.0082797175,-0.24681014,-0.08713976,-0.055914544,0.10210701,-0.08546428,-0.14909232,0.2100581,0.1012963,0.1839733
../data/train_data_mmini/5/Train_0020.jpg	5	-1.0,1.0,-1.0,1.0,1.0,-1.0,1.0,-1.0,1.0,1.0,-1.0,1.0,1.0,-1.0,-1.0,-1.0,-1.0,1.0,1.0,-1.0,-1.0,1.0,1.0,1.0	-0.22857861,0.25797573,-0.34015518,0.30438584,0.088746764,-0.12227392,0.00020605791,-0.5070373,0.03735891,0.19513778,-0.13404945,0.310487,0.31766933,-0.2999942,-0.03992086,-0.3078714,-0.027166883,0.026877664,0.094549425,-0.19397058,-0.25619164,0.36818972,0.11432161,0.3797457
../data/train_data_mmini/5/Train_0021.jpg	5	-1.0,1.0,-1.0,1.0,1.0,-1.0,-1.0,-1.0,-1.0,1.0,-1.0,1.0,1.0,-1.0,-1.0,-1.0,-1.0,-1.0,1.0,-1.0,-1.0,1.0,1.0,1.0	-0.20480235,0.22865061,-0.40004706,0.3781166,0.06735054,-0.019375918,-0.051875282,-0.33841413,-0.025129307,0.27300793,-0.14738071,0.23249765,0.31270438,-0.32859874,-0.05855647,-0.26801926,-0.033946324,-0.17257625,0.08538619,-0.16861154,-0.22103344,0.36968198,0.09820258,0.30321237
../data/train_data_mmini/5/Train_0022.jpg	5	-1.0,1.0,-1.0,1.0,1.0,-1.0,-1.0,-1.0,-1.0,1.0,-1.0,1.0,1.0,-1.0,-1.0,-1.0,1.0,1.0,1.0,-1.0,-1.0,1.0,1.0,1.0	-0.2433209,0.29887596,-0.29353142,0.29943794,0.06095178,-0.1036671,-0.028170694,-0.40887034,-0.004998028,0.21077983,-0.10257265,0.29001266,0.24825901,-0.2892868,-0.07340153,-0.23047234,0.006833201,0.004776975,0.09976011,-0.19879566,-0.24184176,0.4160892,0.099548265,0.4364062
../data/train_data_mmini/5/Train_0023.jpg	5	-1.0,1.0,-1.0,1.0,1.0,-1.0,-1.0,-1.0,1.0,1.0,-1.0,1.0,1.0,-1.0,-1.0,-1.0,-1.0,1.0,1.0,-1.0,-1.0,1.0,1.0,1.0	-0.18513405,0.26793242,-0.30647972,0.29114974,0.10029912,-0.16191885,-0.00011546328,-0.37177312,0.017268656,0.19648474,-0.1056859,0.31186756,0.28993005,-0.32775673,-0.06283505,-0.27228996,-0.017965706,0.02027545,0.08442253,-0.17226547,-0.2460117,0.3929456,0.11078339,0.39433962
../data/train_data_mmini/5/Train_0024.jpg	5	-1.0,1.0,-1.0,1.0,1.0,-1.0,-1.0,-1.0,1.0,1.0,-1.0,1.0,1.0,-1.0,-1.0,-1.0,1.0,1.0,1.0,-1.0,-1.0,1.0,1.0,1.0	-0.20101021,0.26847455,-0.36263537,0.3022468,0.06175152,-0.045467224,-0.027853617,-0.40054762,0.04822081,0.2176891,-0.13230616,0.2907913,0.32561523,-0.29322436,-0.07413403,-0.19575939,0.044249363,0.023110338,0.07512418,-0.110509075,-0.24076732,0.33308482,0.029314555,0.3636754
../data/train_data_mmini/6/Train_0025.jpg	6	-1.0,1.0,-1.0,1.0,1.0,-1.0,1.0,-1.0,1.0,1.0,-1.0,1.0,1.0,-1.0,1.0,-1.0,1.0,1.0,1.0,-1.0,-1.0,1.0,1.0,1.0	-0.17367814,0.25119737,-0.32320654,0.28602424,0.075676136,-0.1069545,0.085189685,-0.4905992,0.06124598,0.09815458,-0.13730563,0.22771108,0.23860544,-0.2508068,0.06315681,-0.20592812,0.003124831,0.047468293,0.06377759,-0.017357029,-0.14656693,0.2940595,0.050205674,0.21834481
../data/train_data_mmini/6/Train_0026.jpg	6	-1.0,1.0,-1.0,1.0,1.0,-1.0,-1.0,-1.0,1.0,1.0,-1.0,1.0,1.0,-1.0,-1.0,-1.0,-1.0,-1.0,1.0,-1.0,-1.0,1.0,1.0,1.0	-0.14213747,0.22467332,-0.32856926,0.24399604,0.05892965,-0.12054262,-0.10633431,-0.48414186,0.059655733,0.24904336,-0.023515727,0.21938774,0.26346052,-0.22339931,-0.014634333,-0.15652564,-0.05063784,-0.0012022612,0.024393711,-0.13336165,-0.2466032,0.3688778,0.059266757,0.20089467
../data/train_data_mmini/6/Train_0027.jpg	6	-1.0,1.0,-1.0,1.0,1.0,-1.0,-1.0,-1.0,1.0,1.0,-1.0,1.0,1.0,-1.0,-1.0,-1.0,-1.0,1.0,1.0,-1.0,-1.0,1.0,1.0,1.0	-0.20696639,0.23290567,-0.23874295,0.13678838,0.020631852,-0.055714745,-0.04960232,-0.4107023,0.07183925,0.17282924,-0.035108183,0.1596697,0.21456039,-0.11993933,-0.0010776547,-0.19784634,-0.07958948,0.013151511,0.11101642,-0.09994505,-0.17713839,0.30359194,0.006992675,0.18381414
../data/train_data_mmini/6/Train_0028.jpg	6	-1.0,1.0,-1.0,1.0,1.0,-1.0,-1.0,-1.0,-1.0,1.0,-1.0,1.0,1.0,-1.0,-1.0,-1.0,-1.0,-1.0,1.0,-1.0,-1.0,1.0,1.0,1.0	-0.12239337,0.2048184,-0.34004268,0.23937912,0.022603387,-0.019304615,-0.10702608,-0.3410572,-0.00015415128,0.19614445,-0.06343069,0.24934039,0.24910748,-0.16482854,-0.15475754,-0.19048694,-0.11576511,-0.14940237,0.12381681,-0.20047991,-0.18228795,0.27328393,0.0067208414,0.13372287
../data/train_data_mmini/6/Train_0029.jpg	6	-1.0,1.0,-1.0,1.0,1.0,-1.0,1.0,-1.0,1.0,1.0,-1.0,1.0,1.0,-1.0,1.0,-1.0,1.0,-1.0,1.0,-1.0,-1.0,1.0,1.0,1.0	-0.24570481,0.20464654,-0.37491646,0.25182426,0.073823065,-0.120526575,0.018263573,-0.42842957,0.045675147,0.13727634,-0.21653832,0.16350614,0.2879882,-0.22745898,0.03184172,-0.2053145,0.045086306,-0.0039286027,0.06682449,-0.042177502,-0.12508944,0.3070638,0.055702075,0.2821345
../data/train_data_mmini/7/Train_0030.jpg	7	-1.0,1.0,-1.0,1.0,1.0,-1.0,-1.0,-1.0,1.0,1.0,-1.0,1.0,1.0,-1.0,1.0,-1.0,-1.0,-1.0,1.0,-1.0,-1.0,1.0,1.0,1.0	-0.19686413,0.23044412,-0.32803792,0.2832914,0.105947144,-0.13967738,-0.02437625,-0.4558405,0.06396052,0.15618451,-0.18629298,0.26984742,0.29364467,-0.29678756,0.010199483,-0.3209307,-0.02814317,-0.091037676,0.065390244,-0.12408678,-0.24697088,0.40220124,0.12935972,0.26001427
../data/train_data_mmini/7/Train_0031.jpg	7	-1.0,1.0,-1.0,1.0,1.0,-1.0,-1.0,-1.0,-1.0,1.0,-1.0,1.0,1.0,-1.0,-1.0,-1.0,-1.0,-1.0,1.0,-1.0,-1.0,1.0,1.0,1.0	-0.22399464,0.2632632,-0.3754567,0.3229609,0.029398415,-0.073415376,-0.04021442,-0.42849627,-0.03177545,0.29178345,-0.2433975,0.26900545,0.45075428,-0.3119753,-0.07291241,-0.33180737,-0.0400727,-0.10435467,0.026641965,-0.2675306,-0.21187145,0.38544175,0.11579551,0.33164662
../data/train_data_mmini/7/Train_0032.jpg	7	-1.0,1.0,-1.0,1.0,-1.0,1.0,-1.0,-1.0,1.0,1.0,-1.0,1.0,1.0,-1.0,-1.0,-1.0,-1.0,-1.0,1.0,-1.0,-1.0,1.0,-1.0,1.0	-0.14714678,0.24469757,-0.39144236,0.20677175,-0.04588678,0.036107276,-0.12455623,-0.39435503,0.07343907,0.21488471,-0.10709597,0.18631119,0.33192617,-0.13025075,-0.059069652,-0.19844584,-0.09622974,-0.12777902,0.08671027,-0.165721,-0.20498149,0.29688126,-0.0052003576,0.169444
../data/train_data_mmini/7/Train_0033.jpg	7	-1.0,1.0,-1.0,1.0,1.0,-1.0,-1.0,-1.0,1.0,1.0,-1.0,1.0,1.0,-1.0,-1.0,-1.0,-1.0,1.0,1.0,-1.0,-1.0,1.0,1.0,1.0	-0.24572983,0.2737543,-0.2842824,0.23105046,0.10930583,-0.11968007,-0.0051294733,-0.49994594,0.061555553,0.1414773,-0.13538158,0.24699783,0.27365935,-0.22308025,-0.033621088,-0.21464056,-0.08069583,0.09249868,0.10433219,-0.13438445,-0.23569877,0.3502261,0.10106674,0.33029574
../data/train_data_mmini/7/Train_0034.jpg	7	-1.0,1.0,-1.0,1.0,1.0,1.0,-1.0,-1.0,1.0,1.0,1.0,1.0,1.0,-1.0,-1.0,-1.0,-1.0,-1.0,1.0,-1.0,-1.0,1.0,-1.0,1.0	-0.15417261,0.23642597,-0.3442117,0.2222321,0.02562278,0.03994662,-0.09670721,-0.41497922,0.038133834,0.22735468,0.04850417,0.19912128,0.2258649,-0.10757816,-0.041086555,-0.08135848,-0.10340747,-0.025084522,0.19352715,-0.06506487,-0.16917026,0.27228048,-0.12991242,0.19587328
../data/train_data_mmini/8/Train_0035.jpg	8	-1.0,1.0,-1.0,1.0,1.0,-1.0,-1.0,-1.0,1.0,1.0,-1.0,1.0,1.0,-1.0,-1.0,-1.0,1.0,-1.0,1.0,-1.0,-1.0,1.0,1.0,1.0	-0.22517495,0.28646564,-0.36364758,0.3881443,0.010333941,-0.0583429,-0.049521644,-0.4121318,0.051539186,0.1644672,-0.14457333,0.21548744,0.30613756,-0.29095054,-0.033675507,-0.20011683,0.018405547,-0.098992005,0.0865009,-0.11719394,-0.18202634,0.32434082,0.11148846,0.346957
../data/train_data_mmini/8/Train_0036.jpg	8	-1.0,1.0,-1.0,1.0,1.0,-1.0,-1.0,-1.0,1.0,1.0,-1.0,1.0,1.0,-1.0,-1.0,-1.0,-1.0,-1.0,1.0,-1.0,-1.0,1.0,1.0,1.0	-0.24255984,0.34281436,-0.33503744,0.35073116,0.064494565,-0.09625878,-0.021834355,-0.47588265,0.010348046,0.19753338,-0.14075851,0.29029506,0.36409387,-0.28953788,-0.046819028,-0.27648032,-0.03864726,-0.018852863,0.058390643,-0.13844769,-0.20306464,0.385179,0.1386491,0.40051207
../data/train_data_mmini/8/Train_0037.jpg	8	-1.0,1.0,-1.0,1.0,-1.0,-1.0,-1.0,-1.0,1.0,1.0,-1.0,1.0,1.0,-1.0,-1.0,-1.0,-1.0,-1.0,1.0,-1.0,-1.0,1.0,-1.0,1.0	-0.15784645,0.20957236,-0.44858092,0.27804065,-0.010641588,-0.02621517,-0.11635183,-0.48403773,0.06762091,0.23565884,-0.09721458,0.24871738,0.32213962,-0.13688606,-0.066341974,-0.17415322,-0.077328816,-0.11041803,0.08397394,-0.12720302,-0.23203807,0.37453645,-0.01817057,0.16767792
../data/train_data_mmini/8/Train_0038.jpg	8	-1.0,1.0,-1.0,1.0,1.0,-1.0,-1.0,-1.0,-1.0,1.0,-1.0,1.0,1.0,-1.0,-1.0,-1.0,-1.0,-1.0,1.0,-1.0,-1.0,1.0,1.0,1.0	-0.19792376,0.22569202,-0.3127783,0.3004367,0.0018142535,-0.06492088,-0.07655911,-0.44763124,-0.012178635,0.17632465,-0.15701376,0.21304804,0.33500734,-0.24849582,-0.016479654,-0.28679243,-0.021191949,-0.09279001,0.08702194,-0.1583495,-0.20533617,0.3476753,0.095105976,0.3260485
../data/train_data_mmini/8/Train_0039.jpg	8	-1.0,1.0,-1.0,1.0,1.0,-1.0,-1.0,-1.0,1.0,1.0,-1.0,1.0,1.0,-1.0,-1.0,-1.0,1.0,-1.0,1.0,-1.0,-1.0,1.0,1.0,1.0	-0.23444965,0.25091004,-0.38148752,0.33829314,0.050831083,-0.024536924,-0.043547798,-0.4134369,0.09766952,0.15525599,-0.20549288,0.2389705,0.30253154,-0.22131763,-0.051050674,-0.16918048,0.039076257,-0.057580195,0.12049653,-0.09760743,-0.16379994,0.33388835,0.14279768,0.34911826
../data/train_data_mmini/9/Train_0040.jpg	9	-1.0,1.0,-1.0,1.0,1.0,-1.0,-1.0,-1.0,1.0,1.0,-1.0,1.0,1.0,-1.0,-1.0,-1.0,1.0,-1.0,1.0,-1.0,-1.0,1.0,1.0,1.0	-0.17635866,0.2862383,-0.41571224,0.34855148,0.009814052,-0.025803743,-0.034506295,-0.4418721,0.062145073,0.23595583,-0.1739702,0.32925785,0.32971543,-0.28474352,-0.108542934,-0.24393444,0.009028552,-0.076665364,0.11244943,-0.19852583,-0.24877766,0.37104964,0.07273026,0.29545155
../data/train_data_mmini/9/Train_0041.jpg	9	-1.0,1.0,-1.0,1.0,1.0,-1.0,-1.0,-1.0,1.0,1.0,-1.0,1.0,1.0,-1.0,-1.0,-1.0,-1.0,1.0,1.0,-1.0,-1.0,1.0,1.0,1.0	-0.2788711,0.24030612,-0.33046928,0.21946806,0.03414507,-0.082121424,-0.014248092,-0.54989564,0.023738805,0.24884644,-0.12954555,0.29715514,0.34650305,-0.21237278,-0.11446516,-0.30112556,-0.091045134,0.008612095,0.14643766,-0.18424064,-0.20227282,0.353846,0.07614429,0.2829928
../data/train_data_mmini/9/Train_0042.jpg	9	-1.0,1.0,-1.0,1.0,1.0,1.0,-1.0,-1.0,-1.0,1.0,-1.0,1.0,1.0,-1.0,-1.0,-1.0,-1.0,-1.0,1.0,-1.0,-1.0,1.0,1.0,1.0	-0.13302206,0.20152344,-0.42922452,0.26184362,0.00695595,0.017534345,-0.079865985,-0.37802625,-0.003660906,0.23300897,-0.13915974,0.22563973,0.28762883,-0.18851778,-0.07586257,-0.21895133,-0.03463243,-0.109541856,0.06506665,-0.15247115,-0.21643455,0.2939221,0.052916594,0.20534934
../data/train_data_mmini/9/Train_0043.jpg	9	-1.0,1.0,-1.0,1.0,1.0,-1.0,-1.0,-1.0,1.0,1.0,-1.0,1.0,1.0,-1.0,-1.0,-1.0,1.0,-1.0,1.0,-1.0,-1.0,1.0,1.0,1.0	-0.23146889,0.3390805,-0.37591916,0.37356305,0.03197582,-0.08072784,-0.02024595,-0.4294421,0.02170966,0.2171824,-0.16037533,0.28997016,0.30864823,-0.3470446,-0.07787274,-0.28259394,0.004160618,-0.093756974,0.13122395,-0.1956691,-0.21508853,0.4126579,0.11592971,0.37420958
../data/train_data_mmini/9/Train_0044.jpg	9	-1.0,1.0,-1.0,1.0,1.0,-1.0,1.0,-1.0,1.0,1.0,-1.0,1.0,1.0,-1.0,1.0,-1.0,1.0,-1.0,1.0,-1.0,-1.0,1.0,1.0,1.0	-0.21203022,0.19967467,-0.35615805,0.28828076,0.12511633,-0.03324393,0.0026393144,-0.47513872,0.070700444,0.14196466,-0.27064133,0.19013365,0.32073337,-0.2576522,0.0039014232,-0.267365,0.016390486,-0.022963395,0.05102547,-0.06994563,-0.21103723,0.3301294,0.114710435,0.2997402
../data/train_data_mmini/10/Train_0045.jpg	10	-1.0,1.0,-1.0,1.0,1.0,1.0,-1.0,-1.0,1.0,1.0,-1.0,1.0,1.0,-1.0,-1.0,-1.0,1.0,-1.0,1.0,-1.0,-1.0,1.0,-1.0,1.0	-0.20503196,0.28871545,-0.3250822,0.17379197,0.005347868,0.02134378,-0.047023606,-0.3533848,0.040586036,0.14464603,-0.13151626,0.18214217,0.39761037,-0.14793357,-0.0042961827,-0.13793898,0.033951018,-0.0053455443,0.06383705,-0.115376376,-0.10850864,0.2844386,-0.011835765,0.1835801
../data/train_data_mmini/10/Train_0046.jpg	10	-1.0,1.0,-1.0,1.0,1.0,1.0,-1.0,-1.0,1.0,1.0,-1.0,1.0,1.0,-1.0,1.0,-1.0,-1.0,-1.0,1.0,-1.0,-1.0,1.0,1.0,1.0	-0.059184738,0.12073079,-0.31141776,0.15120329,0.066456854,0.1303888,-0.1050502,-0.37995306,0.046959735,0.080171295,-0.12841365,0.062777705,0.12357242,-0.08251165,0.027716247,-0.071659766,-0.01926803,-0.09327965,0.042059887,-0.038621586,-0.15623426,0.22112133,0.01380755,0.08471779
../data/train_data_mmini/10/Train_0047.jpg	10	-1.0,1.0,-1.0,1.0,1.0,-1.0,-1.0,-1.0,-1.0,1.0,-1.0,1.0,1.0,-1.0,-1.0,-1.0,-1.0,-1.0,1.0,-1.0,-1.0,1.0,1.0,1.0	-0.10743513,0.26354373,-0.4567699,0.3138168,0.03557234,-0.057512973,-0.042321134,-0.3964544,-0.005371501,0.23506607,-0.14291474,0.17820776,0.39416024,-0.2541432,-0.06140342,-0.25497064,-0.014700646,-0.144097,0.04929549,-0.10350501,-0.1742949,0.337839,0.124986805,0.25729936
../data/train_data_mmini/10/Train_0048.jpg	10	-1.0,1.0,-1.0,1.0,1.0,-1.0,1.0,-1.0,1.0,1.0,-1.0,1.0,1.0,-1.0,1.0,-1.0,1.0,1.0,1.0,-1.0,-1.0,1.0,1.0,1.0	-0.26488838,0.3062922,-0.37775,0.29876772,0.08844252,-0.049748998,0.09859191,-0.47592017,0.020778839,0.124399886,-0.2518618,0.2607546,0.32554865,-0.2639671,0.038773697,-0.20883077,0.06880101,0.017396621,0.065706946,-0.044070885,-0.100062996,0.2133239,0.12540047,0.38297132
../data/train_data_mmini/10/Train_0049.jpg	10	-1.0,1.0,-1.0,1.0,1.0,-1.0,-1.0,-1.0,1.0,1.0,-1.0,1.0,1.0,-1.0,-1.0,-1.0,-1.0,-1.0,1.0,-1.0,-1.0,1.0,1.0,1.0	-0.20040762,0.2460959,-0.3864812,0.34702483,0.026433855,-0.0545638,-0.077527076,-0.47412822,0.08156436,0.18538275,-0.2043591,0.21000351,0.3281073,-0.22177856,-0.043305602,-0.23052494,-0.025526645,-0.07124277,0.11728484,-0.14876756,-0.2445492,0.351031,0.07919918,0.34144372
