../data/train_data_mmini/1/Train_0000.jpg	1	-1.0,1.0,1.0,-1.0,-1.0,1.0,1.0,1.0,1.0,1.0,-1.0,1.0,-1.0,1.0,1.0,-1.0,1.0,1.0,-1.0,1.0,-1.0,-1.0,-1.0,1.0	-1.487132,0.3682994,0.0626483,-2.6964605,-0.8525172,0.48613715,1.3971459,5.1227627,4.748147,1.7207068,-5.705774,0.12159625,-2.545916,2.797721,1.2480978,-0.05701881,1.411518,1.94511,-1.962321,1.5551865,-0.91153014,-2.1503317,-5.1502967,0.8222754
../data/train_data_mmini/1/Train_0001.jpg	1	-1.0,1.0,1.0,-1.0,-1.0,1.0,1.0,1.0,1.0,1.0,-1.0,1.0,-1.0,1.0,1.0,-1.0,1.0,1.0,-1.0,1.0,-1.0,-1.0,-1.0,1.0	-1.1156076,0.27741846,0.26032132,-2.6500866,-0.7972242,0.58451015,1.2671726,4.9129915,5.022901,1.4726167,-5.74109,0.06503323,-2.1589127,2.6010904,1.150525,-0.06935608,1.5309914,1.8794185,-2.2867796,1.6044368,-0.64834845,-1.879355,-5.029774,0.9704623
../data/train_data_mmini/1/Train_0002.jpg	1	-1.0,-1.0,-1.0,-1.0,-1.0,1.0,1.0,1.0,1.0,1.0,-1.0,1.0,-1.0,1.0,1.0,1.0,1.0,1.0,-1.0,1.0,-1.0,-1.0,-1.0,1.0	-1.2323772,-0.14777933,-0.09849015,-2.1120644,-0.5681043,0.19608393,1.7406564,4.133013,3.5339305,1.5298411,-4.525404,0.100201875,-1.8927093,1.9315753,0.8465894,0.17838332,0.8181142,1.9569843,-1.6928945,1.070869,-0.63544023,-1.7613806,-4.3983808,0.769746
../data/train_data_mmini/1/Train_0003.jpg	1	-1.0,1.0,-1.0,-1.0,-1.0,1.0,1.0,1.0,1.0,1.0,-1.0,1.0,-1.0,1.0,1.0,-1.0,1.0,1.0,-1.0,1.0,-1.0,-1.0,-1.0,1.0	-1.2605842,0.26361018,-0.11706412,-2.7545536,-0.75107175,0.6026711,1.3970088,5.2872286,4.9205866,1.6252853,-5.9547048,0.0600222,-2.5567102,2.9720278,1.0804133,-0.083431475,1.6059858,1.9093064,-2.1092708,1.6493447,-0.8450582,-2.2446976,-5.2538414,0.6830814
../data/train_data_mmini/1/Train_0004.jpg	1	-1.0,1.0,-1.0,-1.0,-1.0,1.0,1.0,1.0,1.0,1.0,-1.0,-1.0,-1.0,1.0,1.0,-1.0,1.0,1.0,-1.0,1.0,-1.0,-1.0,-1.0,1.0	-1.2694813,0.20120531,-0.18309993,-2.694216,-0.5150762,0.41964507,1.4417754,5.369799,4.9137254,1.8706912,-5.8272443,-0.07958707,-2.7763875,2.9949205,1.3522725,-0.20325243,1.8176519,1.9332216,-2.199849,1.7095308,-0.98281336,-2.3050978,-5.494562,0.75214493
../data/train_data_mmini/2/Train_0005.jpg	2	-1.0,1.0,1.0,-1.0,-1.0,1.0,1.0,1.0,1.0,1.0,-1.0,-1.0,-1.0,1.0,1.0,-1.0,1.0,1.0,-1.0,1.0,-1.0,-1.0,-1.0,1.0	-1.2273813,0.30596998,0.06251222,-2.7657409,-0.722315,0.37580982,1.3442373,4.8103466,4.6650457,1.9283005,-5.3265176,-0.313475,-2.427799,2.7032096,1.274569,-0.12553751,1.51185,2.1144488,-2.033662,1.5669401,-0.6363402,-2.2318952,-5.2664,1.0332348
../data/train_data_mmini/2/Train_0006.jpg	2	-1.0,1.0,1.0,-1.0,-1.0,1.0,1.0,1.0,1.0,1.0,-1.0,-1.0,-1.0,1.0,1.0,-1.0,1.0,1.0,-1.0,1.0,-1.0,-1.0,-1.0,1.0	-1.6443135,0.6837387,0.41457373,-2.5122483,-0.732045,0.16498044,1.3004463,4.7351637,4.6672573,2.1722639,-5.342579,-0.07773569,-2.7117617,2.7222672,1.7004896,-0.28628767,1.3738225,1.9249647,-1.7525046,1.3527427,-0.8249501,-2.2895253,-5.0786014,1.3819838
../data/train_data_mmini/2/Train_0007.jpg	2	-1.0,-1.0,-1.0,-1.0,-1.0,1.0,1.0,1.0,1.0,1.0,-1.0,-1.0,-1.0,1.0,1.0,1.0,1.0,1.0,-1.0,1.0,-1.0,-1.0,-1.0,1.0	-1.4803236,-0.050455064,-0.42500514,-3.0392413,-0.76839745,0.6282633,1.3348821,5.878602,5.2806597,1.8740308,-6.5237007,-0.0929496,-2.8670242,3.532795,1.2760825,0.06453479,1.9356935,2.3261862,-2.1921484,1.6979662,-1.3081465,-2.6776552,-5.9962525,0.5551868
../data/train_data_mmini/2/Train_0008.jpg	2	-1.0,1.0,1.0,-1.0,-1.0,1.0,1.0,1.0,1.0,1.0,-1.0,-1.0,-1.0,1.0,1.0,-1.0,1.0,1.0,-1.0,1.0,-1.0,-1.0,-1.0,1.0	-1.6445318,0.13904515,0.1139195,-2.3553777,-1.1020343,0.46386707,1.7209426,4.9797134,4.362489,1.6898674,-5.0716825,-0.1990126,-2.4535658,2.6919818,1.3917892,-0.032285504,1.2082853,1.8850462,-1.5652999,1.1920117,-1.466209,-2.001495,-4.9510307,0.5925064
../data/train_data_mmini/2/Train_0009.jpg	2	-1.0,1.0,1.0,-1.0,-1.0,1.0,1.0,1.0,1.0,1.0,-1.0,-1.0,-1.0,1.0,1.0,-1.0,1.0,1.0,-1.0,1.0,-1.0,-1.0,-1.0,1.0	-1.672959,0.98791474,0.17841649,-3.644569,-1.0702646,0.610568,1.6535228,6.042566,6.1519213,2.2083561,-7.1616664,-0.05096129,-3.3245773,3.841529,1.520285,-0.26043192,1.8255416,2.3121493,-2.3845713,1.765102,-0.8470192,-2.6059566,-6.2917724,1.3521312
../data/train_data_mmini/3/Train_0010.jpg	3	-1.0,1.0,-1.0,-1.0,-1.0,1.0,1.0,1.0,1.0,1.0,-1.0,-1.0,-1.0,1.0,1.0,1.0,1.0,1.0,-1.0,1.0,-1.0,-1.0,-1.0,1.0	-0.9279592,0.17970593,-0.1328238,-2.2378318,-0.7907676,0.735966,1.3819252,4.328812,4.061633,1.0685807,-5.040315,-0.61364526,-2.0117133,2.5186195,1.1910247,0.09563906,1.625336,1.3657196,-1.522632,1.1135255,-1.2522693,-1.6518389,-4.576375,0.710239
../data/train_data_mmini/3/Train_0011.jpg	3	-1.0,1.0,1.0,-1.0,-1.0,1.0,1.0,1.0,1.0,1.0,-1.0,1.0,-1.0,1.0,1.0,-1.0,1.0,1.0,-1.0,1.0,-1.0,-1.0,-1.0,1.0	-0.9859784,0.17513965,0.07837933,-2.413513,-0.37341663,0.15708572,1.5819782,4.232298,3.6782367,1.5988364,-4.589915,0.18838003,-2.0093207,1.8629265,1.121348,-0.21309644,0.9179815,1.9642322,-1.9736485,1.2548071,-0.38815427,-1.4776093,-4.4818463,1.2520207
../data/train_data_mmini/3/Train_0012.jpg	3	-1.0,1.0,-1.0,-1.0,-1.0,-1.0,1.0,1.0,1.0,1.0,-1.0,1.0,-1.0,1.0,1.0,-1.0,1.0,1.0,-1.0,1.0,1.0,-1.0,-1.0,1.0	-0.87685156,0.22323929,-0.06055683,-2.8482807,-0.0011376827,-0.16709846,1.7825437,5.0557933,4.9335537,1.9294838,-5.6629686,0.18152305,-2.6724038,2.2891786,1.34378,-0.61976045,1.4111637,2.6883724,-2.7997584,2.1200144,0.13566458,-2.1120658,-5.5862603,1.8079966
../data/train_data_mmini/3/Train_0013.jpg	3	-1.0,1.0,1.0,-1.0,-1.0,1.0,1.0,1.0,1.0,1.0,-1.0,-1.0,-1.0,1.0,1.0,-1.0,1.0,1.0,-1.0,1.0,-1.0,-1.0,-1.0,1.0	-1.6397885,0.33403036,0.29847848,-2.4486709,-0.97917056,0.13484824,1.6625396,5.0982738,4.849183,1.9619976,-5.217695,-0.16572663,-2.674228,2.5134192,1.5884616,-0.404399,1.3651934,1.8600783,-1.8920815,1.2758698,-0.85091066,-2.3409166,-5.159703,1.2279418
../data/train_data_mmini/3/Train_0014.jpg	3	-1.0,1.0,1.0,-1.0,-1.0,1.0,1.0,1.0,1.0,1.0,-1.0,-1.0,-1.0,1.0,1.0,-1.0,1.0,1.0,-1.0,1.0,-1.0,-1.0,-1.0,1.0	-1.1874653,0.4908683,0.19440436,-2.678503,-0.81933254,0.5276347,1.4541022,5.098309,4.6932774,1.8329004,-5.6529317,-0.42439732,-2.7927094,2.828327,1.5587164,-0.2030505,1.6522535,1.728089,-1.8703308,1.6058227,-1.2612019,-2.1007774,-5.2637343,1.0731878
../data/train_data_mmini/4/Train_0015.jpg	4	-1.0,-1.0,-1.0,-1.0,-1.0,-1.0,1.0,1.0,1.0,1.0,-1.0,1.0,-1.0,1.0,1.0,-1.0,1.0,1.0,-1.0,1.0,-1.0,-1.0,-1.0,1.0	-1.6097535,-0.086791605,-0.018028438,-2.5451164,-0.73407334,-0.002988814,1.8429874,5.3163676,4.5328712,2.0493355,-5.403703,0.1767337,-2.5787082,2.55192,1.4438854,-0.29429898,1.2959903,2.3720548,-2.083882,1.7151729,-1.1230263,-2.4128203,-5.4790688,1.0348332
../data/train_data_mmini/4/Train_0016.jpg	4	-1.0,1.0,1.0,-1.0,-1.0,1.0,1.0,1.0,1.0,1.0,-1.0,1.0,-1.0,1.0,1.0,1.0,1.0,1.0,-1.0,1.0,-1.0,-1.0,-1.0,1.0	-0.94280624,0.44662836,0.21937609,-2.0361571,-0.8861038,0.44578224,0.96468705,3.5667138,3.6974454,1.300094,-4.33629,0.015195158,-1.5029727,1.8457919,0.706345,0.09964464,1.0786755,1.8191289,-1.5358952,0.99106616,-0.27295634,-1.4313542,-3.7955043,0.69318306
../data/train_data_mmini/4/Train_0017.jpg	4	-1.0,1.0,1.0,-1.0,-1.0,1.0,1.0,1.0,1.0,1.0,-1.0,1.0,-1.0,1.0,1.0,-1.0,1.0,1.0,-1.0,1.0,-1.0,-1.0,-1.0,1.0	-1.5208136,0.7680728,0.71293396,-2.8900867,-0.7400898,0.09049758,1.4894155,4.9993525,4.894415,2.3165648,-5.542461,0.26604834,-2.4870565,2.1078057,1.6595426,-0.20269088,1.3475646,2.5334198,-2.1413434,1.5047895,-0.37410527,-2.1845677,-5.2701607,1.4888685
../data/train_data_mmini/4/Train_0018.jpg	4	-1.0,1.0,1.0,-1.0,-1.0,1.0,1.0,1.0,1.0,1.0,-1.0,-1.0,-1.0,1.0,1.0,1.0,1.0,1.0,-1.0,1.0,-1.0,-1.0,-1.0,1.0	-0.9660795,0.25080907,0.21530423,-2.0133538,-0.7779891,0.3890472,1.1631457,3.6394966,3.6711981,1.4361374,-4.210637,-0.2543436,-1.8276029,2.04698,1.0443759,0.00021583412,1.1438066,1.481138,-1.5314896,1.1154495,-0.66558295,-1.5729313,-4.1093764,0.8151102
../data/train_data_mmini/4/Train_0019.jpg	4	-1.0,1.0,-1.0,-1.0,-1.0,1.0,1.0,1.0,1.0,1.0,-1.0,-1.0,-1.0,1.0,1.0,-1.0,1.0,1.0,-1.0,1.0,-1.0,-1.0,-1.0,1.0	-1.4585625,0.2224535,-0.012677014,-2.4541185,-0.6606893,0.1402488,1.2868644,5.2638493,4.7537994,2.006527,-5.4092913,-0.17167637,-2.6184664,2.6616278,1.7350193,-0.38277295,1.6483127,1.8778083,-1.8244966,1.4013956,-0.94824433,-2.4800448,-5.2513037,1.0986508
../data/train_data_mmini/5/Train_0020.jpg	5	-1.0,1.0,-1.0,-1.0,-1.0,1.0,1.0,1.0,1.0,1.0,-1.0,-1.0,-1.0,1.0,1.0,1.0,1.0,1.0,-1.0,1.0,-1.0,-1.0,-1.0,1.0	-1.2252486,0.08410628,-0.18857694,-2.86661,-0.8579877,0.85223293,1.3003767,5.460743,5.2390966,1.7822944,-6.2878265,-0.21797517,-2.6434443,3.2791953,1.1588389,0.10182733,1.7946717,2.071256,-2.1466632,1.6692054,-1.0445076,-2.4262395,-5.566533,0.55820763
../data/train_data_mmini/5/Train_0021.jpg	5	-1.0,1.0,1.0,-1.0,-1.0,1.0,1.0,1.0,1.0,1.0,-1.0,-1.0,-1.0,1.0,1.0,-1.0,1.0,1.0,-1.0,1.0,-1.0,-1.0,-1.0,1.0	-1.7913429,0.35777792,0.11778849,-3.244015,-0.85422605,0.52762955,1.946191,6.2277594,5.458459,2.3935432,-6.5510726,-0.0545809,-3.3506224,3.4005997,1.7737488,-0.3507684,1.660976,2.3610947,-2.4549725,1.9687387,-1.177177,-2.7469504,-6.4392266,1.2065796
../data/train_data_mmini/5/Train_0022.jpg	5	-1.0,1.0,-1.0,-1.0,-1.0,1.0,1.0,1.0,1.0,1.0,-1.0,-1.0,-1.0,1.0,1.0,-1.0,1.0,1.0,-1.0,1.0,-1.0,-1.0,-1.0,1.0	-1.5183607,0.15975764,-0.24652445,-2.9109128,-0.91954476,0.5878666,1.4879206,5.6596828,5.223671,1.8439354,-6.3334675,-0.14668676,-2.8297448,3.5717638,1.354312,-0.04264336,1.8122338,2.0451272,-1.9044553,1.6933341,-1.3233328,-2.5617893,-5.722003,0.6878462
../data/train_data_mmini/5/Train_0023.jpg	5	-1.0,1.0,-1.0,-1.0,-1.0,1.0,1.0,1.0,1.0,1.0,-1.0,-1.0,-1.0,1.0,1.0,1.0,1.0,1.0,-1.0,1.0,-1.0,-1.0,-1.0,1.0	-1.266975,0.18096203,-0.19044757,-2.7754593,-0.8347576,0.7795641,1.2293763,5.281249,4.92093,1.754835,-6.064463,-0.010866853,-2.6296444,3.2452445,1.2064868,0.018132454,1.6223255,1.928995,-2.1124938,1.6507801,-0.9731188,-2.3322062,-5.432994,0.6693337
../data/train_data_mmini/5/Train_0024.jpg	5	-1.0,-1.0,-1.0,-1.0,-1.0,1.0,1.0,1.0,1.0,1.0,-1.0,-1.0,-1.0,1.0,1.0,-1.0,1.0,1.0,-1.0,1.0,-1.0,-1.0,-1.0,1.0	-1.3175124,-0.0961906,-0.4328366,-3.1336052,-0.3828187,0.45683062,1.6757725,5.575311,5.1903987,1.9864823,-6.2832274,-0.17667225,-3.0674362,3.148014,1.2517091,-0.2015394,1.828816,2.5073926,-2.4807363,1.7062727,-1.0001751,-2.6605313,-5.9946313,1.0545247
../data/train_data_mmini/6/Train_0025.jpg	6	-1.0,1.0,-1.0,-1.0,-1.0,1.0,1.0,1.0,1.0,1.0,-1.0,-1.0,-1.0,1.0,1.0,-1.0,1.0,1.0,-1.0,1.0,-1.0,-1.0,-1.0,1.0	-0.685483,0.17473875,-0.5011132,-2.8641825,-0.142808,0.054722697,1.8397945,5.1614294,4.466489,1.6759542,-5.9252152,-0.26608518,-2.7009294,2.7044404,1.0867751,-0.44941002,1.5410191,2.1020563,-2.1733522,1.6174992,-0.5091825,-2.174924,-5.4212246,1.4545244
../data/train_data_mmini/6/Train_0026.jpg	6	-1.0,1.0,1.0,-1.0,-1.0,1.0,1.0,1.0,1.0,1.0,-1.0,1.0,-1.0,1.0,1.0,1.0,1.0,1.0,-1.0,1.0,-1.0,-1.0,-1.0,1.0	-1.1620036,0.5733557,0.2007407,-2.7948751,-0.9437041,0.886372,1.2169646,5.0260043,5.252821,1.7386222,-5.9519806,0.11307278,-2.381962,2.8514848,1.0330096,0.02577514,1.7479266,1.9202425,-2.2170954,1.4968126,-0.84292865,-1.8493723,-5.409059,0.6836306
../data/train_data_mmini/6/Train_0027.jpg	6	-1.0,1.0,-1.0,-1.0,-1.0,1.0,1.0,1.0,1.0,1.0,-1.0,-1.0,-1.0,1.0,1.0,-1.0,1.0,1.0,-1.0,1.0,-1.0,-1.0,-1.0,1.0	-0.6921411,0.5417282,-0.15811583,-2.4251974,-0.67617625,0.5083312,1.3251935,3.9880276,4.0026174,1.1480463,-5.096518,-0.2959799,-1.8345271,2.4280226,0.96282583,-0.10138743,1.2987629,1.2374513,-1.8011404,1.2187428,-0.5318186,-1.5288494,-4.381525,1.1929547
../data/train_data_mmini/6/Train_0028.jpg	6	-1.0,1.0,-1.0,-1.0,-1.0,1.0,1.0,1.0,1.0,1.0,-1.0,-1.0,-1.0,1.0,1.0,1.0,1.0,1.0,-1.0,1.0,-1.0,-1.0,-1.0,1.0	-1.3270787,0.06288208,-0.10950759,-2.2385511,-0.765039,0.5279414,1.3411766,4.5069957,4.0002294,1.6172167,-4.8392797,-0.13951051,-2.1610372,2.438096,1.1038607,0.11411024,1.3452085,1.7079673,-1.6276132,1.0711895,-1.1420147,-1.8568959,-4.637286,0.40283948
../data/train_data_mmini/6/Train_0029.jpg	6	-1.0,1.0,-1.0,-1.0,-1.0,1.0,1.0,1.0,1.0,1.0,-1.0,-1.0,-1.0,1.0,1.0,-1.0,1.0,1.0,-1.0,1.0,-1.0,-1.0,-1.0,1.0	-1.6201047,0.46343747,-0.10186118,-3.1191669,-0.98249704,0.052441984,1.9590591,5.611677,5.3383193,2.2354348,-6.195877,-0.08039752,-2.8294544,3.1032853,1.3265501,-0.23675525,1.5804585,2.3715794,-2.040861,1.4257013,-0.6242158,-2.611101,-5.767085,1.3934435
../data/train_data_mmini/7/Train_0030.jpg	7	-1.0,1.0,1.0,-1.0,-1.0,1.0,1.0,1.0,1.0,1.0,-1.0,1.0,-1.0,1.0,1.0,-1.0,1.0,1.0,-1.0,1.0,-1.0,-1.0,-1.0,1.0	-1.6507117,0.6936066,0.21068251,-3.4299314,-1.019874,0.38172558,1.625759,5.966463,5.9254365,2.1848927,-6.831104,0.17813608,-2.9915712,3.4442258,1.5341665,-0.319532,1.6046087,2.535528,-2.4229133,1.9637675,-0.53159356,-2.7023346,-6.0972958,1.3770005
../data/train_data_mmini/7/Train_0031.jpg	7	-1.0,1.0,1.0,-1.0,-1.0,1.0,1.0,1.0,1.0,1.0,-1.0,-1.0,-1.0,1.0,1.0,-1.0,1.0,1.0,-1.0,1.0,-1.0,-1.0,-1.0,1.0	-1.4554682,0.7576035,0.3678499,-3.292727,-1.0386996,0.5610018,1.6218957,5.751141,5.9075065,2.2733862,-6.663888,-0.3422096,-3.2391486,3.2859368,1.6002824,-0.32003117,1.9744893,2.5555108,-2.2974694,1.7682614,-0.8646936,-2.6262152,-6.120752,1.3329055
../data/train_data_mmini/7/Train_0032.jpg	7	-1.0,1.0,1.0,-1.0,-1.0,1.0,1.0,1.0,1.0,1.0,-1.0,-1.0,-1.0,1.0,1.0,-1.0,1.0,1.0,-1.0,1.0,-1.0,-1.0,-1.0,1.0	-1.1978201,0.66269726,0.39000547,-2.8129368,-0.77333575,0.31756213,1.8503534,4.7634263,4.4111614,1.7699112,-5.184401,-0.37646487,-2.6027198,2.3059497,1.4070979,-0.50757366,1.2050418,1.982162,-2.2979815,1.5587217,-0.8466951,-1.8696568,-5.218134,1.4735092
../data/train_data_mmini/7/Train_0033.jpg	7	-1.0,1.0,1.0,-1.0,-1.0,1.0,1.0,1.0,1.0,1.0,-1.0,-1.0,-1.0,1.0,1.0,-1.0,1.0,1.0,-1.0,1.0,-1.0,-1.0,-1.0,1.0	-1.2797028,0.5032455,0.032343864,-3.1801298,-0.747529,0.6016885,1.287406,5.2303753,5.278795,1.8771006,-6.316049,-0.3296232,-2.659938,3.1261568,1.2957053,-0.07096546,1.7122546,2.361601,-2.3120737,1.5137806,-0.6274965,-2.4110467,-5.6126184,1.2610445
../data/train_data_mmini/7/Train_0034.jpg	7	-1.0,-1.0,-1.0,-1.0,-1.0,1.0,1.0,1.0,1.0,1.0,-1.0,-1.0,-1.0,1.0,1.0,-1.0,1.0,1.0,-1.0,1.0,-1.0,-1.0,-1.0,1.0	-0.6025158,-0.14823574,-0.24586168,-2.2897742,-0.17834939,0.5220069,1.4447263,4.180021,3.3911688,1.4202821,-4.437305,-0.3936042,-1.89397,1.8130267,1.1429623,-0.034654193,1.4924349,1.4350054,-2.083816,1.0769112,-0.7422003,-1.5055367,-4.554607,1.146849
../data/train_data_mmini/8/Train_0035.jpg	8	-1.0,1.0,-1.0,-1.0,-1.0,1.0,1.0,1.0,1.0,1.0,-1.0,-1.0,-1.0,1.0,1.0,-1.0,1.0,1.0,-1.0,1.0,-1.0,-1.0,-1.0,1.0	-1.6016752,0.396077,-0.04165429,-3.2677503,-0.95586884,0.3165094,1.9247164,5.919764,5.5387306,2.0434506,-6.633923,-0.1049045,-3.0698361,3.683568,1.5020806,-0.2479358,1.7301453,2.2091053,-2.1145365,1.7129142,-1.1336724,-2.6997244,-6.039026,1.1695752
../data/train_data_mmini/8/Train_0036.jpg	8	-1.0,1.0,-1.0,-1.0,-1.0,1.0,1.0,1.0,1.0,1.0,-1.0,-1.0,-1.0,1.0,1.0,-1.0,1.0,1.0,-1.0,1.0,-1.0,-1.0,-1.0,1.0	-1.5387784,0.46113732,-0.048065722,-3.4261599,-0.7442877,0.5437965,1.7364229,6.1839933,6.0663676,2.3017378,-7.2154903,-0.29368845,-3.3066106,3.8171315,1.384187,-0.11969548,1.9400779,2.7567189,-2.3425982,1.7153436,-1.0884421,-3.0024617,-6.623529,1.1390771
../data/train_data_mmini/8/Train_0037.jpg	8	-1.0,1.0,1.0,-1.0,-1.0,1.0,1.0,1.0,1.0,1.0,-1.0,-1.0,-1.0,1.0,1.0,-1.0,1.0,1.0,-1.0,1.0,-1.0,-1.0,-1.0,1.0	-1.5693306,0.4742773,0.11077118,-3.411611,-0.8347067,0.4540613,1.6721584,6.013171,5.7543955,2.270403,-6.616966,-0.027446838,-2.8763297,2.946151,1.5134687,-0.1794647,1.9032239,2.7957861,-2.7308924,1.6987716,-0.7895058,-2.5439482,-6.5212245,1.3000782
../data/train_data_mmini/8/Train_0038.jpg	8	-1.0,1.0,-1.0,-1.0,-1.0,1.0,1.0,1.0,1.0,1.0,-1.0,-1.0,-1.0,1.0,1.0,-1.0,1.0,1.0,-1.0,1.0,-1.0,-1.0,-1.0,1.0	-1.5127921,0.34015852,-0.061484158,-3.026797,-1.1200261,0.44211832,1.8623359,5.695999,5.3823423,1.76932,-6.3322253,-0.11142412,-2.8060458,3.2980657,1.2909901,-0.16331059,1.5734416,2.081515,-2.0782936,1.6401527,-1.1767948,-2.4159265,-5.819096,0.99958706
../data/train_data_mmini/8/Train_0039.jpg	8	-1.0,1.0,-1.0,-1.0,-1.0,1.0,1.0,1.0,1.0,1.0,-1.0,-1.0,-1.0,1.0,1.0,-1.0,1.0,1.0,-1.0,1.0,-1.0,-1.0,-1.0,1.0	-1.8133081,0.47964767,-0.08218759,-3.7621083,-0.7905239,0.08069974,2.1758025,6.368442,6.076055,2.5535097,-7.197701,-0.13872728,-3.3541408,3.8675952,1.7278688,-0.24001384,1.8676788,2.9158642,-2.5535722,1.8737159,-0.7486268,-3.0515158,-6.727479,1.7735978
../data/train_data_mmini/9/Train_0040.jpg	9	-1.0,-1.0,-1.0,-1.0,-1.0,1.0,1.0,1.0,1.0,1.0,-1.0,-1.0,-1.0,1.0,1.0,-1.0,1.0,1.0,-1.0,1.0,-1.0,-1.0,-1.0,1.0	-1.7729515,-0.0031949002,-0.2373457,-3.2707124,-0.80727476,0.36345512,2.0141096,6.6168685,5.77762,2.3856554,-6.89479,-0.037494753,-3.281527,3.4535935,1.659742,-0.25106323,1.9092001,2.7092764,-2.5853393,1.8843328,-1.2692176,-2.9478145,-6.7527747,1.0543278
../data/train_data_mmini/9/Train_0041.jpg	9	-1.0,1.0,1.0,-1.0,-1.0,1.0,1.0,1.0,1.0,1.0,-1.0,-1.0,-1.0,1.0,1.0,1.0,1.0,1.0,-1.0,1.0,-1.0,-1.0,-1.0,1.0	-0.94558424,0.3577321,0.08299464,-2.8470242,-0.7706048,0.79099506,1.1544751,4.858937,4.990103,1.6789519,-5.849465,-0.6507608,-2.4537323,2.9742599,1.2558787,0.01901192,1.7965243,2.0630434,-2.1191711,1.4735734,-0.7578181,-2.1219294,-5.2836685,0.92995757
../data/train_data_mmini/9/Train_0042.jpg	9	-1.0,-1.0,-1.0,-1.0,-1.0,1.0,1.0,1.0,1.0,1.0,-1.0,1.0,-1.0,1.0,1.0,-1.0,1.0,1.0,-1.0,1.0,-1.0,-1.0,-1.0,1.0	-1.4662809,-0.2878315,-0.21146065,-2.705952,-0.51559865,0.10876933,1.9200361,5.544584,4.682317,2.0636582,-5.6276774,0.09875104,-2.7183661,2.534047,1.3715756,-0.25839415,1.5412619,2.6231067,-2.3297613,1.6077113,-1.024077,-2.4103768,-5.76369,1.0325819
../data/train_data_mmini/9/Train_0043.jpg	9	-1.0,1.0,-1.0,-1.0,-1.0,1.0,1.0,1.0,1.0,1.0,-1.0,-1.0,-1.0,1.0,1.0,-1.0,1.0,1.0,-1.0,1.0,-1.0,-1.0,-1.0,1.0	-1.840677,0.1795665,-0.100510895,-3.2392578,-1.1117446,0.5731206,1.8453265,6.398213,5.673348,2.318922,-6.8636436,-0.19164774,-3.1650925,3.6789029,1.6718833,-0.08355778,1.8120048,2.3871467,-2.139402,1.7144638,-1.518077,-2.9783027,-6.5408688,0.96075356
../data/train_data_mmini/9/Train_0044.jpg	9	-1.0,1.0,-1.0,-1.0,-1.0,1.0,1.0,1.0,1.0,1.0,-1.0,1.0,-1.0,1.0,1.0,-1.0,1.0,1.0,-1.0,1.0,-1.0,-1.0,-1.0,1.0	-1.5477595,0.17578101,-0.1512891,-3.3207002,-0.68291515,0.049891353,2.1088817,6.186281,5.516714,2.2768939,-6.748041,0.046804037,-3.0845723,3.2184548,1.4996268,-0.3876726,1.6772319,2.679372,-2.5139732,1.8594567,-0.7370914,-2.8386636,-6.2944517,1.5119152
../data/train_data_mmini/10/Train_0045.jpg	10	-1.0,1.0,-1.0,-1.0,-1.0,-1.0,1.0,1.0,1.0,1.0,-1.0,-1.0,-1.0,1.0,1.0,-1.0,1.0,1.0,-1.0,1.0,-1.0,-1.0,-1.0,1.0	-1.3251985,0.82508403,-0.0018293262,-3.2120028,-0.71090317,-0.1656892,1.7211572,5.1801534,5.0761437,2.1944785,-5.665309,-0.45077088,-2.862885,3.0018625,1.4855853,-0.5925401,1.6932653,2.3363383,-2.0973022,1.1978887,-0.43217495,-2.5222263,-5.636006,1.695806
../data/train_data_mmini/10/Train_0046.jpg	10	-1.0,1.0,-1.0,-1.0,-1.0,-1.0,1.0,1.0,1.0,1.0,-1.0,1.0,-1.0,1.0,1.0,-1.0,1.0,1.0,-1.0,1.0,-1.0,-1.0,-1.0,1.0	-1.155248,0.17886585,-0.15638122,-2.2132878,-0.3907742,-0.19957912,1.597989,3.918798,3.148223,1.5164369,-4.0485644,0.16900173,-1.7319236,1.6542469,1.06267,-0.16427442,0.8703011,1.7594352,-1.6084886,1.054485,-0.3873164,-1.5800189,-4.0937376,1.2800481
../data/train_data_mmini/10/Train_0047.jpg	10	-1.0,1.0,-1.0,-1.0,-1.0,1.0,1.0,1.0,1.0,1.0,-1.0,-1.0,-1.0,1.0,1.0,-1.0,1.0,1.0,-1.0,1.0,-1.0,-1.0,-1.0,1.0	-1.5740887,0.31331387,-0.083785295,-3.6026692,-0.70231193,0.26614597,2.1905298,6.415499,5.67636,2.4641995,-6.8188114,-0.38025305,-3.3835974,3.3973129,1.6629406,-0.38975003,1.818699,2.7294707,-2.5291193,1.7936609,-1.0695732,-2.8947628,-6.869139,1.5180832
../data/train_data_mmini/10/Train_0048.jpg	10	-1.0,1.0,-1.0,-1.0,-1.0,-1.0,1.0,1.0,1.0,1.0,-1.0,-1.0,-1.0,1.0,1.0,-1.0,1.0,1.0,-1.0,1.0,-1.0,-1.0,-1.0,1.0	-0.84210604,0.19713281,-0.7861269,-3.471079,-0.26110744,-0.23281056,2.3221884,5.805337,5.0393863,1.9554933,-6.4827533,-0.42322686,-3.2204447,3.4786725,1.4889119,-0.53487366,1.7464515,2.4127553,-2.3026152,1.9374895,-0.6414067,-2.7760155,-6.0868597,1.8900802
../data/train_data_mmini/10/Train_0049.jpg	10	-1.0,1.0,-1.0,-1.0,-1.0,1.0,1.0,1.0,1.0,1.0,-1.0,-1.0,-1.0,1.0,1.0,-1.0,1.0,1.0,-1.0,1.0,-1.0,-1.0,-1.0,1.0	-1.6286486,0.3240038,-0.17731577,-3.5724678,-0.8726993,0.16536325,2.230736,6.2786684,5.6518354,2.320634,-6.9021697,-0.089854985,-3.2397947,3.6334689,1.5537317,-0.32421497,1.7974081,2.6392467,-2.520438,1.7678405,-1.0657802,-2.891251,-6.5852127,1.5532308
