../data/train_data_mmini/1/Train_0000.jpg	1	1.0,1.0,-1.0,1.0,1.0,1.0,1.0,-1.0	0.44964668,0.6183256,-1.2544111,0.9606837,0.36194867,1.5604804,0.4347284,-0.885543
../data/train_data_mmini/1/Train_0001.jpg	1	1.0,1.0,-1.0,1.0,1.0,1.0,1.0,-1.0	0.22443002,0.5058565,-0.34077895,0.59341097,0.23724847,0.12970932,1.1317718,-0.034803886
../data/train_data_mmini/1/Train_0002.jpg	1	-1.0,1.0,-1.0,-1.0,-1.0,-1.0,1.0,1.0	-0.008723249,0.3927192,-0.22457534,-0.00041109603,-0.09078787,-0.092149824,0.39722487,0.7810091
../data/train_data_mmini/1/Train_0003.jpg	1	1.0,1.0,-1.0,-1.0,1.0,1.0,-1.0,-1.0	0.3142279,0.13196406,-1.1880635,-0.015301931,0.4819202,1.410564,-0.06252608,-1.5788803
../data/train_data_mmini/1/Train_0004.jpg	1	1.0,1.0,-1.0,1.0,1.0,1.0,-1.0,-1.0	0.015653143,0.36375725,-0.9691674,0.105473995,0.25462174,0.8148078,-0.2408686,-0.7505356
../data/train_data_mmini/2/Train_0005.jpg	2	-1.0,1.0,1.0,-1.0,-1.0,-1.0,1.0,1.0	-0.19227889,0.16590548,0.18420266,-0.3259047,-0.07714752,-0.80101275,0.5554234,0.7597764
../data/train_data_mmini/2/Train_0006.jpg	2	-1.0,-1.0,1.0,-1.0,-1.0,-1.0,1.0,1.0	-0.13743873,-0.26622716,0.12237768,-0.532856,-0.15445225,-0.5516245,0.027739348,0.16792294
../data/train_data_mmini/2/Train_0007.jpg	2	1.0,1.0,-1.0,1.0,1.0,1.0,-1.0,-1.0	0.35386232,0.25053397,-1.6341093,0.22963698,0.38247466,2.0199604,-0.33505967,-1.5664353
../data/train_data_mmini/2/Train_0008.jpg	2	1.0,1.0,-1.0,1.0,-1.0,1.0,1.0,1.0	0.55337155,0.48549196,-0.69250333,1.0517439,-0.016662603,0.18173498,0.88954693,0.42476875
../data/train_data_mmini/2/Train_0009.jpg	2	1.0,1.0,-1.0,1.0,-1.0,1.0,1.0,1.0	0.31280544,0.49610966,-0.5759696,0.58428675,-0.003057884,0.47286576,1.0130041,0.23872168
../data/train_data_mmini/3/Train_0010.jpg	3	1.0,-1.0,1.0,-1.0,-1.0,-1.0,1.0,1.0	0.1173264,-0.1789421,0.59921074,-0.8960824,-0.40613967,-1.1281588,0.54795563,0.29484633
../data/train_data_mmini/3/Train_0011.jpg	3	-1.0,1.0,1.0,1.0,-1.0,-1.0,1.0,1.0	-0.12279957,0.8438018,0.38204768,0.7513665,-0.10186624,-0.7779589,1.1541698,1.9891903
../data/train_data_mmini/3/Train_0012.jpg	3	-1.0,1.0,1.0,-1.0,1.0,-1.0,-1.0,1.0	-0.91194487,0.042390585,0.32696992,-0.51474494,0.29294628,-0.8097302,-0.21024169,0.63903147
../data/train_data_mmini/3/Train_0013.jpg	3	-1.0,-1.0,1.0,1.0,-1.0,-1.0,1.0,1.0	-0.0017371301,-0.11134061,0.49089557,0.0069648596,-0.39311084,-1.5994047,0.7533702,1.295291
../data/train_data_mmini/3/Train_0014.jpg	3	-1.0,1.0,1.0,1.0,-1.0,-1.0,1.0,1.0	-0.14873452,0.521481,0.013501421,0.30690613,-0.3436067,-0.733525,0.7866988,1.0826461
../data/train_data_mmini/4/Train_0015.jpg	4	1.0,1.0,-1.0,1.0,1.0,1.0,1.0,1.0	0.115871,0.63996863,-0.7470836,1.0099533,0.27178103,0.6221147,0.51087546,0.21181528
../data/train_data_mmini/4/Train_0016.jpg	4	1.0,1.0,1.0,1.0,-1.0,-1.0,1.0,1.0	0.4667653,0.4297195,0.14678712,0.46233582,-0.27726975,-0.49501455,1.9624671,0.5305001
../data/train_data_mmini/4/Train_0017.jpg	4	-1.0,1.0,1.0,-1.0,-1.0,-1.0,1.0,1.0	-0.40766835,0.2676798,0.7921153,-0.3031794,-0.5179999,-1.1670494,1.2525412,1.1519727
../data/train_data_mmini/4/Train_0018.jpg	4	1.0,1.0,-1.0,1.0,-1.0,1.0,1.0,1.0	0.2984482,0.7187115,-0.3287901,0.821199,-0.08186259,0.07647471,1.5524417,0.82309324
../data/train_data_mmini/4/Train_0019.jpg	4	-1.0,-1.0,1.0,-1.0,-1.0,-1.0,-1.0,1.0	-0.6776718,-0.7379101,0.7140426,-1.8523244,-0.40978244,-1.8191365,-0.5906138,0.54745865
../data/train_data_mmini/5/Train_0020.jpg	5	-1.0,1.0,-1.0,-1.0,1.0,1.0,-1.0,-1.0	-0.046897445,0.35264122,-1.2188432,-0.13519453,0.44477037,1.2365992,-0.08246069,-1.2394502
../data/train_data_mmini/5/Train_0021.jpg	5	1.0,1.0,-1.0,1.0,1.0,1.0,1.0,1.0	0.1717075,0.74730885,-0.7310231,0.92809117,0.2737042,0.44048077,0.5634559,0.18588142
../data/train_data_mmini/5/Train_0022.jpg	5	1.0,-1.0,-1.0,-1.0,1.0,1.0,-1.0,-1.0	0.11737061,-0.009668113,-1.1670744,-0.03639077,0.27255622,1.1851082,-0.42256936,-0.8708758
../data/train_data_mmini/5/Train_0023.jpg	5	1.0,1.0,-1.0,1.0,1.0,1.0,-1.0,-1.0	0.28753206,0.37894765,-1.4717681,0.25499177,0.6016793,1.7665945,-0.082439266,-1.4817545
../data/train_data_mmini/5/Train_0024.jpg	5	1.0,1.0,-1.0,-1.0,1.0,1.0,-1.0,-1.0	0.060605425,0.14297542,-0.9263615,-0.28774935,0.36032727,0.9559542,-0.4068236,-0.6146452
../data/train_data_mmini/6/Train_0025.jpg	6	-1.0,-1.0,1.0,-1.0,-1.0,-1.0,-1.0,1.0	-1.3323051,-1.1411359,1.5271536,-3.4797506,-0.61048216,-2.025176,-0.9422946,0.5198597
../data/train_data_mmini/6/Train_0026.jpg	6	1.0,1.0,-1.0,1.0,1.0,1.0,1.0,-1.0	0.20755334,0.9482999,-0.71738267,0.5038148,0.17495406,1.0367639,1.3398002,-0.52408963
../data/train_data_mmini/6/Train_0027.jpg	6	-1.0,1.0,1.0,-1.0,-1.0,-1.0,1.0,1.0	-0.18785782,0.16726199,0.69838494,-0.31045204,-0.23813657,-0.95992476,0.90029866,1.0057575
../data/train_data_mmini/6/Train_0028.jpg	6	1.0,1.0,-1.0,1.0,-1.0,1.0,1.0,1.0	0.22532766,0.627048,-0.44294277,0.4222785,-0.2041264,0.54221314,0.89212126,0.44368935
../data/train_data_mmini/6/Train_0029.jpg	6	-1.0,-1.0,1.0,-1.0,-1.0,-1.0,1.0,1.0	-0.06071193,-0.5082663,0.38517565,-1.4015739,-0.44948563,-1.1059914,0.23076366,0.45778263
../data/train_data_mmini/7/Train_0030.jpg	7	1.0,1.0,-1.0,1.0,1.0,1.0,1.0,-1.0	0.02212646,0.28764293,-0.47689366,0.34891072,0.25406978,0.44404328,0.7229059,-0.19248922
../data/train_data_mmini/7/Train_0031.jpg	7	-1.0,1.0,1.0,-1.0,-1.0,-1.0,1.0,1.0	-0.24764027,0.26472846,0.62926257,-0.5039922,-0.39631853,-0.9654297,1.2881953,0.7776556
../data/train_data_mmini/7/Train_0032.jpg	7	-1.0,1.0,1.0,1.0,-1.0,-1.0,1.0,1.0	-0.21911292,0.8353426,0.8672454,0.91439575,-0.32850683,-1.8756537,1.5523307,2.8250656
../data/train_data_mmini/7/Train_0033.jpg	7	1.0,1.0,-1.0,-1.0,1.0,1.0,1.0,-1.0	0.12712009,0.1513009,-0.32328302,-0.2749003,0.039791867,0.29208696,0.6273644,-0.24985865
../data/train_data_mmini/7/Train_0034.jpg	7	-1.0,1.0,1.0,-1.0,-1.0,-1.0,1.0,1.0	-0.20963351,0.1685772,1.2742958,-0.9794399,-0.62324196,-1.7553313,0.33997265,1.6663964
../data/train_data_mmini/8/Train_0035.jpg	8	1.0,-1.0,-1.0,1.0,-1.0,-1.0,1.0,1.0	0.24449535,-0.14224663,-0.37184685,0.07484461,-0.23337555,-0.14167516,0.16143346,0.60493857
../data/train_data_mmini/8/Train_0036.jpg	8	-1.0,-1.0,1.0,-1.0,-1.0,-1.0,1.0,1.0	-0.40790194,-0.059220403,0.6858746,-1.1354228,-0.5801007,-0.7131504,0.75001496,1.0617772
../data/train_data_mmini/8/Train_0037.jpg	8	1.0,1.0,1.0,1.0,-1.0,-1.0,1.0,1.0	0.15876393,0.7013213,0.69867146,0.010017675,-0.42867327,-0.79508805,1.8115687,1.2952155
../data/train_data_mmini/8/Train_0038.jpg	8	-1.0,-1.0,1.0,-1.0,-1.0,-1.0,1.0,1.0	-0.0441414,-0.093334824,0.12990575,-0.33646685,-0.15865472,-0.69810027,0.38516238,0.71084183
../data/train_data_mmini/8/Train_0039.jpg	8	-1.0,-1.0,1.0,-1.0,-1.0,-1.0,-1.0,1.0	-0.18496919,-0.3957918,0.22050835,-0.60988617,-0.5613046,-1.2003632,-0.057378255,1.5137546
../data/train_data_mmini/9/Train_0040.jpg	9	1.0,1.0,-1.0,1.0,1.0,1.0,1.0,-1.0	0.20540233,0.3335632,-0.9137808,0.27972946,0.20133093,0.7573476,0.13364176,-0.413686
../data/train_data_mmini/9/Train_0041.jpg	9	-1.0,1.0,1.0,-1.0,-1.0,-1.0,1.0,1.0	-0.3964393,0.06647226,0.69978195,-0.8881223,-0.33954474,-1.4081259,0.9827482,1.1453109
../data/train_data_mmini/9/Train_0042.jpg	9	1.0,1.0,-1.0,1.0,1.0,1.0,1.0,1.0	0.27683526,0.3493555,-0.32170263,0.30891302,0.08442824,0.0026953954,0.49250057,0.17399427
../data/train_data_mmini/9/Train_0043.jpg	9	1.0,1.0,-1.0,1.0,1.0,1.0,1.0,-1.0	0.28208095,0.23615384,-0.77859324,0.247523,0.078547366,0.560755,0.21758965,-0.10320174
../data/train_data_mmini/9/Train_0044.jpg	9	-1.0,-1.0,1.0,-1.0,-1.0,-1.0,-1.0,1.0	-0.36029974,-0.50427675,0.25721097,-1.3369628,-0.21724756,-1.1831499,-0.4440799,0.46709585
../data/train_data_mmini/10/Train_0045.jpg	10	-1.0,-1.0,1.0,-1.0,-1.0,-1.0,1.0,1.0	-0.5778406,-0.55838335,1.8588188,-1.5377996,-1.1552091,-3.3623323,0.2669954,2.982958
../data/train_data_mmini/10/Train_0046.jpg	10	1.0,-1.0,1.0,-1.0,-1.0,-1.0,1.0,1.0	0.029237846,-0.18168914,0.72619474,-0.7359555,-0.48489755,-1.9702352,0.05323103,1.4750701
../data/train_data_mmini/10/Train_0047.jpg	10	-1.0,-1.0,1.0,-1.0,-1.0,-1.0,1.0,1.0	-0.62186,-0.24987772,1.386607,-1.4034193,-0.8411626,-2.382585,0.2369218,2.2505417
../data/train_data_mmini/10/Train_0048.jpg	10	-1.0,-1.0,1.0,-1.0,-1.0,-1.0,-1.0,1.0	-1.7712092,-1.6720133,1.4561687,-3.3078253,-0.820298,-3.7736418,-2.3802671,2.3854003
../data/train_data_mmini/10/Train_0049.jpg	10	-1.0,-1.0,1.0,-1.0,-1.0,-1.0,1.0,1.0	-0.26314238,-0.26215822,0.6322181,-0.795177,-0.54647106,-1.4484665,0.039936043,1.6090631
