../data/train_data_mmini/1/Train_0000.jpg	1	1.0,1.0,-1.0,1.0,1.0,1.0,1.0,-1.0	0.86762476,1.4961928,-0.5210407,2.6162264,2.465452,0.12341952,0.8380589,-3.3565137
../data/train_data_mmini/1/Train_0001.jpg	1	-1.0,1.0,1.0,1.0,-1.0,1.0,1.0,1.0	-0.7555759,2.331266,3.4879243,4.3414154,-0.5516151,0.10285357,1.3906434,3.3729644
../data/train_data_mmini/1/Train_0002.jpg	1	-1.0,1.0,-1.0,1.0,-1.0,-1.0,1.0,-1.0	-3.8686676,1.0358912,-0.8049499,0.65070385,-1.4128871,-1.0204111,4.137141,-1.7734042
../data/train_data_mmini/1/Train_0003.jpg	1	1.0,1.0,-1.0,1.0,1.0,-1.0,-1.0,-1.0	1.8921008,2.8094037,-3.1515818,3.4845407,2.909067,-0.8403874,-0.4444012,-0.4570798
../data/train_data_mmini/1/Train_0004.jpg	1	1.0,-1.0,1.0,1.0,1.0,-1.0,-1.0,-1.0	1.3373109,-1.5709826,1.281387,2.7440205,1.9854401,-0.4481763,-1.2936921,-2.1418073
../data/train_data_mmini/2/Train_0005.jpg	2	-1.0,1.0,1.0,-1.0,1.0,1.0,-1.0,1.0	-1.1353754,1.1079853,1.0692754,-2.9803214,1.9886081,1.2941281,-0.67408305,0.43910795
../data/train_data_mmini/2/Train_0006.jpg	2	1.0,-1.0,-1.0,-1.0,1.0,1.0,1.0,1.0	2.6689775,-0.73148173,-1.613363,-1.9202713,1.3106129,0.26543033,0.12854835,1.347408
../data/train_data_mmini/2/Train_0007.jpg	2	1.0,1.0,1.0,1.0,1.0,1.0,-1.0,-1.0	2.3896885,0.33501866,0.56745094,3.6164567,0.68953156,1.1303477,-1.5407215,-5.784866
../data/train_data_mmini/2/Train_0008.jpg	2	-1.0,-1.0,1.0,-1.0,1.0,-1.0,1.0,-1.0	-1.0920238,-2.357364,4.0943255,-1.5223436,2.1567404,-0.4711381,0.32642293,-1.9938351
../data/train_data_mmini/2/Train_0009.jpg	2	1.0,1.0,-1.0,-1.0,1.0,1.0,-1.0,-1.0	2.4385536,1.9416025,-0.9507356,-0.5376445,1.2340736,4.8720307,-0.7690078,-1.7241222
../data/train_data_mmini/3/Train_0010.jpg	3	1.0,-1.0,1.0,1.0,1.0,1.0,-1.0,1.0	1.1550274,-1.5209609,3.5791247,0.25979996,1.1433768,2.6858788,-2.6801336,1.8961742
../data/train_data_mmini/3/Train_0011.jpg	3	-1.0,-1.0,1.0,1.0,-1.0,1.0,1.0,-1.0	-4.9926195,-0.19268544,2.3787866,2.7193987,-1.6863804,1.5125273,3.0658784,-0.3830571
../data/train_data_mmini/3/Train_0012.jpg	3	-1.0,1.0,-1.0,1.0,-1.0,1.0,1.0,1.0	-0.6634151,1.9138669,-1.0185547,3.1507301,-0.4928249,1.0561652,4.264916,2.5802298
../data/train_data_mmini/3/Train_0013.jpg	3	-1.0,-1.0,1.0,-1.0,-1.0,-1.0,1.0,1.0	-0.34095457,-0.7205408,1.4150304,-2.2732093,-0.39440385,-0.22676127,1.9234489,2.9602408
../data/train_data_mmini/3/Train_0014.jpg	3	-1.0,-1.0,1.0,-1.0,-1.0,1.0,-1.0,-1.0	-2.3851218,-1.9285352,2.82414,-1.7348632,-0.54813683,0.5782748,-2.139395,-0.27583545
../data/train_data_mmini/4/Train_0015.jpg	4	-1.0,-1.0,-1.0,1.0,1.0,1.0,1.0,-1.0	-0.5557886,-1.7437822,-1.0128006,0.43657315,2.7950246,0.4568092,3.1776655,-1.6097741
../data/train_data_mmini/4/Train_0016.jpg	4	-1.0,1.0,-1.0,1.0,1.0,-1.0,1.0,1.0	-2.9199574,2.71112,-0.2664894,0.5931168,0.16690905,-0.24196328,1.243398,1.6626157
../data/train_data_mmini/4/Train_0017.jpg	4	-1.0,1.0,-1.0,1.0,-1.0,1.0,1.0,1.0	-1.6397846,1.0719167,-2.534581,0.28202152,-0.31383306,1.3811328,3.6726644,2.368251
../data/train_data_mmini/4/Train_0018.jpg	4	-1.0,1.0,1.0,-1.0,1.0,1.0,-1.0,-1.0	-2.7599752,0.06258725,2.9392347,-2.3568587,2.545627,1.1985825,-1.8739965,-1.7332727
../data/train_data_mmini/4/Train_0019.jpg	4	1.0,-1.0,-1.0,-1.0,-1.0,-1.0,1.0,1.0	0.70546556,-1.9600167,-2.1834815,-1.0860378,-1.9253849,-1.8015637,1.1468724,3.3475056
../data/train_data_mmini/5/Train_0020.jpg	5	1.0,1.0,-1.0,1.0,-1.0,-1.0,-1.0,1.0	0.25097266,1.9090149,-0.19390522,3.1146739,-1.9972278,-2.3710124,-1.0810446,0.055331208
../data/train_data_mmini/5/Train_0021.jpg	5	-1.0,-1.0,-1.0,-1.0,1.0,-1.0,-1.0,-1.0	-1.1111197,-3.1234186,-1.3550123,-1.0274997,4.0195527,-0.16028473,-1.0305494,-1.9917085
../data/train_data_mmini/5/Train_0022.jpg	5	1.0,-1.0,1.0,1.0,-1.0,1.0,1.0,-1.0	4.5826364,-0.35119218,2.2252674,0.18882485,-0.28923884,1.4603287,0.00034728507,-3.9909453
../data/train_data_mmini/5/Train_0023.jpg	5	1.0,1.0,-1.0,1.0,1.0,-1.0,-1.0,-1.0	3.3430972,1.4237484,-0.8740918,3.0935202,2.1350124,-1.3583534,-2.3646562,-2.6384294
../data/train_data_mmini/5/Train_0024.jpg	5	1.0,1.0,-1.0,1.0,1.0,1.0,-1.0,-1.0	0.57555234,0.25078237,-2.3807158,2.1555493,3.6318824,2.6239378,-0.29123673,-3.3825734
../data/train_data_mmini/6/Train_0025.jpg	6	1.0,1.0,-1.0,1.0,-1.0,1.0,1.0,1.0	0.9851055,0.4868279,-4.758226,0.76686275,-1.3933535,3.908537,0.8136699,3.1734793
../data/train_data_mmini/6/Train_0026.jpg	6	-1.0,1.0,1.0,1.0,1.0,1.0,-1.0,-1.0	-1.159618,2.3746102,0.106130764,1.7946434,2.2152812,2.2563143,-1.887761,-0.73452437
../data/train_data_mmini/6/Train_0027.jpg	6	-1.0,1.0,1.0,1.0,-1.0,1.0,-1.0,1.0	-0.610978,0.11270181,1.1971558,2.1174476,-1.4718819,3.5015702,-1.0295627,3.3146338
../data/train_data_mmini/6/Train_0028.jpg	6	-1.0,-1.0,1.0,1.0,-1.0,1.0,1.0,-1.0	-3.4009328,-1.6614314,1.9106348,1.0186771,-2.0099046,0.87362355,0.31916335,-3.4657998
../data/train_data_mmini/6/Train_0029.jpg	6	1.0,1.0,-1.0,-1.0,1.0,1.0,1.0,1.0	2.9403894,2.3940818,-3.39052,-1.9383249,2.9994366,4.128936,2.9462485,0.69434375
../data/train_data_mmini/7/Train_0030.jpg	7	1.0,1.0,-1.0,1.0,-1.0,1.0,1.0,-1.0	1.7623996,3.4558809,-2.7304668,0.42243046,-0.26925716,2.5946226,2.0955002,-0.14204773
../data/train_data_mmini/7/Train_0031.jpg	7	1.0,1.0,1.0,-1.0,1.0,1.0,-1.0,1.0	0.0426205,1.9524024,1.2339813,-2.6422586,1.0043765,1.9305693,-0.35060608,0.93338776
../data/train_data_mmini/7/Train_0032.jpg	7	-1.0,-1.0,1.0,-1.0,-1.0,1.0,1.0,1.0	-5.504959,-1.6269667,2.6784663,-0.93140686,-0.4332581,1.3888427,0.6303984,2.453304
../data/train_data_mmini/7/Train_0033.jpg	7	1.0,1.0,-1.0,1.0,1.0,1.0,-1.0,-1.0	1.4436553,3.510077,-0.7570622,1.0893996,1.1471529,3.89937,-0.8676371,-1.150917
../data/train_data_mmini/7/Train_0034.jpg	7	-1.0,-1.0,1.0,1.0,-1.0,1.0,-1.0,1.0	-4.322297,-2.6804817,2.4943635,2.1634233,-1.0382458,2.1113863,-1.6598654,0.36796695
../data/train_data_mmini/8/Train_0035.jpg	8	1.0,-1.0,1.0,-1.0,1.0,1.0,1.0,-1.0	3.4293623,-1.1884485,2.5136487,-1.6461139,1.1520082,5.1861873,1.260594,-1.9086266
../data/train_data_mmini/8/Train_0036.jpg	8	1.0,1.0,-1.0,-1.0,-1.0,1.0,1.0,-1.0	0.18745203,2.2173927,-0.40447536,-2.8205535,-0.15068321,5.6899743,0.78873795,-2.226022
../data/train_data_mmini/8/Train_0037.jpg	8	-1.0,1.0,-1.0,1.0,1.0,1.0,1.0,-1.0	-2.7399702,0.15905069,-0.73395807,1.1518557,1.5628138,6.4521046,0.1487841,-1.0437417
../data/train_data_mmini/8/Train_0038.jpg	8	1.0,1.0,1.0,-1.0,-1.0,1.0,1.0,1.0	0.394306,0.8316272,2.0134842,-1.075568,-0.10212266,2.4918349,2.0178406,0.69130105
../data/train_data_mmini/8/Train_0039.jpg	8	1.0,1.0,1.0,-1.0,1.0,1.0,1.0,-1.0	2.8746405,0.11796565,0.94283915,-1.6220753,0.52014357,7.2197356,2.9625552,-1.7911199
../data/train_data_mmini/9/Train_0040.jpg	9	1.0,-1.0,-1.0,1.0,1.0,1.0,1.0,-1.0	1.0851074,-2.108888,-1.8820179,2.24379,2.2580125,2.7690253,2.0654418,-3.293396
../data/train_data_mmini/9/Train_0041.jpg	9	-1.0,1.0,1.0,1.0,-1.0,1.0,-1.0,1.0	-1.621919,1.4922127,3.7566466,1.0782634,-2.9775984,1.7228376,-0.055417918,0.9078587
../data/train_data_mmini/9/Train_0042.jpg	9	-1.0,-1.0,1.0,1.0,1.0,1.0,1.0,1.0	-2.1864054,-1.772159,0.08724754,2.273324,2.1534424,0.47323516,2.4487984,0.0805886
../data/train_data_mmini/9/Train_0043.jpg	9	1.0,-1.0,1.0,-1.0,1.0,1.0,-1.0,-1.0	3.0753193,-3.1818886,1.0361528,-1.5904237,0.5025861,2.635925,-0.1797872,-3.2958782
../data/train_data_mmini/9/Train_0044.jpg	9	1.0,1.0,-1.0,1.0,1.0,1.0,1.0,1.0	3.140398,0.6132219,-2.8402052,1.0777671,0.4603239,2.3819695,3.8266597,2.9885836
../data/train_data_mmini/10/Train_0045.jpg	10	1.0,-1.0,1.0,-1.0,-1.0,1.0,-1.0,1.0	1.4710256,-1.5069383,0.9671787,-3.0282414,-0.18336709,8.373301,-0.10747299,0.34924516
../data/train_data_mmini/10/Train_0046.jpg	10	-1.0,-1.0,-1.0,1.0,1.0,1.0,1.0,1.0	-1.288131,-1.018301,-1.8446099,1.140769,0.5361801,3.5211325,2.6506255,2.079416
../data/train_data_mmini/10/Train_0047.jpg	10	-1.0,-1.0,-1.0,-1.0,1.0,1.0,-1.0,-1.0	-1.1403991,-2.2350717,-0.5324468,-4.309425,1.8254813,5.8362226,-0.1578474,-0.7994468
../data/train_data_mmini/10/Train_0048.jpg	10	1.0,-1.0,-1.0,-1.0,-1.0,1.0,1.0,1.0	3.3775156,-0.29513985,-0.19268726,-1.9973947,-1.5200542,4.246985,3.4761617,2.5034835
../data/train_data_mmini/10/Train_0049.jpg	10	1.0,-1.0,1.0,-1.0,1.0,1.0,1.0,-1.0	1.8486804,-1.7982364,0.5829348,-0.471713,0.055872604,7.893506,1.7058593,-0.99547905
