../data/train_data_mmini/1/Train_0000.jpg	1	1.0,-1.0,1.0,1.0,1.0,-1.0,-1.0,-1.0	0.1320773,-0.6144163,0.49101725,0.25447598,0.38518143,-0.60828847,-0.43571863,-0.10613458
../data/train_data_mmini/1/Train_0001.jpg	1	1.0,-1.0,1.0,-1.0,1.0,-1.0,-1.0,-1.0	0.20854592,-0.64898807,0.60629827,-0.032243393,0.36359262,-1.0346508,-0.2912386,-0.3914437
../data/train_data_mmini/1/Train_0002.jpg	1	1.0,-1.0,-1.0,1.0,1.0,-1.0,-1.0,1.0	0.30634487,-0.39976072,-0.042746212,0.13096555,0.022740072,-0.7896459,-0.2575752,0.009366077
../data/train_data_mmini/1/Train_0003.jpg	1	1.0,-1.0,1.0,1.0,1.0,-1.0,-1.0,-1.0	0.09288966,-0.7783096,0.7446422,0.14513281,0.45642614,-0.5760861,-0.435152,-0.16724564
../data/train_data_mmini/1/Train_0004.jpg	1	1.0,-1.0,1.0,-1.0,1.0,-1.0,-1.0,1.0	0.013594046,-1.043034,0.41358763,-0.045820974,0.44726372,-0.9639298,-0.20854491,0.1631326
../data/train_data_mmini/2/Train_0005.jpg	2	1.0,-1.0,1.0,-1.0,-1.0,-1.0,-1.0,-1.0	0.28151068,-0.029677784,0.25386164,-0.14550011,-0.10818171,-0.43990305,-0.20472385,-0.2686759
../data/train_data_mmini/2/Train_0006.jpg	2	1.0,1.0,-1.0,1.0,-1.0,1.0,1.0,-1.0	0.4561734,1.3620979,-1.1071908,0.79346985,-0.67488605,0.60021585,0.11490264,-1.321463
../data/train_data_mmini/2/Train_0007.jpg	2	-1.0,-1.0,1.0,-1.0,1.0,-1.0,-1.0,1.0	-0.033035725,-1.321194,0.4017692,-0.037987135,0.47164834,-0.85430604,-0.29849726,0.4938726
../data/train_data_mmini/2/Train_0008.jpg	2	1.0,1.0,-1.0,1.0,-1.0,-1.0,1.0,-1.0	0.6645019,0.17785984,-1.155549,0.19177428,-0.5240687,-0.39414182,0.14743589,-0.13259856
../data/train_data_mmini/2/Train_0009.jpg	2	1.0,-1.0,1.0,1.0,1.0,-1.0,-1.0,-1.0	0.1528476,-0.1557058,0.51207376,0.33699855,0.2205025,-0.45864344,-0.38886413,-0.7317497
../data/train_data_mmini/3/Train_0010.jpg	3	1.0,-1.0,-1.0,-1.0,-1.0,-1.0,1.0,-1.0	0.31004074,-0.25984508,-1.4054928,-0.20011722,-0.36320457,-0.73181236,0.14794499,-0.6691794
../data/train_data_mmini/3/Train_0011.jpg	3	-1.0,-1.0,1.0,-1.0,1.0,-1.0,-1.0,1.0	-0.28213707,-1.4580377,1.2058277,-0.47786358,0.6556226,-1.5885862,-0.28302714,0.6555299
../data/train_data_mmini/3/Train_0012.jpg	3	-1.0,-1.0,1.0,1.0,1.0,-1.0,-1.0,-1.0	-0.36443406,-1.1569546,1.7466557,0.21792676,0.99797034,-1.1388792,-0.64224464,-0.2278135
../data/train_data_mmini/3/Train_0013.jpg	3	1.0,1.0,-1.0,1.0,-1.0,1.0,1.0,-1.0	0.7924375,1.3167454,-1.4389868,0.55910945,-1.1056318,0.06245595,0.38805395,-0.88092446
../data/train_data_mmini/3/Train_0014.jpg	3	1.0,-1.0,-1.0,-1.0,-1.0,-1.0,1.0,-1.0	0.1856522,-0.18734421,-0.15134785,-0.16854995,-0.14404571,-0.76079506,0.011713435,-0.12135084
../data/train_data_mmini/4/Train_0015.jpg	4	1.0,-1.0,-1.0,1.0,1.0,-1.0,-1.0,1.0	0.15467857,-0.20559797,-0.054155376,0.32300174,0.020358032,-0.27653474,-0.27053806,0.09918706
../data/train_data_mmini/4/Train_0016.jpg	4	1.0,-1.0,1.0,1.0,1.0,-1.0,-1.0,-1.0	0.46806377,-0.29609367,0.7054569,0.027952215,0.058847673,-0.9030838,-0.43491235,-0.19415592
../data/train_data_mmini/4/Train_0017.jpg	4	1.0,1.0,-1.0,1.0,-1.0,-1.0,-1.0,-1.0	0.42608973,0.78991467,-0.14055052,0.70577055,-0.2559703,-0.114048086,-0.21634965,-1.5043877
../data/train_data_mmini/4/Train_0018.jpg	4	1.0,-1.0,-1.0,-1.0,-1.0,-1.0,-1.0,-1.0	0.15175936,-0.14913197,-0.12184467,-0.29201463,-0.038861446,-0.6227506,-0.15424766,-0.3409733
../data/train_data_mmini/4/Train_0019.jpg	4	1.0,1.0,-1.0,1.0,-1.0,1.0,1.0,-1.0	0.5957932,1.6090649,-1.4168059,0.50283897,-1.2536621,0.43923777,0.39168566,-0.6640064
../data/train_data_mmini/5/Train_0020.jpg	5	1.0,-1.0,1.0,-1.0,1.0,-1.0,-1.0,-1.0	0.16422,-0.8268197,0.5217484,-0.044941135,0.3365723,-0.83318514,-0.2789665,-0.08242251
../data/train_data_mmini/5/Train_0021.jpg	5	1.0,-1.0,1.0,1.0,1.0,-1.0,-1.0,1.0	0.09254308,-0.25413257,0.2527466,0.08212847,0.083390124,-0.35374525,-0.08441647,0.1111009
../data/train_data_mmini/5/Train_0022.jpg	5	1.0,-1.0,-1.0,1.0,-1.0,-1.0,-1.0,-1.0	0.30349952,-0.4421867,-0.26809213,0.23643044,-0.018004114,-0.53804404,-0.1116497,-0.120132074
../data/train_data_mmini/5/Train_0023.jpg	5	-1.0,-1.0,1.0,1.0,1.0,-1.0,-1.0,-1.0	-0.07404412,-0.76759017,0.53001976,0.0062770606,0.5435064,-0.55430555,-0.34700903,-0.030417342
../data/train_data_mmini/5/Train_0024.jpg	5	-1.0,-1.0,1.0,-1.0,1.0,-1.0,-1.0,1.0	-0.26542866,-1.4982895,1.0246563,-0.068064414,0.7627449,-0.91934806,-0.51655513,0.44008586
../data/train_data_mmini/6/Train_0025.jpg	6	1.0,-1.0,1.0,-1.0,1.0,-1.0,1.0,1.0	0.08694699,-0.98837084,0.44637135,-0.34660298,0.10621155,-1.0653409,0.013463204,0.045612317
../data/train_data_mmini/6/Train_0026.jpg	6	1.0,-1.0,1.0,1.0,1.0,-1.0,-1.0,-1.0	0.008546703,-0.48769313,0.44496664,0.16298932,0.42699838,-0.74886125,-0.4552683,-0.7138957
../data/train_data_mmini/6/Train_0027.jpg	6	-1.0,-1.0,1.0,-1.0,1.0,-1.0,-1.0,-1.0	-0.02034919,-1.0292441,0.533966,-0.5327462,0.2760505,-1.4090052,-0.26691478,-0.2587235
../data/train_data_mmini/6/Train_0028.jpg	6	1.0,-1.0,1.0,-1.0,1.0,-1.0,-1.0,1.0	0.2361219,-1.0776042,0.08556495,-0.30691877,0.11750872,-1.2824798,-0.102825455,0.4683501
../data/train_data_mmini/6/Train_0029.jpg	6	1.0,1.0,-1.0,1.0,-1.0,1.0,-1.0,-1.0	0.57501364,0.5759273,-0.7763018,0.647877,-0.36872712,0.043075982,-0.112554304,-1.1720358
../data/train_data_mmini/7/Train_0030.jpg	7	1.0,1.0,1.0,1.0,1.0,-1.0,-1.0,-1.0	0.20640898,0.096342556,0.83469373,0.40990242,0.059365876,-0.3238816,-0.4670165,-0.38309953
../data/train_data_mmini/7/Train_0031.jpg	7	1.0,-1.0,1.0,1.0,-1.0,-1.0,-1.0,-1.0	0.5003285,-0.0038183834,0.06449071,0.25040814,-0.05132311,-0.60731566,-0.0686389,-1.0095303
../data/train_data_mmini/7/Train_0032.jpg	7	1.0,-1.0,1.0,-1.0,1.0,-1.0,-1.0,1.0	0.027383663,-0.6779737,0.7438106,-0.59287447,0.050584026,-1.1935265,-0.1136662,0.09919833
../data/train_data_mmini/7/Train_0033.jpg	7	-1.0,-1.0,1.0,-1.0,1.0,-1.0,-1.0,-1.0	-0.20304638,-0.8396213,1.1657158,-0.03680236,0.6650973,-0.6508794,-0.7713627,-0.5325424
../data/train_data_mmini/7/Train_0034.jpg	7	-1.0,-1.0,1.0,-1.0,1.0,-1.0,1.0,1.0	-0.44827372,-2.4045572,1.071829,-1.4451166,0.6679235,-2.2837803,0.099672444,1.3464003
../data/train_data_mmini/8/Train_0035.jpg	8	1.0,-1.0,-1.0,1.0,-1.0,-1.0,-1.0,-1.0	0.30414867,-0.09365123,-0.2475327,0.16185135,-0.093040876,-0.32705867,-0.19189535,-0.52990663
../data/train_data_mmini/8/Train_0036.jpg	8	1.0,-1.0,1.0,1.0,-1.0,-1.0,-1.0,-1.0	0.2875803,-0.27360833,0.11373136,0.06268839,-0.06698131,-0.58340627,-0.22873159,-0.45866218
../data/train_data_mmini/8/Train_0037.jpg	8	-1.0,-1.0,1.0,-1.0,1.0,-1.0,-1.0,-1.0	-0.011889085,-1.121044,0.697107,-0.15569916,0.4570806,-1.138937,-0.31271216,-0.034347076
../data/train_data_mmini/8/Train_0038.jpg	8	1.0,-1.0,-1.0,1.0,-1.0,-1.0,-1.0,-1.0	0.5355671,-0.25037998,-0.18227592,0.04713557,-0.19300085,-0.6524291,-0.068424754,-0.36059976
../data/train_data_mmini/8/Train_0039.jpg	8	1.0,-1.0,-1.0,1.0,-1.0,-1.0,-1.0,-1.0	0.24492489,-0.073872186,-0.017782712,0.24384436,-0.009413058,-0.39094123,-0.23310898,-0.57756484
../data/train_data_mmini/9/Train_0040.jpg	9	1.0,-1.0,-1.0,1.0,1.0,-1.0,-1.0,1.0	0.23173389,-0.5491038,-0.021774733,0.24577934,0.10510642,-0.5394031,-0.19054773,0.18482773
../data/train_data_mmini/9/Train_0041.jpg	9	1.0,-1.0,1.0,-1.0,1.0,-1.0,-1.0,-1.0	0.10902087,-0.9143411,0.6157047,-0.5195757,0.1687119,-1.3490663,-0.07709395,-0.28370616
../data/train_data_mmini/9/Train_0042.jpg	9	1.0,-1.0,1.0,1.0,1.0,-1.0,-1.0,1.0	0.09783979,-0.87149376,0.031064486,0.10739646,0.21860468,-0.86736906,-0.094391786,0.47947732
../data/train_data_mmini/9/Train_0043.jpg	9	1.0,1.0,-1.0,1.0,-1.0,1.0,1.0,-1.0	0.38732257,0.23101957,-0.87744075,0.37910876,-0.42964387,0.013255695,0.044435594,-0.35718915
../data/train_data_mmini/9/Train_0044.jpg	9	1.0,1.0,-1.0,1.0,-1.0,-1.0,-1.0,-1.0	0.30776155,0.16533123,-0.11756726,0.4909267,-0.05882334,-0.19748394,-0.2110167,-0.82485163
../data/train_data_mmini/10/Train_0045.jpg	10	1.0,-1.0,-1.0,-1.0,-1.0,-1.0,-1.0,-1.0	0.18543975,-0.14125407,-0.019859577,-0.13100447,-0.20103237,-0.57763004,-0.06992952,-0.47017744
../data/train_data_mmini/10/Train_0046.jpg	10	1.0,-1.0,-1.0,1.0,1.0,-1.0,-1.0,-1.0	0.14733924,-0.22046588,-0.059947636,0.046700396,0.026219612,-0.59927094,-0.21502335,-0.21628217
../data/train_data_mmini/10/Train_0047.jpg	10	1.0,-1.0,-1.0,-1.0,-1.0,-1.0,1.0,-1.0	0.38274306,-0.31099463,-0.4300482,-0.251554,-0.31958628,-0.81940377,0.21898526,-0.009723383
../data/train_data_mmini/10/Train_0048.jpg	10	1.0,-1.0,1.0,-1.0,-1.0,-1.0,-1.0,1.0	0.26004922,-0.6048583,0.27267668,-0.30911803,-0.17155713,-0.8887044,-0.004898901,0.09094156
../data/train_data_mmini/10/Train_0049.jpg	10	1.0,-1.0,-1.0,1.0,-1.0,-1.0,-1.0,-1.0	0.23678601,-0.41567075,-0.16102025,0.006427741,-0.019985253,-0.6345746,-0.097205885,-0.22285332
