../data/train_data_mmini/1/Train_0000.jpg	1	1.0,1.0,-1.0,1.0,1.0,-1.0,-1.0,1.0,-1.0,1.0,-1.0,1.0	0.4900899,1.1775011,-1.0796003,1.0925295,0.6271706,-0.9379795,-0.1344543,0.06524741,-0.39442396,0.9339096,-0.30426973,0.17865609
../data/train_data_mmini/1/Train_0001.jpg	1	1.0,1.0,-1.0,1.0,1.0,-1.0,-1.0,1.0,-1.0,1.0,-1.0,1.0	0.24712849,1.3926978,-1.0487032,0.91314495,0.73005897,-0.6676451,-0.2890007,0.009579053,-0.34281588,0.9420555,-0.14903319,0.22028531
../data/train_data_mmini/1/Train_0002.jpg	1	1.0,1.0,-1.0,1.0,1.0,-1.0,-1.0,-1.0,-1.0,1.0,-1.0,1.0	0.26752964,1.233269,-0.77065736,0.7195957,0.7615472,-0.76946074,-0.06865948,-0.2835647,-0.52635455,0.7103211,-0.09099334,0.007828425
../data/train_data_mmini/1/Train_0003.jpg	1	1.0,1.0,-1.0,1.0,1.0,-1.0,-1.0,1.0,-1.0,1.0,-1.0,1.0	0.5712002,1.068227,-1.1047819,1.1002139,0.69412476,-0.93251693,-0.14949332,0.14964221,-0.4073845,1.0791155,-0.38357997,0.183598
../data/train_data_mmini/1/Train_0004.jpg	1	1.0,1.0,-1.0,1.0,1.0,-1.0,-1.0,1.0,-1.0,1.0,-1.0,1.0	0.46714267,1.0892317,-0.99732924,0.8820682,0.68690693,-0.9149928,-0.19812827,0.093648665,-0.38253093,1.0223426,-0.37206447,0.15693696
../data/train_data_mmini/2/Train_0005.jpg	2	1.0,1.0,-1.0,1.0,1.0,-1.0,-1.0,1.0,-1.0,1.0,-1.0,-1.0	0.23251131,1.1070216,-0.8031266,0.46076447,0.7242602,-0.4262086,-0.34867448,0.023636928,-0.18161036,1.1011944,-0.2354821,-0.17949982
../data/train_data_mmini/2/Train_0006.jpg	2	-1.0,1.0,-1.0,1.0,1.0,-1.0,-1.0,-1.0,-1.0,1.0,1.0,-1.0	-0.21784449,2.3639424,-1.2851288,0.50553894,0.25331846,-0.963709,-0.5521867,-0.06641544,-0.5636706,0.5014727,0.07009066,-0.34652886
../data/train_data_mmini/2/Train_0007.jpg	2	1.0,1.0,-1.0,1.0,1.0,-1.0,-1.0,-1.0,-1.0,1.0,-1.0,1.0	0.7134777,1.0370715,-1.1563131,1.0054706,0.62415314,-1.156812,-0.17723446,-0.12371618,-0.5462928,0.83406067,-0.209818,0.2630703
../data/train_data_mmini/2/Train_0008.jpg	2	1.0,1.0,-1.0,1.0,1.0,-1.0,-1.0,-1.0,-1.0,1.0,1.0,-1.0	0.10626606,1.6429896,-0.8612112,0.78399414,0.56029207,-1.0281963,-0.34161186,-0.37248367,-0.5549822,0.7590067,0.011888152,-0.01337703
../data/train_data_mmini/2/Train_0009.jpg	2	1.0,1.0,-1.0,1.0,1.0,-1.0,-1.0,1.0,-1.0,1.0,-1.0,1.0	0.26393864,1.283565,-1.2286932,0.8851971,0.55826825,-0.8203753,-0.31776297,0.04568874,-0.3816756,0.8795046,-0.17692894,0.17428689
../data/train_data_mmini/3/Train_0010.jpg	3	1.0,1.0,-1.0,1.0,1.0,-1.0,-1.0,-1.0,-1.0,1.0,1.0,1.0	0.008452244,1.1892037,-0.91767323,0.16345517,0.4040255,-0.61432874,-0.7225243,-0.43759936,-0.54735285,0.39796758,0.24502993,0.09925989
../data/train_data_mmini/3/Train_0011.jpg	3	1.0,1.0,1.0,1.0,1.0,1.0,-1.0,-1.0,-1.0,1.0,-1.0,-1.0	0.48372665,0.36191764,0.20107481,0.503229,1.5283612,0.15719236,-0.09151726,-0.42828137,-0.003395506,1.436584,-0.3565048,-0.008111377
../data/train_data_mmini/3/Train_0012.jpg	3	1.0,1.0,-1.0,1.0,1.0,-1.0,-1.0,1.0,-1.0,1.0,-1.0,1.0	0.25775135,1.0583766,-0.60456544,0.58443826,1.1452864,-0.4114703,-0.06870025,0.31913173,-0.07689787,1.2330976,-0.7197827,0.20531894
../data/train_data_mmini/3/Train_0013.jpg	3	-1.0,1.0,-1.0,1.0,1.0,-1.0,-1.0,-1.0,-1.0,1.0,1.0,-1.0	-0.2669933,2.822387,-0.9238013,0.5363574,0.62636673,-1.217016,-0.50189704,-0.2810623,-1.0136713,0.35607257,0.20212352,-0.28339583
../data/train_data_mmini/3/Train_0014.jpg	3	1.0,1.0,-1.0,1.0,1.0,-1.0,-1.0,-1.0,-1.0,1.0,-1.0,-1.0	0.12739184,1.4318366,-0.77546287,0.5104379,0.88992083,-0.4673203,-0.44275475,-0.27623868,-0.4797014,1.0764852,-0.14538068,-0.1528594
../data/train_data_mmini/4/Train_0015.jpg	4	1.0,1.0,-1.0,1.0,1.0,-1.0,-1.0,-1.0,-1.0,1.0,-1.0,1.0	0.27746457,1.540698,-1.0856925,0.8249659,0.5875526,-1.0897523,-0.112671964,-0.13830937,-0.71061075,0.80089957,-0.358028,0.038731974
../data/train_data_mmini/4/Train_0016.jpg	4	1.0,1.0,-1.0,1.0,1.0,-1.0,-1.0,-1.0,-1.0,1.0,-1.0,-1.0	0.3334919,0.9921059,-0.53677166,0.7465118,0.6668697,-0.28858575,-0.19940995,-0.07993067,-0.06263346,0.98850644,-0.10047599,-0.09604623
../data/train_data_mmini/4/Train_0017.jpg	4	-1.0,1.0,-1.0,1.0,1.0,-1.0,-1.0,-1.0,-1.0,1.0,-1.0,-1.0	-0.02235528,1.9741399,-0.95644504,0.58649105,0.6525648,-0.7116137,-0.23616193,-0.074350424,-0.2857526,0.64477444,-0.1334452,-0.16758476
../data/train_data_mmini/4/Train_0018.jpg	4	1.0,1.0,-1.0,1.0,1.0,-1.0,-1.0,-1.0,-1.0,1.0,-1.0,1.0	0.14044106,1.1162271,-0.8918865,0.2974072,0.52412015,-0.15199016,-0.34207404,-0.15714283,-0.19743867,0.73778236,-0.08628591,0.00020627247
../data/train_data_mmini/4/Train_0019.jpg	4	-1.0,1.0,-1.0,1.0,1.0,-1.0,-1.0,-1.0,-1.0,1.0,1.0,-1.0	-0.16031215,2.4129114,-0.88351095,0.38325423,0.47915512,-1.0845549,-0.49722278,-0.17917939,-0.77515984,0.5985005,0.11593235,-0.5429639
../data/train_data_mmini/5/Train_0020.jpg	5	1.0,1.0,-1.0,1.0,1.0,-1.0,-1.0,1.0,-1.0,1.0,-1.0,1.0	0.5564242,1.17963,-1.168244,0.92515963,0.6475569,-1.0745773,-0.19647585,0.021505704,-0.47204423,0.9142346,-0.23685348,0.19820563
../data/train_data_mmini/5/Train_0021.jpg	5	1.0,1.0,-1.0,1.0,1.0,-1.0,-1.0,1.0,-1.0,1.0,-1.0,1.0	0.3250051,1.3671807,-1.149307,0.924341,0.754432,-0.97031873,-0.11809795,0.042110793,-0.566465,1.059104,-0.47310573,0.10802088
../data/train_data_mmini/5/Train_0022.jpg	5	1.0,1.0,-1.0,1.0,1.0,-1.0,-1.0,-1.0,-1.0,1.0,-1.0,1.0	0.43912938,1.4106443,-1.2594405,0.9185479,0.55739737,-1.1428927,-0.30712718,-0.10921002,-0.5026294,0.7836701,-0.1577012,0.19815232
../data/train_data_mmini/5/Train_0023.jpg	5	1.0,1.0,-1.0,1.0,1.0,-1.0,-1.0,1.0,-1.0,1.0,-1.0,1.0	0.49563074,1.1090171,-1.327582,0.93815976,0.5396176,-1.085818,-0.16401045,0.1123712,-0.47062087,0.8278933,-0.28419638,0.33357403
../data/train_data_mmini/5/Train_0024.jpg	5	1.0,1.0,-1.0,1.0,1.0,-1.0,-1.0,1.0,-1.0,1.0,-1.0,1.0	0.6516573,0.8185536,-0.9117907,0.806958,0.8420785,-0.8663881,-0.10368752,0.07094037,-0.55505884,1.1233763,-0.46262175,0.11099527
../data/train_data_mmini/6/Train_0025.jpg	6	1.0,1.0,-1.0,1.0,1.0,-1.0,-1.0,-1.0,-1.0,1.0,-1.0,-1.0	0.32873416,0.8820555,-0.3525575,0.25840783,1.2379363,-0.18413328,-0.57899606,-0.102461345,-0.400824,1.276993,-0.16991836,-0.3634941
../data/train_data_mmini/6/Train_0026.jpg	6	1.0,1.0,-1.0,1.0,1.0,-1.0,-1.0,-1.0,-1.0,1.0,1.0,1.0	0.42244196,1.6157432,-1.2879496,0.7469349,0.74053335,-0.75759315,-0.33000922,-0.1053927,-0.56347096,0.5935433,0.09538216,0.2000864
../data/train_data_mmini/6/Train_0027.jpg	6	1.0,1.0,-1.0,1.0,1.0,1.0,-1.0,-1.0,-1.0,1.0,1.0,-1.0	0.27467042,0.57893854,-0.37418666,0.44706696,0.9219735,0.17669262,-0.5303043,-0.14399756,-0.06528396,1.3162168,0.04925657,-0.14502938
../data/train_data_mmini/6/Train_0028.jpg	6	1.0,1.0,-1.0,1.0,1.0,-1.0,-1.0,-1.0,-1.0,1.0,-1.0,-1.0	0.40196255,0.9152079,-0.52747065,0.65255827,1.003375,-0.34230262,-0.19693755,-0.37304634,-0.2341202,1.1628374,-0.110815935,-0.07430007
../data/train_data_mmini/6/Train_0029.jpg	6	1.0,1.0,-1.0,1.0,1.0,-1.0,-1.0,-1.0,-1.0,1.0,1.0,-1.0	0.11617268,1.492126,-0.7614679,0.4584968,0.65939945,-0.8917592,-0.48581904,-0.14635791,-0.5869852,0.71619076,0.0024380148,-0.13060685
../data/train_data_mmini/7/Train_0030.jpg	7	1.0,1.0,-1.0,1.0,1.0,-1.0,-1.0,1.0,-1.0,1.0,-1.0,-1.0	0.3237978,1.4934858,-1.104497,1.0339957,0.6496683,-0.80387014,-0.19891869,0.15669237,-0.37280393,1.097333,-0.2959395,-0.05558734
../data/train_data_mmini/7/Train_0031.jpg	7	1.0,1.0,-1.0,1.0,1.0,-1.0,-1.0,-1.0,-1.0,1.0,-1.0,1.0	0.22831663,1.840093,-1.2535865,0.69768316,0.73340386,-0.8662391,-0.46774286,-0.10370124,-0.5210415,0.8329083,-0.08339804,0.014273803
../data/train_data_mmini/7/Train_0032.jpg	7	1.0,1.0,-1.0,1.0,1.0,1.0,-1.0,-1.0,-1.0,1.0,-1.0,-1.0	0.31891155,0.7390442,-0.30303058,0.43084502,1.2086875,0.0011661754,-0.25462925,-0.18388559,-0.26967788,1.4836687,-0.340869,-0.17666493
../data/train_data_mmini/7/Train_0033.jpg	7	1.0,1.0,-1.0,1.0,1.0,-1.0,-1.0,1.0,-1.0,1.0,-1.0,-1.0	0.42860773,0.62109274,-0.9895076,0.64631176,0.7265974,-0.40905616,-0.27905154,0.12328672,-0.1442013,1.2171135,-0.28163177,-0.032120038
../data/train_data_mmini/7/Train_0034.jpg	7	1.0,-1.0,1.0,1.0,1.0,1.0,-1.0,-1.0,-1.0,1.0,-1.0,-1.0	0.51499003,-0.25550756,0.65419644,0.03891586,1.7365752,0.59112126,-0.36031955,-0.5403518,-0.211011,1.9843377,-0.3632815,-0.28491756
../data/train_data_mmini/8/Train_0035.jpg	8	1.0,1.0,-1.0,1.0,1.0,-1.0,-1.0,-1.0,-1.0,1.0,-1.0,1.0	0.14818186,1.339059,-0.9949374,0.64459425,0.6620808,-0.7174996,-0.38082886,-0.09257389,-0.42566746,0.9698792,-0.22029752,0.06134517
../data/train_data_mmini/8/Train_0036.jpg	8	1.0,1.0,-1.0,1.0,1.0,-1.0,-1.0,-1.0,-1.0,1.0,-1.0,-1.0	0.26967844,1.3600246,-1.1489894,0.5831442,0.72313184,-0.5678381,-0.44156367,-0.16399194,-0.36846477,0.9186297,-0.10942375,-0.04237773
../data/train_data_mmini/8/Train_0037.jpg	8	1.0,1.0,-1.0,1.0,1.0,-1.0,-1.0,-1.0,-1.0,1.0,-1.0,1.0	0.46513438,1.006322,-0.69452083,0.7001044,0.9812612,-0.459159,-0.21939419,-0.26233506,-0.41867578,1.0414766,-0.08277779,0.0062751877
../data/train_data_mmini/8/Train_0038.jpg	8	1.0,1.0,-1.0,1.0,1.0,-1.0,-1.0,-1.0,-1.0,1.0,-1.0,1.0	0.274125,1.7244029,-0.9982414,0.8520908,0.7693584,-0.97589964,-0.39418387,-0.29802316,-0.66426826,1.0257211,-0.073974244,0.059493463
../data/train_data_mmini/8/Train_0039.jpg	8	1.0,1.0,-1.0,1.0,1.0,-1.0,-1.0,-1.0,-1.0,1.0,-1.0,-1.0	0.09778602,1.2914441,-0.91749465,0.532479,0.5958634,-0.6987976,-0.3473794,-0.047321923,-0.35159218,0.8690615,-0.23565006,-0.076547675
../data/train_data_mmini/9/Train_0040.jpg	9	1.0,1.0,-1.0,1.0,1.0,-1.0,-1.0,-1.0,-1.0,1.0,-1.0,1.0	0.4344795,1.360965,-1.0793822,0.97333604,0.69208527,-1.1700008,-0.14486192,-0.043008573,-0.5959666,0.8975747,-0.29439443,0.109292544
../data/train_data_mmini/9/Train_0041.jpg	9	1.0,1.0,-1.0,1.0,1.0,-1.0,-1.0,-1.0,1.0,1.0,-1.0,-1.0	0.46406114,0.7129206,-0.49795416,0.47042423,1.0550544,-0.043275345,-0.33672392,-0.031079123,0.07662069,1.3173751,-0.26097715,-0.04012649
../data/train_data_mmini/9/Train_0042.jpg	9	1.0,1.0,-1.0,1.0,1.0,-1.0,-1.0,-1.0,-1.0,1.0,-1.0,1.0	0.4381722,1.3043362,-0.82864517,0.73543006,0.79168874,-1.0424129,-0.10080444,-0.22792979,-0.7694472,0.74490505,-0.24708712,0.07536171
../data/train_data_mmini/9/Train_0043.jpg	9	1.0,1.0,-1.0,1.0,1.0,-1.0,-1.0,-1.0,-1.0,1.0,-1.0,1.0	0.19939771,1.8563452,-1.3846974,0.8318805,0.46202886,-1.2281289,-0.35535634,-0.15799709,-0.6620543,0.6521534,-0.023345226,0.037421476
../data/train_data_mmini/9/Train_0044.jpg	9	1.0,1.0,-1.0,1.0,1.0,-1.0,-1.0,1.0,-1.0,1.0,-1.0,-1.0	0.07719902,1.6601099,-1.1444069,0.79483813,0.5544901,-1.1384493,-0.29059643,0.09644913,-0.65403855,0.79874694,-0.18334907,-0.06191473
../data/train_data_mmini/10/Train_0045.jpg	10	1.0,1.0,-1.0,1.0,1.0,1.0,-1.0,-1.0,-1.0,1.0,-1.0,-1.0	0.041710116,0.91908383,-0.22138423,0.12832354,0.87073237,0.22012533,-0.6503916,-0.11831678,-0.060920842,1.1760054,-0.15659654,-0.3917203
../data/train_data_mmini/10/Train_0046.jpg	10	1.0,1.0,-1.0,1.0,1.0,-1.0,-1.0,-1.0,-1.0,1.0,1.0,-1.0	0.011668272,0.90376794,-0.18838006,0.42787606,0.6637239,-0.43674818,-0.23918138,-0.22765727,-0.39960212,0.68057054,0.10510171,-0.21687599
../data/train_data_mmini/10/Train_0047.jpg	10	1.0,1.0,-1.0,1.0,1.0,-1.0,-1.0,-1.0,-1.0,1.0,-1.0,-1.0	0.13339686,1.4810101,-0.6720759,0.3946951,1.0089859,-0.45846173,-0.5175656,-0.23276241,-0.5329641,1.1658369,-0.15752459,-0.3279299
../data/train_data_mmini/10/Train_0048.jpg	10	1.0,1.0,-1.0,1.0,1.0,-1.0,-1.0,1.0,-1.0,1.0,-1.0,-1.0	0.047914453,1.1566746,-0.2909765,0.23306112,0.90594506,-0.5012534,-0.51821256,0.022394171,-0.2573154,1.279389,-0.30376416,-0.44432768
../data/train_data_mmini/10/Train_0049.jpg	10	1.0,1.0,-1.0,1.0,1.0,-1.0,-1.0,-1.0,-1.0,1.0,-1.0,1.0	0.18066508,1.2276266,-0.7395121,0.51500183,0.7534555,-0.59554386,-0.40815026,-0.23857333,-0.4749118,0.83920354,-0.09802871,0.038566124
