../data/train_data_mmini/1/Train_0000.jpg	1	1.0,-1.0,-1.0,1.0,1.0,-1.0,1.0,-1.0,-1.0,1.0,-1.0,-1.0,-1.0,-1.0,1.0,1.0,1.0,-1.0,-1.0,1.0,1.0,1.0,-1.0,1.0	0.12878492,-0.06842865,-0.13104837,0.020398887,0.081045486,-0.03815179,0.13847426,-0.08186994,-0.062034696,0.09932791,-0.029957099,-0.16305222,-0.13561933,-0.005686052,0.23217282,0.0802231,0.0118957395,-0.08763396,-0.14140503,0.18279521,0.17393775,0.13598652,-0.0048491433,0.18929403
../data/train_data_mmini/1/Train_0001.jpg	1	1.0,1.0,-1.0,1.0,1.0,-1.0,1.0,-1.0,1.0,1.0,-1.0,-1.0,-1.0,-1.0,1.0,1.0,1.0,-1.0,-1.0,1.0,1.0,1.0,-1.0,1.0	0.21729062,0.005497907,-0.15839283,0.08328675,0.16771907,-0.080681935,0.0979112,-0.081779785,0.022112373,0.05937596,-0.031634524,-0.15430708,-0.22624463,-0.07063936,0.3025215,0.053071897,0.015259382,-0.056585535,-0.14485456,0.19696905,0.24508916,0.18844485,-0.016048223,0.24539937
../data/train_data_mmini/1/Train_0002.jpg	1	1.0,-1.0,-1.0,-1.0,1.0,-1.0,1.0,-1.0,-1.0,1.0,-1.0,-1.0,-1.0,-1.0,1.0,1.0,1.0,-1.0,-1.0,1.0,1.0,1.0,-1.0,1.0	0.17818244,-0.095593505,-0.097010784,-0.01582166,0.094690114,-0.020136783,0.18723722,-0.09997979,-0.08729147,0.05345011,-0.030920196,-0.20622014,-0.08288559,-0.008279134,0.24308205,0.019528128,0.036401395,-0.08823621,-0.11089127,0.1732484,0.16536734,0.16456556,-0.008139886,0.16388868
../data/train_data_mmini/1/Train_0003.jpg	1	1.0,-1.0,-1.0,1.0,1.0,-1.0,1.0,-1.0,-1.0,1.0,-1.0,-1.0,-1.0,-1.0,1.0,1.0,-1.0,-1.0,-1.0,1.0,1.0,1.0,-1.0,1.0	0.13994819,-0.018977776,-0.120942414,0.014822932,0.12016184,-0.030500662,0.15197663,-0.07635592,-0.08852916,0.092616476,-0.05182189,-0.18928212,-0.21252102,-0.010911778,0.2665178,0.09869892,-0.0053192102,-0.092601635,-0.15028508,0.17470773,0.16160032,0.15509348,-0.006870572,0.20645589
../data/train_data_mmini/1/Train_0004.jpg	1	1.0,-1.0,-1.0,1.0,1.0,-1.0,1.0,-1.0,-1.0,1.0,-1.0,-1.0,-1.0,-1.0,1.0,1.0,1.0,-1.0,-1.0,1.0,1.0,1.0,-1.0,1.0	0.12965254,-0.06331585,-0.10910584,0.034987178,0.11528126,-0.014767174,0.13972643,-0.098873705,-0.10699715,0.12427494,-0.034019005,-0.16199158,-0.14394821,-0.01102807,0.24528399,0.1008449,0.014843198,-0.10584245,-0.15296644,0.19824173,0.1150434,0.13292554,-0.008897017,0.2173245
../data/train_data_mmini/2/Train_0005.jpg	2	1.0,-1.0,-1.0,1.0,1.0,-1.0,1.0,-1.0,-1.0,1.0,-1.0,-1.0,-1.0,-1.0,1.0,1.0,1.0,-1.0,-1.0,1.0,1.0,1.0,-1.0,1.0	0.22343905,-0.02421007,-0.1479752,0.044294894,0.16503008,-0.010814076,0.15183109,-0.06587319,-0.030560793,0.0840568,-0.033073243,-0.22421083,-0.20722955,-0.021072295,0.25110668,0.07275245,0.072082564,-0.10093806,-0.10412449,0.24959086,0.24929552,0.19791842,-0.0045535704,0.2380591
../data/train_data_mmini/2/Train_0006.jpg	2	1.0,-1.0,-1.0,-1.0,1.0,-1.0,1.0,-1.0,-1.0,1.0,-1.0,-1.0,-1.0,-1.0,1.0,1.0,-1.0,-1.0,-1.0,1.0,1.0,1.0,1.0,1.0	0.2019624,-0.08999019,-0.19230033,-0.02942386,0.116911665,-0.058760148,0.18396734,-0.16021472,-0.14487983,0.039518677,-0.061590966,-0.25086975,-0.22810441,-0.013830742,0.2967018,0.107901305,-0.036609538,-0.11388396,-0.15830892,0.13360621,0.18505839,0.11774287,0.029806904,0.25402752
../data/train_data_mmini/2/Train_0007.jpg	2	1.0,-1.0,-1.0,1.0,1.0,1.0,1.0,-1.0,-1.0,1.0,-1.0,-1.0,-1.0,-1.0,1.0,1.0,-1.0,-1.0,-1.0,1.0,1.0,1.0,1.0,1.0	0.17244644,-0.06199202,-0.11286293,0.05174037,0.06916576,0.0062258784,0.13544211,-0.107281856,-0.08155759,0.086040474,-0.040331498,-0.18326972,-0.1993614,-0.01435568,0.24756774,0.07539571,-0.0078506395,-0.092659816,-0.17355703,0.16918325,0.13971226,0.107751675,0.007914921,0.2038643
../data/train_data_mmini/2/Train_0008.jpg	2	1.0,-1.0,-1.0,1.0,1.0,-1.0,1.0,-1.0,-1.0,1.0,-1.0,-1.0,-1.0,-1.0,1.0,1.0,1.0,-1.0,-1.0,1.0,1.0,1.0,-1.0,1.0	0.19464003,-0.118182205,-0.12196748,0.016137863,0.13535006,-0.06111059,0.1262312,-0.13860607,-0.020580662,0.031158887,-0.03930592,-0.17126752,-0.17225054,-0.04823203,0.28670228,0.09207112,0.03916771,-0.100238375,-0.14775768,0.1884263,0.24359424,0.16664115,-0.016871829,0.26261088
../data/train_data_mmini/2/Train_0009.jpg	2	1.0,-1.0,-1.0,1.0,1.0,-1.0,1.0,-1.0,-1.0,1.0,-1.0,-1.0,-1.0,-1.0,1.0,1.0,1.0,-1.0,-1.0,1.0,1.0,1.0,1.0,1.0	0.21844484,-0.09714771,-0.17752096,0.029437726,0.1551898,-0.0742253,0.15038754,-0.12869355,-0.04999495,0.07419281,-0.04022908,-0.25451195,-0.16738336,-0.101678215,0.30338615,0.13201085,0.013162333,-0.13215247,-0.2157073,0.2076462,0.17144208,0.16134812,0.031966563,0.30340225
../data/train_data_mmini/3/Train_0010.jpg	3	1.0,-1.0,-1.0,1.0,1.0,-1.0,1.0,-1.0,-1.0,1.0,-1.0,-1.0,-1.0,-1.0,1.0,1.0,1.0,-1.0,-1.0,1.0,1.0,1.0,-1.0,1.0	0.26486462,-0.024301525,-0.123276524,0.066633575,0.16350222,-0.03588922,0.11190021,-0.1935713,-0.051428206,0.07764484,-0.028373525,-0.115574844,-0.27982244,-0.0742496,0.27896443,0.11159098,0.0277492,-0.037107714,-0.13210854,0.21351305,0.25281855,0.20298338,-0.004367732,0.30830392
../data/train_data_mmini/3/Train_0011.jpg	3	1.0,-1.0,-1.0,1.0,1.0,-1.0,1.0,-1.0,1.0,1.0,-1.0,-1.0,-1.0,1.0,1.0,1.0,1.0,-1.0,-1.0,1.0,1.0,1.0,-1.0,1.0	0.21074058,-0.076482825,-0.032031205,0.022813493,0.14226767,-0.010082634,0.102616884,-0.11766689,0.04091082,0.04379575,-0.06432111,-0.16262017,-0.16925505,0.03750147,0.3287659,0.06159002,0.025985332,-0.01502992,-0.086968035,0.14501478,0.18088019,0.19826342,-0.018413574,0.19047591
../data/train_data_mmini/3/Train_0012.jpg	3	1.0,1.0,-1.0,1.0,1.0,-1.0,1.0,-1.0,-1.0,1.0,-1.0,-1.0,-1.0,-1.0,1.0,1.0,1.0,-1.0,-1.0,1.0,1.0,1.0,1.0,1.0	0.267543,0.014834784,-0.17925477,0.01006671,0.18542889,-0.06643676,0.17355675,-0.04984299,-0.0766298,0.11497222,-0.10430426,-0.20482227,-0.2208071,-0.03719894,0.39341798,0.11902488,0.05183672,-0.1068444,-0.106189445,0.19744307,0.15994756,0.1716245,0.019331213,0.261728
../data/train_data_mmini/3/Train_0013.jpg	3	1.0,-1.0,-1.0,1.0,1.0,-1.0,1.0,-1.0,-1.0,1.0,-1.0,-1.0,-1.0,-1.0,1.0,1.0,1.0,-1.0,-1.0,1.0,1.0,1.0,1.0,1.0	0.18427113,-0.036471024,-0.20338528,0.0555409,0.18373708,-0.06306722,0.18945618,-0.19878025,-0.07884941,0.028003048,-0.045053814,-0.27208677,-0.18739396,-0.063805155,0.3385965,0.061554823,0.054957714,-0.11128713,-0.10002358,0.1903946,0.29246742,0.20317659,0.0367503,0.32789755
../data/train_data_mmini/3/Train_0014.jpg	3	1.0,-1.0,-1.0,1.0,1.0,-1.0,1.0,-1.0,1.0,1.0,-1.0,-1.0,-1.0,-1.0,1.0,1.0,1.0,-1.0,-1.0,1.0,1.0,1.0,-1.0,1.0	0.19227907,-0.058681663,-0.1672329,0.078577265,0.1566842,-0.031439748,0.14817484,-0.16463207,0.00011262583,0.05170268,-0.01667799,-0.18112947,-0.22698306,-0.0962234,0.29028976,0.085578896,0.04657935,-0.111275405,-0.07550378,0.23304681,0.29398242,0.19760358,-0.02027604,0.29484653
../data/train_data_mmini/4/Train_0015.jpg	4	1.0,-1.0,-1.0,1.0,1.0,-1.0,1.0,-1.0,-1.0,1.0,-1.0,-1.0,-1.0,-1.0,1.0,1.0,1.0,-1.0,-1.0,1.0,1.0,1.0,1.0,1.0	0.1882352,-0.08534072,-0.12587452,0.042814974,0.1415893,-0.016414247,0.15855347,-0.09891706,-0.082143314,0.07997316,-0.05372721,-0.19160724,-0.1432074,-0.025401242,0.2604159,0.028343247,0.0008064235,-0.1090557,-0.1341298,0.22185832,0.18806934,0.11245155,0.018304154,0.16717327
../data/train_data_mmini/4/Train_0016.jpg	4	1.0,-1.0,-1.0,1.0,1.0,-1.0,1.0,-1.0,-1.0,1.0,-1.0,-1.0,-1.0,-1.0,1.0,1.0,1.0,-1.0,-1.0,1.0,1.0,1.0,-1.0,1.0	0.15740235,-0.07922265,-0.1998352,0.10633331,0.09190041,-0.13879743,0.16420157,-0.099582024,-0.056352172,0.10067304,-0.0079038255,-0.3048169,-0.13912478,-0.061490454,0.3006207,0.083181225,0.063843004,-0.07536538,-0.13281415,0.23357388,0.25756696,0.16325974,-0.041134723,0.2583306
../data/train_data_mmini/4/Train_0017.jpg	4	1.0,-1.0,-1.0,1.0,1.0,-1.0,1.0,-1.0,-1.0,1.0,-1.0,-1.0,-1.0,-1.0,1.0,1.0,1.0,-1.0,-1.0,1.0,1.0,1.0,1.0,1.0	0.26147863,-0.07877395,-0.23095475,0.049277302,0.10863632,-0.09435532,0.21201442,-0.08477295,-0.105687596,0.09740355,-0.054166872,-0.31262574,-0.26567632,-0.0080667995,0.3657664,0.13231303,0.059941884,-0.062338367,-0.13102973,0.20070995,0.24013497,0.21522048,0.05346631,0.3103843
../data/train_data_mmini/4/Train_0018.jpg	4	1.0,-1.0,-1.0,1.0,1.0,-1.0,1.0,-1.0,-1.0,1.0,-1.0,-1.0,-1.0,-1.0,1.0,1.0,1.0,-1.0,-1.0,1.0,1.0,1.0,1.0,1.0	0.17091548,-0.07471056,-0.14881763,0.081027314,0.13008271,-0.07513585,0.06588067,-0.12798612,-0.060774293,0.07785898,-0.0062594092,-0.1811387,-0.13009183,-0.08070231,0.2571377,0.11777573,0.08229903,-0.09849804,-0.12360911,0.21032496,0.23599906,0.14057349,0.0017031388,0.22247823
../data/train_data_mmini/4/Train_0019.jpg	4	1.0,-1.0,-1.0,1.0,1.0,-1.0,1.0,-1.0,-1.0,1.0,-1.0,-1.0,-1.0,-1.0,1.0,1.0,1.0,-1.0,-1.0,1.0,1.0,1.0,1.0,1.0	0.21770802,-0.029739773,-0.17116576,0.036248688,0.16767214,-0.043696504,0.22918642,-0.14734662,-0.16794689,0.06629514,-0.07593288,-0.26614404,-0.25939324,-0.024626642,0.33989412,0.028420521,0.037406806,-0.11976527,-0.08562675,0.1982159,0.24386023,0.17231742,0.032591574,0.27218178
../data/train_data_mmini/5/Train_0020.jpg	5	1.0,-1.0,-1.0,1.0,1.0,-1.0,1.0,-1.0,-1.0,1.0,-1.0,-1.0,-1.0,-1.0,1.0,1.0,1.0,-1.0,-1.0,1.0,1.0,1.0,-1.0,1.0	0.20354703,-0.024682777,-0.16301998,0.0025169696,0.103166625,-0.01511568,0.16848297,-0.06895031,-0.071826406,0.08825676,-0.07641811,-0.183257,-0.206971,-0.046767596,0.25640172,0.049834006,0.030897968,-0.07016882,-0.13041928,0.21987447,0.20015483,0.1538602,-0.025093246,0.24118789
../data/train_data_mmini/5/Train_0021.jpg	5	1.0,-1.0,-1.0,1.0,1.0,-1.0,1.0,-1.0,-1.0,1.0,-1.0,-1.0,-1.0,-1.0,1.0,1.0,-1.0,-1.0,-1.0,1.0,1.0,1.0,-1.0,1.0	0.15901051,-0.07190854,-0.13036592,0.011427676,0.15015446,-0.023309372,0.2187737,-0.10729708,-0.12530507,0.07333763,-0.07230113,-0.26707938,-0.18639582,-0.0052558575,0.28957283,0.07167418,-0.0048526083,-0.12300926,-0.1741127,0.16108061,0.19178653,0.15611318,-0.01591852,0.25959393
../data/train_data_mmini/5/Train_0022.jpg	5	1.0,-1.0,-1.0,1.0,1.0,-1.0,1.0,-1.0,-1.0,1.0,-1.0,-1.0,-1.0,-1.0,1.0,1.0,-1.0,-1.0,-1.0,1.0,1.0,1.0,-1.0,1.0	0.20916334,-0.05809035,-0.12716335,0.038110096,0.0906923,-0.025569517,0.17317715,-0.13214144,-0.06675627,0.056891255,-0.059307456,-0.20266819,-0.16945472,-0.055442676,0.27855262,0.061500113,-0.0036512236,-0.08066766,-0.16532233,0.22144817,0.17783971,0.0918339,-0.019620758,0.23063324
../data/train_data_mmini/5/Train_0023.jpg	5	1.0,-1.0,-1.0,-1.0,1.0,-1.0,1.0,-1.0,-1.0,1.0,-1.0,-1.0,-1.0,-1.0,1.0,1.0,-1.0,-1.0,-1.0,1.0,1.0,1.0,-1.0,1.0	0.15329094,-0.03726804,-0.09332646,-0.008106338,0.102665536,-0.050089397,0.14117324,-0.11065905,-0.1034835,0.116272904,-0.024819577,-0.1802982,-0.17076294,-0.00369607,0.29051661,0.06940235,-0.0062632984,-0.07875936,-0.17560667,0.15943623,0.13987792,0.12770665,-0.03521219,0.20018929
../data/train_data_mmini/5/Train_0024.jpg	5	1.0,-1.0,-1.0,1.0,1.0,1.0,1.0,-1.0,-1.0,1.0,-1.0,-1.0,-1.0,1.0,1.0,1.0,1.0,-1.0,-1.0,1.0,1.0,1.0,1.0,1.0	0.20214628,-0.07965899,-0.13545682,0.009170558,0.14459378,0.01149734,0.14269273,-0.052968577,-0.094304904,0.10389903,-0.040289234,-0.20535494,-0.20801419,0.014125802,0.24919611,0.080034055,0.018410098,-0.07451144,-0.11239037,0.20016722,0.13294671,0.15449767,0.011673877,0.20845072
../data/train_data_mmini/6/Train_0025.jpg	6	1.0,1.0,-1.0,-1.0,1.0,-1.0,1.0,-1.0,-1.0,1.0,-1.0,-1.0,-1.0,-1.0,1.0,1.0,1.0,-1.0,-1.0,1.0,1.0,1.0,1.0,1.0	0.20351012,0.025229814,-0.25139654,-0.0168939,0.15439825,-0.021743607,0.21161832,-0.068898514,-0.17262371,0.080128066,-0.044263933,-0.28750932,-0.24386875,-0.036532782,0.29915112,0.105174884,0.11081222,-0.19094247,-0.069999866,0.19217938,0.21640702,0.23251237,0.048415612,0.26804206
../data/train_data_mmini/6/Train_0026.jpg	6	1.0,-1.0,-1.0,1.0,1.0,-1.0,1.0,-1.0,-1.0,1.0,1.0,-1.0,-1.0,-1.0,1.0,1.0,1.0,-1.0,-1.0,1.0,1.0,1.0,1.0,1.0	0.18791364,-0.030270025,-0.1310482,0.11798341,0.09385958,-0.012051541,0.0524668,-0.10517001,-0.0062685413,0.07185589,0.03370916,-0.15057595,-0.25009698,-0.047797166,0.2564969,0.10262351,0.02306738,-0.049684476,-0.16179639,0.19923095,0.20318702,0.1477406,0.046233498,0.21032606
../data/train_data_mmini/6/Train_0027.jpg	6	1.0,1.0,-1.0,1.0,1.0,-1.0,1.0,-1.0,1.0,1.0,-1.0,-1.0,-1.0,-1.0,1.0,1.0,1.0,-1.0,-1.0,1.0,1.0,1.0,-1.0,1.0	0.2265679,0.0015111589,-0.13929585,0.08997452,0.1425872,-0.062333573,0.11494567,-0.11327775,0.0071830414,0.04923304,-0.0036461432,-0.15124111,-0.15907903,-0.122437656,0.27130356,0.06358108,0.005460964,-0.039557822,-0.06042768,0.23151635,0.24294604,0.17813246,-0.031255897,0.25114715
../data/train_data_mmini/6/Train_0028.jpg	6	1.0,-1.0,-1.0,1.0,1.0,-1.0,1.0,-1.0,-1.0,1.0,-1.0,-1.0,-1.0,-1.0,1.0,1.0,1.0,-1.0,-1.0,1.0,1.0,1.0,-1.0,1.0	0.15315913,-0.11508036,-0.092440724,0.046459783,0.15332238,-0.009105653,0.12486342,-0.106009275,-0.0512166,0.05740854,-0.031243622,-0.15296295,-0.123576134,-0.06265656,0.25196818,0.058003236,0.009078945,-0.0855678,-0.11906326,0.21301883,0.16985069,0.17138103,-0.004324699,0.22299027
../data/train_data_mmini/6/Train_0029.jpg	6	1.0,-1.0,-1.0,-1.0,1.0,-1.0,1.0,-1.0,-1.0,1.0,-1.0,-1.0,-1.0,1.0,1.0,1.0,1.0,-1.0,-1.0,1.0,1.0,1.0,1.0,1.0	0.20282662,-0.04896419,-0.18933445,-0.0356065,0.12017757,-0.058603477,0.21110988,-0.10262756,-0.08073219,0.06584488,-0.02450674,-0.28728834,-0.17604089,0.0070248777,0.2861679,0.0710527,0.050552867,-0.14528462,-0.13315584,0.12152498,0.16137682,0.18578675,0.031805694,0.23430966
../data/train_data_mmini/7/Train_0030.jpg	7	1.0,-1.0,-1.0,1.0,1.0,-1.0,1.0,-1.0,-1.0,1.0,-1.0,-1.0,-1.0,-1.0,1.0,1.0,1.0,-1.0,-1.0,1.0,1.0,1.0,1.0,1.0	0.25299066,-0.055727344,-0.19982971,0.062038768,0.15626448,-0.042962585,0.18124081,-0.11012914,-0.06445286,0.06801516,-0.060610376,-0.2653627,-0.23269883,-0.08746316,0.3476377,0.11249497,0.033538572,-0.13203983,-0.18353899,0.2574209,0.22377427,0.12501475,0.034880944,0.30096933
../data/train_data_mmini/7/Train_0031.jpg	7	1.0,-1.0,-1.0,1.0,1.0,-1.0,1.0,-1.0,-1.0,1.0,-1.0,-1.0,-1.0,-1.0,1.0,1.0,1.0,-1.0,-1.0,1.0,1.0,1.0,1.0,1.0	0.24742655,-0.050960746,-0.2660096,0.04285706,0.1792276,-0.088281326,0.15876745,-0.12610346,-0.05728992,0.09768173,-0.014354183,-0.31162056,-0.2191928,-0.072117865,0.33298436,0.10173158,0.11431817,-0.123444214,-0.14831132,0.3048855,0.26035878,0.22447832,0.0320591,0.31455398
../data/train_data_mmini/7/Train_0032.jpg	7	1.0,-1.0,-1.0,1.0,1.0,-1.0,1.0,-1.0,-1.0,1.0,-1.0,-1.0,-1.0,-1.0,1.0,1.0,1.0,-1.0,-1.0,1.0,1.0,1.0,1.0,1.0	0.27967384,-0.032701846,-0.22097343,0.15480134,0.2678327,-0.030632313,0.1889172,-0.12811753,-0.03256434,0.09014787,-0.054054197,-0.30891472,-0.23082364,-0.18597049,0.3748795,0.09126904,0.08015325,-0.052811347,-0.057953425,0.31212077,0.36424258,0.2526555,0.015234609,0.328552
../data/train_data_mmini/7/Train_0033.jpg	7	1.0,-1.0,-1.0,1.0,1.0,-1.0,1.0,-1.0,-1.0,1.0,-1.0,-1.0,-1.0,-1.0,1.0,1.0,1.0,-1.0,-1.0,1.0,1.0,1.0,1.0,1.0	0.24734214,-0.040702365,-0.16804965,0.08042621,0.12376782,-0.04901492,0.13869421,-0.096040756,-0.061139014,0.109319076,-0.041998502,-0.18673351,-0.24582022,-0.09222694,0.273566,0.12815118,0.0039855544,-0.062414642,-0.15597351,0.22290273,0.15736997,0.20594203,0.0062324493,0.28770554
../data/train_data_mmini/7/Train_0034.jpg	7	1.0,-1.0,-1.0,1.0,1.0,1.0,1.0,-1.0,-1.0,1.0,-1.0,-1.0,-1.0,1.0,1.0,1.0,1.0,-1.0,-1.0,1.0,1.0,1.0,1.0,1.0	0.15526928,-0.073942475,-0.06439753,0.095803015,0.21002758,0.03101362,0.1270421,-0.13850293,-0.049415946,0.13221419,-0.065421,-0.17563537,-0.23674506,0.0058619315,0.32775784,0.09505341,0.056880914,-0.0033534572,-0.06609587,0.18592724,0.21401049,0.25057635,0.020409081,0.2766746
../data/train_data_mmini/8/Train_0035.jpg	8	1.0,-1.0,-1.0,1.0,1.0,1.0,1.0,-1.0,-1.0,1.0,-1.0,-1.0,-1.0,-1.0,1.0,1.0,1.0,-1.0,-1.0,1.0,1.0,1.0,1.0,1.0	0.20096155,-0.05587025,-0.1506574,0.028837616,0.14680415,0.0039676633,0.16728558,-0.10474151,-0.03225081,0.07135143,-0.04941232,-0.15551388,-0.18333828,-0.09557454,0.2771412,0.08873478,0.012362409,-0.1202488,-0.13832822,0.22587678,0.18511958,0.13060488,0.050603464,0.2965081
../data/train_data_mmini/8/Train_0036.jpg	8	1.0,-1.0,-1.0,1.0,1.0,-1.0,1.0,-1.0,-1.0,1.0,-1.0,-1.0,-1.0,-1.0,1.0,1.0,1.0,-1.0,-1.0,1.0,1.0,1.0,1.0,1.0	0.20605542,-0.050265845,-0.21365161,0.08570146,0.13021211,-0.04533285,0.14020015,-0.09993642,-0.03464412,0.096468195,-0.036937926,-0.24817666,-0.1425325,-0.09987209,0.27786666,0.081717074,0.08215479,-0.16269596,-0.10071143,0.23005418,0.17958735,0.15904221,0.024159756,0.25326344
../data/train_data_mmini/8/Train_0037.jpg	8	1.0,-1.0,-1.0,1.0,1.0,-1.0,1.0,-1.0,-1.0,1.0,1.0,-1.0,-1.0,-1.0,1.0,1.0,1.0,-1.0,-1.0,1.0,1.0,1.0,1.0,1.0	0.16765216,-0.073027894,-0.14386626,0.074547864,0.21091297,-0.059090514,0.10222538,-0.10709369,-0.040783238,0.08967131,0.015870724,-0.24789202,-0.15691826,-0.080737054,0.3238153,0.10642187,0.03252141,-0.079992786,-0.11589918,0.20819773,0.2060404,0.20992503,0.031557612,0.28096128
../data/train_data_mmini/8/Train_0038.jpg	8	1.0,-1.0,-1.0,1.0,1.0,-1.0,1.0,-1.0,-1.0,1.0,-1.0,-1.0,-1.0,-1.0,1.0,1.0,1.0,-1.0,-1.0,1.0,1.0,1.0,1.0,1.0	0.22226088,-0.04003461,-0.17678106,0.041909203,0.18534726,-0.047841903,0.15440264,-0.12293158,-0.03145136,0.06642805,-0.021742191,-0.22381555,-0.12890509,-0.07779465,0.2969904,0.044888888,0.035178147,-0.085935526,-0.11577446,0.20962082,0.2554852,0.19123287,0.012547422,0.26990205
../data/train_data_mmini/8/Train_0039.jpg	8	1.0,-1.0,-1.0,1.0,1.0,-1.0,1.0,-1.0,-1.0,1.0,-1.0,-1.0,-1.0,-1.0,1.0,1.0,1.0,-1.0,-1.0,1.0,1.0,1.0,1.0,1.0	0.22418898,-0.08553728,-0.16398147,0.04063542,0.175986,-0.016237495,0.18636374,-0.12751967,-0.021847395,0.06768992,-0.047752928,-0.23407446,-0.16769937,-0.06994342,0.35059488,0.083277255,0.025035398,-0.1121275,-0.15089518,0.18579656,0.20306076,0.13344683,0.029735249,0.32456717
../data/train_data_mmini/9/Train_0040.jpg	9	1.0,-1.0,-1.0,-1.0,1.0,-1.0,1.0,-1.0,-1.0,1.0,-1.0,-1.0,-1.0,-1.0,1.0,1.0,1.0,-1.0,-1.0,1.0,1.0,1.0,1.0,1.0	0.183221,-0.12166915,-0.14755054,-0.00876645,0.13659692,-0.0076163067,0.18340623,-0.08950482,-0.066281006,0.09374312,-0.064108916,-0.2470736,-0.18540026,-0.057241186,0.3222104,0.11323276,0.012889677,-0.12022881,-0.16869983,0.21061125,0.17202452,0.15324198,0.0093223015,0.2528334
../data/train_data_mmini/9/Train_0041.jpg	9	1.0,-1.0,-1.0,1.0,1.0,-1.0,1.0,-1.0,-1.0,1.0,-1.0,-1.0,-1.0,-1.0,1.0,1.0,1.0,-1.0,-1.0,1.0,1.0,1.0,-1.0,1.0	0.24585481,-0.053544436,-0.18448819,0.064242974,0.13181531,-0.092394434,0.12806402,-0.12168052,-0.0052688345,0.10390003,-0.03434648,-0.21002372,-0.20379879,-0.1013924,0.32473117,0.055777125,0.07302413,-0.04895608,-0.13333824,0.2466555,0.23388553,0.20166944,-0.028713506,0.2824409
../data/train_data_mmini/9/Train_0042.jpg	9	1.0,-1.0,-1.0,1.0,1.0,-1.0,1.0,-1.0,-1.0,1.0,-1.0,-1.0,-1.0,-1.0,1.0,1.0,1.0,-1.0,-1.0,1.0,1.0,1.0,1.0,1.0	0.20081764,-0.1327211,-0.14330037,0.023734277,0.16052672,-0.033960495,0.16361572,-0.115893416,-0.10880116,0.08473182,-0.07175014,-0.2715221,-0.15102555,-0.014509641,0.33258376,0.08383912,0.07132675,-0.13699406,-0.13724335,0.19785589,0.18815269,0.14089748,0.010670921,0.24824007
../data/train_data_mmini/9/Train_0043.jpg	9	1.0,-1.0,-1.0,1.0,1.0,1.0,1.0,-1.0,-1.0,1.0,-1.0,-1.0,-1.0,-1.0,1.0,1.0,1.0,-1.0,-1.0,1.0,1.0,1.0,1.0,1.0	0.16249529,-0.09893951,-0.12676862,0.026563859,0.1356556,0.013371486,0.15268797,-0.14260148,-0.072300375,0.09506671,-0.035546895,-0.18747383,-0.16615503,-0.048327602,0.2690698,0.12631097,0.004235242,-0.08730723,-0.18138029,0.19538483,0.14418294,0.11102259,0.026109323,0.23192446
../data/train_data_mmini/9/Train_0044.jpg	9	1.0,-1.0,-1.0,-1.0,1.0,-1.0,1.0,-1.0,-1.0,1.0,-1.0,-1.0,-1.0,1.0,1.0,1.0,1.0,-1.0,-1.0,1.0,1.0,1.0,-1.0,1.0	0.18941265,-0.0688656,-0.19081478,-0.0003102799,0.15551235,-0.015442909,0.20463331,-0.06407974,-0.108525895,0.06012445,-0.037612785,-0.30089897,-0.20710789,0.012691382,0.33776724,0.0708031,0.07873802,-0.111758895,-0.1323935,0.18282478,0.22770439,0.15986726,-0.01199291,0.2767456
../data/train_data_mmini/10/Train_0045.jpg	10	1.0,-1.0,-1.0,1.0,1.0,1.0,1.0,-1.0,1.0,1.0,-1.0,-1.0,-1.0,-1.0,1.0,1.0,1.0,-1.0,-1.0,1.0,1.0,1.0,1.0,1.0	0.23173146,-0.038250368,-0.20881377,0.114688486,0.18001269,0.017469523,0.14071545,-0.13335155,0.05001564,0.052425846,-0.073812865,-0.2227196,-0.13762796,-0.085843846,0.34492606,0.04161271,0.11472585,-0.11609416,-0.07961195,0.17391948,0.26880983,0.22620118,0.0354165,0.2903209
../data/train_data_mmini/10/Train_0046.jpg	10	1.0,-1.0,-1.0,1.0,1.0,1.0,1.0,-1.0,-1.0,1.0,-1.0,-1.0,-1.0,1.0,1.0,1.0,1.0,-1.0,-1.0,1.0,1.0,1.0,1.0,1.0	0.19243346,-0.07086841,-0.073519334,0.032771494,0.17530468,0.008262268,0.15181547,-0.13750471,-0.05887496,0.034992784,-0.07765839,-0.23310505,-0.15088986,0.023426376,0.29590377,0.025905335,0.038988695,-0.05717764,-0.053361233,0.1454109,0.21911314,0.19420166,0.012679175,0.23987058
../data/train_data_mmini/10/Train_0047.jpg	10	1.0,-1.0,-1.0,1.0,1.0,-1.0,1.0,-1.0,-1.0,1.0,-1.0,-1.0,-1.0,-1.0,1.0,1.0,1.0,-1.0,-1.0,1.0,1.0,1.0,1.0,1.0	0.24613065,-0.07771785,-0.17460555,0.079425104,0.21717043,-0.021051068,0.19056801,-0.1718791,-0.058707204,0.04959145,-0.023220394,-0.32361326,-0.2575836,-0.07045796,0.32959178,0.0855197,0.058154475,-0.14938326,-0.14500476,0.23664492,0.28802788,0.21815735,0.040273726,0.38147095
../data/train_data_mmini/10/Train_0048.jpg	10	1.0,-1.0,-1.0,1.0,1.0,1.0,1.0,-1.0,-1.0,1.0,-1.0,-1.0,-1.0,-1.0,1.0,1.0,1.0,-1.0,-1.0,1.0,1.0,1.0,1.0,1.0	0.28357825,-0.030485492,-0.2012479,0.075857185,0.13626571,0.0276039,0.20545174,-0.07781622,-0.02900884,0.077949174,-0.05021332,-0.21385686,-0.1569479,-0.05023425,0.37831938,0.032650586,0.15549186,-0.19284007,-0.06391031,0.18693244,0.2599667,0.18212551,0.012337379,0.3090251
../data/train_data_mmini/10/Train_0049.jpg	10	1.0,-1.0,-1.0,1.0,1.0,-1.0,1.0,-1.0,-1.0,1.0,-1.0,-1.0,-1.0,-1.0,1.0,1.0,1.0,-1.0,-1.0,1.0,1.0,1.0,1.0,1.0	0.18900758,-0.0759711,-0.16844992,0.08581821,0.18648566,-0.003944112,0.17395188,-0.12050783,-0.03623117,0.07328029,-0.025714368,-0.18197651,-0.16469051,-0.07374583,0.28482383,0.06745908,0.010358914,-0.12869512,-0.11675896,0.16810095,0.19321944,0.14220598,0.07666134,0.28800595
