../data/train_data_mmini/1/Train_0000.jpg	1	1.0,-1.0,-1.0,-1.0,1.0,-1.0,1.0,1.0,1.0,-1.0,1.0,1.0	0.063876,-0.033300858,-0.01022773,-0.0038642506,0.244812,-0.20059246,0.13936082,0.25638923,0.44232082,-0.19509324,0.4152305,0.19532052
../data/train_data_mmini/1/Train_0001.jpg	1	-1.0,-1.0,-1.0,-1.0,1.0,-1.0,1.0,1.0,1.0,-1.0,1.0,1.0	-0.01952758,-0.15912302,-0.0107673155,-0.25223023,0.34051436,-0.058079004,0.5372731,0.1769769,0.46351817,-0.18958281,0.4593521,0.11168618
../data/train_data_mmini/1/Train_0002.jpg	1	1.0,1.0,-1.0,-1.0,1.0,1.0,1.0,1.0,1.0,-1.0,1.0,1.0	0.0102350665,0.039692428,-0.04698691,-0.2915339,0.34431547,0.36822098,0.44661006,0.25045595,0.40693024,-0.38298965,0.04937236,0.19676775
../data/train_data_mmini/1/Train_0003.jpg	1	-1.0,1.0,-1.0,1.0,-1.0,-1.0,1.0,1.0,1.0,-1.0,1.0,1.0	-0.18496837,0.020117696,-0.1954927,0.3211368,-0.030928258,-0.036501795,0.058502708,0.21293709,0.12714402,-0.067386806,0.45458794,0.17004132
../data/train_data_mmini/1/Train_0004.jpg	1	-1.0,-1.0,-1.0,1.0,-1.0,-1.0,-1.0,1.0,1.0,-1.0,1.0,-1.0	-0.10163967,-0.039119843,-0.099178135,0.2839709,-0.0039293002,-0.1580374,-0.06499267,0.03405921,0.09059263,-0.05594824,0.25923243,-0.18571562
../data/train_data_mmini/2/Train_0005.jpg	2	-1.0,-1.0,1.0,-1.0,1.0,-1.0,1.0,1.0,1.0,-1.0,1.0,1.0	-0.27684337,-0.07438107,0.08122715,-0.0056740264,0.09254247,-0.09508285,0.31639457,0.19116792,0.1418788,-0.10693969,0.1815138,0.131311
../data/train_data_mmini/2/Train_0006.jpg	2	1.0,1.0,-1.0,-1.0,1.0,-1.0,1.0,1.0,1.0,1.0,1.0,1.0	0.15550722,0.33196163,-0.4686812,-0.20029065,0.6040028,-0.07289687,0.09613495,0.41081786,0.53837794,0.042114448,0.07414842,0.5935119
../data/train_data_mmini/2/Train_0007.jpg	2	-1.0,-1.0,-1.0,1.0,-1.0,-1.0,-1.0,-1.0,-1.0,-1.0,1.0,-1.0	-0.39191464,-0.04486559,-0.23335747,0.636533,-0.19987659,-0.082820565,-0.076282114,-0.0073697898,-0.2121216,-0.23591278,0.3993467,-0.1664688
../data/train_data_mmini/2/Train_0008.jpg	2	-1.0,1.0,-1.0,1.0,1.0,-1.0,-1.0,-1.0,1.0,-1.0,-1.0,1.0	-0.16330324,0.21892609,-0.49930614,0.64731836,0.1770052,-0.1419267,-0.003078009,-0.036456794,0.4382668,-0.2730543,-0.01988378,0.38722572
../data/train_data_mmini/2/Train_0009.jpg	2	1.0,-1.0,1.0,-1.0,1.0,-1.0,1.0,1.0,1.0,-1.0,1.0,1.0	0.08644849,-0.2829627,0.41348457,-0.5096174,0.34601507,-0.2881111,0.49363205,0.40997466,0.4630251,-0.13829106,0.38714176,0.21787125
../data/train_data_mmini/3/Train_0010.jpg	3	-1.0,1.0,-1.0,1.0,-1.0,1.0,1.0,-1.0,-1.0,-1.0,-1.0,1.0	-0.8795828,0.12563096,-0.78327703,0.76609486,-0.033127345,0.71515286,0.15745364,-0.4170386,-0.2125132,-0.24636821,-0.11810681,0.12369428
../data/train_data_mmini/3/Train_0011.jpg	3	1.0,-1.0,1.0,-1.0,1.0,1.0,1.0,1.0,1.0,-1.0,-1.0,-1.0	0.19359049,-0.15620598,0.15892734,-0.45570937,0.1580541,0.12385312,0.6084076,0.21856399,0.22741659,-0.5162616,-0.14670211,-0.75403357
../data/train_data_mmini/3/Train_0012.jpg	3	1.0,-1.0,1.0,-1.0,1.0,-1.0,1.0,1.0,1.0,-1.0,1.0,-1.0	0.58409035,-0.29890037,0.40619177,-1.232833,0.3370242,-0.20627406,0.7872974,0.51649636,0.39955017,-0.29799807,0.4931717,-0.7137783
../data/train_data_mmini/3/Train_0013.jpg	3	-1.0,1.0,-1.0,1.0,1.0,-1.0,1.0,1.0,1.0,1.0,-1.0,1.0	-0.083096385,0.567539,-0.9764141,0.33038047,0.31988978,-0.20979801,0.2604021,0.33177474,0.6424873,0.03627112,-0.0008040953,0.5972112
../data/train_data_mmini/3/Train_0014.jpg	3	-1.0,-1.0,-1.0,1.0,1.0,-1.0,-1.0,1.0,1.0,-1.0,1.0,-1.0	-0.18010747,-0.048207615,-0.028714193,0.22676073,0.027988566,-0.13521817,-0.042691287,0.07525634,0.13760844,-0.11199933,0.054056033,-0.03663104
../data/train_data_mmini/4/Train_0015.jpg	4	1.0,1.0,-1.0,-1.0,1.0,-1.0,1.0,1.0,1.0,-1.0,1.0,1.0	0.2346401,0.09827586,-0.28672984,-0.14167757,0.3596858,-0.24853593,0.15659659,0.44946513,0.40872872,-0.42344734,0.13911897,0.00711081
../data/train_data_mmini/4/Train_0016.jpg	4	-1.0,-1.0,1.0,1.0,-1.0,-1.0,1.0,1.0,1.0,-1.0,1.0,1.0	-0.1613866,-0.053493533,0.2042336,0.046688385,-0.016948126,-0.032284766,0.33215612,0.27611354,0.42511237,-0.20550738,0.377002,0.4102882
../data/train_data_mmini/4/Train_0017.jpg	4	1.0,1.0,-1.0,-1.0,1.0,1.0,1.0,1.0,1.0,-1.0,1.0,1.0	0.6670245,0.23497728,-0.07428007,-1.0886496,0.80286217,0.10952985,0.8342406,0.5942121,0.85253423,-0.39490283,0.37714848,0.41389054
../data/train_data_mmini/4/Train_0018.jpg	4	-1.0,-1.0,1.0,-1.0,1.0,1.0,1.0,-1.0,1.0,-1.0,1.0,-1.0	-0.054692496,-0.0078087267,0.0042957016,-0.03060127,0.40245658,0.070482254,0.24259925,-0.108231805,0.118527904,-0.23346831,0.08193021,-0.0457223
../data/train_data_mmini/4/Train_0019.jpg	4	-1.0,1.0,-1.0,1.0,-1.0,-1.0,-1.0,1.0,1.0,1.0,-1.0,1.0	-0.47930297,0.5195144,-0.9564059,0.66320544,-0.040655546,-0.15316588,-0.060536545,0.36565804,0.19243371,0.18356629,-0.07384986,0.47751743
../data/train_data_mmini/5/Train_0020.jpg	5	-1.0,-1.0,-1.0,1.0,-1.0,-1.0,1.0,1.0,1.0,-1.0,1.0,1.0	-0.17611702,-0.12101054,-0.030810928,0.23447685,-0.017385684,-0.0397636,0.15176778,0.10594045,0.024498453,-0.14918736,0.43223244,0.011454409
../data/train_data_mmini/5/Train_0021.jpg	5	1.0,1.0,-1.0,1.0,1.0,-1.0,1.0,1.0,1.0,-1.0,1.0,-1.0	0.12672436,0.11474788,-0.16090478,0.11435542,0.15330467,-0.36619097,0.047967304,0.28560978,0.407013,-0.28509218,0.16171168,-0.022546852
../data/train_data_mmini/5/Train_0022.jpg	5	-1.0,1.0,-1.0,1.0,-1.0,-1.0,1.0,1.0,1.0,-1.0,1.0,1.0	-0.26173365,0.06262412,-0.2515936,0.49080685,-0.09473579,-0.18546999,0.03290606,0.065051176,0.056446455,-0.06266188,0.25184333,0.07127846
../data/train_data_mmini/5/Train_0023.jpg	5	-1.0,-1.0,1.0,1.0,1.0,-1.0,1.0,1.0,1.0,-1.0,1.0,-1.0	-0.21761231,-0.11351596,0.057277907,0.14243452,0.08565371,-0.08313966,0.038738456,0.13557404,0.08192577,-0.10086858,0.43747938,-0.0074220244
../data/train_data_mmini/5/Train_0024.jpg	5	-1.0,-1.0,-1.0,1.0,-1.0,-1.0,1.0,1.0,-1.0,-1.0,1.0,-1.0	-0.18306182,-0.09440321,-0.08204588,0.06564296,-0.04637402,-0.09519175,0.05203324,0.13882013,-0.13921876,-0.2036712,0.21358989,-0.37892258
../data/train_data_mmini/6/Train_0025.jpg	6	-1.0,1.0,-1.0,1.0,-1.0,1.0,1.0,1.0,-1.0,1.0,-1.0,-1.0	-0.7825074,0.07348174,-0.3416369,0.3838925,-0.5555981,0.58425605,0.16562001,0.027484555,-0.52292925,0.08031673,-0.20094334,-0.052333437
../data/train_data_mmini/6/Train_0026.jpg	6	1.0,-1.0,-1.0,-1.0,1.0,1.0,1.0,1.0,1.0,-1.0,1.0,-1.0	0.03573187,-0.12930578,-0.35918915,-0.28892997,0.45186207,0.16778015,0.37700114,0.04050781,0.20230514,-0.18180425,0.522899,-0.1185131
../data/train_data_mmini/6/Train_0027.jpg	6	-1.0,-1.0,1.0,-1.0,-1.0,1.0,1.0,1.0,-1.0,-1.0,-1.0,-1.0	-0.36238146,-0.41505715,0.4699921,-0.23024546,-0.016372953,0.27551037,0.51948553,0.08221378,-0.101486735,-0.21481733,-0.19529283,-0.27916923
../data/train_data_mmini/6/Train_0028.jpg	6	-1.0,1.0,-1.0,1.0,-1.0,1.0,1.0,-1.0,-1.0,-1.0,-1.0,-1.0	-0.26353914,0.044146758,-0.25610676,0.5100238,-0.031925276,0.022280931,0.12634306,-0.12583096,-0.041147165,-0.34189624,-0.016065387,-0.35445818
../data/train_data_mmini/6/Train_0029.jpg	6	-1.0,1.0,-1.0,1.0,1.0,1.0,1.0,1.0,1.0,1.0,-1.0,1.0	-0.27185464,0.34034526,-0.7010949,0.19636996,0.13502647,0.35264075,0.32749876,0.4216676,0.39821362,0.046223853,-0.1021104,0.8283539
../data/train_data_mmini/7/Train_0030.jpg	7	1.0,-1.0,1.0,-1.0,1.0,-1.0,1.0,1.0,1.0,-1.0,1.0,1.0	0.13906118,-0.15762332,0.28319559,-0.47432145,0.31039786,-0.50167465,0.48866972,0.6133689,0.544415,-0.2219355,0.47431135,0.3433985
../data/train_data_mmini/7/Train_0031.jpg	7	1.0,-1.0,-1.0,-1.0,1.0,-1.0,1.0,1.0,1.0,-1.0,1.0,1.0	0.17565438,-0.061040547,-0.23600027,-0.25205937,0.36163846,-0.1522749,0.3901467,0.12132964,0.34271055,-0.104275845,0.48531264,0.06335715
../data/train_data_mmini/7/Train_0032.jpg	7	1.0,-1.0,1.0,-1.0,1.0,-1.0,1.0,1.0,1.0,-1.0,-1.0,-1.0	0.16395946,-0.20384994,0.48816186,-0.6468857,0.25793085,-0.1771172,0.7224036,0.20187537,0.3648088,-0.63766205,-0.07959819,-0.335307
../data/train_data_mmini/7/Train_0033.jpg	7	-1.0,-1.0,1.0,-1.0,1.0,1.0,1.0,1.0,1.0,-1.0,1.0,-1.0	-0.1439806,-0.38721287,0.5345501,-0.5554108,0.30728525,0.02986452,0.4823279,0.19656037,0.021450793,-0.20189306,0.30717182,-0.07655012
../data/train_data_mmini/7/Train_0034.jpg	7	-1.0,-1.0,1.0,1.0,-1.0,1.0,1.0,-1.0,-1.0,-1.0,-1.0,-1.0	-0.7495483,-0.2282114,0.1168198,0.6105072,-0.49806535,0.4224761,0.28611624,-0.31406233,-0.78261244,-0.5100114,-0.54319257,-1.1315318
../data/train_data_mmini/8/Train_0035.jpg	8	-1.0,1.0,1.0,-1.0,1.0,-1.0,1.0,1.0,1.0,-1.0,1.0,1.0	-0.031175625,0.0026495936,0.02755739,-0.09498977,0.21268588,-0.17949662,0.30699983,0.24564342,0.35011384,-0.2650405,0.16401742,0.18246281
../data/train_data_mmini/8/Train_0036.jpg	8	-1.0,-1.0,-1.0,-1.0,1.0,1.0,1.0,1.0,1.0,-1.0,1.0,-1.0	-0.19690515,-0.16809748,-0.15802236,-0.25207156,0.18517739,0.17128964,0.4211699,0.16377594,0.005575558,-0.0802062,0.21481416,-0.045192532
../data/train_data_mmini/8/Train_0037.jpg	8	1.0,-1.0,-1.0,-1.0,1.0,1.0,1.0,1.0,1.0,-1.0,1.0,-1.0	0.018262584,-0.037383493,-0.3878982,-0.0890071,0.1404578,0.037905335,0.43362615,0.16165967,0.15945382,-0.3792262,0.1086753,-0.33213058
../data/train_data_mmini/8/Train_0038.jpg	8	-1.0,1.0,-1.0,1.0,1.0,-1.0,1.0,1.0,1.0,-1.0,1.0,1.0	-0.20977138,0.06039008,-0.055677157,0.15085627,0.10521872,-0.21405193,0.30736974,0.2602566,0.38706994,-0.16988344,0.23058783,0.21905366
../data/train_data_mmini/8/Train_0039.jpg	8	1.0,1.0,1.0,-1.0,1.0,-1.0,1.0,1.0,1.0,-1.0,-1.0,1.0	0.009768608,0.012025934,0.040684033,-0.26476294,0.26877716,-0.067150414,0.5802011,0.42005935,0.35980844,-0.17985149,-0.017634599,0.20256758
../data/train_data_mmini/9/Train_0040.jpg	9	-1.0,1.0,-1.0,1.0,1.0,-1.0,-1.0,1.0,1.0,-1.0,1.0,-1.0	-0.050857853,0.14727014,-0.53637505,0.3887024,0.036454864,-0.14636731,-0.029302562,0.25403142,0.14140841,-0.270468,0.21241903,-0.029564315
../data/train_data_mmini/9/Train_0041.jpg	9	-1.0,-1.0,1.0,1.0,-1.0,-1.0,1.0,-1.0,1.0,-1.0,1.0,-1.0	-0.2568729,-0.29798,0.16944702,0.061431624,-0.011993794,-0.03238958,0.52506715,-0.08136366,0.015641218,-0.10424989,0.34678316,-0.35472476
../data/train_data_mmini/9/Train_0042.jpg	9	-1.0,1.0,-1.0,1.0,-1.0,-1.0,-1.0,1.0,1.0,-1.0,1.0,-1.0	-0.018497083,0.2566976,-0.7301604,0.4503547,-0.01703643,-0.0664874,-0.04834563,0.18230034,0.11399432,-0.24445738,0.01719019,-0.23529631
../data/train_data_mmini/9/Train_0043.jpg	9	-1.0,1.0,-1.0,1.0,1.0,-1.0,1.0,1.0,1.0,-1.0,1.0,1.0	-0.24166067,0.27967072,-0.56093913,0.59795874,0.19725703,-0.20856589,0.028904354,0.2365896,0.26734942,-0.23360953,0.17835867,0.34657767
../data/train_data_mmini/9/Train_0044.jpg	9	-1.0,1.0,-1.0,-1.0,1.0,1.0,1.0,1.0,1.0,-1.0,1.0,1.0	-0.07697229,0.14296469,-0.36092812,-0.12644662,0.16584389,0.16300021,0.3937847,0.5545577,0.37373212,-0.072637506,0.032784924,0.38926142
../data/train_data_mmini/10/Train_0045.jpg	10	-1.0,1.0,1.0,-1.0,-1.0,-1.0,1.0,1.0,-1.0,-1.0,-1.0,1.0	-0.35359567,0.07371457,0.011788058,-0.010040663,-0.041219167,-0.003397912,0.5562632,0.19416533,-0.0073454324,-0.09878019,-0.32170022,0.003275102
../data/train_data_mmini/10/Train_0046.jpg	10	-1.0,1.0,-1.0,-1.0,-1.0,1.0,1.0,1.0,1.0,-1.0,-1.0,1.0	-0.07140499,0.17126963,-0.06516802,-0.08486473,-0.0055446876,0.35754073,0.3575132,0.38948724,0.2954823,-0.20054384,-0.52044255,0.2251111
../data/train_data_mmini/10/Train_0047.jpg	10	-1.0,1.0,-1.0,1.0,-1.0,1.0,1.0,1.0,1.0,-1.0,-1.0,-1.0	-0.37864357,0.19058913,-0.38823265,0.25878862,-0.0826874,0.028871745,0.298163,0.18150067,0.092452146,-0.16984162,-0.19047044,-0.038487606
../data/train_data_mmini/10/Train_0048.jpg	10	-1.0,-1.0,1.0,1.0,-1.0,1.0,1.0,1.0,-1.0,1.0,-1.0,-1.0	-0.7490706,-0.1453975,0.4846164,0.047166802,-0.6491498,0.16589575,0.34993696,0.30950123,-0.37020087,0.24375273,-0.2848505,-0.21287468
../data/train_data_mmini/10/Train_0049.jpg	10	-1.0,1.0,-1.0,1.0,1.0,1.0,1.0,1.0,1.0,-1.0,-1.0,1.0	-0.18661752,0.03667153,-0.120897695,0.07643036,0.032788657,0.049445033,0.31323916,0.21076252,0.16443995,-0.1930647,-0.13758574,0.008701688
