../data/train_data_mmini/1/Train_0000.jpg	1	1.0,1.0,1.0,1.0,1.0,-1.0,1.0,1.0,1.0,1.0,1.0,1.0	0.37827963,5.925745,0.72773445,0.98043466,2.8075242,-6.5040026,9.064381,2.0857935,0.41135,1.1648324,3.7120738,5.2987366
../data/train_data_mmini/1/Train_0001.jpg	1	1.0,1.0,1.0,1.0,1.0,-1.0,1.0,1.0,-1.0,1.0,1.0,1.0	0.7348033,6.62615,0.24702415,0.24460994,2.7888627,-7.0864406,9.523275,2.4909086,-0.027967628,1.4302511,4.747127,6.246708
../data/train_data_mmini/1/Train_0002.jpg	1	1.0,1.0,1.0,1.0,1.0,-1.0,1.0,1.0,1.0,1.0,1.0,1.0	0.6357282,4.793107,0.6640822,0.14195397,2.6520748,-4.895311,7.0470324,2.1118212,0.41182187,1.3682718,3.9674935,3.495603
../data/train_data_mmini/1/Train_0003.jpg	1	1.0,1.0,1.0,1.0,1.0,-1.0,1.0,1.0,1.0,1.0,1.0,1.0	0.39758152,6.430376,0.4522302,1.0178633,2.9309185,-7.3152742,9.889565,2.2971015,0.31608546,1.2024274,3.8524582,6.1393123
../data/train_data_mmini/1/Train_0004.jpg	1	1.0,1.0,1.0,1.0,1.0,-1.0,1.0,1.0,1.0,1.0,1.0,1.0	0.11405261,6.673402,0.5954215,0.92310387,3.1153114,-7.0832653,9.714664,2.2532115,0.38846105,1.0289067,3.6195443,5.6863933
../data/train_data_mmini/2/Train_0005.jpg	2	1.0,1.0,1.0,-1.0,1.0,-1.0,1.0,1.0,-1.0,1.0,1.0,1.0	0.7610272,5.9630904,0.08641553,-0.39798117,2.791218,-6.8507776,8.547865,2.3083303,-0.052977726,1.3324778,4.7415514,5.2147775
../data/train_data_mmini/2/Train_0006.jpg	2	1.0,1.0,1.0,-1.0,1.0,-1.0,1.0,1.0,-1.0,1.0,1.0,1.0	1.2118156,4.92507,0.085107684,-0.51409817,2.3007128,-6.249925,7.3959284,2.0305529,-0.32591653,1.4868386,4.252022,4.5499406
../data/train_data_mmini/2/Train_0007.jpg	2	-1.0,1.0,1.0,1.0,1.0,-1.0,1.0,1.0,1.0,1.0,1.0,1.0	-0.0954526,6.4503384,0.52030075,0.91631746,3.03987,-7.099324,9.788439,2.1053174,0.5015827,0.91033053,3.708293,5.9125137
../data/train_data_mmini/2/Train_0008.jpg	2	1.0,1.0,1.0,1.0,1.0,-1.0,1.0,1.0,1.0,1.0,1.0,1.0	0.17528951,6.1615324,0.7238291,0.44620022,2.8157413,-6.42418,8.598265,2.1490881,0.09711709,0.999861,3.77086,4.6766596
../data/train_data_mmini/2/Train_0009.jpg	2	1.0,1.0,1.0,-1.0,1.0,-1.0,1.0,1.0,1.0,1.0,1.0,1.0	0.727647,6.7537985,0.30025843,-0.022181863,3.0751135,-7.361521,9.835771,2.4634585,0.2892234,1.3907604,5.2728605,5.7528944
../data/train_data_mmini/3/Train_0010.jpg	3	1.0,1.0,-1.0,-1.0,1.0,-1.0,1.0,1.0,-1.0,1.0,1.0,1.0	0.45215666,5.570062,-0.15789068,-0.9548687,2.3437405,-6.1779685,7.591858,1.9645486,-0.48602748,0.83508456,4.6390924,4.991963
../data/train_data_mmini/3/Train_0011.jpg	3	1.0,1.0,1.0,-1.0,1.0,-1.0,1.0,1.0,1.0,1.0,1.0,1.0	0.5213991,4.900273,0.3673243,-0.45131227,2.34282,-4.3974423,6.5194416,2.1090515,0.18109602,1.3269637,4.2571,3.000773
../data/train_data_mmini/3/Train_0012.jpg	3	1.0,1.0,-1.0,-1.0,1.0,-1.0,1.0,1.0,1.0,1.0,1.0,1.0	0.75132483,5.5406814,-0.22065149,-0.37042838,2.5450802,-5.9158807,7.6609983,2.2704542,0.119233035,1.5023104,4.1643143,4.3908153
../data/train_data_mmini/3/Train_0013.jpg	3	1.0,1.0,1.0,-1.0,1.0,-1.0,1.0,1.0,-1.0,1.0,1.0,1.0	1.0591077,5.965416,0.14176556,-0.65082234,2.6834679,-6.9089212,8.162559,2.446453,-0.55415785,1.718086,4.786524,4.920727
../data/train_data_mmini/3/Train_0014.jpg	3	1.0,1.0,1.0,-1.0,1.0,-1.0,1.0,1.0,-1.0,1.0,1.0,1.0	0.55415666,6.5904055,0.48707104,-0.32345352,2.9927137,-7.13757,9.136027,2.451659,-0.21267593,1.3083247,4.7476864,5.150588
../data/train_data_mmini/4/Train_0015.jpg	4	1.0,1.0,1.0,1.0,1.0,-1.0,1.0,1.0,1.0,1.0,1.0,1.0	0.54759246,5.4204273,0.66452175,0.53843033,2.5554044,-5.803758,8.05869,2.032703,0.39490157,1.1544104,3.5369077,4.316413
../data/train_data_mmini/4/Train_0016.jpg	4	1.0,1.0,1.0,-1.0,1.0,-1.0,1.0,1.0,1.0,1.0,1.0,1.0	1.0284625,4.8672028,0.096224844,-0.21432486,2.0628362,-5.515847,7.237716,2.1161673,0.01522243,1.2780007,4.571345,4.638068
../data/train_data_mmini/4/Train_0017.jpg	4	1.0,1.0,-1.0,-1.0,1.0,-1.0,1.0,1.0,-1.0,1.0,1.0,1.0	1.661323,5.008856,-0.025055112,-1.0576158,2.2480373,-5.7502837,7.285958,2.484891,-0.028252408,1.8810956,5.151026,4.079117
../data/train_data_mmini/4/Train_0018.jpg	4	1.0,1.0,1.0,-1.0,1.0,-1.0,1.0,1.0,1.0,1.0,1.0,1.0	0.42769748,4.839858,0.40135294,-0.32806018,2.2253659,-5.372863,6.9823685,1.9302906,0.13590565,1.037536,4.1768517,4.059816
../data/train_data_mmini/4/Train_0019.jpg	4	1.0,1.0,-1.0,-1.0,1.0,-1.0,1.0,1.0,-1.0,1.0,1.0,1.0	1.0657583,6.0642886,-0.27250063,-0.80741173,2.9393246,-7.1203365,8.377823,2.286045,-0.59007573,1.5926825,4.4484,5.1907597
../data/train_data_mmini/5/Train_0020.jpg	5	1.0,1.0,1.0,1.0,1.0,-1.0,1.0,1.0,1.0,1.0,1.0,1.0	0.30049062,7.1033926,0.54920304,1.1217269,3.3626554,-8.038387,10.915952,2.5511913,0.48756936,1.1537791,4.1328816,6.9199986
../data/train_data_mmini/5/Train_0021.jpg	5	1.0,1.0,1.0,1.0,1.0,-1.0,1.0,1.0,1.0,1.0,1.0,1.0	0.541791,7.249185,0.8550092,0.92510366,3.4176636,-7.8091564,10.578288,2.680793,0.36789405,1.5166029,4.3996887,5.759283
../data/train_data_mmini/5/Train_0022.jpg	5	1.0,1.0,1.0,1.0,1.0,-1.0,1.0,1.0,1.0,1.0,1.0,1.0	0.029513873,6.3550577,0.46325812,0.59172046,3.0857894,-7.0940113,9.40237,2.149059,0.21563512,0.98107505,3.6763954,5.592383
../data/train_data_mmini/5/Train_0023.jpg	5	1.0,1.0,1.0,1.0,1.0,-1.0,1.0,1.0,1.0,1.0,1.0,1.0	0.16681373,6.3832664,0.71430606,1.2417266,3.1369195,-7.2271175,10.010455,2.1858168,0.56961864,1.0360408,3.6167777,6.0955925
../data/train_data_mmini/5/Train_0024.jpg	5	1.0,1.0,1.0,1.0,1.0,-1.0,1.0,1.0,1.0,1.0,1.0,1.0	0.30397832,6.2658367,0.23451275,0.36403868,2.918924,-6.8498483,9.3267765,2.2230086,0.3838291,1.0990764,4.071548,5.413338
../data/train_data_mmini/6/Train_0025.jpg	6	1.0,1.0,-1.0,-1.0,1.0,-1.0,1.0,1.0,-1.0,1.0,1.0,1.0	1.2303476,5.3043494,-0.95336276,-1.9632986,2.4373863,-6.067653,7.022939,2.328558,-0.54430676,1.5645156,5.4394436,4.2507052
../data/train_data_mmini/6/Train_0026.jpg	6	1.0,1.0,1.0,1.0,1.0,-1.0,1.0,1.0,1.0,1.0,1.0,1.0	1.0096512,6.1503835,0.17565191,0.10131554,2.3703294,-6.5542693,9.37561,2.4497828,0.5869315,1.3091699,5.1895304,6.232223
../data/train_data_mmini/6/Train_0027.jpg	6	1.0,1.0,-1.0,-1.0,1.0,-1.0,1.0,1.0,-1.0,1.0,1.0,1.0	0.7030991,5.3169303,-0.18179676,-1.2110121,2.0893152,-5.7468877,7.1945696,2.1001556,-0.18319972,0.9982115,5.085523,4.4793806
../data/train_data_mmini/6/Train_0028.jpg	6	1.0,1.0,1.0,1.0,1.0,-1.0,1.0,1.0,1.0,1.0,1.0,1.0	0.16659671,5.927739,0.5801783,0.06582199,2.7740688,-5.8052387,8.247598,2.3178778,0.3340695,1.182759,4.22926,4.291141
../data/train_data_mmini/6/Train_0029.jpg	6	1.0,1.0,-1.0,-1.0,1.0,-1.0,1.0,1.0,-1.0,1.0,1.0,1.0	1.0886651,5.0747886,-0.32137716,-1.156124,2.6911008,-6.209386,7.2219615,2.1533334,-0.14942756,1.4670713,4.941229,4.240691
../data/train_data_mmini/7/Train_0030.jpg	7	1.0,1.0,1.0,1.0,1.0,-1.0,1.0,1.0,1.0,1.0,1.0,1.0	0.924022,6.4320335,0.23830521,0.16627234,2.9589806,-7.4742146,9.618469,2.3011425,0.15760317,1.583559,4.9359827,5.831615
../data/train_data_mmini/7/Train_0031.jpg	7	1.0,1.0,1.0,-1.0,1.0,-1.0,1.0,1.0,1.0,1.0,1.0,1.0	1.0506347,7.0114503,0.11089456,-0.59509885,3.064245,-8.147311,10.126817,2.858589,0.07345388,1.7024844,5.7315116,6.2196183
../data/train_data_mmini/7/Train_0032.jpg	7	1.0,1.0,1.0,-1.0,1.0,-1.0,1.0,1.0,-1.0,1.0,1.0,1.0	0.84106225,6.7270207,0.09855351,-1.1661466,3.0036383,-6.549827,8.354782,2.8293853,-0.21011105,1.5569203,5.6440415,4.448868
../data/train_data_mmini/7/Train_0033.jpg	7	1.0,1.0,-1.0,-1.0,1.0,-1.0,1.0,1.0,-1.0,1.0,1.0,1.0	0.76136565,6.016129,-0.13129042,-0.50963336,2.5408792,-6.8556333,8.812846,2.1849666,-0.033726193,1.2048825,5.0222507,5.502896
../data/train_data_mmini/7/Train_0034.jpg	7	1.0,1.0,-1.0,-1.0,1.0,-1.0,1.0,1.0,-1.0,1.0,1.0,1.0	0.06070654,5.670539,-0.33569124,-1.6943029,2.59269,-5.5702224,6.8796434,2.3342435,-0.55179924,1.0865067,4.870569,3.3959703
../data/train_data_mmini/8/Train_0035.jpg	8	1.0,1.0,1.0,-1.0,1.0,-1.0,1.0,1.0,-1.0,1.0,1.0,1.0	0.43828848,6.217721,0.26017398,-0.5603581,2.8396544,-6.6528716,8.44189,2.2397335,-0.10246224,1.2431916,4.687794,4.7077346
../data/train_data_mmini/8/Train_0036.jpg	8	1.0,1.0,-1.0,-1.0,1.0,-1.0,1.0,1.0,1.0,1.0,1.0,1.0	0.8445533,6.2934866,-0.08129926,-1.1449649,3.0273838,-7.270664,9.097234,2.5514219,0.0040358827,1.4578922,5.7486625,5.0836263
../data/train_data_mmini/8/Train_0037.jpg	8	1.0,1.0,-1.0,-1.0,1.0,-1.0,1.0,1.0,1.0,1.0,1.0,1.0	0.9698475,6.4947686,-0.10607615,-0.90708613,2.6767304,-6.857499,9.144535,2.6704507,0.20209111,1.4279155,5.9792128,5.429128
../data/train_data_mmini/8/Train_0038.jpg	8	1.0,1.0,1.0,-1.0,1.0,-1.0,1.0,1.0,-1.0,1.0,1.0,1.0	0.6149267,6.5456643,0.2880969,-0.36225584,3.108185,-7.309081,9.273965,2.4705846,-0.12301691,1.3571515,4.9379787,5.5304513
../data/train_data_mmini/8/Train_0039.jpg	8	1.0,1.0,-1.0,-1.0,1.0,-1.0,1.0,1.0,-1.0,1.0,1.0,1.0	0.6839439,5.969282,-0.058803517,-1.4071503,2.9678564,-6.510502,7.855198,2.2354841,-0.2498065,1.4285743,5.3915114,4.151842
../data/train_data_mmini/9/Train_0040.jpg	9	1.0,1.0,1.0,1.0,1.0,-1.0,1.0,1.0,1.0,1.0,1.0,1.0	0.28418395,7.1280327,0.6313564,0.7873749,3.3357422,-7.6035438,10.404056,2.4711533,0.47552598,1.2399673,4.239789,5.8401237
../data/train_data_mmini/9/Train_0041.jpg	9	1.0,1.0,-1.0,-1.0,1.0,-1.0,1.0,1.0,-1.0,1.0,1.0,1.0	0.7172079,6.7687163,-0.22044553,-1.1001351,2.996051,-7.4268436,9.23999,2.72355,-0.23343667,1.2693702,5.7561707,5.8412347
../data/train_data_mmini/9/Train_0042.jpg	9	1.0,1.0,1.0,1.0,1.0,-1.0,1.0,1.0,1.0,1.0,1.0,1.0	0.4065855,6.273477,0.38067842,0.2824743,2.953707,-6.6203594,9.04693,2.4049277,0.33838135,1.1679873,4.0324497,4.988624
../data/train_data_mmini/9/Train_0043.jpg	9	1.0,1.0,1.0,1.0,1.0,-1.0,1.0,1.0,1.0,1.0,1.0,1.0	0.25860077,6.991594,0.6296676,0.48300216,3.3502836,-7.6683116,10.217664,2.4017236,0.2089977,1.2153077,4.499697,5.912471
../data/train_data_mmini/9/Train_0044.jpg	9	1.0,1.0,1.0,-1.0,1.0,-1.0,1.0,1.0,-1.0,1.0,1.0,1.0	0.97406054,6.250358,0.024476497,-0.41486183,3.0306628,-7.0722675,8.986793,2.3578374,-0.061237544,1.623291,4.711178,5.470607
../data/train_data_mmini/10/Train_0045.jpg	10	1.0,1.0,-1.0,-1.0,1.0,-1.0,1.0,1.0,-1.0,1.0,1.0,1.0	0.8566666,4.670908,-0.845857,-2.9278145,2.096157,-5.186358,5.2327614,1.9125515,-0.9107361,1.2186503,5.7355313,2.7919717
../data/train_data_mmini/10/Train_0046.jpg	10	1.0,1.0,-1.0,-1.0,1.0,-1.0,1.0,1.0,-1.0,1.0,1.0,1.0	0.86076075,3.8915904,-0.113512784,-1.1489373,1.7776953,-3.7053638,4.9298744,1.6603658,-0.19759,1.3107083,3.8998852,2.546446
../data/train_data_mmini/10/Train_0047.jpg	10	1.0,1.0,-1.0,-1.0,1.0,-1.0,1.0,1.0,-1.0,1.0,1.0,1.0	0.8780932,6.817704,-0.33134383,-1.8445418,3.3998532,-7.726362,9.084946,2.7503505,-0.42384496,1.5457385,6.29216,4.817098
../data/train_data_mmini/10/Train_0048.jpg	10	1.0,1.0,-1.0,-1.0,1.0,-1.0,1.0,1.0,-1.0,1.0,1.0,1.0	0.6149275,5.9502892,-0.71809405,-2.1219056,3.2298596,-6.416148,6.8850956,2.1175268,-0.74826604,1.498114,5.067925,3.711754
../data/train_data_mmini/10/Train_0049.jpg	10	1.0,1.0,-1.0,-1.0,1.0,-1.0,1.0,1.0,-1.0,1.0,1.0,1.0	0.6855499,6.173795,-0.031014102,-1.1834909,3.011468,-6.570622,8.160815,2.3070388,-0.22550526,1.3438395,5.379012,4.588644
