../data/train_data_mmini/1/Train_0000.jpg	1	-1.0,-1.0,-1.0,1.0,-1.0,-1.0,1.0,1.0,-1.0,-1.0,-1.0,-1.0,1.0,-1.0,-1.0,1.0,1.0,1.0,-1.0,1.0,-1.0,-1.0,1.0,-1.0	-0.16259307,-0.12387581,-0.12922686,0.0432569,-0.11875549,-0.013378677,0.36722624,0.42953497,-0.14052144,-0.089417815,-0.03820065,-0.0913224,0.15875304,-0.17442405,-0.030892916,0.37378293,0.104072586,0.05981512,-0.107602395,0.25699437,-0.3836994,-0.4958694,0.022850148,-0.14403746
../data/train_data_mmini/1/Train_0001.jpg	1	-1.0,-1.0,-1.0,1.0,1.0,-1.0,1.0,1.0,-1.0,-1.0,-1.0,1.0,1.0,-1.0,-1.0,1.0,-1.0,-1.0,1.0,1.0,-1.0,-1.0,1.0,-1.0	-0.07564822,-0.28598657,-0.21873501,0.3109549,0.055453684,-0.118648455,0.5108574,0.5107011,-0.19244584,-0.25547993,-0.39064434,0.091985784,0.30259672,-0.1762694,-0.13685048,0.08731185,-0.032782923,-0.06254333,0.025763366,0.154584,-0.11053167,-0.35162875,0.08584399,-0.23981246
../data/train_data_mmini/1/Train_0002.jpg	1	-1.0,-1.0,-1.0,1.0,1.0,-1.0,1.0,1.0,1.0,1.0,-1.0,1.0,-1.0,-1.0,1.0,1.0,-1.0,-1.0,1.0,-1.0,-1.0,1.0,1.0,-1.0	-0.22784214,-0.14206214,-0.17609087,0.039326206,0.0835617,-0.75390947,0.5975952,0.35366052,0.7680284,0.46019277,-0.41445172,0.4090268,-0.12830274,-0.586881,0.4344279,0.15655595,-0.15998562,-0.012000637,0.3000477,-0.05853109,-0.21366821,0.3186784,0.12082927,-0.26029667
../data/train_data_mmini/1/Train_0003.jpg	1	-1.0,-1.0,-1.0,1.0,-1.0,1.0,1.0,1.0,-1.0,-1.0,1.0,-1.0,1.0,-1.0,-1.0,1.0,1.0,1.0,-1.0,1.0,-1.0,-1.0,-1.0,-1.0	-0.33893543,-0.4885635,-0.20477223,0.16745953,-0.012410957,0.39363468,0.28676143,0.18367475,-0.50035375,-0.5191849,0.00996973,-0.22121134,0.41705313,-0.17845911,-0.23448426,0.122403175,0.31158036,0.28521797,-0.21907447,0.26653048,-0.41746154,-0.8138613,-0.17947552,-0.10148864
../data/train_data_mmini/1/Train_0004.jpg	1	-1.0,-1.0,1.0,-1.0,-1.0,1.0,1.0,1.0,-1.0,1.0,-1.0,-1.0,1.0,-1.0,1.0,1.0,1.0,-1.0,-1.0,1.0,-1.0,-1.0,1.0,-1.0	-0.100450486,-0.077006236,0.06149364,-0.10822389,-0.120377034,0.18497866,0.15565117,0.22083242,-0.192103,0.118026584,-0.008367915,-0.17414281,0.090315,-0.048281465,0.2714885,0.34557965,0.18991543,-0.091696694,-0.088968165,0.16578491,-0.34252015,-0.26770416,0.043421544,-0.21820834
../data/train_data_mmini/2/Train_0005.jpg	2	1.0,-1.0,-1.0,-1.0,1.0,1.0,-1.0,1.0,-1.0,-1.0,-1.0,1.0,1.0,1.0,-1.0,-1.0,1.0,1.0,-1.0,1.0,1.0,-1.0,1.0,-1.0	0.15258375,-0.008820904,-0.25372836,-0.098229565,0.07963474,0.07552853,-0.018689297,0.3160398,-0.09243473,-0.1012053,-0.15171051,0.050586484,0.043504592,0.077510126,-0.028808095,-0.13786262,0.060852516,0.34775093,-0.12155225,0.20419227,0.04856927,-0.100774825,0.0420286,-0.18406664
../data/train_data_mmini/2/Train_0006.jpg	2	1.0,-1.0,1.0,-1.0,1.0,1.0,1.0,1.0,1.0,1.0,-1.0,1.0,-1.0,-1.0,-1.0,1.0,-1.0,1.0,1.0,-1.0,-1.0,1.0,1.0,-1.0	0.05347392,-0.122409254,0.17737201,-0.07572398,0.10759655,0.029401187,0.23800217,0.044962678,0.2606643,0.25072718,-0.040406782,0.25178674,-0.41474476,-0.19586149,-0.12117831,0.17180634,-0.08077587,0.06601487,0.2746895,-0.2236948,-0.22520065,0.34908795,0.18629415,-0.042741824
../data/train_data_mmini/2/Train_0007.jpg	2	-1.0,-1.0,-1.0,-1.0,1.0,1.0,-1.0,1.0,-1.0,-1.0,1.0,-1.0,1.0,1.0,-1.0,1.0,1.0,1.0,-1.0,1.0,-1.0,-1.0,-1.0,-1.0	-0.18842104,-0.23910938,-0.0060398523,-0.022000296,0.041958813,0.46217322,-0.040541165,0.10491974,-0.47643968,-0.41313308,0.21816446,-0.3045651,0.30910894,0.013887951,-0.15671924,0.19141176,0.2562492,0.17695841,-0.5217453,0.44974744,-0.4689702,-1.1559154,-0.091662355,-0.18699673
../data/train_data_mmini/2/Train_0008.jpg	2	1.0,1.0,-1.0,1.0,1.0,-1.0,1.0,1.0,1.0,1.0,-1.0,1.0,-1.0,-1.0,1.0,1.0,-1.0,-1.0,1.0,-1.0,-1.0,1.0,1.0,-1.0	0.15656072,0.110587016,-0.07378092,0.22761457,0.15618083,-0.25593975,0.30485278,0.4587961,0.4749364,0.55845577,-0.1201271,0.3757133,-0.5171884,-0.1368886,0.029161952,0.31544763,-0.2468171,-0.4279699,0.36390465,-0.18274108,-0.3590749,0.24921545,0.22603095,-0.17569502
../data/train_data_mmini/2/Train_0009.jpg	2	1.0,1.0,-1.0,-1.0,-1.0,1.0,1.0,1.0,-1.0,-1.0,-1.0,-1.0,1.0,1.0,-1.0,1.0,1.0,1.0,-1.0,1.0,-1.0,-1.0,1.0,-1.0	0.15745884,0.017134525,-0.24077395,-0.20302713,-0.06684506,0.038326185,0.36341155,0.43999588,-0.25952375,-0.25989398,-0.10405916,-0.19926906,0.28657982,0.062280323,-0.14157176,0.08993159,0.08184789,0.5116368,-0.16888745,0.47498113,-0.0068173152,-0.72663677,0.09268925,-0.015851412
../data/train_data_mmini/3/Train_0010.jpg	3	1.0,-1.0,-1.0,1.0,1.0,1.0,-1.0,-1.0,-1.0,-1.0,-1.0,1.0,-1.0,-1.0,-1.0,-1.0,1.0,-1.0,1.0,-1.0,-1.0,1.0,-1.0,1.0	0.08198087,-0.39838928,-0.70090765,0.32472232,0.5723092,0.061695766,-0.17699085,-0.15651545,-0.14227813,-0.3146268,-0.31231722,0.36566466,-0.17236058,-0.33888915,-0.39092192,-0.5018561,0.20862658,-0.39068642,0.1602964,-0.2124513,-0.011884302,0.085531,-0.06326421,1.2327218e-06
../data/train_data_mmini/3/Train_0011.jpg	3	1.0,1.0,-1.0,-1.0,1.0,-1.0,1.0,1.0,1.0,1.0,-1.0,1.0,1.0,-1.0,1.0,1.0,-1.0,-1.0,1.0,-1.0,-1.0,1.0,-1.0,-1.0	0.263312,0.28172374,-0.25894266,-0.21376322,0.017238457,-1.116498,0.27694649,0.4749868,0.54969496,0.77533895,-0.7185724,0.45154265,0.008336846,-0.2565989,0.9468404,0.06758198,-0.36251587,-0.42196247,0.30835962,-0.10168685,-0.015787274,0.908704,-0.020011507,-0.5120205
../data/train_data_mmini/3/Train_0012.jpg	3	1.0,1.0,1.0,-1.0,-1.0,-1.0,1.0,1.0,1.0,1.0,-1.0,-1.0,1.0,-1.0,1.0,1.0,-1.0,1.0,1.0,1.0,1.0,1.0,1.0,-1.0	0.14270854,0.025451105,0.4563743,-0.40819418,-0.29877236,-0.3055068,0.4561481,0.09667545,0.16741404,0.2896788,-0.56853193,-0.11237127,0.49935868,-0.006078144,0.7666606,0.2410562,-0.24091883,0.47918352,0.027191538,0.12079798,0.29003182,0.5597845,0.013817407,-0.480456
../data/train_data_mmini/3/Train_0013.jpg	3	1.0,-1.0,1.0,1.0,1.0,-1.0,1.0,1.0,1.0,1.0,-1.0,1.0,-1.0,-1.0,-1.0,-1.0,-1.0,-1.0,1.0,-1.0,-1.0,1.0,1.0,-1.0	0.16956088,-0.08286361,0.3497236,0.25869787,0.1340418,-0.1832387,0.32916602,0.013466169,0.5198565,0.4401307,-0.20977102,0.51602507,-0.63470083,-0.27934027,-0.15210629,-0.10235369,-0.40747038,-0.38038298,0.49421763,-0.48926008,-0.18691108,0.70389766,0.19721262,-0.06703939
../data/train_data_mmini/3/Train_0014.jpg	3	1.0,1.0,-1.0,-1.0,-1.0,-1.0,-1.0,1.0,1.0,1.0,-1.0,1.0,-1.0,1.0,1.0,-1.0,-1.0,1.0,1.0,1.0,1.0,1.0,-1.0,-1.0	0.29920086,0.3277507,-0.11087104,-0.2552404,-0.022573855,-0.3465225,-0.10911556,0.25270945,0.15082358,0.34586248,-0.1374079,0.1023443,-0.19653995,0.09249725,0.28588092,-0.018012617,-0.20797996,0.111926615,0.11056306,0.06116812,0.033895727,0.21435955,-0.025923885,-0.21843706
../data/train_data_mmini/4/Train_0015.jpg	4	-1.0,-1.0,1.0,-1.0,1.0,-1.0,1.0,1.0,1.0,1.0,-1.0,1.0,1.0,-1.0,1.0,1.0,-1.0,-1.0,1.0,-1.0,-1.0,1.0,1.0,-1.0	-0.15303248,-0.08033124,0.41914415,-0.010054934,0.009216193,-0.46325794,0.46997663,0.056248445,0.37833986,0.38229942,-0.17258912,0.21222073,0.0021963385,-0.14870782,0.36107302,0.3820397,-0.35483718,-0.1252546,0.11117888,-0.19146937,-0.35527784,0.32204077,0.24536401,-0.33046407
../data/train_data_mmini/4/Train_0016.jpg	4	1.0,-1.0,-1.0,1.0,1.0,-1.0,1.0,1.0,-1.0,-1.0,-1.0,1.0,1.0,-1.0,-1.0,-1.0,1.0,1.0,1.0,1.0,-1.0,-1.0,-1.0,-1.0	0.021265373,-0.47645754,-0.4495765,0.12070734,0.12316689,-0.33623764,0.45301142,0.6311946,-0.0009417031,-0.23218644,-0.34834886,0.16579616,0.019577596,-0.35988715,-0.16125166,-0.35817814,0.055774797,0.08373763,0.14814799,0.2241802,-0.08791921,-0.110780895,-0.07177877,-0.18799308
../data/train_data_mmini/4/Train_0017.jpg	4	1.0,-1.0,-1.0,1.0,-1.0,-1.0,1.0,1.0,1.0,1.0,-1.0,1.0,1.0,-1.0,1.0,1.0,-1.0,1.0,1.0,-1.0,1.0,1.0,1.0,-1.0	0.008038297,-0.49447763,-0.06269648,0.008091225,-0.13626891,-0.6058942,0.765946,0.13473362,0.51117927,0.28890964,-0.40588826,0.43414992,0.12255642,-0.5607356,0.1910674,0.09740941,-0.41613862,0.12833126,0.39116865,-0.16410814,0.026426787,0.4464596,0.094688274,-0.2061327
../data/train_data_mmini/4/Train_0018.jpg	4	1.0,-1.0,-1.0,1.0,1.0,-1.0,1.0,1.0,-1.0,-1.0,-1.0,1.0,1.0,-1.0,1.0,-1.0,-1.0,-1.0,-1.0,1.0,-1.0,-1.0,1.0,-1.0	0.18468413,-0.10315558,-0.32959312,0.039536566,0.13959517,-0.4086701,0.07279623,0.34733957,-0.046173997,-0.016201392,-0.29789147,0.29065067,0.04462352,-0.13591948,0.15809396,-0.12592575,-0.1925983,-0.15777373,-0.06826366,0.15926842,-0.12909855,-0.011727873,0.02732826,-0.11847267
../data/train_data_mmini/4/Train_0019.jpg	4	-1.0,-1.0,1.0,-1.0,1.0,1.0,1.0,-1.0,1.0,1.0,-1.0,1.0,-1.0,-1.0,-1.0,-1.0,1.0,-1.0,1.0,-1.0,-1.0,1.0,1.0,-1.0	-0.11618036,-0.17905624,0.1371097,-0.008120766,0.24700919,0.25334537,0.007908829,-0.19663425,0.4550002,0.35683239,-0.018008392,0.23493248,-0.42437527,-0.37974036,-0.17341214,-0.027392872,0.08762337,-0.03153539,0.3843273,-0.5511544,-0.26292628,0.54772097,0.20689014,-0.27721065
../data/train_data_mmini/5/Train_0020.jpg	5	-1.0,-1.0,1.0,-1.0,1.0,1.0,1.0,1.0,-1.0,-1.0,1.0,-1.0,1.0,-1.0,-1.0,1.0,1.0,1.0,-1.0,1.0,-1.0,-1.0,-1.0,-1.0	-0.14684746,-0.26355147,0.01991037,-0.08679377,0.007025618,0.45632902,0.19658385,0.1850952,-0.30493686,-0.40964013,0.21235989,-0.2962011,0.28456196,-0.030292964,-0.24828732,0.1320445,0.27918014,0.39727816,-0.40997154,0.47384658,-0.31288955,-1.0547348,-0.05981029,-0.2036267
../data/train_data_mmini/5/Train_0021.jpg	5	1.0,1.0,1.0,-1.0,-1.0,-1.0,1.0,1.0,1.0,1.0,-1.0,1.0,-1.0,1.0,1.0,1.0,-1.0,-1.0,1.0,-1.0,-1.0,1.0,1.0,-1.0	0.06650591,0.11619772,0.34411705,-0.17770599,-0.042932164,-0.24403046,0.25408888,0.19135194,0.22894022,0.5246099,-0.067826115,0.10877847,-0.11920195,0.064508475,0.38674828,0.47108042,-0.16673397,-0.18433191,0.10545411,-0.041417852,-0.48334566,0.16737992,0.1873541,-0.28333127
../data/train_data_mmini/5/Train_0022.jpg	5	-1.0,1.0,1.0,-1.0,1.0,1.0,1.0,1.0,-1.0,-1.0,1.0,-1.0,1.0,1.0,-1.0,1.0,1.0,1.0,-1.0,1.0,-1.0,-1.0,1.0,-1.0	-0.008326143,0.00038841343,0.07525811,-0.099129744,0.028078075,0.54081917,0.023561664,0.1726806,-0.23084632,-0.15431881,0.20272037,-0.27380672,0.03248808,0.19645232,-0.30771923,0.24470033,0.080580845,0.35371414,-0.22074373,0.29658628,-0.20845312,-0.7806508,0.05906049,-0.1716322
../data/train_data_mmini/5/Train_0023.jpg	5	-1.0,-1.0,-1.0,-1.0,1.0,1.0,1.0,1.0,-1.0,-1.0,1.0,-1.0,1.0,1.0,-1.0,1.0,1.0,1.0,-1.0,1.0,-1.0,-1.0,-1.0,-1.0	-0.19850953,-0.24823199,-0.0396921,-0.013502732,0.033976357,0.4817658,0.16115557,0.1365739,-0.45836458,-0.45337945,0.10342249,-0.23878622,0.459231,0.038350847,-0.15372348,0.22482231,0.24379225,0.28863767,-0.32676482,0.40950745,-0.34189758,-1.0327228,-0.00037797564,-0.09002175
../data/train_data_mmini/5/Train_0024.jpg	5	-1.0,-1.0,1.0,-1.0,-1.0,1.0,1.0,-1.0,-1.0,-1.0,1.0,-1.0,1.0,-1.0,1.0,1.0,1.0,1.0,-1.0,1.0,-1.0,-1.0,-1.0,-1.0	-0.1540342,-0.08164183,0.20470342,-0.11989917,-0.07878989,0.16653442,0.015146054,-0.17368107,-0.3107371,-0.12618886,0.023962535,-0.27808556,0.28158784,-0.11968946,0.21857753,0.18418992,0.05942138,0.22292098,-0.32914266,0.25033492,-0.31039643,-0.58942646,-0.11944864,-0.066472225
../data/train_data_mmini/6/Train_0025.jpg	6	1.0,-1.0,-1.0,-1.0,1.0,1.0,-1.0,-1.0,-1.0,-1.0,-1.0,-1.0,1.0,-1.0,1.0,-1.0,1.0,1.0,1.0,-1.0,1.0,1.0,-1.0,-1.0	0.13799968,-0.47852832,-0.3473543,-0.27561495,0.28778628,0.3044271,-0.46628696,-0.6672905,-0.1270571,-0.31211492,-0.22481266,-0.13631183,0.16276416,-0.4039916,0.08114865,-0.7811107,0.44668868,0.4441881,0.0020594639,-0.13593973,0.3433526,0.37515616,-0.5159644,-0.100475065
../data/train_data_mmini/6/Train_0026.jpg	6	-1.0,-1.0,-1.0,1.0,1.0,-1.0,1.0,1.0,-1.0,-1.0,-1.0,1.0,1.0,-1.0,-1.0,1.0,1.0,1.0,-1.0,1.0,-1.0,-1.0,-1.0,-1.0	-0.15694398,-0.51680607,-0.42684105,0.35376638,0.050657813,-0.3262109,0.4668095,0.28891468,-0.54059714,-0.61974394,-0.20976533,0.05811917,0.73001605,-0.33821225,-0.17505267,0.058744133,0.011981178,0.080139995,-0.2562564,0.4177878,-0.1873407,-0.93110967,-0.15969075,-0.13754947
../data/train_data_mmini/6/Train_0027.jpg	6	1.0,-1.0,-1.0,-1.0,1.0,-1.0,-1.0,1.0,1.0,-1.0,-1.0,1.0,1.0,-1.0,1.0,-1.0,1.0,1.0,-1.0,1.0,1.0,1.0,-1.0,-1.0	0.29616597,-0.012050981,-0.48763415,-0.21317914,0.38062364,-0.3122906,-0.1411591,0.18838309,0.043183573,-0.0992139,-0.61794496,0.16128695,0.10595284,-0.12821971,0.20551533,-0.5600717,0.16573645,0.15413171,-0.12301961,0.15034513,0.31496277,0.24469718,-0.105449446,-0.30082577
../data/train_data_mmini/6/Train_0028.jpg	6	1.0,1.0,-1.0,-1.0,1.0,-1.0,1.0,1.0,1.0,1.0,-1.0,1.0,-1.0,-1.0,1.0,1.0,-1.0,-1.0,1.0,1.0,-1.0,-1.0,-1.0,-1.0	0.12944175,0.032429684,-0.21318981,-0.05646604,0.038470346,-0.5546641,0.28431836,0.36653864,0.19398715,0.3748808,-0.27616498,0.043940656,-0.12463292,-0.20884943,0.45229197,0.12760454,-0.14725776,-0.18984245,0.0069663418,0.29313326,-0.18239993,-0.18527928,-0.060926445,-0.21353292
../data/train_data_mmini/6/Train_0029.jpg	6	-1.0,-1.0,-1.0,1.0,1.0,1.0,1.0,1.0,1.0,-1.0,-1.0,1.0,-1.0,-1.0,-1.0,-1.0,1.0,1.0,1.0,-1.0,-1.0,1.0,-1.0,1.0	-0.016518474,-0.35317945,-0.32668364,0.09033568,0.22903001,0.25071737,0.09774176,0.03391816,0.099778764,-0.2784802,-0.24936488,0.29840124,-0.022098456,-0.46786258,-0.27086535,-0.17707612,0.18747859,0.25495657,0.053057883,-0.088581875,-0.14254215,0.055723812,-0.031815134,0.049177196
../data/train_data_mmini/7/Train_0030.jpg	7	1.0,1.0,1.0,-1.0,-1.0,1.0,1.0,1.0,-1.0,-1.0,-1.0,-1.0,1.0,1.0,-1.0,1.0,1.0,1.0,-1.0,1.0,-1.0,-1.0,1.0,-1.0	0.054094195,0.0031284352,0.036438886,-0.25182652,-0.059422087,0.17040606,0.27977934,0.45471123,-0.22115941,-0.30533442,-0.030778915,-0.18869954,0.29799336,0.084075995,-0.19529891,0.15479724,0.20644929,0.6019756,-0.25499567,0.40742728,-0.101229936,-0.6266171,0.03737288,-0.21019658
../data/train_data_mmini/7/Train_0031.jpg	7	1.0,-1.0,1.0,1.0,-1.0,1.0,1.0,1.0,-1.0,-1.0,-1.0,-1.0,1.0,-1.0,-1.0,-1.0,-1.0,1.0,-1.0,1.0,1.0,-1.0,-1.0,1.0	0.21247849,-0.31191304,0.09721265,0.16404429,-0.033650305,0.053978916,0.16364987,0.17319332,-0.22071704,-0.2699901,-0.12553528,-0.099845506,0.19427334,-0.12645654,-0.22851351,-0.15284893,-0.17647411,0.47019902,-0.09329913,0.26814243,0.07902062,-0.5163295,-0.032723196,1.7221668e-05
../data/train_data_mmini/7/Train_0032.jpg	7	1.0,1.0,1.0,-1.0,1.0,-1.0,1.0,1.0,1.0,1.0,-1.0,1.0,-1.0,1.0,1.0,-1.0,-1.0,-1.0,1.0,1.0,1.0,1.0,1.0,-1.0	0.4670848,0.39570865,0.011697596,-0.21472964,0.08331311,-0.91046256,0.26539794,0.24091159,0.7012515,0.7538025,-0.58589417,0.40738067,-0.26810005,0.038717624,0.8947152,-0.16467206,-0.5206696,-0.12880597,0.21824352,0.043256983,0.2409204,1.1553394,0.15173602,-0.4449778
../data/train_data_mmini/7/Train_0033.jpg	7	1.0,-1.0,-1.0,-1.0,1.0,1.0,-1.0,1.0,-1.0,-1.0,-1.0,-1.0,1.0,-1.0,-1.0,-1.0,1.0,1.0,-1.0,1.0,1.0,-1.0,-1.0,1.0	0.040252805,-0.1712766,-0.2998092,-0.028098179,0.0767028,0.15167232,-0.07384818,0.2521683,-0.44448742,-0.6089659,-0.168951,-0.15700361,0.398608,-0.14004534,-0.17824519,-0.18129063,0.22654243,0.66922057,-0.34753492,0.5673701,0.014923575,-0.8903089,-0.15211083,0.04543234
../data/train_data_mmini/7/Train_0034.jpg	7	1.0,1.0,-1.0,-1.0,1.0,-1.0,-1.0,-1.0,1.0,1.0,-1.0,1.0,-1.0,1.0,1.0,-1.0,1.0,-1.0,1.0,-1.0,-1.0,1.0,-1.0,-1.0	0.27403995,0.15752648,-0.4362483,-0.2829165,0.48345435,-0.5597897,-0.70344824,-0.05334672,0.08189195,0.6118413,-0.58522356,0.16186395,-0.15606341,0.031415638,0.86245745,-0.6131349,0.055070896,-0.73827994,0.07413278,-0.08330725,-0.02250242,0.8075262,-0.24673098,-0.4972759
../data/train_data_mmini/8/Train_0035.jpg	8	1.0,1.0,-1.0,-1.0,1.0,1.0,1.0,1.0,1.0,1.0,-1.0,1.0,1.0,1.0,-1.0,-1.0,-1.0,1.0,-1.0,1.0,1.0,-1.0,1.0,-1.0	0.24086878,0.15727846,-0.05852252,-0.2204916,0.0058173873,0.0005639149,0.068509705,0.13870002,0.033598058,0.054388,-0.18710902,0.03519257,0.0040044007,0.16892794,-0.02993191,-0.08237715,-0.07329728,0.20920336,-0.120694555,0.101334795,0.089853495,-0.062263016,0.18008597,-0.15985219
../data/train_data_mmini/8/Train_0036.jpg	8	1.0,-1.0,-1.0,-1.0,1.0,-1.0,-1.0,1.0,-1.0,-1.0,-1.0,-1.0,1.0,1.0,-1.0,-1.0,1.0,1.0,-1.0,1.0,1.0,-1.0,-1.0,-1.0	0.26321548,-0.10888633,-0.19398272,-0.27636594,0.11061919,-0.08497316,-0.27550673,0.050432015,-0.2313568,-0.27627623,-0.18391234,-0.21487954,0.3193756,0.10352182,-0.07677073,-0.32036164,0.077797964,0.8052367,-0.3228472,0.4487469,0.29777515,-0.66865367,-0.12074632,-0.033871774
../data/train_data_mmini/8/Train_0037.jpg	8	1.0,-1.0,-1.0,1.0,1.0,-1.0,1.0,1.0,-1.0,-1.0,-1.0,1.0,1.0,-1.0,1.0,-1.0,-1.0,-1.0,-1.0,1.0,-1.0,-1.0,-1.0,-1.0	0.0872204,-0.45465145,-0.4332748,0.08535368,0.127341,-0.5858361,0.1747066,0.2739828,-0.1789914,-0.18414065,-0.38638195,0.21362409,0.29464826,-0.2961499,0.15017587,-0.28580585,-0.15196164,-0.1332305,-0.09433038,0.28241605,-0.17722817,-0.360536,-0.18639092,-0.15322655
../data/train_data_mmini/8/Train_0038.jpg	8	1.0,1.0,1.0,1.0,1.0,1.0,1.0,1.0,1.0,1.0,-1.0,1.0,1.0,1.0,-1.0,1.0,-1.0,1.0,-1.0,1.0,1.0,-1.0,1.0,-1.0	0.11883029,0.07183012,0.102383055,0.10414095,0.17147414,0.061740037,0.0074761887,0.31944585,0.107095934,0.00662011,-0.14385557,0.024820827,0.065279804,0.12607656,-0.12108884,0.028683066,-0.02513538,0.21292178,-0.025707673,0.08949827,0.105742715,-0.17298472,0.17952488,-0.25456935
../data/train_data_mmini/8/Train_0039.jpg	8	1.0,1.0,-1.0,-1.0,-1.0,-1.0,1.0,1.0,1.0,1.0,-1.0,1.0,-1.0,1.0,1.0,-1.0,-1.0,1.0,-1.0,1.0,1.0,1.0,1.0,-1.0	0.36114806,0.27381057,-0.20869935,-0.31558225,-0.13286866,-0.08289785,0.025613613,0.31654564,0.08963487,0.16756378,-0.42419064,0.094806515,-0.043506254,0.14093894,0.09772109,-0.096434325,-0.07447837,0.44483435,-0.109690525,0.12317492,0.22055095,0.27886277,0.1624241,-0.19311383
../data/train_data_mmini/9/Train_0040.jpg	9	-1.0,-1.0,1.0,-1.0,-1.0,1.0,1.0,1.0,-1.0,1.0,1.0,-1.0,1.0,-1.0,1.0,1.0,1.0,1.0,-1.0,1.0,-1.0,-1.0,1.0,-1.0	-0.096986175,-0.14214905,0.10708938,-0.061452992,-0.09028983,0.036019634,0.27510175,0.22910444,-0.018359447,0.028905407,0.029081527,-0.03802214,0.077741876,-0.11624587,0.09683328,0.3985138,0.050279994,0.012089087,-0.07347653,0.09879108,-0.47337908,-0.4448694,0.012881987,-0.28101587
../data/train_data_mmini/9/Train_0041.jpg	9	1.0,-1.0,-1.0,1.0,1.0,-1.0,-1.0,1.0,-1.0,-1.0,-1.0,-1.0,1.0,-1.0,-1.0,-1.0,1.0,1.0,-1.0,1.0,1.0,-1.0,-1.0,-1.0	0.3593057,-0.092078865,-0.5246863,0.0410973,0.06876053,-0.07903501,-0.114699416,0.34939915,-0.22800754,-0.2887179,-0.32203078,-0.03280834,0.095988184,-0.02382647,-0.11742688,-0.6218278,0.07555233,0.45996103,-0.30309045,0.51582223,0.19301605,-0.42560595,-0.07199142,-0.14632976
../data/train_data_mmini/9/Train_0042.jpg	9	-1.0,-1.0,1.0,1.0,1.0,-1.0,1.0,-1.0,1.0,1.0,-1.0,1.0,-1.0,-1.0,1.0,1.0,-1.0,-1.0,1.0,-1.0,-1.0,1.0,1.0,-1.0	-0.13422787,-0.37367845,0.28599736,0.1771858,0.0030137189,-0.33392608,0.3604999,-0.10497386,0.22259977,0.29975784,-0.28183734,0.21790084,-0.16667971,-0.4341625,0.38022488,0.20426267,-0.22380586,-0.52007604,0.22344448,-0.36042744,-0.5746572,0.36230686,0.023064308,-0.31882972
../data/train_data_mmini/9/Train_0043.jpg	9	-1.0,-1.0,1.0,-1.0,1.0,1.0,1.0,1.0,-1.0,-1.0,1.0,1.0,-1.0,1.0,-1.0,1.0,1.0,1.0,-1.0,1.0,-1.0,-1.0,1.0,-1.0	-0.005156845,-0.04631578,0.070215024,-0.024511768,0.044470046,0.091918945,0.22609223,0.16236614,-0.055482887,-0.05075364,0.073695675,0.06689658,-0.15680285,0.024669418,-0.22321111,0.22381407,0.057568062,0.09846498,-0.19916229,0.050036535,-0.3687079,-0.49288946,0.105028905,-0.094485186
../data/train_data_mmini/9/Train_0044.jpg	9	-1.0,-1.0,1.0,-1.0,-1.0,1.0,1.0,-1.0,1.0,-1.0,-1.0,1.0,1.0,-1.0,-1.0,1.0,1.0,1.0,1.0,-1.0,-1.0,1.0,1.0,-1.0	-0.13545439,-0.34820843,0.10474429,-0.08572364,-0.032497626,0.19022055,0.40439528,-0.08719481,0.08163289,-0.2079611,-0.09321511,0.13718903,0.00996526,-0.30211622,-0.060154893,0.031516414,0.17599292,0.44643438,0.0824764,-0.124772385,-0.121243075,0.04148158,0.059213705,-0.100913115
../data/train_data_mmini/10/Train_0045.jpg	10	1.0,1.0,-1.0,-1.0,1.0,-1.0,-1.0,-1.0,1.0,1.0,-1.0,1.0,-1.0,1.0,1.0,-1.0,-1.0,1.0,-1.0,1.0,1.0,1.0,-1.0,1.0	0.5598537,0.10854104,-0.3149887,-0.18399031,0.17307064,-0.3052028,-0.64468527,-0.05232666,0.05158373,0.10294598,-0.6496704,0.10183173,-0.20322841,0.2900631,0.15411243,-0.71182084,-0.21322875,0.17144969,-0.12225533,0.10188545,0.5131729,1.0310763,-0.0025335478,0.02258205
../data/train_data_mmini/10/Train_0046.jpg	10	-1.0,-1.0,-1.0,-1.0,1.0,-1.0,1.0,1.0,1.0,1.0,-1.0,1.0,-1.0,-1.0,1.0,-1.0,-1.0,-1.0,1.0,-1.0,-1.0,1.0,1.0,-1.0	-0.09217578,-0.17456533,-0.24484538,-0.12518784,0.061792668,-0.5297329,0.3481793,0.18933734,0.5872593,0.34136385,-0.3827422,0.5422875,-0.37464502,-0.58525443,0.3153522,-0.18182835,-0.1440099,-0.25239816,0.43041742,-0.4473527,-0.05684105,0.92884123,0.12910667,-0.20655598
../data/train_data_mmini/10/Train_0047.jpg	10	1.0,1.0,-1.0,-1.0,1.0,-1.0,-1.0,-1.0,1.0,1.0,-1.0,1.0,-1.0,1.0,1.0,-1.0,-1.0,-1.0,1.0,-1.0,1.0,1.0,1.0,-1.0	0.23954844,0.01371883,-0.19990969,-0.20309688,0.20043938,-0.16698273,-0.2904158,-0.12873133,0.16451691,0.41331542,-0.36774045,0.13365725,-0.25807974,0.14730385,0.21663466,-0.3234211,-0.026295584,-0.01723768,0.0893357,-0.07810865,0.106812075,0.7114328,0.04713712,-0.14189245
../data/train_data_mmini/10/Train_0048.jpg	10	1.0,1.0,1.0,-1.0,1.0,1.0,-1.0,-1.0,1.0,1.0,-1.0,-1.0,-1.0,1.0,1.0,-1.0,1.0,1.0,1.0,-1.0,1.0,1.0,1.0,-1.0	0.26971626,0.4873234,0.07852439,-0.8535977,0.02907962,0.5538226,-0.57015985,-0.3775841,0.4578092,0.3387677,-0.2692627,-0.21314603,-0.14178431,0.36802524,0.36554626,-0.44385752,0.22553237,0.8724504,0.04766344,-0.22496702,0.6557955,1.2231559,0.024138011,-0.37039942
../data/train_data_mmini/10/Train_0049.jpg	10	1.0,1.0,-1.0,-1.0,-1.0,-1.0,1.0,1.0,1.0,1.0,-1.0,1.0,-1.0,-1.0,1.0,-1.0,-1.0,1.0,-1.0,1.0,1.0,1.0,1.0,-1.0	0.22644272,0.14194353,-0.0945931,-0.17518757,-0.014796164,-0.1119588,0.010895856,0.05258091,0.09753064,0.073262215,-0.2664403,0.08283951,-0.021772113,-0.0027834824,0.14943251,-0.2033819,-0.07724129,0.19350356,-0.044931363,0.09950702,0.07291028,0.15178525,0.0045124516,-0.20002241
