../data/train_data_mmini/1/Train_0000.jpg	1	-1.0,-1.0,-1.0,1.0,1.0,-1.0,1.0,1.0,1.0,1.0,-1.0,-1.0,-1.0,-1.0,1.0,-1.0,1.0,-1.0,-1.0,-1.0,1.0,1.0,-1.0,1.0	-0.87757057,-0.09700647,-0.2552422,1.9669175,0.3299824,-0.06024594,0.041809797,0.8474759,0.2898835,2.007339,-0.12879889,-0.93762255,-1.0212518,-0.583614,1.3700202,-0.21766344,1.0848867,-0.034239754,-0.48552522,-0.31581014,1.3754038,0.03316088,-0.40185976,0.28867957
../data/train_data_mmini/1/Train_0001.jpg	1	-1.0,1.0,-1.0,1.0,1.0,-1.0,1.0,1.0,-1.0,1.0,-1.0,-1.0,1.0,-1.0,1.0,1.0,1.0,1.0,1.0,1.0,1.0,1.0,-1.0,-1.0	-0.85828215,0.16193601,-0.20184487,1.4485538,0.3332988,-0.009694016,0.27125326,0.74085,-0.25376144,0.33145523,-0.36432868,-0.54889804,0.24734126,-0.020487458,0.101804994,0.6913991,1.0461893,0.15479,0.39775935,0.47386295,0.88519436,0.33550906,-0.49328524,-0.20119755
../data/train_data_mmini/1/Train_0002.jpg	1	-1.0,1.0,1.0,1.0,-1.0,-1.0,1.0,1.0,-1.0,-1.0,-1.0,-1.0,1.0,-1.0,-1.0,1.0,1.0,1.0,-1.0,-1.0,1.0,1.0,1.0,-1.0	-0.7622008,1.1284004,0.21932213,0.99586165,-0.7695867,-0.51968825,0.076606095,1.4096287,-0.06986015,-0.24298236,-1.0923485,-0.2553332,0.13127662,-0.13792497,-0.61384714,1.1492457,1.4543709,0.054693535,-0.13347523,-0.0018998086,0.8130377,0.41042697,0.54072547,-0.6875466
../data/train_data_mmini/1/Train_0003.jpg	1	-1.0,-1.0,-1.0,1.0,1.0,1.0,1.0,1.0,1.0,1.0,-1.0,-1.0,-1.0,-1.0,1.0,-1.0,1.0,1.0,1.0,1.0,1.0,-1.0,-1.0,1.0	-0.82822865,-0.3162721,-0.40044186,2.1442752,0.8161539,0.052897565,0.2481372,0.8845545,0.18464601,1.8352666,-0.07553293,-0.73970705,-0.9194778,-0.47317845,1.5668758,-0.3619451,1.1035128,0.21837415,0.16458833,0.055841714,1.4366541,-0.4541415,-0.44243896,0.502533
../data/train_data_mmini/1/Train_0004.jpg	1	-1.0,-1.0,-1.0,1.0,1.0,-1.0,1.0,1.0,1.0,1.0,-1.0,-1.0,-1.0,-1.0,1.0,1.0,1.0,1.0,-1.0,-1.0,1.0,1.0,-1.0,1.0	-0.7459449,-0.22872671,-0.037845016,1.9154379,0.2505774,-0.2098405,0.052747414,0.8382516,0.38361692,2.1803424,-0.16840823,-1.2372673,-0.8352147,-0.5431403,1.4711778,0.0022725686,1.2681378,0.022471026,-0.3697495,-0.67280185,1.4987988,0.29936916,-0.36487466,0.36475888
../data/train_data_mmini/2/Train_0005.jpg	2	1.0,-1.0,-1.0,-1.0,-1.0,1.0,-1.0,1.0,-1.0,-1.0,-1.0,1.0,1.0,1.0,-1.0,1.0,-1.0,-1.0,1.0,1.0,-1.0,1.0,-1.0,-1.0	0.18048933,-0.09802246,-0.1325672,-0.91928303,-0.28752688,0.6299717,-0.14304832,0.05656658,-0.29397753,-1.451066,-0.24426891,0.33213294,1.1525826,0.69061214,-0.592135,0.20389412,-0.4605583,-0.15447363,0.5844444,1.0232697,-0.55715245,1.0598158,-0.71712977,-0.49718496
../data/train_data_mmini/2/Train_0006.jpg	2	1.0,-1.0,1.0,-1.0,-1.0,1.0,-1.0,1.0,-1.0,-1.0,-1.0,-1.0,1.0,1.0,1.0,-1.0,-1.0,1.0,1.0,1.0,-1.0,-1.0,-1.0,1.0	0.5270532,-0.41824093,0.32683378,-0.45474476,-1.0741103,0.69369406,-0.25665003,0.6560108,-0.18870194,-0.17600495,-0.20125131,-0.7745706,0.43764526,0.08647929,0.13156056,-0.15383048,-0.507696,0.05387743,1.2953492,0.12929016,-0.874856,-0.037303776,-0.624063,0.83575046
../data/train_data_mmini/2/Train_0007.jpg	2	-1.0,-1.0,-1.0,1.0,1.0,1.0,-1.0,1.0,1.0,1.0,1.0,-1.0,-1.0,-1.0,1.0,-1.0,1.0,-1.0,-1.0,-1.0,1.0,1.0,-1.0,1.0	-0.74839896,-0.6623558,-0.65144765,1.8328587,1.131648,0.29869717,-0.02620539,0.2970627,0.53016144,2.4051094,0.48830378,-0.75194913,-1.365188,-0.6460153,2.1816242,-0.8848103,0.6015028,-0.29817218,-0.76517415,-0.48600805,1.419628,0.5819134,-0.9229323,0.5052833
../data/train_data_mmini/2/Train_0008.jpg	2	-1.0,1.0,1.0,1.0,-1.0,1.0,-1.0,1.0,1.0,1.0,-1.0,-1.0,-1.0,-1.0,1.0,1.0,1.0,-1.0,-1.0,-1.0,1.0,1.0,-1.0,-1.0	-0.1770778,0.38746414,0.19259876,0.5008892,-1.1831301,0.24276045,-0.6474416,0.694728,0.38256407,0.7544099,-0.2093165,-1.0292436,-0.28869846,-0.28517592,0.27523676,0.43772104,0.68548375,-0.38260907,-0.42964166,-0.4641587,0.35117245,0.9908073,-0.061244402,-0.028974917
../data/train_data_mmini/2/Train_0009.jpg	2	-1.0,-1.0,-1.0,-1.0,1.0,1.0,-1.0,-1.0,-1.0,-1.0,1.0,-1.0,1.0,1.0,1.0,-1.0,-1.0,-1.0,1.0,1.0,-1.0,1.0,-1.0,-1.0	-0.121624656,-0.7312926,-0.6343694,-0.32251698,0.31152403,0.8782644,-0.36134675,-0.27825207,-0.13702077,-0.24767956,0.25582546,-0.06664083,0.17249842,0.5415235,0.63499296,-0.620561,-0.9593199,-0.1810133,0.41472468,1.0040925,-0.23400453,1.0758146,-1.2973236,-0.119557664
../data/train_data_mmini/3/Train_0010.jpg	3	1.0,1.0,1.0,-1.0,-1.0,1.0,-1.0,-1.0,-1.0,-1.0,1.0,-1.0,1.0,1.0,-1.0,1.0,-1.0,-1.0,1.0,1.0,-1.0,1.0,-1.0,-1.0	0.17570871,0.22905287,0.04788819,-1.0258511,-0.36456075,0.837266,-0.2025322,-0.1255243,-0.082136855,-1.3123683,0.13051373,-0.18525091,0.85449916,0.6957793,-0.81028914,1.0318687,-0.16210882,-0.18446793,0.893188,0.6087173,-0.48915794,1.5471367,-0.50318646,-0.7952313
../data/train_data_mmini/3/Train_0011.jpg	3	-1.0,1.0,1.0,-1.0,-1.0,-1.0,1.0,1.0,-1.0,-1.0,-1.0,1.0,1.0,1.0,-1.0,1.0,1.0,-1.0,-1.0,1.0,1.0,1.0,1.0,-1.0	-0.64476824,1.4985168,0.1936916,-0.24194548,-0.18116572,-0.7347579,0.11724426,1.0014815,-0.25874048,-1.8353962,-0.8865051,0.20631824,1.6067966,0.563122,-1.6727315,2.236433,1.654851,-0.06415346,-0.43095547,0.34555405,0.3793116,1.7177066,0.28315717,-1.8240407
../data/train_data_mmini/3/Train_0012.jpg	3	-1.0,1.0,1.0,1.0,1.0,-1.0,1.0,1.0,-1.0,-1.0,-1.0,-1.0,1.0,1.0,-1.0,1.0,1.0,1.0,1.0,1.0,1.0,-1.0,-1.0,-1.0	-0.17063981,0.2071152,0.13564648,0.52699023,0.20177495,-0.3870104,0.6348301,0.95054173,-0.68008924,-0.82047373,-0.7888961,-0.33034867,1.1441293,0.366888,-0.20601615,1.0102328,1.1832952,0.4426577,1.0527755,0.744562,0.3029034,-0.30793107,-0.27172825,-0.3464534
../data/train_data_mmini/3/Train_0013.jpg	3	1.0,1.0,1.0,-1.0,-1.0,1.0,-1.0,1.0,-1.0,-1.0,-1.0,-1.0,1.0,1.0,-1.0,1.0,-1.0,1.0,1.0,1.0,-1.0,1.0,-1.0,-1.0	0.7642271,0.9149512,0.10923167,-1.3591356,-1.9349446,0.8330877,-0.52650154,1.3161554,-0.032759517,-1.455906,-0.51401806,-0.4876483,1.0583631,0.48330528,-0.8837427,0.4601804,-0.07175273,0.102706715,1.0495328,0.96884865,-1.2568073,0.3866741,-0.13799773,-0.075479805
../data/train_data_mmini/3/Train_0014.jpg	3	-1.0,1.0,1.0,-1.0,-1.0,1.0,-1.0,1.0,-1.0,-1.0,-1.0,-1.0,1.0,1.0,-1.0,1.0,1.0,-1.0,1.0,1.0,-1.0,1.0,-1.0,-1.0	-0.11034214,0.25056693,0.01992479,-0.88116264,-0.5743431,0.36398765,-0.19946179,0.10986012,-0.11254973,-1.176249,-0.20089312,-0.08686224,1.1860762,0.45012814,-0.7504856,0.8054383,0.075362936,-0.15071382,0.42342994,0.6807301,-0.40784255,1.4736404,-0.5509853,-0.6336967
../data/train_data_mmini/4/Train_0015.jpg	4	-1.0,1.0,1.0,1.0,-1.0,-1.0,-1.0,1.0,1.0,1.0,-1.0,-1.0,-1.0,-1.0,1.0,1.0,1.0,1.0,-1.0,-1.0,1.0,-1.0,1.0,1.0	-0.4784497,0.38768962,0.17696369,1.7135501,-0.833969,-0.3183904,-0.05780931,1.5692157,0.385067,1.6143805,-0.7574117,-1.1325779,-0.5902573,-0.479244,0.9489808,0.2799111,1.6528329,0.044295326,-0.39624813,-0.526752,1.2582977,-0.080497295,0.38823932,0.3562885
../data/train_data_mmini/4/Train_0016.jpg	4	-1.0,1.0,-1.0,1.0,1.0,-1.0,1.0,1.0,-1.0,-1.0,-1.0,1.0,1.0,1.0,-1.0,1.0,1.0,1.0,1.0,1.0,1.0,1.0,-1.0,-1.0	-1.1216888,0.52086186,-0.40063027,0.37976632,0.22404957,-0.03745144,0.18904641,0.5110017,-0.60101545,-1.1808022,-0.7392485,0.37588662,0.71172553,0.36390853,-0.8208316,0.6612586,0.6977147,0.09560628,0.16008034,1.1285813,0.3736199,0.32212877,-0.10079925,-0.83031076
../data/train_data_mmini/4/Train_0017.jpg	4	1.0,1.0,1.0,-1.0,-1.0,1.0,1.0,1.0,-1.0,-1.0,-1.0,-1.0,1.0,1.0,-1.0,1.0,-1.0,1.0,1.0,1.0,-1.0,1.0,-1.0,-1.0	0.20814443,0.65898955,0.108743206,-1.389213,-0.6847819,0.60177445,0.32097912,0.44181335,-0.829568,-2.5192437,-0.6083909,-0.062275924,1.8517383,0.8847663,-1.6184735,1.085349,-0.16822657,0.12928359,1.0873432,1.2834361,-1.4144486,0.4201414,-0.49250793,-0.7847648
../data/train_data_mmini/4/Train_0018.jpg	4	-1.0,1.0,-1.0,-1.0,-1.0,1.0,-1.0,-1.0,-1.0,-1.0,-1.0,-1.0,1.0,1.0,-1.0,1.0,-1.0,-1.0,-1.0,1.0,1.0,1.0,-1.0,-1.0	-0.28677565,0.14232172,-0.13029826,-0.47451445,-0.27675915,0.45665702,-0.23450804,-0.27358317,-0.10921934,-0.5625583,-0.24605863,-0.15884806,0.54383355,0.36268628,-0.43361235,0.41325375,-0.0053179376,-0.43521374,-0.20332281,0.6474309,0.009500451,1.3709476,-0.5215944,-0.8282661
../data/train_data_mmini/4/Train_0019.jpg	4	1.0,1.0,1.0,-1.0,-1.0,1.0,-1.0,1.0,-1.0,-1.0,-1.0,-1.0,1.0,1.0,-1.0,1.0,-1.0,1.0,1.0,1.0,-1.0,-1.0,-1.0,1.0	0.9309526,0.039101407,0.7056171,-0.3884312,-1.3710476,0.5178439,-0.091344535,1.2979045,-0.14608048,-0.6554784,-0.63346004,-0.6529741,0.8233203,0.25451672,-0.24604827,0.19823448,-0.279206,0.52126914,1.6724294,0.13248649,-1.0040807,-0.33446723,-0.35910377,1.0483217
../data/train_data_mmini/5/Train_0020.jpg	5	-1.0,-1.0,-1.0,1.0,1.0,-1.0,1.0,1.0,1.0,1.0,-1.0,-1.0,-1.0,-1.0,1.0,-1.0,1.0,1.0,-1.0,-1.0,1.0,1.0,-1.0,1.0	-0.8619489,-0.49943408,-0.4024239,2.1568902,0.67953515,-0.018940514,0.17371128,0.81122255,0.11978692,1.8472888,-0.10045256,-0.57802767,-0.89000005,-0.51639265,1.5797961,-0.3998834,0.8203601,0.18303524,-0.060120404,-0.20487854,1.3604678,0.17765348,-0.67377913,0.6375293
../data/train_data_mmini/5/Train_0021.jpg	5	-1.0,1.0,1.0,1.0,-1.0,-1.0,-1.0,1.0,1.0,1.0,-1.0,-1.0,-1.0,-1.0,1.0,1.0,1.0,-1.0,-1.0,-1.0,1.0,1.0,-1.0,1.0	-0.48730618,0.32216015,0.058002353,1.0457126,-0.68899643,-0.21838242,-0.24904475,1.1812917,0.3350181,1.3808155,-0.33602124,-1.1017336,-0.28657866,-0.32498857,0.7581884,0.3324598,1.2007076,-0.13725686,-0.27962136,-0.34643066,1.1159247,0.66459155,-0.03176987,0.1542326
../data/train_data_mmini/5/Train_0022.jpg	5	-1.0,-1.0,-1.0,1.0,1.0,1.0,-1.0,1.0,1.0,1.0,1.0,-1.0,-1.0,-1.0,1.0,-1.0,-1.0,-1.0,1.0,-1.0,1.0,1.0,-1.0,1.0	-0.013540126,-0.9200412,-0.35345313,1.0661578,0.53951085,0.52895886,-0.15583965,0.33504093,0.24616939,1.66488,0.48758316,-0.7390117,-0.90616137,-0.34771186,1.8365911,-0.91599715,-0.23711948,-0.13003324,0.11226386,-0.30818254,0.501733,0.48676342,-1.1342291,0.8320296
../data/train_data_mmini/5/Train_0023.jpg	5	-1.0,-1.0,-1.0,1.0,1.0,1.0,1.0,1.0,1.0,1.0,1.0,-1.0,-1.0,-1.0,1.0,-1.0,1.0,-1.0,-1.0,-1.0,1.0,1.0,-1.0,1.0	-0.723119,-0.67976916,-0.46083316,2.152354,0.9478835,0.076205365,0.028359488,0.502717,0.37499356,2.429471,0.24782847,-0.96530086,-1.2758529,-0.64868075,2.0269785,-0.76575524,0.75514454,-0.048489526,-0.2553978,-0.47599176,1.4842461,0.029496476,-0.7421324,0.69493216
../data/train_data_mmini/5/Train_0024.jpg	5	-1.0,1.0,-1.0,1.0,1.0,-1.0,1.0,1.0,1.0,1.0,-1.0,-1.0,-1.0,-1.0,1.0,1.0,1.0,-1.0,-1.0,1.0,1.0,1.0,-1.0,-1.0	-0.640382,0.06456126,-0.2771072,1.2987313,0.2879544,-0.13314724,0.052753583,0.8912833,0.25406325,1.2843176,-0.21772216,-0.5999092,-0.38254267,-0.27362603,1.2039722,0.00086420774,1.091721,-0.031612635,-0.26769862,0.1065923,1.3195204,0.44056833,-0.20951787,-0.096190974
../data/train_data_mmini/6/Train_0025.jpg	6	1.0,1.0,-1.0,-1.0,-1.0,1.0,1.0,1.0,-1.0,-1.0,-1.0,1.0,1.0,1.0,-1.0,1.0,-1.0,1.0,1.0,1.0,-1.0,1.0,-1.0,-1.0	0.51080877,0.47593352,-0.024032965,-2.093638,-0.11857173,0.6503135,0.10466701,0.65998185,-0.47036383,-3.3305933,-0.39194685,0.7618625,2.4940724,1.3528445,-1.8003508,0.9096777,-0.3381108,0.0828134,1.6813669,1.6072221,-1.3664387,1.0134658,-0.4168883,-0.91614866
../data/train_data_mmini/6/Train_0026.jpg	6	-1.0,1.0,-1.0,-1.0,1.0,1.0,1.0,1.0,-1.0,-1.0,-1.0,-1.0,1.0,1.0,-1.0,1.0,1.0,1.0,1.0,1.0,1.0,1.0,-1.0,-1.0	-0.6585093,0.41872796,-0.26383886,-0.008270729,0.04304269,0.5906961,0.09570788,0.041587934,-0.25734684,-0.70307916,-0.09797554,-0.21207099,0.6525917,0.58271605,-0.46325713,0.5976087,0.012829889,0.036581144,0.22995615,0.9649442,0.013013609,1.3032682,-0.79874897,-0.80750686
../data/train_data_mmini/6/Train_0027.jpg	6	-1.0,1.0,-1.0,-1.0,1.0,1.0,1.0,1.0,-1.0,-1.0,-1.0,1.0,1.0,1.0,-1.0,1.0,1.0,-1.0,1.0,1.0,-1.0,1.0,-1.0,-1.0	-0.3703552,0.6798457,-0.2685047,-1.533253,0.04857345,0.3653737,0.08530688,0.017087623,-0.5253469,-2.6969502,-0.36557406,0.42911953,1.9803787,1.2015606,-1.8394649,1.525296,0.13320772,-0.03221056,0.71666324,1.3547404,-0.6569021,1.7944089,-0.48502696,-1.4225502
../data/train_data_mmini/6/Train_0028.jpg	6	-1.0,1.0,1.0,-1.0,-1.0,-1.0,-1.0,1.0,-1.0,-1.0,-1.0,-1.0,1.0,1.0,-1.0,1.0,1.0,-1.0,-1.0,1.0,1.0,1.0,-1.0,-1.0	-0.85961455,0.7270616,0.009432599,-0.05467656,-0.14308092,-0.3266944,-0.15792216,0.27224827,-0.15171587,-0.7475824,-0.48297507,-0.06720784,0.83507806,0.30559933,-0.8507515,1.3071187,0.95080644,-0.12183787,-0.39960757,0.37268597,0.50405604,1.6362671,-0.16467598,-1.2130116
../data/train_data_mmini/6/Train_0029.jpg	6	1.0,1.0,-1.0,-1.0,-1.0,1.0,-1.0,1.0,-1.0,-1.0,-1.0,1.0,1.0,1.0,-1.0,1.0,-1.0,-1.0,1.0,1.0,-1.0,1.0,-1.0,-1.0	0.7507776,0.26296744,-0.12075779,-1.8729194,-0.6217686,1.1821675,-0.3078736,0.4306419,-0.11336315,-2.355718,-0.18838982,0.53658795,1.4089906,1.0816917,-0.94482803,0.27638224,-0.8508075,-0.10796135,1.1535717,1.6284523,-1.270653,0.9651425,-0.6282701,-0.8518372
../data/train_data_mmini/7/Train_0030.jpg	7	-1.0,-1.0,-1.0,1.0,1.0,1.0,-1.0,1.0,-1.0,1.0,1.0,-1.0,1.0,1.0,1.0,-1.0,-1.0,1.0,1.0,1.0,1.0,1.0,-1.0,1.0	-0.2914307,-0.8072413,-0.64696324,0.35067207,0.45175385,0.6248717,-0.02401632,0.38762343,-0.30813518,0.114314415,0.027458832,-0.17713422,0.21495347,0.29345173,0.8166883,-0.7002751,-0.46417648,0.07656455,0.6119571,0.9217009,0.06949585,0.2719251,-1.1301986,0.46159393
../data/train_data_mmini/7/Train_0031.jpg	7	1.0,-1.0,-1.0,-1.0,-1.0,1.0,-1.0,-1.0,-1.0,-1.0,-1.0,1.0,1.0,1.0,-1.0,1.0,-1.0,-1.0,1.0,1.0,-1.0,1.0,-1.0,-1.0	0.08486272,-0.0054907203,-0.3171006,-1.5169114,-0.55405474,1.0295838,-0.32135096,-0.058397636,-0.3567513,-1.7596722,-0.1362216,0.10617836,1.2809327,0.9767584,-0.8948037,0.29959002,-0.8445511,-0.22036535,0.9363754,1.4859972,-0.92056364,1.1958421,-0.82903373,-0.75528604
../data/train_data_mmini/7/Train_0032.jpg	7	1.0,1.0,1.0,-1.0,-1.0,1.0,-1.0,1.0,-1.0,-1.0,-1.0,1.0,1.0,1.0,-1.0,1.0,1.0,-1.0,1.0,1.0,-1.0,1.0,-1.0,-1.0	0.09146427,1.3775872,0.06488632,-1.9506325,-0.87462115,0.0118477885,-0.13488331,0.53308225,-0.24792467,-3.1325705,-0.76201683,0.4204567,2.3161886,1.230113,-2.309007,1.9621938,0.49083745,-0.11011308,0.16443357,1.0488026,-0.8875106,2.0783057,-0.09895222,-2.076589
../data/train_data_mmini/7/Train_0033.jpg	7	-1.0,-1.0,-1.0,-1.0,1.0,1.0,1.0,-1.0,-1.0,-1.0,1.0,1.0,1.0,1.0,1.0,1.0,-1.0,-1.0,1.0,1.0,-1.0,1.0,-1.0,-1.0	-0.5380834,-0.75340295,-0.5168178,-0.18240066,0.70229757,0.6362378,0.052530035,-0.52104944,-0.46305573,-0.70148164,0.19028033,0.108095214,0.652617,0.60393703,0.24765065,0.031138323,-0.5508941,-0.09420797,0.5804665,1.0804019,-0.1418632,1.0268946,-1.2361598,-0.4182115
../data/train_data_mmini/7/Train_0034.jpg	7	-1.0,1.0,1.0,-1.0,1.0,-1.0,1.0,1.0,-1.0,-1.0,-1.0,1.0,1.0,1.0,-1.0,1.0,1.0,-1.0,-1.0,1.0,1.0,1.0,1.0,-1.0	-0.4879217,1.5053533,0.12774336,-1.4294039,0.27947265,-0.7148581,0.044186942,0.5217807,-0.19131865,-2.8971596,-0.5742804,0.765505,2.4565666,1.164566,-2.347689,2.8132005,1.517905,-0.05687239,-0.10967709,0.8483384,0.21793765,2.8408084,0.36134005,-2.5206943
../data/train_data_mmini/8/Train_0035.jpg	8	1.0,-1.0,-1.0,-1.0,-1.0,1.0,-1.0,-1.0,-1.0,-1.0,1.0,1.0,1.0,1.0,1.0,-1.0,-1.0,-1.0,1.0,1.0,-1.0,1.0,-1.0,-1.0	0.46309543,-0.6519455,-0.31634578,-1.1314383,-0.06491715,0.8276912,-0.4271324,-0.15035456,-0.06235552,-0.7628426,0.26342136,0.045486227,0.700482,0.6780926,0.24419445,-0.23533237,-0.8400868,-0.47998583,0.6910584,0.9649387,-0.5040324,1.1606392,-0.9253511,-0.39748695
../data/train_data_mmini/8/Train_0036.jpg	8	1.0,-1.0,-1.0,-1.0,-1.0,1.0,-1.0,-1.0,-1.0,-1.0,-1.0,1.0,1.0,1.0,-1.0,-1.0,-1.0,-1.0,1.0,1.0,-1.0,1.0,-1.0,-1.0	0.1696308,-0.33721912,-0.41141805,-1.5987546,-0.18283585,1.1276006,-0.25831655,-0.36653286,-0.3543846,-1.9700317,-0.029159516,0.65152377,1.3525319,1.1090602,-0.6844226,-0.047011957,-1.1672649,-0.37703392,0.8804201,1.5539751,-0.93115455,1.395028,-0.9246982,-0.7637653
../data/train_data_mmini/8/Train_0037.jpg	8	-1.0,1.0,-1.0,-1.0,-1.0,1.0,-1.0,1.0,-1.0,-1.0,-1.0,1.0,1.0,1.0,-1.0,1.0,1.0,-1.0,1.0,1.0,-1.0,1.0,-1.0,-1.0	-0.43077153,0.9095118,-0.26086116,-1.3584152,-0.2206994,0.42890197,-0.0815607,0.096364856,-0.39348936,-2.3558362,-0.43407214,0.3639682,1.6945577,1.121205,-1.6577996,1.3247647,0.15976246,-0.19725952,0.22413328,1.4096453,-0.4289446,1.9291209,-0.48245466,-1.7765914
../data/train_data_mmini/8/Train_0038.jpg	8	1.0,1.0,-1.0,-1.0,-1.0,1.0,-1.0,1.0,-1.0,-1.0,-1.0,-1.0,1.0,1.0,-1.0,1.0,-1.0,-1.0,1.0,1.0,-1.0,1.0,-1.0,-1.0	0.2488195,0.19334361,-0.1430291,-0.7700019,-0.59147906,0.55399793,-0.23414773,0.66406363,-0.10418339,-0.95356834,-0.10202369,-0.1776058,0.8720513,0.5783358,-0.33132532,0.40231556,-0.014892157,-0.16764148,0.78681195,1.1052101,-0.3756664,0.9066547,-0.3676903,-0.38890862
../data/train_data_mmini/8/Train_0039.jpg	8	1.0,-1.0,-1.0,-1.0,-1.0,1.0,-1.0,-1.0,-1.0,-1.0,1.0,1.0,1.0,1.0,-1.0,1.0,-1.0,-1.0,1.0,1.0,-1.0,1.0,-1.0,-1.0	0.8041055,-0.43051186,-0.22826338,-1.9994226,-0.27640083,1.1157904,-0.37121046,-0.24461536,-0.25786296,-2.0047257,0.15961593,0.52473515,1.3303089,1.1314727,-0.40687585,0.04626806,-1.4168258,-0.4400655,0.9003706,1.37553,-1.131217,1.2568798,-1.1168022,-0.82352334
../data/train_data_mmini/9/Train_0040.jpg	9	-1.0,-1.0,-1.0,1.0,1.0,1.0,-1.0,1.0,1.0,1.0,-1.0,-1.0,-1.0,-1.0,1.0,-1.0,1.0,-1.0,-1.0,-1.0,1.0,1.0,-1.0,1.0	-0.409383,-0.21762684,-0.24800971,1.4037751,0.0897136,0.1701844,-0.103130475,0.8684605,0.18964452,1.6445832,-0.15203048,-0.77406543,-0.75973105,-0.37071007,1.499503,-0.41756225,0.6779788,-0.13286993,-0.22777414,-0.17685282,1.0024344,0.40737963,-0.49373847,0.4021609
../data/train_data_mmini/9/Train_0041.jpg	9	-1.0,1.0,-1.0,-1.0,1.0,1.0,-1.0,-1.0,-1.0,-1.0,-1.0,1.0,1.0,1.0,-1.0,1.0,-1.0,-1.0,1.0,1.0,-1.0,1.0,-1.0,-1.0	-0.38124514,0.014679417,-0.33054188,-1.0651243,0.44387352,0.38634303,-0.0022626445,-0.34196997,-0.6858622,-2.3457825,-0.3437826,0.8112256,1.8766533,1.1490167,-1.3058921,0.9317793,-0.502436,-0.09539349,0.7320831,1.3983538,-0.5159814,1.6753353,-0.99779326,-1.2383708
../data/train_data_mmini/9/Train_0042.jpg	9	-1.0,1.0,1.0,1.0,-1.0,-1.0,-1.0,1.0,1.0,1.0,-1.0,-1.0,-1.0,-1.0,1.0,1.0,1.0,1.0,-1.0,-1.0,1.0,1.0,1.0,-1.0	-0.737902,0.94631195,0.1501993,1.5181606,-0.9076158,-0.42160034,-0.06351034,1.6393977,0.32331276,1.0076303,-0.83290285,-0.9988267,-0.13941196,-0.36187637,0.32802305,0.9126182,2.1454217,0.090525046,-0.41073388,-0.26591602,1.4517627,0.39188206,0.56717396,-0.23497702
../data/train_data_mmini/9/Train_0043.jpg	9	1.0,-1.0,-1.0,1.0,-1.0,1.0,-1.0,1.0,1.0,1.0,1.0,-1.0,-1.0,-1.0,1.0,-1.0,-1.0,-1.0,1.0,-1.0,1.0,1.0,-1.0,1.0	0.043363445,-0.4989313,-0.25264496,0.3247107,-0.47924116,0.68152565,-0.3700491,0.48856074,0.25984836,1.0082779,0.13491441,-0.7785338,-0.44449276,-0.13211691,1.1272261,-0.5784401,-0.22733016,-0.22189307,0.11928615,-0.047190785,0.18651608,0.827821,-0.79713327,0.6490517
../data/train_data_mmini/9/Train_0044.jpg	9	1.0,-1.0,-1.0,-1.0,-1.0,1.0,1.0,1.0,-1.0,-1.0,-1.0,-1.0,1.0,1.0,1.0,-1.0,-1.0,1.0,1.0,1.0,-1.0,-1.0,-1.0,1.0	0.5324793,-0.02559653,-0.037205875,-0.3699563,-0.79084647,0.7991815,0.030863613,1.0669118,-0.20196958,-0.87377596,-0.48586422,-0.3357367,0.8148305,0.46390778,0.05055005,-0.009715892,-0.15870725,0.28386784,1.3924786,1.0533686,-0.5931314,-0.27773577,-0.48109502,0.4604045
../data/train_data_mmini/10/Train_0045.jpg	10	1.0,1.0,-1.0,-1.0,-1.0,1.0,-1.0,-1.0,-1.0,-1.0,-1.0,1.0,1.0,1.0,-1.0,1.0,-1.0,-1.0,1.0,1.0,-1.0,1.0,-1.0,-1.0	0.82205606,0.31689838,-0.044500977,-3.434454,-0.48987743,1.1022406,-0.2331975,-0.49636352,-0.62581575,-4.2241454,-0.09460975,0.94248813,2.7523766,2.1837673,-2.4576626,1.2276915,-1.5395478,-0.45757502,0.8997154,1.7929342,-2.2372048,2.1291945,-1.0917519,-2.1567
../data/train_data_mmini/10/Train_0046.jpg	10	1.0,1.0,1.0,-1.0,-1.0,1.0,1.0,1.0,-1.0,-1.0,-1.0,-1.0,1.0,1.0,-1.0,1.0,1.0,1.0,1.0,1.0,-1.0,1.0,1.0,-1.0	0.3717669,1.2863623,0.17259426,-1.778313,-1.1292204,0.57229525,0.04211402,0.8942845,-0.3393783,-2.9234653,-0.65890944,-0.010687649,1.6769236,0.93919045,-1.8728508,1.3939153,0.33297777,0.04391803,0.6174995,0.9670735,-1.3359965,0.85450673,0.042273946,-1.2448448
../data/train_data_mmini/10/Train_0047.jpg	10	1.0,1.0,1.0,-1.0,-1.0,1.0,-1.0,1.0,-1.0,-1.0,-1.0,1.0,1.0,1.0,-1.0,1.0,-1.0,-1.0,1.0,1.0,-1.0,1.0,-1.0,-1.0	0.87873274,0.69101477,0.0042276084,-2.9877217,-1.0150361,0.85623306,-0.35059848,0.30790806,-0.25687426,-3.3994095,-0.42255998,0.45834184,2.2553556,1.5068593,-1.9572723,1.2374893,-0.7561198,-0.3500354,0.91801536,1.4816113,-1.6527711,1.7840365,-0.5378142,-1.69998
../data/train_data_mmini/10/Train_0048.jpg	10	1.0,-1.0,1.0,-1.0,-1.0,1.0,-1.0,1.0,-1.0,-1.0,-1.0,1.0,1.0,1.0,-1.0,1.0,-1.0,-1.0,1.0,1.0,-1.0,1.0,-1.0,-1.0	1.6346911,-0.2160686,0.14077885,-2.770331,-0.7073494,1.0689151,-0.027268156,0.5211304,-0.40088964,-3.5148838,-0.286965,0.94028157,2.5837677,1.5218797,-1.0438821,0.2780152,-1.1281853,-0.09152674,1.6586151,1.5354693,-2.08319,0.67601156,-0.58210593,-0.5869803
../data/train_data_mmini/10/Train_0049.jpg	10	1.0,1.0,-1.0,-1.0,-1.0,1.0,-1.0,-1.0,-1.0,-1.0,1.0,1.0,1.0,1.0,-1.0,1.0,-1.0,-1.0,1.0,1.0,-1.0,1.0,-1.0,-1.0	0.5730629,0.038250983,-0.17130777,-2.177832,-0.37037715,0.85676634,-0.35419622,-0.15606418,-0.22585514,-2.3192117,0.033902287,0.3157553,1.5457201,1.2234406,-1.0995556,0.6745399,-0.9863191,-0.403804,0.74382126,1.2331574,-1.1843085,1.6779629,-0.9212014,-1.276424
