../data/train_data_mmini/1/Train_0000.jpg	1	-1.0,-1.0,-1.0,-1.0,-1.0,1.0,-1.0,-1.0	-1.127937,-0.8890268,-7.58205,-3.5689445,-2.4216576,4.333739,-2.6291893,-0.9797893
../data/train_data_mmini/1/Train_0001.jpg	1	-1.0,-1.0,-1.0,-1.0,-1.0,1.0,-1.0,-1.0	-1.1684551,-0.8901056,-7.701362,-3.8592498,-2.3128316,4.0331073,-2.63148,-0.9644885
../data/train_data_mmini/1/Train_0002.jpg	1	-1.0,-1.0,-1.0,-1.0,-1.0,1.0,-1.0,-1.0	-0.8138053,-0.5535914,-6.0369716,-2.5511281,-1.321631,3.3794296,-2.058112,-0.7190756
../data/train_data_mmini/1/Train_0003.jpg	1	-1.0,-1.0,-1.0,-1.0,-1.0,1.0,-1.0,-1.0	-0.73796344,-1.0920492,-7.7264132,-3.8451543,-2.4643557,4.635232,-2.9199967,-0.8787685
../data/train_data_mmini/1/Train_0004.jpg	1	-1.0,-1.0,-1.0,-1.0,-1.0,1.0,-1.0,-1.0	-0.7730485,-1.0200621,-7.7878137,-3.558967,-2.6302273,4.9366956,-2.9819345,-1.1354679
../data/train_data_mmini/2/Train_0005.jpg	2	-1.0,-1.0,-1.0,-1.0,-1.0,1.0,-1.0,-1.0	-0.68893844,-0.9588838,-7.6142697,-3.9363053,-2.5953927,4.7663355,-2.772704,-0.8604576
../data/train_data_mmini/2/Train_0006.jpg	2	-1.0,-1.0,-1.0,-1.0,-1.0,1.0,-1.0,-1.0	-0.62896526,-1.0958647,-7.084807,-3.6963234,-2.479506,4.083243,-2.3024511,-0.35215503
../data/train_data_mmini/2/Train_0007.jpg	2	-1.0,-1.0,-1.0,-1.0,-1.0,1.0,-1.0,-1.0	-0.82977504,-1.06876,-8.443736,-4.3720803,-2.8699076,5.495416,-3.3614097,-1.0883576
../data/train_data_mmini/2/Train_0008.jpg	2	-1.0,-1.0,-1.0,-1.0,-1.0,1.0,-1.0,-1.0	-1.0003322,-0.6969605,-7.135693,-3.4249892,-2.3691444,4.129266,-2.3838828,-0.83978623
../data/train_data_mmini/2/Train_0009.jpg	2	-1.0,-1.0,-1.0,-1.0,-1.0,1.0,-1.0,-1.0	-1.1330771,-1.3482162,-9.7084255,-5.0091186,-3.36099,5.853276,-3.4158807,-1.198364
../data/train_data_mmini/3/Train_0010.jpg	3	-1.0,-1.0,-1.0,-1.0,-1.0,1.0,-1.0,-1.0	-0.5228585,-0.76280874,-6.8929596,-3.5040624,-2.2036586,3.8942494,-2.4951758,-0.6146281
../data/train_data_mmini/3/Train_0011.jpg	3	-1.0,-1.0,-1.0,-1.0,-1.0,1.0,-1.0,-1.0	-1.2335658,-0.55007994,-5.863542,-2.5547817,-1.4952338,3.116816,-1.8423105,-1.0998595
../data/train_data_mmini/3/Train_0012.jpg	3	-1.0,-1.0,-1.0,-1.0,-1.0,1.0,-1.0,-1.0	-0.553836,-1.2385213,-7.018807,-2.8616831,-2.118231,4.7107205,-2.6751614,-1.177036
../data/train_data_mmini/3/Train_0013.jpg	3	-1.0,-1.0,-1.0,-1.0,-1.0,1.0,-1.0,-1.0	-0.5493057,-0.9314588,-7.0216737,-3.4170501,-2.4055154,4.1601954,-2.303559,-0.71413416
../data/train_data_mmini/3/Train_0014.jpg	3	-1.0,-1.0,-1.0,-1.0,-1.0,1.0,-1.0,-1.0	-1.1260439,-0.88563776,-7.9658337,-3.8784113,-2.8828723,4.8070045,-2.4764884,-0.91692275
../data/train_data_mmini/4/Train_0015.jpg	4	-1.0,-1.0,-1.0,-1.0,-1.0,1.0,-1.0,-1.0	-0.8211063,-0.9291646,-7.112422,-3.1302176,-2.2401366,4.3068852,-2.5273142,-0.86123025
../data/train_data_mmini/4/Train_0016.jpg	4	-1.0,-1.0,-1.0,-1.0,-1.0,1.0,-1.0,-1.0	-0.6496037,-0.6808568,-6.049361,-3.0434356,-1.8784566,3.1053305,-2.1887567,-0.8069122
../data/train_data_mmini/4/Train_0017.jpg	4	-1.0,-1.0,-1.0,-1.0,-1.0,1.0,-1.0,-1.0	-0.81315696,-1.2813513,-7.5168757,-3.7518687,-2.049172,3.8376946,-2.2975426,-0.60968393
../data/train_data_mmini/4/Train_0018.jpg	4	-1.0,-1.0,-1.0,-1.0,-1.0,1.0,-1.0,-1.0	-0.9060115,-0.68982035,-6.365688,-3.1110525,-2.2740598,3.5392888,-2.0526018,-0.64813834
../data/train_data_mmini/4/Train_0019.jpg	4	-1.0,-1.0,-1.0,-1.0,-1.0,1.0,-1.0,-1.0	-0.07080958,-1.1299024,-7.0667887,-3.8091407,-2.3280618,4.369556,-2.7128565,-0.454435
../data/train_data_mmini/5/Train_0020.jpg	5	-1.0,-1.0,-1.0,-1.0,-1.0,1.0,-1.0,-1.0	-0.9064103,-1.0395627,-8.488606,-4.348313,-2.7865245,5.2687445,-3.116417,-0.8829978
../data/train_data_mmini/5/Train_0021.jpg	5	-1.0,-1.0,-1.0,-1.0,-1.0,1.0,-1.0,-1.0	-1.167688,-1.0723473,-9.043072,-4.3362994,-3.083606,5.684862,-2.9465852,-1.2006696
../data/train_data_mmini/5/Train_0022.jpg	5	-1.0,-1.0,-1.0,-1.0,-1.0,1.0,-1.0,-1.0	-0.812559,-1.1387643,-8.092433,-4.1214385,-2.8587084,5.198383,-2.9699104,-0.9441277
../data/train_data_mmini/5/Train_0023.jpg	5	-1.0,-1.0,-1.0,-1.0,-1.0,1.0,-1.0,-1.0	-0.8882673,-0.91121167,-7.6980805,-3.8750596,-2.6501474,4.8860683,-2.8329911,-0.8783528
../data/train_data_mmini/5/Train_0024.jpg	5	-1.0,-1.0,-1.0,-1.0,-1.0,1.0,-1.0,-1.0	-0.7091813,-1.0221828,-8.214055,-3.9584713,-2.7495816,5.6230373,-3.2458334,-1.1091785
../data/train_data_mmini/6/Train_0025.jpg	6	1.0,-1.0,-1.0,-1.0,-1.0,1.0,-1.0,-1.0	0.08019119,-1.1856555,-7.2429204,-3.5267284,-2.3242702,5.142355,-3.1255927,-0.733738
../data/train_data_mmini/6/Train_0026.jpg	6	-1.0,-1.0,-1.0,-1.0,-1.0,1.0,-1.0,-1.0	-1.5312701,-1.2533566,-8.269207,-4.5756083,-2.591494,4.162671,-2.7440546,-0.75368905
../data/train_data_mmini/6/Train_0027.jpg	6	-1.0,-1.0,-1.0,-1.0,-1.0,1.0,-1.0,-1.0	-0.83741945,-0.7196912,-6.4311385,-3.2210371,-2.173193,3.640199,-2.2932057,-0.89941806
../data/train_data_mmini/6/Train_0028.jpg	6	-1.0,-1.0,-1.0,-1.0,-1.0,1.0,-1.0,-1.0	-1.078262,-0.6614415,-6.84516,-3.4165568,-2.1918647,3.9816055,-2.3385267,-0.7714545
../data/train_data_mmini/6/Train_0029.jpg	6	1.0,-1.0,-1.0,-1.0,-1.0,1.0,-1.0,-1.0	0.031064173,-1.5863707,-8.177446,-3.8446496,-2.4530568,5.0696774,-3.4494667,-1.0217286
../data/train_data_mmini/7/Train_0030.jpg	7	-1.0,-1.0,-1.0,-1.0,-1.0,1.0,-1.0,-1.0	-0.9943261,-1.3464466,-9.316263,-4.6701293,-3.1423423,5.5001926,-3.4045444,-1.4060445
../data/train_data_mmini/7/Train_0031.jpg	7	-1.0,-1.0,-1.0,-1.0,-1.0,1.0,-1.0,-1.0	-1.0618556,-1.4783179,-9.482933,-5.0041976,-3.3266113,5.883606,-3.2707312,-0.8832001
../data/train_data_mmini/7/Train_0032.jpg	7	-1.0,-1.0,-1.0,-1.0,-1.0,1.0,-1.0,-1.0	-1.3987181,-0.62079984,-7.6716337,-3.7604313,-2.6058211,4.612766,-2.1429312,-1.182634
../data/train_data_mmini/7/Train_0033.jpg	7	-1.0,-1.0,-1.0,-1.0,-1.0,1.0,-1.0,-1.0	-0.9289632,-1.174634,-8.782983,-4.6383166,-3.064347,5.365313,-3.366962,-1.1017798
../data/train_data_mmini/7/Train_0034.jpg	7	-1.0,-1.0,-1.0,-1.0,-1.0,1.0,-1.0,-1.0	-0.6280775,-0.62458414,-6.0722294,-3.0132937,-1.8755568,4.0915713,-2.3787007,-1.2131833
../data/train_data_mmini/8/Train_0035.jpg	8	-1.0,-1.0,-1.0,-1.0,-1.0,1.0,-1.0,-1.0	-0.7552363,-1.1324934,-8.715508,-4.2684836,-3.2099693,5.6772227,-3.2089536,-1.1592535
../data/train_data_mmini/8/Train_0036.jpg	8	-1.0,-1.0,-1.0,-1.0,-1.0,1.0,-1.0,-1.0	-0.67029524,-1.463349,-9.496544,-4.9671226,-3.2553976,6.2686415,-3.791628,-1.1246203
../data/train_data_mmini/8/Train_0037.jpg	8	-1.0,-1.0,-1.0,-1.0,-1.0,1.0,-1.0,-1.0	-1.0182788,-1.2736049,-8.934741,-4.8028646,-2.7965045,5.32593,-3.3717625,-1.159079
../data/train_data_mmini/8/Train_0038.jpg	8	-1.0,-1.0,-1.0,-1.0,-1.0,1.0,-1.0,-1.0	-0.91976905,-1.0948099,-8.334578,-4.1660466,-2.8155282,5.3236885,-3.1517086,-1.1599051
../data/train_data_mmini/8/Train_0039.jpg	8	-1.0,-1.0,-1.0,-1.0,-1.0,1.0,-1.0,-1.0	-0.56335676,-1.4164431,-9.703728,-4.596177,-3.4317355,6.4289956,-3.8807018,-1.4414531
../data/train_data_mmini/9/Train_0040.jpg	9	-1.0,-1.0,-1.0,-1.0,-1.0,1.0,-1.0,-1.0	-0.8057712,-1.2998298,-9.278973,-4.55454,-2.9545279,5.830512,-3.4405904,-1.1090391
../data/train_data_mmini/9/Train_0041.jpg	9	-1.0,-1.0,-1.0,-1.0,-1.0,1.0,-1.0,-1.0	-0.83318454,-0.89945805,-8.32622,-4.549039,-2.8029704,5.1292667,-3.0719104,-0.89051884
../data/train_data_mmini/9/Train_0042.jpg	9	-1.0,-1.0,-1.0,-1.0,-1.0,1.0,-1.0,-1.0	-0.53395224,-1.0399616,-7.517779,-3.4007885,-2.284053,4.814076,-2.8842378,-0.9061342
../data/train_data_mmini/9/Train_0043.jpg	9	-1.0,-1.0,-1.0,-1.0,-1.0,1.0,-1.0,-1.0	-0.85417986,-1.1956987,-9.4078,-4.8326817,-3.2618542,5.876292,-3.4282045,-0.9284819
../data/train_data_mmini/9/Train_0044.jpg	9	-1.0,-1.0,-1.0,-1.0,-1.0,1.0,-1.0,-1.0	-0.3741262,-1.41896,-8.666463,-4.0998764,-2.7088113,5.5781827,-3.37536,-1.0129919
../data/train_data_mmini/10/Train_0045.jpg	10	-1.0,-1.0,-1.0,-1.0,-1.0,1.0,-1.0,-1.0	-0.22311185,-1.4291801,-7.998463,-4.0175953,-3.0472143,5.715975,-3.512068,-1.3986775
../data/train_data_mmini/10/Train_0046.jpg	10	-1.0,-1.0,-1.0,-1.0,-1.0,1.0,-1.0,-1.0	-0.23823106,-0.75221753,-5.2733417,-2.2322693,-1.4101236,3.1720288,-2.0611186,-0.8981841
../data/train_data_mmini/10/Train_0047.jpg	10	-1.0,-1.0,-1.0,-1.0,-1.0,1.0,-1.0,-1.0	-0.5416135,-1.3122424,-9.432842,-4.71822,-3.162641,6.3760233,-3.6988404,-1.2348433
../data/train_data_mmini/10/Train_0048.jpg	10	1.0,-1.0,-1.0,-1.0,-1.0,1.0,-1.0,-1.0	0.2462446,-1.3237299,-8.087606,-3.5399659,-2.968672,6.922266,-3.7826726,-1.3681803
../data/train_data_mmini/10/Train_0049.jpg	10	-1.0,-1.0,-1.0,-1.0,-1.0,1.0,-1.0,-1.0	-0.7645298,-1.3667579,-9.397728,-4.568678,-3.1442742,6.047305,-3.6126144,-1.4139861
