../data/train_data_mmini/1/Train_0000.jpg	1	-1.0,1.0,-1.0,1.0,-1.0,-1.0,-1.0,-1.0,-1.0,1.0,1.0,1.0	-1.0967832,0.18534365,-0.107406,1.9152287,-0.53687954,-1.1716175,-1.369013,-1.2285355,-0.94068897,0.94526035,2.4080021,0.48914227
../data/train_data_mmini/1/Train_0001.jpg	1	-1.0,-1.0,1.0,1.0,-1.0,-1.0,1.0,-1.0,1.0,1.0,-1.0,1.0	-1.8768444,-3.589187,1.6423796,4.2447267,-4.7347727,-1.149421,1.339974,-1.673375,0.088993594,3.9672725,-0.35720372,0.4277306
../data/train_data_mmini/1/Train_0002.jpg	1	-1.0,1.0,1.0,1.0,-1.0,-1.0,-1.0,-1.0,1.0,1.0,1.0,1.0	-2.201459,2.338662,2.5428662,0.029372461,-2.493404,-1.0502418,-1.6909269,-3.238057,1.3925409,2.5377817,4.629058,0.19391105
../data/train_data_mmini/1/Train_0003.jpg	1	-1.0,-1.0,-1.0,1.0,-1.0,-1.0,-1.0,1.0,-1.0,1.0,1.0,-1.0	-2.4713838,-1.551769,-1.1214808,1.9799516,-0.9521697,-1.5262177,-2.9042373,0.8000889,-0.17851569,2.3676326,0.16108274,-0.28894815
../data/train_data_mmini/1/Train_0004.jpg	1	-1.0,-1.0,-1.0,1.0,-1.0,-1.0,1.0,1.0,-1.0,-1.0,1.0,1.0	-1.9409778,-2.9457204,-0.5804498,2.3089435,-1.8585527,-0.13354947,0.51506495,0.6096531,-1.4822451,-0.5184323,2.347476,0.031454574
../data/train_data_mmini/2/Train_0005.jpg	2	1.0,-1.0,1.0,-1.0,-1.0,1.0,-1.0,1.0,1.0,1.0,1.0,1.0	0.57160664,-0.36346593,0.61913073,-0.24096954,-3.9199955,0.97559977,-0.3214398,3.7201145,2.2415504,0.4031732,0.87910116,0.7401688
../data/train_data_mmini/2/Train_0006.jpg	2	1.0,-1.0,1.0,1.0,-1.0,-1.0,-1.0,1.0,1.0,-1.0,1.0,1.0	0.4471751,-0.7638464,2.2300863,0.022248365,-3.7910872,-4.5948043,-2.1314762,1.0670812,1.9885093,-3.5807068,0.18807276,0.25880304
../data/train_data_mmini/2/Train_0007.jpg	2	1.0,-1.0,-1.0,1.0,1.0,-1.0,-1.0,1.0,-1.0,-1.0,1.0,1.0	0.8318443,-0.18714088,-0.78597033,2.149191,1.7759544,-0.5687011,-0.42483974,2.08373,-1.8878022,-0.49469712,1.3845961,0.14328401
../data/train_data_mmini/2/Train_0008.jpg	2	-1.0,-1.0,1.0,-1.0,-1.0,1.0,1.0,-1.0,1.0,-1.0,1.0,1.0	-1.3385198,-0.25208288,1.3293524,-0.9318301,-4.0223527,1.1915342,3.3064518,-1.0812198,0.11327638,-0.9520964,2.494973,0.74238557
../data/train_data_mmini/2/Train_0009.jpg	2	1.0,1.0,-1.0,1.0,-1.0,-1.0,-1.0,1.0,-1.0,-1.0,1.0,-1.0	5.456079,2.0604186,-0.4954413,1.252838,-3.2954202,-1.657236,-1.0672035,2.1075222,-0.7532923,-0.12520705,0.02911878,-0.5025637
../data/train_data_mmini/3/Train_0010.jpg	3	-1.0,-1.0,-1.0,1.0,-1.0,1.0,1.0,1.0,1.0,-1.0,-1.0,1.0	-0.3228692,-3.360936,-2.2397594,3.5234783,-7.872841,1.0120043,1.816571,0.19894196,0.5549708,-0.25418752,-2.4029396,1.0632771
../data/train_data_mmini/3/Train_0011.jpg	3	-1.0,1.0,1.0,1.0,-1.0,-1.0,1.0,-1.0,-1.0,1.0,1.0,1.0	-1.26876,2.3860881,1.6727875,1.4553905,-4.582897,-1.6941439,1.4208167,-1.6249632,-1.2101244,2.1014247,3.1560533,2.2083693
../data/train_data_mmini/3/Train_0012.jpg	3	-1.0,-1.0,1.0,1.0,-1.0,-1.0,-1.0,1.0,-1.0,1.0,1.0,-1.0	-0.04952168,-1.0831232,3.753633,1.4114084,-3.9271953,-2.851487,-2.1290398,0.13317779,-2.659343,3.8828204,2.28971,-1.5861013
../data/train_data_mmini/3/Train_0013.jpg	3	-1.0,-1.0,1.0,-1.0,-1.0,-1.0,1.0,-1.0,1.0,1.0,1.0,-1.0	-0.38567287,-0.48700243,2.3027167,-0.9670959,-7.0001984,-0.4913874,0.7754153,-2.2499108,2.4220603,0.4287605,1.444671,-0.6119133
../data/train_data_mmini/3/Train_0014.jpg	3	-1.0,1.0,1.0,-1.0,-1.0,-1.0,1.0,1.0,1.0,-1.0,-1.0,1.0	-0.9230088,0.6469425,0.8606192,-0.81959414,-5.220291,-0.6713724,2.4729207,2.3309326,0.87295204,-1.4809037,-0.8498306,1.4086641
../data/train_data_mmini/4/Train_0015.jpg	4	-1.0,1.0,1.0,-1.0,-1.0,1.0,-1.0,-1.0,-1.0,-1.0,1.0,-1.0	-0.83088577,0.47535178,1.7871082,-1.2489434,-2.0737927,0.6270067,-1.1990533,-0.03579939,-2.3197339,-0.54035264,5.661749,-0.533198
../data/train_data_mmini/4/Train_0016.jpg	4	-1.0,1.0,1.0,-1.0,-1.0,1.0,-1.0,-1.0,1.0,1.0,1.0,-1.0	-1.9853222,0.38577977,1.3448268,-1.2385089,-3.6789472,0.5349211,-0.037003566,-0.28522262,0.9097605,5.6491513,1.0172875,-0.0828563
../data/train_data_mmini/4/Train_0017.jpg	4	1.0,1.0,1.0,1.0,-1.0,-1.0,-1.0,1.0,1.0,1.0,1.0,1.0	0.58697534,0.8426434,4.230857,0.13888365,-4.468462,-4.670319,-1.5817437,1.0003009,0.18952854,1.1835705,2.921792,0.12875551
../data/train_data_mmini/4/Train_0018.jpg	4	-1.0,1.0,1.0,-1.0,-1.0,1.0,1.0,1.0,1.0,1.0,1.0,1.0	-0.73101014,0.9897433,0.08983385,-0.40889692,-4.8184404,1.092072,2.8819432,2.357476,0.41630808,1.0097127,0.46924314,1.6293154
../data/train_data_mmini/4/Train_0019.jpg	4	-1.0,-1.0,1.0,-1.0,-1.0,-1.0,-1.0,1.0,1.0,-1.0,1.0,-1.0	-1.8188939,-3.1568675,1.7386167,-0.44304943,-5.227423,-3.5525777,-2.972549,1.0636972,3.4549327,-2.294649,1.7957743,-2.2049727
../data/train_data_mmini/5/Train_0020.jpg	5	-1.0,-1.0,1.0,1.0,1.0,-1.0,-1.0,1.0,1.0,1.0,-1.0,-1.0	-2.410665,-3.3099678,0.87600386,1.3058206,0.29733175,-0.4771337,-0.44224542,1.884508,1.908003,1.6757997,-0.42210495,-0.46607503
../data/train_data_mmini/5/Train_0021.jpg	5	-1.0,1.0,1.0,-1.0,-1.0,-1.0,1.0,-1.0,-1.0,-1.0,1.0,1.0	-0.30453947,1.6073757,0.09782734,-0.78390586,-2.1342556,-0.46682847,0.66820127,-1.0387427,-2.018021,-2.0819473,2.7711895,0.37909162
../data/train_data_mmini/5/Train_0022.jpg	5	1.0,-1.0,1.0,1.0,-1.0,-1.0,1.0,1.0,1.0,-1.0,-1.0,-1.0	1.8883643,-1.2388403,0.69807595,0.68543214,-1.6560289,-0.7926703,0.34640712,1.1888459,0.24541982,-2.2819505,-0.49240422,-0.76517355
../data/train_data_mmini/5/Train_0023.jpg	5	-1.0,-1.0,-1.0,1.0,1.0,-1.0,-1.0,1.0,-1.0,1.0,-1.0,-1.0	-1.7043965,-2.3097403,-1.5388167,1.3452878,0.35711998,-0.05211668,-0.66686356,0.14656997,-0.54259056,1.009977,-0.7362876,-0.34418198
../data/train_data_mmini/5/Train_0024.jpg	5	1.0,1.0,-1.0,1.0,-1.0,1.0,-1.0,1.0,-1.0,1.0,1.0,-1.0	0.704371,0.80029476,-0.9307411,1.9038244,-1.1126995,0.043935206,-1.8183885,1.1778111,-3.0151687,0.31325135,3.0992146,-0.23087205
../data/train_data_mmini/6/Train_0025.jpg	6	1.0,1.0,1.0,1.0,-1.0,-1.0,-1.0,1.0,1.0,1.0,-1.0,-1.0	0.2725985,1.4311446,0.21022594,0.20735146,-6.6152477,-2.5662596,-5.351735,1.2388695,0.97932273,0.97959197,-0.30873725,-0.31671438
../data/train_data_mmini/6/Train_0026.jpg	6	-1.0,-1.0,-1.0,1.0,-1.0,-1.0,1.0,1.0,1.0,1.0,1.0,1.0	-0.103280604,-1.2949169,-0.32677844,4.3367047,-2.3675094,-3.2119112,1.0243018,5.457723,0.54150105,0.072454736,0.63176286,2.3588107
../data/train_data_mmini/6/Train_0027.jpg	6	1.0,-1.0,-1.0,1.0,-1.0,-1.0,1.0,1.0,-1.0,1.0,-1.0,1.0	0.07068429,-0.294938,-1.090684,1.838249,-6.8652544,-0.5145637,0.8893976,0.39818618,-0.3492218,1.8733139,-1.5315567,0.80521995
../data/train_data_mmini/6/Train_0028.jpg	6	-1.0,1.0,1.0,1.0,-1.0,-1.0,1.0,-1.0,-1.0,-1.0,1.0,1.0	-0.5497191,3.6490548,1.6662492,0.41232026,-3.6683333,-3.159621,3.2833123,-0.21466213,-0.5011071,-0.20083548,0.8342111,1.2488815
../data/train_data_mmini/6/Train_0029.jpg	6	1.0,1.0,1.0,1.0,-1.0,1.0,-1.0,-1.0,1.0,1.0,1.0,-1.0	5.5113335,1.2291008,0.6567161,0.5255851,-6.0859118,0.46687296,-5.0564156,-1.4204991,0.67814,2.9080753,4.923846,-1.98911
../data/train_data_mmini/7/Train_0030.jpg	7	1.0,1.0,1.0,-1.0,-1.0,-1.0,-1.0,1.0,1.0,1.0,1.0,-1.0	3.6048114,1.5137949,1.8695863,-0.0018814276,-1.6485878,-2.8231802,-3.6374812,2.2952316,0.6007681,0.784095,1.6215324,-0.8515347
../data/train_data_mmini/7/Train_0031.jpg	7	1.0,1.0,1.0,-1.0,-1.0,-1.0,1.0,1.0,1.0,1.0,-1.0,1.0	2.5290773,0.9011016,2.760105,-0.25085327,-5.44259,-1.4390639,1.8782535,2.8179786,1.5179609,1.7125565,-1.1916515,0.068884924
../data/train_data_mmini/7/Train_0032.jpg	7	-1.0,1.0,-1.0,1.0,-1.0,1.0,1.0,-1.0,-1.0,1.0,1.0,1.0	-1.8322394,1.3311683,-0.02672163,0.2009618,-7.358299,0.29289633,2.8905127,-0.72281253,-0.07821979,0.88692564,1.753029,2.3792412
../data/train_data_mmini/7/Train_0033.jpg	7	1.0,-1.0,1.0,1.0,-1.0,-1.0,-1.0,1.0,-1.0,1.0,-1.0,1.0	2.93298,-0.39087155,0.7062086,2.823638,-2.8530362,-2.2708364,-1.5371143,5.0069466,-0.2715616,0.29561338,-0.61790544,0.6901853
../data/train_data_mmini/7/Train_0034.jpg	7	-1.0,1.0,-1.0,1.0,-1.0,-1.0,1.0,1.0,-1.0,1.0,1.0,1.0	-2.8285959,1.8308944,-2.0140846,1.5216613,-7.7069654,-0.27949482,2.746104,0.009798042,-0.6816979,0.402712,0.109131485,2.882085
../data/train_data_mmini/8/Train_0035.jpg	8	1.0,1.0,-1.0,1.0,-1.0,1.0,1.0,-1.0,-1.0,-1.0,1.0,-1.0	6.399142,2.3346324,-0.47269124,0.49177375,-6.059127,0.061467875,0.02195334,-0.35872087,-1.1722757,-1.9822901,0.32315812,-0.57963336
../data/train_data_mmini/8/Train_0036.jpg	8	1.0,1.0,1.0,-1.0,-1.0,-1.0,-1.0,1.0,1.0,1.0,1.0,1.0	4.7285533,4.6486936,1.1015573,-1.1120515,-5.3321342,-0.818409,-1.2914069,4.3878617,1.7702423,0.21420567,0.71851134,1.6734022
../data/train_data_mmini/8/Train_0037.jpg	8	1.0,1.0,1.0,1.0,-1.0,-1.0,1.0,1.0,-1.0,1.0,1.0,1.0	2.243653,2.9112124,0.81484306,1.9812014,-5.0357018,-1.5952674,1.3376974,3.2531183,-2.5004895,1.680443,2.4381542,1.7913138
../data/train_data_mmini/8/Train_0038.jpg	8	1.0,1.0,1.0,-1.0,-1.0,1.0,1.0,-1.0,1.0,1.0,1.0,-1.0	2.9296606,1.4961118,0.39095488,-0.24338058,-5.497082,0.95250785,0.20500636,-2.1172497,0.671917,1.0736538,0.35697222,-0.7613478
../data/train_data_mmini/8/Train_0039.jpg	8	1.0,1.0,1.0,1.0,-1.0,-1.0,-1.0,-1.0,-1.0,-1.0,1.0,-1.0	8.2911415,3.761548,0.44203657,1.5157063,-7.9516797,-2.055877,-2.0241644,-0.3767719,-1.3749698,-0.9771429,2.534711,-0.7644492
../data/train_data_mmini/9/Train_0040.jpg	9	1.0,1.0,1.0,1.0,-1.0,-1.0,-1.0,1.0,-1.0,-1.0,1.0,-1.0	1.5240173,0.36089548,2.057504,0.81652206,-1.2081134,-1.5005865,-1.105291,1.9797963,-3.0497386,-1.1334211,4.865549,-1.331989
../data/train_data_mmini/9/Train_0041.jpg	9	1.0,-1.0,1.0,1.0,-1.0,-1.0,1.0,1.0,1.0,1.0,-1.0,1.0	1.8962214,-0.74917376,1.8249717,2.2920008,-5.78605,-0.5156861,2.8147075,1.5622766,2.1034915,2.753014,-1.741351,0.7334182
../data/train_data_mmini/9/Train_0042.jpg	9	-1.0,-1.0,1.0,-1.0,-1.0,1.0,1.0,1.0,-1.0,1.0,1.0,-1.0	-1.9285132,-1.0679824,2.4373348,-0.46087247,-3.5688262,1.5860753,0.115451366,0.3707686,-3.1819472,2.3219788,5.717047,-1.1365887
../data/train_data_mmini/9/Train_0043.jpg	9	1.0,1.0,1.0,-1.0,-1.0,-1.0,1.0,1.0,-1.0,-1.0,1.0,-1.0	3.6956484,0.60792595,1.5536739,-0.6827223,-2.0664055,-0.9487941,0.28962004,1.6638858,-0.5674476,-3.7963285,1.6112291,-0.2510341
../data/train_data_mmini/9/Train_0044.jpg	9	1.0,-1.0,1.0,1.0,-1.0,-1.0,-1.0,-1.0,-1.0,1.0,1.0,-1.0	3.090459,-1.0207462,2.5642984,0.7506269,-4.9575953,-2.4634285,-4.8180466,-0.23563182,-0.732437,0.7647847,3.2356257,-3.1733243
../data/train_data_mmini/10/Train_0045.jpg	10	1.0,1.0,-1.0,1.0,-1.0,-1.0,-1.0,-1.0,-1.0,-1.0,1.0,1.0	3.3790772,2.563916,-3.1976745,0.9199374,-11.58386,-1.8875507,-0.95362616,-0.33432773,-1.1836847,-0.8351467,1.0642211,0.56050235
../data/train_data_mmini/10/Train_0046.jpg	10	1.0,1.0,1.0,1.0,-1.0,-1.0,-1.0,-1.0,-1.0,1.0,1.0,-1.0	0.12600422,0.9688348,0.25946733,0.7852317,-5.6142855,-1.4652743,-2.2920446,-1.9148175,-1.7430218,1.1002232,3.1489732,-0.43485203
../data/train_data_mmini/10/Train_0047.jpg	10	1.0,1.0,-1.0,-1.0,-1.0,-1.0,-1.0,1.0,1.0,-1.0,1.0,1.0	2.5085878,4.527554,-1.4585246,-0.88222545,-9.375398,-0.89176786,-0.5915208,1.1691494,0.75747055,-1.3117923,2.6128857,2.0142741
../data/train_data_mmini/10/Train_0048.jpg	10	1.0,1.0,-1.0,-1.0,-1.0,-1.0,-1.0,-1.0,1.0,-1.0,1.0,-1.0	3.7649019,1.307753,-1.2751851,-1.1217012,-9.323242,-0.049900908,-5.562533,-2.3993604,0.5249763,-1.1986884,1.0928872,-2.7784667
../data/train_data_mmini/10/Train_0049.jpg	10	1.0,1.0,-1.0,1.0,-1.0,-1.0,-1.0,-1.0,-1.0,-1.0,1.0,1.0	6.8112025,3.4605465,-0.66813004,1.6771305,-7.2388496,-1.4956379,-0.77591217,-0.09864823,-1.8955108,-1.4082936,2.3415115,0.13354798
