../data/train_data_mmini/1/Train_0000.jpg	1	1.0,-1.0,-1.0,-1.0,1.0,1.0,-1.0,-1.0	1.2418988,-0.062657155,-0.9092086,-0.5952374,9.762756,0.35744122,-0.8091915,-0.49203426
../data/train_data_mmini/1/Train_0001.jpg	1	1.0,1.0,-1.0,-1.0,1.0,1.0,-1.0,-1.0	1.2558926,0.045552548,-0.79713446,-0.42048803,9.088161,0.3110411,-0.73849493,-0.15157032
../data/train_data_mmini/1/Train_0002.jpg	1	1.0,-1.0,-1.0,-1.0,1.0,1.0,-1.0,-1.0	0.578635,-0.19412613,-0.30904803,-0.38009262,6.9474945,0.35954472,-0.3604623,-0.39307147
../data/train_data_mmini/1/Train_0003.jpg	1	1.0,-1.0,-1.0,-1.0,1.0,1.0,-1.0,-1.0	1.1358148,-0.070997566,-0.8988876,-0.5596339,10.135899,0.47849083,-0.71862435,-0.5756301
../data/train_data_mmini/1/Train_0004.jpg	1	1.0,-1.0,-1.0,-1.0,1.0,1.0,-1.0,-1.0	1.0495015,-0.054701835,-0.9150768,-0.52083033,9.907775,0.5832176,-0.4860605,-0.63202435
../data/train_data_mmini/2/Train_0005.jpg	2	1.0,-1.0,-1.0,-1.0,1.0,1.0,-1.0,-1.0	0.84548706,-0.08118481,-0.48107192,-0.35405493,8.019596,0.4414618,-0.37575847,-0.42292032
../data/train_data_mmini/2/Train_0006.jpg	2	1.0,1.0,-1.0,-1.0,1.0,1.0,-1.0,1.0	1.4389501,0.39831263,-0.6273661,-0.07079003,8.48937,0.19947077,-0.6066154,0.47533968
../data/train_data_mmini/2/Train_0007.jpg	2	1.0,-1.0,-1.0,-1.0,1.0,1.0,-1.0,-1.0	0.9232228,-0.12312605,-0.8329207,-0.5740226,10.962656,0.741169,-0.4202258,-0.8605983
../data/train_data_mmini/2/Train_0008.jpg	2	1.0,-1.0,-1.0,-1.0,1.0,1.0,1.0,-1.0	0.5269342,-0.07305074,-0.23869309,-0.21846792,7.9869866,0.57895476,0.25896853,-0.24279572
../data/train_data_mmini/2/Train_0009.jpg	2	1.0,1.0,-1.0,-1.0,1.0,1.0,-1.0,-1.0	1.7240804,0.043524675,-1.2373397,-0.7916976,10.921503,0.14841548,-1.3197157,-0.6381456
../data/train_data_mmini/3/Train_0010.jpg	3	1.0,-1.0,1.0,-1.0,1.0,1.0,1.0,-1.0	0.38441283,-0.51244515,0.091293,-0.14501329,6.4851155,0.49917457,0.2935717,-0.22952066
../data/train_data_mmini/3/Train_0011.jpg	3	1.0,1.0,-1.0,-1.0,1.0,1.0,-1.0,-1.0	1.0356917,0.041535437,-0.8289847,-0.4330277,6.384962,0.29906568,-0.83100784,-0.46643084
../data/train_data_mmini/3/Train_0012.jpg	3	1.0,1.0,-1.0,-1.0,1.0,1.0,-1.0,-1.0	1.8157295,0.41144413,-1.6403682,-0.5995924,8.571148,0.45177755,-1.7675264,-0.72100353
../data/train_data_mmini/3/Train_0013.jpg	3	1.0,1.0,-1.0,-1.0,1.0,1.0,-1.0,1.0	0.94065285,0.25139847,-0.47636688,-0.118453465,7.809185,0.45285428,-0.15931079,0.03114322
../data/train_data_mmini/3/Train_0014.jpg	3	1.0,-1.0,-1.0,-1.0,1.0,1.0,-1.0,-1.0	1.1371678,-0.0070859813,-0.70275944,-0.51801676,8.176363,0.27029064,-0.6240595,-0.26846516
../data/train_data_mmini/4/Train_0015.jpg	4	1.0,1.0,-1.0,-1.0,1.0,1.0,-1.0,-1.0	0.74563146,0.13559158,-0.54351276,-0.15316866,8.809352,0.87966055,-0.3554489,-0.5600656
../data/train_data_mmini/4/Train_0016.jpg	4	1.0,1.0,-1.0,-1.0,1.0,1.0,-1.0,-1.0	0.7437912,0.10747784,-0.5302104,-0.5130948,6.4440165,0.30904338,-0.35653147,-0.41860542
../data/train_data_mmini/4/Train_0017.jpg	4	1.0,1.0,-1.0,-1.0,1.0,1.0,-1.0,1.0	1.679438,0.806489,-0.9979982,-0.053412825,8.475804,0.39633766,-0.8583331,0.47254297
../data/train_data_mmini/4/Train_0018.jpg	4	1.0,-1.0,-1.0,-1.0,1.0,1.0,-1.0,-1.0	0.5920822,-0.062432658,-0.40077862,-0.1737134,6.4586086,0.505409,-0.21583965,-0.3239683
../data/train_data_mmini/4/Train_0019.jpg	4	1.0,1.0,-1.0,1.0,1.0,1.0,1.0,1.0	0.5037837,0.533475,-0.1308806,0.3366961,8.202996,0.8055607,0.6494444,0.33911905
../data/train_data_mmini/5/Train_0020.jpg	5	1.0,-1.0,-1.0,-1.0,1.0,1.0,-1.0,-1.0	1.06765,-0.06728349,-0.8114312,-0.5152245,10.482673,0.59406567,-0.54844636,-0.5771408
../data/train_data_mmini/5/Train_0021.jpg	5	1.0,1.0,-1.0,-1.0,1.0,1.0,-1.0,-1.0	1.469738,0.07744826,-1.0779985,-0.6527677,10.652062,0.40395465,-0.9701406,-0.67837214
../data/train_data_mmini/5/Train_0022.jpg	5	1.0,-1.0,-1.0,-1.0,1.0,1.0,-1.0,-1.0	1.0394515,-0.124083586,-0.79316086,-0.5432511,10.538648,0.5812784,-0.49559015,-0.57400894
../data/train_data_mmini/5/Train_0023.jpg	5	1.0,-1.0,-1.0,-1.0,1.0,1.0,-1.0,-1.0	1.2223172,-0.10543825,-1.0477158,-0.7608451,10.407401,0.3621237,-0.79424804,-0.70619303
../data/train_data_mmini/5/Train_0024.jpg	5	1.0,-1.0,-1.0,-1.0,1.0,1.0,-1.0,-1.0	1.1451181,-0.07226748,-0.97708493,-0.6293931,10.125166,0.6972797,-0.86193377,-1.2246714
../data/train_data_mmini/6/Train_0025.jpg	6	1.0,-1.0,-1.0,-1.0,1.0,1.0,-1.0,-1.0	0.87046283,-0.2089846,-0.55778646,-0.6538538,7.1815825,0.3967724,-0.7598458,-0.78873646
../data/train_data_mmini/6/Train_0026.jpg	6	1.0,1.0,-1.0,-1.0,1.0,1.0,-1.0,1.0	1.0737227,0.1620717,-0.8210147,-0.052575476,9.814894,0.6747341,-0.29183108,0.09379002
../data/train_data_mmini/6/Train_0027.jpg	6	1.0,-1.0,-1.0,-1.0,1.0,-1.0,-1.0,-1.0	1.0137914,-0.26665944,-0.5540623,-0.72626,6.1721697,-0.07786655,-1.0175487,-0.30885565
../data/train_data_mmini/6/Train_0028.jpg	6	1.0,1.0,-1.0,-1.0,1.0,1.0,-1.0,-1.0	0.84253997,0.0026127303,-0.7497122,-0.46912974,7.720539,0.38223296,-0.33569902,-0.4987941
../data/train_data_mmini/6/Train_0029.jpg	6	1.0,-1.0,-1.0,-1.0,1.0,1.0,-1.0,-1.0	0.8988331,-0.1300876,-0.4171137,-0.36410132,9.004572,0.44936052,-0.55717695,-0.38108823
../data/train_data_mmini/7/Train_0030.jpg	7	1.0,1.0,-1.0,-1.0,1.0,1.0,-1.0,-1.0	1.7352759,0.35455382,-1.1830635,-0.58800286,10.944151,0.2730908,-1.1480516,-0.42380965
../data/train_data_mmini/7/Train_0031.jpg	7	1.0,1.0,-1.0,-1.0,1.0,1.0,-1.0,-1.0	1.5628041,0.20620501,-1.1424493,-0.45106518,9.959293,0.46588972,-1.166903,-0.45416334
../data/train_data_mmini/7/Train_0032.jpg	7	1.0,1.0,-1.0,-1.0,1.0,1.0,-1.0,-1.0	1.3888596,0.07967182,-0.80355483,-0.7971562,7.137048,0.120494284,-1.0486684,-0.6038255
../data/train_data_mmini/7/Train_0033.jpg	7	1.0,1.0,-1.0,-1.0,1.0,1.0,-1.0,-1.0	1.4152982,0.04318235,-0.8980775,-0.5581731,9.719732,0.29841268,-1.0508868,-0.52252346
../data/train_data_mmini/7/Train_0034.jpg	7	1.0,-1.0,-1.0,-1.0,1.0,1.0,-1.0,-1.0	0.38467875,-0.34321484,-0.3309769,-0.67155623,5.161762,0.26845783,-0.40016797,-0.85707355
../data/train_data_mmini/8/Train_0035.jpg	8	1.0,-1.0,-1.0,-1.0,1.0,1.0,-1.0,-1.0	1.2727948,-0.1525663,-0.84934455,-0.7166172,9.545737,0.29472223,-0.99728364,-0.74447733
../data/train_data_mmini/8/Train_0036.jpg	8	1.0,-1.0,-1.0,-1.0,1.0,1.0,-1.0,-1.0	1.1141853,-0.042285465,-0.8253601,-0.456676,9.797899,0.5727803,-0.9096698,-0.72221655
../data/train_data_mmini/8/Train_0037.jpg	8	1.0,1.0,-1.0,-1.0,1.0,1.0,-1.0,-1.0	1.2007637,0.17373703,-0.8653439,-0.31709003,9.7096195,0.6980018,-0.7986352,-0.5366169
../data/train_data_mmini/8/Train_0038.jpg	8	1.0,-1.0,-1.0,-1.0,1.0,1.0,-1.0,-1.0	1.1187402,-0.19141968,-0.7864247,-0.72433615,8.909765,0.25728074,-0.8711711,-0.6520693
../data/train_data_mmini/8/Train_0039.jpg	8	1.0,-1.0,-1.0,-1.0,1.0,1.0,-1.0,-1.0	1.556079,-0.17552862,-1.0459322,-0.62408537,10.321174,0.36474875,-1.282705,-0.7281631
../data/train_data_mmini/9/Train_0040.jpg	9	1.0,1.0,-1.0,-1.0,1.0,1.0,-1.0,-1.0	0.9650127,0.15851586,-0.7735319,-0.30632412,11.25722,0.85133755,-0.33774483,-0.6848113
../data/train_data_mmini/9/Train_0041.jpg	9	1.0,1.0,-1.0,-1.0,1.0,1.0,-1.0,-1.0	0.92897755,0.01842145,-0.62601906,-0.37551042,8.082939,0.36160988,-0.45190537,-0.42862353
../data/train_data_mmini/9/Train_0042.jpg	9	1.0,1.0,-1.0,-1.0,1.0,1.0,1.0,-1.0	0.5328853,0.10470586,-0.5330735,-0.10426314,8.892563,1.069598,0.055830706,-0.72129744
../data/train_data_mmini/9/Train_0043.jpg	9	1.0,-1.0,-1.0,-1.0,1.0,1.0,-1.0,-1.0	1.0672172,-0.048179034,-0.69443494,-0.353832,11.1011095,0.641077,-0.42542022,-0.41746604
../data/train_data_mmini/9/Train_0044.jpg	9	1.0,1.0,-1.0,-1.0,1.0,1.0,-1.0,-1.0	1.2250544,0.09903295,-0.7880024,-0.2815097,10.166556,0.622564,-0.67342323,-0.40371725
../data/train_data_mmini/10/Train_0045.jpg	10	1.0,-1.0,-1.0,-1.0,1.0,1.0,-1.0,-1.0	0.8462219,-0.18986543,-0.43381217,-0.49151197,7.0305862,0.30567715,-0.6380461,-0.61056703
../data/train_data_mmini/10/Train_0046.jpg	10	1.0,-1.0,-1.0,-1.0,1.0,1.0,-1.0,-1.0	0.6919034,-0.07180455,-0.23260316,-0.31601286,5.483011,0.21732475,-0.5737801,-0.26411676
../data/train_data_mmini/10/Train_0047.jpg	10	1.0,-1.0,-1.0,-1.0,1.0,1.0,-1.0,-1.0	1.0137621,-0.23143466,-0.6804593,-0.53089607,9.181999,0.44832018,-0.64046085,-0.6480284
../data/train_data_mmini/10/Train_0048.jpg	10	1.0,-1.0,-1.0,-1.0,1.0,1.0,-1.0,-1.0	0.80142146,-0.3531727,-0.81074786,-0.91529137,7.522549,0.47896418,-1.0375822,-1.3431364
../data/train_data_mmini/10/Train_0049.jpg	10	1.0,-1.0,-1.0,-1.0,1.0,1.0,-1.0,-1.0	1.3112819,-0.1231854,-0.8131126,-0.6335672,9.68062,0.33895588,-0.9365879,-0.6806376
