../data/train_data_mmini/1/Train_0000.jpg	1	1.0,-1.0,1.0,-1.0,1.0,1.0,-1.0,-1.0,1.0,-1.0,1.0,1.0,1.0,1.0,1.0,1.0,-1.0,1.0,1.0,1.0,1.0,1.0,-1.0,-1.0	1.1625367,-1.6852356,1.1111456,-2.1930878,0.85907006,2.8490107,-0.62064433,-1.3725773,0.36269715,-1.2822535,0.8631983,1.5551186,2.581186,0.8908328,2.3725543,0.9495834,-0.29655236,1.6782206,0.064751714,0.34006932,1.7182119,1.131482,-0.7685446,-0.41210607
../data/train_data_mmini/1/Train_0001.jpg	1	1.0,-1.0,1.0,1.0,-1.0,1.0,-1.0,-1.0,-1.0,-1.0,-1.0,-1.0,1.0,1.0,1.0,1.0,1.0,1.0,-1.0,1.0,-1.0,1.0,-1.0,-1.0	0.4191044,-1.7770787,1.122852,0.021571632,-2.493299,1.2544476,-0.49085757,-4.1671267,-0.8508151,-0.36855772,-0.6275584,-0.14981118,0.16403571,0.1204501,0.36168343,0.020224635,1.710891,0.39334306,-1.4144917,2.198742,-1.5228304,1.4962397,-2.5150988,-0.5169405
../data/train_data_mmini/1/Train_0002.jpg	1	1.0,1.0,1.0,-1.0,-1.0,1.0,1.0,-1.0,1.0,-1.0,1.0,-1.0,-1.0,-1.0,1.0,1.0,-1.0,1.0,-1.0,1.0,1.0,-1.0,-1.0,-1.0	2.3579528,1.1483063,0.2238126,-3.375159,-0.22693309,0.8386788,0.11012959,-2.3430667,1.6200442,-0.6465792,3.588599,-2.4270432,-0.50817025,-0.56693405,3.0290668,1.6330874,-0.27686465,1.4320239,-0.9760461,0.3140225,0.9418714,-0.7440862,-1.7430233,-1.0036283
../data/train_data_mmini/1/Train_0003.jpg	1	-1.0,-1.0,1.0,1.0,-1.0,1.0,-1.0,-1.0,1.0,-1.0,1.0,1.0,1.0,1.0,1.0,-1.0,1.0,1.0,1.0,-1.0,-1.0,1.0,1.0,1.0	-1.0265595,-3.4201298,2.0907912,0.06974304,-1.2901407,3.9418497,-1.4335232,-1.8090262,1.4966855,-1.3521421,0.25129658,1.5609039,1.7067407,1.3738861,1.3458655,-0.0843515,1.4522998,1.7073915,3.493488,-0.35152143,-0.40771177,0.7277908,0.56093615,0.78814125
../data/train_data_mmini/1/Train_0004.jpg	1	-1.0,-1.0,1.0,1.0,1.0,1.0,-1.0,-1.0,-1.0,-1.0,-1.0,1.0,1.0,1.0,1.0,-1.0,-1.0,1.0,1.0,-1.0,1.0,1.0,1.0,-1.0	-1.1764911,-1.1344128,2.4965024,0.01907058,2.1343486,1.967759,-1.4252694,-1.2930758,-0.36058828,-2.224449,-1.1401494,2.893537,2.9288123,2.3117995,0.9145271,-0.07838842,-1.266308,0.2603917,0.7368582,-0.51729524,1.5703343,1.9883748,0.27564734,-1.4301755
../data/train_data_mmini/2/Train_0005.jpg	2	1.0,-1.0,-1.0,-1.0,-1.0,-1.0,1.0,1.0,-1.0,1.0,-1.0,1.0,1.0,-1.0,1.0,1.0,-1.0,-1.0,1.0,-1.0,-1.0,-1.0,1.0,1.0	0.529349,-1.8063082,-0.8886993,-0.49342486,-1.1612432,-1.2742423,1.0343628,1.2043515,-0.79803085,0.38751587,-1.3277264,0.37373653,1.0034795,-0.3675039,0.020766497,1.4372978,-1.5089622,-1.7796603,1.0524532,-1.8890771,-0.9273257,-0.6839522,1.6258473,1.5151863
../data/train_data_mmini/2/Train_0006.jpg	2	-1.0,1.0,-1.0,-1.0,1.0,1.0,1.0,1.0,1.0,-1.0,1.0,1.0,-1.0,1.0,1.0,-1.0,-1.0,1.0,1.0,-1.0,1.0,-1.0,1.0,1.0	-1.016264,1.1318288,-0.7239341,-0.5422675,1.0590409,2.0637689,0.4926429,1.8335563,2.2760932,-0.48345932,1.4930332,0.35333872,-1.3614926,1.7433038,0.6835431,-1.6609893,-0.5904889,1.4720501,3.140327,-0.9299709,1.3244281,-1.1576221,1.0230765,1.0270512
../data/train_data_mmini/2/Train_0007.jpg	2	1.0,-1.0,1.0,-1.0,1.0,1.0,-1.0,1.0,-1.0,-1.0,-1.0,1.0,1.0,1.0,1.0,-1.0,1.0,1.0,1.0,1.0,1.0,1.0,1.0,1.0	0.80572206,-3.7829628,0.43278155,-1.9730892,2.415517,1.4861352,-1.3568077,1.059203,-1.6265,-0.69494796,-1.4494612,0.4190329,1.1742696,0.90594333,1.4071419,-0.6530625,0.27279475,0.92070955,3.8825862,1.2203425,0.81458986,1.0808852,0.18250735,0.40844503
../data/train_data_mmini/2/Train_0008.jpg	2	1.0,1.0,-1.0,-1.0,1.0,-1.0,1.0,-1.0,-1.0,1.0,-1.0,1.0,-1.0,-1.0,-1.0,1.0,1.0,-1.0,-1.0,1.0,1.0,1.0,-1.0,-1.0	0.80426836,2.9137208,-0.5673303,-1.4430859,2.4266877,-0.04116825,1.8223888,-2.1301956,-0.76251143,0.5572397,-0.54103637,0.42314544,-0.20175079,-2.7416017,-0.090896145,0.61839813,0.9928838,-0.495208,-1.6463248,0.97641575,1.6795205,1.1386238,-0.7338059,-0.36402857
../data/train_data_mmini/2/Train_0009.jpg	2	-1.0,-1.0,-1.0,-1.0,1.0,1.0,-1.0,1.0,-1.0,1.0,-1.0,1.0,1.0,-1.0,-1.0,-1.0,1.0,1.0,-1.0,1.0,1.0,1.0,-1.0,1.0	-0.35888425,-2.2614863,-1.9741296,-0.041003,0.59025294,0.7665063,-0.8177394,2.8003063,-2.3788774,1.73365,-2.4636967,1.6627723,0.94957346,-0.6953042,-1.1825455,-1.3548132,0.4102627,0.06600601,-2.225807,0.22140285,0.103576295,0.6375016,-0.04385705,2.0663023
../data/train_data_mmini/3/Train_0010.jpg	3	-1.0,1.0,-1.0,1.0,-1.0,-1.0,-1.0,1.0,-1.0,-1.0,-1.0,-1.0,-1.0,1.0,-1.0,-1.0,1.0,-1.0,-1.0,1.0,-1.0,1.0,-1.0,-1.0	-2.3200095,1.5411004,-0.56036127,2.2738352,-0.400709,-0.471731,-0.10879349,1.0428661,-0.73811924,-0.35903028,-1.0364306,-0.25909594,-1.7762897,0.16063538,-1.4164244,-2.061446,1.8856668,-0.9573011,-0.03780043,2.6201386,-0.9469676,1.6206641,-0.9615968,-1.0291579
../data/train_data_mmini/3/Train_0011.jpg	3	1.0,1.0,1.0,-1.0,1.0,-1.0,-1.0,-1.0,-1.0,-1.0,1.0,-1.0,-1.0,1.0,1.0,1.0,-1.0,-1.0,-1.0,1.0,1.0,1.0,-1.0,-1.0	1.7005479,0.086541034,0.24620995,-1.6928382,0.67135006,-1.1960398,-1.4273272,-1.6972092,-0.33990416,-2.442384,1.5328268,-2.644671,-1.3663975,1.1436338,1.0964311,0.08956215,-1.2135644,-0.17859401,-2.5677743,1.5718597,0.88135314,0.21752082,-1.7225999,-2.4463348
../data/train_data_mmini/3/Train_0012.jpg	3	1.0,-1.0,1.0,-1.0,-1.0,-1.0,-1.0,1.0,1.0,-1.0,1.0,-1.0,1.0,1.0,1.0,1.0,-1.0,-1.0,-1.0,-1.0,-1.0,1.0,-1.0,-1.0	0.10214492,-1.9155091,4.1953382,-0.5601353,-2.955578,-0.45643324,-1.6948566,0.20003648,0.99129313,-1.0762527,0.9248303,-1.5947748,1.5041806,2.2077034,1.5510464,1.1477017,-0.6615349,-0.005684944,-1.1719923,-0.43946794,-1.3607761,0.5329138,-1.6793904,-0.7513509
../data/train_data_mmini/3/Train_0013.jpg	3	-1.0,1.0,-1.0,1.0,-1.0,1.0,1.0,-1.0,1.0,1.0,1.0,1.0,-1.0,-1.0,-1.0,-1.0,1.0,1.0,-1.0,-1.0,1.0,-1.0,-1.0,1.0	-0.9342511,1.9853315,-1.5060016,0.6511456,-1.7676073,1.1345505,1.4023231,-1.1965669,1.5630647,1.8098907,0.67214847,0.039567463,-1.5293201,-0.6545922,-0.761132,-1.677433,0.8137016,1.8291024,-3.2574415,-0.4590559,0.2680072,-1.1200838,-0.31972802,1.1236862
../data/train_data_mmini/3/Train_0014.jpg	3	-1.0,1.0,-1.0,1.0,1.0,-1.0,-1.0,-1.0,-1.0,-1.0,-1.0,1.0,-1.0,1.0,-1.0,-1.0,-1.0,-1.0,-1.0,-1.0,1.0,-1.0,1.0,-1.0	-0.084928416,1.0021973,-2.44702,0.8062953,2.2900321,-1.6284565,-0.5760751,-0.11702009,-1.1259837,-0.09986171,-0.41341636,0.7527848,-1.5213258,0.97674423,-1.9478106,-1.2621758,-2.180461,-0.9280243,-0.65256625,-0.9266305,0.4070607,-2.0055048,0.4686694,-1.3519543
../data/train_data_mmini/4/Train_0015.jpg	4	1.0,-1.0,1.0,-1.0,-1.0,-1.0,1.0,-1.0,-1.0,1.0,-1.0,-1.0,1.0,-1.0,1.0,1.0,-1.0,1.0,-1.0,-1.0,1.0,1.0,1.0,1.0	0.033318184,-1.0902175,3.0985215,-2.9946754,-0.43672812,-0.4407623,1.162171,-2.1134715,-0.10688556,0.6428622,-1.0923861,-2.1441665,0.95570105,-0.70362043,0.93213326,2.5810573,-0.070495,0.27228776,-2.9379175,-1.0430107,1.1915742,0.6177865,0.70452553,0.9082814
../data/train_data_mmini/4/Train_0016.jpg	4	1.0,-1.0,-1.0,-1.0,-1.0,1.0,1.0,-1.0,-1.0,1.0,-1.0,-1.0,-1.0,-1.0,1.0,1.0,1.0,1.0,-1.0,-1.0,-1.0,-1.0,-1.0,1.0	2.0559998,-1.5430465,-3.172625,-1.7974573,-3.274616,0.49111474,2.2409651,-4.740062,-0.9184464,2.319273,-0.040371254,-0.29125395,-0.95922595,-3.375587,0.31848216,1.9134483,1.1845742,0.33431217,-1.6540744,-0.6079876,-1.3162194,-1.0488808,-0.9222468,1.5250001
../data/train_data_mmini/4/Train_0017.jpg	4	1.0,-1.0,-1.0,-1.0,-1.0,-1.0,1.0,1.0,1.0,-1.0,1.0,-1.0,-1.0,-1.0,1.0,1.0,-1.0,-1.0,-1.0,-1.0,-1.0,-1.0,1.0,1.0	1.4080034,-0.7642786,-1.6004759,-1.4365609,-3.0166957,-0.65774167,1.3917223,0.14875409,1.3064867,-0.48399356,1.115571,-2.495944,-1.129316,-0.9590344,0.776139,0.9679233,-0.75944114,-0.60235023,-1.057702,-1.1833627,-0.2654862,-1.3022189,0.12273386,1.1578947
../data/train_data_mmini/4/Train_0018.jpg	4	1.0,-1.0,-1.0,-1.0,1.0,-1.0,1.0,-1.0,-1.0,1.0,-1.0,1.0,1.0,-1.0,-1.0,1.0,-1.0,-1.0,-1.0,-1.0,1.0,1.0,1.0,1.0	0.41780636,-1.6433865,-2.3934271,-0.7800301,1.1577607,-0.9767232,1.0413659,-1.3102286,-1.6204928,0.2414453,-2.4212012,1.1642455,0.64776707,-1.5697579,-1.3769289,0.34966168,-0.99225193,-2.2069025,-0.114883974,-0.817921,0.35240036,0.060077146,1.5990086,1.1210599
../data/train_data_mmini/4/Train_0019.jpg	4	-1.0,1.0,1.0,1.0,-1.0,1.0,-1.0,1.0,1.0,-1.0,1.0,1.0,-1.0,1.0,1.0,-1.0,-1.0,1.0,1.0,-1.0,-1.0,-1.0,1.0,-1.0	-1.7607769,2.06674,2.5897892,2.6727273,-0.875087,0.14766632,-1.6574764,1.5532309,3.6738317,-1.0310067,2.8502994,0.5098185,-0.25589195,2.5240343,0.17055063,-1.581877,-1.3858505,0.37107125,3.1518545,-1.9012009,-1.441821,-1.2415533,0.09849408,-0.7318489
../data/train_data_mmini/5/Train_0020.jpg	5	1.0,-1.0,-1.0,1.0,-1.0,1.0,-1.0,-1.0,-1.0,-1.0,1.0,1.0,1.0,1.0,1.0,1.0,-1.0,-1.0,1.0,-1.0,-1.0,1.0,-1.0,-1.0	1.2885274,-1.3277993,-0.15093489,0.9557092,-0.97690576,0.7039267,-0.90121365,-2.2988632,-0.18519461,-1.0486811,0.45068833,2.2279968,1.5654993,0.3264977,0.8179669,0.14282805,-0.2267843,-0.7118349,3.3998923,-0.15725605,-1.636253,0.06652206,-0.7303875,-0.17453317
../data/train_data_mmini/5/Train_0021.jpg	5	-1.0,1.0,-1.0,-1.0,1.0,1.0,1.0,-1.0,1.0,-1.0,-1.0,1.0,1.0,1.0,-1.0,-1.0,-1.0,1.0,-1.0,-1.0,1.0,1.0,1.0,1.0	-1.134901,0.22383091,-0.22549713,-0.33355525,2.386362,2.3219824,1.1521146,-2.6005023,0.7094587,-1.395622,-1.5970849,2.516107,1.5225916,0.601844,-0.86972624,-0.90032256,-1.2031353,0.45551023,-1.7768203,-1.7517881,3.6955256,0.7487678,2.4431825,1.0129032
../data/train_data_mmini/5/Train_0022.jpg	5	1.0,-1.0,1.0,-1.0,1.0,1.0,-1.0,1.0,-1.0,1.0,-1.0,-1.0,1.0,1.0,1.0,-1.0,1.0,1.0,1.0,1.0,1.0,1.0,-1.0,1.0	0.52669847,-0.4441472,1.1782348,-1.1867598,2.2115643,0.21040818,-0.5151164,3.3910131,-1.5847019,0.38324296,-0.64942884,-0.06958419,0.9704577,0.054131046,1.3995837,-0.47886017,0.8096062,0.23091021,2.863517,1.5708343,0.2851577,1.566765,-0.75270927,0.83504516
../data/train_data_mmini/5/Train_0023.jpg	5	-1.0,-1.0,1.0,-1.0,1.0,1.0,-1.0,-1.0,-1.0,-1.0,-1.0,1.0,1.0,1.0,1.0,-1.0,1.0,1.0,1.0,1.0,1.0,1.0,1.0,1.0	-0.90263134,-3.1561723,1.61412,-0.19296096,1.6365918,2.9772112,-1.2377421,-1.7187619,-1.2875907,-0.17445363,-2.4246774,2.1285632,1.2207121,0.17898066,0.41056675,-0.6810624,1.3835201,1.3178172,2.831553,0.9844246,0.4474187,1.9158503,0.017734785,0.54969436
../data/train_data_mmini/5/Train_0024.jpg	5	-1.0,-1.0,1.0,-1.0,-1.0,1.0,-1.0,1.0,1.0,-1.0,-1.0,1.0,1.0,1.0,1.0,1.0,-1.0,1.0,1.0,-1.0,1.0,1.0,1.0,1.0	-0.014738089,-3.1054413,1.4996243,-0.93496996,-0.7841934,2.3546395,-0.6248026,1.0871805,0.96333414,-2.3663,-0.15654868,0.7982894,3.466831,1.8412906,1.8504647,0.73068494,-1.1323308,0.36532614,0.49099955,-0.47103512,1.9178002,1.2207786,1.3633306,0.8956
../data/train_data_mmini/6/Train_0025.jpg	6	-1.0,-1.0,-1.0,1.0,-1.0,1.0,-1.0,1.0,1.0,-1.0,1.0,-1.0,-1.0,1.0,1.0,-1.0,-1.0,1.0,1.0,-1.0,-1.0,-1.0,1.0,-1.0	-1.5981865,-1.4373631,-0.6917141,0.42272466,-2.5003893,0.9256348,-1.4285911,3.7201765,3.2526557,-0.897911,2.3098679,-1.6744277,-2.9218378,3.8407648,1.4978677,-1.9160153,-0.9231658,1.2219291,1.9520383,-1.2882667,-1.8847646,-1.9320472,0.43785906,-0.007902792
../data/train_data_mmini/6/Train_0026.jpg	6	1.0,-1.0,1.0,1.0,-1.0,-1.0,-1.0,-1.0,-1.0,-1.0,-1.0,-1.0,1.0,-1.0,-1.0,1.0,-1.0,-1.0,1.0,1.0,-1.0,1.0,1.0,-1.0	0.23865399,-4.3494234,0.5078912,0.42412737,-0.8292265,-1.8699945,-1.4243723,-0.64298576,-1.0627654,-2.0286808,-1.5301999,-0.6593077,1.1982116,-0.014388202,-0.46684745,0.29628515,-0.3532326,-2.5448372,2.3328762,0.6542,-1.6485517,0.5837635,1.0107921,-0.90009564
../data/train_data_mmini/6/Train_0027.jpg	6	-1.0,-1.0,-1.0,1.0,-1.0,-1.0,-1.0,-1.0,-1.0,1.0,-1.0,-1.0,-1.0,1.0,-1.0,-1.0,1.0,-1.0,-1.0,1.0,-1.0,-1.0,-1.0,-1.0	-1.4880487,-0.6087846,-0.7847252,0.89784354,-1.5840293,-2.4258919,-0.7699626,-0.018918298,-1.4586482,0.3219978,-0.9735443,-2.8821254,-3.5342069,0.11141072,-1.1441587,-0.8676984,0.7230862,-1.2580979,-1.961945,1.0202657,-2.4661064,-0.34702283,-0.6264387,-1.0939351
../data/train_data_mmini/6/Train_0028.jpg	6	1.0,1.0,-1.0,-1.0,1.0,-1.0,1.0,-1.0,1.0,-1.0,1.0,-1.0,-1.0,1.0,1.0,-1.0,-1.0,-1.0,-1.0,1.0,1.0,-1.0,-1.0,-1.0	1.0631574,1.3324093,-3.4075363,-1.4967031,1.7834907,-0.16734011,0.0059854593,-0.3741631,0.116304696,-1.6471131,1.679761,-0.7788518,-1.5548086,0.13428384,1.0408095,-0.85975796,-0.9239476,-0.20952712,-0.23576552,1.1184297,2.1257257,-0.49747038,-0.42847386,-1.2273698
../data/train_data_mmini/6/Train_0029.jpg	6	1.0,-1.0,-1.0,-1.0,-1.0,1.0,1.0,1.0,1.0,1.0,1.0,1.0,1.0,-1.0,1.0,-1.0,1.0,1.0,-1.0,-1.0,1.0,-1.0,-1.0,1.0	0.7992154,-0.51453197,-1.9241723,-1.2269657,-2.0925922,2.9833493,0.12976123,3.2126243,1.0836984,1.1936018,0.9915838,0.71915185,1.5268763,-1.368089,0.61670554,-0.78281033,0.9689026,2.1959202,-5.345214,-0.19120163,1.3558615,-0.19156368,-0.7994347,3.1295211
../data/train_data_mmini/7/Train_0030.jpg	7	1.0,-1.0,-1.0,-1.0,-1.0,1.0,1.0,1.0,-1.0,1.0,-1.0,-1.0,1.0,-1.0,1.0,1.0,1.0,1.0,1.0,-1.0,-1.0,-1.0,1.0,1.0	0.80499804,-2.4624052,-0.40793252,-2.2713814,-1.1487721,0.28269768,0.5584852,2.1968188,-1.1745191,1.8172138,-0.71479493,-0.69467276,0.4114694,-0.79572004,1.396923,1.54306,0.6162771,0.51801795,0.873223,-0.12614687,-1.1776118,-0.20150697,0.30942747,2.5284553
../data/train_data_mmini/7/Train_0031.jpg	7	1.0,1.0,-1.0,-1.0,-1.0,-1.0,1.0,1.0,-1.0,1.0,1.0,1.0,1.0,-1.0,-1.0,1.0,1.0,-1.0,-1.0,1.0,-1.0,-1.0,-1.0,1.0	2.0670257,0.91732055,-3.7773144,-0.31655815,-1.246739,-1.0090111,2.4202523,1.6761872,-0.5187893,1.1116142,0.25838405,1.1871811,1.0113531,-3.2118928,-0.18610603,1.0107414,0.14596668,-1.8165874,-0.26599935,0.052643027,-0.17603552,-0.48539066,-0.15896662,1.188624
../data/train_data_mmini/7/Train_0032.jpg	7	1.0,1.0,-1.0,1.0,-1.0,-1.0,1.0,-1.0,-1.0,-1.0,-1.0,-1.0,-1.0,-1.0,-1.0,1.0,-1.0,-1.0,-1.0,-1.0,1.0,-1.0,-1.0,-1.0	1.6606123,0.58331305,-1.5458944,0.315864,-0.7564182,-3.7687743,0.18482482,-1.2269433,-1.0862826,-0.75411934,-0.6563534,-1.5232813,-0.30052647,-0.37155822,-1.5348877,0.62640023,-2.4008353,-2.618034,-4.6413727,-1.069875,0.09033093,-0.82248455,-0.10804336,-1.4473085
../data/train_data_mmini/7/Train_0033.jpg	7	1.0,-1.0,-1.0,-1.0,-1.0,-1.0,-1.0,1.0,-1.0,-1.0,1.0,1.0,1.0,1.0,1.0,-1.0,-1.0,-1.0,1.0,1.0,-1.0,1.0,-1.0,-1.0	1.4534444,-2.5618868,-1.3019513,-0.89473736,-0.0473891,-0.9343253,-1.9480754,3.9918604,-1.4343675,-0.90353364,0.5712904,0.042643003,0.7968464,1.6778594,1.3812324,-0.40576103,-0.47722057,-0.35185614,2.246694,0.92450464,-0.78398407,0.14885934,-0.9581275,-0.15681608
../data/train_data_mmini/7/Train_0034.jpg	7	-1.0,1.0,-1.0,1.0,1.0,-1.0,-1.0,1.0,1.0,-1.0,1.0,-1.0,-1.0,1.0,-1.0,-1.0,-1.0,-1.0,1.0,1.0,1.0,1.0,-1.0,-1.0	-1.0761955,1.5293702,-0.69487447,1.8246838,0.76451284,-1.1706387,-1.916523,1.2922939,1.6230954,-4.3301487,0.8981739,-2.2829595,-2.4799726,1.6978568,-0.9832481,-3.0208912,-0.53809834,-1.1659899,0.62878,2.4237492,1.3541435,0.4093567,-0.06544927,-2.8172932
../data/train_data_mmini/8/Train_0035.jpg	8	-1.0,-1.0,-1.0,-1.0,1.0,1.0,1.0,1.0,-1.0,1.0,-1.0,-1.0,1.0,-1.0,-1.0,1.0,1.0,1.0,-1.0,1.0,1.0,1.0,1.0,1.0	-1.1064315,-0.65158325,-0.40430272,-2.1147094,0.099283986,0.8443929,1.5053334,4.218094,-1.6146966,1.4028844,-2.9367464,-1.0127267,0.3720603,-1.0630586,-0.03169626,0.025404688,0.9739734,0.15953872,-3.6777275,1.240775,1.7632444,1.7839198,0.755837,2.9984066
../data/train_data_mmini/8/Train_0036.jpg	8	1.0,-1.0,-1.0,-1.0,-1.0,-1.0,1.0,1.0,-1.0,1.0,-1.0,-1.0,-1.0,-1.0,1.0,1.0,-1.0,-1.0,1.0,-1.0,-1.0,-1.0,1.0,1.0	1.4835968,-1.6433562,-2.4852006,-3.118166,-0.57141143,-1.3970853,0.954507,5.557901,-0.742917,1.3298836,-0.07191897,-1.8295176,-0.21215501,-0.5877607,1.4222524,1.3575333,-1.1282865,-0.7968869,0.08942467,-0.6394672,-0.33102977,-1.5137916,0.8323961,2.0914085
../data/train_data_mmini/8/Train_0037.jpg	8	1.0,-1.0,-1.0,-1.0,-1.0,-1.0,1.0,1.0,-1.0,-1.0,-1.0,-1.0,-1.0,-1.0,-1.0,-1.0,-1.0,-1.0,-1.0,1.0,1.0,-1.0,1.0,1.0	0.9513122,-2.4367442,-4.167707,-0.39783764,-1.0406044,-1.3194743,0.57280433,0.8827512,-1.129047,-1.2445594,-1.6652102,-0.74505967,-0.5858485,-1.0514395,-1.2668836,-0.5613994,-0.87316746,-2.2702074,-2.8946562,0.35149756,0.8744546,-0.29677182,0.99852794,0.41430622
../data/train_data_mmini/8/Train_0038.jpg	8	-1.0,1.0,1.0,-1.0,-1.0,-1.0,1.0,1.0,1.0,1.0,-1.0,-1.0,1.0,-1.0,1.0,1.0,1.0,-1.0,-1.0,1.0,1.0,1.0,-1.0,1.0	-0.2885767,1.8061539,1.6937141,-0.9170116,-2.0414553,-0.35809156,2.3989868,1.4316092,0.20733072,1.1450838,-0.6513343,-2.0458894,0.82014173,-3.973628,0.16215989,1.8735788,2.5599337,-0.90986645,-2.5143704,1.634587,0.50257754,2.078607,-0.6220762,1.685715
../data/train_data_mmini/8/Train_0039.jpg	8	1.0,-1.0,-1.0,-1.0,-1.0,1.0,-1.0,1.0,-1.0,1.0,-1.0,1.0,1.0,1.0,1.0,-1.0,-1.0,1.0,-1.0,1.0,1.0,1.0,-1.0,1.0	0.063589804,-1.0398669,-1.0542724,-1.9875771,-0.21774226,0.42355913,-0.2900587,7.1777925,-1.0367249,0.67424434,-1.139719,0.14293471,1.4899256,1.5078412,1.4090419,-0.5061921,-1.2209356,0.7240288,-4.7028675,0.20287192,1.2318686,1.0291759,-0.35337597,2.5845513
../data/train_data_mmini/9/Train_0040.jpg	9	1.0,-1.0,-1.0,-1.0,1.0,1.0,-1.0,1.0,-1.0,-1.0,-1.0,1.0,1.0,1.0,1.0,-1.0,-1.0,-1.0,-1.0,-1.0,1.0,1.0,1.0,1.0	0.63254726,-1.4932027,-0.8856165,-1.0573463,1.3126097,1.1430888,-0.54913604,0.91974473,-0.39772946,-1.548276,-0.6739861,1.9802036,2.1674469,1.4726768,0.6145506,-0.6142181,-1.7349808,-0.094480105,-0.53021383,-0.3936167,1.9266315,0.7290225,0.42302805,0.5550514
../data/train_data_mmini/9/Train_0041.jpg	9	1.0,-1.0,-1.0,1.0,-1.0,-1.0,-1.0,1.0,-1.0,-1.0,1.0,1.0,-1.0,1.0,-1.0,-1.0,-1.0,-1.0,-1.0,1.0,-1.0,-1.0,-1.0,-1.0	1.5349923,-0.102456056,-3.3101811,1.7042685,-0.979556,-1.0187639,-1.2171273,0.5903765,-1.7564962,-0.8384528,0.5653572,1.2292309,-0.601139,0.8307711,-0.19807099,-1.682433,-0.5950318,-1.5140743,-0.30533797,1.4816098,-1.5598087,-0.2437296,-2.368326,-0.6161623
../data/train_data_mmini/9/Train_0042.jpg	9	1.0,-1.0,1.0,-1.0,-1.0,1.0,1.0,-1.0,1.0,-1.0,-1.0,-1.0,-1.0,1.0,1.0,-1.0,-1.0,1.0,-1.0,1.0,1.0,1.0,-1.0,-1.0	0.1546543,-0.19389552,0.6863627,-1.1856846,-0.20954485,0.7674941,0.22710373,-3.9365609,0.44142878,-0.8466286,-0.22775595,-0.42798802,-0.641816,0.9080029,0.33709446,-0.21695995,-0.19534414,0.9452258,-3.5420566,0.054825757,0.6273601,0.6811115,-0.6176234,-0.7095888
../data/train_data_mmini/9/Train_0043.jpg	9	-1.0,-1.0,-1.0,-1.0,1.0,1.0,1.0,1.0,-1.0,1.0,-1.0,-1.0,-1.0,1.0,1.0,-1.0,-1.0,1.0,1.0,-1.0,1.0,-1.0,1.0,1.0	-1.107673,-0.60850424,-1.0175718,-1.941315,2.9684074,0.53252095,0.3012481,2.0244226,-1.64605,0.8421407,-2.0854526,-0.11640969,-1.3865808,1.5610889,0.0023013358,-0.9147565,-1.3889966,0.63093567,0.008838177,-0.9792309,1.2504148,-0.6778086,1.4935977,1.3187222
../data/train_data_mmini/9/Train_0044.jpg	9	-1.0,-1.0,1.0,-1.0,-1.0,1.0,-1.0,1.0,1.0,1.0,1.0,-1.0,-1.0,1.0,1.0,-1.0,1.0,1.0,-1.0,-1.0,-1.0,-1.0,-1.0,1.0	-1.3426628,-0.55198675,1.2786947,-0.40376806,-2.7456844,1.1705984,-0.449705,2.542203,1.3212289,0.8507578,0.79294765,-0.91245794,-0.80372447,2.014164,1.6407776,-0.36508903,0.12140517,2.0403972,-2.1581752,-0.7755577,-1.5409218,-0.38291913,-0.9069732,1.1657313
../data/train_data_mmini/10/Train_0045.jpg	10	-1.0,-1.0,-1.0,-1.0,-1.0,-1.0,-1.0,1.0,-1.0,1.0,-1.0,-1.0,1.0,1.0,1.0,-1.0,-1.0,-1.0,-1.0,1.0,1.0,1.0,1.0,1.0	-1.2569613,-0.63501585,-1.3923523,-0.6782503,-0.9554034,-1.9645892,-0.28901726,9.227988,-0.6805409,0.41231436,-0.93669796,-0.98648727,0.38123447,1.3394573,0.29929516,-0.6865699,-0.90659153,-0.99718165,-4.746516,0.6226546,0.48083586,1.1619194,0.034340788,0.28889453
../data/train_data_mmini/10/Train_0046.jpg	10	-1.0,1.0,1.0,-1.0,-1.0,-1.0,1.0,1.0,1.0,-1.0,1.0,-1.0,-1.0,1.0,-1.0,-1.0,1.0,1.0,-1.0,-1.0,1.0,-1.0,1.0,-1.0	-1.3270621,0.40970764,0.41412708,-0.17200258,-1.8236065,-0.54841745,0.46395642,0.6229367,1.4258733,-0.48378894,0.6137612,-2.6891112,-2.0862434,0.77000695,-0.46863577,-1.2531196,0.026908718,0.86430204,-4.8288293,-0.34687698,0.53415537,-0.2045703,0.0048677213,-0.52260435
../data/train_data_mmini/10/Train_0047.jpg	10	-1.0,1.0,-1.0,-1.0,-1.0,-1.0,1.0,1.0,1.0,-1.0,-1.0,-1.0,1.0,1.0,-1.0,-1.0,-1.0,-1.0,-1.0,-1.0,1.0,1.0,1.0,1.0	-0.8311219,0.5631414,-2.3986294,-0.09721702,-0.417153,-1.0685668,1.7935051,5.7249045,1.6687654,-1.5640075,-0.2411116,-0.45354548,0.76058394,0.22065347,-0.24337742,-0.4921223,-2.115864,-1.9278077,-1.5814353,-1.1556093,2.1291277,0.13103788,2.940534,1.089782
../data/train_data_mmini/10/Train_0048.jpg	10	-1.0,1.0,1.0,-1.0,-1.0,-1.0,-1.0,1.0,1.0,1.0,1.0,-1.0,1.0,1.0,1.0,1.0,-1.0,1.0,-1.0,-1.0,-1.0,1.0,-1.0,1.0	-1.208507,1.242211,3.8891764,-0.5286934,-1.6950673,-1.447186,-0.8214647,9.415606,1.7872776,1.9661145,1.4330653,-1.1851119,1.6285434,1.4001139,1.8967303,0.6612593,-0.80770683,0.89212865,-1.6181775,-1.1011637,-1.1767182,0.3172695,-1.1742892,1.1902492
../data/train_data_mmini/10/Train_0049.jpg	10	-1.0,-1.0,-1.0,-1.0,-1.0,-1.0,-1.0,1.0,-1.0,-1.0,-1.0,-1.0,1.0,1.0,1.0,-1.0,-1.0,-1.0,-1.0,1.0,1.0,1.0,1.0,1.0	-1.1026453,-0.4461157,-0.61601037,-0.84385586,-0.2519023,-0.5688969,-0.45950782,6.7451305,-0.38644737,-0.4811403,-0.9673781,-1.5044435,0.39941362,0.99976903,0.14589503,-0.8699863,-0.8690415,-0.2702859,-4.570758,1.2351508,1.6437908,1.0946732,0.47160062,1.0377154
