../data/train_data_mmini/1/Train_0000.jpg	1	1.0,1.0,-1.0,-1.0,-1.0,1.0,1.0,-1.0,-1.0,-1.0,1.0,1.0	3.2427003,1.8441231,-4.4285684,-0.21414545,-1.9452454,1.863442,3.2807367,-1.9560924,-3.4038808,-0.2746884,2.038788,0.8198758
../data/train_data_mmini/1/Train_0001.jpg	1	1.0,1.0,-1.0,-1.0,-1.0,1.0,1.0,-1.0,-1.0,-1.0,1.0,1.0	3.062689,1.8504179,-4.2090564,-0.29635075,-1.8612579,1.6973054,3.1162105,-1.7247097,-3.2469099,-0.29869533,1.9640102,1.0518368
../data/train_data_mmini/1/Train_0002.jpg	1	1.0,1.0,-1.0,-1.0,-1.0,1.0,1.0,-1.0,-1.0,-1.0,1.0,1.0	2.6296496,1.125539,-3.3367093,-0.3091182,-1.4775807,1.3030725,2.5568094,-1.5955846,-2.6684659,-0.098739006,1.5682794,0.70038396
../data/train_data_mmini/1/Train_0003.jpg	1	1.0,1.0,-1.0,-1.0,-1.0,1.0,1.0,-1.0,-1.0,-1.0,1.0,1.0	3.320893,1.9357167,-4.796614,-0.06308149,-2.0532236,2.0985422,3.3889077,-1.9622889,-3.512586,-0.34305048,2.247126,0.60474473
../data/train_data_mmini/1/Train_0004.jpg	1	1.0,1.0,-1.0,-1.0,-1.0,1.0,1.0,-1.0,-1.0,-1.0,1.0,1.0	3.2088182,1.9180301,-4.91471,-0.099929236,-1.975594,2.1404052,3.3838468,-1.992081,-3.3940902,-0.356874,2.152304,0.68657845
../data/train_data_mmini/2/Train_0005.jpg	2	1.0,1.0,-1.0,-1.0,-1.0,1.0,1.0,-1.0,-1.0,-1.0,1.0,1.0	2.6867025,1.6757706,-4.0310097,-0.22583139,-1.7820553,1.5058836,2.8924186,-1.6503717,-3.0260146,-0.22568451,1.9227822,0.4583328
../data/train_data_mmini/2/Train_0006.jpg	2	1.0,1.0,-1.0,-1.0,-1.0,1.0,1.0,-1.0,-1.0,-1.0,1.0,1.0	2.5611913,1.3933276,-3.3258228,-0.5687419,-1.760549,1.4742302,2.7183182,-1.8932606,-2.7351575,-0.086756,1.684452,1.5234219
../data/train_data_mmini/2/Train_0007.jpg	2	1.0,1.0,-1.0,-1.0,-1.0,1.0,1.0,-1.0,-1.0,-1.0,1.0,1.0	3.4429781,2.0086412,-5.3633246,-0.08169814,-2.0309255,2.591807,3.608845,-2.0450203,-3.699111,-0.5060122,2.379477,0.39703116
../data/train_data_mmini/2/Train_0008.jpg	2	1.0,1.0,-1.0,-1.0,-1.0,1.0,1.0,-1.0,-1.0,-1.0,1.0,1.0	2.766833,1.3202842,-3.6656547,-0.5369735,-1.6379088,1.4726894,2.860885,-1.5341705,-2.801856,-0.10281267,1.661175,0.6843441
../data/train_data_mmini/2/Train_0009.jpg	2	1.0,1.0,-1.0,-1.0,-1.0,1.0,1.0,-1.0,-1.0,-1.0,1.0,1.0	3.32182,1.9275833,-5.0886045,-0.15518798,-2.3597493,2.1117885,3.5616581,-2.3975885,-3.7403882,-0.15864682,2.538222,1.0128012
../data/train_data_mmini/3/Train_0010.jpg	3	1.0,1.0,-1.0,-1.0,-1.0,1.0,1.0,-1.0,-1.0,1.0,1.0,1.0	2.3240325,0.9335086,-3.109255,-0.099805325,-1.3748485,1.5690315,1.9760008,-1.4681089,-2.088872,0.07677386,1.3555794,0.376321
../data/train_data_mmini/3/Train_0011.jpg	3	1.0,1.0,-1.0,-1.0,-1.0,1.0,1.0,-1.0,-1.0,-1.0,1.0,1.0	2.4462903,1.4509196,-3.8450744,-0.19355565,-1.6131579,1.1707187,2.6337578,-1.4629973,-2.7952375,-0.27619553,1.6245589,0.7606638
../data/train_data_mmini/3/Train_0012.jpg	3	1.0,1.0,-1.0,-1.0,-1.0,1.0,1.0,-1.0,-1.0,-1.0,1.0,1.0	2.8640604,1.6466099,-5.0034657,-0.25884733,-2.0839329,1.949992,3.2515182,-2.1774745,-3.2651625,-0.5521306,2.3749566,1.2158469
../data/train_data_mmini/3/Train_0013.jpg	3	1.0,1.0,-1.0,-1.0,-1.0,1.0,1.0,-1.0,-1.0,-1.0,1.0,1.0	2.7614691,1.3611901,-3.33502,-0.6184567,-1.8317664,1.2418598,2.8394332,-1.6269107,-2.8026912,-0.06430351,1.5185697,1.091062
../data/train_data_mmini/3/Train_0014.jpg	3	1.0,1.0,-1.0,-1.0,-1.0,1.0,1.0,-1.0,-1.0,-1.0,1.0,1.0	2.746566,1.7105957,-4.2360063,-0.16673385,-1.8425025,1.7637628,2.9633765,-1.8713979,-3.054067,-0.13092719,1.9101006,0.75400424
../data/train_data_mmini/4/Train_0015.jpg	4	1.0,1.0,-1.0,-1.0,-1.0,1.0,1.0,-1.0,-1.0,-1.0,1.0,1.0	2.8640378,1.6923957,-4.53893,-0.54593974,-1.8536035,1.8084363,3.1717389,-1.9388345,-3.388088,-0.28748202,2.0081918,0.7053321
../data/train_data_mmini/4/Train_0016.jpg	4	1.0,1.0,-1.0,-1.0,-1.0,1.0,1.0,-1.0,-1.0,-1.0,1.0,1.0	2.2518296,1.4814123,-3.1228468,-0.28421518,-1.4872063,1.0911999,2.4371076,-1.1311612,-2.4957442,-0.22789668,1.4471922,0.30055407
../data/train_data_mmini/4/Train_0017.jpg	4	1.0,1.0,-1.0,-1.0,-1.0,1.0,1.0,-1.0,-1.0,-1.0,1.0,1.0	2.4407632,1.3466434,-3.571961,-0.778513,-1.8674437,1.3915981,2.7634912,-1.8010541,-2.7237737,-0.0970244,1.6690142,1.7084144
../data/train_data_mmini/4/Train_0018.jpg	4	1.0,1.0,-1.0,-1.0,-1.0,1.0,1.0,-1.0,-1.0,-1.0,1.0,1.0	2.0888731,1.3100064,-3.3293002,-0.08653231,-1.3662416,1.4564462,2.2696505,-1.3476197,-2.3347955,-0.25019875,1.4281887,0.58496934
../data/train_data_mmini/4/Train_0019.jpg	4	1.0,1.0,-1.0,-1.0,-1.0,1.0,1.0,-1.0,-1.0,-1.0,1.0,1.0	2.5385485,1.527852,-3.389957,-0.61093265,-1.8326814,1.3854713,2.9423857,-1.5773137,-2.9144554,-0.010994456,1.8111806,0.98567015
../data/train_data_mmini/5/Train_0020.jpg	5	1.0,1.0,-1.0,-1.0,-1.0,1.0,1.0,-1.0,-1.0,-1.0,1.0,1.0	3.4049456,2.0999885,-5.1822968,-0.09289668,-2.109801,2.4497764,3.575019,-2.0609038,-3.6711934,-0.43002972,2.3931298,0.6219979
../data/train_data_mmini/5/Train_0021.jpg	5	1.0,1.0,-1.0,-1.0,-1.0,1.0,1.0,-1.0,-1.0,-1.0,1.0,1.0	3.6056197,1.9980416,-5.383567,-0.22270156,-2.3222759,1.956045,3.794375,-2.3369555,-3.9572456,-0.25471735,2.4899,0.8942321
../data/train_data_mmini/5/Train_0022.jpg	5	1.0,1.0,-1.0,-1.0,-1.0,1.0,1.0,-1.0,-1.0,-1.0,1.0,1.0	3.326812,1.902117,-4.950412,-0.24396023,-2.1154087,2.2907338,3.476276,-2.0437472,-3.6000862,-0.39106727,2.3238678,0.60665977
../data/train_data_mmini/5/Train_0023.jpg	5	1.0,1.0,-1.0,1.0,-1.0,1.0,1.0,-1.0,-1.0,-1.0,1.0,1.0	3.3292453,1.9145088,-5.006322,0.09517657,-2.1090684,2.3214612,3.4377444,-2.0610008,-3.563947,-0.4050459,2.3757362,0.61221707
../data/train_data_mmini/5/Train_0024.jpg	5	1.0,1.0,-1.0,1.0,-1.0,1.0,1.0,-1.0,-1.0,-1.0,1.0,1.0	3.420444,1.8216864,-5.5322137,0.05240691,-2.1007464,2.3656433,3.4361022,-2.2521684,-3.7263758,-0.43774623,2.3814275,0.39306697
../data/train_data_mmini/6/Train_0025.jpg	6	1.0,1.0,-1.0,-1.0,-1.0,1.0,1.0,-1.0,-1.0,-1.0,1.0,-1.0	2.7471938,1.4155229,-4.012692,-0.046593916,-1.8237044,1.4816424,2.5615838,-1.5554127,-2.801666,-0.08545826,1.7503196,-0.008148092
../data/train_data_mmini/6/Train_0026.jpg	6	1.0,1.0,-1.0,-1.0,-1.0,1.0,1.0,-1.0,-1.0,-1.0,1.0,1.0	2.7810698,1.7644323,-4.387548,-0.31034404,-1.6873466,2.1234698,3.011129,-1.7405902,-3.0557413,-0.20313628,1.9301084,1.5010492
../data/train_data_mmini/6/Train_0027.jpg	6	1.0,1.0,-1.0,1.0,-1.0,1.0,1.0,-1.0,-1.0,1.0,1.0,1.0	2.2152224,1.471919,-3.5444613,0.08239681,-1.6296515,1.3468032,2.467131,-1.4760817,-2.4855416,0.021595173,1.6957479,0.47517064
../data/train_data_mmini/6/Train_0028.jpg	6	1.0,1.0,-1.0,-1.0,-1.0,1.0,1.0,-1.0,-1.0,-1.0,1.0,1.0	2.6579015,1.5751988,-3.9314122,-0.122624025,-1.672431,1.5783617,2.9110003,-1.5397104,-2.8350935,-0.18473865,1.6399443,0.65744317
../data/train_data_mmini/6/Train_0029.jpg	6	1.0,1.0,-1.0,-1.0,-1.0,1.0,1.0,-1.0,-1.0,1.0,1.0,1.0	3.0448236,1.4971173,-4.011349,-0.43057132,-1.9837472,1.6410869,2.8525143,-1.958251,-3.0105572,0.09336088,2.082782,0.68003386
../data/train_data_mmini/7/Train_0030.jpg	7	1.0,1.0,-1.0,-1.0,-1.0,1.0,1.0,-1.0,-1.0,-1.0,1.0,1.0	3.314658,2.1671662,-4.969523,-0.49646258,-2.1684165,1.7978107,3.7995844,-2.1579049,-3.9430172,-0.2625421,2.4417696,0.9989751
../data/train_data_mmini/7/Train_0031.jpg	7	1.0,1.0,-1.0,-1.0,-1.0,1.0,1.0,-1.0,-1.0,-1.0,1.0,1.0	3.1583087,1.7441049,-4.839074,-0.29832697,-2.1444433,2.1801057,3.31655,-2.1665301,-3.4060323,-0.36783555,2.1633906,1.1763954
../data/train_data_mmini/7/Train_0032.jpg	7	1.0,1.0,-1.0,1.0,-1.0,1.0,1.0,-1.0,-1.0,-1.0,1.0,1.0	2.7775204,1.5998166,-4.290786,0.019090148,-1.9587371,1.1756269,3.0251372,-1.878867,-3.0581994,-0.21162121,1.8300636,0.76755136
../data/train_data_mmini/7/Train_0033.jpg	7	1.0,1.0,-1.0,1.0,-1.0,1.0,1.0,-1.0,-1.0,-1.0,1.0,1.0	2.8139312,1.7730091,-4.7387843,0.14501822,-1.820442,2.145063,3.0176919,-2.1734216,-3.2692747,-0.24327537,2.3480582,0.82856494
../data/train_data_mmini/7/Train_0034.jpg	7	1.0,1.0,-1.0,1.0,-1.0,1.0,1.0,-1.0,-1.0,-1.0,1.0,-1.0	2.3287573,1.3200283,-3.9006422,0.24802093,-1.4762652,1.4077773,2.313348,-1.343931,-2.473509,-0.22282192,1.501107,-0.04675444
../data/train_data_mmini/8/Train_0035.jpg	8	1.0,1.0,-1.0,-1.0,-1.0,1.0,1.0,-1.0,-1.0,-1.0,1.0,1.0	3.2815497,1.7108276,-4.7097225,-0.16618423,-2.1907873,1.8645871,3.279188,-2.0969543,-3.431038,-0.17106865,2.1452096,0.6500427
../data/train_data_mmini/8/Train_0036.jpg	8	1.0,1.0,-1.0,-1.0,-1.0,1.0,1.0,-1.0,-1.0,-1.0,1.0,1.0	3.054514,1.6805432,-4.8978963,-0.2423889,-2.1784487,2.1392508,3.2668934,-2.2757318,-3.3585198,-0.26135343,2.1724625,0.7242914
../data/train_data_mmini/8/Train_0037.jpg	8	1.0,1.0,-1.0,-1.0,-1.0,1.0,1.0,-1.0,-1.0,-1.0,1.0,1.0	2.9022772,1.8915157,-5.1527843,-0.3463501,-2.0424507,2.0576773,3.3679748,-2.0996916,-3.5080917,-0.29138064,2.3405309,1.006847
../data/train_data_mmini/8/Train_0038.jpg	8	1.0,1.0,-1.0,-1.0,-1.0,1.0,1.0,-1.0,-1.0,-1.0,1.0,1.0	3.2111773,1.7426789,-4.5313106,-0.31550315,-2.116975,1.7618941,3.2924466,-1.9431448,-3.4191856,-0.095822655,1.9982567,0.4777613
../data/train_data_mmini/8/Train_0039.jpg	8	1.0,1.0,-1.0,-1.0,-1.0,1.0,1.0,-1.0,-1.0,-1.0,1.0,1.0	3.263762,1.761343,-4.873892,-0.31168056,-2.2809355,1.8753343,3.3691506,-2.2672937,-3.447788,-0.2142322,2.383052,0.8097346
../data/train_data_mmini/9/Train_0040.jpg	9	1.0,1.0,-1.0,-1.0,-1.0,1.0,1.0,-1.0,-1.0,-1.0,1.0,1.0	3.5608008,2.001848,-5.5960894,-0.39493018,-2.2535396,2.4285963,3.8316953,-2.2636783,-4.006312,-0.37540218,2.552433,0.7554193
../data/train_data_mmini/9/Train_0041.jpg	9	1.0,1.0,-1.0,1.0,-1.0,1.0,1.0,-1.0,-1.0,-1.0,1.0,1.0	2.6636386,1.4855841,-4.2009993,0.12944897,-1.8466202,1.9252281,2.7424731,-1.7903007,-2.8665822,-0.30089647,2.0073583,0.64359426
../data/train_data_mmini/9/Train_0042.jpg	9	1.0,1.0,-1.0,-1.0,-1.0,1.0,1.0,-1.0,-1.0,-1.0,1.0,1.0	3.1791291,1.6362027,-5.057777,-0.43294847,-1.9294748,2.0770695,3.237368,-1.9424402,-3.4528582,-0.49301556,2.0851197,0.50783527
../data/train_data_mmini/9/Train_0043.jpg	9	1.0,1.0,-1.0,-1.0,-1.0,1.0,1.0,-1.0,-1.0,-1.0,1.0,1.0	3.431105,1.9110618,-4.9679728,-0.42197916,-2.247337,2.1460378,3.6442966,-2.1949167,-3.763428,-0.2584006,2.3739343,0.7955478
../data/train_data_mmini/9/Train_0044.jpg	9	1.0,1.0,-1.0,-1.0,-1.0,1.0,1.0,-1.0,-1.0,-1.0,1.0,1.0	3.239522,1.6490585,-4.758745,-0.50411844,-2.161301,1.8410398,3.220293,-2.190395,-3.4860868,-0.17161115,2.318758,0.7556205
../data/train_data_mmini/10/Train_0045.jpg	10	1.0,1.0,-1.0,-1.0,-1.0,1.0,1.0,-1.0,-1.0,1.0,1.0,1.0	2.083655,1.2783043,-3.4213839,-0.23616569,-1.7352935,1.2194124,2.3114467,-1.7207285,-2.3183944,0.08929386,1.7213118,0.3962306
../data/train_data_mmini/10/Train_0046.jpg	10	1.0,1.0,-1.0,-1.0,-1.0,1.0,1.0,-1.0,-1.0,1.0,1.0,1.0	2.0240088,1.0463493,-2.85345,-0.39354745,-1.4256217,0.55109215,1.8983675,-1.3290956,-2.087961,0.038562723,1.3834476,0.33145002
../data/train_data_mmini/10/Train_0047.jpg	10	1.0,1.0,-1.0,-1.0,-1.0,1.0,1.0,-1.0,-1.0,-1.0,1.0,1.0	3.249559,1.7965635,-4.8370237,-0.41727585,-2.20949,1.6544168,3.29403,-2.2277062,-3.419802,-0.063338034,2.1305737,0.48572078
../data/train_data_mmini/10/Train_0048.jpg	10	1.0,1.0,-1.0,-1.0,-1.0,1.0,1.0,-1.0,-1.0,-1.0,1.0,-1.0	3.071185,1.4759104,-4.5875487,-0.042085074,-2.130549,1.6558602,2.8146913,-2.0850203,-2.9238281,-0.2001802,2.0599363,-0.21169998
../data/train_data_mmini/10/Train_0049.jpg	10	1.0,1.0,-1.0,-1.0,-1.0,1.0,1.0,-1.0,-1.0,-1.0,1.0,1.0	3.179385,1.7288803,-4.7380033,-0.33920023,-2.1377914,1.77343,3.1881618,-2.1073427,-3.360825,-0.010227553,2.1793,0.5538965
