../data/train_data_mmini/1/Train_0000.jpg	1	1.0,-1.0,-1.0,1.0,-1.0,-1.0,-1.0,1.0,1.0,-1.0,-1.0,-1.0,1.0,1.0,-1.0,1.0,-1.0,1.0,-1.0,1.0,1.0,1.0,-1.0,-1.0	1.8198143,-1.2971064,-0.45775822,2.2088468,-1.8915642,-0.35768628,-0.49850035,4.163837,1.7150315,-1.8336672,-2.628054,-2.6227784,0.47033,0.06145526,-1.3297865,1.6727898,-1.3544186,0.93874705,-8.984883,0.061178118,1.6882693,0.7810571,-1.9545305,-0.23810478
../data/train_data_mmini/1/Train_0001.jpg	1	1.0,-1.0,-1.0,1.0,-1.0,1.0,1.0,1.0,1.0,-1.0,-1.0,-1.0,1.0,1.0,-1.0,1.0,-1.0,1.0,-1.0,1.0,1.0,1.0,-1.0,-1.0	1.4025658,-2.679045,-1.1200534,0.5153667,-3.162861,1.9570105,0.72203916,7.2868676,1.5474236,-4.6638446,-3.3940425,-5.132907,2.1381881,0.22137542,-1.8761169,3.6526082,-0.40811193,3.2753444,-15.2269125,2.9657454,3.0868828,1.478186,-5.138549,-2.2091835
../data/train_data_mmini/1/Train_0002.jpg	1	1.0,-1.0,1.0,1.0,-1.0,-1.0,-1.0,1.0,1.0,-1.0,-1.0,-1.0,1.0,1.0,-1.0,1.0,-1.0,1.0,-1.0,1.0,1.0,1.0,-1.0,1.0	3.8918252,-0.65684557,0.12548368,5.480668,-5.5590453,-1.3092302,-2.2513323,8.286316,3.0204313,-1.2914275,-5.529131,-6.0467067,0.1271117,0.9700055,-3.9473362,3.0679436,-3.655751,0.21477865,-18.204872,0.14952385,4.2082562,0.65387607,-4.7613416,1.3202515
../data/train_data_mmini/1/Train_0003.jpg	1	1.0,-1.0,-1.0,1.0,-1.0,1.0,1.0,1.0,1.0,-1.0,-1.0,-1.0,1.0,1.0,-1.0,1.0,1.0,1.0,-1.0,1.0,1.0,1.0,-1.0,-1.0	0.47183323,-1.7192942,-0.9533552,0.65995157,-1.6585838,0.4296926,0.38354534,2.7177503,0.6476148,-2.3338425,-1.7853639,-1.7820084,1.00333,0.100598104,-0.74032927,1.0623837,0.1552961,1.6446053,-6.642797,1.4976542,1.3374691,0.76097673,-1.9150571,-1.5172417
../data/train_data_mmini/1/Train_0004.jpg	1	1.0,-1.0,-1.0,1.0,-1.0,-1.0,1.0,1.0,1.0,-1.0,-1.0,-1.0,1.0,-1.0,-1.0,1.0,-1.0,1.0,-1.0,-1.0,1.0,1.0,-1.0,-1.0	2.522598,-2.1291986,-0.39068934,3.20232,-0.44148597,-1.420767,1.5911796,5.674295,3.801474,-2.5773344,-1.9836112,-1.6031085,0.27819264,-0.14402154,-0.29000527,2.30258,-1.8851172,1.849536,-11.73586,-2.0543957,1.4951915,1.1395117,-0.37065536,-0.56443113
../data/train_data_mmini/2/Train_0005.jpg	2	-1.0,-1.0,-1.0,1.0,-1.0,1.0,-1.0,1.0,-1.0,-1.0,-1.0,-1.0,1.0,1.0,-1.0,1.0,1.0,1.0,-1.0,1.0,1.0,1.0,-1.0,-1.0	-0.8444606,-0.5144757,-0.048867006,1.3638103,-8.122776,1.1278694,-0.7335861,4.589337,-1.2491263,-0.7343095,-4.7835493,-4.9465823,2.0767584,0.9221927,-4.6399837,1.2367649,0.5237455,1.5862651,-14.410483,6.3978105,4.773615,0.3016507,-7.4580374,-1.0331744
../data/train_data_mmini/2/Train_0006.jpg	2	1.0,1.0,1.0,1.0,-1.0,-1.0,-1.0,1.0,1.0,1.0,-1.0,-1.0,-1.0,1.0,-1.0,-1.0,-1.0,-1.0,-1.0,1.0,1.0,-1.0,-1.0,1.0	1.4557924,2.4432359,1.9519517,5.909763,-8.363083,-3.2062914,-2.3660333,3.6647625,0.31745413,4.475994,-5.0831065,-3.5979254,-0.8275321,1.698785,-5.268629,-0.7947239,-2.926814,-2.5274441,-12.583525,0.35674372,4.6304555,-1.5725126,-3.9215436,3.7784615
../data/train_data_mmini/2/Train_0007.jpg	2	1.0,-1.0,-1.0,1.0,1.0,-1.0,1.0,1.0,1.0,-1.0,-1.0,-1.0,-1.0,-1.0,1.0,1.0,-1.0,1.0,-1.0,-1.0,-1.0,1.0,1.0,-1.0	1.945036,-1.3511448,-0.07079093,1.0320015,1.0637766,-0.867596,0.7590555,2.3685968,2.4186046,-1.0228626,-0.16869676,-0.38980603,-0.21030708,-0.1453665,0.82368433,1.6925802,-1.1145203,0.7663076,-4.4833536,-1.8861259,-0.09210031,0.191097,0.75477785,-0.502897
../data/train_data_mmini/2/Train_0008.jpg	2	1.0,1.0,1.0,1.0,-1.0,-1.0,-1.0,1.0,1.0,1.0,-1.0,-1.0,-1.0,1.0,-1.0,-1.0,-1.0,-1.0,-1.0,-1.0,1.0,-1.0,-1.0,1.0	1.6612047,2.3693187,2.685519,7.2306523,-6.528791,-5.9948864,-0.47413796,3.602851,2.006353,5.3828096,-3.6682673,-1.4330515,-1.1862143,1.8983907,-3.3878794,-0.31326994,-4.032807,-2.6823304,-11.723075,-4.279637,3.1591425,-2.3494492,-0.19906354,4.231542
../data/train_data_mmini/2/Train_0009.jpg	2	-1.0,-1.0,1.0,1.0,-1.0,1.0,1.0,1.0,-1.0,-1.0,-1.0,-1.0,1.0,1.0,-1.0,-1.0,1.0,1.0,-1.0,1.0,1.0,-1.0,-1.0,-1.0	-3.311352,-0.48604652,0.5842276,1.7526456,-8.925966,0.5044833,0.85428774,1.8414997,-2.0551481,-0.5989297,-4.4523873,-2.9705148,2.6146104,1.6028101,-5.5534844,-1.2789091,2.4480517,1.1787682,-12.021592,6.0916543,4.22552,-1.0106678,-5.9805307,-0.5987403
../data/train_data_mmini/3/Train_0010.jpg	3	1.0,-1.0,1.0,1.0,-1.0,-1.0,1.0,1.0,1.0,1.0,-1.0,1.0,1.0,1.0,-1.0,1.0,-1.0,1.0,-1.0,-1.0,1.0,-1.0,1.0,1.0	0.52351487,-0.28440702,1.3337159,5.5806427,-3.509971,-4.1423616,3.2225711,4.292641,2.683637,0.88893425,-2.1638396,0.23784763,0.5684651,0.9221544,-1.7598232,0.65933657,-1.7644083,0.51407176,-13.32878,-3.9132564,2.2052162,-1.0834891,0.9257826,1.3968416
../data/train_data_mmini/3/Train_0011.jpg	3	1.0,-1.0,-1.0,1.0,-1.0,-1.0,1.0,1.0,1.0,-1.0,-1.0,-1.0,1.0,1.0,-1.0,1.0,-1.0,1.0,-1.0,-1.0,1.0,1.0,-1.0,-1.0	7.6325455,-5.1015687,-1.13185,5.8650603,-1.5065204,-1.2427384,1.6974742,16.477118,10.069649,-6.68307,-5.144786,-7.631348,0.7949841,1.124199,-0.53325236,8.478909,-5.4160886,5.0908885,-30.669628,-1.96289,3.9452236,2.824175,-4.6569657,-1.8465914
../data/train_data_mmini/3/Train_0012.jpg	3	1.0,-1.0,-1.0,1.0,-1.0,1.0,1.0,1.0,1.0,-1.0,-1.0,-1.0,1.0,1.0,-1.0,1.0,1.0,1.0,-1.0,1.0,1.0,1.0,-1.0,-1.0	0.027185662,-4.3599873,-2.4542768,0.77925366,-8.945051,4.9712057,1.1487001,10.409985,0.139761,-8.885308,-8.001699,-9.805166,4.8869233,0.36752507,-6.565671,3.2091212,1.1943744,4.656261,-25.038754,7.949039,6.514863,2.7173395,-11.191312,-3.8393772
../data/train_data_mmini/3/Train_0013.jpg	3	1.0,1.0,1.0,1.0,-1.0,-1.0,-1.0,1.0,-1.0,1.0,-1.0,-1.0,-1.0,1.0,-1.0,-1.0,-1.0,-1.0,-1.0,-1.0,1.0,-1.0,-1.0,1.0	0.7635216,4.178205,3.1564894,9.312606,-12.899589,-4.366293,-3.3583195,3.8165839,-0.72952044,6.182849,-8.162609,-5.3376374,-0.5634061,1.4811417,-9.032157,-2.7807767,-3.5403378,-5.365902,-15.933408,-0.47878882,6.8099136,-2.8720236,-5.221468,6.719425
../data/train_data_mmini/3/Train_0014.jpg	3	1.0,-1.0,1.0,1.0,-1.0,-1.0,1.0,1.0,1.0,1.0,-1.0,-1.0,-1.0,1.0,-1.0,1.0,-1.0,1.0,-1.0,-1.0,1.0,1.0,-1.0,1.0	3.5931296,-0.5724046,0.83917445,5.4859633,-4.1500244,-2.92556,0.15172297,7.3993754,3.7719572,0.35949746,-3.5869992,-3.3830745,-0.10305068,1.4075091,-2.1682417,2.8294525,-3.3137517,0.9222072,-17.024336,-1.3140929,3.2375474,0.26772773,-2.4805868,1.35445
../data/train_data_mmini/4/Train_0015.jpg	4	1.0,1.0,1.0,1.0,-1.0,-1.0,-1.0,1.0,1.0,1.0,-1.0,-1.0,1.0,1.0,-1.0,-1.0,-1.0,-1.0,-1.0,1.0,1.0,-1.0,-1.0,1.0	1.1004188,0.5424611,0.3781605,7.1224866,-8.007163,-2.0284162,-1.1429422,5.414544,0.6188852,0.2927924,-7.3857975,-4.984156,0.7762723,0.20464124,-5.823978,-0.08389894,-2.602386,-1.569695,-17.293736,0.042092748,5.4164343,-0.18519126,-4.5032926,2.348385
../data/train_data_mmini/4/Train_0016.jpg	4	-1.0,-1.0,1.0,-1.0,-1.0,1.0,-1.0,1.0,-1.0,-1.0,-1.0,-1.0,1.0,1.0,-1.0,1.0,1.0,1.0,-1.0,1.0,1.0,-1.0,-1.0,-1.0	-1.794889,-0.44095272,0.08025828,-1.901662,-8.240913,2.02045,-1.8159788,3.4589238,-2.2729323,-0.70752263,-3.653386,-5.200078,2.3925695,1.6512991,-4.759061,1.8205217,1.7478857,2.4509847,-10.956979,9.309248,3.8512828,-0.101197,-8.509862,-2.0112016
../data/train_data_mmini/4/Train_0017.jpg	4	-1.0,-1.0,-1.0,1.0,-1.0,1.0,-1.0,1.0,-1.0,-1.0,-1.0,-1.0,1.0,1.0,-1.0,1.0,-1.0,1.0,-1.0,1.0,1.0,1.0,-1.0,-1.0	-0.31179795,-0.4779853,-0.17990233,3.361479,-12.21602,1.4539548,-2.2647865,7.9815264,-0.69157356,-1.220333,-7.957649,-8.684825,2.5903919,1.9654194,-7.719036,2.491601,-0.18369521,1.8031443,-23.346941,8.249545,7.3115296,0.37725317,-10.767493,-0.8519463
../data/train_data_mmini/4/Train_0018.jpg	4	-1.0,-1.0,1.0,1.0,-1.0,-1.0,1.0,1.0,1.0,1.0,-1.0,-1.0,1.0,1.0,-1.0,1.0,-1.0,1.0,-1.0,1.0,1.0,-1.0,-1.0,1.0	-0.31218114,-0.14553513,0.6722575,2.9012873,-5.21385,-1.863388,0.7730029,3.0060823,0.4621802,0.8158748,-2.814659,-1.479091,0.8637194,0.8350465,-2.5156193,0.4773524,-0.6016013,0.73582304,-11.072816,1.3925469,2.8712723,-0.29888508,-2.5707932,0.052190006
../data/train_data_mmini/4/Train_0019.jpg	4	1.0,1.0,1.0,1.0,-1.0,-1.0,-1.0,1.0,1.0,1.0,-1.0,-1.0,1.0,1.0,-1.0,1.0,-1.0,-1.0,-1.0,1.0,1.0,-1.0,-1.0,1.0	1.2870004,1.1092898,1.1082906,6.297306,-10.170791,-1.4102855,-1.6846316,5.7609625,0.24309495,1.5289935,-6.751663,-5.365632,0.36941212,1.9596226,-6.5778747,0.15434928,-1.9501704,-0.90312845,-18.393408,2.771014,6.09052,-0.853459,-6.427823,1.9740043
../data/train_data_mmini/5/Train_0020.jpg	5	1.0,-1.0,-1.0,-1.0,-1.0,1.0,1.0,1.0,1.0,-1.0,-1.0,-1.0,1.0,1.0,-1.0,1.0,1.0,1.0,-1.0,1.0,1.0,1.0,-1.0,-1.0	0.047470566,-1.9398268,-0.58836097,-0.9602021,-1.9673326,1.1448596,0.56729174,3.2230158,0.25073218,-2.902882,-1.2113378,-2.2607431,1.3847376,0.54445815,-0.68328047,1.9716628,0.7423103,2.7314537,-7.4235964,2.8425343,1.1910591,0.8167414,-2.8199053,-1.989908
../data/train_data_mmini/5/Train_0021.jpg	5	1.0,1.0,1.0,1.0,-1.0,-1.0,-1.0,1.0,1.0,1.0,-1.0,-1.0,-1.0,1.0,-1.0,1.0,-1.0,-1.0,-1.0,-1.0,1.0,-1.0,-1.0,1.0	3.6750834,0.6658097,1.3523972,8.404349,-4.9411945,-4.6361914,-0.11302905,5.50977,3.3340216,1.7401887,-5.3820295,-2.7055547,-0.9959929,0.36345205,-3.4976668,0.2342508,-4.3905473,-1.8422188,-15.341906,-4.4065175,3.5361774,-1.0599669,-0.6825512,3.5989141
../data/train_data_mmini/5/Train_0022.jpg	5	1.0,1.0,1.0,1.0,-1.0,-1.0,-1.0,1.0,1.0,1.0,-1.0,-1.0,-1.0,1.0,-1.0,1.0,-1.0,-1.0,-1.0,-1.0,1.0,-1.0,-1.0,1.0	1.1401745,0.14986618,0.61982375,2.2846637,-1.7817585,-1.5471385,-0.19156635,1.8519664,1.0071418,1.0580353,-1.0949304,-0.7393712,-0.32292068,0.4970602,-0.77149487,0.6532114,-1.3555242,-0.4273992,-5.219609,-1.1254654,0.9595981,-0.47690228,-0.03915999,0.95688707
../data/train_data_mmini/5/Train_0023.jpg	5	-1.0,-1.0,-1.0,1.0,-1.0,-1.0,1.0,1.0,1.0,-1.0,-1.0,1.0,1.0,-1.0,-1.0,-1.0,1.0,1.0,-1.0,-1.0,1.0,-1.0,1.0,-1.0	-0.10997073,-0.7154422,-0.031423252,1.0495477,-0.633184,-0.7352661,0.7469223,0.80089134,0.4281107,-0.33811754,-0.658296,0.14941472,0.21913579,-0.07563383,-0.31389973,-0.03453925,0.02050475,0.36851272,-3.0363955,-0.5009264,0.36464375,-0.13254298,0.26595795,-0.21513665
../data/train_data_mmini/5/Train_0024.jpg	5	1.0,-1.0,-1.0,1.0,-1.0,-1.0,1.0,1.0,1.0,-1.0,-1.0,-1.0,1.0,-1.0,-1.0,1.0,-1.0,1.0,-1.0,-1.0,1.0,1.0,-1.0,-1.0	2.6088805,-2.5520349,-1.0786339,4.364217,-3.0457108,-0.8925146,1.1483817,7.0982275,3.541494,-3.8835201,-4.5054884,-3.42814,1.0493599,-0.11471543,-1.9744885,2.0669572,-1.9725435,2.2105389,-16.249784,-0.6223643,3.136382,1.849505,-2.6139789,-1.097568
../data/train_data_mmini/6/Train_0025.jpg	6	1.0,-1.0,-1.0,1.0,-1.0,1.0,1.0,1.0,1.0,-1.0,-1.0,-1.0,1.0,1.0,-1.0,1.0,-1.0,1.0,-1.0,1.0,1.0,1.0,-1.0,-1.0	1.2912812,-2.120624,-0.76039827,5.250553,-8.170268,0.24344522,0.13502115,9.046914,1.9505159,-3.0704842,-6.9292474,-6.148887,2.426306,1.0735518,-4.8983073,2.5835624,-1.3887681,2.44427,-23.598427,3.771464,6.0225797,1.2555416,-7.366086,-1.2193711
../data/train_data_mmini/6/Train_0026.jpg	6	1.0,-1.0,-1.0,1.0,-1.0,1.0,1.0,1.0,1.0,-1.0,-1.0,-1.0,1.0,1.0,-1.0,1.0,1.0,1.0,-1.0,1.0,1.0,1.0,-1.0,-1.0	1.1174996,-4.2217474,-1.7823012,0.38982967,-2.3832254,1.2421609,2.2218597,7.6053257,3.0388362,-5.8261404,-2.5141358,-3.5445418,2.6551635,0.79583937,-0.52113825,4.1149607,0.14132525,5.0895495,-16.770067,3.374531,2.506427,2.385299,-4.245298,-4.228015
../data/train_data_mmini/6/Train_0027.jpg	6	-1.0,-1.0,-1.0,1.0,-1.0,-1.0,1.0,1.0,1.0,-1.0,-1.0,-1.0,1.0,1.0,-1.0,1.0,1.0,1.0,-1.0,1.0,1.0,1.0,-1.0,-1.0	-0.4997351,-3.1589494,-0.61953914,3.4597785,-6.6206355,-0.13005036,3.4816566,8.172997,2.4631543,-3.760137,-4.2379513,-3.8434339,3.487178,1.4181507,-3.0473793,3.0241263,0.5640093,4.4547715,-23.108767,3.4421425,4.9387827,1.266044,-5.5656343,-3.1077116
../data/train_data_mmini/6/Train_0028.jpg	6	1.0,-1.0,1.0,1.0,-1.0,-1.0,1.0,1.0,1.0,1.0,-1.0,-1.0,-1.0,1.0,1.0,1.0,-1.0,1.0,-1.0,-1.0,1.0,1.0,1.0,1.0	7.1708813,-1.8937548,1.223765,5.974678,-0.9021219,-4.5135374,0.51563185,9.891725,7.94366,0.07001413,-2.466076,-2.8178613,-1.5847999,1.5003439,0.498784,5.431317,-5.869097,1.1556624,-17.873386,-5.4823513,1.6210304,0.48986512,0.4349,1.2947038
../data/train_data_mmini/6/Train_0029.jpg	6	-1.0,1.0,1.0,1.0,-1.0,-1.0,-1.0,1.0,-1.0,1.0,-1.0,-1.0,1.0,1.0,-1.0,-1.0,1.0,-1.0,-1.0,1.0,1.0,-1.0,-1.0,1.0	-4.7726693,2.260293,2.108512,6.0308094,-15.24406,-0.44365278,-0.71838695,1.8905393,-4.0725327,2.2673085,-8.714021,-4.8514276,2.8913398,1.4484408,-10.628014,-4.060077,1.5207858,-2.4799492,-16.635216,6.1958117,7.7329645,-2.0612564,-8.506626,2.762258
../data/train_data_mmini/7/Train_0030.jpg	7	-1.0,-1.0,-1.0,-1.0,-1.0,1.0,-1.0,1.0,-1.0,-1.0,-1.0,-1.0,1.0,1.0,-1.0,1.0,1.0,1.0,-1.0,1.0,1.0,-1.0,-1.0,-1.0	-1.6983914,-0.21540023,-0.33264458,-0.10228901,-7.93445,2.0453572,-1.5322719,2.9171147,-2.6312196,-0.70207316,-4.686206,-4.983746,2.29872,0.8304366,-5.1088066,0.49902004,1.4209297,1.012653,-10.537911,7.69795,4.325225,-0.16925757,-7.7411556,-0.84244686
../data/train_data_mmini/7/Train_0031.jpg	7	-1.0,1.0,1.0,1.0,-1.0,-1.0,-1.0,1.0,-1.0,1.0,-1.0,-1.0,1.0,1.0,-1.0,-1.0,1.0,-1.0,-1.0,1.0,1.0,-1.0,-1.0,1.0	-2.3380635,1.1636629,1.680333,3.3074625,-9.7218275,-1.0592574,-1.3562744,2.696673,-1.8421111,1.880939,-4.9315605,-3.3319683,1.6804479,1.643469,-6.018565,-0.7190489,0.48923135,-0.184709,-12.871761,4.092715,4.599046,-1.0679866,-5.2597837,1.0791427
../data/train_data_mmini/7/Train_0032.jpg	7	1.0,-1.0,-1.0,1.0,-1.0,-1.0,1.0,1.0,1.0,-1.0,-1.0,-1.0,1.0,1.0,-1.0,1.0,-1.0,1.0,-1.0,1.0,1.0,1.0,-1.0,-1.0	3.3593235,-2.5199974,-0.39735103,8.008742,-7.857196,-2.0456982,0.7966437,11.649006,4.754399,-3.2781122,-7.2987638,-6.316606,1.7204022,1.1072708,-4.524755,3.8256664,-3.3069873,2.4888167,-28.902784,0.44048402,6.055664,1.6718034,-5.838425,-0.5282388
../data/train_data_mmini/7/Train_0033.jpg	7	-1.0,-1.0,-1.0,-1.0,-1.0,1.0,1.0,1.0,1.0,-1.0,-1.0,-1.0,1.0,1.0,-1.0,1.0,1.0,1.0,-1.0,1.0,1.0,1.0,-1.0,-1.0	-0.06941843,-3.5217845,-1.0143454,-2.1426463,-3.9409094,2.2636094,1.2615132,4.711119,0.4430211,-5.2885284,-1.76279,-3.631018,2.7984862,1.6035848,-1.2240689,3.0164907,2.1340969,5.773787,-12.552737,6.5595565,1.8484256,1.752909,-5.8776336,-3.99008
../data/train_data_mmini/7/Train_0034.jpg	7	1.0,-1.0,1.0,1.0,1.0,-1.0,1.0,1.0,1.0,-1.0,-1.0,-1.0,-1.0,1.0,1.0,1.0,-1.0,1.0,-1.0,-1.0,1.0,1.0,1.0,-1.0	10.308407,-5.920876,0.07281493,7.5551662,2.1912444,-4.258198,4.250214,16.304537,14.244217,-5.494553,-2.6575222,-4.480633,-0.8986522,1.1895497,2.177295,9.581808,-7.2112746,4.9359403,-29.716341,-8.261818,1.6344404,2.2711806,0.7979168,-1.4788356
../data/train_data_mmini/8/Train_0035.jpg	8	-1.0,1.0,1.0,1.0,-1.0,-1.0,-1.0,1.0,-1.0,1.0,-1.0,-1.0,1.0,1.0,-1.0,-1.0,-1.0,-1.0,-1.0,-1.0,1.0,-1.0,-1.0,1.0	-0.48895773,2.1666555,2.2141044,7.2138276,-8.77006,-3.431909,-0.5149588,2.718381,-0.3095741,3.7792773,-5.6197386,-2.841771,0.13614544,1.150309,-5.9063525,-1.4606675,-1.8953487,-2.7836711,-13.496496,-0.7385236,4.7998767,-1.9033605,-2.7901814,3.7873003
../data/train_data_mmini/8/Train_0036.jpg	8	-1.0,1.0,1.0,1.0,-1.0,-1.0,-1.0,1.0,-1.0,1.0,-1.0,-1.0,1.0,1.0,-1.0,1.0,-1.0,1.0,-1.0,1.0,1.0,-1.0,-1.0,1.0	-0.6510504,0.56580395,0.95579606,2.7597399,-9.097241,-0.6492518,-1.8887079,4.267205,-0.9301042,1.2940177,-5.0597935,-4.5780983,1.5087004,1.8808239,-5.304236,0.9632042,-0.27070674,0.5845842,-14.904217,5.327868,4.8082523,-0.48872846,-6.6609797,0.15880877
../data/train_data_mmini/8/Train_0037.jpg	8	1.0,-1.0,-1.0,1.0,-1.0,-1.0,1.0,1.0,1.0,-1.0,-1.0,-1.0,1.0,1.0,-1.0,1.0,-1.0,1.0,-1.0,1.0,1.0,1.0,-1.0,-1.0	2.6126688,-3.1165028,-0.68443537,5.5577765,-6.385656,-1.3751413,1.2728883,11.019342,4.746797,-3.7529569,-5.707824,-5.51234,1.9168687,1.5143191,-3.109979,4.491012,-2.1619306,3.9987278,-26.537987,2.2081966,5.173372,1.8352212,-5.6224666,-2.3204222
../data/train_data_mmini/8/Train_0038.jpg	8	-1.0,1.0,1.0,1.0,-1.0,-1.0,-1.0,1.0,-1.0,1.0,-1.0,-1.0,1.0,1.0,-1.0,-1.0,-1.0,-1.0,-1.0,1.0,1.0,-1.0,-1.0,1.0	-1.0445826,2.1807876,2.2234373,6.557305,-10.190113,-2.7422216,-1.473021,3.0721335,-1.0651518,3.2782881,-6.2052493,-3.8312078,0.5565413,1.4591552,-6.8332176,-1.036994,-1.4004836,-2.5475156,-14.843574,1.3021746,5.3963227,-1.8101616,-4.364523,3.1220474
../data/train_data_mmini/8/Train_0039.jpg	8	-1.0,1.0,1.0,1.0,-1.0,-1.0,-1.0,1.0,-1.0,1.0,-1.0,-1.0,1.0,1.0,-1.0,-1.0,-1.0,-1.0,-1.0,1.0,1.0,-1.0,-1.0,1.0	-0.48022756,1.0969563,1.3564056,7.224642,-10.575215,-1.6385844,-0.49055472,5.04644,-0.4358764,1.4634346,-7.3937874,-4.74188,1.0984232,1.2497052,-7.1555657,-0.9262689,-1.2229592,-1.3788651,-18.953995,1.7933588,6.5161333,-0.9144922,-5.750153,2.3604565
../data/train_data_mmini/9/Train_0040.jpg	9	1.0,-1.0,1.0,1.0,-1.0,-1.0,1.0,1.0,1.0,-1.0,-1.0,-1.0,1.0,1.0,-1.0,1.0,-1.0,1.0,-1.0,-1.0,1.0,1.0,-1.0,1.0	2.8505838,-0.6892653,0.5157597,6.2154155,-4.1966343,-2.5361023,0.23657757,6.5197153,3.1899097,-0.5669833,-4.4541454,-3.2017367,0.05358773,0.56495935,-2.7560587,1.6466794,-2.994727,0.1936787,-15.854654,-2.0710003,3.2220807,0.28219378,-1.8869872,1.2904797
../data/train_data_mmini/9/Train_0041.jpg	9	1.0,-1.0,-1.0,-1.0,-1.0,1.0,1.0,1.0,1.0,-1.0,-1.0,-1.0,1.0,1.0,-1.0,1.0,1.0,1.0,-1.0,1.0,1.0,1.0,-1.0,-1.0	1.2778473,-3.2032237,-0.65717846,-1.5991987,-3.4463663,2.0955281,1.0209482,7.418744,1.8898939,-4.8391376,-1.8954992,-4.9364243,2.3397176,1.6130251,-1.1066144,4.504702,0.69921017,5.12302,-15.863794,4.6116004,2.3791633,1.5796683,-5.6313133,-3.3726208
../data/train_data_mmini/9/Train_0042.jpg	9	1.0,-1.0,1.0,1.0,-1.0,-1.0,1.0,1.0,1.0,-1.0,-1.0,-1.0,1.0,-1.0,-1.0,1.0,-1.0,1.0,-1.0,-1.0,1.0,1.0,-1.0,1.0	2.7482638,-1.0580792,0.514971,8.333285,-5.9103017,-2.7478764,0.67166424,8.43071,3.5966454,-1.507013,-6.8303003,-4.4519286,0.6981938,-0.066483624,-4.533385,1.4518855,-3.6031957,0.0025340763,-21.260527,-2.7339041,4.7415214,0.66573536,-2.9606864,1.7650641
../data/train_data_mmini/9/Train_0043.jpg	9	1.0,1.0,1.0,1.0,-1.0,-1.0,-1.0,1.0,1.0,1.0,-1.0,-1.0,-1.0,1.0,-1.0,-1.0,-1.0,-1.0,-1.0,-1.0,1.0,-1.0,-1.0,1.0	1.3724711,2.165041,1.9614327,6.3235545,-6.575903,-4.3915987,-0.7969225,3.0080533,0.92642605,4.5490522,-4.1830277,-2.0600736,-0.932925,1.2199568,-3.9496355,-0.75884414,-3.2146063,-2.6012466,-11.277109,-1.9578834,3.8760371,-1.8450342,-1.735582,3.7592876
../data/train_data_mmini/9/Train_0044.jpg	9	-1.0,1.0,1.0,1.0,-1.0,1.0,-1.0,1.0,-1.0,-1.0,-1.0,-1.0,1.0,1.0,-1.0,-1.0,1.0,-1.0,-1.0,1.0,1.0,-1.0,-1.0,1.0	-3.3948026,0.62874615,0.8160609,5.6511645,-13.019199,0.4612731,-0.017296493,4.256898,-2.8141904,-0.29979903,-8.822003,-5.6631656,3.3090165,0.6569499,-9.089809,-1.9034879,1.194842,-0.7265485,-19.322222,5.408842,7.6577816,-0.65116763,-8.639546,1.1496915
../data/train_data_mmini/10/Train_0045.jpg	10	-1.0,1.0,1.0,1.0,-1.0,-1.0,1.0,1.0,-1.0,1.0,-1.0,-1.0,1.0,1.0,-1.0,-1.0,-1.0,1.0,-1.0,1.0,1.0,-1.0,-1.0,1.0	-2.124865,0.03400763,1.2577444,7.5764217,-13.190952,-1.8430685,0.68007356,6.285521,-0.47133997,0.16367376,-8.489078,-5.182492,2.5955086,2.2440739,-8.400108,-0.7455513,-0.06610197,0.31620485,-24.684778,4.1147027,7.547173,-0.4229343,-7.243985,0.6677296
../data/train_data_mmini/10/Train_0046.jpg	10	-1.0,-1.0,1.0,1.0,-1.0,-1.0,1.0,1.0,1.0,-1.0,-1.0,-1.0,1.0,1.0,-1.0,1.0,-1.0,1.0,-1.0,1.0,1.0,1.0,-1.0,1.0	-0.08845776,-0.8301255,0.4861732,7.8146195,-11.628161,-1.3142426,0.42284468,8.969178,1.3595803,-1.4382143,-8.758086,-6.585999,2.3420727,1.8293866,-7.672852,1.1695749,-1.289495,1.1390771,-27.225214,3.2469952,7.6144433,0.26496917,-7.7996063,0.12024969
../data/train_data_mmini/10/Train_0047.jpg	10	1.0,1.0,1.0,1.0,-1.0,-1.0,-1.0,1.0,1.0,1.0,-1.0,-1.0,-1.0,1.0,-1.0,1.0,-1.0,-1.0,-1.0,-1.0,1.0,-1.0,-1.0,1.0	2.9181528,1.379304,2.2271705,10.63297,-11.082417,-5.239555,-1.4079944,8.598377,2.5832505,2.9160006,-8.7198105,-5.641835,-0.038513932,1.7082709,-7.0583634,0.86565155,-4.885376,-1.8074974,-25.595587,-1.0920014,7.0632925,-0.68770176,-4.893977,3.6917539
../data/train_data_mmini/10/Train_0048.jpg	10	-1.0,1.0,1.0,1.0,-1.0,1.0,-1.0,1.0,-1.0,1.0,-1.0,-1.0,1.0,1.0,-1.0,-1.0,1.0,-1.0,-1.0,1.0,1.0,-1.0,-1.0,1.0	-4.374798,1.6871074,1.5197695,6.118149,-16.143896,0.17413,-0.80690193,3.9204273,-3.908255,1.2653393,-9.539842,-6.379104,3.26318,1.8086355,-10.91972,-2.587606,1.5371815,-1.3687462,-21.020224,7.7283463,8.677844,-1.3933383,-10.265544,1.8226676
../data/train_data_mmini/10/Train_0049.jpg	10	1.0,1.0,1.0,1.0,-1.0,-1.0,1.0,1.0,1.0,1.0,-1.0,-1.0,1.0,1.0,-1.0,1.0,-1.0,-1.0,-1.0,-1.0,1.0,-1.0,-1.0,1.0	1.4628615,0.22933848,1.4209758,9.361296,-8.881731,-3.6094549,0.84203595,7.316921,2.307775,0.70027655,-7.154895,-4.1966124,0.81283045,1.1750343,-6.0003867,0.31415498,-2.92933,-0.7606801,-22.452997,-1.4994223,5.7747808,-0.5026764,-3.5630212,2.4236052
