../data/train_data_mmini/1/Train_0000.jpg	1	1.0,-1.0,-1.0,-1.0,1.0,-1.0,-1.0,-1.0,-1.0,1.0,-1.0,1.0,-1.0,1.0,-1.0,1.0,-1.0,-1.0,-1.0,1.0,1.0,1.0,-1.0,-1.0	4.0267677,-0.3997699,-1.6557834,-0.6631046,3.7941592,-3.3593829,-4.2091627,-0.6972613,-0.8162296,1.30776,-0.781923,0.92544943,-2.45712,1.1367589,-1.0906464,0.4871848,-1.3972064,-4.562037,-1.0731219,4.678773,0.5154257,1.2633017,-0.57571155,-0.20305428
../data/train_data_mmini/1/Train_0001.jpg	1	1.0,-1.0,-1.0,-1.0,1.0,-1.0,-1.0,-1.0,-1.0,1.0,-1.0,1.0,-1.0,1.0,-1.0,1.0,-1.0,-1.0,-1.0,1.0,1.0,1.0,-1.0,-1.0	3.8604238,-0.4474697,-1.8724556,-0.7546858,3.4387321,-3.1221018,-4.053947,-0.7688,-0.7166227,1.3416587,-0.6780163,0.9840433,-2.274643,1.1951944,-1.1425064,0.428494,-1.3292091,-4.556928,-1.0749143,4.5410223,0.5621,1.3079766,-0.4710837,-0.30923408
../data/train_data_mmini/1/Train_0002.jpg	1	1.0,-1.0,-1.0,-1.0,1.0,-1.0,-1.0,-1.0,-1.0,1.0,-1.0,1.0,-1.0,1.0,-1.0,1.0,-1.0,-1.0,-1.0,1.0,1.0,1.0,-1.0,-1.0	3.6613042,-0.097249806,-1.0848923,-0.6791679,3.4354384,-2.769458,-3.3837936,-0.5839212,-0.42263228,1.2275074,-0.3388391,0.91310865,-2.0335815,0.9109018,-0.89436257,0.13831249,-1.2648604,-3.9669385,-1.2775905,3.8545809,0.30450138,1.1433728,-0.23346321,-0.1466091
../data/train_data_mmini/1/Train_0003.jpg	1	1.0,-1.0,-1.0,-1.0,1.0,-1.0,-1.0,-1.0,-1.0,1.0,-1.0,1.0,-1.0,1.0,-1.0,1.0,-1.0,-1.0,-1.0,1.0,1.0,1.0,-1.0,-1.0	3.9910939,-0.44222006,-1.7237463,-0.6292683,3.8256385,-3.44716,-4.285181,-0.645872,-0.87070477,1.313047,-0.76955575,0.8585887,-2.4392529,1.1004727,-1.0700171,0.6199014,-1.4394394,-4.739701,-1.0607498,4.739566,0.48173016,1.160523,-0.8351284,-0.24082235
../data/train_data_mmini/1/Train_0004.jpg	1	1.0,-1.0,-1.0,-1.0,1.0,-1.0,-1.0,-1.0,-1.0,1.0,-1.0,1.0,-1.0,1.0,-1.0,1.0,-1.0,-1.0,-1.0,1.0,1.0,1.0,-1.0,-1.0	3.9975007,-0.37167522,-1.6188033,-0.7104022,4.11344,-3.657302,-4.404621,-0.6575828,-0.935723,1.3790343,-0.7394421,0.88911045,-2.5156229,0.9979025,-1.0147483,0.58635193,-1.3737758,-4.8671236,-1.2510858,4.792055,0.5178739,1.1237221,-0.9930324,-0.30992723
../data/train_data_mmini/2/Train_0005.jpg	2	1.0,-1.0,-1.0,-1.0,1.0,-1.0,-1.0,-1.0,-1.0,1.0,-1.0,1.0,-1.0,1.0,-1.0,1.0,-1.0,-1.0,-1.0,1.0,1.0,1.0,-1.0,-1.0	3.792761,-0.40836412,-1.5072844,-0.6873509,3.7512512,-2.9554677,-3.9126256,-0.544656,-0.61480236,1.0957493,-0.5997736,0.8731083,-2.425,1.3038611,-0.9631472,0.4650621,-1.2170494,-4.446889,-1.2288107,4.418804,0.49436507,1.3402903,-0.62410784,-0.090698175
../data/train_data_mmini/2/Train_0006.jpg	2	1.0,-1.0,-1.0,-1.0,1.0,-1.0,-1.0,-1.0,-1.0,1.0,-1.0,1.0,-1.0,1.0,-1.0,1.0,-1.0,-1.0,-1.0,1.0,1.0,1.0,-1.0,-1.0	3.7222526,-0.38824043,-1.6658671,-0.6427914,3.378429,-2.7485793,-3.8838804,-0.43605164,-0.20563789,0.8841192,-0.80525696,1.171401,-2.7749915,1.3901039,-1.119024,0.33547217,-1.2747617,-4.6669497,-1.153805,4.2396054,0.5886424,1.268619,-0.18070127,-0.0010149728
../data/train_data_mmini/2/Train_0007.jpg	2	1.0,-1.0,-1.0,-1.0,1.0,-1.0,-1.0,-1.0,-1.0,1.0,-1.0,1.0,-1.0,1.0,-1.0,1.0,-1.0,-1.0,-1.0,1.0,1.0,1.0,-1.0,-1.0	4.503856,-0.30994636,-1.7086725,-0.8413349,4.511147,-4.023881,-4.6740465,-0.59058976,-0.90449256,1.6243021,-0.66473603,0.87505376,-2.6222312,1.2464392,-1.0769101,0.7087039,-1.447785,-5.399264,-1.3707601,5.2501817,0.416115,1.2516941,-1.0969605,-0.29524472
../data/train_data_mmini/2/Train_0008.jpg	2	1.0,1.0,-1.0,-1.0,1.0,-1.0,-1.0,-1.0,-1.0,1.0,-1.0,1.0,-1.0,1.0,-1.0,1.0,-1.0,-1.0,-1.0,1.0,1.0,1.0,-1.0,-1.0	4.0763774,0.032904595,-1.2993734,-0.66596645,3.5555832,-2.9978828,-3.7386081,-0.6772904,-0.5612861,1.3845285,-0.6425309,1.0619117,-2.3531852,1.4641567,-0.7634951,0.19005933,-1.3333637,-4.627757,-0.9578846,4.319072,0.4840175,1.2207992,-0.4839645,-0.1473674
../data/train_data_mmini/2/Train_0009.jpg	2	1.0,-1.0,-1.0,-1.0,1.0,-1.0,-1.0,-1.0,-1.0,1.0,-1.0,1.0,-1.0,1.0,-1.0,1.0,-1.0,-1.0,-1.0,1.0,1.0,1.0,-1.0,-1.0	4.7116604,-0.8412421,-2.1124542,-0.8947544,4.6127696,-4.135122,-4.998584,-0.9164414,-1.1533513,1.4522549,-1.038841,0.7861816,-2.7263937,1.2602291,-1.3539618,0.7551839,-1.9655471,-5.621361,-1.1773462,5.807626,0.5982159,1.6730183,-0.59406674,-0.248346
../data/train_data_mmini/3/Train_0010.jpg	3	1.0,1.0,-1.0,-1.0,1.0,-1.0,-1.0,-1.0,-1.0,1.0,-1.0,1.0,-1.0,1.0,-1.0,1.0,-1.0,-1.0,-1.0,1.0,1.0,1.0,-1.0,-1.0	3.6810098,0.0695855,-1.0002586,-0.9106327,3.3565037,-2.6569798,-3.0371315,-0.3949974,-0.46916083,1.342324,-0.24204706,0.7114482,-1.7022578,1.067883,-0.64705825,0.4287794,-1.0772246,-4.476437,-1.0724933,3.6161635,0.5876891,1.0909069,-0.40707046,-0.22031792
../data/train_data_mmini/3/Train_0011.jpg	3	1.0,-1.0,-1.0,-1.0,1.0,-1.0,-1.0,-1.0,-1.0,1.0,-1.0,1.0,-1.0,1.0,-1.0,1.0,-1.0,-1.0,-1.0,1.0,1.0,1.0,-1.0,-1.0	3.6293092,-0.37396237,-1.251137,-0.5737389,3.5480573,-3.1028266,-3.62452,-0.97019255,-0.77765846,1.4155519,-0.68114716,0.83185613,-2.062461,0.83477163,-0.9755198,0.07489383,-1.4173851,-3.7674956,-1.2974178,4.2104897,0.5032878,1.1410884,-0.38043573,-0.46527234
../data/train_data_mmini/3/Train_0012.jpg	3	1.0,-1.0,-1.0,-1.0,1.0,-1.0,-1.0,-1.0,-1.0,1.0,-1.0,1.0,-1.0,1.0,-1.0,1.0,-1.0,-1.0,-1.0,1.0,1.0,1.0,-1.0,-1.0	3.5616567,-1.0522438,-1.8768804,-0.69845384,3.6292362,-3.9413967,-4.330129,-0.81363463,-0.9059284,1.2813749,-0.93720764,1.1252635,-2.5490916,0.7671075,-1.5453025,0.2686646,-1.5316283,-4.325895,-1.6835992,4.7065167,0.44745487,1.2104032,-0.6146689,-0.50537485
../data/train_data_mmini/3/Train_0013.jpg	3	1.0,-1.0,-1.0,-1.0,1.0,-1.0,-1.0,-1.0,-1.0,1.0,-1.0,1.0,-1.0,1.0,-1.0,1.0,-1.0,-1.0,-1.0,1.0,1.0,1.0,-1.0,-1.0	3.784023,-0.1252205,-1.5513234,-0.62263566,3.3522956,-3.0523899,-3.9760227,-0.67705595,-0.33800057,1.1777177,-0.80294704,1.4820209,-2.8281043,1.5759346,-0.91982543,0.16017753,-1.1960193,-4.7097588,-0.93784314,4.451013,0.4947818,1.0521438,-0.54456276,-0.036896463
../data/train_data_mmini/3/Train_0014.jpg	3	1.0,-1.0,-1.0,-1.0,1.0,-1.0,-1.0,-1.0,-1.0,1.0,-1.0,1.0,-1.0,1.0,-1.0,1.0,-1.0,-1.0,-1.0,1.0,1.0,1.0,-1.0,-1.0	3.9117372,-0.3851303,-1.4999824,-0.7611039,3.9656432,-3.3233855,-4.0384426,-0.63381684,-0.75739646,1.2458559,-0.68292576,0.8059973,-2.3516583,1.1438234,-0.88827693,0.4010652,-1.3918469,-4.7303324,-1.1998086,4.6278443,0.46711951,1.3352125,-0.58523256,-0.23158206
../data/train_data_mmini/4/Train_0015.jpg	4	1.0,-1.0,-1.0,-1.0,1.0,-1.0,-1.0,-1.0,-1.0,1.0,-1.0,1.0,-1.0,1.0,-1.0,1.0,-1.0,-1.0,-1.0,1.0,1.0,1.0,-1.0,-1.0	4.1332355,-0.23542878,-1.507664,-0.63415056,3.9582746,-3.5297062,-4.270289,-0.4240069,-0.39656308,1.2856402,-0.7193757,1.292549,-2.7316735,1.2564063,-0.9889631,0.13635817,-1.3010565,-4.589431,-1.4666767,4.630399,0.3662995,1.2814664,-0.67903733,-0.21893093
../data/train_data_mmini/4/Train_0016.jpg	4	1.0,-1.0,-1.0,-1.0,1.0,-1.0,-1.0,-1.0,-1.0,1.0,-1.0,1.0,-1.0,1.0,-1.0,1.0,-1.0,-1.0,-1.0,1.0,1.0,1.0,-1.0,1.0	3.1383839,-0.23549733,-1.3296702,-0.5707976,2.5505555,-2.4441862,-3.2438962,-0.7058632,-0.7002799,1.0092397,-0.5976317,0.6683427,-1.813562,1.0265156,-0.7174468,0.080940306,-1.1714011,-3.4766245,-0.6386078,3.5662808,0.3099315,1.1271646,-0.6447799,0.03847051
../data/train_data_mmini/4/Train_0017.jpg	4	1.0,-1.0,-1.0,-1.0,1.0,-1.0,-1.0,-1.0,-1.0,1.0,-1.0,1.0,-1.0,1.0,-1.0,-1.0,-1.0,-1.0,-1.0,1.0,1.0,1.0,-1.0,-1.0	3.8183968,-0.5389195,-1.7917788,-0.7991507,2.8550837,-3.011389,-3.9809988,-0.70259345,-0.37262157,1.0727136,-0.88462985,1.4231944,-2.990732,1.157022,-1.3053766,-0.07578471,-1.2453369,-4.57207,-1.4924318,4.1350684,0.5819687,1.3518014,-0.18881345,-0.043212738
../data/train_data_mmini/4/Train_0018.jpg	4	1.0,-1.0,-1.0,-1.0,1.0,-1.0,-1.0,-1.0,-1.0,1.0,-1.0,1.0,-1.0,1.0,-1.0,1.0,-1.0,-1.0,-1.0,1.0,1.0,1.0,-1.0,-1.0	3.0816703,-0.31380305,-1.046066,-0.7094093,3.1604695,-2.5214925,-3.1958559,-0.32101518,-0.4537797,0.8631542,-0.34048644,0.693642,-1.9481798,1.0631886,-0.68312275,0.34404513,-0.989933,-3.7129428,-1.0051634,3.4199486,0.52500904,1.1268456,-0.34244296,-0.14684948
../data/train_data_mmini/4/Train_0019.jpg	4	1.0,1.0,-1.0,-1.0,1.0,-1.0,-1.0,-1.0,-1.0,1.0,-1.0,1.0,-1.0,1.0,-1.0,1.0,-1.0,-1.0,-1.0,1.0,1.0,1.0,-1.0,-1.0	3.7995665,0.061663806,-1.6374197,-0.51697123,3.47245,-3.0002217,-3.9524496,-0.25278196,-0.19689871,1.2673742,-0.7427232,1.3450742,-2.9209933,1.5874689,-0.7471263,0.2849253,-1.1332241,-4.9101725,-1.0026858,4.493608,0.31673765,0.8974349,-0.81215674,-0.03296968
../data/train_data_mmini/5/Train_0020.jpg	5	1.0,-1.0,-1.0,-1.0,1.0,-1.0,-1.0,-1.0,-1.0,1.0,-1.0,1.0,-1.0,1.0,-1.0,1.0,-1.0,-1.0,-1.0,1.0,1.0,1.0,-1.0,-1.0	4.194366,-0.37026605,-1.7811267,-0.78479666,4.1353154,-3.6338937,-4.4796243,-0.6001861,-0.8954732,1.3501296,-0.6025159,0.81937426,-2.5376468,1.1851609,-1.1059102,0.6535781,-1.3895906,-5.1764627,-1.2986802,4.9668584,0.4375361,1.2800517,-0.93812966,-0.24523555
../data/train_data_mmini/5/Train_0021.jpg	5	1.0,-1.0,-1.0,-1.0,1.0,-1.0,-1.0,-1.0,-1.0,1.0,-1.0,1.0,-1.0,1.0,-1.0,1.0,-1.0,-1.0,-1.0,1.0,1.0,1.0,-1.0,-1.0	4.783525,-0.5558148,-1.9414108,-0.6678804,4.71226,-4.080843,-4.941761,-0.8420296,-0.9257574,1.5002357,-1.0140082,1.0669123,-2.985769,1.4331839,-1.2432472,0.5639427,-1.7179407,-5.406431,-1.3437024,5.7358923,0.5409339,1.5965991,-0.7861115,-0.2431224
../data/train_data_mmini/5/Train_0022.jpg	5	1.0,-1.0,-1.0,-1.0,1.0,-1.0,-1.0,-1.0,-1.0,1.0,-1.0,1.0,-1.0,1.0,-1.0,1.0,-1.0,-1.0,-1.0,1.0,1.0,1.0,-1.0,-1.0	4.314197,-0.32525524,-1.6567068,-0.821847,4.266844,-3.654735,-4.51214,-0.6081427,-0.81423414,1.4509679,-0.68627745,0.88094914,-2.5214257,1.3223157,-0.9956765,0.6596212,-1.4833004,-5.265145,-1.1647608,5.047823,0.48621497,1.2645619,-0.9143773,-0.33352783
../data/train_data_mmini/5/Train_0023.jpg	5	1.0,-1.0,-1.0,-1.0,1.0,-1.0,-1.0,-1.0,-1.0,1.0,-1.0,1.0,-1.0,1.0,-1.0,1.0,-1.0,-1.0,-1.0,1.0,1.0,1.0,-1.0,-1.0	4.1183558,-0.44198543,-1.6993868,-0.7403162,4.1040673,-3.5730534,-4.285654,-0.59630394,-0.89471567,1.2872232,-0.6711489,0.7159866,-2.3189046,1.0890905,-1.0859231,0.78161794,-1.4644413,-4.8594303,-1.1432755,4.9258432,0.45557293,1.3480226,-0.7875066,-0.2725488
../data/train_data_mmini/5/Train_0024.jpg	5	1.0,-1.0,-1.0,-1.0,1.0,-1.0,-1.0,-1.0,-1.0,1.0,-1.0,1.0,-1.0,1.0,-1.0,1.0,-1.0,-1.0,-1.0,1.0,1.0,1.0,-1.0,-1.0	4.33544,-0.56499964,-1.7470672,-0.80416095,4.5232406,-4.257416,-4.4164996,-0.8200182,-0.933213,1.6384237,-0.7987198,1.0163502,-2.720628,0.9928901,-1.2704227,0.6711985,-1.6157076,-4.9965024,-1.5242229,5.3559794,0.4270219,1.3262616,-1.042687,-0.15387028
../data/train_data_mmini/6/Train_0025.jpg	6	1.0,-1.0,-1.0,-1.0,1.0,-1.0,-1.0,-1.0,-1.0,1.0,-1.0,1.0,-1.0,1.0,-1.0,1.0,-1.0,-1.0,-1.0,1.0,1.0,1.0,-1.0,-1.0	3.6979485,-0.41551483,-1.4122484,-0.6199279,3.9726064,-3.6770968,-3.7346747,-0.5718204,-0.6662178,1.449844,-0.59726155,0.89437217,-2.3049412,0.628065,-0.78749615,0.38910258,-1.598236,-4.664872,-1.3472025,4.4190726,0.24835756,0.9306907,-1.1228856,-0.17213066
../data/train_data_mmini/6/Train_0026.jpg	6	1.0,-1.0,-1.0,-1.0,1.0,-1.0,-1.0,-1.0,-1.0,1.0,-1.0,1.0,-1.0,1.0,-1.0,1.0,-1.0,-1.0,-1.0,1.0,1.0,1.0,-1.0,-1.0	4.1189103,-0.4857242,-1.7630949,-0.9375405,3.528033,-3.207026,-4.048263,-0.67439985,-0.79806983,1.3949801,-0.7570407,1.1605194,-2.7720404,1.1348773,-1.2135273,0.52388453,-1.3249011,-4.8420424,-1.3609018,4.503763,0.70960325,1.3231134,-0.36569178,-0.19688489
../data/train_data_mmini/6/Train_0027.jpg	6	1.0,-1.0,-1.0,-1.0,1.0,-1.0,-1.0,-1.0,-1.0,1.0,-1.0,1.0,-1.0,1.0,-1.0,1.0,-1.0,-1.0,-1.0,1.0,1.0,1.0,-1.0,-1.0	3.494971,-0.47287887,-1.3871465,-0.6899336,3.5797658,-2.834766,-3.3514848,-0.6932688,-0.83797723,1.0761029,-0.47343096,0.26787585,-1.5118625,0.76153684,-0.7660423,0.5322708,-1.6500311,-4.005156,-0.74403536,3.9958518,0.5789971,1.3755871,-0.4003804,-0.33433378
../data/train_data_mmini/6/Train_0028.jpg	6	1.0,-1.0,-1.0,-1.0,1.0,-1.0,-1.0,-1.0,-1.0,1.0,-1.0,1.0,-1.0,1.0,-1.0,1.0,-1.0,-1.0,-1.0,1.0,1.0,1.0,-1.0,-1.0	3.7680643,-0.07903054,-1.1939147,-0.6651304,3.6033309,-3.186382,-3.7073123,-0.77973866,-0.91491807,1.4462463,-0.56160516,0.79247963,-2.245368,1.1153743,-0.8662322,0.3315036,-1.3208753,-4.39679,-1.1432915,4.262083,0.445919,1.1088201,-0.6911241,-0.23908837
../data/train_data_mmini/6/Train_0029.jpg	6	1.0,-1.0,-1.0,-1.0,1.0,-1.0,-1.0,-1.0,-1.0,1.0,-1.0,1.0,-1.0,1.0,-1.0,1.0,-1.0,-1.0,-1.0,1.0,1.0,1.0,-1.0,-1.0	4.052298,-0.28315902,-1.6332757,-0.79954666,3.908665,-3.433675,-4.223011,-0.56881577,-0.3446772,1.2500201,-0.6969235,1.203118,-2.8276308,1.2650462,-1.0505768,0.30806264,-1.4901973,-5.14828,-1.1634872,4.765241,0.39066303,1.0453154,-0.6329665,-0.12890974
../data/train_data_mmini/7/Train_0030.jpg	7	1.0,-1.0,-1.0,-1.0,1.0,-1.0,-1.0,-1.0,-1.0,1.0,-1.0,1.0,-1.0,1.0,-1.0,1.0,-1.0,-1.0,-1.0,1.0,1.0,1.0,-1.0,-1.0	4.5679975,-0.6705031,-2.0856953,-0.7136217,4.1823087,-3.7740464,-5.0265923,-0.75475943,-0.93573964,1.3414265,-1.1091495,1.1116658,-2.8809366,1.5924184,-1.2158567,0.48920336,-1.7452635,-5.2032194,-0.9491399,5.592845,0.53314,1.7075568,-0.6758304,-0.16855362
../data/train_data_mmini/7/Train_0031.jpg	7	1.0,-1.0,-1.0,-1.0,1.0,-1.0,-1.0,-1.0,-1.0,1.0,-1.0,1.0,-1.0,1.0,-1.0,1.0,-1.0,-1.0,-1.0,1.0,1.0,1.0,-1.0,-1.0	4.203689,-0.7409303,-2.0381613,-0.8691555,4.0250826,-3.8188803,-4.530072,-0.7663103,-0.87395626,1.3851718,-0.77837443,1.148634,-2.945937,1.2265141,-1.2738725,0.52346754,-1.3929754,-5.357185,-1.6715235,5.039866,0.58890694,1.4083716,-0.5714472,-0.18676311
../data/train_data_mmini/7/Train_0032.jpg	7	1.0,-1.0,-1.0,-1.0,1.0,-1.0,-1.0,-1.0,-1.0,1.0,-1.0,1.0,-1.0,1.0,-1.0,1.0,-1.0,-1.0,-1.0,1.0,1.0,1.0,-1.0,-1.0	4.100519,-0.7418429,-1.6967722,-0.6634615,3.8821192,-3.4739392,-3.8571808,-0.96781826,-0.96214676,1.3335657,-0.7098075,0.6470475,-2.2564564,1.0599107,-1.1037343,0.272194,-1.6228789,-4.2739563,-1.3097389,4.7723336,0.59723866,1.75407,-0.42583635,-0.19328885
../data/train_data_mmini/7/Train_0033.jpg	7	1.0,-1.0,-1.0,-1.0,1.0,-1.0,-1.0,-1.0,-1.0,1.0,-1.0,1.0,-1.0,1.0,-1.0,1.0,-1.0,-1.0,-1.0,1.0,1.0,1.0,-1.0,-1.0	4.2254024,-0.71094805,-1.8693833,-0.87948036,4.07312,-3.5936348,-4.235531,-0.6303564,-0.9260932,1.3029393,-0.7414263,0.65570694,-2.4559982,1.1128514,-1.3019534,0.73315156,-1.5090431,-4.9906287,-1.3369781,5.078715,0.50567573,1.6435364,-0.5172437,-0.06848221
../data/train_data_mmini/7/Train_0034.jpg	7	1.0,-1.0,-1.0,-1.0,1.0,-1.0,-1.0,-1.0,-1.0,1.0,-1.0,1.0,-1.0,1.0,-1.0,1.0,-1.0,-1.0,-1.0,1.0,1.0,1.0,-1.0,-1.0	3.429912,-0.117646486,-1.0511143,-0.49457338,3.9535766,-3.2189364,-3.2023728,-0.8643695,-0.9440782,1.5071298,-0.4850223,0.3994352,-1.5176861,0.70009583,-0.6047347,0.27384394,-1.4503835,-3.804451,-1.2191126,3.983541,0.46339107,1.0249038,-0.9655439,-0.3134726
../data/train_data_mmini/8/Train_0035.jpg	8	1.0,-1.0,-1.0,-1.0,1.0,-1.0,-1.0,-1.0,-1.0,1.0,-1.0,1.0,-1.0,1.0,-1.0,1.0,-1.0,-1.0,-1.0,1.0,1.0,1.0,-1.0,-1.0	4.449897,-0.4997794,-1.7971876,-0.88055474,4.453171,-3.7801023,-4.5870924,-0.8256278,-0.7581756,1.4018403,-0.74145126,0.91186816,-2.604223,1.280917,-1.1457416,0.51774395,-1.664942,-5.261484,-1.2250776,5.2922544,0.47453377,1.4576164,-0.6704841,-0.23980756
../data/train_data_mmini/8/Train_0036.jpg	8	1.0,-1.0,-1.0,-1.0,1.0,-1.0,-1.0,-1.0,-1.0,1.0,-1.0,1.0,-1.0,1.0,-1.0,1.0,-1.0,-1.0,-1.0,1.0,1.0,1.0,-1.0,-1.0	4.504395,-0.63430357,-1.6801478,-0.96246177,4.5613766,-3.9762206,-4.6045275,-0.65161616,-0.9309,1.5793632,-0.7498266,0.8534472,-2.7993648,1.2245395,-1.1964148,0.69720066,-1.6429176,-5.572545,-1.5628752,5.316969,0.47534677,1.4599704,-0.66906726,-0.17465338
../data/train_data_mmini/8/Train_0037.jpg	8	1.0,-1.0,-1.0,-1.0,1.0,-1.0,-1.0,-1.0,-1.0,1.0,-1.0,1.0,-1.0,1.0,-1.0,1.0,-1.0,-1.0,-1.0,1.0,1.0,1.0,-1.0,-1.0	4.6172533,-0.44037881,-1.8683537,-0.84901106,4.265008,-4.058796,-4.5593734,-0.8295652,-0.85007346,1.7557497,-0.91340137,1.2750579,-2.9762511,1.3237064,-1.2839468,0.36383876,-1.5644056,-5.302234,-1.6888223,5.3675203,0.54714125,1.4151171,-0.6549215,-0.27434245
../data/train_data_mmini/8/Train_0038.jpg	8	1.0,-1.0,-1.0,-1.0,1.0,-1.0,-1.0,-1.0,-1.0,1.0,-1.0,1.0,-1.0,1.0,-1.0,1.0,-1.0,-1.0,-1.0,1.0,1.0,1.0,-1.0,-1.0	4.2309446,-0.43464607,-1.7632813,-0.7225907,4.19027,-3.5555542,-4.4250145,-0.7866146,-0.8539705,1.3721275,-0.76847184,0.8489989,-2.3885555,1.2461917,-1.0546473,0.4853637,-1.725865,-4.99456,-1.02706,5.1359553,0.49676716,1.4076303,-0.7902931,-0.23030365
../data/train_data_mmini/8/Train_0039.jpg	8	1.0,-1.0,-1.0,-1.0,1.0,-1.0,-1.0,-1.0,-1.0,1.0,-1.0,1.0,-1.0,1.0,-1.0,1.0,-1.0,-1.0,-1.0,1.0,1.0,1.0,-1.0,-1.0	4.7312284,-0.6526931,-1.8942446,-1.0138398,4.8869653,-4.2354627,-5.0153317,-0.90337765,-0.7858,1.4798189,-0.7696085,1.0229331,-2.8319936,1.3672822,-1.4071356,0.6003702,-1.8384796,-5.6687207,-1.4434491,5.710554,0.4984199,1.5847313,-0.6551846,-0.3653317
../data/train_data_mmini/9/Train_0040.jpg	9	1.0,-1.0,-1.0,-1.0,1.0,-1.0,-1.0,-1.0,-1.0,1.0,-1.0,1.0,-1.0,1.0,-1.0,1.0,-1.0,-1.0,-1.0,1.0,1.0,1.0,-1.0,-1.0	4.856218,-0.26812267,-1.9111757,-0.82699037,4.6878257,-4.318942,-5.05976,-0.6847173,-0.7215398,1.78549,-0.9467188,1.4045444,-3.2045515,1.5564775,-1.2025435,0.56502503,-1.5747803,-5.7473097,-1.4414853,5.661298,0.47932133,1.313631,-0.9739809,-0.33238345
../data/train_data_mmini/9/Train_0041.jpg	9	1.0,-1.0,-1.0,-1.0,1.0,-1.0,-1.0,-1.0,-1.0,1.0,-1.0,1.0,-1.0,1.0,-1.0,1.0,-1.0,-1.0,-1.0,1.0,1.0,1.0,-1.0,-1.0	3.692688,-0.4846499,-1.6678414,-0.86771166,3.7772143,-3.380922,-3.9810264,-0.6982457,-0.93398094,1.332054,-0.44865584,0.566545,-2.3157105,1.1446828,-1.0281196,0.663782,-1.3443683,-4.8992677,-1.3562369,4.511997,0.50420517,1.2728099,-0.7252097,-0.28591952
../data/train_data_mmini/9/Train_0042.jpg	9	1.0,-1.0,-1.0,-1.0,1.0,-1.0,-1.0,-1.0,-1.0,1.0,-1.0,1.0,-1.0,1.0,-1.0,1.0,-1.0,-1.0,-1.0,1.0,1.0,1.0,-1.0,-1.0	4.2050204,-0.17917183,-1.5732374,-0.6886563,4.1559267,-3.9451747,-4.317751,-0.6429906,-0.55672455,1.6262085,-0.73362297,1.4229007,-2.8807626,1.2330351,-1.0494889,0.24421236,-1.3788004,-4.9216638,-1.5195184,4.898357,0.37089977,1.0342301,-0.8632987,-0.331323
../data/train_data_mmini/9/Train_0043.jpg	9	1.0,-1.0,-1.0,-1.0,1.0,-1.0,-1.0,-1.0,-1.0,1.0,-1.0,1.0,-1.0,1.0,-1.0,1.0,-1.0,-1.0,-1.0,1.0,1.0,1.0,-1.0,-1.0	4.897146,-0.21335313,-1.7395791,-0.8579698,4.75572,-3.8698823,-5.0243273,-0.5974038,-0.6482705,1.483452,-0.7993496,1.1752043,-3.1227877,1.7973719,-1.1658728,0.59169525,-1.5465267,-5.86423,-1.3664412,5.597917,0.5125074,1.4888397,-0.76381403,-0.28324547
../data/train_data_mmini/9/Train_0044.jpg	9	1.0,-1.0,-1.0,-1.0,1.0,-1.0,-1.0,-1.0,-1.0,1.0,-1.0,1.0,-1.0,1.0,-1.0,1.0,-1.0,-1.0,-1.0,1.0,1.0,1.0,-1.0,-1.0	4.406544,-0.47563034,-1.9548106,-0.82952076,4.13376,-3.7743006,-4.6308894,-0.6577776,-0.58406335,1.430299,-0.8534166,1.2780942,-2.9734678,1.2918417,-1.2846562,0.46888748,-1.614326,-5.335353,-1.412474,5.2575126,0.46461675,1.294415,-0.74558765,-0.26431468
../data/train_data_mmini/10/Train_0045.jpg	10	1.0,-1.0,-1.0,-1.0,1.0,-1.0,-1.0,-1.0,-1.0,1.0,-1.0,1.0,-1.0,1.0,-1.0,1.0,-1.0,-1.0,-1.0,1.0,1.0,1.0,-1.0,-1.0	3.7887845,-0.52810174,-1.5253408,-0.78027433,4.078915,-3.545335,-3.921859,-0.7410925,-0.7362478,1.4320443,-0.8190523,0.7912468,-2.1799984,1.0573423,-0.9901185,0.4492295,-1.618293,-4.7157006,-1.1473587,4.7558546,0.53533965,1.1904166,-0.7693035,-0.24128117
../data/train_data_mmini/10/Train_0046.jpg	10	1.0,-1.0,-1.0,-1.0,1.0,-1.0,-1.0,-1.0,-1.0,1.0,-1.0,1.0,-1.0,1.0,-1.0,1.0,-1.0,-1.0,-1.0,1.0,1.0,1.0,-1.0,-1.0	3.1189473,-0.12196714,-1.1853279,-0.52187926,2.880263,-2.4534192,-2.882703,-0.7206367,-0.292805,1.0658921,-0.58543736,0.98104817,-1.8236303,0.8188707,-0.80544484,0.014574737,-1.2172327,-3.2819664,-0.8387625,3.556269,0.33294347,0.9534078,-0.3021585,-0.20493823
../data/train_data_mmini/10/Train_0047.jpg	10	1.0,-1.0,-1.0,-1.0,1.0,-1.0,-1.0,-1.0,-1.0,1.0,-1.0,1.0,-1.0,1.0,-1.0,1.0,-1.0,-1.0,-1.0,1.0,1.0,1.0,-1.0,-1.0	4.7177987,-0.44537356,-1.6637961,-0.848813,4.853458,-4.072433,-4.7840166,-0.87332255,-0.86703056,1.6551785,-0.86799705,1.1563118,-2.8207877,1.4038928,-1.1246262,0.4006323,-1.7635862,-5.6330094,-1.441776,5.5029817,0.51955014,1.3920673,-0.9069313,-0.2372597
../data/train_data_mmini/10/Train_0048.jpg	10	1.0,-1.0,-1.0,-1.0,1.0,-1.0,-1.0,-1.0,-1.0,1.0,-1.0,1.0,-1.0,1.0,-1.0,1.0,-1.0,-1.0,-1.0,1.0,1.0,1.0,-1.0,-1.0	3.8287733,-0.6494523,-1.5750403,-0.7099284,4.737339,-4.091956,-4.31935,-0.8486241,-0.84105,1.342419,-0.6114183,0.58622307,-2.0547376,0.65451825,-0.8584354,0.5435072,-1.8633727,-4.865258,-1.2233714,5.0516486,0.25756967,1.1020988,-1.4083495,-0.3668228
../data/train_data_mmini/10/Train_0049.jpg	10	1.0,-1.0,-1.0,-1.0,1.0,-1.0,-1.0,-1.0,-1.0,1.0,-1.0,1.0,-1.0,1.0,-1.0,1.0,-1.0,-1.0,-1.0,1.0,1.0,1.0,-1.0,-1.0	4.6220965,-0.4690171,-1.823962,-0.8717882,4.658267,-4.109572,-4.754175,-0.8929405,-0.73868144,1.5929171,-0.8361313,1.0720787,-2.7797592,1.3164784,-1.2017039,0.4487613,-1.7414548,-5.5123544,-1.3473644,5.613234,0.43930298,1.4550921,-0.8127859,-0.31134233
