../data/train_data_mmini/1/Train_0000.jpg	1	1.0,-1.0,1.0,-1.0,-1.0,1.0,1.0,-1.0	0.7699821,-0.30008513,0.3553082,-0.32174754,-0.04171747,0.17389242,0.5994015,-0.26743045
../data/train_data_mmini/1/Train_0001.jpg	1	1.0,-1.0,1.0,-1.0,-1.0,1.0,1.0,-1.0	0.60604095,-0.0779841,0.10657476,-0.42078343,-0.30875093,0.48549855,0.49027738,-0.64679503
../data/train_data_mmini/1/Train_0002.jpg	1	1.0,-1.0,1.0,1.0,-1.0,1.0,1.0,-1.0	0.61045915,-0.1540625,0.3502856,0.059037592,-0.23119695,0.35940805,0.2527714,-0.38314196
../data/train_data_mmini/1/Train_0003.jpg	1	1.0,-1.0,1.0,-1.0,-1.0,-1.0,1.0,-1.0	0.94034463,-0.38056394,0.3992981,-0.42310402,-0.092154376,-0.007596394,0.58116215,-0.18630296
../data/train_data_mmini/1/Train_0004.jpg	1	1.0,-1.0,1.0,-1.0,-1.0,1.0,1.0,-1.0	1.0922048,-0.38850465,0.39962226,-0.49605,-0.42577362,0.027449155,0.4490613,-0.1693842
../data/train_data_mmini/2/Train_0005.jpg	2	1.0,-1.0,1.0,-1.0,-1.0,1.0,1.0,-1.0	0.6780475,-0.17121989,0.35958898,-0.23286387,-0.46436888,0.26357383,0.12004908,-0.20158418
../data/train_data_mmini/2/Train_0006.jpg	2	1.0,1.0,-1.0,1.0,-1.0,1.0,1.0,-1.0	0.10780733,0.19430535,-0.44429278,0.16689819,-0.37809595,0.85300857,0.24371548,-1.1825329
../data/train_data_mmini/2/Train_0007.jpg	2	1.0,-1.0,1.0,-1.0,-1.0,-1.0,1.0,1.0	1.4058304,-0.56251574,0.59108615,-0.6591202,-0.52625835,-0.21535432,0.4213175,0.047398303
../data/train_data_mmini/2/Train_0008.jpg	2	1.0,-1.0,1.0,-1.0,-1.0,1.0,1.0,-1.0	0.78438264,-0.23651849,0.3643587,-0.4106068,-0.69504505,0.41085514,0.19299203,-0.139729
../data/train_data_mmini/2/Train_0009.jpg	2	1.0,-1.0,1.0,-1.0,1.0,1.0,1.0,-1.0	0.6418596,-0.28714418,0.24669266,-0.29605883,0.046493046,0.0542998,0.70136034,-0.42853624
../data/train_data_mmini/3/Train_0010.jpg	3	1.0,-1.0,1.0,-1.0,-1.0,1.0,-1.0,-1.0	0.8515821,-0.029618798,0.34477553,-0.32545716,-0.92834806,0.6242895,-0.2370057,-0.37283227
../data/train_data_mmini/3/Train_0011.jpg	3	1.0,-1.0,1.0,-1.0,1.0,-1.0,1.0,-1.0	0.2631477,-0.013710709,0.14193307,-0.23426002,0.023965633,-0.043208167,0.38000706,-0.38961494
../data/train_data_mmini/3/Train_0012.jpg	3	1.0,-1.0,-1.0,1.0,1.0,-1.0,1.0,-1.0	0.44853607,-0.18195236,-0.0017463955,0.051552627,0.40961978,-0.4751874,0.6505978,-0.34881505
../data/train_data_mmini/3/Train_0013.jpg	3	1.0,-1.0,1.0,-1.0,-1.0,1.0,1.0,-1.0	0.39174014,-0.036465112,0.03265861,-0.22962466,-0.3464708,0.5889555,0.318171,-0.6062695
../data/train_data_mmini/3/Train_0014.jpg	3	1.0,-1.0,1.0,-1.0,-1.0,1.0,1.0,-1.0	0.39818886,-0.18601193,0.29564592,-0.080317825,-0.27738073,0.071284525,0.35258326,-0.41497532
../data/train_data_mmini/4/Train_0015.jpg	4	1.0,-1.0,1.0,-1.0,-1.0,-1.0,1.0,-1.0	0.7814757,-0.31857747,0.3922269,-0.36698493,-0.3306635,-0.083150744,0.35626528,-0.082958356
../data/train_data_mmini/4/Train_0016.jpg	4	1.0,-1.0,1.0,-1.0,-1.0,1.0,1.0,1.0	0.52475077,-0.13450538,0.19336545,-0.30232632,-0.0226528,0.033012673,0.50837594,0.05519302
../data/train_data_mmini/4/Train_0017.jpg	4	-1.0,1.0,-1.0,-1.0,-1.0,1.0,1.0,-1.0	-0.015828943,0.26256987,-0.6830165,-0.025264028,-0.37810552,0.80409485,0.4521898,-1.5479892
../data/train_data_mmini/4/Train_0018.jpg	4	1.0,-1.0,1.0,-1.0,-1.0,1.0,-1.0,-1.0	0.6995369,-0.07405475,0.3024008,-0.22045308,-0.43588257,0.13979784,-0.023946945,-0.31609973
../data/train_data_mmini/4/Train_0019.jpg	4	1.0,1.0,-1.0,-1.0,-1.0,1.0,1.0,-1.0	0.6217622,0.16783191,-0.14350364,-0.61597556,-1.1792545,1.2579696,0.014574451,-0.4802363
../data/train_data_mmini/5/Train_0020.jpg	5	1.0,-1.0,1.0,-1.0,-1.0,1.0,1.0,-1.0	1.1726924,-0.46364227,0.4123951,-0.51864934,-0.55155784,0.037128028,0.38548788,-0.18953986
../data/train_data_mmini/5/Train_0021.jpg	5	1.0,-1.0,1.0,-1.0,1.0,-1.0,1.0,-1.0	0.70188165,-0.39296868,0.48709935,-0.36578557,0.1936746,-0.34055814,0.607631,-0.14797972
../data/train_data_mmini/5/Train_0022.jpg	5	1.0,-1.0,1.0,-1.0,-1.0,1.0,1.0,-1.0	1.0867121,-0.45251247,0.46276888,-0.466229,-0.34996983,0.059320886,0.46991128,-0.090418614
../data/train_data_mmini/5/Train_0023.jpg	5	1.0,-1.0,1.0,-1.0,-1.0,-1.0,1.0,-1.0	1.0798172,-0.4856511,0.45563018,-0.3997678,-0.15085772,-0.24902065,0.49805105,-0.009632854
../data/train_data_mmini/5/Train_0024.jpg	5	1.0,-1.0,1.0,-1.0,-1.0,-1.0,1.0,1.0	1.235253,-0.59037143,0.6203749,-0.4222746,-0.18310702,-0.6714787,0.4104918,0.1855672
../data/train_data_mmini/6/Train_0025.jpg	6	1.0,-1.0,1.0,-1.0,1.0,-1.0,1.0,1.0	0.6813637,-0.21657473,0.43033245,-0.09221967,0.22049151,-0.21231669,0.39402425,0.00490291
../data/train_data_mmini/6/Train_0026.jpg	6	1.0,1.0,-1.0,-1.0,-1.0,1.0,1.0,-1.0	0.9257202,0.1699341,-0.47233742,-0.50079024,-1.2834563,0.7787177,0.3903451,-1.150247
../data/train_data_mmini/6/Train_0027.jpg	6	1.0,-1.0,1.0,-1.0,1.0,-1.0,1.0,-1.0	0.31871247,-0.1810823,0.4365359,-0.17429616,0.33895576,-0.098453045,0.23676775,-0.016382808
../data/train_data_mmini/6/Train_0028.jpg	6	1.0,-1.0,1.0,-1.0,-1.0,1.0,1.0,-1.0	0.70429057,-0.23190044,0.21398866,-0.22186908,-0.35381144,0.049186014,0.41362917,-0.24533461
../data/train_data_mmini/6/Train_0029.jpg	6	1.0,-1.0,1.0,-1.0,-1.0,1.0,1.0,-1.0	0.79090774,-0.24578226,0.46525317,-0.2011764,-0.19069207,0.31738672,0.39647362,-0.13327336
../data/train_data_mmini/7/Train_0030.jpg	7	1.0,-1.0,1.0,-1.0,1.0,1.0,1.0,-1.0	0.4458908,-0.16044727,0.21519199,-0.4041915,0.3445596,0.13138053,0.8095456,-0.2476128
../data/train_data_mmini/7/Train_0031.jpg	7	1.0,-1.0,-1.0,-1.0,-1.0,1.0,1.0,-1.0	0.807311,-0.12339197,-0.0024951268,-0.2135824,-0.33655053,0.089694224,0.33029398,-0.86504894
../data/train_data_mmini/7/Train_0032.jpg	7	1.0,-1.0,1.0,1.0,1.0,-1.0,1.0,-1.0	0.04787012,-0.1762342,0.2740473,0.113153405,0.26806936,-0.18263847,0.41623336,-0.3210801
../data/train_data_mmini/7/Train_0033.jpg	7	1.0,-1.0,1.0,-1.0,-1.0,1.0,1.0,-1.0	0.69652855,-0.1886029,0.24845704,-0.19273618,-0.4322631,0.046751097,0.27843547,-0.52239877
../data/train_data_mmini/7/Train_0034.jpg	7	1.0,-1.0,1.0,-1.0,1.0,-1.0,-1.0,1.0	0.70069695,-0.39900586,0.71309453,-0.381878,0.0102450615,-0.70974034,-0.03450866,0.38196614
../data/train_data_mmini/8/Train_0035.jpg	8	1.0,-1.0,1.0,-1.0,1.0,-1.0,1.0,-1.0	0.6374755,-0.40119195,0.52601457,-0.24694291,0.21768175,-0.19318171,0.54011595,-0.0931049
../data/train_data_mmini/8/Train_0036.jpg	8	1.0,-1.0,1.0,-1.0,-1.0,-1.0,1.0,-1.0	0.8856132,-0.37091848,0.35142088,-0.2547166,-0.2403978,-0.15476067,0.22719064,-0.39754072
../data/train_data_mmini/8/Train_0037.jpg	8	1.0,-1.0,1.0,-1.0,-1.0,1.0,1.0,-1.0	0.7953888,-0.11767269,0.0545122,-0.5583296,-0.6270513,0.13631716,0.4084262,-0.6400634
../data/train_data_mmini/8/Train_0038.jpg	8	1.0,-1.0,1.0,-1.0,1.0,-1.0,1.0,1.0	0.6343493,-0.4501988,0.5359159,-0.17776991,0.20423833,-0.21126437,0.5163523,0.0050837877
../data/train_data_mmini/8/Train_0039.jpg	8	1.0,-1.0,1.0,-1.0,1.0,-1.0,1.0,-1.0	0.53533787,-0.30209047,0.4501422,-0.15984268,0.20754077,-0.10490373,0.547651,-0.28460172
../data/train_data_mmini/9/Train_0040.jpg	9	1.0,-1.0,1.0,-1.0,-1.0,1.0,1.0,-1.0	1.2375075,-0.3828483,0.4775519,-0.664375,-0.6320518,0.041743334,0.4369071,-0.12441528
../data/train_data_mmini/9/Train_0041.jpg	9	1.0,-1.0,1.0,-1.0,-1.0,1.0,1.0,-1.0	0.90132433,-0.15540068,0.08082606,-0.36873457,-0.73553836,0.22748283,0.0973872,-0.49966177
../data/train_data_mmini/9/Train_0042.jpg	9	1.0,-1.0,1.0,-1.0,-1.0,-1.0,1.0,1.0	1.2785398,-0.3631017,0.4392629,-0.70180726,-0.750556,-0.20386383,0.26956293,0.0574403
../data/train_data_mmini/9/Train_0043.jpg	9	1.0,-1.0,1.0,-1.0,-1.0,1.0,1.0,-1.0	1.0314229,-0.34470868,0.34444597,-0.41484052,-0.5797958,0.34726092,0.37011167,-0.39199567
../data/train_data_mmini/9/Train_0044.jpg	9	1.0,-1.0,1.0,-1.0,-1.0,1.0,1.0,-1.0	0.667843,-0.32915434,0.27641156,-0.31418794,-0.32866448,0.20369053,0.5054567,-0.516888
../data/train_data_mmini/10/Train_0045.jpg	10	1.0,-1.0,1.0,-1.0,1.0,-1.0,1.0,-1.0	0.2743807,-0.17687191,0.5093091,-0.10346006,0.039317086,-0.051176183,0.14292634,-0.11942934
../data/train_data_mmini/10/Train_0046.jpg	10	1.0,-1.0,1.0,-1.0,1.0,1.0,1.0,-1.0	0.1277049,-0.034678094,0.3677327,-0.08171717,0.00945009,0.23409921,0.32452154,-0.30012769
../data/train_data_mmini/10/Train_0047.jpg	10	1.0,-1.0,1.0,-1.0,1.0,-1.0,1.0,-1.0	0.66345406,-0.3862716,0.5947429,-0.27259728,0.080831476,-0.18029435,0.2114188,-0.12242259
../data/train_data_mmini/10/Train_0048.jpg	10	1.0,-1.0,1.0,-1.0,1.0,-1.0,1.0,1.0	0.7500945,-0.66939336,1.0269381,-0.09906966,0.516449,-0.9936549,0.07033131,0.5510432
../data/train_data_mmini/10/Train_0049.jpg	10	1.0,-1.0,1.0,-1.0,-1.0,-1.0,1.0,-1.0	0.6640083,-0.444767,0.50937897,-0.2295934,-0.02052973,-0.17058788,0.5045588,-0.22027458
