../data/train_data_mmini/1/Train_0000.jpg	1	-1.0,1.0,1.0,1.0,1.0,-1.0,-1.0,-1.0,1.0,-1.0,-1.0,-1.0,1.0,-1.0,1.0,-1.0,1.0,-1.0,1.0,-1.0,1.0,-1.0,-1.0,1.0	-0.2433499,0.09306389,0.03790786,0.045494825,0.1354759,-0.07052848,-0.034810733,-0.21570538,0.12494349,-0.031940937,-0.14911754,-0.36407912,0.07733892,-0.30873182,0.11437236,-0.059854727,0.11319542,-0.05358772,0.09167528,-0.3625117,0.2856806,-0.1571492,-0.147305,0.006490271
../data/train_data_mmini/1/Train_0001.jpg	1	-1.0,1.0,-1.0,1.0,1.0,-1.0,1.0,-1.0,-1.0,-1.0,-1.0,-1.0,1.0,-1.0,1.0,-1.0,1.0,1.0,1.0,-1.0,1.0,1.0,-1.0,1.0	-0.13602442,0.09429041,-0.2430269,0.041027784,0.09786201,-0.22131553,0.065979354,-0.092360884,-0.0497792,-0.035698716,-0.20738015,-0.4492174,0.046883136,-0.07876767,0.0791546,-0.053335097,0.22842242,0.0027890867,0.040643256,-0.013656399,0.06507858,0.021914579,-0.20853212,0.061312076
../data/train_data_mmini/1/Train_0002.jpg	1	1.0,1.0,1.0,1.0,1.0,-1.0,1.0,-1.0,1.0,1.0,-1.0,-1.0,1.0,1.0,1.0,1.0,1.0,-1.0,-1.0,-1.0,-1.0,1.0,-1.0,-1.0	0.29905805,0.24883948,0.108762294,0.10390483,0.24799848,-0.34573096,0.13332616,-0.24503385,0.14583595,0.056208085,-0.0958571,-0.5059401,0.20672724,0.15738122,0.34140193,0.36942488,0.21277525,-0.21069129,-0.14112,-0.21994957,-0.055219144,0.14207342,-0.15558669,-0.017518047
../data/train_data_mmini/1/Train_0003.jpg	1	-1.0,1.0,1.0,-1.0,1.0,1.0,-1.0,-1.0,1.0,-1.0,-1.0,-1.0,1.0,-1.0,-1.0,-1.0,1.0,1.0,1.0,-1.0,1.0,-1.0,-1.0,-1.0	-0.31032276,0.14362669,0.009014019,-0.12320565,0.016117008,0.18016487,-0.053956103,-0.20894714,0.1356819,-0.08384656,-0.124331705,-0.22018526,0.2780808,-0.36541873,-0.022955384,-0.025738912,0.16001849,0.04739319,0.18632597,-0.2511064,0.33801606,-0.25001642,-0.040452536,-0.18030566
../data/train_data_mmini/1/Train_0004.jpg	1	-1.0,1.0,-1.0,-1.0,1.0,1.0,-1.0,-1.0,1.0,1.0,-1.0,1.0,1.0,-1.0,-1.0,-1.0,1.0,1.0,1.0,-1.0,1.0,-1.0,1.0,-1.0	-0.0076268367,0.004484075,-0.075487375,-0.096296385,0.01563801,0.11484791,-0.15080725,-0.24010034,0.00781212,0.02717796,-0.10766415,0.052353907,0.20687065,-0.23015273,-0.11723583,-0.15906292,0.020076372,0.11273081,0.15396003,-0.47054514,0.19444436,-0.15184268,0.11231662,-0.11245734
../data/train_data_mmini/2/Train_0005.jpg	2	1.0,-1.0,1.0,1.0,-1.0,1.0,1.0,-1.0,1.0,-1.0,-1.0,-1.0,1.0,-1.0,-1.0,-1.0,-1.0,1.0,-1.0,-1.0,1.0,1.0,-1.0,-1.0	0.029447095,-0.047289312,0.107054986,0.1164802,-0.077242196,0.20785627,0.04742961,-0.20620622,0.091058604,-0.11972677,-0.14497682,-0.11273774,0.09003931,-0.0732781,-0.025926817,-0.025357777,-0.0151583925,0.1292477,-0.015992334,-0.01826913,0.048409082,0.0056290934,-0.09792156,-0.10991184
../data/train_data_mmini/2/Train_0006.jpg	2	-1.0,1.0,-1.0,1.0,1.0,-1.0,1.0,-1.0,1.0,-1.0,-1.0,-1.0,-1.0,1.0,1.0,1.0,-1.0,-1.0,1.0,1.0,1.0,-1.0,-1.0,1.0	-0.15845303,0.25139222,-0.05419865,0.45860952,0.09265099,-0.28652275,0.36620995,-0.075162865,0.3038592,-0.116535336,-0.0016848978,-0.41439104,-0.24525382,0.019178059,0.43917543,0.025222486,-0.09395434,-0.16757442,0.024849886,0.3079948,0.19282945,-0.053189263,-0.1826676,0.17169613
../data/train_data_mmini/2/Train_0007.jpg	2	-1.0,1.0,1.0,-1.0,-1.0,1.0,-1.0,-1.0,1.0,-1.0,-1.0,1.0,1.0,-1.0,-1.0,-1.0,1.0,1.0,1.0,-1.0,1.0,-1.0,1.0,-1.0	-0.27700278,0.19496416,0.0061322274,-0.30029118,-0.057091992,0.46909365,-0.022915045,-0.11434288,0.12130863,-0.14050548,-0.08093702,0.15354593,0.18557385,-0.39035243,-0.2812701,-0.025276626,0.10187389,0.17734472,0.49413612,-0.41457775,0.28665063,-0.35110554,0.19945186,-0.19233541
../data/train_data_mmini/2/Train_0008.jpg	2	-1.0,1.0,-1.0,-1.0,1.0,-1.0,1.0,-1.0,1.0,-1.0,1.0,-1.0,-1.0,-1.0,-1.0,1.0,-1.0,-1.0,1.0,-1.0,-1.0,1.0,-1.0,1.0	-0.09534725,0.0041537033,-0.13543321,-0.08721004,0.34224752,-0.23434685,0.13692448,-0.13757963,0.10548973,-0.05760852,0.09579121,-0.58146495,-0.08072734,-0.06656414,-0.04761041,0.18200463,-0.18188322,-0.05545764,0.043687146,-0.06131269,-0.13428986,0.07521317,-0.046492036,0.23796338
../data/train_data_mmini/2/Train_0009.jpg	2	-1.0,1.0,1.0,1.0,-1.0,1.0,1.0,-1.0,1.0,1.0,-1.0,-1.0,-1.0,-1.0,1.0,-1.0,1.0,-1.0,1.0,-1.0,1.0,-1.0,-1.0,-1.0	-0.15369949,0.31356883,0.14709486,0.122357115,-0.11424036,0.3316182,0.12744246,-0.13850722,0.28127965,0.005221217,-0.15858029,-0.23168363,-0.25444496,-0.49628168,0.08285353,-0.042855825,0.13294713,-0.17044516,0.020074898,-0.41388327,0.55429757,-0.35294643,-0.010366994,-0.019216422
../data/train_data_mmini/3/Train_0010.jpg	3	-1.0,1.0,-1.0,-1.0,1.0,1.0,1.0,1.0,1.0,-1.0,1.0,-1.0,1.0,-1.0,-1.0,1.0,-1.0,1.0,1.0,1.0,1.0,-1.0,1.0,-1.0	-0.09065635,0.31051335,-0.4016643,-0.6070218,0.21882646,0.07793026,0.4037764,0.007162836,0.26734874,-0.17161626,0.3296464,-0.3471743,0.33314943,-0.07015088,-0.7526509,0.35544208,-0.29354933,0.01946228,0.14428167,0.31983912,0.037243582,-0.009858518,0.4829411,-0.27879205
../data/train_data_mmini/3/Train_0011.jpg	3	1.0,-1.0,1.0,1.0,1.0,-1.0,-1.0,-1.0,-1.0,1.0,-1.0,-1.0,-1.0,1.0,1.0,1.0,1.0,-1.0,-1.0,-1.0,-1.0,1.0,-1.0,1.0	0.545387,-0.3129772,0.013252356,0.27520245,0.25832328,-0.57917315,-0.23484653,-0.26224193,-0.30367857,0.35729632,-0.26828495,-0.034429397,-0.06178257,0.28920746,0.4677299,0.034487847,0.4517263,-0.12656425,-0.24084519,-0.7800447,-0.41832012,0.37451738,-0.2301018,0.2598982
../data/train_data_mmini/3/Train_0012.jpg	3	1.0,-1.0,1.0,1.0,-1.0,1.0,-1.0,-1.0,-1.0,1.0,-1.0,1.0,1.0,1.0,1.0,-1.0,1.0,-1.0,-1.0,-1.0,1.0,-1.0,-1.0,-1.0	0.63337284,-0.03302879,0.15209255,0.32897013,-0.37983882,0.16798209,-0.19276468,-0.1180201,-0.047800973,0.24436134,-0.579943,0.4004541,0.06946203,0.19170524,0.5347559,-0.14072856,0.38301423,-0.13505837,-0.17078848,-0.75279015,0.07552875,-0.071951605,-0.07162458,-0.18269867
../data/train_data_mmini/3/Train_0013.jpg	3	1.0,-1.0,-1.0,1.0,1.0,-1.0,1.0,-1.0,1.0,1.0,-1.0,-1.0,-1.0,1.0,1.0,1.0,-1.0,-1.0,-1.0,1.0,-1.0,1.0,-1.0,1.0	0.04190441,-0.101136275,-0.4042956,0.21107137,0.18858096,-0.27010104,0.03358737,-0.11772404,0.06798901,0.11920515,-0.095831044,-0.3713191,-0.07537317,0.26621616,0.026183931,0.067704625,-0.10282603,-0.082329765,-0.16777207,0.21715249,-0.20315489,0.20450062,-0.0019169702,0.14121693
../data/train_data_mmini/3/Train_0014.jpg	3	1.0,-1.0,-1.0,1.0,1.0,-1.0,1.0,-1.0,1.0,-1.0,-1.0,-1.0,-1.0,1.0,1.0,1.0,-1.0,1.0,1.0,-1.0,1.0,1.0,1.0,1.0	0.052956063,-0.030852582,-0.013627532,0.16778213,0.06271417,-0.06599493,0.11464775,-0.14251922,0.11024493,-0.01657578,-0.08296501,-0.11026435,-0.061481237,0.0034896694,0.062182818,0.0052146288,-0.06608807,0.053733956,0.06254082,-0.16860077,0.08534124,0.14931591,0.1556254,0.18808635
../data/train_data_mmini/4/Train_0015.jpg	4	1.0,1.0,1.0,1.0,-1.0,1.0,-1.0,-1.0,1.0,1.0,-1.0,-1.0,-1.0,-1.0,1.0,1.0,1.0,-1.0,1.0,-1.0,-1.0,1.0,-1.0,1.0	0.12665135,0.0076519838,0.1919138,0.16986623,-0.002802362,0.014781945,-0.10283684,-0.22030725,0.12087994,0.011344432,-0.2087039,-0.15253107,-0.07148574,-0.088833824,0.3128139,0.04851762,0.07849293,-0.008115147,0.16991824,-0.26370496,-0.10052221,0.027086724,-0.20127425,0.13410215
../data/train_data_mmini/4/Train_0016.jpg	4	-1.0,-1.0,-1.0,1.0,1.0,-1.0,1.0,-1.0,-1.0,1.0,-1.0,-1.0,1.0,-1.0,1.0,-1.0,1.0,-1.0,-1.0,1.0,-1.0,1.0,-1.0,1.0	-0.24543108,-0.1451563,-0.22071677,0.06587137,0.072732694,-0.24733506,0.06269192,-0.010629177,-0.0996817,0.018779196,-0.25096405,-0.6710486,0.18441588,-0.108539626,0.21832302,-0.0008301352,0.10075525,-0.035377406,-0.075094976,0.28239942,-0.012201182,0.10113116,-0.26171792,0.17489925
../data/train_data_mmini/4/Train_0017.jpg	4	-1.0,1.0,-1.0,1.0,-1.0,-1.0,1.0,-1.0,1.0,-1.0,-1.0,-1.0,-1.0,1.0,1.0,1.0,1.0,-1.0,-1.0,1.0,1.0,1.0,-1.0,1.0	-0.06879414,0.17437378,-0.3814852,0.37389895,-0.29279795,-0.5105877,0.24125229,-0.1259041,0.026692234,-0.11263636,-0.4535718,-0.41018626,-0.24121521,0.26863685,0.828906,0.019353593,0.17617644,-0.39735988,-0.0808845,0.22065331,0.062707655,0.04801362,-0.3632951,0.33640942
../data/train_data_mmini/4/Train_0018.jpg	4	1.0,1.0,-1.0,-1.0,1.0,-1.0,1.0,-1.0,1.0,-1.0,-1.0,-1.0,-1.0,1.0,1.0,-1.0,1.0,-1.0,1.0,-1.0,1.0,1.0,-1.0,1.0	0.012804454,0.0519248,-0.2909518,-0.10592647,0.04163575,-0.06774609,0.021146988,-0.054541904,0.052111045,-0.12446532,-0.2228087,-0.1403905,-0.19280069,0.057605144,0.008617755,-0.06803026,0.063693374,-0.014183515,0.21752259,-0.12784623,0.07769478,0.067347296,-0.2357994,0.0848131
../data/train_data_mmini/4/Train_0019.jpg	4	-1.0,-1.0,-1.0,1.0,1.0,1.0,1.0,-1.0,1.0,1.0,1.0,-1.0,1.0,1.0,-1.0,1.0,-1.0,1.0,1.0,1.0,-1.0,1.0,1.0,1.0	-0.060519446,-0.009011748,-0.38691694,0.17494908,0.12737936,0.09503107,0.18958102,-0.19471087,0.111841924,0.0043327427,0.1336782,-0.19646038,0.119039625,0.1214304,-0.13546787,0.05885544,-0.18151663,0.09812279,0.05770128,0.61523086,-0.16264588,0.077586256,0.06437049,0.056059506
../data/train_data_mmini/5/Train_0020.jpg	5	-1.0,1.0,1.0,-1.0,-1.0,1.0,1.0,-1.0,1.0,-1.0,-1.0,-1.0,1.0,-1.0,-1.0,-1.0,1.0,1.0,1.0,-1.0,1.0,-1.0,1.0,-1.0	-0.16687061,0.18236257,0.039313376,-0.13859072,-0.16579102,0.31929052,0.080284856,-0.107356854,0.14224854,-0.110635266,-0.11778889,-0.06645273,0.2189236,-0.3100378,-0.082227975,-0.05318715,0.055250645,0.068166055,0.23291807,-0.2510987,0.2966491,-0.30001885,0.09810834,-0.15736333
../data/train_data_mmini/5/Train_0021.jpg	5	1.0,-1.0,1.0,1.0,1.0,-1.0,-1.0,-1.0,1.0,1.0,-1.0,-1.0,-1.0,-1.0,1.0,-1.0,1.0,-1.0,-1.0,-1.0,1.0,1.0,-1.0,1.0	0.0100408215,-0.025258105,0.2846097,0.34069055,0.042887177,-0.08564424,-0.08802686,-0.4068545,0.054531015,0.18206832,-0.06090591,-0.047283452,-0.16182491,-0.2594499,0.19387493,-0.066625185,0.10991367,-0.102390945,-0.100542985,-0.63547444,0.08601812,0.0051031457,-0.05025885,0.1841211
../data/train_data_mmini/5/Train_0022.jpg	5	-1.0,1.0,1.0,-1.0,1.0,1.0,1.0,-1.0,1.0,-1.0,1.0,-1.0,1.0,-1.0,-1.0,1.0,-1.0,1.0,1.0,-1.0,1.0,-1.0,1.0,-1.0	-0.1218067,0.19949205,0.030468727,-0.15680982,0.071163595,0.39950794,0.12526505,-0.027050715,0.3021554,-0.17190734,0.017018875,-0.06900774,0.02679385,-0.30295378,-0.21684743,0.011160617,-0.06331635,0.09194057,0.29535812,-0.2576054,0.35458323,-0.28013805,0.15740156,-0.06421032
../data/train_data_mmini/5/Train_0023.jpg	5	-1.0,1.0,1.0,-1.0,-1.0,1.0,1.0,-1.0,1.0,-1.0,-1.0,-1.0,1.0,-1.0,-1.0,-1.0,-1.0,1.0,1.0,-1.0,1.0,-1.0,1.0,-1.0	-0.22825487,0.3191689,0.18363035,-0.055019453,-0.0741786,0.33745837,0.024846291,-0.10602807,0.15821362,-0.14066498,-0.02719258,-0.023775715,0.06886622,-0.36870754,-0.21484391,-0.15401234,-0.043306254,0.076570645,0.37443456,-0.31770092,0.40766183,-0.26859418,0.06407436,-0.18883649
../data/train_data_mmini/5/Train_0024.jpg	5	1.0,1.0,1.0,-1.0,-1.0,1.0,-1.0,-1.0,1.0,1.0,-1.0,1.0,1.0,-1.0,-1.0,-1.0,1.0,1.0,1.0,-1.0,1.0,-1.0,1.0,-1.0	0.031306546,0.14257513,0.15467763,-0.19131777,-0.22856142,0.59717715,-0.12409202,-0.25025284,0.0436979,0.13028789,-0.16781847,0.35295707,0.22463034,-0.20894459,-0.24792488,-0.019332329,0.13675442,0.18547028,0.21850504,-0.6232702,0.25433585,-0.26041368,0.19738361,-0.37735534
../data/train_data_mmini/6/Train_0025.jpg	6	1.0,1.0,-1.0,-1.0,-1.0,1.0,-1.0,-1.0,1.0,1.0,1.0,1.0,1.0,1.0,-1.0,1.0,1.0,1.0,-1.0,-1.0,1.0,-1.0,1.0,-1.0	0.3347961,0.020481106,-0.009658753,-0.34321433,-0.18232356,0.39923114,-0.009260813,-0.30787474,0.1000055,0.41269973,0.19489428,0.35748494,0.79499334,0.14323775,-0.43221766,0.3570628,0.06329356,0.15127447,-0.16569586,-0.08722132,0.07519644,-0.032112613,0.4615851,-0.5853768
../data/train_data_mmini/6/Train_0026.jpg	6	-1.0,1.0,-1.0,-1.0,-1.0,-1.0,1.0,-1.0,1.0,-1.0,-1.0,-1.0,-1.0,-1.0,1.0,1.0,1.0,-1.0,1.0,-1.0,1.0,-1.0,-1.0,-1.0	-0.43393156,0.14828391,-0.5047269,-0.2802816,-0.1253463,-0.19500068,0.15184733,-0.20727031,0.19391444,-0.11992075,-0.47792253,-0.21048427,-0.16538787,-0.18858866,0.10571126,0.04240242,0.28035524,-0.1905463,0.35662436,-0.06900876,0.13668422,-0.2573352,-0.43309587,-0.07631672
../data/train_data_mmini/6/Train_0027.jpg	6	1.0,1.0,1.0,1.0,1.0,-1.0,1.0,-1.0,1.0,1.0,1.0,-1.0,-1.0,-1.0,-1.0,1.0,1.0,-1.0,-1.0,-1.0,-1.0,1.0,1.0,1.0	0.11824932,0.04002369,0.11544484,0.096097544,0.17012845,-0.005841478,0.105063684,-0.077076204,0.07803405,0.15572017,0.047673658,-0.24244459,-0.04582745,-0.02873259,-0.10726028,0.18652347,0.052567862,-0.02611519,-0.12080509,-0.16639888,-0.015200899,0.13514376,0.055878315,0.029280405
../data/train_data_mmini/6/Train_0028.jpg	6	-1.0,-1.0,-1.0,-1.0,1.0,-1.0,-1.0,-1.0,-1.0,1.0,-1.0,-1.0,-1.0,-1.0,1.0,1.0,1.0,-1.0,1.0,-1.0,-1.0,1.0,1.0,1.0	-0.043070834,-0.12306669,-0.21945593,-0.16646133,0.27612385,-0.22078456,-0.050604846,-0.26349574,-0.08769902,0.11887633,-0.06281432,-0.07016628,-0.015965687,-0.0062108263,0.023323182,0.09585201,0.10875473,-0.08896957,0.08042377,-0.41705254,-0.2435481,0.09015664,0.029793274,0.1535404
../data/train_data_mmini/6/Train_0029.jpg	6	-1.0,1.0,-1.0,-1.0,1.0,1.0,1.0,-1.0,1.0,1.0,1.0,-1.0,1.0,1.0,-1.0,1.0,-1.0,-1.0,-1.0,1.0,1.0,-1.0,1.0,-1.0	-0.016932195,0.2584225,-0.17017949,-0.051652804,0.030086095,0.15590839,0.18835284,-0.23155396,0.5628314,0.08944827,0.07627465,-0.36963016,0.24342301,0.021961674,-0.19536881,0.22203931,-0.04454861,-0.1873276,-0.06105854,0.20073849,0.29756078,-0.23695363,0.13873781,-0.36302212
../data/train_data_mmini/7/Train_0030.jpg	7	-1.0,-1.0,1.0,1.0,-1.0,1.0,1.0,-1.0,1.0,-1.0,-1.0,-1.0,-1.0,-1.0,1.0,-1.0,1.0,-1.0,1.0,-1.0,1.0,-1.0,-1.0,1.0	-0.09307881,-0.004492392,0.15830316,0.36697045,-0.11819001,0.18397187,0.124503605,-0.18835522,0.17756993,-0.04397086,-0.25187865,-0.35163528,-0.1352574,-0.3662374,0.39185798,-0.14663917,0.25708053,-0.046226405,0.083341874,-0.31730133,0.36608097,-0.17130798,-0.31663513,0.20007138
../data/train_data_mmini/7/Train_0031.jpg	7	1.0,1.0,-1.0,-1.0,-1.0,-1.0,1.0,1.0,1.0,-1.0,-1.0,1.0,-1.0,1.0,-1.0,-1.0,-1.0,1.0,1.0,-1.0,1.0,-1.0,-1.0,-1.0	0.07809219,0.19607307,-0.32641715,-0.012565031,-0.2160789,-0.018549636,0.0069512036,0.0038397503,0.06984077,-0.03741699,-0.17914289,0.16146676,-0.11854768,0.16626048,-0.055686526,-0.088773474,-0.026818492,0.050154224,0.021467099,-0.063026644,0.019672332,-0.028722715,-0.037070587,-0.11027037
../data/train_data_mmini/7/Train_0032.jpg	7	1.0,-1.0,1.0,1.0,1.0,-1.0,-1.0,-1.0,-1.0,1.0,-1.0,-1.0,-1.0,1.0,1.0,1.0,1.0,-1.0,-1.0,-1.0,-1.0,1.0,-1.0,1.0	0.3814226,-0.099346556,0.3537955,0.41152656,0.032710306,-0.2590595,-0.12375698,-0.3076718,-0.20178263,0.3616018,-0.21204458,-0.018731732,-0.21819524,0.03426441,0.17288397,0.068475835,0.054882575,-0.17814238,-0.42525113,-0.575774,-0.2887964,0.44785196,-0.040774945,0.28499043
../data/train_data_mmini/7/Train_0033.jpg	7	-1.0,1.0,1.0,1.0,-1.0,1.0,1.0,-1.0,1.0,-1.0,-1.0,1.0,1.0,-1.0,-1.0,-1.0,1.0,-1.0,1.0,-1.0,1.0,-1.0,1.0,-1.0	-0.21824609,0.4642392,0.26283035,0.033971027,-0.21190202,0.59887165,0.11342164,-0.16970515,0.22741129,-0.20217007,-0.14429072,0.03332405,0.005821673,-0.39768434,-0.06306324,-0.037157934,0.09474976,-0.042590022,0.32369393,-0.33248514,0.48711345,-0.35946754,0.013256614,-0.22839317
../data/train_data_mmini/7/Train_0034.jpg	7	1.0,-1.0,1.0,-1.0,1.0,-1.0,-1.0,-1.0,-1.0,1.0,1.0,1.0,1.0,1.0,-1.0,1.0,1.0,1.0,-1.0,-1.0,-1.0,1.0,1.0,-1.0	0.43641037,-0.2814544,0.031071002,-0.16493806,0.21291457,-0.063136645,-0.29081085,-0.3419755,-0.39885765,0.50539696,0.21395516,0.53256434,0.25274906,0.13401116,-0.43454584,0.24510846,0.08438007,0.21068874,-0.06816872,-0.5716583,-0.6044085,0.34157684,0.3732419,-0.054249633
../data/train_data_mmini/8/Train_0035.jpg	8	-1.0,1.0,1.0,-1.0,1.0,1.0,1.0,-1.0,1.0,1.0,1.0,-1.0,-1.0,-1.0,-1.0,1.0,-1.0,1.0,1.0,-1.0,1.0,-1.0,1.0,-1.0	-0.025865866,0.16727687,0.2243411,-0.06145096,0.034057107,0.46627662,0.04551779,-0.21553324,0.32662418,0.056392416,0.068334185,-0.081788644,-0.199675,-0.28123495,-0.17209552,0.107423045,-0.018637612,0.0035142926,0.12930574,-0.42940974,0.42666355,-0.20306852,0.2572105,-0.04188748
../data/train_data_mmini/8/Train_0036.jpg	8	1.0,1.0,-1.0,-1.0,-1.0,1.0,1.0,-1.0,1.0,-1.0,-1.0,1.0,-1.0,1.0,-1.0,1.0,1.0,-1.0,1.0,-1.0,1.0,-1.0,1.0,-1.0	0.15569913,0.23499657,-0.10843732,-0.20516734,-0.15977135,0.58295685,0.19518234,-0.15178588,0.16167401,-0.16531992,-0.1494959,0.3295105,-0.05558449,0.13766228,-0.1086691,0.18850783,0.028010137,-0.0037935833,0.22799282,-0.28625074,0.20611149,-0.18588528,0.18724903,-0.20345569
../data/train_data_mmini/8/Train_0037.jpg	8	-1.0,1.0,-1.0,-1.0,-1.0,-1.0,-1.0,-1.0,-1.0,1.0,-1.0,1.0,-1.0,1.0,-1.0,1.0,1.0,-1.0,1.0,-1.0,-1.0,1.0,-1.0,-1.0	-0.055911187,0.020321809,-0.34269062,-0.0529456,-0.057802793,-0.029926617,-0.055097263,-0.24220778,-0.10988022,0.108713314,-0.31913927,0.18557282,-0.106385574,0.059166472,-0.058773264,0.10117134,0.27833247,-0.10212288,0.05454733,-0.36277243,-0.22013603,0.037775926,-0.08502422,-0.019490827
../data/train_data_mmini/8/Train_0038.jpg	8	1.0,1.0,1.0,1.0,1.0,1.0,1.0,-1.0,1.0,1.0,1.0,-1.0,1.0,-1.0,-1.0,1.0,-1.0,1.0,-1.0,-1.0,1.0,1.0,1.0,1.0	0.19493866,0.12665845,0.22754894,0.013762892,0.21129638,0.19533578,0.073340856,-0.21561088,0.20394655,0.17636101,0.14555317,-0.2249319,0.0073674303,-0.06782986,-0.18582623,0.19380544,-0.027540945,0.13665934,-0.077221796,-0.12766428,0.03123044,0.04249374,0.054709572,0.004246067
../data/train_data_mmini/8/Train_0039.jpg	8	1.0,1.0,1.0,1.0,1.0,1.0,1.0,-1.0,1.0,1.0,-1.0,-1.0,-1.0,-1.0,1.0,1.0,1.0,-1.0,-1.0,-1.0,1.0,-1.0,1.0,-1.0	0.32029554,0.18741335,0.15518203,0.09882015,0.04842544,0.44769627,0.09304579,-0.18065174,0.40613568,0.02467689,-0.13389751,-0.038161356,-0.078555286,-0.07736233,0.16716512,0.09604121,0.14728282,-0.1253887,-0.050167143,-0.57611686,0.514653,-0.2896654,0.18510382,-0.17969026
../data/train_data_mmini/9/Train_0040.jpg	9	-1.0,1.0,-1.0,-1.0,-1.0,1.0,-1.0,-1.0,1.0,-1.0,-1.0,1.0,1.0,-1.0,-1.0,1.0,1.0,1.0,1.0,-1.0,1.0,-1.0,1.0,-1.0	-0.074844785,0.019262746,-0.11507884,-0.11000469,-0.074103124,0.22181977,-0.03196169,-0.27351424,0.113844745,-0.011166737,-0.114083506,0.019533943,0.10284178,-0.21369809,-0.06473321,0.068172,0.17288917,0.05690472,0.2568164,-0.36915872,0.03453087,-0.20964412,0.040536854,-0.050308723
../data/train_data_mmini/9/Train_0041.jpg	9	-1.0,1.0,-1.0,-1.0,-1.0,1.0,1.0,1.0,1.0,-1.0,-1.0,1.0,1.0,1.0,-1.0,-1.0,1.0,1.0,1.0,-1.0,1.0,-1.0,1.0,-1.0	-0.034109544,0.1532713,-0.22093669,-0.20471728,-0.114402905,0.21566272,0.085447274,0.03954963,0.039662816,-0.122472346,-0.11230535,0.17502372,0.20839989,0.16444412,-0.18906194,-0.028651142,0.018458609,0.12572393,0.12567647,-0.019804515,0.047305174,-0.0005712912,0.17450121,-0.20620477
../data/train_data_mmini/9/Train_0042.jpg	9	1.0,-1.0,-1.0,-1.0,-1.0,1.0,-1.0,-1.0,-1.0,1.0,-1.0,1.0,1.0,1.0,-1.0,1.0,1.0,1.0,1.0,-1.0,-1.0,-1.0,1.0,-1.0	0.21914268,-0.19729902,-0.28776398,-0.15521772,-0.038925346,0.02612491,-0.17191385,-0.25005683,-0.06849953,0.20267776,-0.20473352,0.0839375,0.26772174,0.17687331,-0.015667185,0.08898988,0.13900542,0.14982994,0.075406715,-0.36611977,-0.32031566,-0.011078081,0.021588717,-0.048341487
../data/train_data_mmini/9/Train_0043.jpg	9	-1.0,1.0,1.0,1.0,1.0,1.0,1.0,-1.0,1.0,-1.0,1.0,-1.0,-1.0,-1.0,-1.0,1.0,-1.0,1.0,1.0,-1.0,1.0,-1.0,1.0,1.0	-0.11444529,0.12430533,0.0195816,0.039165244,0.10196484,0.12869126,0.18151593,-0.2740075,0.3133321,-0.120500304,0.055197656,-0.1844454,-0.11818135,-0.18182074,-0.06161813,0.079406254,-0.017543849,0.01848844,0.1964182,-0.15591979,0.15421417,-0.13682069,0.0484627,0.019682374
../data/train_data_mmini/9/Train_0044.jpg	9	1.0,1.0,1.0,1.0,-1.0,1.0,1.0,-1.0,1.0,1.0,-1.0,-1.0,1.0,-1.0,-1.0,1.0,-1.0,-1.0,-1.0,-1.0,1.0,-1.0,1.0,-1.0	0.112343274,0.1445687,0.074334055,0.14603311,-0.10964886,0.20371251,0.15053768,-0.23473166,0.3045788,0.051278,-0.020976754,-0.26166844,0.27133316,-0.061715294,-0.018222515,0.14361215,-0.0032349343,-0.064206935,-0.10539353,-0.022203542,0.29155123,-0.18781683,0.03188974,-0.23096524
../data/train_data_mmini/10/Train_0045.jpg	10	1.0,1.0,1.0,-1.0,1.0,1.0,-1.0,-1.0,1.0,1.0,1.0,1.0,1.0,1.0,-1.0,1.0,-1.0,1.0,-1.0,-1.0,1.0,1.0,1.0,-1.0	0.40437245,0.063344575,0.06618697,-0.0539203,0.087970324,0.5387292,-0.0492662,-0.17641884,0.22492151,0.1841949,0.05515576,0.27151617,0.076527715,0.098803505,-0.32524985,0.184116,-0.114116326,0.06662234,-0.12868021,-0.19599178,0.13813406,0.0628563,0.3376542,-0.15543567
../data/train_data_mmini/10/Train_0046.jpg	10	1.0,-1.0,1.0,1.0,1.0,-1.0,1.0,-1.0,1.0,1.0,1.0,-1.0,1.0,1.0,1.0,1.0,1.0,-1.0,-1.0,-1.0,-1.0,1.0,-1.0,-1.0	0.4265738,-0.019221738,0.1460716,0.2707175,0.22718549,-0.142135,0.13304166,-0.36323246,0.107436866,0.3123898,0.016919767,-0.39685923,0.1962397,0.066429034,0.05143736,0.31367034,0.13929585,-0.13322446,-0.3580825,-0.17206769,-0.016841555,0.22155814,-0.05298811,-0.11075342
../data/train_data_mmini/10/Train_0047.jpg	10	1.0,-1.0,-1.0,-1.0,1.0,1.0,-1.0,-1.0,1.0,1.0,1.0,1.0,1.0,1.0,-1.0,1.0,-1.0,1.0,-1.0,-1.0,-1.0,1.0,1.0,-1.0	0.38322192,-0.12430329,-0.028997881,-0.09977451,0.123414256,0.34264392,-0.04386158,-0.25657758,0.15754716,0.20809348,0.048951656,0.18675895,0.17246947,0.18860365,-0.19629277,0.21588841,-0.097267166,0.033825427,-0.17321613,-0.35072395,-0.11881542,0.12868688,0.34152287,-0.03607597
../data/train_data_mmini/10/Train_0048.jpg	10	1.0,1.0,1.0,-1.0,-1.0,1.0,1.0,-1.0,1.0,1.0,1.0,1.0,1.0,-1.0,-1.0,1.0,-1.0,1.0,-1.0,-1.0,1.0,-1.0,1.0,-1.0	1.0096694,0.09489239,0.62264305,-0.07901439,-0.10990441,1.2361932,0.0003444159,-0.12869775,0.27995995,0.42111,0.25045335,0.614831,0.6594279,-0.046551812,-0.3712007,0.16908297,-0.12150042,0.30628452,-0.31063145,-0.4371468,0.33205935,-0.051992074,0.7693191,-0.7242455
../data/train_data_mmini/10/Train_0049.jpg	10	1.0,1.0,1.0,1.0,1.0,1.0,1.0,-1.0,1.0,1.0,1.0,1.0,-1.0,-1.0,-1.0,1.0,1.0,1.0,1.0,-1.0,1.0,-1.0,1.0,-1.0	0.22787079,0.0576166,0.13252464,0.052651063,0.088207215,0.3089248,0.019175699,-0.2817809,0.2590389,0.25695953,0.029149374,0.0128079625,-0.046437845,-0.12007195,-0.16819072,0.24355055,0.15607333,0.007243461,0.0056235027,-0.45769125,0.20045657,-0.059416205,0.21282323,-0.072366305
