../data/train_data_mmini/1/Train_0000.jpg	1	-1.0,1.0,-1.0,1.0,1.0,1.0,-1.0,1.0	-0.3921985,1.1454498,-1.0686424,0.31452557,0.4829364,2.0155492,-0.5207444,0.3065492
../data/train_data_mmini/1/Train_0001.jpg	1	-1.0,1.0,-1.0,-1.0,1.0,1.0,1.0,1.0	-0.13722144,0.49651116,-0.93786097,-0.06760456,0.49500635,1.171624,0.0011998999,0.11230232
../data/train_data_mmini/1/Train_0002.jpg	1	-1.0,-1.0,1.0,1.0,-1.0,-1.0,-1.0,-1.0	-0.31726524,-0.45649064,0.5888928,0.05973951,-0.04040859,-0.27953184,-0.5800331,-0.4965575
../data/train_data_mmini/1/Train_0003.jpg	1	-1.0,1.0,-1.0,1.0,1.0,1.0,-1.0,1.0	-0.6291714,1.5974065,-1.7438909,0.3651817,0.77131313,2.2666423,-0.15644008,0.52910364
../data/train_data_mmini/1/Train_0004.jpg	1	-1.0,1.0,-1.0,1.0,1.0,1.0,-1.0,1.0	-0.22717024,0.8991472,-0.7220193,0.43789345,0.35870716,1.3624411,-0.30589157,0.42158198
../data/train_data_mmini/2/Train_0005.jpg	2	1.0,-1.0,1.0,1.0,-1.0,-1.0,1.0,-1.0	0.18977161,-0.83164656,0.8331406,0.019562049,-0.19608966,-1.0926249,0.2555775,-0.2915755
../data/train_data_mmini/2/Train_0006.jpg	2	1.0,-1.0,1.0,-1.0,-1.0,-1.0,1.0,-1.0	0.84921724,-0.24679302,0.7211757,-0.35533437,-0.7738065,-0.93542516,0.16999966,-0.69728184
../data/train_data_mmini/2/Train_0007.jpg	2	-1.0,1.0,-1.0,1.0,1.0,1.0,-1.0,1.0	-0.5731577,1.4317391,-1.5718248,0.5390068,0.6354928,2.2225747,-0.34818047,0.8210307
../data/train_data_mmini/2/Train_0008.jpg	2	1.0,1.0,1.0,1.0,-1.0,1.0,-1.0,1.0	0.513208,0.14102267,0.11972253,0.37967607,-0.47656116,0.06458782,-0.5399868,0.119382694
../data/train_data_mmini/2/Train_0009.jpg	2	-1.0,-1.0,-1.0,-1.0,1.0,1.0,-1.0,-1.0	-0.5289648,-0.09875213,-0.30307096,-0.09690775,0.47107977,0.83439064,-0.17192179,-0.17095338
../data/train_data_mmini/3/Train_0010.jpg	3	1.0,-1.0,1.0,-1.0,-1.0,-1.0,1.0,-1.0	0.38749,-1.0313113,0.65352595,-0.10777305,-0.63673925,-1.2290242,0.65525436,-0.11838965
../data/train_data_mmini/3/Train_0011.jpg	3	1.0,-1.0,1.0,-1.0,-1.0,-1.0,-1.0,-1.0	0.036872968,-1.5197794,1.7328492,-0.14735217,-0.13057615,-0.8346489,-0.27060163,-0.89839196
../data/train_data_mmini/3/Train_0012.jpg	3	-1.0,-1.0,1.0,-1.0,1.0,-1.0,1.0,-1.0	-0.3437132,-0.89300287,1.1283311,-0.30337498,0.6632795,-0.58822757,0.14403385,-0.66750836
../data/train_data_mmini/3/Train_0013.jpg	3	1.0,-1.0,1.0,-1.0,-1.0,-1.0,1.0,-1.0	0.7971731,-0.9049774,1.2352046,-0.20966767,-0.6981189,-1.6249421,0.19066566,-0.7889069
../data/train_data_mmini/3/Train_0014.jpg	3	1.0,-1.0,1.0,1.0,-1.0,-1.0,1.0,-1.0	0.6167725,-0.91583604,0.8289114,0.15978347,-0.4118345,-0.77735645,0.25264245,-0.29824352
../data/train_data_mmini/4/Train_0015.jpg	4	-1.0,1.0,1.0,-1.0,1.0,1.0,-1.0,1.0	-0.09231575,0.0689405,0.41801193,-0.021728622,0.1362614,0.31190702,-0.90960675,0.006201699
../data/train_data_mmini/4/Train_0016.jpg	4	-1.0,-1.0,1.0,-1.0,1.0,-1.0,1.0,-1.0	-0.46651682,-0.5705393,0.29026338,-0.28625026,0.2816596,-0.4869716,0.35829335,-0.20756064
../data/train_data_mmini/4/Train_0017.jpg	4	1.0,-1.0,1.0,-1.0,-1.0,-1.0,1.0,-1.0	0.35227776,-1.1571678,1.7687702,-0.8018393,-0.5921442,-1.796902,0.13369375,-1.3710146
../data/train_data_mmini/4/Train_0018.jpg	4	1.0,-1.0,1.0,1.0,1.0,-1.0,-1.0,-1.0	0.086563244,-0.66362095,0.635107,0.0076402845,0.10092994,-0.56226677,-0.043711483,-0.16412263
../data/train_data_mmini/4/Train_0019.jpg	4	1.0,-1.0,1.0,-1.0,-1.0,-1.0,1.0,-1.0	0.869766,-0.65389043,0.9379068,-0.18557504,-1.2251921,-2.030611,0.52944434,-0.7429203
../data/train_data_mmini/5/Train_0020.jpg	5	-1.0,1.0,-1.0,1.0,1.0,1.0,-1.0,1.0	-0.5277586,1.5280389,-1.8402438,0.5674812,0.7278031,2.0236874,-0.1336872,0.65355694
../data/train_data_mmini/5/Train_0021.jpg	5	1.0,1.0,-1.0,1.0,-1.0,1.0,-1.0,1.0	0.04704906,0.66696733,-0.22183473,0.2609019,-0.11975937,1.1047775,-0.4513659,0.07921983
../data/train_data_mmini/5/Train_0022.jpg	5	-1.0,1.0,-1.0,1.0,1.0,1.0,-1.0,1.0	-0.26717666,0.7589892,-0.8348923,0.42241418,0.30588904,1.3181057,-0.26157457,0.40708113
../data/train_data_mmini/5/Train_0023.jpg	5	-1.0,1.0,-1.0,1.0,1.0,1.0,-1.0,1.0	-0.6918883,1.5540569,-1.9538271,0.49583465,0.81699103,2.3718522,-0.25715083,0.7821479
../data/train_data_mmini/5/Train_0024.jpg	5	-1.0,1.0,-1.0,1.0,1.0,1.0,-1.0,1.0	-0.5735199,0.74211293,-0.6279544,0.2091076,0.46804202,1.1457851,-0.2756186,0.2873354
../data/train_data_mmini/6/Train_0025.jpg	6	1.0,-1.0,1.0,-1.0,-1.0,-1.0,1.0,-1.0	0.009980454,-2.0743344,1.9371502,-0.18056563,-0.7700858,-2.736356,1.9264917,-0.7272506
../data/train_data_mmini/6/Train_0026.jpg	6	-1.0,1.0,-1.0,1.0,1.0,1.0,-1.0,-1.0	-0.38240921,0.9691863,-1.123142,0.0076275887,0.64475965,1.8283081,-0.27349406,-0.08228718
../data/train_data_mmini/6/Train_0027.jpg	6	-1.0,-1.0,1.0,-1.0,-1.0,-1.0,1.0,-1.0	-0.06410073,-1.9351846,0.90280133,-0.28738925,-0.15589224,-1.2945476,1.0013342,-0.43356413
../data/train_data_mmini/6/Train_0028.jpg	6	1.0,-1.0,1.0,1.0,-1.0,1.0,-1.0,1.0	0.05328153,-0.37140924,0.07214464,0.29137823,-0.16543433,0.31053615,-0.145136,0.0074263955
../data/train_data_mmini/6/Train_0029.jpg	6	-1.0,-1.0,1.0,-1.0,-1.0,-1.0,1.0,-1.0	-0.24225108,-1.1683578,1.3740658,-0.17476675,-0.312385,-1.5425718,0.27445328,-0.59630656
../data/train_data_mmini/7/Train_0030.jpg	7	-1.0,1.0,-1.0,-1.0,1.0,1.0,1.0,-1.0	-0.3111577,0.12643562,-0.34759566,-0.071940586,0.32728043,0.6503859,0.0065473905,-0.14912735
../data/train_data_mmini/7/Train_0031.jpg	7	1.0,-1.0,1.0,-1.0,1.0,-1.0,1.0,-1.0	0.03453143,-0.38957044,0.24867505,-0.08743806,0.17659211,-0.45564714,0.47056067,-0.3058079
../data/train_data_mmini/7/Train_0032.jpg	7	1.0,-1.0,1.0,-1.0,-1.0,-1.0,1.0,-1.0	0.49618202,-2.4402058,2.453473,-0.29905403,-0.6031471,-2.303601,0.4274366,-1.113329
../data/train_data_mmini/7/Train_0033.jpg	7	-1.0,-1.0,1.0,-1.0,1.0,1.0,1.0,-1.0	-0.26805186,-0.32958603,0.013685705,-0.33976176,0.17403777,0.19463156,0.2746284,-0.18925147
../data/train_data_mmini/7/Train_0034.jpg	7	1.0,-1.0,1.0,1.0,-1.0,-1.0,1.0,-1.0	0.255586,-2.0901792,2.0757995,0.23315369,-0.8264225,-1.712932,0.73030126,-0.32077795
../data/train_data_mmini/8/Train_0035.jpg	8	1.0,-1.0,1.0,1.0,-1.0,-1.0,1.0,-1.0	0.109953836,-1.0704625,0.9043071,0.050912034,-0.27250418,-0.5717793,0.07621211,-0.3645792
../data/train_data_mmini/8/Train_0036.jpg	8	-1.0,-1.0,1.0,-1.0,-1.0,-1.0,1.0,-1.0	-0.12764893,-1.5924095,1.1937231,-0.087207794,-0.15503103,-1.3915293,0.57684743,-0.4404732
../data/train_data_mmini/8/Train_0037.jpg	8	-1.0,-1.0,1.0,-1.0,-1.0,-1.0,1.0,-1.0	-0.19063602,-1.0620431,1.1640431,-0.42048424,-0.132847,-0.6306233,0.08779341,-0.46542168
../data/train_data_mmini/8/Train_0038.jpg	8	-1.0,-1.0,1.0,1.0,-1.0,-1.0,1.0,-1.0	-0.10407551,-0.66322714,0.26130056,0.1558034,-0.111370735,-0.25153917,0.03865415,-0.17064498
../data/train_data_mmini/8/Train_0039.jpg	8	-1.0,-1.0,1.0,-1.0,-1.0,-1.0,1.0,-1.0	-0.03855194,-2.0487542,2.0979502,-0.268855,-0.40691957,-1.663058,0.20241219,-0.8554807
../data/train_data_mmini/9/Train_0040.jpg	9	-1.0,1.0,-1.0,1.0,1.0,1.0,-1.0,1.0	-0.1301714,0.70181423,-0.37680298,0.30502975,0.033286132,1.0544899,-0.546071,0.24048366
../data/train_data_mmini/9/Train_0041.jpg	9	1.0,-1.0,1.0,-1.0,-1.0,-1.0,1.0,-1.0	0.09837724,-1.1039531,0.6075965,-0.061152,-0.07641431,-1.3469498,0.9705648,-0.3701117
../data/train_data_mmini/9/Train_0042.jpg	9	-1.0,1.0,1.0,1.0,1.0,1.0,-1.0,1.0	-0.068183854,0.20637585,0.5373889,0.10403101,0.103119425,0.15662725,-0.5916037,0.0810274
../data/train_data_mmini/9/Train_0043.jpg	9	1.0,1.0,-1.0,1.0,-1.0,1.0,-1.0,1.0	0.09035708,0.49585003,-0.46309182,0.33518624,-0.051005177,0.7391204,-0.41430157,0.21705915
../data/train_data_mmini/9/Train_0044.jpg	9	-1.0,-1.0,1.0,-1.0,-1.0,-1.0,1.0,-1.0	-0.02888082,-0.53180057,0.7683416,-0.23191994,-0.120987765,-0.8243677,0.15839452,-0.4691707
../data/train_data_mmini/10/Train_0045.jpg	10	1.0,-1.0,1.0,-1.0,-1.0,-1.0,1.0,-1.0	0.3232157,-3.6768885,3.4169555,-0.42650557,-1.2166034,-3.548971,1.2759513,-1.5610731
../data/train_data_mmini/10/Train_0046.jpg	10	1.0,-1.0,1.0,-1.0,-1.0,-1.0,-1.0,-1.0	0.10726778,-1.6820534,2.2079024,-0.58403045,-0.90125793,-1.7658478,-0.024532082,-1.0156273
../data/train_data_mmini/10/Train_0047.jpg	10	1.0,-1.0,1.0,-1.0,-1.0,-1.0,1.0,-1.0	0.4408505,-2.6303444,2.7582018,-0.1067563,-1.0620689,-2.8608818,0.75757325,-0.9005054
../data/train_data_mmini/10/Train_0048.jpg	10	1.0,-1.0,1.0,1.0,-1.0,-1.0,1.0,-1.0	0.18298845,-3.4266176,3.226724,0.028905792,-1.1017371,-3.9988756,1.3728039,-1.1364807
../data/train_data_mmini/10/Train_0049.jpg	10	1.0,-1.0,1.0,-1.0,-1.0,-1.0,1.0,-1.0	0.057638004,-1.8531293,1.8760911,-0.17143515,-0.6454474,-1.5739322,0.20471746,-0.7877465
