../data/train_data_mmini/1/Train_0000.jpg	1	1.0,1.0,-1.0,1.0,-1.0,1.0,1.0,-1.0	0.04655358,1.5702641,-1.3723142,0.6021378,-0.15549964,3.0652254,0.67196816,-0.38634074
../data/train_data_mmini/1/Train_0001.jpg	1	1.0,1.0,-1.0,1.0,-1.0,1.0,1.0,-1.0	0.5840869,1.8905116,-0.70978874,1.0188076,-0.4133784,2.2464511,0.8918599,-0.533085
../data/train_data_mmini/1/Train_0002.jpg	1	1.0,1.0,-1.0,1.0,1.0,-1.0,1.0,-1.0	0.16458204,0.10004458,-0.46478638,1.2749798,0.4412198,-0.22980393,0.70649314,-0.45705152
../data/train_data_mmini/1/Train_0003.jpg	1	1.0,1.0,-1.0,1.0,-1.0,1.0,1.0,-1.0	0.049596634,2.4044223,-1.7973411,0.13359353,-0.14753905,4.331991,0.87447906,-0.60080564
../data/train_data_mmini/1/Train_0004.jpg	1	1.0,1.0,-1.0,1.0,-1.0,1.0,1.0,-1.0	0.12523071,1.5847675,-1.7386563,0.67498237,-0.3108959,3.1329398,0.71797234,-0.40891695
../data/train_data_mmini/2/Train_0005.jpg	2	1.0,1.0,-1.0,1.0,1.0,-1.0,1.0,-1.0	0.64378935,1.1499842,-0.029180137,0.93430316,0.5414893,-0.28941223,0.83975834,-0.8612689
../data/train_data_mmini/2/Train_0006.jpg	2	1.0,1.0,-1.0,1.0,1.0,1.0,1.0,1.0	0.58710045,1.0116116,-0.056225866,1.3890235,0.7089275,0.17810862,0.88678867,0.45905223
../data/train_data_mmini/2/Train_0007.jpg	2	-1.0,1.0,-1.0,1.0,-1.0,1.0,1.0,-1.0	-0.022115784,1.8762345,-2.2967227,0.1170024,-0.1518969,3.9796088,0.7940766,-0.39734328
../data/train_data_mmini/2/Train_0008.jpg	2	-1.0,1.0,-1.0,1.0,1.0,1.0,1.0,1.0	-0.09599493,0.5588482,-1.3744411,1.1181959,0.31415072,1.0542821,0.74834436,0.4389424
../data/train_data_mmini/2/Train_0009.jpg	2	1.0,1.0,-1.0,1.0,1.0,-1.0,1.0,-1.0	0.66591877,1.7337133,-0.22557637,1.5130544,0.6165679,-0.17288376,0.9376119,-0.97849387
../data/train_data_mmini/3/Train_0010.jpg	3	1.0,1.0,-1.0,1.0,1.0,-1.0,1.0,-1.0	0.20953521,1.2402931,-0.6750652,0.702376,0.9899637,-0.26744634,1.0256522,-0.13931508
../data/train_data_mmini/3/Train_0011.jpg	3	1.0,-1.0,1.0,1.0,1.0,-1.0,1.0,-1.0	0.58601075,-1.3298304,0.34188297,2.192935,0.14970362,-3.1628091,0.1509908,-1.1745783
../data/train_data_mmini/3/Train_0012.jpg	3	1.0,1.0,1.0,1.0,-1.0,-1.0,1.0,-1.0	1.0491599,0.37635255,0.28389683,1.7248329,-0.118179254,-1.5477709,0.7185415,-1.3006097
../data/train_data_mmini/3/Train_0013.jpg	3	1.0,1.0,-1.0,1.0,1.0,-1.0,1.0,1.0	0.19642648,0.23860143,-0.11448595,1.8006022,0.9212532,-1.5869962,0.8347386,0.79482126
../data/train_data_mmini/3/Train_0014.jpg	3	1.0,1.0,-1.0,1.0,1.0,1.0,1.0,-1.0	0.36859968,0.956367,-0.8673499,1.3465118,0.28913793,0.21129416,0.62039214,-0.3786131
../data/train_data_mmini/4/Train_0015.jpg	4	1.0,1.0,-1.0,1.0,1.0,1.0,1.0,-1.0	0.37874135,0.31819263,-0.8572008,1.3404472,0.004455694,0.13678227,0.74103373,-0.1453441
../data/train_data_mmini/4/Train_0016.jpg	4	1.0,1.0,-1.0,1.0,1.0,1.0,1.0,-1.0	0.38096026,1.175255,-0.26114413,0.5469583,0.24749948,1.1493284,0.63997895,-1.0172572
../data/train_data_mmini/4/Train_0017.jpg	4	1.0,1.0,1.0,1.0,1.0,-1.0,1.0,-1.0	1.065741,0.068096355,0.98451084,2.0992706,0.7078946,-1.9506408,0.59479207,-0.6836428
../data/train_data_mmini/4/Train_0018.jpg	4	1.0,1.0,-1.0,1.0,1.0,1.0,1.0,-1.0	0.43480286,0.5495008,-0.43481997,0.9794849,0.13855308,0.36396873,0.5667176,-0.2498164
../data/train_data_mmini/4/Train_0019.jpg	4	1.0,1.0,1.0,1.0,1.0,-1.0,1.0,1.0	0.5856953,1.506273,0.014776141,1.1664315,0.9236195,-0.058707826,1.1867061,0.16909188
../data/train_data_mmini/5/Train_0020.jpg	5	1.0,1.0,-1.0,1.0,-1.0,1.0,1.0,-1.0	0.22617023,2.409375,-1.8450446,0.107885025,-0.111781426,4.4113894,0.97388846,-0.5610858
../data/train_data_mmini/5/Train_0021.jpg	5	1.0,1.0,-1.0,1.0,1.0,1.0,1.0,-1.0	0.19669303,0.8647318,-1.4728153,1.3522444,0.019582862,1.4657365,0.75837284,-0.00052929716
../data/train_data_mmini/5/Train_0022.jpg	5	1.0,1.0,-1.0,1.0,1.0,1.0,1.0,-1.0	0.27222964,2.0518982,-1.836374,0.50199366,0.08231022,2.8798456,0.89763206,-0.21239598
../data/train_data_mmini/5/Train_0023.jpg	5	1.0,1.0,-1.0,-1.0,-1.0,1.0,1.0,-1.0	0.094755575,2.3923292,-2.2824497,-0.124870345,-0.2147159,4.9099436,0.7326667,-0.25723445
../data/train_data_mmini/5/Train_0024.jpg	5	1.0,1.0,-1.0,1.0,1.0,1.0,1.0,-1.0	0.20706695,0.9627171,-1.0744866,0.91735834,0.12890595,0.9071304,0.9303583,-0.83293855
../data/train_data_mmini/6/Train_0025.jpg	6	1.0,1.0,1.0,1.0,1.0,-1.0,1.0,-1.0	0.632209,0.5937563,0.69438213,1.0373367,1.4868013,-3.6340022,0.9459422,-1.7483704
../data/train_data_mmini/6/Train_0026.jpg	6	1.0,1.0,-1.0,1.0,-1.0,1.0,1.0,-1.0	0.8527747,1.6660845,-0.34571013,1.2767167,-0.2107831,1.8842982,1.1029074,-0.51321703
../data/train_data_mmini/6/Train_0027.jpg	6	1.0,1.0,1.0,1.0,1.0,-1.0,1.0,-1.0	0.89015406,0.8241873,0.24921396,1.1862347,0.7218545,-1.8246404,0.6167298,-1.40434
../data/train_data_mmini/6/Train_0028.jpg	6	1.0,-1.0,-1.0,1.0,-1.0,1.0,1.0,-1.0	0.18893418,-0.46596038,-1.0976954,1.8235819,-0.11854892,0.099304385,0.3197343,-0.111064024
../data/train_data_mmini/6/Train_0029.jpg	6	1.0,1.0,1.0,1.0,1.0,-1.0,1.0,-1.0	0.24340798,0.6515435,0.464649,1.2015302,2.0943594,-3.3671782,1.2112415,-0.8929072
../data/train_data_mmini/7/Train_0030.jpg	7	1.0,1.0,-1.0,1.0,1.0,1.0,1.0,-1.0	0.85904765,1.8850379,-0.31306478,1.0404979,0.19532697,0.8603489,0.89081144,-0.9720502
../data/train_data_mmini/7/Train_0031.jpg	7	1.0,1.0,-1.0,1.0,1.0,-1.0,1.0,-1.0	0.5698791,1.1312145,-0.6303744,1.5082998,0.60756874,-0.3407325,1.1618178,-0.5188033
../data/train_data_mmini/7/Train_0032.jpg	7	1.0,-1.0,1.0,1.0,1.0,-1.0,1.0,-1.0	0.78253025,-0.77837497,0.31493607,2.0852218,0.50677294,-3.1521895,0.17153728,-1.1102283
../data/train_data_mmini/7/Train_0033.jpg	7	1.0,1.0,1.0,1.0,1.0,1.0,1.0,-1.0	0.66015583,1.657426,0.13317683,1.0822124,0.53604716,0.063144155,0.9124362,-1.5984616
../data/train_data_mmini/7/Train_0034.jpg	7	1.0,-1.0,-1.0,1.0,1.0,-1.0,1.0,-1.0	0.34954694,-1.2565931,-0.375599,1.5560503,0.46714452,-3.0656638,0.36286864,-1.3546704
../data/train_data_mmini/8/Train_0035.jpg	8	1.0,1.0,-1.0,1.0,1.0,-1.0,1.0,-1.0	0.5153499,0.2400825,-0.32339808,1.8824607,1.0396498,-2.7764008,0.69639736,-0.43686193
../data/train_data_mmini/8/Train_0036.jpg	8	1.0,1.0,1.0,1.0,1.0,-1.0,1.0,-1.0	0.6695097,0.39805567,0.07100478,1.6927557,1.3092588,-2.9334116,0.9081308,-1.0273548
../data/train_data_mmini/8/Train_0037.jpg	8	1.0,-1.0,1.0,1.0,1.0,-1.0,1.0,-1.0	0.8147487,-0.051426724,0.3809618,2.0287707,0.6165672,-2.4144206,0.73991984,-1.2644944
../data/train_data_mmini/8/Train_0038.jpg	8	1.0,1.0,-1.0,1.0,1.0,-1.0,1.0,-1.0	0.41372353,0.96139467,-0.85037315,1.4551213,0.79954916,-0.9859999,1.0039334,-0.5320078
../data/train_data_mmini/8/Train_0039.jpg	8	1.0,-1.0,1.0,1.0,1.0,-1.0,1.0,-1.0	0.7788669,-0.7617845,0.85735005,2.5365288,1.6612469,-5.2899394,0.46090317,-0.8467593
../data/train_data_mmini/9/Train_0040.jpg	9	1.0,1.0,-1.0,1.0,1.0,1.0,1.0,-1.0	0.30149788,1.0843513,-1.3283632,1.2928994,0.14294006,0.92449754,1.0593646,-0.32334352
../data/train_data_mmini/9/Train_0041.jpg	9	1.0,1.0,-1.0,1.0,1.0,-1.0,1.0,-1.0	0.52955765,1.2819425,-0.31702408,1.05669,0.2673254,-0.06684231,0.83543587,-1.2799219
../data/train_data_mmini/9/Train_0042.jpg	9	1.0,1.0,-1.0,1.0,1.0,-1.0,1.0,-1.0	0.27080765,0.3584023,-1.0237789,1.2341919,0.14995283,-0.013974569,1.0525488,-0.09723408
../data/train_data_mmini/9/Train_0043.jpg	9	1.0,1.0,-1.0,1.0,1.0,1.0,1.0,1.0	0.37889266,1.1427577,-1.213947,1.1626217,0.50229156,0.7831151,0.9290979,0.22689377
../data/train_data_mmini/9/Train_0044.jpg	9	1.0,1.0,1.0,1.0,1.0,-1.0,1.0,-1.0	0.5829476,1.0758318,0.092959434,1.41558,1.0931611,-1.5797207,1.1603284,-0.6323234
../data/train_data_mmini/10/Train_0045.jpg	10	1.0,-1.0,1.0,1.0,1.0,-1.0,1.0,-1.0	0.7713149,-2.0248275,1.667641,2.472606,2.081017,-6.9600863,0.27970812,-1.5984954
../data/train_data_mmini/10/Train_0046.jpg	10	1.0,-1.0,1.0,1.0,1.0,-1.0,1.0,-1.0	0.33289266,-1.1172127,1.3747199,1.5539074,1.4197677,-4.1295295,0.19286741,-0.95385695
../data/train_data_mmini/10/Train_0047.jpg	10	1.0,-1.0,1.0,1.0,1.0,-1.0,1.0,-1.0	0.58577687,-1.0320777,0.4935626,2.2896948,1.6568838,-5.0029035,0.45321476,-0.7311699
../data/train_data_mmini/10/Train_0048.jpg	10	1.0,-1.0,1.0,1.0,1.0,-1.0,1.0,-1.0	0.9401899,-0.3778798,0.7160662,1.685831,1.784142,-5.6456842,0.70718825,-1.6439486
../data/train_data_mmini/10/Train_0049.jpg	10	1.0,-1.0,1.0,1.0,1.0,-1.0,1.0,-1.0	0.766225,-0.7247553,0.59512013,2.3030381,1.4842554,-4.9510293,0.5402732,-0.7765276
