../data/train_data_mmini/1/Train_0000.jpg	1	1.0,-1.0,-1.0,-1.0,-1.0,-1.0,-1.0,-1.0	2.1032093,-1.6730305,-4.4634085,-6.1408644,-4.0224524,-2.1833818,-3.7441342,-9.213178
../data/train_data_mmini/1/Train_0001.jpg	1	1.0,-1.0,-1.0,-1.0,-1.0,-1.0,-1.0,-1.0	3.5909522,-1.090704,-4.33736,-3.470896,-3.4705584,-2.7319992,-3.751019,-8.911016
../data/train_data_mmini/1/Train_0002.jpg	1	1.0,-1.0,-1.0,-1.0,-1.0,-1.0,-1.0,-1.0	0.029210769,-2.9017556,-5.287012,-4.4805875,-3.9751165,-2.2675548,-0.49504337,-7.6076007
../data/train_data_mmini/1/Train_0003.jpg	1	1.0,1.0,-1.0,-1.0,-1.0,-1.0,-1.0,-1.0	4.349727,0.64257365,-1.66042,-7.1720567,-3.7411647,-2.605863,-5.387064,-10.254571
../data/train_data_mmini/1/Train_0004.jpg	1	1.0,-1.0,-1.0,-1.0,-1.0,-1.0,-1.0,-1.0	0.53960854,-2.652771,-6.023732,-6.769275,-4.1802435,-0.88266927,-4.3049426,-8.9004965
../data/train_data_mmini/2/Train_0005.jpg	2	1.0,-1.0,-1.0,1.0,-1.0,-1.0,-1.0,-1.0	1.7563056,-1.6679236,-9.344498,1.6510172,-1.2227885,-3.0680404,-2.4673853,-9.314712
../data/train_data_mmini/2/Train_0006.jpg	2	1.0,-1.0,-1.0,1.0,1.0,1.0,-1.0,-1.0	1.7728112,-1.2308215,-6.804392,0.12440297,2.2380493,2.6790855,-5.2396455,-7.43723
../data/train_data_mmini/2/Train_0007.jpg	2	1.0,-1.0,-1.0,-1.0,-1.0,-1.0,-1.0,-1.0	1.7183986,-1.8640358,-5.858592,-7.4531674,-4.8492837,-2.8459032,-3.9882777,-10.283383
../data/train_data_mmini/2/Train_0008.jpg	2	-1.0,-1.0,-1.0,-1.0,-1.0,-1.0,-1.0,-1.0	-2.023742,-5.3227844,-9.327146,-3.606686,-3.0548258,-0.29867214,-1.3597074,-7.3466907
../data/train_data_mmini/2/Train_0009.jpg	2	1.0,-1.0,-1.0,1.0,-1.0,-1.0,-1.0,-1.0	3.371681,-1.3220555,-10.669104,2.1543314,-1.4520049,-3.8050437,-4.208282,-11.311623
../data/train_data_mmini/3/Train_0010.jpg	3	1.0,-1.0,-1.0,1.0,-1.0,-1.0,-1.0,-1.0	2.026683,-1.5663155,-8.487178,2.399018,-0.58635724,-1.8922014,-2.9044933,-6.98788
../data/train_data_mmini/3/Train_0011.jpg	3	-1.0,-1.0,-1.0,-1.0,-1.0,-1.0,1.0,-1.0	-0.21092293,-3.4561596,-8.380546,-0.9875244,-5.234254,-4.886079,0.60209787,-8.104616
../data/train_data_mmini/3/Train_0012.jpg	3	1.0,-1.0,-1.0,-1.0,-1.0,-1.0,-1.0,-1.0	4.5712123,-0.5618999,-4.5258007,-0.7302691,-3.204081,-2.9317005,-4.429877,-10.504481
../data/train_data_mmini/3/Train_0013.jpg	3	1.0,-1.0,-1.0,1.0,1.0,1.0,-1.0,-1.0	0.56452954,-3.527294,-9.311407,1.5117878,0.22622477,0.9449038,-3.3243408,-7.8301854
../data/train_data_mmini/3/Train_0014.jpg	3	1.0,-1.0,-1.0,1.0,-1.0,-1.0,-1.0,-1.0	0.49096054,-2.561561,-10.277454,0.16687271,-1.5889257,-2.2145038,-2.7452004,-8.874077
../data/train_data_mmini/4/Train_0015.jpg	4	-1.0,-1.0,-1.0,-1.0,-1.0,-1.0,-1.0,-1.0	-0.5174503,-4.263847,-6.9030933,-5.5220146,-4.13921,-0.9587037,-2.3399432,-9.059101
../data/train_data_mmini/4/Train_0016.jpg	4	1.0,-1.0,-1.0,-1.0,-1.0,-1.0,-1.0,-1.0	3.3138025,-0.6292617,-3.7545388,-1.1603978,-3.7752767,-5.5895586,-0.3859578,-8.2708435
../data/train_data_mmini/4/Train_0017.jpg	4	1.0,-1.0,-1.0,1.0,-1.0,-1.0,-1.0,-1.0	3.450036,-1.6947659,-7.651153,2.7424886,-0.86710566,-2.0716915,-2.8217065,-10.241455
../data/train_data_mmini/4/Train_0018.jpg	4	1.0,-1.0,-1.0,1.0,-1.0,-1.0,-1.0,-1.0	0.36729503,-2.6480224,-8.037451,1.0980268,-2.9253767,-3.6965497,-0.18417037,-6.9748793
../data/train_data_mmini/4/Train_0019.jpg	4	1.0,-1.0,-1.0,-1.0,1.0,1.0,-1.0,-1.0	1.3960543,-1.0321883,-7.112046,-0.6336763,3.0165734,4.0593276,-6.177682,-7.528183
../data/train_data_mmini/5/Train_0020.jpg	5	1.0,-1.0,-1.0,-1.0,-1.0,-1.0,-1.0,-1.0	2.8526652,-0.52729934,-4.214259,-7.7309313,-3.223207,-1.2316153,-5.4771605,-9.935806
../data/train_data_mmini/5/Train_0021.jpg	5	1.0,-1.0,-1.0,-1.0,-1.0,-1.0,-1.0,-1.0	0.0041810125,-3.6925383,-9.052613,-6.7918434,-4.2545857,-0.9624608,-4.2777624,-11.333802
../data/train_data_mmini/5/Train_0022.jpg	5	1.0,-1.0,-1.0,-1.0,-1.0,-1.0,-1.0,-1.0	1.499903,-1.998344,-7.491205,-3.4239464,-1.5760052,-0.2525787,-4.817459,-9.058797
../data/train_data_mmini/5/Train_0023.jpg	5	1.0,-1.0,-1.0,-1.0,-1.0,-1.0,-1.0,-1.0	2.7562108,-0.27447012,-2.6517632,-8.540022,-3.9197361,-1.4316597,-5.1723914,-9.208914
../data/train_data_mmini/5/Train_0024.jpg	5	1.0,-1.0,-1.0,-1.0,-1.0,-1.0,-1.0,-1.0	2.3939874,-2.0707343,-7.2928424,-3.9215395,-5.1745825,-4.4093657,-3.2707691,-11.637538
../data/train_data_mmini/6/Train_0025.jpg	6	1.0,1.0,-1.0,1.0,1.0,-1.0,-1.0,-1.0	5.282408,1.3010597,-8.495937,5.1465425,0.25564107,-4.4447126,-3.4594135,-10.887606
../data/train_data_mmini/6/Train_0026.jpg	6	1.0,-1.0,-1.0,-1.0,-1.0,-1.0,-1.0,-1.0	3.0094547,-1.3714776,-6.9645824,-1.4325987,-3.3037903,-3.7843676,-3.1720757,-9.928045
../data/train_data_mmini/6/Train_0027.jpg	6	1.0,-1.0,-1.0,1.0,-1.0,-1.0,-1.0,-1.0	2.5445387,-0.596627,-7.7944636,2.8172903,-1.6681345,-4.7484927,-1.1863083,-7.147764
../data/train_data_mmini/6/Train_0028.jpg	6	1.0,-1.0,-1.0,-1.0,-1.0,-1.0,-1.0,-1.0	0.94021475,-2.6786509,-7.324594,-2.5099814,-4.467796,-4.5843816,-0.51176244,-8.923317
../data/train_data_mmini/6/Train_0029.jpg	6	1.0,-1.0,-1.0,1.0,-1.0,-1.0,-1.0,-1.0	2.971301,-2.3921778,-10.560289,5.4691334,-1.0413014,-4.052208,-1.9905022,-10.939583
../data/train_data_mmini/7/Train_0030.jpg	7	1.0,-1.0,-1.0,1.0,-1.0,-1.0,-1.0,-1.0	4.0183415,-0.42853487,-7.823976,0.15549615,-0.8976811,-3.0073726,-4.450806,-11.360824
../data/train_data_mmini/7/Train_0031.jpg	7	1.0,-1.0,-1.0,1.0,-1.0,-1.0,-1.0,-1.0	3.5650194,-2.063583,-10.977132,3.8675623,-1.258632,-3.8973863,-3.2311084,-11.639811
../data/train_data_mmini/7/Train_0032.jpg	7	-1.0,-1.0,-1.0,1.0,-1.0,-1.0,-1.0,-1.0	-0.13948476,-4.011093,-12.722041,2.2290456,-2.9662414,-3.6539152,-0.91480976,-8.721015
../data/train_data_mmini/7/Train_0033.jpg	7	1.0,-1.0,-1.0,1.0,-1.0,-1.0,-1.0,-1.0	4.537019,-0.26829526,-8.454303,3.1051178,-1.675951,-4.8113604,-3.4282346,-10.556878
../data/train_data_mmini/7/Train_0034.jpg	7	-1.0,-1.0,-1.0,1.0,-1.0,-1.0,1.0,-1.0	-0.030709006,-2.5785825,-10.222951,0.42443967,-4.705521,-6.116333,0.5973435,-8.375528
../data/train_data_mmini/8/Train_0035.jpg	8	1.0,-1.0,-1.0,1.0,-1.0,-1.0,-1.0,-1.0	1.8376591,-2.8954804,-12.604386,4.1109414,-1.1549914,-2.808774,-2.9118338,-10.510161
../data/train_data_mmini/8/Train_0036.jpg	8	1.0,-1.0,-1.0,1.0,-1.0,-1.0,-1.0,-1.0	3.4800086,-1.3902413,-12.915487,6.4384484,-1.204378,-6.517105,-1.1249448,-12.256997
../data/train_data_mmini/8/Train_0037.jpg	8	1.0,-1.0,-1.0,1.0,-1.0,-1.0,-1.0,-1.0	2.5839465,-2.8720913,-12.013003,2.5657482,-5.221653,-8.09563,-0.3008025,-12.972707
../data/train_data_mmini/8/Train_0038.jpg	8	1.0,-1.0,-1.0,1.0,-1.0,-1.0,-1.0,-1.0	1.9011652,-2.6927807,-10.417262,1.3955916,-1.6776458,-3.0196588,-2.8959014,-10.132789
../data/train_data_mmini/8/Train_0039.jpg	8	1.0,-1.0,-1.0,1.0,-1.0,-1.0,-1.0,-1.0	2.948338,-2.6737213,-15.215777,8.677271,-0.83254856,-4.6415486,-2.1393065,-12.175512
../data/train_data_mmini/9/Train_0040.jpg	9	1.0,-1.0,-1.0,-1.0,-1.0,-1.0,-1.0,-1.0	1.3930281,-3.487491,-9.065674,-4.981024,-4.467822,-2.4730468,-3.9593282,-12.452756
../data/train_data_mmini/9/Train_0041.jpg	9	1.0,-1.0,-1.0,1.0,-1.0,-1.0,-1.0,-1.0	3.5125363,-1.0113283,-9.516007,3.6141858,-1.6858615,-4.956933,-1.7986178,-9.646204
../data/train_data_mmini/9/Train_0042.jpg	9	-1.0,-1.0,-1.0,-1.0,-1.0,-1.0,-1.0,-1.0	-0.37272,-4.473014,-7.3530235,-6.705939,-6.2038274,-2.4159436,-1.9474114,-10.622214
../data/train_data_mmini/9/Train_0043.jpg	9	1.0,-1.0,-1.0,-1.0,-1.0,-1.0,-1.0,-1.0	0.15461257,-3.738563,-11.247885,-2.4829314,-1.8038129,-0.5365063,-4.0448227,-10.626076
../data/train_data_mmini/9/Train_0044.jpg	9	1.0,-1.0,-1.0,1.0,-1.0,-1.0,-1.0,-1.0	3.8788126,-1.2613798,-8.360979,0.805479,-0.48154318,-0.9994964,-5.237789,-11.862793
../data/train_data_mmini/10/Train_0045.jpg	10	1.0,-1.0,-1.0,1.0,1.0,-1.0,-1.0,-1.0	3.3643007,-1.8462594,-15.964653,11.359908,0.36233822,-5.5341086,-1.4039398,-11.111317
../data/train_data_mmini/10/Train_0046.jpg	10	1.0,-1.0,-1.0,1.0,-1.0,-1.0,-1.0,-1.0	1.3487281,-2.2981193,-8.782519,2.7731006,-1.5206618,-2.3919902,-1.5237161,-8.106957
../data/train_data_mmini/10/Train_0047.jpg	10	1.0,-1.0,-1.0,1.0,-1.0,-1.0,-1.0,-1.0	2.045173,-3.1181347,-15.973832,7.1523805,-1.4414655,-5.3897095,-1.6222229,-12.874208
../data/train_data_mmini/10/Train_0048.jpg	10	1.0,-1.0,-1.0,1.0,1.0,-1.0,-1.0,-1.0	3.4291556,-0.5588546,-13.974908,8.957022,2.033168,-1.8568785,-4.3496003,-10.115244
../data/train_data_mmini/10/Train_0049.jpg	10	1.0,-1.0,-1.0,1.0,-1.0,-1.0,-1.0,-1.0	2.1171288,-3.204108,-15.113525,6.5012183,-1.6077509,-4.5006685,-2.0261726,-11.783805
