../data/train_data_mmini/1/Train_0000.jpg	1	-1.0,1.0,1.0,1.0,1.0,-1.0,1.0,-1.0,1.0,-1.0,-1.0,1.0,1.0,-1.0,1.0,-1.0,-1.0,-1.0,-1.0,1.0,-1.0,-1.0,1.0,-1.0	-7.0377216,15.688373,3.368915,1.4124197,2.4188201,-2.1605814,0.7304957,-2.005322,2.3560596,-0.5901434,-1.8039844,0.040897023,0.687797,-2.669495,1.4611971,-5.217116,-0.8835722,-0.76195645,-0.38103297,1.8587937,-3.498568,-0.7096625,2.409938,-2.0522103
../data/train_data_mmini/1/Train_0001.jpg	1	-1.0,1.0,1.0,1.0,1.0,-1.0,1.0,1.0,1.0,-1.0,-1.0,1.0,-1.0,-1.0,1.0,-1.0,-1.0,-1.0,1.0,1.0,-1.0,1.0,-1.0,-1.0	-5.188081,13.43162,3.1748283,1.8461227,2.965145,-0.74356276,1.7141318,1.0179538,0.33730552,-1.6039153,-0.342708,0.82544756,-0.28883108,-0.64455974,1.2781324,-1.7814475,-0.19255821,-1.2145487,1.989886,0.17423609,-1.8949362,0.6103513,-0.6269251,-1.5531989
../data/train_data_mmini/1/Train_0002.jpg	1	-1.0,1.0,1.0,1.0,1.0,-1.0,1.0,-1.0,1.0,-1.0,-1.0,1.0,1.0,-1.0,1.0,-1.0,-1.0,1.0,1.0,1.0,1.0,1.0,1.0,-1.0	-3.7881832,8.744183,1.416488,4.314683,0.72648644,-3.225978,2.3058095,-4.5824456,0.79515404,-0.43411133,-3.234889,1.8054069,1.7998319,-2.5983367,2.3010423,-0.16818593,-1.4762497,0.8367021,2.653605,1.0985322,1.8916357,2.2146027,1.157033,-0.99433744
../data/train_data_mmini/1/Train_0003.jpg	1	-1.0,1.0,1.0,1.0,1.0,1.0,-1.0,-1.0,1.0,-1.0,-1.0,1.0,1.0,-1.0,-1.0,-1.0,-1.0,-1.0,-1.0,1.0,-1.0,-1.0,1.0,-1.0	-5.9805593,16.049238,2.8546903,1.4059203,3.6203651,0.7043642,-0.79028964,-0.018928086,2.1707838,-0.28255883,-1.5191257,0.7075785,2.2519624,-0.8818658,-1.9521083,-4.600507,-0.8719113,-2.3743749,-2.2788954,2.3860037,-6.3575454,-0.6070558,1.0612657,-1.5184599
../data/train_data_mmini/1/Train_0004.jpg	1	-1.0,1.0,1.0,-1.0,1.0,-1.0,1.0,-1.0,1.0,-1.0,-1.0,-1.0,-1.0,-1.0,1.0,-1.0,-1.0,-1.0,-1.0,1.0,-1.0,-1.0,1.0,-1.0	-7.309469,13.434774,3.4180384,-0.15075336,2.3625317,-2.6641266,0.2539973,-0.52771395,2.4772859,-0.55305296,-0.08545262,-1.2235281,-0.7909968,-2.500067,3.05203,-6.0549116,-0.279937,-0.694766,-0.8089633,2.1700494,-3.2389889,-1.4419292,3.4244037,-2.435733
../data/train_data_mmini/2/Train_0005.jpg	2	-1.0,1.0,1.0,1.0,-1.0,-1.0,1.0,-1.0,-1.0,-1.0,-1.0,1.0,1.0,1.0,1.0,1.0,-1.0,-1.0,-1.0,-1.0,1.0,-1.0,-1.0,1.0	-7.2994003,10.183233,0.3634986,1.8872954,-0.7772578,-1.509678,1.9693654,-1.0569168,-0.1735064,-0.88736254,-0.69874495,0.25137064,1.2953608,1.1546096,4.9768443,0.8810725,-0.3766606,-0.081911795,-0.14538689,-0.042589042,0.30503842,-0.7846966,-1.8044412,1.1590539
../data/train_data_mmini/2/Train_0006.jpg	2	-1.0,1.0,-1.0,1.0,-1.0,-1.0,-1.0,-1.0,1.0,-1.0,-1.0,1.0,1.0,1.0,1.0,-1.0,-1.0,-1.0,-1.0,-1.0,-1.0,-1.0,1.0,-1.0	-9.210193,10.056994,-4.2424326,1.5534965,-2.9731357,-0.06227941,-0.19059971,-1.2651194,6.1054506,-0.06469068,-0.73635316,0.47101182,1.2214549,1.6088032,1.4969689,-1.4011691,-0.90574026,-1.1689389,-0.7395764,-3.286053,-0.55864006,-3.810115,1.2586699,-3.1471608
../data/train_data_mmini/2/Train_0007.jpg	2	-1.0,1.0,1.0,1.0,1.0,-1.0,1.0,-1.0,1.0,1.0,-1.0,-1.0,1.0,-1.0,1.0,-1.0,-1.0,1.0,-1.0,1.0,-1.0,-1.0,1.0,-1.0	-9.848254,17.770298,2.833275,2.1663756,1.9380794,-1.5077173,0.35554248,-4.110291,0.56948596,0.34287864,-2.6406002,-2.3187675,2.04727,-1.6467023,2.132709,-6.4875574,-1.6323743,0.9578893,-2.1235154,3.1795928,-5.595357,-0.660972,3.1447613,-2.0076551
../data/train_data_mmini/2/Train_0008.jpg	2	-1.0,1.0,1.0,-1.0,1.0,-1.0,1.0,-1.0,1.0,-1.0,1.0,-1.0,-1.0,-1.0,1.0,-1.0,-1.0,1.0,1.0,1.0,1.0,-1.0,1.0,-1.0	-6.7784643,9.550124,2.5257435,-0.31840906,1.0300846,-4.7638516,1.2447649,-0.834277,2.0514011,-0.6101806,0.80782205,-0.026190909,-2.3078463,-2.7532532,6.53509,-3.406491,-0.38701037,0.3062112,1.4705632,2.7393436,1.4120326,-0.44431934,2.4778042,-1.4474593
../data/train_data_mmini/2/Train_0009.jpg	2	-1.0,1.0,1.0,1.0,-1.0,-1.0,1.0,-1.0,1.0,1.0,1.0,1.0,1.0,1.0,1.0,-1.0,-1.0,-1.0,-1.0,-1.0,-1.0,-1.0,-1.0,1.0	-11.521491,18.831198,0.6426193,1.6372973,-0.18263717,-0.49829444,2.516507,-2.0249581,2.2263596,0.1979893,0.105203114,0.102732286,1.6051286,0.97966176,4.059367,-1.77369,-0.6878561,-0.57155883,-2.3517323,-0.21839,-2.1080332,-2.788475,-1.3234327,0.45594656
../data/train_data_mmini/3/Train_0010.jpg	3	-1.0,1.0,1.0,1.0,1.0,-1.0,1.0,1.0,1.0,-1.0,1.0,-1.0,-1.0,1.0,1.0,1.0,1.0,-1.0,1.0,-1.0,-1.0,-1.0,-1.0,1.0	-6.0692787,9.658303,1.4540702,0.2290278,1.0069681,-0.6180665,1.777259,3.8418918,0.03241705,-2.4693742,1.0022774,-0.099609,-0.88945854,1.7334918,5.062284,0.2705655,0.7267256,-0.43167603,0.81868607,-0.01059519,-0.278389,-0.7547925,-2.6947823,0.79676217
../data/train_data_mmini/3/Train_0011.jpg	3	-1.0,1.0,1.0,1.0,1.0,-1.0,1.0,-1.0,1.0,-1.0,-1.0,1.0,-1.0,-1.0,1.0,1.0,1.0,1.0,1.0,1.0,1.0,1.0,-1.0,-1.0	-5.542757,9.234965,1.6298114,2.858063,0.75514555,-3.1084168,2.4279134,-1.1747462,0.9222819,-3.4348555,-1.3949015,1.3058534,-0.7251536,-3.2884216,4.9693875,0.241776,0.4392734,2.592952,3.1382933,0.7270878,2.8582873,0.89759654,-0.22502056,-1.4181494
../data/train_data_mmini/3/Train_0012.jpg	3	-1.0,1.0,1.0,1.0,1.0,-1.0,1.0,-1.0,1.0,1.0,1.0,1.0,1.0,-1.0,1.0,-1.0,-1.0,-1.0,-1.0,1.0,-1.0,-1.0,-1.0,1.0	-3.8374321,11.556485,2.3731794,1.0794468,1.7443491,-1.173367,2.9504163,-1.6125475,1.3501955,1.0419269,1.7651976,2.8468583,0.9038243,-0.581594,1.199769,-0.10960914,-1.2797375,-3.1934032,-0.39931506,0.31392273,-0.5018348,-0.10052168,-1.2324067,0.9853121
../data/train_data_mmini/3/Train_0013.jpg	3	-1.0,1.0,-1.0,1.0,-1.0,-1.0,1.0,-1.0,1.0,1.0,1.0,1.0,-1.0,1.0,1.0,1.0,-1.0,-1.0,1.0,-1.0,1.0,-1.0,-1.0,1.0	-6.1701097,8.011637,-0.24802929,0.14277087,-0.44581482,-2.123431,3.0952303,-0.5269452,1.8411993,1.4207926,1.5989757,2.0883512,-0.85721815,1.0214504,4.719519,0.37419042,-1.2699862,-1.8299246,0.88906235,-0.88734895,1.7517512,-0.7603356,-0.79420424,0.24074747
../data/train_data_mmini/3/Train_0014.jpg	3	-1.0,1.0,-1.0,1.0,-1.0,-1.0,1.0,1.0,1.0,-1.0,-1.0,-1.0,-1.0,-1.0,1.0,-1.0,1.0,1.0,1.0,-1.0,1.0,-1.0,-1.0,-1.0	-8.917969,9.937572,-1.411697,0.8583992,-1.5097162,-1.5152509,0.8172516,0.18014713,1.7637033,-1.6525826,-1.0900728,-0.80822146,-0.9174912,-0.2640864,5.0912547,-0.30000538,0.72947264,1.1731918,0.7938172,-1.051119,0.62994725,-2.0513499,-0.71184254,-0.8748323
../data/train_data_mmini/4/Train_0015.jpg	4	-1.0,1.0,1.0,1.0,1.0,-1.0,1.0,-1.0,1.0,1.0,1.0,1.0,1.0,-1.0,1.0,-1.0,-1.0,-1.0,-1.0,1.0,1.0,1.0,1.0,-1.0	-6.1073885,11.131929,2.9051034,0.52760357,1.3179396,-4.792984,1.7785051,-4.2011647,2.419524,0.17223503,0.13446498,0.95474297,0.06673561,-3.7950358,5.015194,-3.7128325,-0.9595664,-0.7555932,-0.1776447,4.3567996,0.4881743,0.43232957,2.5642931,-1.035874
../data/train_data_mmini/4/Train_0016.jpg	4	-1.0,1.0,1.0,1.0,1.0,-1.0,1.0,-1.0,-1.0,-1.0,-1.0,1.0,1.0,-1.0,1.0,1.0,1.0,1.0,1.0,1.0,1.0,1.0,-1.0,-1.0	-3.5810664,8.999268,2.3132408,3.186617,1.1360744,-0.14559023,1.9463501,-1.0888084,-1.0285113,-2.4961765,-2.3352473,1.5782336,1.5272259,-1.4803376,0.58762145,1.071552,0.45651674,0.8577447,2.4186444,0.78672636,0.9149938,1.8495123,-1.7908319,-0.08805215
../data/train_data_mmini/4/Train_0017.jpg	4	-1.0,1.0,-1.0,1.0,-1.0,1.0,1.0,-1.0,1.0,-1.0,-1.0,1.0,1.0,1.0,1.0,1.0,1.0,-1.0,1.0,-1.0,1.0,-1.0,-1.0,-1.0	-5.4614687,10.552812,-1.0738225,3.5294724,-1.6702956,0.09087469,1.0327456,-2.1595244,2.348985,-2.5435646,-2.0356436,1.5480443,2.6445067,0.18125619,0.9724068,1.3688973,0.0019896151,-0.56332105,0.55696356,-2.0319867,1.306564,-0.3995581,-1.009806,-0.7867319
../data/train_data_mmini/4/Train_0018.jpg	4	-1.0,1.0,1.0,1.0,-1.0,-1.0,1.0,-1.0,-1.0,-1.0,-1.0,-1.0,-1.0,-1.0,1.0,-1.0,1.0,1.0,1.0,1.0,1.0,-1.0,-1.0,1.0	-6.9671364,9.104775,0.9419394,1.7895452,-0.32275772,-2.1656184,1.4713311,-0.15475023,-0.57094216,-2.791761,-1.1364721,-0.8442998,-1.3678355,-1.1205517,5.640281,-0.17329054,0.73113555,2.490762,1.7595683,0.40490392,1.3776386,-0.15093687,-1.1723118,0.18063244
../data/train_data_mmini/4/Train_0019.jpg	4	-1.0,1.0,-1.0,1.0,-1.0,-1.0,1.0,-1.0,1.0,1.0,-1.0,1.0,1.0,1.0,1.0,1.0,-1.0,-1.0,-1.0,-1.0,-1.0,-1.0,-1.0,1.0	-5.801678,7.387182,-2.9774919,1.809238,-1.2310311,-0.06105631,0.70401603,-0.9668797,3.555569,1.6818014,-0.14995657,0.91425484,3.0214064,2.197012,2.1325846,0.7189758,-1.9064807,-2.6689727,-1.8700086,-0.5733331,-0.010300611,-1.2805609,-0.22784413,0.054479405
../data/train_data_mmini/5/Train_0020.jpg	5	-1.0,1.0,1.0,1.0,1.0,1.0,-1.0,-1.0,1.0,1.0,-1.0,-1.0,1.0,1.0,-1.0,-1.0,-1.0,-1.0,-1.0,1.0,-1.0,-1.0,1.0,-1.0	-6.792222,13.252356,1.3305509,2.311641,2.0135324,0.29473197,-0.25516415,-2.9978383,0.44193953,1.9290711,-2.368832,-1.576632,2.4255621,0.4159156,-0.7020416,-4.9234424,-1.6914177,-1.0277998,-1.4578854,2.2736397,-6.4250917,-0.15390593,2.5972595,-1.6341804
../data/train_data_mmini/5/Train_0021.jpg	5	-1.0,1.0,1.0,-1.0,1.0,-1.0,1.0,-1.0,1.0,1.0,-1.0,-1.0,-1.0,-1.0,1.0,-1.0,-1.0,1.0,-1.0,1.0,-1.0,-1.0,1.0,-1.0	-8.616439,11.7776985,0.92470866,-0.074271455,0.8833036,-3.543026,0.58579916,-2.5053325,4.9324903,0.2712101,-0.46680447,-0.07366942,-1.4032183,-4.1780643,4.076488,-6.083372,-0.7725948,0.65910333,-0.7939857,2.0941472,-1.4224457,-2.2242475,3.9830563,-3.0534165
../data/train_data_mmini/5/Train_0022.jpg	5	-1.0,1.0,1.0,1.0,1.0,-1.0,1.0,-1.0,1.0,1.0,-1.0,-1.0,1.0,1.0,1.0,-1.0,-1.0,-1.0,-1.0,1.0,-1.0,-1.0,1.0,-1.0	-10.499195,16.15387,1.3000337,0.9528574,0.49438837,-1.5970953,0.7024086,-3.5964746,2.759912,1.6605732,-0.02889339,-1.3635074,2.0253677,0.6190378,3.2599595,-4.8986874,-1.454864,-0.94424003,-2.6090913,1.9025421,-3.8787951,-2.4977345,2.2880924,-1.4397527
../data/train_data_mmini/5/Train_0023.jpg	5	-1.0,1.0,1.0,1.0,1.0,-1.0,-1.0,-1.0,1.0,1.0,-1.0,-1.0,1.0,-1.0,-1.0,-1.0,-1.0,-1.0,-1.0,1.0,-1.0,-1.0,1.0,-1.0	-8.247057,15.57901,2.0548563,1.1622511,2.8340979,-0.26468882,-0.33036694,-2.4760396,2.411181,1.0683095,-1.6791698,-1.203505,1.3300779,-1.4358503,-0.57835233,-7.018448,-1.6060362,-1.1512569,-2.4355314,2.409723,-7.1737766,-1.4985894,3.3428879,-2.6057315
../data/train_data_mmini/5/Train_0024.jpg	5	-1.0,1.0,1.0,1.0,1.0,-1.0,1.0,-1.0,1.0,-1.0,-1.0,-1.0,1.0,-1.0,1.0,-1.0,-1.0,-1.0,-1.0,1.0,-1.0,-1.0,1.0,-1.0	-8.407202,16.509172,3.2869644,1.0322096,1.8319794,-2.789219,2.0612652,-2.7163856,0.9959566,-0.016171198,-0.80681974,-0.11530064,0.6509918,-2.3586104,3.694091,-3.9957516,-0.91846865,-0.382256,-1.342607,2.1046228,-2.6235297,-0.7110089,0.83159924,-0.6178789
../data/train_data_mmini/6/Train_0025.jpg	6	-1.0,1.0,-1.0,1.0,-1.0,1.0,1.0,1.0,1.0,-1.0,-1.0,1.0,1.0,1.0,1.0,1.0,-1.0,-1.0,-1.0,-1.0,1.0,1.0,-1.0,1.0	-6.647983,12.31607,-2.300851,2.6221445,-2.4853568,1.5134426,1.8020371,0.6473582,2.639964,-2.3007789,-0.95389605,3.5468798,4.266074,1.4494162,1.6541933,3.528238,-0.2005736,-2.2741475,-1.6674434,-1.4107331,0.5048953,0.67876416,-4.2459393,2.2167099
../data/train_data_mmini/6/Train_0026.jpg	6	-1.0,1.0,1.0,1.0,1.0,1.0,-1.0,1.0,1.0,-1.0,-1.0,-1.0,1.0,-1.0,1.0,-1.0,1.0,1.0,1.0,-1.0,-1.0,-1.0,-1.0,-1.0	-8.267991,16.36098,1.6038731,3.3384538,1.0456445,1.3064641,-1.1055965,2.0529644,0.5479105,-4.748138,-3.0656426,-1.9508923,1.4935591,-0.066226915,1.795372,-1.3172044,1.8291914,1.5913172,0.45088154,-0.33236435,-3.072076,-0.76694936,-0.52838683,-2.0512192
../data/train_data_mmini/6/Train_0027.jpg	6	-1.0,1.0,1.0,1.0,1.0,1.0,1.0,1.0,-1.0,-1.0,-1.0,1.0,-1.0,1.0,1.0,1.0,1.0,1.0,1.0,-1.0,1.0,1.0,-1.0,1.0	-6.5873923,10.046959,0.11815377,1.8846427,0.21366505,0.71027493,2.0650785,2.544301,-0.017199941,-2.864348,-0.33279085,0.359555,-0.27722844,1.2308018,3.2510936,1.0682127,1.2986579,1.1885643,1.6336497,-0.76431185,0.15606844,0.04795052,-3.0986128,0.48257026
../data/train_data_mmini/6/Train_0028.jpg	6	-1.0,1.0,1.0,1.0,1.0,-1.0,1.0,-1.0,-1.0,-1.0,-1.0,-1.0,-1.0,-1.0,1.0,-1.0,1.0,1.0,1.0,1.0,-1.0,1.0,1.0,-1.0	-7.321042,10.735535,2.3237262,2.5002325,0.3268755,-1.9308269,1.2353214,-1.2617465,-0.9709471,-2.8593612,-2.6507568,-1.3768945,-0.6127283,-1.3472272,3.8210936,-1.3882605,0.27922788,3.666993,2.8571002,0.6054022,-0.016878707,1.1095911,0.5763205,-1.5209594
../data/train_data_mmini/6/Train_0029.jpg	6	-1.0,1.0,1.0,1.0,-1.0,-1.0,1.0,-1.0,1.0,-1.0,1.0,1.0,1.0,1.0,1.0,1.0,-1.0,-1.0,-1.0,-1.0,1.0,-1.0,-1.0,1.0	-7.9281807,15.779174,0.9853248,2.6981032,-0.13534184,-1.0998394,3.8698764,-2.0433743,3.1566489,-0.24241267,1.251484,3.9763865,2.7006485,0.440628,4.562081,1.4073055,-1.7714057,-4.0042324,-1.6727855,-0.64574987,1.7747558,-1.681497,-2.8044748,2.6764035
../data/train_data_mmini/7/Train_0030.jpg	7	-1.0,1.0,-1.0,1.0,-1.0,1.0,1.0,-1.0,1.0,1.0,-1.0,1.0,1.0,1.0,1.0,-1.0,-1.0,-1.0,-1.0,-1.0,-1.0,-1.0,-1.0,1.0	-9.654646,17.656658,-0.51973414,2.7074177,-0.8139596,0.38205484,1.9840808,-3.4795306,3.2555568,0.64287037,-1.1199402,1.2510152,3.225833,0.8511848,1.476109,-1.571728,-0.93142736,-1.403392,-2.212824,-0.42814007,-2.2637422,-2.0874221,-0.6971192,0.006225298
../data/train_data_mmini/7/Train_0031.jpg	7	-1.0,1.0,1.0,1.0,-1.0,-1.0,1.0,-1.0,1.0,-1.0,1.0,1.0,1.0,1.0,1.0,1.0,-1.0,-1.0,-1.0,-1.0,-1.0,-1.0,-1.0,1.0	-9.033076,13.095068,0.20340703,1.5217341,-1.3766147,-0.025826216,2.7653046,-0.83590794,0.9725467,-0.15113227,0.15938579,0.76615155,0.64314,2.6360579,3.1048157,0.42251065,-0.57208025,-0.7618014,-0.1008284,-0.9607209,-1.2197375,-1.3876532,-2.3535948,1.447854
../data/train_data_mmini/7/Train_0032.jpg	7	-1.0,1.0,-1.0,1.0,1.0,-1.0,1.0,1.0,1.0,-1.0,1.0,1.0,-1.0,-1.0,1.0,1.0,1.0,1.0,1.0,1.0,1.0,-1.0,-1.0,-1.0	-6.894518,6.383899,-0.2962091,0.8909499,0.018961746,-2.846084,2.3867445,0.23516017,0.41549182,-1.3143557,0.34299564,0.65725565,-2.4094863,-0.43697733,6.073973,0.2920676,0.30312303,2.0514998,2.4526134,0.5831635,2.7708132,-0.08167069,-0.6464371,-0.11654944
../data/train_data_mmini/7/Train_0033.jpg	7	-1.0,1.0,1.0,1.0,1.0,1.0,1.0,-1.0,1.0,-1.0,-1.0,1.0,1.0,1.0,1.0,1.0,-1.0,-1.0,-1.0,-1.0,-1.0,-1.0,-1.0,1.0	-9.558081,17.771255,0.6823164,3.3015716,0.33154935,0.43994406,2.305173,-1.1417073,0.6134849,-1.2731307,-1.2713581,0.42641577,1.9080257,1.974571,2.863756,0.21364759,-0.5512155,-1.0117829,-0.959696,-1.7393037,-2.1660428,-1.7756641,-2.2767212,0.339715
../data/train_data_mmini/7/Train_0034.jpg	7	-1.0,1.0,1.0,1.0,1.0,-1.0,1.0,1.0,-1.0,-1.0,-1.0,-1.0,-1.0,-1.0,1.0,1.0,1.0,1.0,1.0,-1.0,1.0,-1.0,-1.0,-1.0	-7.0139713,7.224772,0.050866585,2.3554993,0.46667024,-1.835659,1.1950465,2.0342388,-0.17295761,-4.061425,-1.0125898,-0.93775177,-2.2244694,-1.1883376,5.546515,0.29996344,0.9661146,3.6811445,3.2071903,-0.30801803,1.7071009,-0.097591504,-1.2603478,-0.6712648
../data/train_data_mmini/8/Train_0035.jpg	8	-1.0,1.0,1.0,-1.0,-1.0,-1.0,1.0,-1.0,1.0,1.0,1.0,1.0,1.0,1.0,1.0,-1.0,-1.0,-1.0,-1.0,-1.0,1.0,-1.0,-1.0,1.0	-11.897022,17.034975,1.0797098,-0.093306646,-0.48496115,-3.2466793,4.4371033,-1.9521586,3.067423,0.3689904,2.5667145,1.7934144,0.08143096,0.062314883,8.318634,-0.8186053,-0.9175561,-1.0807743,-1.8713567,-0.3322098,1.1563886,-3.3234904,-1.917962,0.9596764
../data/train_data_mmini/8/Train_0036.jpg	8	-1.0,1.0,-1.0,1.0,-1.0,-1.0,1.0,-1.0,1.0,-1.0,-1.0,1.0,1.0,1.0,1.0,1.0,-1.0,1.0,-1.0,-1.0,1.0,-1.0,-1.0,1.0	-12.332425,17.236574,-1.2386299,4.5442944,-3.8893876,-0.34275144,2.7766213,-3.4192328,0.2425671,-2.1975598,-3.3273435,0.68229675,3.9981797,2.8097477,4.823385,2.3475056,-0.73692864,1.5550469,-0.4857964,-1.5449684,0.21793571,-0.6408074,-3.7325284,1.645481
../data/train_data_mmini/8/Train_0037.jpg	8	-1.0,1.0,1.0,1.0,-1.0,-1.0,1.0,-1.0,-1.0,-1.0,-1.0,-1.0,-1.0,-1.0,1.0,1.0,1.0,1.0,1.0,1.0,1.0,1.0,-1.0,1.0	-9.100965,14.384948,2.2272642,3.14513,-0.043553155,-0.5839319,2.1452525,-0.8008582,-0.91210425,-4.275601,-1.9372519,-0.90156364,-0.1199515,-1.3933884,4.5469666,0.15761952,0.734244,3.488388,1.5581614,0.0116710635,0.31298888,0.05220537,-1.8872592,0.07036846
../data/train_data_mmini/8/Train_0038.jpg	8	-1.0,1.0,1.0,1.0,-1.0,-1.0,1.0,-1.0,1.0,1.0,1.0,1.0,1.0,1.0,1.0,-1.0,-1.0,-1.0,-1.0,1.0,-1.0,-1.0,-1.0,1.0	-8.95002,14.428961,1.3143889,0.70960087,-0.09315336,-1.9812824,2.9065971,-1.4327103,1.8417597,0.6834413,1.2539104,1.7911706,0.5555331,0.91975933,4.5200467,-0.508272,-0.6770058,-1.2198199,-0.0124693075,1.0144883,-0.036831867,-0.8722284,-2.3390076,1.242068
../data/train_data_mmini/8/Train_0039.jpg	8	-1.0,1.0,1.0,1.0,-1.0,-1.0,1.0,-1.0,1.0,1.0,1.0,1.0,1.0,1.0,1.0,1.0,-1.0,-1.0,-1.0,-1.0,1.0,-1.0,-1.0,1.0	-12.788504,19.644539,1.0933814,1.6465164,-1.3907048,-3.1187696,5.667881,-2.994124,2.9356196,0.22214417,2.092207,2.6111205,1.078468,0.89243484,8.7469015,0.8325482,-1.9061971,-1.5074267,-1.8660163,-1.8875532,2.226483,-3.170676,-2.9614878,1.5827688
../data/train_data_mmini/9/Train_0040.jpg	9	-1.0,1.0,1.0,1.0,1.0,-1.0,1.0,-1.0,1.0,1.0,-1.0,-1.0,1.0,-1.0,1.0,-1.0,-1.0,-1.0,-1.0,1.0,-1.0,-1.0,1.0,-1.0	-8.060946,15.064516,3.2779696,1.2580692,1.2384018,-3.0601585,1.4426075,-4.524592,1.7187786,0.20208298,-0.53199786,-0.47215116,1.5330912,-2.7248309,4.269491,-4.388824,-1.1627898,-0.46725214,-2.230454,3.2153702,-1.633762,-0.679042,2.3514853,-0.9746426
../data/train_data_mmini/9/Train_0041.jpg	9	-1.0,1.0,1.0,1.0,1.0,-1.0,1.0,1.0,-1.0,-1.0,-1.0,-1.0,1.0,1.0,1.0,1.0,-1.0,1.0,1.0,-1.0,-1.0,-1.0,-1.0,1.0	-7.859496,11.921078,1.0845963,3.30711,0.22615369,-0.2050768,3.2911983,0.11261562,-1.9170067,-1.2869599,-1.1038921,-0.38885105,0.1260361,2.2095375,4.2451982,1.0956993,-0.2861147,0.9794415,1.4966705,-1.9113234,-0.4958026,-0.2088114,-2.4349186,0.46171623
../data/train_data_mmini/9/Train_0042.jpg	9	-1.0,1.0,1.0,1.0,1.0,-1.0,1.0,-1.0,1.0,-1.0,1.0,1.0,-1.0,-1.0,1.0,-1.0,-1.0,-1.0,1.0,1.0,1.0,1.0,1.0,-1.0	-4.151528,10.448521,4.4782147,0.67468166,2.3423364,-4.465709,1.9534309,-2.0685415,0.65412533,-0.746758,0.19274174,1.0076799,-1.1884072,-4.6673822,5.103947,-3.1690416,-0.7655645,-0.23903863,0.98507226,4.125238,0.38432464,1.7091663,1.9907207,-0.94434935
../data/train_data_mmini/9/Train_0043.jpg	9	-1.0,1.0,1.0,1.0,-1.0,-1.0,1.0,-1.0,1.0,1.0,-1.0,-1.0,1.0,-1.0,1.0,-1.0,-1.0,1.0,-1.0,1.0,-1.0,-1.0,1.0,-1.0	-11.82732,14.832572,0.24069038,0.9854041,-1.4064668,-3.12456,1.6371974,-4.1700873,2.9258797,0.795312,-0.48163345,-1.4738489,1.0080106,-0.65407056,6.0499797,-4.1924844,-1.2538644,1.0413178,-1.5668126,1.0273395,-1.3290573,-2.9675455,2.408696,-1.5661999
../data/train_data_mmini/9/Train_0044.jpg	9	-1.0,1.0,1.0,1.0,1.0,-1.0,1.0,-1.0,1.0,1.0,1.0,1.0,1.0,1.0,1.0,-1.0,-1.0,-1.0,-1.0,1.0,-1.0,-1.0,-1.0,1.0	-6.211085,14.141727,1.0539845,1.120605,0.29531533,-1.2883343,2.9126916,-2.6636925,3.0751493,1.5407596,1.994304,3.0211422,2.7444403,0.6242741,2.9132085,-0.03540124,-1.6180058,-4.1299424,-2.7728705,0.5033951,-0.12879235,-1.5908085,-1.1276356,1.5380341
../data/train_data_mmini/10/Train_0045.jpg	10	-1.0,1.0,1.0,-1.0,-1.0,-1.0,1.0,1.0,1.0,1.0,1.0,1.0,-1.0,1.0,1.0,1.0,-1.0,-1.0,-1.0,-1.0,1.0,-1.0,-1.0,1.0	-12.109334,14.043993,1.2878814,-0.67121345,-0.91714704,-2.2252471,5.5569267,1.5074356,0.9445322,0.09272374,3.509806,2.435742,-0.3114815,3.1732357,10.768027,1.9095874,-0.6507844,-0.2444719,-1.3456212,-0.56021106,2.3582575,-1.8905423,-5.205158,3.7288857
../data/train_data_mmini/10/Train_0046.jpg	10	-1.0,1.0,1.0,1.0,1.0,-1.0,1.0,-1.0,1.0,-1.0,1.0,1.0,1.0,-1.0,1.0,1.0,-1.0,-1.0,1.0,1.0,1.0,-1.0,-1.0,1.0	-2.405573,7.0779977,1.6272782,0.49000856,1.1236962,-2.165434,2.656651,-1.3507178,1.3369751,-0.2921749,1.4656419,3.2176569,0.60617405,-1.9394386,3.8419082,1.7072388,-0.37436697,-1.7485266,0.13145182,0.49204323,3.4105453,-0.031149738,-1.7900707,0.9262312
../data/train_data_mmini/10/Train_0047.jpg	10	-1.0,1.0,-1.0,1.0,-1.0,-1.0,1.0,-1.0,1.0,-1.0,1.0,1.0,-1.0,1.0,1.0,1.0,-1.0,1.0,1.0,-1.0,1.0,-1.0,-1.0,1.0	-10.667233,12.292867,-0.24799426,0.6354381,-2.22818,-2.720535,2.8038304,-0.123764075,1.9367561,-1.5840528,0.31966245,1.0415001,-0.21940307,0.7531062,7.985644,1.3816878,-0.17410661,0.88585234,0.28235433,-0.93385726,2.8281682,-1.8312182,-2.6253352,1.574378
../data/train_data_mmini/10/Train_0048.jpg	10	-1.0,1.0,1.0,-1.0,-1.0,-1.0,1.0,-1.0,1.0,1.0,1.0,1.0,1.0,1.0,1.0,1.0,-1.0,-1.0,-1.0,1.0,1.0,-1.0,-1.0,1.0	-8.693605,12.874355,0.3323988,-0.05425815,-0.824946,-1.8022864,5.0496297,-1.9820555,3.430551,2.9530356,5.37348,4.855504,2.378079,2.8083048,7.3390102,3.1889408,-3.2230303,-5.2647276,-4.669755,0.90862435,1.8899138,-0.94781166,-5.501747,5.621417
../data/train_data_mmini/10/Train_0049.jpg	10	-1.0,1.0,1.0,1.0,-1.0,-1.0,1.0,-1.0,1.0,-1.0,1.0,1.0,-1.0,-1.0,1.0,1.0,-1.0,1.0,-1.0,-1.0,1.0,-1.0,-1.0,1.0	-11.996257,17.063658,0.62336916,0.8306218,-1.0785885,-2.9686997,4.2857018,-1.8708512,2.7717612,-1.2179863,1.9298205,1.5418626,-0.17540498,-0.85637385,8.627751,0.06579687,-0.36008036,0.06079898,-0.900113,-1.0571396,2.6476161,-2.6813514,-2.1218421,0.47536445
