../data/train_data_mmini/1/Train_0000.jpg	1	-1.0,-1.0,1.0,1.0,-1.0,1.0,1.0,1.0,-1.0,1.0,-1.0,-1.0	-13.078919,-0.3627595,0.13419646,0.46864232,-0.88386965,0.90318805,0.92565626,0.005579397,-0.116178565,2.0129256,-1.382384,-0.46447927
../data/train_data_mmini/1/Train_0001.jpg	1	-1.0,-1.0,1.0,1.0,-1.0,1.0,1.0,-1.0,-1.0,1.0,-1.0,-1.0	-12.659209,-0.14629008,0.23682103,0.32444757,-1.0258632,0.8360026,0.59625566,-0.14911349,-0.16811457,1.8239381,-1.2394805,-0.33065465
../data/train_data_mmini/1/Train_0002.jpg	1	-1.0,-1.0,1.0,-1.0,-1.0,1.0,1.0,-1.0,-1.0,1.0,-1.0,-1.0	-10.093417,-0.4754995,0.1546126,-0.13649426,-0.46392316,0.7633484,0.6855053,-0.079521015,-0.42848557,1.3033867,-1.1620684,-0.044774555
../data/train_data_mmini/1/Train_0003.jpg	1	-1.0,-1.0,1.0,1.0,-1.0,1.0,1.0,1.0,-1.0,1.0,-1.0,-1.0	-13.94224,-0.49636033,0.17018676,0.37846014,-0.8844499,0.99284005,1.0684526,0.03239213,-0.09745421,2.0027378,-1.5177379,-0.50663006
../data/train_data_mmini/1/Train_0004.jpg	1	-1.0,-1.0,-1.0,1.0,-1.0,1.0,1.0,1.0,-1.0,1.0,-1.0,-1.0	-13.607223,-0.644977,-0.03630593,0.3923196,-0.69063914,1.0053246,1.3602358,0.14344023,-0.045377098,1.8120695,-1.6890492,-0.56060684
../data/train_data_mmini/2/Train_0005.jpg	2	-1.0,-1.0,-1.0,-1.0,-1.0,1.0,1.0,1.0,-1.0,1.0,-1.0,-1.0	-11.896264,-0.16508505,-0.1343849,-0.038840342,-0.37886247,0.8291211,1.1189312,0.040997848,-0.5509552,1.4685442,-1.312847,-0.16152968
../data/train_data_mmini/2/Train_0006.jpg	2	-1.0,1.0,-1.0,-1.0,-1.0,1.0,1.0,-1.0,-1.0,1.0,-1.0,1.0	-11.523177,0.6823592,-0.37240708,-0.20164165,-0.9068773,0.6665793,0.16860184,-0.080308154,-0.70340025,1.3324286,-0.98888844,0.19205345
../data/train_data_mmini/2/Train_0007.jpg	2	-1.0,-1.0,1.0,1.0,-1.0,1.0,1.0,1.0,-1.0,1.0,-1.0,-1.0	-14.718949,-0.63706136,0.07759836,0.027591119,-0.49425814,1.1232921,1.6673766,0.18595491,-0.28325173,1.8806483,-1.7473037,-0.37877944
../data/train_data_mmini/2/Train_0008.jpg	2	-1.0,-1.0,-1.0,-1.0,-1.0,1.0,1.0,-1.0,-1.0,1.0,-1.0,-1.0	-11.785666,-0.23739144,-0.13254866,-0.32734603,-0.59246624,1.0169852,0.7888748,-0.018663004,-0.6016363,1.5157719,-1.2364684,-0.0048181918
../data/train_data_mmini/2/Train_0009.jpg	2	-1.0,-1.0,1.0,1.0,-1.0,1.0,1.0,-1.0,1.0,1.0,-1.0,-1.0	-15.00427,-0.16711523,0.32899544,0.7589853,-1.0403879,0.9871842,0.8541821,-0.00828357,0.0029986275,2.4411898,-1.4700301,-0.42463237
../data/train_data_mmini/3/Train_0010.jpg	3	-1.0,-1.0,1.0,-1.0,-1.0,1.0,1.0,-1.0,-1.0,1.0,-1.0,1.0	-9.827878,-0.3738949,0.3822693,-0.648603,-0.65802705,0.74186563,0.47797176,-0.22337802,-0.6519057,1.1048801,-0.9726701,0.402645
../data/train_data_mmini/3/Train_0011.jpg	3	-1.0,-1.0,1.0,1.0,-1.0,1.0,1.0,1.0,1.0,1.0,-1.0,-1.0	-9.590096,-0.49349245,0.14532849,0.76506495,-0.35438088,0.6625696,0.93308747,0.014791116,0.2211875,1.3353752,-1.1828467,-0.7129441
../data/train_data_mmini/3/Train_0012.jpg	3	-1.0,-1.0,-1.0,1.0,-1.0,1.0,1.0,1.0,1.0,1.0,-1.0,-1.0	-12.188461,-0.62102157,-0.20099351,1.5465416,-0.47955427,0.523146,1.4810923,0.20210753,0.74624187,1.4531237,-1.6486797,-1.1097353
../data/train_data_mmini/3/Train_0013.jpg	3	-1.0,1.0,-1.0,-1.0,-1.0,1.0,1.0,-1.0,-1.0,1.0,-1.0,-1.0	-11.508452,0.10943961,-0.17633079,-0.22719361,-0.72839314,0.86721414,0.65321046,-0.0049922615,-0.50583524,1.4859511,-1.10101,-0.063785695
../data/train_data_mmini/3/Train_0014.jpg	3	-1.0,-1.0,-1.0,1.0,-1.0,1.0,1.0,1.0,-1.0,1.0,-1.0,-1.0	-12.278693,-0.21053348,-0.07435262,0.22991486,-0.59157425,0.7520913,0.93110085,0.14262114,-0.3450143,1.6235187,-1.3422202,-0.1972325
../data/train_data_mmini/4/Train_0015.jpg	4	-1.0,-1.0,-1.0,-1.0,-1.0,1.0,1.0,1.0,-1.0,1.0,-1.0,-1.0	-12.548509,-0.33433497,-0.45253497,-0.07301011,-0.32013723,0.86752933,1.2883723,0.1542084,-0.3459413,1.4538068,-1.4079971,-0.40283498
../data/train_data_mmini/4/Train_0016.jpg	4	-1.0,-1.0,1.0,1.0,-1.0,1.0,1.0,-1.0,-1.0,1.0,-1.0,-1.0	-9.451792,-0.11724856,0.0159888,0.27278298,-0.5940466,0.7398579,0.6810808,-0.046944216,-0.17979562,1.4449555,-0.9846222,-0.3941906
../data/train_data_mmini/4/Train_0017.jpg	4	-1.0,1.0,-1.0,1.0,-1.0,1.0,1.0,-1.0,-1.0,1.0,-1.0,-1.0	-11.368085,0.683198,-0.3047589,0.38818157,-1.0642545,0.6264519,0.16632882,-0.25575313,-0.32595363,1.4688647,-0.98407817,-0.27041867
../data/train_data_mmini/4/Train_0018.jpg	4	-1.0,-1.0,-1.0,-1.0,-1.0,1.0,1.0,1.0,-1.0,1.0,-1.0,-1.0	-9.338946,-0.061355446,-0.19153503,-0.07385167,-0.40118793,0.5964352,0.74098617,0.052889988,-0.37730184,1.0305268,-1.159737,-0.13696451
../data/train_data_mmini/4/Train_0019.jpg	4	-1.0,1.0,-1.0,-1.0,-1.0,1.0,1.0,1.0,-1.0,1.0,-1.0,1.0	-11.738679,0.33213732,-0.25951234,-1.1573066,-0.7002358,1.1802565,0.7597109,0.025762424,-0.8737758,1.3055658,-0.95973885,0.402815
../data/train_data_mmini/5/Train_0020.jpg	5	-1.0,-1.0,1.0,1.0,-1.0,1.0,1.0,1.0,-1.0,1.0,-1.0,-1.0	-14.791618,-0.5331754,0.04579929,0.11290113,-0.69411623,1.0987366,1.2835253,0.16412412,-0.27849248,1.8723333,-1.7302022,-0.2885318
../data/train_data_mmini/5/Train_0021.jpg	5	-1.0,-1.0,-1.0,1.0,-1.0,1.0,1.0,1.0,1.0,1.0,-1.0,-1.0	-15.235557,-0.39473167,-0.052063193,0.7391123,-0.71175873,0.9376323,1.2369647,0.18925707,0.00031135202,2.216701,-1.7030593,-0.65735435
../data/train_data_mmini/5/Train_0022.jpg	5	-1.0,-1.0,1.0,1.0,-1.0,1.0,1.0,1.0,-1.0,1.0,-1.0,-1.0	-14.137343,-0.40695018,0.10211074,0.12887503,-0.669797,1.0673703,1.2896959,0.12016694,-0.24926248,1.9118801,-1.5641639,-0.34875986
../data/train_data_mmini/5/Train_0023.jpg	5	-1.0,-1.0,1.0,1.0,-1.0,1.0,1.0,1.0,-1.0,1.0,-1.0,-1.0	-14.157982,-0.53282964,0.17958882,0.34019822,-0.70744413,0.9867319,1.1912096,0.17788015,-0.151333,1.9398817,-1.6241069,-0.3215567
../data/train_data_mmini/5/Train_0024.jpg	5	-1.0,-1.0,-1.0,1.0,-1.0,1.0,1.0,1.0,-1.0,1.0,-1.0,-1.0	-14.25126,-0.9065813,-0.13555518,0.43711773,-0.16619264,1.0345961,1.7513741,0.28906688,-0.085863106,1.7531737,-1.8900087,-0.62405884
../data/train_data_mmini/6/Train_0025.jpg	6	-1.0,-1.0,1.0,1.0,-1.0,1.0,1.0,1.0,-1.0,1.0,-1.0,-1.0	-11.045603,-0.6921087,0.21813792,0.26435804,-0.29083148,0.91216093,1.4077358,0.12304406,-0.19859836,1.4686403,-1.3697015,-0.33348522
../data/train_data_mmini/6/Train_0026.jpg	6	-1.0,1.0,1.0,-1.0,-1.0,1.0,1.0,-1.0,-1.0,1.0,-1.0,-1.0	-13.109973,0.27391148,0.036642943,-0.20575218,-0.94165796,1.0932263,0.4111193,-0.20834155,-0.5141015,1.6105012,-1.2706709,-0.06046044
../data/train_data_mmini/6/Train_0027.jpg	6	-1.0,-1.0,1.0,1.0,-1.0,1.0,1.0,-1.0,1.0,1.0,-1.0,-1.0	-9.65471,-0.30038136,0.31725368,0.5787647,-0.6928175,0.67123705,0.61673075,-0.07570149,0.051321246,1.5956129,-0.96903473,-0.3409514
../data/train_data_mmini/6/Train_0028.jpg	6	-1.0,-1.0,1.0,1.0,-1.0,1.0,1.0,1.0,-1.0,1.0,-1.0,-1.0	-11.196944,-0.49242353,0.020893339,0.22396298,-0.4215816,0.91943514,0.9940391,0.04848282,-0.22949058,1.467507,-1.3660086,-0.43788537
../data/train_data_mmini/6/Train_0029.jpg	6	-1.0,-1.0,1.0,-1.0,-1.0,1.0,1.0,-1.0,-1.0,1.0,-1.0,-1.0	-12.29086,-0.35304084,0.14193696,-0.22886316,-0.45588735,0.967476,1.2043642,-0.014511362,-0.49102223,1.6676644,-1.2595937,-0.14691986
../data/train_data_mmini/7/Train_0030.jpg	7	-1.0,1.0,1.0,1.0,-1.0,1.0,1.0,1.0,-1.0,1.0,-1.0,-1.0	-14.948967,0.0396067,0.012584394,0.5875365,-1.0339429,0.9379619,0.99458796,0.04266116,-0.088405274,2.3723013,-1.4204481,-0.5299272
../data/train_data_mmini/7/Train_0031.jpg	7	-1.0,-1.0,-1.0,1.0,-1.0,1.0,1.0,1.0,-1.0,1.0,-1.0,-1.0	-14.287166,-0.057688955,-0.103221506,0.55764556,-0.7660533,0.85756814,1.0153104,0.07435469,-0.19508812,1.7537633,-1.6393439,-0.45008877
../data/train_data_mmini/7/Train_0032.jpg	7	-1.0,-1.0,-1.0,1.0,-1.0,1.0,1.0,-1.0,1.0,1.0,-1.0,-1.0	-11.577837,-0.23726928,-0.040900912,1.1022778,-0.5180352,0.66771644,0.7836509,-0.0154860765,0.10439161,1.8375205,-1.4048398,-0.6903307
../data/train_data_mmini/7/Train_0033.jpg	7	-1.0,-1.0,1.0,1.0,-1.0,1.0,1.0,1.0,-1.0,1.0,-1.0,-1.0	-13.463473,-0.11224617,0.04171774,0.328779,-0.54462874,0.7062057,0.92275816,0.028449878,-0.36807784,1.7999347,-1.4449775,-0.14002828
../data/train_data_mmini/7/Train_0034.jpg	7	-1.0,-1.0,1.0,1.0,1.0,1.0,1.0,1.0,1.0,1.0,-1.0,-1.0	-9.082748,-1.1295916,0.41548833,0.460548,0.13945206,0.7959949,1.4519536,0.16484348,0.14182422,1.0423541,-1.4694142,-0.61180556
../data/train_data_mmini/8/Train_0035.jpg	8	-1.0,-1.0,1.0,1.0,-1.0,1.0,1.0,1.0,-1.0,1.0,-1.0,-1.0	-13.587123,-0.47621998,0.17266113,0.4885216,-0.5808277,0.900752,1.1596075,0.12568073,-0.12826207,1.9826013,-1.461024,-0.45844236
../data/train_data_mmini/8/Train_0036.jpg	8	-1.0,-1.0,1.0,1.0,-1.0,1.0,1.0,1.0,-1.0,1.0,-1.0,-1.0	-13.839417,-0.3267523,0.19270715,0.10974986,-0.40596387,1.0123904,1.3156961,0.13219397,-0.30612037,1.6900233,-1.5329914,-0.20670779
../data/train_data_mmini/8/Train_0037.jpg	8	-1.0,-1.0,-1.0,1.0,-1.0,1.0,1.0,1.0,-1.0,1.0,-1.0,-1.0	-13.716306,-0.20854685,-0.013760801,0.21340255,-0.36469886,1.0192837,1.3081347,0.059715196,-0.16824237,1.654827,-1.5055984,-0.4699868
../data/train_data_mmini/8/Train_0038.jpg	8	-1.0,-1.0,1.0,1.0,-1.0,1.0,1.0,1.0,-1.0,1.0,-1.0,-1.0	-13.380068,-0.5063549,0.20367527,0.42361507,-0.6441173,1.0339831,1.155667,0.09958087,-0.16593477,1.9732368,-1.4766405,-0.44731256
../data/train_data_mmini/8/Train_0039.jpg	8	-1.0,-1.0,1.0,1.0,-1.0,1.0,1.0,1.0,-1.0,1.0,-1.0,-1.0	-14.162745,-0.4239837,0.104950696,0.6767291,-0.5559811,0.7515117,1.2897445,0.18527274,-0.10564288,2.0172436,-1.5492784,-0.5544405
../data/train_data_mmini/9/Train_0040.jpg	9	-1.0,-1.0,-1.0,1.0,-1.0,1.0,1.0,1.0,-1.0,1.0,-1.0,-1.0	-15.608903,-0.5680087,-0.11799657,0.07151572,-0.46762022,1.2403375,1.6343398,0.21913491,-0.218389,1.9397804,-1.7918664,-0.46596134
../data/train_data_mmini/9/Train_0041.jpg	9	-1.0,-1.0,1.0,1.0,-1.0,1.0,1.0,1.0,-1.0,1.0,-1.0,-1.0	-12.089932,-0.34605527,0.15778303,0.21440803,-0.36654612,0.89193165,1.148455,0.07446228,-0.30847415,1.4879451,-1.4801813,-0.22461165
../data/train_data_mmini/9/Train_0042.jpg	9	-1.0,-1.0,-1.0,-1.0,-1.0,1.0,1.0,1.0,-1.0,1.0,-1.0,-1.0	-13.120481,-0.7939489,-0.33616975,-0.1324222,-0.08764969,1.1278709,1.7414936,0.26565185,-0.17047304,1.3272929,-1.7263272,-0.5456151
../data/train_data_mmini/9/Train_0043.jpg	9	-1.0,-1.0,-1.0,-1.0,-1.0,1.0,1.0,1.0,-1.0,1.0,-1.0,-1.0	-15.294311,-0.3257431,-0.05838951,-0.1995181,-0.7202877,1.1768388,1.3269274,0.13671945,-0.58563304,1.9453598,-1.6187797,-0.16415726
../data/train_data_mmini/9/Train_0044.jpg	9	-1.0,-1.0,-1.0,1.0,-1.0,1.0,1.0,1.0,-1.0,1.0,-1.0,-1.0	-14.314703,-0.4123134,-0.02344909,0.039947998,-0.6309409,0.9478311,1.3338362,0.04157488,-0.4572638,1.7916263,-1.553942,-0.26655462
../data/train_data_mmini/10/Train_0045.jpg	10	-1.0,-1.0,1.0,1.0,-1.0,1.0,1.0,1.0,-1.0,1.0,-1.0,-1.0	-10.339358,-0.2633869,0.15907791,0.27731174,-0.10425614,0.5986364,1.1874388,0.16755997,-0.21586078,1.4230672,-1.1041133,-0.19143839
../data/train_data_mmini/10/Train_0046.jpg	10	-1.0,-1.0,1.0,1.0,-1.0,1.0,1.0,-1.0,-1.0,1.0,-1.0,-1.0	-8.250377,-0.37655824,0.13023923,0.3036043,-0.28684863,0.55437326,0.76688087,-0.10469498,-0.18296412,1.1872529,-0.87816703,-0.25445628
../data/train_data_mmini/10/Train_0047.jpg	10	-1.0,-1.0,1.0,1.0,-1.0,1.0,1.0,1.0,-1.0,1.0,-1.0,-1.0	-13.921987,-0.4855945,0.099494636,0.20098959,-0.31292614,0.99050313,1.5337273,0.149392,-0.37257203,1.7859201,-1.5448611,-0.34318465
../data/train_data_mmini/10/Train_0048.jpg	10	-1.0,-1.0,1.0,1.0,1.0,1.0,1.0,1.0,1.0,1.0,-1.0,-1.0	-11.931983,-1.1824487,0.39367217,0.73033744,0.02550985,0.77229905,2.0102935,0.32531914,0.0753263,1.6222466,-1.6499169,-0.66577876
../data/train_data_mmini/10/Train_0049.jpg	10	-1.0,-1.0,1.0,1.0,-1.0,1.0,1.0,1.0,-1.0,1.0,-1.0,-1.0	-13.853444,-0.43868026,0.072172135,0.2987784,-0.34329388,0.9207269,1.4058312,0.12133978,-0.22322133,1.8633194,-1.5369895,-0.4325223
