../data/train_data_mmini/1/Train_0000.jpg	1	1.0,1.0,1.0,-1.0,-1.0,-1.0,1.0,1.0,-1.0,1.0,-1.0,1.0,1.0,-1.0,1.0,1.0,1.0,-1.0,-1.0,1.0,-1.0,-1.0,-1.0,1.0	8.251906,1.9797578,3.4232395,-4.105137,-0.018735508,-0.92126036,1.8137351,3.4017618,-1.3805432,15.561784,-10.048706,6.5999312,0.12680262,-11.402819,16.960426,0.2718887,2.4734986,-4.47266,-6.467511,5.363815,-1.6018326,-3.819757,-11.042878,13.518144
../data/train_data_mmini/1/Train_0001.jpg	1	1.0,1.0,1.0,-1.0,-1.0,-1.0,1.0,1.0,-1.0,1.0,-1.0,1.0,1.0,-1.0,1.0,1.0,1.0,-1.0,-1.0,1.0,-1.0,-1.0,-1.0,1.0	8.474568,3.8957815,0.8405063,-1.5277627,-0.5534957,-0.65348154,0.013062283,1.9770184,-1.0758835,20.271297,-10.204505,8.385192,1.2570227,-9.885518,18.144512,1.2618083,1.5193243,-3.3443675,-2.9431665,7.5416527,-4.470095,-2.9020753,-10.242541,13.389794
../data/train_data_mmini/1/Train_0002.jpg	1	1.0,1.0,-1.0,-1.0,-1.0,1.0,1.0,1.0,-1.0,1.0,-1.0,1.0,-1.0,-1.0,1.0,1.0,1.0,-1.0,-1.0,1.0,-1.0,1.0,-1.0,1.0	7.3398023,5.5342417,-0.26700866,-9.888589,-1.312945,0.13849358,1.5719167,2.3115828,-2.586314,22.314219,-8.243577,9.850425,-3.181353,-9.992969,16.45783,2.2531636,0.6641817,-7.6074896,-1.1700612,6.5903807,-5.0123873,4.0569797,-8.65717,13.910271
../data/train_data_mmini/1/Train_0003.jpg	1	1.0,1.0,1.0,-1.0,1.0,-1.0,1.0,1.0,-1.0,1.0,-1.0,1.0,1.0,-1.0,1.0,-1.0,1.0,-1.0,-1.0,1.0,-1.0,-1.0,-1.0,1.0	9.653526,1.5007687,4.717676,-0.5791098,0.813374,-0.8100384,1.0285484,4.351029,-0.09971397,13.761185,-10.3853245,5.3497868,2.4423723,-11.680983,18.021702,-0.2784693,2.510422,-3.0563953,-8.047099,5.246025,-0.62329316,-7.666779,-12.488149,13.487705
../data/train_data_mmini/1/Train_0004.jpg	1	1.0,1.0,1.0,-1.0,1.0,-1.0,1.0,1.0,-1.0,1.0,-1.0,1.0,-1.0,-1.0,1.0,-1.0,1.0,-1.0,-1.0,1.0,-1.0,-1.0,-1.0,1.0	6.4882426,2.7776523,4.051288,-4.9013076,0.9152757,-2.2590845,2.1389902,1.8227459,-1.2704438,17.45194,-10.533168,7.423538,-0.7669732,-12.882878,18.177412,-1.1733747,2.898278,-4.9810057,-8.320695,5.547365,-2.488174,-3.4889555,-11.232834,14.948706
../data/train_data_mmini/2/Train_0005.jpg	2	1.0,1.0,-1.0,-1.0,-1.0,1.0,1.0,1.0,-1.0,1.0,-1.0,1.0,-1.0,-1.0,1.0,1.0,-1.0,-1.0,-1.0,1.0,-1.0,1.0,-1.0,1.0	10.319844,3.9706178,-4.106036,-4.2615013,-2.4834132,1.0788071,0.18796097,2.4403293,-0.8051223,17.917622,-8.372066,8.223349,-0.42553145,-4.098435,14.839114,2.7425895,-0.2660054,-2.1065595,-1.9289231,6.622073,-3.8220823,2.0189235,-7.9702783,11.640018
../data/train_data_mmini/2/Train_0006.jpg	2	1.0,1.0,-1.0,-1.0,-1.0,1.0,1.0,1.0,-1.0,1.0,-1.0,1.0,-1.0,-1.0,1.0,1.0,-1.0,-1.0,-1.0,1.0,-1.0,1.0,-1.0,1.0	14.061153,2.8381927,-5.62382,-8.685237,-3.26426,1.8795943,2.450394,5.3372817,-0.22138314,13.641812,-12.086703,8.235621,-2.417376,-3.4157228,13.722217,2.8604438,-1.5687071,-2.9907198,-6.8890867,4.086586,-1.512175,3.1944213,-6.7203836,11.685425
../data/train_data_mmini/2/Train_0007.jpg	2	1.0,1.0,1.0,-1.0,1.0,-1.0,1.0,1.0,-1.0,1.0,-1.0,1.0,1.0,-1.0,1.0,-1.0,1.0,-1.0,-1.0,1.0,-1.0,-1.0,-1.0,1.0	5.634215,0.12601274,8.125696,-3.9309347,1.9598321,-2.4086318,2.977637,3.5856507,-1.6377724,11.385536,-7.85517,2.7460332,0.47865736,-12.988013,16.800919,-2.508569,2.7196243,-5.2885466,-9.280595,2.4199352,-0.47456607,-5.086822,-12.64277,13.437239
../data/train_data_mmini/2/Train_0008.jpg	2	1.0,1.0,-1.0,-1.0,-1.0,-1.0,1.0,1.0,-1.0,1.0,-1.0,1.0,-1.0,-1.0,1.0,-1.0,1.0,-1.0,-1.0,1.0,-1.0,1.0,-1.0,1.0	8.9162245,2.4280844,-0.6326095,-11.550629,-1.318513,-0.10292471,4.844972,3.888742,-2.0422704,13.641927,-10.041696,6.7707934,-4.4318056,-8.618504,15.013045,-0.61419463,0.0963015,-7.398059,-10.461742,2.193078,-1.1762983,3.3478043,-9.14937,12.980308
../data/train_data_mmini/2/Train_0009.jpg	2	1.0,1.0,-1.0,-1.0,-1.0,1.0,1.0,1.0,-1.0,1.0,-1.0,1.0,-1.0,-1.0,1.0,1.0,1.0,-1.0,-1.0,1.0,-1.0,-1.0,-1.0,1.0	12.117376,5.082745,-5.4239764,-2.6615777,-2.7912834,1.5713303,0.43573648,2.5465152,-0.56625575,18.925404,-11.761856,10.514078,-0.47897714,-5.3862963,16.570364,1.7532306,0.09617475,-0.9268766,-5.818471,7.866881,-3.8418078,-1.1073382,-8.154799,12.26675
../data/train_data_mmini/3/Train_0010.jpg	3	1.0,1.0,-1.0,-1.0,-1.0,-1.0,1.0,-1.0,-1.0,1.0,-1.0,1.0,-1.0,-1.0,1.0,-1.0,-1.0,-1.0,-1.0,1.0,-1.0,1.0,-1.0,1.0	5.485432,3.8360267,-3.3639085,-5.001966,-0.47031966,-1.079505,2.3393517,-1.0967368,-0.44531184,12.270257,-8.481628,6.533059,-3.0161905,-5.1655936,11.727859,-2.3310103,-0.4368153,-2.8333638,-10.189232,3.8140619,-3.566406,1.8942924,-5.1808033,8.837512
../data/train_data_mmini/3/Train_0011.jpg	3	1.0,1.0,1.0,-1.0,-1.0,-1.0,-1.0,-1.0,-1.0,1.0,-1.0,1.0,-1.0,-1.0,1.0,1.0,1.0,-1.0,1.0,1.0,-1.0,1.0,-1.0,1.0	2.455671,8.367817,1.4504038,-8.163558,-1.0256346,-2.4552279,-1.2451873,-1.4045814,-2.5921502,28.796408,-5.418784,13.595108,-2.5040739,-10.777463,19.813803,0.5224604,0.87663287,-7.547423,2.5373669,10.134632,-9.620195,6.7465353,-7.598836,16.130604
../data/train_data_mmini/3/Train_0012.jpg	3	1.0,1.0,-1.0,-1.0,-1.0,1.0,-1.0,-1.0,1.0,1.0,-1.0,1.0,1.0,-1.0,1.0,1.0,1.0,-1.0,1.0,1.0,-1.0,-1.0,-1.0,1.0	10.219785,8.48313,-5.851892,-1.579359,-2.8051846,0.046665,-2.6094975,-0.23543836,0.14644642,31.518967,-12.080668,16.468376,0.6706155,-8.681551,20.100811,5.127839,0.33353296,-2.0227249,1.5223632,12.653996,-8.948586,-0.5795819,-7.760281,15.366697
../data/train_data_mmini/3/Train_0013.jpg	3	1.0,1.0,-1.0,-1.0,-1.0,1.0,1.0,1.0,-1.0,1.0,-1.0,1.0,-1.0,-1.0,1.0,1.0,-1.0,-1.0,-1.0,1.0,-1.0,1.0,-1.0,1.0	13.080018,4.9983306,-6.447195,-13.026964,-3.0838957,1.4496356,3.1644528,5.0249767,-0.42011946,17.09859,-12.603832,10.044109,-4.209071,-5.581766,14.243862,2.7617066,-2.684027,-5.3809032,-7.601974,3.8247087,-2.6980433,5.3325634,-6.2743454,12.661762
../data/train_data_mmini/3/Train_0014.jpg	3	1.0,1.0,-1.0,-1.0,-1.0,1.0,1.0,1.0,-1.0,1.0,-1.0,1.0,-1.0,-1.0,1.0,1.0,1.0,-1.0,-1.0,1.0,-1.0,1.0,-1.0,1.0	8.4674635,3.9685676,-0.53529686,-7.8510213,-1.7940401,0.21606882,2.527597,2.5354319,-2.2886841,17.067057,-9.137532,7.683824,-2.5077405,-7.8738666,15.906058,0.01202618,0.7126898,-5.526458,-5.887752,5.0828023,-3.4239352,2.6517022,-8.277141,13.580204
../data/train_data_mmini/4/Train_0015.jpg	4	1.0,1.0,-1.0,-1.0,-1.0,1.0,1.0,1.0,-1.0,1.0,-1.0,1.0,-1.0,-1.0,1.0,1.0,1.0,-1.0,-1.0,1.0,-1.0,1.0,-1.0,1.0	11.52005,5.0683393,-2.7615714,-10.639913,-1.9114813,0.32246965,2.398108,3.3742907,-0.8580026,23.682726,-12.428784,11.430089,-2.095403,-10.475167,18.964788,2.2280993,0.9774034,-6.1411157,-6.265352,6.3804584,-3.458006,2.7733333,-9.139295,16.569084
../data/train_data_mmini/4/Train_0016.jpg	4	1.0,1.0,-1.0,-1.0,-1.0,1.0,-1.0,1.0,-1.0,1.0,-1.0,1.0,1.0,-1.0,1.0,1.0,-1.0,-1.0,1.0,1.0,-1.0,1.0,-1.0,1.0	9.448696,3.396549,-1.7419294,-1.4696424,-2.812587,1.4709089,-0.36345473,3.6676977,-1.6145808,16.791426,-5.9193935,7.00438,1.2308573,-3.9728012,13.843663,2.9642658,-0.04589148,-2.576101,0.9980143,6.436204,-3.4646335,0.33056495,-8.876679,9.54951
../data/train_data_mmini/4/Train_0017.jpg	4	1.0,1.0,-1.0,-1.0,-1.0,1.0,-1.0,1.0,-1.0,1.0,-1.0,1.0,-1.0,-1.0,1.0,1.0,-1.0,-1.0,1.0,1.0,-1.0,1.0,-1.0,1.0	13.791222,6.3532176,-8.817642,-6.1736555,-4.881868,2.289756,-0.1722904,3.0333529,-0.764666,24.669233,-11.294343,13.420853,-1.886105,-3.1338022,16.593126,5.61912,-1.8066361,-2.8700638,0.39616308,10.102102,-6.228348,4.4710426,-7.2481184,12.463585
../data/train_data_mmini/4/Train_0018.jpg	4	1.0,1.0,-1.0,-1.0,-1.0,-1.0,1.0,1.0,-1.0,1.0,-1.0,1.0,-1.0,-1.0,1.0,1.0,1.0,-1.0,-1.0,1.0,-1.0,1.0,-1.0,1.0	6.330018,2.8233018,-1.9426227,-3.9282088,-0.9503197,-0.12742947,0.8976061,0.7701629,-0.61198044,12.7804985,-6.814084,5.776628,-1.3392977,-4.4540606,11.694041,0.23586161,0.22343121,-2.4457064,-4.845024,4.269933,-3.1012206,1.459196,-5.8072186,9.464173
../data/train_data_mmini/4/Train_0019.jpg	4	1.0,1.0,-1.0,-1.0,-1.0,1.0,1.0,1.0,-1.0,1.0,-1.0,1.0,-1.0,-1.0,1.0,1.0,-1.0,-1.0,-1.0,1.0,-1.0,1.0,-1.0,1.0	14.779658,4.62382,-5.514444,-9.388931,-3.3838406,1.5119038,2.0754519,4.9119153,-0.5789395,17.105125,-11.921973,9.508001,-2.0933053,-4.4523087,15.658409,3.236803,-1.3886695,-3.511164,-5.866829,5.472105,-2.6584096,3.9756005,-7.3991547,13.414442
../data/train_data_mmini/5/Train_0020.jpg	5	1.0,1.0,1.0,-1.0,1.0,-1.0,1.0,1.0,-1.0,1.0,-1.0,1.0,1.0,-1.0,1.0,-1.0,1.0,-1.0,-1.0,1.0,-1.0,-1.0,-1.0,1.0	9.536121,1.5715683,4.5874352,-1.7950052,0.7853405,-1.0742385,1.1052536,4.22779,-0.9179059,14.922046,-10.372551,4.968199,1.796002,-11.641555,19.116838,-1.0597218,2.2713988,-3.067087,-7.9667835,5.078716,-1.9128213,-6.602481,-13.73701,13.92406
../data/train_data_mmini/5/Train_0021.jpg	5	1.0,1.0,1.0,-1.0,-1.0,-1.0,1.0,1.0,-1.0,1.0,-1.0,1.0,-1.0,-1.0,1.0,1.0,1.0,-1.0,-1.0,1.0,-1.0,1.0,-1.0,1.0	10.907319,4.011453,1.4030496,-11.195907,-0.8493575,-0.33338273,4.3084183,4.4264135,-1.8395535,21.07235,-13.333005,10.309218,-3.0658534,-12.949119,20.500353,0.18354966,2.0544775,-7.9823065,-10.601283,5.260504,-2.1888528,1.1806985,-10.665115,18.274483
../data/train_data_mmini/5/Train_0022.jpg	5	1.0,1.0,1.0,-1.0,-1.0,-1.0,1.0,1.0,-1.0,1.0,-1.0,1.0,-1.0,-1.0,1.0,-1.0,1.0,-1.0,-1.0,1.0,1.0,-1.0,-1.0,1.0	9.002974,0.6146398,2.285294,-5.4291444,-0.26800534,-0.061367642,3.461301,4.6155586,-1.1212889,10.305486,-9.847106,3.9417288,-0.22868848,-8.898568,15.143486,-1.4386227,1.1176932,-3.9596715,-10.396224,2.162524,0.11723968,-3.3341799,-10.65645,11.886595
../data/train_data_mmini/5/Train_0023.jpg	5	1.0,-1.0,1.0,-1.0,1.0,-1.0,1.0,1.0,-1.0,1.0,-1.0,1.0,1.0,-1.0,1.0,-1.0,1.0,-1.0,-1.0,1.0,1.0,-1.0,-1.0,1.0	8.313225,-0.017347693,5.87848,-1.3122648,1.9811347,-1.3848697,2.3225846,4.5704193,-0.13872777,10.090716,-9.840878,3.1257114,1.8679686,-11.321083,16.840055,-2.7205791,2.206579,-2.5626347,-11.614733,2.6294816,0.36227667,-8.295192,-12.352941,12.80456
../data/train_data_mmini/5/Train_0024.jpg	5	1.0,1.0,1.0,-1.0,1.0,-1.0,1.0,1.0,-1.0,1.0,-1.0,1.0,-1.0,-1.0,1.0,1.0,1.0,-1.0,-1.0,1.0,-1.0,-1.0,-1.0,1.0	6.801495,5.246849,1.7395656,-5.1147065,0.4367124,-1.9775717,0.37197807,0.32461444,-0.71070457,22.435015,-10.502155,10.563434,-1.1497496,-12.241356,18.914213,0.7656192,2.8461373,-4.8920417,-5.1238184,7.465341,-4.674288,-0.9139617,-9.641399,15.577948
../data/train_data_mmini/6/Train_0025.jpg	6	1.0,1.0,-1.0,-1.0,-1.0,1.0,-1.0,-1.0,-1.0,1.0,-1.0,1.0,-1.0,-1.0,1.0,1.0,-1.0,-1.0,1.0,1.0,-1.0,1.0,-1.0,1.0	9.149641,7.6409907,-6.4447203,-4.4456205,-3.7543986,1.3227707,-0.6830188,-0.052764196,-1.335992,24.354353,-7.9918385,12.403529,-1.5701725,-4.45155,16.09314,3.8108294,-0.37620115,-2.9379246,1.4923346,9.839229,-7.267294,4.757191,-5.709339,12.464658
../data/train_data_mmini/6/Train_0026.jpg	6	1.0,1.0,1.0,1.0,-1.0,-1.0,-1.0,1.0,-1.0,1.0,-1.0,1.0,1.0,-1.0,1.0,1.0,1.0,-1.0,-1.0,1.0,-1.0,-1.0,-1.0,1.0	7.9893103,3.8503294,0.73788285,0.9528717,-0.21334825,-1.6353811,-1.0295807,0.26514563,-0.8315234,17.759455,-9.210441,7.9334083,1.3137277,-8.516332,17.430817,1.1486187,2.1272285,-2.7274337,-2.963802,8.38831,-5.081709,-1.774939,-9.010895,12.42912
../data/train_data_mmini/6/Train_0027.jpg	6	1.0,1.0,-1.0,-1.0,-1.0,1.0,-1.0,-1.0,-1.0,1.0,-1.0,1.0,-1.0,-1.0,1.0,1.0,-1.0,-1.0,-1.0,1.0,-1.0,1.0,-1.0,1.0	6.4148145,6.94784,-5.89372,-1.6551318,-2.5136,0.03588699,-0.7366242,-2.0736687,-0.8538268,22.694265,-7.1286335,11.370637,-0.9064292,-4.48577,16.165144,1.3173527,-0.554669,-1.7036757,-0.5828243,9.625692,-8.296911,3.3325922,-5.8797917,11.887407
../data/train_data_mmini/6/Train_0028.jpg	6	1.0,1.0,1.0,-1.0,-1.0,-1.0,1.0,1.0,-1.0,1.0,-1.0,1.0,-1.0,-1.0,1.0,-1.0,1.0,-1.0,-1.0,1.0,-1.0,1.0,-1.0,1.0	3.7708097,3.96879,4.422376,-9.410944,-0.19474931,-1.9068799,2.800177,1.4169515,-3.8048975,18.27709,-6.522977,7.36878,-4.4401073,-11.199699,16.66511,-0.72862065,1.5495276,-9.693641,-3.8708303,5.4195313,-4.5748296,4.383266,-9.289328,14.428821
../data/train_data_mmini/6/Train_0029.jpg	6	1.0,1.0,-1.0,-1.0,-1.0,1.0,1.0,1.0,1.0,1.0,-1.0,1.0,-1.0,-1.0,1.0,1.0,-1.0,-1.0,-1.0,1.0,-1.0,1.0,-1.0,1.0	13.300205,7.2911706,-11.818534,-7.079945,-3.711257,2.5620482,0.7013572,2.0753915,0.70025235,21.048756,-12.4897785,13.104048,-2.84674,-3.0545244,14.170286,3.3270068,-3.0327446,-0.61033994,-5.3663697,7.1886444,-4.715933,3.6957436,-5.2598376,11.6434145
../data/train_data_mmini/7/Train_0030.jpg	7	1.0,1.0,-1.0,-1.0,-1.0,1.0,1.0,1.0,-1.0,1.0,-1.0,1.0,1.0,-1.0,1.0,1.0,-1.0,-1.0,-1.0,1.0,-1.0,-1.0,-1.0,1.0	14.353687,3.7429323,-3.7678673,-2.7056108,-3.6617224,2.1989324,0.026722655,5.187356,-0.69383746,18.956978,-10.533216,9.053173,1.4714221,-5.3919,17.455622,4.130082,-0.12288838,-2.0013254,-2.2316365,6.8144383,-2.6267738,-0.8831602,-9.685361,13.105601
../data/train_data_mmini/7/Train_0031.jpg	7	1.0,1.0,-1.0,-1.0,-1.0,1.0,1.0,1.0,-1.0,1.0,-1.0,1.0,-1.0,-1.0,1.0,1.0,-1.0,-1.0,-1.0,1.0,-1.0,1.0,-1.0,1.0	12.385049,4.124351,-6.025107,-5.442708,-3.0941703,1.6079965,1.086759,3.322411,-0.46876746,18.152788,-12.094812,9.967344,-1.979556,-5.240046,14.9496565,2.5601022,-0.5587287,-2.2337859,-5.9417253,6.7431097,-3.3271973,0.2520535,-8.64828,11.29706
../data/train_data_mmini/7/Train_0032.jpg	7	1.0,1.0,-1.0,-1.0,-1.0,-1.0,-1.0,-1.0,-1.0,1.0,-1.0,1.0,-1.0,-1.0,1.0,1.0,1.0,-1.0,-1.0,1.0,-1.0,1.0,-1.0,1.0	7.4751563,8.573342,-4.784722,-8.734886,-2.568968,-0.4691888,-0.10751279,-1.0831937,-1.6340061,28.733416,-9.028112,14.460329,-3.4993865,-8.45001,19.42661,2.0109906,0.2380587,-5.638111,-0.78335065,10.56424,-9.212795,6.097964,-7.260424,15.327918
../data/train_data_mmini/7/Train_0033.jpg	7	1.0,1.0,-1.0,1.0,-1.0,-1.0,-1.0,1.0,-1.0,1.0,-1.0,1.0,1.0,-1.0,1.0,1.0,1.0,-1.0,-1.0,1.0,-1.0,-1.0,-1.0,1.0	8.24425,5.24498,-2.3025692,2.387303,-1.344753,-0.28158072,-2.0020857,0.19627805,-0.35672206,18.297855,-8.10613,9.015414,1.33546,-5.581736,14.939925,1.9945414,0.48068497,-0.6658663,-0.88792425,9.29173,-6.3510942,-1.7520926,-7.6198487,9.803731
../data/train_data_mmini/7/Train_0034.jpg	7	-1.0,1.0,1.0,-1.0,1.0,-1.0,-1.0,-1.0,-1.0,1.0,-1.0,1.0,-1.0,-1.0,1.0,-1.0,1.0,-1.0,-1.0,1.0,-1.0,1.0,-1.0,1.0	-1.9586767,7.775669,3.9865592,-7.995176,1.9281918,-5.0273314,-1.199386,-3.0673406,-2.3913646,25.88235,-2.3316178,12.190053,-3.3587499,-12.011244,18.685476,-2.5682335,1.4453984,-8.919034,-0.6820935,7.800099,-9.469899,7.6693773,-7.009676,15.813214
../data/train_data_mmini/8/Train_0035.jpg	8	1.0,1.0,-1.0,-1.0,-1.0,1.0,1.0,1.0,-1.0,1.0,-1.0,1.0,-1.0,-1.0,1.0,1.0,-1.0,-1.0,-1.0,1.0,-1.0,1.0,-1.0,1.0	10.614784,4.988605,-6.597443,-8.962113,-2.6972578,1.2947701,2.4615605,2.427375,-0.84950817,18.514069,-11.204168,10.248369,-3.4517078,-5.195436,14.639151,1.2619175,-1.299928,-3.7907908,-7.269964,5.0991225,-3.4897292,3.9968917,-6.0333676,12.523146
../data/train_data_mmini/8/Train_0036.jpg	8	1.0,1.0,-1.0,-1.0,-1.0,1.0,1.0,1.0,-1.0,1.0,-1.0,1.0,-1.0,-1.0,1.0,1.0,-1.0,-1.0,-1.0,1.0,-1.0,1.0,-1.0,1.0	10.503864,4.7702026,-5.8674293,-5.957533,-3.5720375,1.9426636,0.6270476,2.2520413,-1.7024504,18.88123,-8.319353,9.505137,-1.970842,-3.47567,14.202769,3.1892016,-0.8210978,-3.2220356,-1.3898464,6.9025416,-4.5079284,4.030335,-6.84336,11.011962
../data/train_data_mmini/8/Train_0037.jpg	8	1.0,1.0,-1.0,-1.0,-1.0,-1.0,-1.0,-1.0,-1.0,1.0,-1.0,1.0,-1.0,-1.0,1.0,1.0,1.0,-1.0,1.0,1.0,-1.0,1.0,-1.0,1.0	6.9586363,8.130726,-3.4083958,-6.192993,-2.374228,-0.7321823,-0.6042153,-1.237927,-1.9009025,28.351274,-8.561275,14.002144,-2.4255595,-8.256948,19.901735,1.9911993,0.93405473,-5.4311824,0.13801867,11.154925,-9.0038395,5.07533,-8.090641,15.442062
../data/train_data_mmini/8/Train_0038.jpg	8	1.0,1.0,-1.0,-1.0,-1.0,1.0,1.0,1.0,-1.0,1.0,-1.0,1.0,-1.0,-1.0,1.0,1.0,-1.0,-1.0,-1.0,1.0,-1.0,1.0,-1.0,1.0	11.817541,4.227788,-5.305822,-9.384573,-2.7181954,1.749454,2.8095582,3.8741276,-1.4101968,19.518133,-11.618954,10.078216,-2.8043637,-6.730044,16.28895,1.6296531,-0.37010008,-4.7153354,-7.103634,5.3047767,-2.930446,2.7904036,-8.86478,13.541895
../data/train_data_mmini/8/Train_0039.jpg	8	1.0,1.0,-1.0,-1.0,-1.0,1.0,1.0,1.0,-1.0,1.0,-1.0,1.0,-1.0,-1.0,1.0,1.0,-1.0,-1.0,-1.0,1.0,-1.0,1.0,-1.0,1.0	10.224577,7.2908635,-9.348341,-7.575002,-3.4787033,1.3648194,0.7781302,0.36043653,-0.43772393,22.61541,-10.530743,12.868732,-3.6292984,-3.8466835,14.897737,2.8023987,-2.1230164,-2.3582659,-3.1808052,7.830015,-6.167905,5.9809127,-4.4910226,12.1028
../data/train_data_mmini/9/Train_0040.jpg	9	1.0,1.0,1.0,-1.0,-1.0,-1.0,1.0,1.0,-1.0,1.0,-1.0,1.0,-1.0,-1.0,1.0,1.0,1.0,-1.0,-1.0,1.0,-1.0,1.0,-1.0,1.0	10.069515,4.7519603,0.77742875,-9.080848,-1.3415203,-0.30762136,2.9725256,3.2258098,-1.9928442,22.541815,-12.258067,10.455809,-2.4472935,-12.449075,20.474773,0.6828142,1.8581564,-7.058598,-7.752699,6.256914,-3.4122047,0.82807153,-11.147039,17.406094
../data/train_data_mmini/9/Train_0041.jpg	9	1.0,1.0,-1.0,-1.0,-1.0,-1.0,-1.0,-1.0,-1.0,1.0,-1.0,1.0,1.0,-1.0,1.0,1.0,-1.0,-1.0,-1.0,1.0,-1.0,1.0,-1.0,1.0	5.2085633,4.991657,-0.54021764,-0.5359571,-0.90836024,-0.7189268,-0.7555731,-0.018563349,-1.4537908,18.392183,-6.2134094,7.877027,0.4146902,-6.3633695,14.756688,0.7352363,-0.4988205,-2.2059362,-0.5178243,7.6968813,-6.631327,0.15328936,-7.604777,9.927086
../data/train_data_mmini/9/Train_0042.jpg	9	1.0,1.0,-1.0,-1.0,-1.0,-1.0,1.0,1.0,-1.0,1.0,-1.0,1.0,-1.0,-1.0,1.0,1.0,1.0,-1.0,-1.0,1.0,-1.0,1.0,-1.0,1.0	8.568928,6.9052773,-0.75096,-11.066327,-0.8555755,-1.027673,2.061938,1.6239676,-1.1816317,27.122126,-11.732475,12.620605,-2.987066,-12.8713,20.855738,0.97130865,1.7264031,-7.492258,-6.26093,6.9517193,-5.2167397,3.1117954,-9.976806,17.940361
../data/train_data_mmini/9/Train_0043.jpg	9	1.0,1.0,-1.0,-1.0,-1.0,1.0,1.0,1.0,-1.0,1.0,-1.0,1.0,-1.0,-1.0,1.0,1.0,1.0,-1.0,-1.0,1.0,-1.0,1.0,-1.0,1.0	12.128154,2.877698,-1.8220574,-10.735406,-2.1713002,0.8220387,4.2611575,5.3209257,-1.4076778,15.606457,-12.292423,7.755384,-2.6049714,-7.994504,17.294567,0.038864005,0.1778607,-5.5424294,-10.590564,3.170479,-1.0743189,2.2316196,-9.647562,15.115759
../data/train_data_mmini/9/Train_0044.jpg	9	1.0,1.0,-1.0,-1.0,-1.0,1.0,1.0,1.0,1.0,1.0,-1.0,1.0,-1.0,-1.0,1.0,1.0,-1.0,-1.0,-1.0,1.0,-1.0,1.0,-1.0,1.0	15.116902,7.506994,-9.826686,-7.117087,-4.099973,1.9089388,0.63646924,2.9189205,0.42027515,25.969463,-14.726427,14.31388,-1.9412616,-6.0629196,18.562365,4.208362,-1.1858915,-1.7894777,-5.1746283,9.049761,-5.0847063,2.4706624,-7.8296714,15.235926
../data/train_data_mmini/10/Train_0045.jpg	10	1.0,1.0,-1.0,-1.0,-1.0,1.0,1.0,-1.0,1.0,1.0,-1.0,1.0,-1.0,-1.0,1.0,1.0,-1.0,-1.0,-1.0,1.0,-1.0,1.0,-1.0,1.0	8.397794,6.87485,-10.379378,-5.9259567,-3.3416603,0.5819801,0.3155876,-1.9508069,0.0025519836,19.953415,-7.9378786,12.3973,-3.8141017,-0.7686466,12.311499,2.0885153,-2.2753952,-1.6254472,-1.8030092,8.746818,-6.9553995,6.7642035,-2.8092072,9.4435215
../data/train_data_mmini/10/Train_0046.jpg	10	1.0,1.0,-1.0,-1.0,-1.0,1.0,1.0,-1.0,-1.0,1.0,-1.0,1.0,-1.0,-1.0,1.0,1.0,-1.0,-1.0,-1.0,1.0,-1.0,1.0,-1.0,1.0	8.659841,8.255232,-8.228077,-7.653577,-3.4593303,0.5513527,0.19455354,-1.2981323,-0.76822007,25.64857,-8.675897,14.099353,-3.612218,-4.579757,16.317183,2.4679792,-0.92128164,-3.2150252,-0.3679301,10.075887,-7.9877615,7.0011125,-4.9274936,12.904434
../data/train_data_mmini/10/Train_0047.jpg	10	1.0,1.0,-1.0,-1.0,-1.0,1.0,1.0,1.0,-1.0,1.0,-1.0,1.0,-1.0,-1.0,1.0,1.0,-1.0,-1.0,-1.0,1.0,-1.0,1.0,-1.0,1.0	10.040605,6.871675,-6.682738,-11.89249,-3.104801,0.4727521,1.9420614,0.86746883,-1.5771856,24.569517,-9.308244,12.901944,-4.9427505,-5.8334756,17.424643,2.1372705,-1.2142012,-6.1665874,-3.1363075,7.579251,-6.543149,9.023014,-6.2246623,14.634838
../data/train_data_mmini/10/Train_0048.jpg	10	1.0,1.0,-1.0,-1.0,-1.0,1.0,1.0,1.0,1.0,1.0,-1.0,1.0,-1.0,-1.0,1.0,1.0,-1.0,-1.0,-1.0,1.0,-1.0,1.0,-1.0,1.0	12.391422,7.359019,-12.193558,-6.5905843,-4.232341,2.2491672,0.14937286,0.4670219,0.3513226,22.727356,-10.896998,13.7658615,-3.1355946,-1.6595825,14.352387,4.131193,-3.0278187,-0.94007224,-2.0866506,8.805577,-6.043541,6.0765686,-4.559628,11.325821
../data/train_data_mmini/10/Train_0049.jpg	10	1.0,1.0,-1.0,-1.0,-1.0,1.0,1.0,-1.0,-1.0,1.0,-1.0,1.0,-1.0,-1.0,1.0,1.0,-1.0,-1.0,-1.0,1.0,-1.0,1.0,-1.0,1.0	8.656908,7.691389,-7.461938,-9.401979,-2.8577485,0.28949904,1.4503232,-0.47456244,-0.91617554,24.401218,-9.640908,13.19858,-4.3456693,-5.940018,16.59527,1.4211679,-0.98087454,-4.418085,-3.8501265,8.019001,-7.087677,7.0738277,-5.423116,13.7117195
