../data/train_data_mmini/1/Train_0000.jpg	1	1.0,-1.0,-1.0,1.0,1.0,1.0,1.0,1.0	4.379959,-0.5272716,-2.9887233,2.8943741,3.0505588,9.2361965,8.04028,0.19745888
../data/train_data_mmini/1/Train_0001.jpg	1	1.0,-1.0,-1.0,1.0,1.0,1.0,1.0,-1.0	4.2065444,-0.42290017,-2.862004,2.996043,3.09597,8.931083,6.863417,-0.41034395
../data/train_data_mmini/1/Train_0002.jpg	1	1.0,-1.0,-1.0,1.0,1.0,1.0,1.0,1.0	3.4635992,-0.64131856,-1.9635552,2.2783728,2.5217018,7.1083508,5.8050117,0.173983
../data/train_data_mmini/1/Train_0003.jpg	1	1.0,-1.0,-1.0,1.0,1.0,1.0,1.0,1.0	4.8852634,-0.62639904,-3.205794,2.8912416,3.2712765,9.531519,8.854924,0.45983946
../data/train_data_mmini/1/Train_0004.jpg	1	1.0,-1.0,-1.0,1.0,1.0,1.0,1.0,1.0	4.927257,-0.5211964,-3.3025055,2.806931,3.1731281,9.189407,8.497045,0.4032824
../data/train_data_mmini/2/Train_0005.jpg	2	1.0,-1.0,-1.0,1.0,1.0,1.0,1.0,1.0	3.9367292,-0.30163637,-2.5483994,2.0967155,2.5112512,7.44624,6.2244277,0.121832386
../data/train_data_mmini/2/Train_0006.jpg	2	1.0,-1.0,-1.0,1.0,1.0,1.0,1.0,-1.0	3.0186179,-0.7150267,-2.469102,3.0513334,3.0100923,7.915845,5.0735784,-1.1328584
../data/train_data_mmini/2/Train_0007.jpg	2	1.0,-1.0,-1.0,1.0,1.0,1.0,1.0,1.0	5.3071213,-0.60694647,-3.5608532,3.0064328,3.210645,9.564174,9.663881,0.6482142
../data/train_data_mmini/2/Train_0008.jpg	2	1.0,-1.0,-1.0,1.0,1.0,1.0,1.0,-1.0	3.758082,-0.3717853,-2.5247874,2.2202904,2.6322458,7.2481675,6.3211513,-0.024167167
../data/train_data_mmini/2/Train_0009.jpg	2	1.0,-1.0,-1.0,1.0,1.0,1.0,1.0,1.0	4.7271132,-0.7672417,-3.0583389,2.8879087,3.1901858,9.742024,7.9569263,0.053802144
../data/train_data_mmini/3/Train_0010.jpg	3	1.0,-1.0,-1.0,1.0,1.0,1.0,1.0,1.0	3.6034873,-0.26503888,-1.9095737,2.1113756,2.2718892,6.1182137,4.736477,0.07326324
../data/train_data_mmini/3/Train_0011.jpg	3	1.0,-1.0,-1.0,1.0,1.0,1.0,1.0,1.0	3.158746,-0.5327324,-1.9753983,1.7460324,2.1133492,6.6099834,4.7828383,0.22793145
../data/train_data_mmini/3/Train_0012.jpg	3	1.0,-1.0,-1.0,1.0,1.0,1.0,1.0,1.0	4.3340664,-1.316098,-2.6696699,2.776481,2.8727386,8.598993,6.744797,0.26005912
../data/train_data_mmini/3/Train_0013.jpg	3	1.0,-1.0,-1.0,1.0,1.0,1.0,1.0,-1.0	3.2649524,-0.4143342,-2.4277475,2.3245199,2.693056,7.0971785,5.1293483,-0.8073649
../data/train_data_mmini/3/Train_0014.jpg	3	1.0,-1.0,-1.0,1.0,1.0,1.0,1.0,-1.0	3.8661778,-0.65044075,-2.522009,2.3795376,2.5465918,8.342066,6.290935,-0.27477264
../data/train_data_mmini/4/Train_0015.jpg	4	1.0,-1.0,-1.0,1.0,1.0,1.0,1.0,1.0	3.986469,-0.75536823,-2.9878197,2.440974,2.726711,8.027374,7.585488,0.17506357
../data/train_data_mmini/4/Train_0016.jpg	4	1.0,-1.0,-1.0,1.0,1.0,1.0,1.0,1.0	3.3681128,-0.43509158,-2.0648484,1.5903593,1.9654933,6.394153,5.34534,0.3163296
../data/train_data_mmini/4/Train_0017.jpg	4	1.0,-1.0,-1.0,1.0,1.0,1.0,1.0,-1.0	3.069051,-0.8699423,-2.5481203,2.9126313,2.8399503,7.4074225,4.4898214,-0.9161892
../data/train_data_mmini/4/Train_0018.jpg	4	1.0,-1.0,-1.0,1.0,1.0,1.0,1.0,1.0	3.484207,-0.2581806,-2.2541454,1.8729633,2.1592042,6.1165576,5.0094056,0.025166107
../data/train_data_mmini/4/Train_0019.jpg	4	1.0,-1.0,-1.0,1.0,1.0,1.0,1.0,-1.0	2.9739833,-0.18935217,-2.6468344,2.323795,2.9787943,6.949885,5.3625374,-0.9693304
../data/train_data_mmini/5/Train_0020.jpg	5	1.0,-1.0,-1.0,1.0,1.0,1.0,1.0,1.0	5.085209,-0.6476092,-3.4663765,3.0643833,3.2993193,9.630858,9.135302,0.20653011
../data/train_data_mmini/5/Train_0021.jpg	5	1.0,-1.0,-1.0,1.0,1.0,1.0,1.0,1.0	4.744461,-0.70622826,-3.3482683,3.0050917,3.1657803,10.246313,8.814582,0.18649311
../data/train_data_mmini/5/Train_0022.jpg	5	1.0,-1.0,-1.0,1.0,1.0,1.0,1.0,1.0	4.740523,-0.49416324,-3.2071166,2.7946508,3.1810296,8.976006,8.488466,0.26496148
../data/train_data_mmini/5/Train_0023.jpg	5	1.0,-1.0,-1.0,1.0,1.0,1.0,1.0,1.0	4.9055367,-0.5980856,-3.238655,3.0936925,3.1177597,9.760299,9.220247,0.3834532
../data/train_data_mmini/5/Train_0024.jpg	5	1.0,-1.0,-1.0,1.0,1.0,1.0,1.0,1.0	5.0995283,-0.9118549,-3.2349448,2.7683017,2.90459,9.30395,8.958088,0.76338124
../data/train_data_mmini/6/Train_0025.jpg	6	1.0,-1.0,-1.0,1.0,1.0,1.0,1.0,1.0	3.738582,-0.84593433,-2.1146922,1.4424745,2.1817837,6.8949075,5.6158385,0.5482871
../data/train_data_mmini/6/Train_0026.jpg	6	1.0,-1.0,-1.0,1.0,1.0,1.0,1.0,-1.0	4.605171,-0.6047229,-3.3802886,3.17035,3.5285063,8.759421,6.878139,-0.57187384
../data/train_data_mmini/6/Train_0027.jpg	6	1.0,-1.0,-1.0,1.0,1.0,1.0,1.0,1.0	3.298792,-0.56713855,-1.6213328,1.7327449,1.9194306,6.6849566,4.6178226,0.26294225
../data/train_data_mmini/6/Train_0028.jpg	6	1.0,-1.0,-1.0,1.0,1.0,1.0,1.0,1.0	4.0848904,-0.5478041,-2.4722886,2.3572137,2.457044,7.8393626,6.2176895,0.28848726
../data/train_data_mmini/6/Train_0029.jpg	6	1.0,-1.0,-1.0,1.0,1.0,1.0,1.0,1.0	3.8691707,-0.64489436,-2.3349285,1.8870457,2.7382047,7.0625496,6.1439657,0.21875884
../data/train_data_mmini/7/Train_0030.jpg	7	1.0,-1.0,-1.0,1.0,1.0,1.0,1.0,-1.0	4.2724233,-0.671375,-3.2642708,2.8617854,3.1171362,9.829933,7.941709,-0.16089265
../data/train_data_mmini/7/Train_0031.jpg	7	1.0,-1.0,-1.0,1.0,1.0,1.0,1.0,-1.0	4.702615,-0.7551879,-2.9002364,2.8699527,3.1338515,9.0990095,6.941238,-0.21350388
../data/train_data_mmini/7/Train_0032.jpg	7	1.0,-1.0,-1.0,1.0,1.0,1.0,1.0,1.0	3.5023618,-0.6681977,-2.0596423,1.9870689,2.0415256,7.6504226,5.088022,0.0073957574
../data/train_data_mmini/7/Train_0033.jpg	7	1.0,-1.0,-1.0,1.0,1.0,1.0,1.0,-1.0	4.449949,-0.9106156,-2.732826,2.8749495,2.9889781,9.116044,7.282911,-0.091155335
../data/train_data_mmini/7/Train_0034.jpg	7	1.0,-1.0,-1.0,1.0,1.0,1.0,1.0,1.0	3.69781,-0.44721887,-1.6701436,1.2611622,1.4330868,5.952557,4.575844,1.0646478
../data/train_data_mmini/8/Train_0035.jpg	8	1.0,-1.0,-1.0,1.0,1.0,1.0,1.0,1.0	4.164602,-0.6286411,-2.5900128,2.542232,2.5577946,8.552869,6.8891816,0.11807074
../data/train_data_mmini/8/Train_0036.jpg	8	1.0,-1.0,-1.0,1.0,1.0,1.0,1.0,1.0	4.692913,-0.7989932,-2.6452348,2.4324389,2.6513941,8.545468,6.9261374,0.3662426
../data/train_data_mmini/8/Train_0037.jpg	8	1.0,-1.0,-1.0,1.0,1.0,1.0,1.0,1.0	4.5367956,-0.76299834,-3.0057778,2.4588501,2.9254463,8.474238,6.9209976,0.14156283
../data/train_data_mmini/8/Train_0038.jpg	8	1.0,-1.0,-1.0,1.0,1.0,1.0,1.0,1.0	4.1915007,-0.61716944,-2.5582662,2.2770755,2.6189768,8.521441,7.0709257,0.25660378
../data/train_data_mmini/8/Train_0039.jpg	8	1.0,-1.0,-1.0,1.0,1.0,1.0,1.0,-1.0	4.119465,-0.76087517,-2.538776,2.6409473,2.8548138,8.520609,6.6349044,-0.04406147
../data/train_data_mmini/9/Train_0040.jpg	9	1.0,-1.0,-1.0,1.0,1.0,1.0,1.0,1.0	5.0219946,-0.63771546,-3.6891751,2.8960068,3.3993282,9.691931,9.206772,0.30992585
../data/train_data_mmini/9/Train_0041.jpg	9	1.0,-1.0,-1.0,1.0,1.0,1.0,1.0,-1.0	4.3462586,-0.6062517,-2.3907483,2.3935812,2.6017323,7.7353344,5.9782476,-0.052396346
../data/train_data_mmini/9/Train_0042.jpg	9	1.0,-1.0,-1.0,1.0,1.0,1.0,1.0,1.0	4.7889714,-0.6423149,-3.3656049,2.3638177,2.8751595,8.002805,8.252028,0.5632234
../data/train_data_mmini/9/Train_0043.jpg	9	1.0,-1.0,-1.0,1.0,1.0,1.0,1.0,-1.0	4.715773,-0.48990217,-3.3590133,3.0104196,3.334108,9.519139,8.360349,-0.12576507
../data/train_data_mmini/9/Train_0044.jpg	9	1.0,-1.0,-1.0,1.0,1.0,1.0,1.0,-1.0	4.259143,-0.77118427,-3.030699,2.6552875,3.2537196,8.762093,7.4240947,-0.17291097
../data/train_data_mmini/10/Train_0045.jpg	10	1.0,-1.0,-1.0,1.0,1.0,1.0,1.0,1.0	2.9792821,-0.45047808,-1.3836625,1.291255,1.6765939,5.2710395,3.2613568,0.0446514
../data/train_data_mmini/10/Train_0046.jpg	10	1.0,-1.0,-1.0,1.0,1.0,1.0,1.0,-1.0	2.3061523,-0.39310148,-1.4168646,1.321756,1.7698804,4.8674045,3.7049172,-0.03924026
../data/train_data_mmini/10/Train_0047.jpg	10	1.0,-1.0,-1.0,1.0,1.0,1.0,1.0,1.0	4.2829967,-0.56092817,-2.4536097,2.1364934,2.490688,8.036433,6.314828,0.33014566
../data/train_data_mmini/10/Train_0048.jpg	10	1.0,-1.0,-1.0,1.0,1.0,1.0,1.0,1.0	3.9230554,-0.6241501,-1.9947244,1.4464465,1.8166395,6.6541786,5.8811064,0.9624588
../data/train_data_mmini/10/Train_0049.jpg	10	1.0,-1.0,-1.0,1.0,1.0,1.0,1.0,1.0	4.105295,-0.68274915,-2.6273923,2.270936,2.6323779,8.126857,6.6078053,0.023164643
