../data/train_data_mmini/1/Train_0000.jpg	1	-1.0,1.0,1.0,-1.0,1.0,1.0,1.0,-1.0,1.0,-1.0,-1.0,1.0,-1.0,-1.0,-1.0,1.0,-1.0,-1.0,1.0,1.0,1.0,1.0,-1.0,-1.0	-1.183383,0.8715677,2.2967877,-1.6262782,0.9620079,0.51558316,2.1952589,-0.31562436,3.0834327,-1.0031714,-1.827136,0.3688477,-3.0316732,-2.262131,-0.73117375,2.0148058,-3.2650688,-1.4391955,1.2730093,0.4198735,2.7953959,0.3789369,-2.630774,-1.3582405
../data/train_data_mmini/1/Train_0001.jpg	1	-1.0,-1.0,-1.0,-1.0,-1.0,1.0,1.0,1.0,1.0,1.0,1.0,-1.0,-1.0,1.0,-1.0,1.0,1.0,-1.0,-1.0,1.0,1.0,-1.0,1.0,-1.0	-0.9062388,-2.6409152,-0.060928162,-2.3384542,-0.66486096,2.3143127,1.7200348,0.48472267,1.3985617,2.349924,2.2876368,-2.000062,-1.7186495,2.22221,-0.6780432,3.1916337,0.34748995,-0.8462628,-0.63369316,1.5552043,0.963554,-0.36321744,3.2667859,-0.8371746
../data/train_data_mmini/1/Train_0002.jpg	1	-1.0,1.0,1.0,-1.0,1.0,1.0,1.0,1.0,1.0,1.0,-1.0,-1.0,-1.0,1.0,-1.0,1.0,1.0,-1.0,1.0,-1.0,1.0,1.0,-1.0,-1.0	-1.123533,3.3141997,1.3266214,-0.74860877,1.5422292,0.0027554594,2.336119,0.02345619,0.60396,3.1266987,-2.3062053,-0.5119961,-1.4588596,2.6058314,-1.5086045,2.3809924,0.18962109,-2.2368526,0.543197,-1.7210903,0.3545406,0.401254,-0.7472369,-3.4139378
../data/train_data_mmini/1/Train_0003.jpg	1	-1.0,-1.0,1.0,-1.0,1.0,-1.0,1.0,-1.0,1.0,-1.0,-1.0,1.0,-1.0,-1.0,1.0,1.0,-1.0,-1.0,-1.0,1.0,1.0,1.0,1.0,1.0	-0.57857484,-1.6341187,1.5077276,-4.3532352,0.7465148,-1.1314932,0.85334927,-0.3662943,2.1741123,-1.9044949,-0.7124677,0.7393562,-1.2272989,-3.0722795,0.07197585,2.2422223,-1.2899866,-1.3922892,-0.2841947,2.7499218,2.157477,0.63227457,0.045812655,0.8961832
../data/train_data_mmini/1/Train_0004.jpg	1	-1.0,-1.0,1.0,-1.0,1.0,1.0,1.0,-1.0,1.0,-1.0,-1.0,-1.0,1.0,-1.0,-1.0,1.0,-1.0,1.0,1.0,1.0,1.0,-1.0,-1.0,1.0	-4.0576444,-0.94026816,0.49475282,-1.4032711,0.29527074,1.2072226,1.2325853,-1.4360898,3.1763132,-2.8716245,-0.7592224,-0.54908377,0.13161282,-0.06721308,-0.14626276,1.4554541,-3.2257428,0.21497065,1.9577357,0.7729006,3.272202,-1.2419481,-2.4202392,0.5966978
../data/train_data_mmini/2/Train_0005.jpg	2	1.0,1.0,-1.0,1.0,-1.0,-1.0,1.0,1.0,-1.0,1.0,1.0,-1.0,-1.0,-1.0,1.0,-1.0,1.0,1.0,-1.0,-1.0,-1.0,1.0,-1.0,-1.0	1.6582757,0.88258874,-0.34139097,0.6135424,-2.5337293,-0.55973125,2.995836,0.6644698,-1.9953432,0.45138493,1.0521593,-0.96826154,-1.3011376,-2.381111,1.8522753,-2.8520799,0.45967326,0.017591339,-0.3425733,-0.43277156,-0.5539153,0.060229983,-1.3075485,-0.57211834
../data/train_data_mmini/2/Train_0006.jpg	2	1.0,1.0,-1.0,-1.0,-1.0,-1.0,1.0,1.0,-1.0,1.0,1.0,-1.0,-1.0,-1.0,1.0,1.0,1.0,-1.0,-1.0,-1.0,1.0,-1.0,-1.0,-1.0	1.8007237,3.6223547,-1.8835872,-0.5440601,-2.4686098,-2.757747,3.479993,0.32638332,-4.5743155,2.5672112,0.19354899,-0.896498,-3.2437344,-2.9000576,0.57624453,0.9660129,1.5853719,-0.6927571,-1.4957356,-1.7645228,3.9456105,-0.07968031,-1.4595102,-0.04978602
../data/train_data_mmini/2/Train_0007.jpg	2	-1.0,-1.0,1.0,1.0,-1.0,1.0,1.0,-1.0,1.0,1.0,-1.0,-1.0,-1.0,-1.0,1.0,1.0,-1.0,1.0,1.0,-1.0,1.0,1.0,-1.0,-1.0	-1.8575784,-1.7555693,1.4795994,0.43067914,-1.1493512,0.6498118,1.6782042,-0.49758524,2.8273458,0.010631266,-1.7395393,-1.5644296,-3.435463,-3.159313,0.96317357,1.7616541,-5.588203,1.1441463,1.147032,-0.2893778,1.0261542,1.023405,-2.3802192,-0.9846289
../data/train_data_mmini/2/Train_0008.jpg	2	1.0,1.0,-1.0,1.0,1.0,1.0,1.0,-1.0,1.0,1.0,-1.0,1.0,1.0,1.0,1.0,1.0,-1.0,1.0,1.0,-1.0,1.0,1.0,1.0,-1.0	1.7610203,2.6243489,-2.1348696,1.1453265,2.2863116,4.0235195,0.13034666,-2.0754635,1.3161309,2.5773942,-4.7344904,0.03273473,2.522062,2.29752,0.4231544,0.34261113,-1.5492786,0.4716661,0.16154873,-0.8587418,0.16886307,0.5399191,0.3029759,-0.7104485
../data/train_data_mmini/2/Train_0009.jpg	2	-1.0,-1.0,1.0,1.0,1.0,1.0,-1.0,1.0,-1.0,-1.0,1.0,1.0,-1.0,-1.0,1.0,-1.0,1.0,1.0,1.0,1.0,-1.0,-1.0,-1.0,1.0	-3.1088166,-1.4102652,1.3904058,0.22071964,1.3714731,0.94263995,-2.5469456,0.87624794,-0.6642392,-1.5502379,0.6208728,0.08704194,-4.163926,-4.0147414,2.014877,-0.96094525,0.5758941,1.6907145,1.6135503,0.008052304,-0.5751218,-0.33929777,-1.3768413,3.0015745
../data/train_data_mmini/3/Train_0010.jpg	3	1.0,-1.0,-1.0,-1.0,-1.0,1.0,-1.0,-1.0,1.0,-1.0,1.0,-1.0,-1.0,1.0,1.0,1.0,-1.0,1.0,-1.0,1.0,-1.0,-1.0,1.0,1.0	0.36246184,-2.5220778,-1.5704883,-0.060436793,-0.7775128,3.0057516,-0.23430814,-0.5927163,0.028557163,-2.5868871,3.3527017,-0.8679225,-1.4950619,2.5969734,0.15690926,0.21977906,-1.5446333,2.5223672,-0.7477272,1.2639668,-3.1195738,-1.4843457,1.3652942,1.7643254
../data/train_data_mmini/3/Train_0011.jpg	3	-1.0,-1.0,-1.0,1.0,1.0,1.0,-1.0,1.0,-1.0,1.0,-1.0,-1.0,-1.0,1.0,-1.0,-1.0,1.0,-1.0,1.0,-1.0,1.0,-1.0,1.0,-1.0	-2.8918552,-1.2459337,-0.72592837,1.4922426,0.44791913,1.9902102,-0.4111709,0.643426,-0.015800614,2.6548526,-1.2410133,-2.2601593,-1.1284666,3.6353037,-2.3051026,-2.307946,0.83625907,-2.2495863,1.2242478,-1.6059813,0.22684179,-1.2124355,1.2177035,-2.8787477
../data/train_data_mmini/3/Train_0012.jpg	3	-1.0,1.0,1.0,-1.0,1.0,1.0,1.0,1.0,1.0,1.0,1.0,-1.0,-1.0,-1.0,-1.0,-1.0,-1.0,-1.0,-1.0,1.0,1.0,1.0,1.0,-1.0	-0.65785927,0.8837932,0.5879976,-1.7727311,3.4883332,1.307323,1.0904028,2.1926973,3.340522,2.16594,1.6159027,-0.41170317,-2.018149,-1.3231635,-0.9950396,-2.0337586,-0.8273073,-4.615143,-0.9754247,1.7974896,1.3841151,0.2951588,2.3273547,-1.3522856
../data/train_data_mmini/3/Train_0013.jpg	3	-1.0,1.0,1.0,-1.0,1.0,1.0,1.0,1.0,1.0,1.0,-1.0,1.0,-1.0,-1.0,-1.0,1.0,1.0,-1.0,1.0,-1.0,1.0,1.0,1.0,1.0	-0.122291096,2.422443,1.8647699,-0.594561,0.6052008,0.98674506,2.6168866,0.3468887,0.14256808,2.0558891,-0.4370696,0.6357772,-1.2686107,-0.12693806,-0.32353574,1.613437,4.0809073,-0.6210539,0.4843053,-1.7299851,2.1017962,1.2856226,0.04130818,0.22094068
../data/train_data_mmini/3/Train_0014.jpg	3	-1.0,-1.0,-1.0,1.0,1.0,-1.0,-1.0,1.0,-1.0,-1.0,1.0,-1.0,-1.0,1.0,-1.0,-1.0,1.0,-1.0,-1.0,-1.0,-1.0,-1.0,1.0,-1.0	-0.08160671,-1.221543,-1.7751242,1.2304679,0.26422083,-0.20095949,-0.78039086,0.74576026,-3.11625,-0.23570426,0.17771374,-2.5182045,-0.3916242,0.044245668,-0.8085992,-1.5358077,1.135181,-0.9890941,-0.6774096,-2.9229608,-0.8796751,-0.40450746,1.1153241,-0.6395541
../data/train_data_mmini/4/Train_0015.jpg	4	1.0,1.0,1.0,-1.0,1.0,1.0,1.0,-1.0,1.0,1.0,-1.0,-1.0,1.0,-1.0,1.0,-1.0,-1.0,-1.0,1.0,-1.0,1.0,1.0,1.0,-1.0	0.96280456,2.5148532,0.009070873,-0.60833174,0.5092797,2.5949702,2.6385558,-0.108586855,2.2577796,2.170345,-0.96589315,-0.253691,1.5097234,-2.735079,0.49756765,-1.3662114,-1.613252,-1.9117963,0.41373858,-0.72405744,3.8063061,2.3209844,1.1261554,-0.9675229
../data/train_data_mmini/4/Train_0016.jpg	4	1.0,1.0,-1.0,-1.0,1.0,-1.0,1.0,1.0,1.0,1.0,-1.0,1.0,1.0,-1.0,1.0,-1.0,-1.0,-1.0,-1.0,1.0,-1.0,1.0,1.0,-1.0	1.9044882,1.1156607,-0.27381873,-0.19413081,2.172518,-0.26495484,0.7583687,0.040846538,0.5342542,4.0782714,-3.4209933,0.29048926,0.77281886,-0.42090946,0.3764634,-0.20682345,-0.16723113,-1.9610199,-2.8025403,1.1707308,-3.0287764,2.3905535,0.55476856,-0.035950433
../data/train_data_mmini/4/Train_0017.jpg	4	1.0,1.0,-1.0,-1.0,1.0,-1.0,1.0,1.0,-1.0,1.0,-1.0,-1.0,-1.0,-1.0,-1.0,-1.0,1.0,-1.0,-1.0,1.0,1.0,1.0,1.0,1.0	0.69894576,1.4209242,-1.518809,-0.6163635,1.5708371,-1.264407,1.4338005,0.6605275,-0.4801795,5.7424397,-1.2395606,-0.86579335,-0.3736513,-1.2746952,-0.40147948,-3.3672793,2.0326629,-4.0855565,-3.4938862,0.4378312,0.87592524,2.1663203,0.7903196,0.09374358
../data/train_data_mmini/4/Train_0018.jpg	4	1.0,-1.0,-1.0,1.0,-1.0,1.0,1.0,-1.0,-1.0,1.0,-1.0,-1.0,-1.0,-1.0,1.0,-1.0,-1.0,1.0,1.0,1.0,-1.0,1.0,1.0,1.0	1.1291076,-0.35425973,-0.744929,0.79469514,-2.0509238,0.46344882,1.1311828,-1.5316641,-0.27744836,1.594035,-0.24631007,-0.76654077,-0.45302024,-1.2442287,2.9968634,-1.9293392,-2.7177866,0.16623867,0.69188017,0.7499823,-0.65585786,0.699549,1.7399344,0.7340708
../data/train_data_mmini/4/Train_0019.jpg	4	1.0,1.0,-1.0,-1.0,-1.0,-1.0,1.0,-1.0,-1.0,1.0,1.0,-1.0,1.0,1.0,1.0,1.0,1.0,1.0,1.0,-1.0,1.0,-1.0,-1.0,1.0	0.12721433,1.9009019,-0.9412892,-0.46376124,-1.9410986,-1.8169361,1.9809134,-0.89331514,-3.6663082,1.5941479,1.48157,-0.13467076,0.29515952,0.010784186,1.1630944,2.605775,3.7389677,1.2560297,1.9526008,-0.1295292,3.3709137,-2.2510808,-1.4846387,0.90518314
../data/train_data_mmini/5/Train_0020.jpg	5	-1.0,-1.0,-1.0,-1.0,-1.0,-1.0,1.0,-1.0,1.0,1.0,-1.0,-1.0,1.0,-1.0,-1.0,1.0,-1.0,-1.0,-1.0,1.0,1.0,-1.0,1.0,1.0	-1.2432727,-1.2026659,-2.1341302,-0.7753755,-0.96300733,-2.7468998,0.67921054,-0.67033654,1.1605433,0.27780345,-0.52934253,-1.5142561,2.0219724,-0.4962188,-0.7253892,2.7775238,-0.5708986,-1.0664635,-0.70450413,2.0510755,1.2665329,-0.6784188,0.84316266,0.6903554
../data/train_data_mmini/5/Train_0021.jpg	5	1.0,1.0,1.0,-1.0,-1.0,-1.0,-1.0,-1.0,-1.0,1.0,-1.0,1.0,1.0,-1.0,1.0,1.0,1.0,1.0,1.0,-1.0,1.0,1.0,1.0,1.0	0.034803376,1.3109272,0.60916114,-1.4548622,-1.6451215,-0.68881714,-1.1082718,-1.0539936,-2.171401,0.16219147,-1.4163038,0.015049317,4.160825,-3.0270212,0.045270108,0.25061077,0.33680794,0.66969156,2.6681123,-2.42601,5.69702,1.5382938,0.9493574,1.4670604
../data/train_data_mmini/5/Train_0022.jpg	5	-1.0,-1.0,-1.0,1.0,-1.0,1.0,1.0,1.0,1.0,1.0,-1.0,-1.0,-1.0,-1.0,1.0,1.0,-1.0,1.0,1.0,-1.0,1.0,1.0,-1.0,-1.0	-0.3667297,-0.012088527,-0.6342346,1.3214005,-0.07486416,3.046838,0.4071662,0.84884804,1.2224003,0.91091096,-0.3011383,-1.2811617,-4.537854,-2.938645,1.0556029,2.55982,-2.8427417,1.5221951,0.025746368,-1.0932366,0.45728964,0.69958967,-1.5265417,-0.57540965
../data/train_data_mmini/5/Train_0023.jpg	5	-1.0,-1.0,-1.0,-1.0,-1.0,-1.0,-1.0,-1.0,1.0,-1.0,-1.0,-1.0,-1.0,-1.0,1.0,1.0,-1.0,1.0,1.0,1.0,1.0,-1.0,-1.0,1.0	-1.6466852,-2.2947934,-0.23857497,-0.9863142,-1.393639,-2.5159853,-1.5722221,-0.37004483,1.0410728,-1.8478347,-0.6504012,-0.8672455,-0.56681603,-4.094997,0.5896641,2.6515694,-2.1277754,0.48649687,1.1359639,1.2058284,3.468099,-0.108724035,-0.4050539,3.2245529
../data/train_data_mmini/5/Train_0024.jpg	5	-1.0,1.0,1.0,-1.0,1.0,-1.0,1.0,1.0,1.0,-1.0,-1.0,1.0,-1.0,-1.0,1.0,-1.0,-1.0,1.0,1.0,-1.0,1.0,1.0,-1.0,1.0	-3.400678,0.119420186,2.7090847,-1.5494965,0.14137293,-0.38109556,1.0731826,0.19249311,2.393854,-2.4553442,-1.2232853,0.3862543,-1.1367397,-3.6087744,0.7839356,-1.2311262,-2.7117152,0.23318943,2.887537,-0.7428153,2.3895018,0.49012727,-3.3402648,0.3005885
../data/train_data_mmini/6/Train_0025.jpg	6	1.0,-1.0,1.0,-1.0,1.0,-1.0,1.0,1.0,-1.0,-1.0,1.0,-1.0,-1.0,-1.0,1.0,-1.0,1.0,-1.0,1.0,1.0,-1.0,-1.0,1.0,-1.0	0.9654862,-0.19471954,2.6162388,-0.6022969,0.2597236,-0.55741405,1.2484884,2.3523335,-1.2802854,-0.14971255,3.0202305,-0.28228295,-3.814236,-1.4887985,0.37502098,-2.892977,2.7177875,-0.766355,1.1683774,1.2596254,-2.1033914,-0.41608423,0.400146,-1.8816539
../data/train_data_mmini/6/Train_0026.jpg	6	-1.0,-1.0,-1.0,-1.0,-1.0,1.0,1.0,-1.0,1.0,1.0,-1.0,-1.0,-1.0,1.0,1.0,1.0,-1.0,1.0,-1.0,1.0,1.0,-1.0,-1.0,1.0	-4.185106,-3.5868683,-1.6045845,-3.1452556,-1.0266435,1.1291482,2.0060818,-1.8628707,0.67266405,1.3022137,-0.20486924,-1.5098275,-3.0444863,1.7740836,3.9611402,0.11741276,-1.3351251,2.786054,-0.25950506,2.184376,1.2701961,-1.2344741,-1.0790392,2.4538922
../data/train_data_mmini/6/Train_0027.jpg	6	1.0,-1.0,-1.0,1.0,-1.0,-1.0,-1.0,1.0,-1.0,-1.0,1.0,-1.0,-1.0,1.0,-1.0,-1.0,-1.0,1.0,1.0,1.0,-1.0,1.0,1.0,-1.0	1.0532165,-0.76070714,-0.6482944,0.99054265,-0.89857745,-0.23652616,-1.1778044,0.87467676,-1.2009379,-0.28660706,2.457555,-0.10294,-0.527469,1.0720165,-0.25669962,-1.85191,-1.1295543,0.5394036,0.5380367,0.96071285,-5.1056123,0.17385396,2.7670405,-0.32984698
../data/train_data_mmini/6/Train_0028.jpg	6	-1.0,1.0,-1.0,-1.0,1.0,1.0,-1.0,-1.0,-1.0,1.0,-1.0,-1.0,-1.0,1.0,1.0,1.0,-1.0,1.0,1.0,-1.0,1.0,1.0,1.0,-1.0	-1.1412137,0.8342298,-0.79820246,-0.34406552,1.1994627,0.36314797,-1.5486386,-1.9116888,-0.18423958,3.0820596,-4.0084887,-1.8836492,-1.8204613,2.6012096,0.42180514,0.39693254,-1.2971909,0.22135827,0.78737646,-2.1383173,0.076475635,1.0543722,1.9534292,-0.8081291
../data/train_data_mmini/6/Train_0029.jpg	6	-1.0,1.0,1.0,1.0,1.0,-1.0,-1.0,1.0,1.0,-1.0,1.0,1.0,-1.0,-1.0,-1.0,-1.0,1.0,-1.0,1.0,1.0,-1.0,1.0,-1.0,1.0	-2.1793835,0.28412428,4.7656727,2.6072497,3.0975273,-0.18667202,-1.4691713,0.9278317,0.52313036,-2.1598053,1.2446398,2.7632735,-2.8797295,-2.5138538,-0.7372923,-3.8066738,2.5026462,-0.8685031,2.6801112,1.301667,-2.7455063,1.6650953,-0.7370246,0.21197101
../data/train_data_mmini/7/Train_0030.jpg	7	1.0,1.0,-1.0,-1.0,-1.0,1.0,1.0,1.0,-1.0,1.0,-1.0,-1.0,-1.0,-1.0,1.0,-1.0,-1.0,-1.0,-1.0,1.0,1.0,1.0,-1.0,-1.0	1.6963118,1.5735118,-0.72998583,-0.86961055,-1.4597645,0.03986502,2.627189,1.3996519,-1.3660469,3.404842,-0.27915668,-0.9735446,-3.8285923,-5.5853767,1.5707963,-1.0667254,-0.097823024,-1.0517007,-1.5629328,0.30007288,1.567596,1.3848376,-0.7215002,-0.35442525
../data/train_data_mmini/7/Train_0031.jpg	7	1.0,1.0,-1.0,1.0,1.0,1.0,1.0,-1.0,1.0,1.0,-1.0,1.0,-1.0,-1.0,1.0,-1.0,1.0,-1.0,-1.0,1.0,-1.0,1.0,1.0,1.0	0.31435776,2.1153483,-1.0972643,0.008755945,2.6460814,0.6126253,0.47033474,-2.0922077,1.7901824,2.5925155,-3.51552,1.3317544,-1.3112582,-1.0175287,0.87475574,-1.3666387,0.769717,-1.6877931,-1.4405539,2.33958,-0.5684692,0.83856004,0.73722756,1.1753565
../data/train_data_mmini/7/Train_0032.jpg	7	-1.0,-1.0,-1.0,1.0,-1.0,1.0,-1.0,1.0,-1.0,1.0,-1.0,1.0,1.0,1.0,-1.0,-1.0,1.0,-1.0,-1.0,-1.0,-1.0,1.0,1.0,-1.0	-1.5447487,-1.036132,-0.54639703,1.6464915,-0.6167909,0.6089119,-0.83809733,0.41247886,-1.2364593,0.6999183,-1.0299968,0.62134117,1.9219706,2.582953,-1.0139512,-5.1766396,1.4313387,-1.0311208,-0.14986919,-1.6337388,-1.1943446,0.1507883,0.6613076,-0.6386609
../data/train_data_mmini/7/Train_0033.jpg	7	-1.0,-1.0,-1.0,1.0,1.0,-1.0,1.0,1.0,-1.0,-1.0,-1.0,-1.0,-1.0,-1.0,1.0,-1.0,-1.0,-1.0,-1.0,1.0,-1.0,-1.0,-1.0,-1.0	-3.4351459,-1.2455878,-1.8629249,0.85965425,0.1083212,-1.7653143,1.2034769,0.41597128,-0.6815163,-0.56317395,-0.9846246,-1.4915462,-4.9289265,-2.5153482,1.4406295,-2.2680073,-2.456214,-1.8864245,-0.7392548,1.3971647,-0.9351853,-1.4122186,-0.5877813,-1.0809144
../data/train_data_mmini/7/Train_0034.jpg	7	-1.0,-1.0,-1.0,1.0,-1.0,1.0,-1.0,-1.0,-1.0,1.0,-1.0,-1.0,1.0,1.0,-1.0,-1.0,-1.0,1.0,1.0,-1.0,-1.0,-1.0,1.0,-1.0	-2.1981144,-3.2409008,-1.4204062,1.2002928,-0.32991925,0.84463453,-2.6565201,-0.88105565,-2.3855882,0.27146667,-1.3123769,-1.4831622,0.571632,4.133411,-0.6420356,-3.9393141,-1.0186564,0.8109633,0.6187721,-2.1369352,-1.4271016,-0.64839166,1.6305722,-0.58070236
../data/train_data_mmini/8/Train_0035.jpg	8	-1.0,-1.0,1.0,1.0,-1.0,1.0,-1.0,1.0,-1.0,1.0,1.0,-1.0,-1.0,-1.0,-1.0,-1.0,1.0,1.0,1.0,-1.0,1.0,1.0,1.0,1.0	-0.9830201,-0.5615506,1.4587045,0.802682,-0.63902843,2.4647684,-1.231873,1.5279536,-1.4499147,0.7609219,2.0868618,-1.9393983,-7.0081315,-4.035192,-0.18704276,-3.6902792,0.3201998,1.436741,0.70623785,-2.5621674,0.22151037,2.334583,1.0014253,1.2477674
../data/train_data_mmini/8/Train_0036.jpg	8	1.0,1.0,1.0,1.0,1.0,1.0,1.0,-1.0,-1.0,1.0,-1.0,-1.0,-1.0,-1.0,1.0,-1.0,-1.0,-1.0,-1.0,1.0,-1.0,1.0,-1.0,-1.0	0.09833636,1.0584588,1.2656802,1.3189548,0.8547666,0.21466494,1.831478,-0.60283566,-1.3004894,0.9538378,-0.65618134,-0.8743772,-6.0448227,-3.1218615,1.4367924,-4.935893,-0.71249264,-1.476586,-0.077380754,0.22748011,-2.4716434,0.87279356,-0.11493819,-1.9055157
../data/train_data_mmini/8/Train_0037.jpg	8	-1.0,-1.0,-1.0,1.0,1.0,1.0,-1.0,-1.0,-1.0,1.0,-1.0,-1.0,-1.0,1.0,1.0,-1.0,-1.0,-1.0,1.0,-1.0,-1.0,-1.0,1.0,-1.0	-2.7183938,-1.8880086,-1.2753876,1.4410709,0.5916486,0.5830936,-0.52304024,-0.17204449,-1.0527576,1.6481482,-1.5721304,-1.0245916,-1.8366461,1.2318505,1.4169534,-5.879007,-0.9472167,-0.14033112,0.87709147,-0.76965487,-1.2422931,-0.13778208,0.16031703,-0.79558223
../data/train_data_mmini/8/Train_0038.jpg	8	-1.0,1.0,1.0,-1.0,1.0,1.0,-1.0,1.0,1.0,1.0,-1.0,1.0,-1.0,1.0,1.0,-1.0,1.0,1.0,-1.0,-1.0,-1.0,1.0,-1.0,1.0	-0.15474553,1.065607,1.4178365,-1.006286,2.475418,3.8906124,-0.820171,0.43827632,2.126013,1.4339577,-1.8743833,0.56402916,-2.1207228,0.17642848,0.08094915,-1.0968863,1.0980332,1.6980214,-1.3314149,-2.1686585,-1.113076,2.2451231,-0.9398856,2.0730495
../data/train_data_mmini/8/Train_0039.jpg	8	-1.0,1.0,1.0,1.0,1.0,1.0,-1.0,1.0,-1.0,-1.0,1.0,-1.0,-1.0,-1.0,-1.0,-1.0,1.0,1.0,1.0,-1.0,-1.0,1.0,1.0,1.0	-2.063243,0.88736933,2.0831053,1.8478959,0.5096123,0.4058591,-0.37332124,1.2781452,-1.1081743,-0.58532995,2.3280408,-0.34072995,-8.659801,-4.2360935,-0.9611963,-7.399844,0.8976691,0.002735317,3.0273468,-0.5242599,-0.044482466,1.6065998,0.23777111,0.24475463
../data/train_data_mmini/9/Train_0040.jpg	9	-1.0,1.0,1.0,-1.0,1.0,1.0,1.0,-1.0,1.0,1.0,-1.0,-1.0,1.0,-1.0,1.0,1.0,-1.0,-1.0,1.0,-1.0,1.0,1.0,1.0,-1.0	-1.5079964,1.6749141,0.073341675,-0.10906676,0.33435282,1.4789455,0.38394806,-1.4153131,1.4103744,1.4940207,-1.0834818,-0.61012554,0.86742663,-1.3519496,0.021954767,1.1711338,-1.3611375,-0.22687626,2.9557514,-0.9530907,2.6891558,0.50579745,0.7066121,-1.3237846
../data/train_data_mmini/9/Train_0041.jpg	9	-1.0,-1.0,-1.0,1.0,-1.0,-1.0,-1.0,-1.0,-1.0,1.0,1.0,-1.0,-1.0,1.0,1.0,1.0,1.0,-1.0,1.0,1.0,-1.0,-1.0,1.0,-1.0	-2.0234263,-0.4592652,-1.7681051,1.2111843,-1.3144788,-1.6554346,-1.5326593,-0.27856082,-1.0666904,2.6071177,0.7728522,-1.5876832,-2.426731,1.285974,0.34998438,0.65067023,0.105507754,-0.14791775,2.546863,0.7883979,-1.7039195,-1.1639116,2.5549192,-0.2893822
../data/train_data_mmini/9/Train_0042.jpg	9	-1.0,1.0,1.0,1.0,1.0,1.0,1.0,-1.0,1.0,1.0,-1.0,-1.0,1.0,1.0,-1.0,-1.0,-1.0,-1.0,1.0,1.0,1.0,1.0,1.0,-1.0	-0.8803564,1.6342643,0.3524056,0.34592003,1.2438235,3.2566884,0.9551182,-1.6803602,2.5766625,0.8787616,-1.4292678,-0.7165097,3.6786656,1.1846764,-0.60301656,-1.4148088,-2.0252357,-2.4194462,2.7486305,0.7651017,3.3555605,0.38972896,2.0744953,-2.0009644
../data/train_data_mmini/9/Train_0043.jpg	9	1.0,1.0,-1.0,1.0,-1.0,1.0,1.0,1.0,-1.0,1.0,1.0,-1.0,-1.0,-1.0,1.0,1.0,-1.0,1.0,1.0,-1.0,1.0,1.0,1.0,-1.0	2.410435,1.3003325,-1.1239082,1.4050467,-2.8131638,1.7156663,1.2447975,2.3118806,-3.048382,0.66788507,2.3541253,-2.5334113,-1.9883937,-3.6705046,1.1173171,0.70304334,-0.4709507,1.5626547,0.97751606,-3.187408,1.1368588,0.16571559,0.032969613,-1.1398864
../data/train_data_mmini/9/Train_0044.jpg	9	-1.0,1.0,1.0,-1.0,1.0,-1.0,1.0,1.0,1.0,-1.0,1.0,1.0,-1.0,-1.0,-1.0,-1.0,1.0,-1.0,-1.0,1.0,1.0,-1.0,-1.0,-1.0	-0.2337993,1.851634,0.22431196,-1.5914854,1.4387218,-0.17297246,1.324079,2.073316,0.3244535,-0.36902893,2.7645657,0.50251955,-1.6084734,-1.5181894,-0.37365612,-1.7327627,2.634761,-1.3641298,-0.637836,0.4261334,2.0716462,-0.9681351,-0.27482742,-0.50762916
../data/train_data_mmini/10/Train_0045.jpg	10	-1.0,1.0,1.0,1.0,1.0,-1.0,-1.0,-1.0,-1.0,-1.0,1.0,1.0,-1.0,-1.0,-1.0,-1.0,1.0,-1.0,1.0,1.0,-1.0,1.0,-1.0,1.0	-2.2183874,0.3161978,0.814026,2.1189783,1.8277483,-0.3801169,-0.91830325,-0.25048262,-0.5776476,-2.8555737,1.7785738,0.96527886,-8.49446,-1.9863008,-1.4616485,-9.335187,0.676063,-0.011469223,2.2473662,2.3438578,-1.9647111,1.3437792,-0.51338744,0.55840147
../data/train_data_mmini/10/Train_0046.jpg	10	-1.0,-1.0,1.0,1.0,1.0,-1.0,-1.0,1.0,-1.0,-1.0,1.0,1.0,1.0,1.0,-1.0,-1.0,1.0,-1.0,-1.0,-1.0,-1.0,-1.0,-1.0,-1.0	-2.522582,-1.7987766,0.4966661,2.3070579,2.0221796,-1.0778339,-1.4203179,1.9776756,-0.34472486,-0.97521245,1.2690644,0.68528515,0.579493,2.1080043,-2.6176436,-5.2411776,4.1539917,-1.7124354,-0.85842425,-0.8648849,-0.9687267,-0.0953715,-0.9838324,-0.99955904
../data/train_data_mmini/10/Train_0047.jpg	10	-1.0,1.0,1.0,1.0,1.0,-1.0,1.0,-1.0,-1.0,-1.0,-1.0,1.0,-1.0,1.0,-1.0,-1.0,1.0,1.0,-1.0,-1.0,1.0,1.0,-1.0,1.0	-1.260052,0.19286607,1.1405102,1.1183339,0.63079065,-1.1983596,0.793863,-0.028274868,-0.99633807,-2.2139118,-1.1523972,0.588946,-4.145846,0.25120234,-0.2169267,-8.520089,2.6066275,0.4695194,-0.6822538,-2.6910343,0.8367081,1.4024422,-3.0912669,0.55969614
../data/train_data_mmini/10/Train_0048.jpg	10	-1.0,1.0,1.0,1.0,1.0,1.0,-1.0,1.0,-1.0,-1.0,1.0,1.0,-1.0,-1.0,-1.0,-1.0,1.0,1.0,1.0,1.0,-1.0,1.0,-1.0,1.0	-1.2384496,0.6367344,2.1518557,2.3454895,2.6965702,0.34452453,-0.56391615,0.48290923,-0.07008698,-1.5945256,2.7886665,1.9602168,-4.7191124,-1.2143536,-1.6471332,-6.994146,4.119128,0.25573105,1.4539466,2.0227942,-1.1331986,1.6523751,-1.6150929,0.9686112
../data/train_data_mmini/10/Train_0049.jpg	10	-1.0,-1.0,1.0,1.0,1.0,1.0,-1.0,1.0,-1.0,-1.0,1.0,-1.0,-1.0,-1.0,-1.0,-1.0,1.0,1.0,1.0,-1.0,-1.0,1.0,1.0,1.0	-2.293504,-1.4607584,2.3185925,1.8090938,0.2786046,1.0844655,-1.5191774,1.7098258,-0.56158036,-1.6333156,2.6834989,-0.6096076,-7.481566,-0.02362436,-1.4564825,-6.0584497,1.7216955,1.1703624,2.3938885,-2.4016063,-1.0514723,1.4838943,0.6100447,0.29174405
