../data/train_data_mmini/1/Train_0000.jpg	1	1.0,1.0,1.0,-1.0,1.0,-1.0,-1.0,-1.0,-1.0,1.0,-1.0,-1.0,1.0,-1.0,-1.0,1.0,1.0,1.0,1.0,1.0,-1.0,-1.0,1.0,-1.0	1.4329065,0.89997774,0.5634064,-0.058053292,0.45557866,-0.10940946,-1.9879522,-2.4312499,-0.34370053,0.054067228,-1.0895854,-3.293887,0.5917356,-0.94208443,-0.55281645,0.5613278,0.9041862,0.7258184,1.3077835,0.022813572,-3.0399923,-0.122312255,0.17069377,-0.41303006
../data/train_data_mmini/1/Train_0001.jpg	1	1.0,1.0,-1.0,1.0,-1.0,1.0,-1.0,-1.0,1.0,1.0,-1.0,-1.0,-1.0,1.0,1.0,-1.0,1.0,1.0,-1.0,1.0,1.0,1.0,-1.0,-1.0	2.996271,1.0635186,-0.7779785,0.70959365,-2.0460145,0.81072015,-0.3273938,-0.6142093,0.15837172,1.8198005,-0.032702386,-0.4343563,-1.1918044,2.4703007,1.6322433,-0.13296291,0.20051675,0.73474884,-0.8421206,1.2941483,1.5318462,0.6399277,-2.1268404,-2.222096
../data/train_data_mmini/1/Train_0002.jpg	1	1.0,1.0,1.0,-1.0,1.0,-1.0,-1.0,-1.0,-1.0,-1.0,-1.0,-1.0,1.0,-1.0,-1.0,1.0,1.0,1.0,-1.0,-1.0,1.0,1.0,-1.0,-1.0	1.6602025,0.20880975,0.5588067,-0.00783766,1.0589807,-0.2867954,-1.9565799,-1.0602005,-0.83440876,-0.4903045,-1.1742775,-3.9051082,0.1497875,-0.16278072,-0.86103356,0.014678387,0.092784345,0.9265167,-2.7630403,-0.081981644,0.34909037,4.454786,-0.39832187,-0.8770401
../data/train_data_mmini/1/Train_0003.jpg	1	1.0,-1.0,1.0,1.0,1.0,1.0,-1.0,-1.0,-1.0,1.0,1.0,-1.0,1.0,-1.0,-1.0,1.0,1.0,1.0,1.0,-1.0,-1.0,-1.0,1.0,-1.0	1.8497107,-0.65156305,1.3867171,0.10316946,0.038557842,1.2391533,-0.7577266,-2.7487516,-0.5248103,2.7795773,0.64457846,-1.4620334,0.44184995,-0.27832216,-1.5185252,1.0523653,0.9437888,1.4538028,1.3835347,-1.2558562,-2.714646,-1.3992945,0.704473,-1.5308366
../data/train_data_mmini/1/Train_0004.jpg	1	1.0,1.0,-1.0,-1.0,1.0,1.0,-1.0,1.0,1.0,1.0,-1.0,-1.0,-1.0,-1.0,1.0,-1.0,-1.0,-1.0,1.0,-1.0,-1.0,-1.0,-1.0,1.0	1.628739,0.83895767,-0.6049074,-0.2369157,1.1876135,2.1944797,-0.99459606,1.0534397,0.3726142,0.63897514,-1.313246,-1.5101857,-2.0440083,-2.7193422,1.1462184,-0.35073367,-1.4524574,-0.4230157,1.5643269,-0.15399791,-2.5387769,-2.1569324,-0.07912261,0.9465833
../data/train_data_mmini/2/Train_0005.jpg	2	-1.0,1.0,-1.0,-1.0,1.0,-1.0,1.0,-1.0,-1.0,-1.0,1.0,1.0,1.0,1.0,1.0,-1.0,-1.0,-1.0,-1.0,1.0,1.0,1.0,-1.0,-1.0	-2.1683276,0.21647479,-0.26957765,-1.4916515,1.2475828,-0.5487642,1.3264616,-1.6884704,-0.7599848,-1.8674037,2.9143271,3.056952,0.087297924,0.19591935,0.4356968,-2.5724232,-0.6564694,-0.5507313,-0.9968381,0.024964636,0.8813133,0.6571203,-1.1573172,-0.5785379
../data/train_data_mmini/2/Train_0006.jpg	2	-1.0,-1.0,1.0,-1.0,-1.0,-1.0,1.0,-1.0,-1.0,-1.0,-1.0,-1.0,-1.0,-1.0,1.0,-1.0,1.0,-1.0,1.0,1.0,1.0,-1.0,1.0,-1.0	-0.97676796,-0.53420794,2.0811663,-0.6606506,-0.27045304,-1.1725373,0.7576572,-0.76357955,-0.3999645,-1.0858498,-0.086357474,-2.0011685,-1.4699162,-0.26733175,3.236363,-2.5308452,0.33427286,-1.0904754,0.096022084,0.09489116,0.89473176,-1.897662,1.0763264,-1.2970364
../data/train_data_mmini/2/Train_0007.jpg	2	1.0,-1.0,-1.0,-1.0,1.0,-1.0,1.0,-1.0,-1.0,-1.0,-1.0,-1.0,1.0,1.0,1.0,-1.0,1.0,-1.0,1.0,-1.0,-1.0,-1.0,-1.0,1.0	0.53558254,-0.52762705,-0.41239852,-0.058621533,2.0476685,-0.6132048,1.3149103,-1.3670609,-0.85119665,-0.35897374,-0.22743163,-2.7415414,1.0844948,1.4339511,0.69815266,-0.9543811,0.3208756,-0.09308748,1.903117,-0.14375968,-2.7027676,-1.2096871,-0.08408297,1.8348373
../data/train_data_mmini/2/Train_0008.jpg	2	-1.0,1.0,-1.0,1.0,1.0,-1.0,-1.0,1.0,1.0,-1.0,-1.0,-1.0,1.0,1.0,1.0,-1.0,-1.0,1.0,1.0,1.0,1.0,1.0,-1.0,1.0	-1.8285315,1.8265389,-0.77825725,1.6247855,1.3535458,-1.0318898,-1.6674898,0.4906741,2.0581908,-0.08936027,-1.9879826,-0.5846802,0.053746104,0.65117496,1.1581136,-2.003828,-1.1097524,0.6599295,1.098073,0.34390795,0.17566554,2.7360888,-0.7123812,1.4893181
../data/train_data_mmini/2/Train_0009.jpg	2	-1.0,-1.0,-1.0,-1.0,-1.0,1.0,1.0,1.0,1.0,1.0,1.0,1.0,1.0,-1.0,-1.0,1.0,-1.0,-1.0,1.0,-1.0,-1.0,-1.0,1.0,1.0	-3.1379468,-0.79849654,-1.2316823,-0.375887,-1.0241939,1.2435448,0.84298974,1.9275274,0.111275785,0.3056765,1.8659402,2.4053836,1.2020205,-2.187379,-1.2772526,0.07098925,-0.17201568,-0.6131559,1.5218316,-0.49274975,-0.19268976,-1.2752191,2.016253,1.5312299
../data/train_data_mmini/3/Train_0010.jpg	3	-1.0,1.0,-1.0,-1.0,-1.0,1.0,-1.0,1.0,1.0,1.0,1.0,1.0,-1.0,1.0,1.0,-1.0,-1.0,1.0,1.0,1.0,-1.0,1.0,-1.0,-1.0	-1.1293144,2.4786248,-0.22998822,-0.5940509,-1.5534343,0.058195326,-1.0112262,0.11992648,0.31838095,1.2647976,1.94048,1.5178801,-2.1490276,1.5859504,2.139662,-0.92964375,-0.10768869,2.5580213,2.2730675,0.6015445,-0.23625936,0.36961785,-1.9937112,-0.2159324
../data/train_data_mmini/3/Train_0011.jpg	3	1.0,1.0,1.0,1.0,1.0,1.0,-1.0,1.0,-1.0,-1.0,-1.0,-1.0,1.0,1.0,1.0,1.0,1.0,1.0,-1.0,1.0,1.0,1.0,1.0,1.0	0.9635216,0.24787478,0.07681372,0.40442172,0.92655766,0.41623634,-0.9855564,0.346581,-1.2059383,-1.0200864,-0.5073533,-1.230896,0.1271922,1.0981848,1.1340466,1.8078079,0.62975293,0.085585445,-1.8170781,1.7286556,1.287012,2.9347465,0.5363552,0.1590275
../data/train_data_mmini/3/Train_0012.jpg	3	1.0,1.0,-1.0,1.0,-1.0,1.0,-1.0,-1.0,-1.0,1.0,-1.0,-1.0,-1.0,-1.0,1.0,-1.0,1.0,-1.0,-1.0,-1.0,1.0,1.0,-1.0,-1.0	1.1333745,0.4255571,-0.973846,0.18494733,-1.2179621,1.5681269,-1.3041224,-1.0841199,-0.27197844,1.3717343,-1.3196137,-0.050395064,-0.12310102,-1.792055,0.85431623,-0.35993126,1.1495274,-0.42880514,-1.394089,-0.5284279,1.3232567,2.1652815,-1.3408364,-1.1736981
../data/train_data_mmini/3/Train_0013.jpg	3	-1.0,1.0,1.0,-1.0,-1.0,-1.0,-1.0,-1.0,1.0,-1.0,-1.0,1.0,-1.0,1.0,1.0,-1.0,1.0,1.0,-1.0,1.0,1.0,1.0,-1.0,-1.0	-1.1463155,0.8725452,0.89191055,-0.86342573,-1.333816,-1.0049747,-2.0807617,-0.67253256,0.8991812,-0.22083804,-1.4632292,0.68512416,-1.205243,0.17537104,2.542598,-1.0909194,0.9403093,0.055680256,-0.73856676,0.61049247,1.5126047,2.3677208,-0.45380443,-1.5322084
../data/train_data_mmini/3/Train_0014.jpg	3	1.0,1.0,-1.0,-1.0,1.0,1.0,1.0,1.0,-1.0,-1.0,1.0,1.0,-1.0,1.0,1.0,-1.0,-1.0,-1.0,1.0,1.0,1.0,-1.0,1.0,-1.0	0.4803981,1.1088227,-0.1567409,-1.6072079,0.6915544,0.70856076,0.52132094,0.9412867,-2.2819278,-1.9233772,2.6409836,2.1951983,-0.36607456,0.0512796,0.21213719,-0.62365067,-1.470012,-1.2884521,0.5042218,0.38378507,1.3916906,-1.4155935,1.2534266,-0.024264004
../data/train_data_mmini/4/Train_0015.jpg	4	1.0,1.0,-1.0,1.0,1.0,1.0,-1.0,-1.0,1.0,-1.0,-1.0,1.0,1.0,-1.0,-1.0,-1.0,1.0,-1.0,-1.0,-1.0,-1.0,1.0,-1.0,-1.0	0.3632475,2.028952,-1.8207129,2.0357301,1.5673486,0.0071099657,-0.93886214,-0.18558338,0.72733366,-1.1368988,-2.6265347,1.0443563,2.0127196,-1.7089807,-1.9228488,-1.781357,0.07260527,-1.8762085,-0.8791846,-0.57119066,-0.13687952,1.6765381,-2.1364052,-0.80165803
../data/train_data_mmini/4/Train_0016.jpg	4	1.0,-1.0,1.0,1.0,1.0,1.0,-1.0,-1.0,-1.0,1.0,1.0,-1.0,1.0,-1.0,-1.0,1.0,1.0,1.0,-1.0,1.0,1.0,1.0,-1.0,1.0	0.86807334,-1.9076453,0.44600382,0.4490925,0.6369857,2.1622655,-1.2975552,-0.9384654,-2.8101432,0.31270593,0.43629712,-0.063068256,1.6695528,-1.495162,-0.88286626,1.8584201,0.49415472,1.2816167,-2.5469515,0.49634337,0.1919107,2.470643,-0.4002013,0.08417846
../data/train_data_mmini/4/Train_0017.jpg	4	-1.0,1.0,1.0,-1.0,1.0,-1.0,1.0,-1.0,-1.0,-1.0,1.0,-1.0,1.0,-1.0,1.0,1.0,1.0,-1.0,-1.0,-1.0,1.0,-1.0,-1.0,-1.0	-1.035858,0.22830114,0.9381044,-0.12088617,0.47571045,-0.21320271,1.2683907,-0.73948294,-2.0372803,-1.2777768,0.12285854,-0.07579757,0.14494936,-2.8220117,1.1039519,0.05283923,2.7597375,-0.596503,-2.7817194,-0.6861812,1.9949123,-0.9625846,-0.30389902,-1.2824779
../data/train_data_mmini/4/Train_0018.jpg	4	-1.0,1.0,-1.0,-1.0,1.0,1.0,1.0,1.0,-1.0,-1.0,1.0,1.0,-1.0,1.0,1.0,-1.0,-1.0,-1.0,-1.0,1.0,-1.0,1.0,1.0,1.0	-1.0730523,0.12654273,-1.0556978,-1.3167641,1.4383494,0.81335,0.48768213,0.22319005,-0.8802739,-2.9122999,2.430107,2.6166804,-0.24474354,0.87123334,1.3195797,-0.47558752,-0.8986146,-0.21550265,-0.0093094,1.1807183,-0.772203,1.6817362,0.31535965,0.7135783
../data/train_data_mmini/4/Train_0019.jpg	4	1.0,1.0,1.0,-1.0,1.0,-1.0,-1.0,1.0,-1.0,1.0,1.0,-1.0,-1.0,-1.0,1.0,-1.0,1.0,-1.0,-1.0,-1.0,1.0,-1.0,1.0,-1.0	0.3904351,0.5593154,2.5587559,-1.733951,0.2031031,-1.7647734,-0.700451,0.6052561,-1.2137649,1.104902,0.60993135,-0.0945376,-2.6163325,-3.1862607,1.4236125,-2.0176144,0.67211705,-0.58596677,-1.9088163,-2.1077335,1.9434692,-1.5945057,0.5571867,-1.4889544
../data/train_data_mmini/5/Train_0020.jpg	5	1.0,-1.0,1.0,-1.0,1.0,-1.0,1.0,-1.0,-1.0,1.0,1.0,-1.0,-1.0,1.0,-1.0,-1.0,-1.0,1.0,-1.0,1.0,-1.0,-1.0,-1.0,1.0	4.063775,-0.35073596,0.019850915,-0.02515123,0.41233227,-0.7001741,0.56715,-1.2185379,-0.75473183,1.9467543,0.24567509,-1.2249131,-0.23152263,0.47274598,-0.4428602,-1.0434129,-2.1777143,1.0065792,-0.96560663,0.370436,-0.76320535,-1.1043409,-1.2000586,0.35963666
../data/train_data_mmini/5/Train_0021.jpg	5	1.0,-1.0,1.0,1.0,1.0,1.0,-1.0,-1.0,1.0,-1.0,-1.0,-1.0,-1.0,1.0,-1.0,-1.0,-1.0,-1.0,1.0,-1.0,-1.0,-1.0,1.0,-1.0	0.5446508,-0.9946174,0.14552206,1.2304205,2.0633745,0.7391046,-1.0173084,-0.21731152,2.9565508,-1.4944143,-0.9378051,-0.69007385,-0.11923582,0.409926,-1.5938348,-1.1626745,-1.2017628,-1.7044412,0.28863728,-0.54316044,-1.5721165,-0.99214894,0.7045253,-0.9088302
../data/train_data_mmini/5/Train_0022.jpg	5	-1.0,1.0,-1.0,1.0,-1.0,-1.0,1.0,-1.0,1.0,1.0,-1.0,-1.0,1.0,1.0,1.0,-1.0,1.0,-1.0,1.0,-1.0,1.0,-1.0,-1.0,1.0	-1.2491554,0.5856438,-0.44696766,0.5003238,-0.12492901,-2.2846558,1.6286691,-0.030777728,0.63814193,0.25573936,-1.1563696,-0.7245997,1.1998935,0.5941618,0.7364696,-1.9819477,0.408842,-0.45130506,1.7154323,-0.29869485,0.37991536,-0.7677237,-1.0916505,2.3227975
../data/train_data_mmini/5/Train_0023.jpg	5	1.0,-1.0,-1.0,1.0,-1.0,-1.0,-1.0,-1.0,1.0,1.0,1.0,-1.0,-1.0,1.0,-1.0,1.0,-1.0,1.0,1.0,1.0,-1.0,-1.0,1.0,1.0	2.474838,-0.636298,-0.4098124,0.010257178,-0.0007228991,-0.36711589,-0.11617975,-0.88552326,0.47058344,0.75706625,0.6199318,-0.8445701,-1.2007738,0.092599966,-0.1713121,0.868811,-1.0717229,0.4206939,1.291856,0.6304446,-3.9627423,-3.0563443,0.4137193,0.306387
../data/train_data_mmini/5/Train_0024.jpg	5	-1.0,-1.0,-1.0,-1.0,1.0,1.0,-1.0,-1.0,1.0,-1.0,-1.0,-1.0,-1.0,-1.0,-1.0,-1.0,1.0,-1.0,1.0,-1.0,-1.0,1.0,1.0,1.0	-0.2582793,-0.014725937,-0.60627764,-0.85072505,1.5051305,1.9593294,-1.1677212,-2.2386036,0.64872974,-0.6342222,-0.033653304,-2.1742997,-0.23687662,-1.26318,-0.6915826,-0.2668528,0.2582571,-0.45044294,1.5890285,-1.0596306,-3.7570848,0.0743934,0.040521286,0.070400774
../data/train_data_mmini/6/Train_0025.jpg	6	-1.0,-1.0,1.0,-1.0,-1.0,-1.0,1.0,-1.0,-1.0,-1.0,1.0,1.0,-1.0,1.0,1.0,-1.0,1.0,1.0,-1.0,-1.0,1.0,1.0,-1.0,-1.0	-0.7352918,-1.4193434,1.2322288,-0.25966606,-0.10219666,-1.8335109,0.31174806,-2.15718,-3.1043963,-1.0763912,2.210796,1.2381704,-0.7618969,1.4921482,1.2159435,-1.2812142,4.221888,0.70526767,-0.37455645,-1.2090434,0.6875681,0.362835,-1.0817846,-3.856736
../data/train_data_mmini/6/Train_0026.jpg	6	1.0,-1.0,1.0,-1.0,1.0,1.0,1.0,1.0,-1.0,1.0,1.0,-1.0,-1.0,1.0,1.0,-1.0,1.0,1.0,1.0,-1.0,-1.0,-1.0,-1.0,-1.0	0.34714362,-0.3561093,0.44462264,-1.4325475,1.7378033,2.3438814,2.414665,0.9872819,-1.9358824,0.93085814,2.5329044,-1.4092858,-0.39488417,0.14026867,1.6287625,-1.8012795,0.16190474,0.014416347,2.0600822,-0.93312836,-0.46005884,-1.5739402,-0.04330624,-0.17736709
../data/train_data_mmini/6/Train_0027.jpg	6	1.0,-1.0,1.0,1.0,-1.0,1.0,1.0,-1.0,-1.0,1.0,1.0,1.0,-1.0,1.0,-1.0,1.0,-1.0,1.0,-1.0,1.0,1.0,-1.0,-1.0,-1.0	0.1614111,-0.39193964,0.3815798,0.025667705,-0.9380902,2.095879,0.9535972,-0.06251243,-2.8512542,1.2171108,2.5525727,1.9918098,-0.43861145,0.3517365,-0.06158211,1.2688037,-0.16866285,2.1424162,-0.6687463,1.1910818,1.3863356,-0.68329763,-1.5138557,-0.9926588
../data/train_data_mmini/6/Train_0028.jpg	6	1.0,1.0,-1.0,1.0,1.0,1.0,1.0,1.0,-1.0,-1.0,-1.0,-1.0,1.0,-1.0,1.0,-1.0,-1.0,1.0,-1.0,1.0,-1.0,1.0,1.0,1.0	0.119477,0.13046227,-0.44233006,0.30645597,2.0941918,0.74193615,0.080842495,0.9429035,-0.22908297,-0.7478679,-0.7876775,-2.1034083,0.15558702,-0.12754866,0.6795443,-0.1446031,-1.1773239,2.5875552,-2.305034,1.2972661,-0.31519663,1.4812053,0.43616372,2.233618
../data/train_data_mmini/6/Train_0029.jpg	6	-1.0,1.0,-1.0,-1.0,-1.0,-1.0,-1.0,-1.0,1.0,-1.0,1.0,-1.0,1.0,-1.0,-1.0,-1.0,1.0,-1.0,1.0,-1.0,-1.0,1.0,1.0,-1.0	-4.9041758,1.1685218,-0.25234818,-1.4151353,-1.492331,-0.58649844,-1.7587125,-0.35591677,1.3894292,-1.212872,0.8516026,-0.8647219,0.25403965,-2.4137225,-0.8041062,-0.23408651,2.97053,-0.68642026,1.8009926,-1.8332001,-0.39129013,2.826268,0.6540665,-1.5514737
../data/train_data_mmini/7/Train_0030.jpg	7	-1.0,-1.0,-1.0,1.0,-1.0,-1.0,1.0,-1.0,-1.0,-1.0,1.0,1.0,1.0,-1.0,-1.0,-1.0,1.0,-1.0,-1.0,-1.0,1.0,-1.0,1.0,-1.0	-1.661554,-1.3970641,-0.05040369,0.65860033,-0.10894588,-1.4323802,2.5255067,-0.89100415,-1.3479894,-0.507657,0.21401313,1.9219105,3.0286186,-0.44614446,-0.53305066,-2.2230914,1.7739303,-1.2071663,-0.8101838,-0.1342216,1.77369,-1.4234788,0.33551133,-0.68778116
../data/train_data_mmini/7/Train_0031.jpg	7	-1.0,1.0,-1.0,1.0,-1.0,-1.0,-1.0,-1.0,-1.0,-1.0,1.0,1.0,1.0,-1.0,1.0,-1.0,1.0,1.0,1.0,1.0,1.0,1.0,-1.0,1.0	-3.5298448,0.44196686,-0.01440076,0.3687515,-0.59282374,-0.5643107,-0.6176473,-1.3859508,-0.8319995,-0.17637537,1.3769782,0.43179265,1.2987038,-0.867557,0.9088428,-1.2047218,0.2549412,2.9529939,0.104089715,1.6900986,0.9655925,1.5320854,-0.20121601,0.33439752
../data/train_data_mmini/7/Train_0032.jpg	7	-1.0,1.0,-1.0,-1.0,1.0,1.0,-1.0,-1.0,-1.0,-1.0,1.0,1.0,-1.0,1.0,1.0,1.0,-1.0,1.0,-1.0,1.0,1.0,1.0,-1.0,1.0	-0.7698287,1.0793682,-0.06704788,-1.152239,0.31735808,0.01036248,-1.8258561,-0.23211437,-1.9489365,-1.1892214,0.738627,1.9044133,-1.0113547,2.04583,0.15979317,1.4800857,-0.019983515,1.1327978,-0.56425047,1.2114396,1.089181,3.247068,-1.4394046,0.16213986
../data/train_data_mmini/7/Train_0033.jpg	7	-1.0,-1.0,1.0,-1.0,-1.0,1.0,1.0,1.0,-1.0,1.0,1.0,-1.0,1.0,-1.0,1.0,-1.0,1.0,1.0,1.0,1.0,-1.0,1.0,1.0,1.0	-2.8239372,-0.0068889097,0.6858211,-0.5789826,-1.0453601,0.7441568,1.9100384,0.17038256,-1.7132862,0.7602805,2.8166893,-1.8187454,0.24683829,-1.5889653,1.4378444,-1.0757378,0.9464692,1.9918095,1.487467,0.20944725,-0.016672805,0.45636585,0.09433176,0.12743044
../data/train_data_mmini/7/Train_0034.jpg	7	-1.0,1.0,1.0,-1.0,1.0,1.0,-1.0,1.0,-1.0,-1.0,1.0,1.0,-1.0,1.0,-1.0,1.0,-1.0,1.0,1.0,1.0,-1.0,1.0,1.0,-1.0	-0.72120374,0.6362652,0.27612478,-1.816134,0.72635084,0.80389625,-0.8039028,0.034314368,-0.27979493,-0.56762487,3.42066,0.22295356,-2.6154213,3.5078025,-0.18207279,1.8903724,-0.7883361,2.2382638,0.7281757,1.1982096,-0.31564814,2.470264,0.09740528,-0.20883736
../data/train_data_mmini/8/Train_0035.jpg	8	-1.0,1.0,-1.0,1.0,-1.0,-1.0,1.0,-1.0,1.0,-1.0,-1.0,1.0,1.0,1.0,1.0,-1.0,1.0,-1.0,-1.0,1.0,1.0,1.0,-1.0,1.0	-3.973358,0.77266365,-1.526175,0.5154234,-1.1069815,-0.72939146,1.0570215,-0.14829877,3.040117,-2.5110865,-0.6668096,2.9111488,1.4351084,1.2413843,0.65734917,-0.6449089,1.6545382,-1.7238202,-0.36736813,0.5347456,1.8686385,1.4153372,-1.0800685,0.53008705
../data/train_data_mmini/8/Train_0036.jpg	8	-1.0,-1.0,1.0,-1.0,1.0,-1.0,1.0,-1.0,-1.0,-1.0,1.0,1.0,1.0,1.0,1.0,-1.0,1.0,1.0,-1.0,1.0,1.0,1.0,-1.0,-1.0	-3.8664029,-1.1473008,1.0032012,-0.36057952,1.384551,-2.2689998,2.0694842,-1.7512082,-2.1552773,-2.4197533,2.0169795,1.1234052,1.5998088,0.39865842,1.332348,-2.9222763,2.0708256,1.4464711,-1.1123466,0.47509477,0.64154303,2.5333827,-0.934755,-0.050961148
../data/train_data_mmini/8/Train_0037.jpg	8	-1.0,1.0,-1.0,-1.0,1.0,1.0,1.0,1.0,-1.0,-1.0,1.0,1.0,1.0,-1.0,-1.0,1.0,-1.0,1.0,-1.0,1.0,-1.0,1.0,1.0,1.0	-2.6988277,0.5419608,-0.77236396,-1.5252885,1.5341344,2.193873,1.2709637,0.32464743,-1.3148907,-1.2575045,3.076481,0.51382464,0.40570965,-0.30594453,-0.052929305,0.9938276,-0.9282314,0.9603785,-0.67932874,1.7038385,-0.17205596,0.43074176,0.5673591,1.2319483
../data/train_data_mmini/8/Train_0038.jpg	8	-1.0,1.0,-1.0,1.0,-1.0,-1.0,-1.0,-1.0,1.0,-1.0,-1.0,1.0,1.0,1.0,-1.0,-1.0,1.0,1.0,1.0,-1.0,1.0,1.0,-1.0,1.0	-2.6988916,2.2361436,-1.5756445,2.5038402,-0.13727319,-1.6932466,-0.25373217,-0.52816314,1.758711,-0.212836,-1.620678,1.2916337,2.2466574,0.39551303,-2.724608,-1.0937878,1.3835628,2.1362283,0.8209784,-0.52793515,2.2939928,0.9177518,-2.3227687,0.008412145
../data/train_data_mmini/8/Train_0039.jpg	8	-1.0,1.0,-1.0,-1.0,-1.0,-1.0,-1.0,-1.0,1.0,-1.0,-1.0,1.0,1.0,-1.0,1.0,1.0,1.0,-1.0,-1.0,-1.0,1.0,1.0,1.0,1.0	-6.1919165,0.6451202,-0.22862263,-1.844648,-1.0109494,-0.78356564,-0.25375316,-1.1899211,2.6230578,-2.811763,-0.31559607,1.4643877,0.2946821,-1.2806325,2.4122846,0.018572843,3.3569841,-2.0625334,-0.73718727,-0.17679931,0.48823458,3.1191285,0.4031468,0.21100043
../data/train_data_mmini/9/Train_0040.jpg	9	1.0,1.0,-1.0,-1.0,1.0,1.0,1.0,1.0,-1.0,-1.0,-1.0,-1.0,1.0,-1.0,-1.0,-1.0,-1.0,-1.0,1.0,-1.0,-1.0,-1.0,-1.0,1.0	0.66283303,0.9860249,-1.9872793,-1.1993626,1.4020478,0.99265015,0.097351074,0.73769075,-0.31302598,-1.7094754,-1.0722954,-0.21172938,1.19694,-2.4288282,-0.42582902,-1.965925,-1.0914794,-3.2365372,0.8885426,-1.1078072,-0.6577071,-0.16741036,-0.6546326,1.4740618
../data/train_data_mmini/9/Train_0041.jpg	9	-1.0,1.0,1.0,-1.0,-1.0,-1.0,1.0,-1.0,-1.0,1.0,1.0,1.0,-1.0,1.0,1.0,1.0,1.0,1.0,-1.0,1.0,1.0,1.0,-1.0,-1.0	-1.2670766,0.66824204,0.49604732,-2.026758,-2.5635374,-0.26728845,0.029572688,-1.2848359,-1.3094375,0.48099324,3.1502013,0.26444975,-1.5111715,1.5382351,1.706719,1.2287049,0.13100627,2.7940154,-1.937157,2.6995037,1.5227296,2.2002635,-1.1153994,-0.6050071
../data/train_data_mmini/9/Train_0042.jpg	9	1.0,1.0,-1.0,1.0,1.0,1.0,-1.0,-1.0,1.0,1.0,-1.0,1.0,1.0,-1.0,1.0,-1.0,-1.0,-1.0,-1.0,1.0,1.0,1.0,-1.0,-1.0	1.4115493,0.9162764,-1.0768743,1.572252,1.7884895,1.654438,-2.3122451,-0.7390381,0.15217113,0.25248227,-2.6128297,0.5738346,0.81116426,-0.3279188,0.22533542,-0.7547266,-0.5865571,-1.9048985,-0.9951096,1.0168763,0.34384298,2.856713,-0.87417,-0.8123443
../data/train_data_mmini/9/Train_0043.jpg	9	-1.0,-1.0,-1.0,-1.0,1.0,-1.0,1.0,1.0,1.0,-1.0,-1.0,1.0,1.0,1.0,1.0,-1.0,-1.0,-1.0,-1.0,1.0,1.0,-1.0,-1.0,1.0	-0.7368513,-1.1114074,-0.047915034,-0.26051083,0.8601056,-1.1694319,1.0373287,0.08546354,1.1026487,-2.547182,-1.9589505,1.4672472,1.1513984,0.6023742,1.1515838,-3.1644483,-1.3379098,-2.2267241,-0.75744885,0.6033093,0.33972085,-1.0110823,-0.38881478,2.3174503
../data/train_data_mmini/9/Train_0044.jpg	9	-1.0,1.0,-1.0,1.0,-1.0,-1.0,-1.0,-1.0,1.0,1.0,-1.0,1.0,1.0,-1.0,1.0,-1.0,1.0,-1.0,-1.0,-1.0,1.0,1.0,-1.0,-1.0	-1.2992885,0.1630757,-0.31140733,0.06935685,-1.379362,-0.19215104,-1.4497313,-0.7435677,0.3326507,0.5362307,-0.90736777,1.7905569,1.2706361,-2.1766183,1.0379381,-1.7753499,2.246665,-1.7065711,-0.17416565,-1.0363244,1.0496284,0.45607525,-0.29977605,-1.5671285
../data/train_data_mmini/10/Train_0045.jpg	10	-1.0,1.0,1.0,-1.0,-1.0,-1.0,-1.0,-1.0,-1.0,-1.0,1.0,1.0,-1.0,-1.0,1.0,1.0,1.0,1.0,1.0,1.0,-1.0,1.0,-1.0,-1.0	-8.986871,2.8776,0.78672,-2.1478431,-0.5882516,-0.91439396,-1.6837926,-0.749542,-0.15271178,-0.85027397,2.4944353,4.3477254,-0.16234913,-2.6143415,0.84825104,2.9572248,2.7382486,2.7958045,0.6391069,0.29564986,-0.2464848,1.6096517,-0.69849217,-1.6926125
../data/train_data_mmini/10/Train_0046.jpg	10	-1.0,1.0,1.0,1.0,-1.0,1.0,-1.0,-1.0,-1.0,-1.0,-1.0,1.0,1.0,-1.0,-1.0,1.0,1.0,-1.0,1.0,-1.0,1.0,-1.0,1.0,-1.0	-1.4200739,0.6408367,0.14530972,0.24975246,-0.29250485,0.88465333,-2.2332127,-1.2442154,-0.6522621,-0.025322089,-1.4690316,0.1443192,0.08399048,-2.3172035,-1.3213066,2.3259826,1.3370051,-1.0661107,0.48271173,-0.71605086,1.4501637,-0.5001356,1.0187497,-0.57354504
../data/train_data_mmini/10/Train_0047.jpg	10	-1.0,1.0,1.0,-1.0,1.0,-1.0,-1.0,-1.0,-1.0,-1.0,1.0,1.0,-1.0,-1.0,1.0,1.0,1.0,1.0,1.0,-1.0,-1.0,1.0,1.0,-1.0	-5.796601,0.9668916,0.56005806,-1.6162034,1.4984386,-1.2509975,-0.9183717,-2.3486693,-0.24942991,-2.6494596,1.9297838,2.1804545,-1.3543391,-0.86617243,0.1352852,0.08035521,0.47172263,2.099439,1.1970131,-0.00783922,-1.2790164,0.3404897,1.0225425,-0.98547846
../data/train_data_mmini/10/Train_0048.jpg	10	-1.0,1.0,1.0,-1.0,-1.0,-1.0,-1.0,1.0,1.0,-1.0,1.0,1.0,1.0,-1.0,1.0,-1.0,1.0,-1.0,-1.0,-1.0,1.0,1.0,-1.0,-1.0	-5.9672055,1.5888577,0.420493,-1.7809908,-0.82595193,-2.619271,-1.6410269,0.63393456,1.5089097,-0.3357973,0.09089616,2.6849744,1.3446609,-3.7199414,1.5389459,-0.30465087,3.0465126,-0.45253608,-0.24116786,-2.7394116,2.9950979,2.2915287,-1.0429515,-1.0085131
../data/train_data_mmini/10/Train_0049.jpg	10	-1.0,1.0,-1.0,-1.0,-1.0,1.0,1.0,1.0,1.0,-1.0,-1.0,1.0,1.0,-1.0,1.0,1.0,1.0,-1.0,1.0,1.0,1.0,1.0,1.0,1.0	-4.136696,1.5963839,-1.4400126,-0.8199834,-0.7412381,0.18519054,0.4188785,0.9072607,1.0059587,-3.3885384,-0.16421494,3.1346676,0.64680004,-1.2691127,0.9089942,1.0214717,1.8381696,-1.904216,0.39780506,0.35697407,1.2126468,0.11338679,0.69671327,0.37534514
