../data/train_data_mmini/1/Train_0000.jpg	1	1.0,-1.0,-1.0,-1.0,1.0,1.0,-1.0,-1.0,1.0,1.0,1.0,-1.0	0.19774783,-0.06702702,-1.4426059,-0.066736035,0.85040325,0.23846686,-1.1298501,-0.18303135,1.1643976,0.3144795,0.6997901,-0.8769352
../data/train_data_mmini/1/Train_0001.jpg	1	1.0,1.0,-1.0,-1.0,1.0,1.0,-1.0,1.0,1.0,1.0,1.0,-1.0	0.2901695,0.12980403,-0.34095663,-0.19323123,0.26652277,0.18033284,-0.33483598,0.0116974935,0.32071498,0.17159039,0.2699605,-0.33514962
../data/train_data_mmini/1/Train_0002.jpg	1	1.0,-1.0,1.0,1.0,1.0,-1.0,1.0,-1.0,-1.0,-1.0,-1.0,1.0	0.014414603,-0.16249631,0.061062302,0.033467837,0.010397131,-0.3792551,0.6162404,-0.024282046,-0.118166916,-0.14709294,-0.20501375,0.7981529
../data/train_data_mmini/1/Train_0003.jpg	1	1.0,1.0,-1.0,-1.0,1.0,1.0,-1.0,-1.0,1.0,1.0,1.0,-1.0	0.2815009,0.05192025,-1.4773897,-0.111901246,0.85714465,0.37851164,-1.3332965,-0.16692477,1.3289044,0.3215312,0.9165841,-1.2025058
../data/train_data_mmini/1/Train_0004.jpg	1	1.0,-1.0,-1.0,-1.0,1.0,1.0,-1.0,-1.0,1.0,1.0,1.0,-1.0	0.33282766,-0.029426068,-1.2635164,-0.055656247,0.6309673,0.3541458,-0.8674148,-0.042861767,0.75874543,0.32895067,0.92470354,-1.1376411
../data/train_data_mmini/2/Train_0005.jpg	2	1.0,1.0,1.0,-1.0,-1.0,-1.0,1.0,1.0,-1.0,-1.0,-1.0,1.0	0.14543208,0.17592685,0.96246564,-0.023868583,-0.67078096,-0.019895876,0.49252284,0.015570693,-0.58292717,-0.12142782,-0.07583412,0.49467435
../data/train_data_mmini/2/Train_0006.jpg	2	-1.0,-1.0,1.0,1.0,1.0,-1.0,1.0,-1.0,-1.0,1.0,-1.0,1.0	-0.16156459,-0.06655644,0.02006894,0.36217013,0.018019134,-0.12599644,0.18834898,-0.07266117,-0.063503005,0.23264539,-0.5505561,0.4562316
../data/train_data_mmini/2/Train_0007.jpg	2	1.0,1.0,-1.0,1.0,1.0,1.0,-1.0,-1.0,1.0,1.0,1.0,-1.0	0.40878457,0.0193467,-1.9049233,0.010201193,1.0299726,0.6335674,-1.6200994,-0.2553492,1.5681194,0.5446783,1.2381608,-1.8223082
../data/train_data_mmini/2/Train_0008.jpg	2	-1.0,1.0,-1.0,1.0,-1.0,-1.0,1.0,-1.0,1.0,1.0,-1.0,1.0	-0.09523494,0.010085642,-0.11434817,0.13899642,-0.02099449,-0.22677949,0.017620796,-0.31379876,0.3038378,0.33645007,-0.4110534,0.14719048
../data/train_data_mmini/2/Train_0009.jpg	2	1.0,1.0,1.0,-1.0,-1.0,1.0,-1.0,-1.0,1.0,-1.0,1.0,1.0	0.1316688,0.3189177,0.2256273,-0.029934011,-0.20933941,0.048103817,-0.08942131,-0.11509324,0.2566906,-0.0983507,0.10929219,0.013707546
../data/train_data_mmini/3/Train_0010.jpg	3	1.0,1.0,1.0,1.0,-1.0,1.0,1.0,-1.0,-1.0,-1.0,-1.0,1.0	0.015728736,0.14112942,0.80717653,0.2848029,-0.3272938,0.0319419,0.64070266,-0.033612438,-0.5150025,-0.042566717,-0.23243305,0.37283376
../data/train_data_mmini/3/Train_0011.jpg	3	1.0,1.0,1.0,1.0,-1.0,-1.0,1.0,1.0,-1.0,-1.0,-1.0,1.0	0.21800289,0.06625359,1.0086834,0.15611184,-0.6898382,-0.02113288,1.5049248,0.48360217,-1.7187015,-0.21827522,-0.13209769,1.0265902
../data/train_data_mmini/3/Train_0012.jpg	3	1.0,1.0,1.0,-1.0,-1.0,-1.0,1.0,1.0,-1.0,-1.0,1.0,1.0	0.30340293,0.12551348,0.79351944,-0.15826422,-0.54847866,-0.03735786,0.8136662,0.21635538,-0.9468759,-0.44760925,0.16432318,0.6910043
../data/train_data_mmini/3/Train_0013.jpg	3	-1.0,-1.0,1.0,1.0,-1.0,-1.0,1.0,-1.0,-1.0,-1.0,-1.0,1.0	-0.46778584,-0.1298965,0.95151174,0.6343772,-0.3771606,-0.7430807,0.8794097,-0.35306162,-0.3214076,-0.15308605,-1.2087312,1.6542058
../data/train_data_mmini/3/Train_0014.jpg	3	1.0,1.0,1.0,1.0,-1.0,-1.0,1.0,1.0,-1.0,1.0,-1.0,1.0	0.07132315,0.08731349,0.5927517,0.07696114,-0.5340727,-0.0364696,0.6034829,0.0200563,-0.80586576,0.012724197,-0.3149964,0.36773118
../data/train_data_mmini/4/Train_0015.jpg	4	1.0,-1.0,-1.0,-1.0,1.0,-1.0,-1.0,-1.0,1.0,-1.0,-1.0,1.0	0.1137669,-0.043057427,-0.13083857,-0.045543127,0.1638043,-0.26884153,-0.0009305235,-0.2755329,0.35909915,-0.045425706,-0.027543388,0.3133456
../data/train_data_mmini/4/Train_0016.jpg	4	1.0,1.0,1.0,-1.0,-1.0,-1.0,1.0,-1.0,-1.0,-1.0,-1.0,1.0	0.11479195,0.15541114,0.80662334,-0.2722049,-0.656633,-0.09462077,0.3435092,-0.05739955,-0.18009368,-0.033383556,-0.19848838,0.47047186
../data/train_data_mmini/4/Train_0017.jpg	4	-1.0,1.0,1.0,1.0,-1.0,-1.0,1.0,1.0,-1.0,-1.0,-1.0,1.0	-0.118244596,0.095150694,1.3970661,0.33077827,-0.83425474,-0.3520399,1.411838,0.26503772,-1.1847612,-0.22355244,-0.717556,1.3925925
../data/train_data_mmini/4/Train_0018.jpg	4	1.0,1.0,1.0,-1.0,-1.0,-1.0,1.0,1.0,-1.0,1.0,-1.0,1.0	0.17631066,0.13706459,0.8443675,-0.06705319,-0.57857746,-0.09863394,0.46121812,0.07055505,-0.26977542,0.020517062,-0.09280112,0.31156164
../data/train_data_mmini/4/Train_0019.jpg	4	-1.0,1.0,1.0,1.0,-1.0,1.0,1.0,1.0,-1.0,-1.0,-1.0,1.0	-0.06320951,0.21455385,0.5788163,0.45401067,-0.17229086,0.021763658,0.69523126,0.14123774,-0.66202015,-0.07655044,-0.41756245,0.74575454
../data/train_data_mmini/5/Train_0020.jpg	5	1.0,1.0,-1.0,-1.0,1.0,1.0,-1.0,-1.0,1.0,1.0,1.0,-1.0	0.38353738,0.06553054,-1.3690015,-0.23944032,0.69313484,0.4434996,-1.2336937,-0.17379454,1.2683338,0.4054247,0.9652142,-1.4183749
../data/train_data_mmini/5/Train_0021.jpg	5	1.0,-1.0,-1.0,1.0,1.0,-1.0,-1.0,-1.0,1.0,1.0,-1.0,-1.0	0.011671359,-0.18842183,-0.87355113,0.13534653,0.68435055,-0.32430044,-0.38355023,-0.36187387,0.6281736,0.21875466,-0.28043863,-0.02865732
../data/train_data_mmini/5/Train_0022.jpg	5	1.0,1.0,-1.0,1.0,1.0,1.0,-1.0,-1.0,1.0,1.0,1.0,-1.0	0.29073173,0.10326192,-1.3231964,0.09029857,0.7449967,0.3997763,-1.245996,-0.3243938,1.2052884,0.43975416,0.6948762,-1.309978
../data/train_data_mmini/5/Train_0023.jpg	5	1.0,1.0,-1.0,-1.0,1.0,1.0,-1.0,-1.0,1.0,1.0,1.0,-1.0	0.38129714,0.049824446,-1.7586048,-0.09765827,0.95075613,0.41060716,-1.5127571,-0.32308286,1.713616,0.48602736,0.9135168,-1.6310883
../data/train_data_mmini/5/Train_0024.jpg	5	1.0,-1.0,-1.0,1.0,1.0,1.0,-1.0,-1.0,1.0,-1.0,1.0,-1.0	0.19254583,-0.06681736,-0.7466749,0.10559926,0.61102027,0.11549524,-0.4667535,-0.20529732,0.3604202,-0.055194624,0.5703717,-0.3137585
../data/train_data_mmini/6/Train_0025.jpg	6	-1.0,1.0,1.0,1.0,-1.0,-1.0,1.0,1.0,-1.0,-1.0,-1.0,1.0	-0.0008012708,0.2670151,1.5335076,0.67314833,-0.6132751,-0.16523546,1.3266817,0.25265124,-1.6038624,-0.46877062,-0.5773765,1.3890246
../data/train_data_mmini/6/Train_0026.jpg	6	1.0,1.0,-1.0,-1.0,1.0,1.0,1.0,1.0,-1.0,1.0,1.0,-1.0	0.23372078,0.38727355,-0.41238594,-0.030802421,0.23868552,0.40253758,0.032916836,0.55697376,-0.17872149,0.17358491,0.7795173,-0.35429353
../data/train_data_mmini/6/Train_0027.jpg	6	1.0,1.0,1.0,-1.0,-1.0,-1.0,1.0,1.0,-1.0,-1.0,-1.0,1.0	0.17789507,0.3641181,1.578074,-0.08004605,-1.0362408,-0.03177487,1.3639235,0.37548625,-1.3062229,-0.28783736,-0.26085994,0.8046656
../data/train_data_mmini/6/Train_0028.jpg	6	-1.0,-1.0,-1.0,1.0,1.0,-1.0,1.0,1.0,-1.0,1.0,-1.0,1.0	-0.023817336,-0.05096738,-0.13906884,0.19897959,0.011119211,-0.1770851,0.61899036,0.1547592,-0.5947312,0.17428893,-0.2444301,0.2564254
../data/train_data_mmini/6/Train_0029.jpg	6	-1.0,-1.0,1.0,1.0,-1.0,-1.0,1.0,-1.0,-1.0,-1.0,-1.0,1.0	-0.1798652,-0.081474796,1.5522383,0.5100503,-0.8727574,-0.51186633,1.1610984,-0.17906219,-0.64209306,-0.58194035,-0.7645611,1.715927
../data/train_data_mmini/7/Train_0030.jpg	7	1.0,1.0,-1.0,-1.0,1.0,1.0,-1.0,-1.0,1.0,1.0,1.0,-1.0	0.33972877,0.2796264,-0.2976508,-0.10385286,0.15227625,0.2246806,-0.61565477,-0.17384037,0.520426,0.14462982,0.2212005,-0.40690464
../data/train_data_mmini/7/Train_0031.jpg	7	-1.0,1.0,1.0,1.0,-1.0,-1.0,1.0,-1.0,-1.0,-1.0,-1.0,1.0	-0.068503685,0.05709009,0.88023484,0.2933516,-0.4992236,-0.27305764,0.4306199,-0.29100156,-0.2696601,-0.115735054,-0.5300359,0.6504189
../data/train_data_mmini/7/Train_0032.jpg	7	-1.0,1.0,1.0,1.0,-1.0,-1.0,1.0,1.0,-1.0,-1.0,-1.0,1.0	-0.09191597,0.1915449,1.9526689,0.3083353,-1.1016445,-0.46397468,1.7008522,0.27237976,-1.8392091,-0.4410491,-0.6434577,1.6411382
../data/train_data_mmini/7/Train_0033.jpg	7	1.0,1.0,1.0,-1.0,-1.0,1.0,-1.0,1.0,-1.0,1.0,1.0,-1.0	0.18634099,0.26707578,0.007626679,-0.1687507,-0.17376316,0.62022936,-0.28244394,0.24183562,-0.18133193,0.009273028,0.84703475,-0.5382183
../data/train_data_mmini/7/Train_0034.jpg	7	1.0,1.0,1.0,1.0,-1.0,1.0,1.0,1.0,-1.0,-1.0,-1.0,1.0	0.13532495,0.10752891,1.3092124,0.3829489,-0.71864194,0.15656847,1.5102178,0.3306528,-2.275587,-0.28518003,-0.26227728,0.8733436
../data/train_data_mmini/8/Train_0035.jpg	8	1.0,1.0,1.0,1.0,-1.0,-1.0,1.0,-1.0,-1.0,-1.0,-1.0,1.0	0.010261262,0.022661611,0.7494962,0.23639977,-0.45785803,-0.3786059,0.5899244,-0.30455858,-0.2827831,-0.13037635,-0.6709407,0.71932286
../data/train_data_mmini/8/Train_0036.jpg	8	1.0,1.0,1.0,1.0,-1.0,-1.0,1.0,1.0,-1.0,-1.0,-1.0,1.0	0.040878855,0.17622359,1.4649526,0.33545637,-0.87141913,-0.27364013,1.1087198,0.09171384,-1.0438164,-0.4214198,-0.51866627,1.1924024
../data/train_data_mmini/8/Train_0037.jpg	8	-1.0,1.0,1.0,1.0,-1.0,-1.0,1.0,1.0,-1.0,-1.0,-1.0,1.0	-0.10958598,0.19486023,1.5233976,0.26779762,-0.831879,-0.21610764,1.4293894,0.36352715,-1.5148474,-0.38410556,-0.4187633,1.4292953
../data/train_data_mmini/8/Train_0038.jpg	8	-1.0,-1.0,1.0,1.0,-1.0,-1.0,1.0,-1.0,-1.0,-1.0,-1.0,1.0	-0.059580766,-0.03330095,0.5989933,0.12614289,-0.25483835,-0.40394878,0.4012295,-0.42821836,-0.06858479,-0.19952157,-0.68766683,0.7986257
../data/train_data_mmini/8/Train_0039.jpg	8	-1.0,1.0,1.0,1.0,-1.0,-1.0,1.0,1.0,-1.0,-1.0,-1.0,1.0	-0.13094032,0.17068489,1.7778003,0.5242926,-1.0020435,-0.43895522,1.6003485,0.20227927,-1.4047196,-0.41943067,-0.882619,1.6440104
../data/train_data_mmini/9/Train_0040.jpg	9	1.0,1.0,-1.0,1.0,1.0,1.0,-1.0,-1.0,1.0,1.0,1.0,-1.0	0.17359418,0.005108669,-0.64504194,0.1001424,0.46751747,0.073077716,-0.4290117,-0.1974166,0.49656597,0.22735777,0.29440907,-0.34223193
../data/train_data_mmini/9/Train_0041.jpg	9	1.0,1.0,1.0,-1.0,-1.0,1.0,1.0,1.0,-1.0,-1.0,1.0,1.0	0.42741218,0.26825258,0.9829676,-0.08771872,-0.75434464,0.27786192,0.5349694,0.22501323,-0.8732541,-0.058541134,0.051565893,0.11298615
../data/train_data_mmini/9/Train_0042.jpg	9	1.0,-1.0,1.0,1.0,-1.0,-1.0,1.0,-1.0,-1.0,-1.0,-1.0,1.0	0.04926052,-0.04793729,0.32642704,0.11001504,-0.0393833,-0.32419744,0.44281638,-0.2067278,-0.14557269,-0.102627754,-0.20954946,0.62956065
../data/train_data_mmini/9/Train_0043.jpg	9	1.0,1.0,-1.0,1.0,1.0,-1.0,-1.0,-1.0,1.0,1.0,-1.0,-1.0	0.022289718,0.027014956,-0.4346028,0.14820328,0.3843726,-0.06964674,-0.4851233,-0.37364975,0.7546046,0.38608748,-0.08825811,-0.24151444
../data/train_data_mmini/9/Train_0044.jpg	9	-1.0,1.0,1.0,1.0,-1.0,-1.0,1.0,1.0,-1.0,-1.0,-1.0,1.0	-0.10399795,0.11777736,0.90642977,0.18087405,-0.48125982,-0.37218994,0.94915134,0.00604742,-0.47643313,-0.36647186,-0.51244944,1.0075603
../data/train_data_mmini/10/Train_0045.jpg	10	-1.0,1.0,1.0,1.0,-1.0,-1.0,1.0,1.0,-1.0,-1.0,-1.0,1.0	-0.1841,0.573721,2.6058702,0.8576241,-1.5566709,-0.29878476,2.1310344,0.38058957,-2.3738432,-0.5192805,-1.1925001,2.1036777
../data/train_data_mmini/10/Train_0046.jpg	10	-1.0,1.0,1.0,1.0,-1.0,-1.0,1.0,1.0,-1.0,-1.0,-1.0,1.0	-0.3340008,0.14810565,1.5474293,0.36961466,-0.91532296,-0.31040707,1.685262,0.3396446,-1.42963,-0.30164218,-0.7500668,1.7314264
../data/train_data_mmini/10/Train_0047.jpg	10	-1.0,1.0,1.0,1.0,-1.0,-1.0,1.0,1.0,-1.0,-1.0,-1.0,1.0	-0.26705438,0.08905809,2.0327897,0.8853703,-1.0481088,-0.5944897,1.8817729,0.17113832,-1.9563856,-0.4871153,-1.1422802,2.099834
../data/train_data_mmini/10/Train_0048.jpg	10	-1.0,1.0,1.0,1.0,-1.0,-1.0,1.0,1.0,-1.0,-1.0,-1.0,1.0	-0.093662836,0.40211448,2.1849332,0.5640719,-1.2252547,-0.25730065,1.7154622,0.26936194,-1.8614395,-0.5052618,-0.76420575,1.5667453
../data/train_data_mmini/10/Train_0049.jpg	10	-1.0,1.0,1.0,1.0,-1.0,-1.0,1.0,1.0,-1.0,-1.0,-1.0,1.0	-0.16511443,0.19681035,1.606282,0.5908555,-0.81410974,-0.43429375,1.6557719,0.18454549,-1.4556538,-0.4206612,-0.8354889,1.7100943
