../data/train_data_mmini/1/Train_0000.jpg	1	-1.0,-1.0,1.0,1.0,1.0,1.0,-1.0,1.0,-1.0,1.0,1.0,-1.0	-1.0074934,-0.161865,3.1100423,3.361909,0.59735906,0.45220292,-3.6818836,0.7588178,-0.5598758,0.6354612,0.88048506,-0.05646075
../data/train_data_mmini/1/Train_0001.jpg	1	-1.0,1.0,1.0,1.0,-1.0,1.0,-1.0,1.0,1.0,-1.0,1.0,1.0	-2.177827,2.8022878,5.2071476,2.1763191,-0.29904887,0.5510085,-2.995093,1.796168,0.8091036,-2.3211517,0.43606147,0.21408364
../data/train_data_mmini/1/Train_0002.jpg	1	-1.0,1.0,1.0,1.0,1.0,1.0,-1.0,1.0,1.0,-1.0,1.0,-1.0	-2.3079863,7.8905835,8.270993,1.2740021,0.66449124,3.9708784,-1.507431,1.7921684,2.8680573,-5.82496,1.1815101,-2.7733188
../data/train_data_mmini/1/Train_0003.jpg	1	-1.0,-1.0,1.0,1.0,1.0,-1.0,-1.0,1.0,-1.0,1.0,1.0,1.0	-0.26937497,-2.967729,1.0240668,3.9869556,0.34423926,-0.84192294,-4.3369427,0.19550228,-1.7960371,3.030181,0.7112876,0.74775016
../data/train_data_mmini/1/Train_0004.jpg	1	-1.0,1.0,1.0,1.0,-1.0,1.0,-1.0,1.0,-1.0,1.0,-1.0,1.0	-1.5900663,0.79603755,4.409599,3.485615,-0.37880397,1.419708,-4.2169976,1.328399,-0.8283393,0.6709362,-0.10140563,0.17519262
../data/train_data_mmini/2/Train_0005.jpg	2	-1.0,1.0,1.0,1.0,1.0,1.0,-1.0,1.0,1.0,-1.0,1.0,-1.0	-3.2636368,7.4245996,7.039359,1.2187177,0.9758386,2.5169492,-1.3826663,2.2113593,3.3123581,-7.019278,1.8307167,-1.8616052
../data/train_data_mmini/2/Train_0006.jpg	2	-1.0,1.0,1.0,1.0,1.0,1.0,-1.0,1.0,1.0,-1.0,1.0,-1.0	-2.3482769,8.905713,7.3892093,0.85549617,2.6138608,3.138187,-1.0379483,1.0861481,3.7298257,-6.8681836,3.2652276,-5.0475388
../data/train_data_mmini/2/Train_0007.jpg	2	-1.0,-1.0,1.0,1.0,-1.0,1.0,-1.0,1.0,-1.0,1.0,1.0,1.0	-0.6070696,-2.5292609,2.066006,4.278545,-0.13362896,0.1315868,-5.0304756,0.46796644,-2.050284,3.6722815,0.018263448,0.5873928
../data/train_data_mmini/2/Train_0008.jpg	2	-1.0,1.0,1.0,1.0,1.0,1.0,-1.0,1.0,1.0,-1.0,1.0,-1.0	-1.3762017,6.0687585,5.944507,2.3912926,1.8405052,4.2395163,-2.298988,0.5226064,1.704231,-3.194885,1.9593765,-4.24435
../data/train_data_mmini/2/Train_0009.jpg	2	-1.0,1.0,1.0,1.0,1.0,1.0,-1.0,1.0,1.0,-1.0,1.0,-1.0	-2.75469,6.5136356,6.663064,2.1222095,1.2476064,1.5126516,-2.0992694,1.9384636,2.7931433,-7.0559707,2.415859,-1.6163205
../data/train_data_mmini/3/Train_0010.jpg	3	-1.0,1.0,1.0,1.0,1.0,1.0,-1.0,1.0,1.0,-1.0,1.0,-1.0	-1.738608,7.3228683,6.525021,0.65261894,0.27031186,3.6678941,-1.6455922,1.3357874,2.0174932,-5.0727944,0.9004889,-3.1377544
../data/train_data_mmini/3/Train_0011.jpg	3	-1.0,1.0,1.0,-1.0,-1.0,1.0,-1.0,1.0,1.0,-1.0,-1.0,-1.0	-4.9959116,13.449182,14.129677,-0.19810376,-3.0625238,5.9558167,-1.3149117,4.4555945,4.975375,-10.204898,-1.1230971,-2.181656
../data/train_data_mmini/3/Train_0012.jpg	3	-1.0,1.0,1.0,1.0,-1.0,1.0,-1.0,1.0,1.0,-1.0,1.0,-1.0	-4.6525335,10.643201,11.151507,0.6509888,-0.3740957,2.470888,-1.4874861,4.471375,4.4636545,-10.97881,1.1302948,-0.22923794
../data/train_data_mmini/3/Train_0013.jpg	3	-1.0,1.0,1.0,1.0,1.0,1.0,-1.0,1.0,1.0,-1.0,1.0,-1.0	-2.0391364,13.214927,9.859963,0.41075492,3.8622785,5.180956,-0.24549656,1.3540732,5.2301054,-10.26512,4.192056,-7.4272995
../data/train_data_mmini/3/Train_0014.jpg	3	-1.0,1.0,1.0,1.0,-1.0,1.0,-1.0,1.0,1.0,-1.0,1.0,-1.0	-3.051903,8.498248,8.355033,1.06037,-0.081409566,3.9329581,-1.7964642,2.0397382,3.1027956,-6.2712917,1.1592095,-2.9419544
../data/train_data_mmini/4/Train_0015.jpg	4	-1.0,1.0,1.0,1.0,1.0,1.0,-1.0,1.0,1.0,-1.0,1.0,-1.0	-2.5407095,7.557829,7.75986,2.5767658,2.3439941,3.8830066,-2.238887,1.654598,2.917154,-5.7362876,2.5521429,-3.332675
../data/train_data_mmini/4/Train_0016.jpg	4	-1.0,1.0,1.0,1.0,1.0,1.0,-1.0,1.0,1.0,-1.0,1.0,-1.0	-1.9835042,5.2754087,4.7070456,0.9092796,0.5732133,1.5545563,-0.6248872,1.333207,2.6644022,-5.7306714,1.6471939,-1.2351215
../data/train_data_mmini/4/Train_0017.jpg	4	-1.0,1.0,1.0,-1.0,1.0,1.0,1.0,1.0,1.0,-1.0,1.0,-1.0	-4.480479,15.440886,12.96488,-0.9927641,1.5003135,4.264266,0.5008083,3.4572372,7.4605007,-14.292816,3.0574138,-5.1553364
../data/train_data_mmini/4/Train_0018.jpg	4	-1.0,1.0,1.0,1.0,1.0,1.0,-1.0,1.0,1.0,-1.0,1.0,-1.0	-2.188911,5.9823694,5.4211893,0.8715005,0.43153927,2.674411,-0.9550609,1.5708404,2.1997437,-4.7716975,1.0752048,-1.9264668
../data/train_data_mmini/4/Train_0019.jpg	4	-1.0,1.0,1.0,1.0,1.0,1.0,-1.0,1.0,1.0,-1.0,1.0,-1.0	-3.0194705,10.484584,8.873066,0.6688575,2.1115577,3.7091937,-1.2091335,1.6054715,4.0617895,-8.219149,2.7413924,-5.0505414
../data/train_data_mmini/5/Train_0020.jpg	5	-1.0,-1.0,1.0,1.0,1.0,-1.0,-1.0,1.0,-1.0,1.0,1.0,1.0	-0.6856763,-2.6543534,1.4036909,3.9506674,0.18692341,-0.99993265,-4.466381,0.3691992,-1.9195361,2.6518826,0.48086002,1.1238959
../data/train_data_mmini/5/Train_0021.jpg	5	-1.0,1.0,1.0,1.0,1.0,1.0,-1.0,1.0,1.0,-1.0,1.0,-1.0	-2.3404577,6.9257374,8.281769,3.5139241,1.8410032,4.337591,-3.480531,1.6338357,1.8488243,-4.0982213,2.058125,-3.791095
../data/train_data_mmini/5/Train_0022.jpg	5	-1.0,1.0,1.0,1.0,1.0,1.0,-1.0,1.0,-1.0,1.0,1.0,-1.0	-0.9697151,1.2358165,3.3329432,3.3513176,1.1720426,1.1310182,-3.6286762,0.28471258,-0.052795585,0.10573803,1.3526063,-1.3991448
../data/train_data_mmini/5/Train_0023.jpg	5	1.0,-1.0,-1.0,1.0,1.0,-1.0,-1.0,-1.0,-1.0,1.0,1.0,1.0	0.26085457,-3.94295,-0.049504485,4.055411,0.4926449,-1.3313832,-4.52279,-0.118468925,-2.448132,4.302447,0.62840736,0.6519131
../data/train_data_mmini/5/Train_0024.jpg	5	-1.0,1.0,1.0,1.0,-1.0,1.0,-1.0,1.0,1.0,-1.0,1.0,-1.0	-2.710954,4.71013,7.8729935,3.2682521,-0.12751862,3.4825542,-3.8051546,2.5226026,0.8578697,-3.3173735,0.404938,-0.5965615
../data/train_data_mmini/6/Train_0025.jpg	6	-1.0,1.0,1.0,-1.0,-1.0,1.0,-1.0,1.0,1.0,-1.0,1.0,-1.0	-4.4200063,14.238414,12.885053,-0.50881356,-0.32023177,5.437221,-0.32969242,3.6430058,5.937586,-12.592442,1.2211897,-4.0645456
../data/train_data_mmini/6/Train_0026.jpg	6	-1.0,1.0,1.0,1.0,-1.0,1.0,-1.0,1.0,1.0,-1.0,-1.0,1.0	-3.2991495,2.6986713,5.9647717,1.8714799,-2.0835278,1.0373471,-3.395608,2.5544124,0.6464601,-2.656212,-0.64303756,1.4801537
../data/train_data_mmini/6/Train_0027.jpg	6	-1.0,1.0,1.0,1.0,-1.0,1.0,-1.0,1.0,1.0,-1.0,1.0,-1.0	-3.6304672,9.489436,8.78074,0.06906779,-1.8356961,3.1594434,-0.98923963,3.1258752,3.4833648,-8.653524,0.13411705,-1.0135689
../data/train_data_mmini/6/Train_0028.jpg	6	-1.0,1.0,1.0,1.0,-1.0,1.0,-1.0,1.0,1.0,-1.0,-1.0,-1.0	-2.6647744,7.3351545,9.226415,1.4692297,-2.0005996,5.537852,-2.7099214,2.0179622,1.8869232,-3.3485813,-0.8512128,-2.508833
../data/train_data_mmini/6/Train_0029.jpg	6	-1.0,1.0,1.0,1.0,1.0,1.0,1.0,1.0,1.0,-1.0,1.0,-1.0	-2.410144,13.420791,9.338393,0.632761,4.6803555,3.7764053,0.31133354,1.513897,6.09661,-12.995581,5.03737,-6.0139527
../data/train_data_mmini/7/Train_0030.jpg	7	-1.0,1.0,1.0,1.0,1.0,1.0,-1.0,1.0,1.0,-1.0,1.0,-1.0	-2.954041,5.8090153,6.072683,2.3650882,1.7643708,0.9483293,-2.119327,1.7276108,3.1255116,-6.1048627,2.8680432,-1.781653
../data/train_data_mmini/7/Train_0031.jpg	7	-1.0,1.0,1.0,1.0,1.0,1.0,-1.0,1.0,1.0,-1.0,1.0,-1.0	-2.8693454,9.584795,8.403526,1.5257481,2.84465,3.4671113,-1.1854495,1.8078517,4.2669263,-8.896063,3.3987565,-4.132079
../data/train_data_mmini/7/Train_0032.jpg	7	-1.0,1.0,1.0,-1.0,-1.0,1.0,-1.0,1.0,1.0,-1.0,1.0,-1.0	-5.490245,16.405447,14.831884,-0.5170239,-0.74559706,6.517931,-0.29428732,4.7262583,6.753498,-14.782458,1.2758735,-4.0164857
../data/train_data_mmini/7/Train_0033.jpg	7	-1.0,1.0,1.0,1.0,-1.0,1.0,-1.0,1.0,1.0,-1.0,1.0,1.0	-3.6056738,4.3178687,6.3699636,1.601181,-1.5976914,1.1244127,-2.4201412,2.9444056,1.8103076,-5.379744,0.13777868,1.2300848
../data/train_data_mmini/7/Train_0034.jpg	7	-1.0,1.0,1.0,1.0,-1.0,1.0,-1.0,1.0,1.0,-1.0,-1.0,-1.0	-4.781445,13.339128,14.310412,0.0078024324,-4.133383,7.6974683,-2.0479538,4.498575,4.024909,-8.918144,-2.1000836,-2.633376
../data/train_data_mmini/8/Train_0035.jpg	8	-1.0,1.0,1.0,1.0,1.0,1.0,-1.0,1.0,1.0,-1.0,1.0,-1.0	-2.7307,11.324177,9.44147,1.4428425,2.6928022,4.7029047,-1.1547384,1.7857978,4.5578213,-9.053799,3.3015397,-4.9811773
../data/train_data_mmini/8/Train_0036.jpg	8	-1.0,1.0,1.0,1.0,1.0,1.0,-1.0,1.0,1.0,-1.0,1.0,-1.0	-3.770498,12.016548,10.415121,0.6572448,1.236194,4.7532268,-0.8198439,2.6491287,5.311136,-10.624105,2.335802,-3.9954584
../data/train_data_mmini/8/Train_0037.jpg	8	-1.0,1.0,1.0,1.0,-1.0,1.0,-1.0,1.0,1.0,-1.0,1.0,-1.0	-5.344738,14.308227,14.151974,0.39648965,-1.1797525,6.2653146,-1.3804067,4.3554845,5.717777,-12.308497,0.6870331,-3.0533426
../data/train_data_mmini/8/Train_0038.jpg	8	-1.0,1.0,1.0,1.0,1.0,1.0,-1.0,1.0,1.0,-1.0,1.0,-1.0	-2.136164,8.866672,7.615079,1.8106083,2.5765288,3.8565629,-1.4505275,1.3091912,3.5603445,-7.4792633,3.1318774,-4.0143833
../data/train_data_mmini/8/Train_0039.jpg	8	-1.0,1.0,1.0,1.0,1.0,1.0,-1.0,1.0,1.0,-1.0,1.0,-1.0	-4.5479126,17.461058,14.111491,0.025930854,2.0896783,6.1496196,-0.16764165,3.520833,7.4403257,-15.102565,3.4259753,-6.153432
../data/train_data_mmini/9/Train_0040.jpg	9	-1.0,1.0,1.0,1.0,1.0,1.0,-1.0,1.0,1.0,-1.0,1.0,-1.0	-3.0267704,7.313736,8.798371,3.1895149,1.3163139,4.395551,-3.3941562,1.9111664,2.3742428,-4.7382517,1.7418581,-3.0811634
../data/train_data_mmini/9/Train_0041.jpg	9	-1.0,1.0,1.0,1.0,-1.0,1.0,-1.0,1.0,1.0,-1.0,-1.0,-1.0	-3.356388,7.172933,7.9842114,0.6885252,-1.280348,2.0321162,-1.5576506,2.7945971,2.6036274,-6.4710546,-0.081090964,-0.49454847
../data/train_data_mmini/9/Train_0042.jpg	9	-1.0,1.0,1.0,1.0,1.0,1.0,-1.0,1.0,1.0,-1.0,1.0,-1.0	-3.0247095,9.359331,9.94002,2.6625044,1.3784131,5.475502,-2.7198648,2.3224933,3.023808,-6.5868077,1.5991501,-3.4666653
../data/train_data_mmini/9/Train_0043.jpg	9	-1.0,1.0,1.0,1.0,1.0,1.0,-1.0,1.0,1.0,-1.0,1.0,-1.0	-2.0560524,6.2640457,6.4374843,3.2180226,2.563174,3.5108638,-2.9555295,0.7761503,2.1159625,-3.6328952,2.9095294,-4.157224
../data/train_data_mmini/9/Train_0044.jpg	9	-1.0,1.0,1.0,1.0,1.0,1.0,-1.0,1.0,1.0,-1.0,1.0,-1.0	-3.569076,12.838775,10.849778,1.5275699,2.990224,4.3265104,-1.4443519,2.622392,5.3397017,-11.568571,3.7625787,-4.6520514
../data/train_data_mmini/10/Train_0045.jpg	10	-1.0,1.0,1.0,-1.0,1.0,1.0,1.0,1.0,1.0,-1.0,1.0,-1.0	-5.434672,21.112127,16.443764,-1.6712389,0.91253084,7.538078,0.8743944,4.566864,8.859213,-18.943417,3.0403256,-6.9469004
../data/train_data_mmini/10/Train_0046.jpg	10	-1.0,1.0,1.0,-1.0,1.0,1.0,1.0,1.0,1.0,-1.0,1.0,-1.0	-4.5149302,16.197714,13.450549,-0.8412334,0.41730183,5.989928,0.34348488,3.791246,6.8403964,-14.364449,2.0921752,-4.8821845
../data/train_data_mmini/10/Train_0047.jpg	10	-1.0,1.0,1.0,-1.0,1.0,1.0,1.0,1.0,1.0,-1.0,1.0,-1.0	-5.247645,20.460135,16.855875,-0.5197335,1.4713869,8.721168,0.078046516,4.175888,8.335613,-16.805191,3.041432,-7.947754
../data/train_data_mmini/10/Train_0048.jpg	10	-1.0,1.0,1.0,-1.0,1.0,1.0,1.0,1.0,1.0,-1.0,1.0,-1.0	-4.763883,17.817865,13.895601,-0.68998533,1.9691746,5.8011723,0.6091707,3.7527378,7.973218,-16.819267,3.3605244,-5.4900117
../data/train_data_mmini/10/Train_0049.jpg	10	-1.0,1.0,1.0,1.0,1.0,1.0,-1.0,1.0,1.0,-1.0,1.0,-1.0	-4.829826,17.505276,15.003986,0.09616135,1.054633,7.268653,-0.5032714,3.862514,6.993076,-14.638908,2.4965317,-5.950422
