../data/train_data_mmini/1/Train_0000.jpg	1	1.0,-1.0,1.0,1.0,1.0,1.0,1.0,-1.0	0.22988656,-0.16420585,0.14525923,0.08431366,0.005981012,0.18249653,0.060521204,-0.0065594204
../data/train_data_mmini/1/Train_0001.jpg	1	1.0,-1.0,1.0,1.0,1.0,1.0,1.0,-1.0	0.18848774,-0.1268945,0.21854967,0.15633525,0.025112892,0.23983683,0.04167619,-0.081119835
../data/train_data_mmini/1/Train_0002.jpg	1	1.0,-1.0,1.0,1.0,1.0,1.0,1.0,-1.0	0.117628664,-0.10823803,0.20119792,0.08447086,0.00088445697,0.18784256,0.08503056,-0.01937771
../data/train_data_mmini/1/Train_0003.jpg	1	1.0,-1.0,1.0,1.0,1.0,1.0,1.0,-1.0	0.2482492,-0.19826609,0.11619621,0.09788079,0.03326083,0.24395016,0.11102347,-0.01936127
../data/train_data_mmini/1/Train_0004.jpg	1	1.0,-1.0,1.0,1.0,-1.0,1.0,1.0,-1.0	0.18655911,-0.14043303,0.14899698,0.039155934,-0.030538036,0.21508864,0.11565782,-0.0075349202
../data/train_data_mmini/2/Train_0005.jpg	2	1.0,-1.0,1.0,1.0,-1.0,1.0,1.0,-1.0	0.101163715,-0.13644084,0.27946284,0.14831734,-0.003553416,0.19020912,0.06402768,-0.04289763
../data/train_data_mmini/2/Train_0006.jpg	2	1.0,-1.0,1.0,-1.0,-1.0,1.0,1.0,1.0	0.15307532,-0.09924485,0.34177727,-0.029583355,-0.1347952,0.18629494,0.12042572,0.0071863756
../data/train_data_mmini/2/Train_0007.jpg	2	1.0,-1.0,1.0,1.0,1.0,1.0,1.0,1.0	0.21959397,-0.20257479,0.0647508,0.080106065,0.012602567,0.2846116,0.08585257,0.035976212
../data/train_data_mmini/2/Train_0008.jpg	2	1.0,-1.0,1.0,1.0,-1.0,1.0,1.0,1.0	0.09823019,-0.118141785,0.24120529,0.12691697,-0.047757525,0.17955747,0.15522765,0.012266443
../data/train_data_mmini/2/Train_0009.jpg	2	1.0,-1.0,1.0,1.0,-1.0,1.0,1.0,-1.0	0.22520217,-0.19446833,0.29130256,0.12812,-0.06873653,0.22824901,0.12581946,-0.041293453
../data/train_data_mmini/3/Train_0010.jpg	3	1.0,-1.0,1.0,1.0,1.0,1.0,1.0,-1.0	0.16610624,-0.13010862,0.25748622,0.11194423,0.016351784,0.18115461,0.096829556,-0.021880366
../data/train_data_mmini/3/Train_0011.jpg	3	1.0,-1.0,1.0,1.0,1.0,1.0,1.0,1.0	0.071624525,-0.07413817,0.25499794,0.029307954,0.022877485,0.26350543,0.101320714,0.021717858
../data/train_data_mmini/3/Train_0012.jpg	3	1.0,-1.0,1.0,1.0,-1.0,1.0,1.0,-1.0	0.1541023,-0.09275074,0.3697231,0.10193578,-0.074199915,0.28155896,0.09777703,-0.040697765
../data/train_data_mmini/3/Train_0013.jpg	3	1.0,-1.0,1.0,1.0,-1.0,1.0,1.0,-1.0	0.078944124,-0.037587494,0.37061924,0.20836495,-0.066770434,0.2330016,0.073829524,-0.06838553
../data/train_data_mmini/3/Train_0014.jpg	3	1.0,-1.0,1.0,1.0,1.0,1.0,1.0,1.0	0.10275842,-0.10247724,0.20234512,0.09704356,0.0057592453,0.17910501,0.07675447,0.005332619
../data/train_data_mmini/4/Train_0015.jpg	4	1.0,-1.0,1.0,1.0,-1.0,1.0,1.0,-1.0	0.112213805,-0.12494601,0.25142345,0.14687221,-0.04563766,0.18421996,0.08334337,-0.019763678
../data/train_data_mmini/4/Train_0016.jpg	4	1.0,-1.0,1.0,1.0,1.0,1.0,1.0,-1.0	0.14470434,-0.038068984,0.1917239,0.15714285,0.090797625,0.23198806,0.08805107,-0.02761133
../data/train_data_mmini/4/Train_0017.jpg	4	1.0,-1.0,1.0,1.0,-1.0,1.0,1.0,1.0	0.14063957,-0.058515217,0.301368,0.10979231,-0.020427167,0.28862926,0.044416822,0.026505083
../data/train_data_mmini/4/Train_0018.jpg	4	1.0,-1.0,1.0,1.0,-1.0,1.0,1.0,1.0	0.061340056,-0.11189111,0.2265137,0.10528515,-0.060965724,0.14947738,0.08581749,0.029116973
../data/train_data_mmini/4/Train_0019.jpg	4	1.0,-1.0,1.0,1.0,-1.0,1.0,1.0,-1.0	0.13596529,-0.02247705,0.30378634,0.07346993,-0.031124242,0.27501056,0.06518619,-0.09186464
../data/train_data_mmini/5/Train_0020.jpg	5	1.0,-1.0,1.0,1.0,1.0,1.0,1.0,1.0	0.23964784,-0.18380778,0.13227592,0.058658034,0.019593928,0.2797319,0.0826499,0.014231889
../data/train_data_mmini/5/Train_0021.jpg	5	1.0,-1.0,1.0,1.0,-1.0,1.0,1.0,1.0	0.1664336,-0.22134614,0.282446,0.026164627,-0.08372954,0.20757787,0.092691876,0.022151992
../data/train_data_mmini/5/Train_0022.jpg	5	1.0,-1.0,1.0,1.0,-1.0,1.0,1.0,1.0	0.24019934,-0.16290623,0.17049828,0.10315929,-0.025030753,0.25822082,0.10559829,0.015175657
../data/train_data_mmini/5/Train_0023.jpg	5	1.0,-1.0,1.0,1.0,-1.0,1.0,1.0,1.0	0.23476094,-0.19060887,0.10679373,0.016319111,-0.03581072,0.23132282,0.10048466,0.010818555
../data/train_data_mmini/5/Train_0024.jpg	5	1.0,-1.0,1.0,1.0,-1.0,1.0,1.0,-1.0	0.16143675,-0.17861158,0.25992,0.098312266,-0.041853655,0.20695889,0.10341693,-0.040316842
../data/train_data_mmini/6/Train_0025.jpg	6	1.0,-1.0,1.0,1.0,-1.0,1.0,1.0,-1.0	0.106850274,-0.10704715,0.33064988,0.22159848,-0.002698572,0.28641254,0.023783486,-0.0296011
../data/train_data_mmini/6/Train_0026.jpg	6	1.0,-1.0,1.0,1.0,1.0,1.0,1.0,-1.0	0.11154922,-0.22024663,0.036536027,0.1580418,0.09331734,0.24270076,0.08447634,-0.00884849
../data/train_data_mmini/6/Train_0027.jpg	6	1.0,-1.0,1.0,1.0,1.0,1.0,1.0,1.0	0.05173832,-0.08851126,0.2254351,0.1190859,0.038804933,0.2084181,0.07708128,0.039133072
../data/train_data_mmini/6/Train_0028.jpg	6	1.0,-1.0,1.0,-1.0,-1.0,1.0,1.0,1.0	0.091053374,-0.16392948,0.16563919,-0.005174605,-0.0067050243,0.20491491,0.10440615,0.054293968
../data/train_data_mmini/6/Train_0029.jpg	6	1.0,-1.0,1.0,1.0,-1.0,1.0,1.0,-1.0	0.13132934,-0.21482076,0.3455041,0.20428117,-0.016021444,0.30107883,0.043103117,-0.106315166
../data/train_data_mmini/7/Train_0030.jpg	7	1.0,-1.0,1.0,1.0,-1.0,1.0,1.0,-1.0	0.16657242,-0.19311243,0.21235727,0.16990542,-0.024458166,0.29919928,0.08703548,-0.038025454
../data/train_data_mmini/7/Train_0031.jpg	7	1.0,-1.0,1.0,1.0,-1.0,1.0,1.0,-1.0	0.12729652,-0.19468834,0.32985762,0.1962974,-0.06789809,0.26221982,0.09497011,-0.024604768
../data/train_data_mmini/7/Train_0032.jpg	7	1.0,-1.0,1.0,1.0,-1.0,1.0,1.0,-1.0	0.040493377,-0.0011890216,0.2706085,0.0788287,-0.020138513,0.22640876,0.079083614,-0.046954483
../data/train_data_mmini/7/Train_0033.jpg	7	1.0,-1.0,1.0,1.0,-1.0,1.0,1.0,-1.0	0.2188844,-0.12946844,0.21746092,0.08362136,-0.06359564,0.25870946,0.08607205,-0.0015269824
../data/train_data_mmini/7/Train_0034.jpg	7	1.0,-1.0,1.0,1.0,-1.0,1.0,1.0,1.0	0.105440244,-0.105345994,0.30300352,0.02276605,-0.058036644,0.22137132,0.035151135,0.13894057
../data/train_data_mmini/8/Train_0035.jpg	8	1.0,-1.0,1.0,1.0,-1.0,1.0,1.0,1.0	0.18821889,-0.15398844,0.25758508,0.09165089,-0.112049066,0.20917886,0.09096514,0.025950272
../data/train_data_mmini/8/Train_0036.jpg	8	1.0,-1.0,1.0,1.0,-1.0,1.0,1.0,-1.0	0.12687767,-0.20103738,0.31175604,0.1859262,-0.028568983,0.2931611,0.050277133,-0.008665851
../data/train_data_mmini/8/Train_0037.jpg	8	1.0,-1.0,1.0,1.0,1.0,1.0,1.0,1.0	0.14556232,-0.19055907,0.34013122,0.105822004,0.03919866,0.2637343,0.096850604,0.03090367
../data/train_data_mmini/8/Train_0038.jpg	8	1.0,-1.0,1.0,1.0,-1.0,1.0,1.0,-1.0	0.11315734,-0.15168598,0.2858537,0.1356749,-0.048514828,0.21039656,0.13172884,-0.018394968
../data/train_data_mmini/8/Train_0039.jpg	8	1.0,-1.0,1.0,1.0,-1.0,1.0,1.0,-1.0	0.17024127,-0.177972,0.36103836,0.14277975,-0.053902227,0.25351116,0.051002838,-0.062459532
../data/train_data_mmini/9/Train_0040.jpg	9	1.0,-1.0,1.0,1.0,1.0,1.0,1.0,-1.0	0.20314254,-0.21552868,0.22451854,0.1458411,0.0059559024,0.25109658,0.11106972,-0.028213851
../data/train_data_mmini/9/Train_0041.jpg	9	1.0,-1.0,1.0,1.0,1.0,1.0,1.0,-1.0	0.20507321,-0.10715845,0.32552284,0.12646477,0.05884918,0.30716044,0.102334425,-0.04568198
../data/train_data_mmini/9/Train_0042.jpg	9	1.0,-1.0,1.0,1.0,-1.0,1.0,1.0,-1.0	0.074753046,-0.17386355,0.28604046,0.16153339,-0.02918125,0.25574374,0.15163682,-0.024995333
../data/train_data_mmini/9/Train_0043.jpg	9	1.0,-1.0,1.0,1.0,-1.0,1.0,1.0,1.0	0.15444553,-0.18012139,0.25467783,0.07775127,-0.09193772,0.24042635,0.09652449,0.012936264
../data/train_data_mmini/9/Train_0044.jpg	9	1.0,-1.0,1.0,1.0,-1.0,1.0,1.0,-1.0	0.124744155,-0.122860335,0.40177342,0.19618572,-0.061596774,0.2434256,0.09058171,-0.06612331
../data/train_data_mmini/10/Train_0045.jpg	10	1.0,-1.0,1.0,1.0,-1.0,1.0,-1.0,-1.0	0.070953496,-0.06650289,0.38048053,0.15081248,-0.086424634,0.20986533,-0.008029197,-0.004138915
../data/train_data_mmini/10/Train_0046.jpg	10	1.0,-1.0,1.0,1.0,-1.0,1.0,1.0,-1.0	0.107329145,-0.04724018,0.30525213,0.1379711,-0.015958503,0.19826317,0.04602763,-0.0037725773
../data/train_data_mmini/10/Train_0047.jpg	10	1.0,-1.0,1.0,1.0,-1.0,1.0,1.0,1.0	0.073109925,-0.15006049,0.43017676,0.15105507,-0.019216856,0.26102632,0.015381769,0.038310464
../data/train_data_mmini/10/Train_0048.jpg	10	1.0,-1.0,1.0,1.0,-1.0,1.0,1.0,-1.0	0.13351475,-0.06423592,0.4041202,0.15280151,-0.06589821,0.28589088,0.09091713,-0.051220514
../data/train_data_mmini/10/Train_0049.jpg	10	1.0,-1.0,1.0,1.0,-1.0,1.0,1.0,1.0	0.11156132,-0.17585617,0.31038174,0.15333346,-0.040688742,0.24204844,0.035746217,0.007545214
