../data/train_data_mmini/1/Train_0000.jpg	1	1.0,1.0,-1.0,1.0,-1.0,1.0,1.0,1.0,-1.0,-1.0,1.0,-1.0,-1.0,1.0,-1.0,-1.0,-1.0,-1.0,-1.0,-1.0,-1.0,-1.0,-1.0,-1.0	0.54124177,1.1105418,-0.16293764,1.2488608,-1.5874956,1.5106243,0.19761099,0.4352049,-0.452042,-2.2999249,0.6949359,-0.6611584,-1.487636,1.159146,-0.4771824,-0.08332753,-0.914498,-0.079181135,-0.00079639256,-0.3404867,-0.15967038,-0.55650866,-0.456302,-0.010520518
../data/train_data_mmini/1/Train_0001.jpg	1	1.0,1.0,-1.0,1.0,-1.0,1.0,1.0,1.0,-1.0,-1.0,1.0,-1.0,-1.0,1.0,-1.0,1.0,-1.0,-1.0,-1.0,-1.0,-1.0,-1.0,-1.0,-1.0	0.77112824,1.3316972,-0.19767612,1.0997052,-1.5235136,1.6745415,0.24112953,0.58861244,-0.2342129,-2.3567472,0.6573906,-0.52742076,-1.7012246,1.3268863,-0.66335875,0.13066718,-0.9991818,-0.08474572,-0.1338681,-0.18112166,-0.13836226,-0.48300448,-0.5730161,-0.14589128
../data/train_data_mmini/1/Train_0002.jpg	1	1.0,1.0,-1.0,1.0,-1.0,1.0,-1.0,1.0,-1.0,-1.0,1.0,-1.0,-1.0,1.0,-1.0,-1.0,-1.0,-1.0,1.0,-1.0,-1.0,-1.0,-1.0,1.0	0.6362092,0.6320465,-0.27695492,1.3502603,-1.2529901,1.3753303,-0.03925877,0.48909026,-0.18320009,-2.5175717,0.80583906,-0.6897122,-1.2741022,1.3704605,-0.4903707,-0.051948994,-0.69794774,-0.23303397,0.12702021,-0.27396917,-0.19850188,-0.2515107,-0.38572907,0.09151742
../data/train_data_mmini/1/Train_0003.jpg	1	1.0,1.0,-1.0,1.0,-1.0,1.0,1.0,1.0,-1.0,-1.0,1.0,-1.0,-1.0,1.0,-1.0,-1.0,-1.0,-1.0,-1.0,-1.0,-1.0,-1.0,-1.0,-1.0	0.7025128,1.2738737,-0.04797831,1.5794826,-1.5003257,1.8384408,0.050636537,0.5693707,-0.5623665,-2.7050793,0.8315182,-0.88696426,-1.5358676,1.457557,-0.6325682,-0.089571446,-1.1858435,-0.002664864,-0.034027457,-0.36744693,-0.31634843,-0.35762694,-0.64342743,-0.05600375
../data/train_data_mmini/1/Train_0004.jpg	1	1.0,1.0,-1.0,1.0,-1.0,1.0,1.0,1.0,-1.0,-1.0,1.0,-1.0,-1.0,1.0,-1.0,-1.0,-1.0,-1.0,1.0,-1.0,-1.0,-1.0,-1.0,-1.0	0.39649546,1.1554565,-0.00033897161,1.7832472,-1.4946935,1.8270669,0.4139202,0.33505678,-0.7411921,-2.6985536,1.0003827,-0.70474166,-1.417546,1.3617755,-0.6253726,-0.2399635,-0.92002314,-0.004084468,0.20976007,-0.28652662,-0.17552993,-0.52649367,-0.481772,-0.02315709
../data/train_data_mmini/2/Train_0005.jpg	2	1.0,1.0,-1.0,1.0,-1.0,1.0,1.0,1.0,-1.0,-1.0,-1.0,1.0,-1.0,1.0,1.0,1.0,-1.0,-1.0,-1.0,-1.0,1.0,-1.0,-1.0,-1.0	0.23291251,1.5433949,-0.5340082,0.15891612,-1.3438592,0.63672495,1.0134063,0.74924535,-0.18612114,-0.56807697,-0.084971,0.4023232,-1.5137671,0.34247375,0.005032316,0.19333959,-0.79015416,-0.018056676,-0.27922222,-0.26931232,0.5866745,-1.3013227,-0.082249865,-0.21973392
../data/train_data_mmini/2/Train_0006.jpg	2	1.0,1.0,-1.0,1.0,-1.0,1.0,1.0,1.0,-1.0,-1.0,1.0,1.0,-1.0,1.0,-1.0,1.0,-1.0,1.0,1.0,-1.0,1.0,-1.0,-1.0,-1.0	0.45978498,1.1552415,-0.6037217,0.5240723,-1.0617493,0.8436711,0.90865004,1.0498009,-0.30990872,-1.421119,0.015761077,0.18601847,-1.7445921,0.97490746,-0.17292659,0.14961737,-0.972656,0.07325855,0.12261215,-0.12001623,0.50790787,-0.7643336,-0.030400708,-0.14804381
../data/train_data_mmini/2/Train_0007.jpg	2	1.0,1.0,-1.0,1.0,-1.0,1.0,1.0,1.0,-1.0,-1.0,1.0,-1.0,-1.0,1.0,-1.0,-1.0,-1.0,-1.0,1.0,-1.0,-1.0,-1.0,-1.0,-1.0	0.34739655,1.2226199,-0.1617614,1.339809,-1.6546247,1.5529445,0.6062558,0.3077466,-0.7028308,-2.0418243,0.5290524,-0.48221612,-1.5695668,0.90046364,-0.506051,-0.1924386,-0.98625475,-0.07502228,0.06529574,-0.37746042,-0.031737953,-0.81244767,-0.47184193,-0.0046773255
../data/train_data_mmini/2/Train_0008.jpg	2	1.0,1.0,-1.0,1.0,-1.0,1.0,1.0,1.0,-1.0,-1.0,1.0,-1.0,-1.0,1.0,-1.0,-1.0,-1.0,-1.0,1.0,-1.0,-1.0,-1.0,-1.0,1.0	0.22366413,0.86581093,-0.04316771,1.7420254,-1.2867557,1.7461722,0.7359638,0.3589205,-0.64651537,-2.4894712,1.0470753,-0.40831485,-1.223393,1.1760659,-0.5607407,-0.3063675,-0.8129455,-0.04607278,0.4018726,-0.21489702,-0.13289593,-0.3958824,-0.38658696,0.054169446
../data/train_data_mmini/2/Train_0009.jpg	2	1.0,1.0,-1.0,-1.0,-1.0,1.0,1.0,1.0,-1.0,1.0,-1.0,1.0,-1.0,1.0,1.0,1.0,-1.0,-1.0,-1.0,-1.0,1.0,-1.0,1.0,-1.0	0.11908513,1.8411336,-1.0089161,-0.5498172,-1.7497022,0.22889514,1.1958518,0.6707716,-0.0369879,0.053843766,-0.67474794,0.6454078,-1.9768914,0.073507145,0.20590778,0.109736204,-0.8123137,-0.18120654,-0.43554032,-0.3055194,0.9165451,-2.0087016,0.16634578,-0.30447677
../data/train_data_mmini/3/Train_0010.jpg	3	1.0,1.0,-1.0,1.0,-1.0,1.0,1.0,1.0,-1.0,-1.0,1.0,1.0,-1.0,1.0,-1.0,1.0,-1.0,1.0,1.0,-1.0,1.0,-1.0,-1.0,-1.0	0.2670272,1.340428,-0.44555342,0.6741323,-1.24103,1.052307,1.2539756,0.45561546,-0.5347079,-0.9330878,0.0094828755,0.3274727,-1.695339,0.4801321,-0.41083765,0.1019592,-0.8934512,0.02358237,0.05909951,-0.1167025,0.24650401,-0.907398,-0.26108295,-0.16315976
../data/train_data_mmini/3/Train_0011.jpg	3	1.0,1.0,-1.0,-1.0,-1.0,1.0,1.0,1.0,1.0,-1.0,-1.0,1.0,-1.0,1.0,-1.0,-1.0,-1.0,-1.0,-1.0,-1.0,1.0,-1.0,-1.0,-1.0	0.17965892,1.2958391,-0.7930928,-0.33614367,-1.7569396,0.52376413,0.5331806,0.08719863,0.047755606,-0.69351584,-0.14530373,0.05293425,-1.592576,0.2331525,-0.02807568,-0.03545654,-0.31940174,-0.48517635,-0.25827426,-0.19815242,0.5031383,-1.5327966,-0.048982188,-0.31866446
../data/train_data_mmini/3/Train_0012.jpg	3	1.0,1.0,-1.0,-1.0,-1.0,1.0,1.0,1.0,1.0,-1.0,-1.0,-1.0,-1.0,1.0,1.0,1.0,-1.0,-1.0,-1.0,-1.0,1.0,-1.0,-1.0,-1.0	0.5477013,1.6061355,-0.7372709,-0.20393117,-1.6544956,0.599056,0.1904505,0.7464628,0.27129033,-1.0638993,-0.21691799,-0.05181946,-1.8207242,0.8423789,0.07913257,0.11665967,-0.612756,-0.40501028,-0.52368367,-0.27522302,0.48950002,-1.3796465,-0.03735292,-0.11422828
../data/train_data_mmini/3/Train_0013.jpg	3	1.0,1.0,-1.0,1.0,-1.0,1.0,1.0,1.0,-1.0,-1.0,1.0,1.0,-1.0,1.0,-1.0,-1.0,-1.0,-1.0,1.0,-1.0,1.0,-1.0,-1.0,1.0	0.31739873,0.99689966,-0.5657681,0.8292921,-1.1671166,1.0315866,0.88534063,0.9134301,-0.24808958,-1.6148427,0.2373304,0.10519063,-1.5005549,0.98057884,-0.11836825,-0.007975787,-0.85124874,-0.08482209,0.24667886,-0.21661535,0.2745833,-0.6227988,-0.074018195,0.0939506
../data/train_data_mmini/3/Train_0014.jpg	3	1.0,1.0,-1.0,1.0,-1.0,1.0,1.0,1.0,-1.0,-1.0,1.0,1.0,-1.0,1.0,-1.0,1.0,-1.0,-1.0,1.0,-1.0,1.0,-1.0,-1.0,-1.0	0.2648155,1.4325438,-0.4376498,0.88049036,-1.4985961,1.1331133,1.0320466,0.636659,-0.2815424,-1.2695622,0.24081972,0.13708085,-1.6574008,0.64349407,-0.29933232,0.039033532,-0.8041774,-0.048238635,0.070701644,-0.25570172,0.34382093,-0.99666524,-0.1790736,-0.06150323
../data/train_data_mmini/4/Train_0015.jpg	4	1.0,1.0,-1.0,1.0,-1.0,1.0,1.0,1.0,-1.0,-1.0,1.0,-1.0,-1.0,1.0,-1.0,-1.0,-1.0,-1.0,1.0,-1.0,-1.0,-1.0,-1.0,1.0	0.2729246,0.8052079,-0.28272122,1.2165098,-1.6104566,1.2371734,0.0949784,0.47676843,-0.2258851,-2.3416138,0.62343633,-0.6726197,-1.3844094,1.1938728,-0.15636389,-0.23758319,-0.66734236,-0.33045346,0.16898009,-0.40151757,-0.06783378,-0.64799845,-0.21370168,0.2044085
../data/train_data_mmini/4/Train_0016.jpg	4	1.0,1.0,-1.0,1.0,-1.0,1.0,1.0,1.0,1.0,-1.0,1.0,-1.0,-1.0,1.0,-1.0,1.0,-1.0,-1.0,-1.0,-1.0,1.0,-1.0,-1.0,-1.0	0.61561227,1.1939764,-0.18131226,0.4294436,-1.3508493,1.0300325,0.256759,0.663822,0.096284926,-1.3206811,0.27830192,-0.21401069,-1.4485998,0.7884353,-0.39749116,0.25572455,-0.85199374,-0.15806887,-0.4273602,-0.24770014,0.04094991,-0.6636083,-0.37865585,-0.19863907
../data/train_data_mmini/4/Train_0017.jpg	4	1.0,1.0,-1.0,-1.0,-1.0,-1.0,1.0,1.0,1.0,1.0,-1.0,1.0,-1.0,1.0,1.0,1.0,-1.0,-1.0,-1.0,-1.0,1.0,-1.0,1.0,-1.0	0.26042193,1.3588184,-1.1733599,-1.1544024,-1.538592,-0.3273919,0.7435165,1.0785668,0.42496952,0.38475037,-0.9821019,0.6625589,-1.8405609,0.22347948,0.49636573,0.31411907,-0.6618645,-0.46946332,-0.5862705,-0.22965173,0.9062242,-1.6459535,0.408019,-0.112847835
../data/train_data_mmini/4/Train_0018.jpg	4	1.0,1.0,-1.0,1.0,-1.0,1.0,1.0,1.0,-1.0,-1.0,1.0,1.0,-1.0,1.0,-1.0,1.0,-1.0,-1.0,-1.0,-1.0,1.0,-1.0,-1.0,-1.0	0.3264553,1.2573041,-0.3458076,0.3997022,-1.4541186,0.7496369,0.84289175,0.46880525,-0.02806788,-0.9086834,0.1024071,0.19845432,-1.47553,0.3790601,-0.29307723,0.2484316,-0.63920987,-0.13486063,-0.14726484,-0.2744724,0.32165694,-0.905337,-0.12617767,-0.011221677
../data/train_data_mmini/4/Train_0019.jpg	4	1.0,1.0,-1.0,1.0,-1.0,1.0,1.0,1.0,-1.0,-1.0,1.0,1.0,-1.0,1.0,-1.0,-1.0,-1.0,1.0,1.0,-1.0,1.0,-1.0,-1.0,-1.0	0.4684468,1.1677759,-0.60675365,1.169491,-0.7461751,1.2462938,1.1042802,0.9635519,-0.64202124,-1.921885,0.31820336,0.13455063,-1.6613424,1.3151428,-0.40216655,-0.023337275,-1.115806,0.14267069,0.4545454,-0.096281394,0.48616922,-0.5239053,-0.15114865,-0.24480361
../data/train_data_mmini/5/Train_0020.jpg	5	1.0,1.0,1.0,1.0,-1.0,1.0,1.0,1.0,-1.0,-1.0,1.0,-1.0,-1.0,1.0,-1.0,-1.0,-1.0,1.0,1.0,-1.0,-1.0,-1.0,-1.0,-1.0	0.7129887,1.1294745,0.050504684,1.9216831,-1.2272786,2.1684892,0.21813174,0.52821046,-0.7914684,-2.9606647,1.0246413,-0.8832536,-1.4422778,1.5837983,-0.81600595,-0.16452566,-1.2290387,0.062805295,0.112558454,-0.19143754,-0.2898193,-0.24193439,-0.6886374,-0.12474707
../data/train_data_mmini/5/Train_0021.jpg	5	1.0,1.0,-1.0,1.0,-1.0,1.0,1.0,1.0,-1.0,-1.0,1.0,-1.0,-1.0,1.0,-1.0,-1.0,-1.0,-1.0,1.0,-1.0,-1.0,-1.0,-1.0,1.0	0.24752235,0.9984508,-0.14843169,1.6565695,-1.6352923,1.6545198,0.31117493,0.35061416,-0.58171284,-2.6459064,0.89622927,-0.7712543,-1.3593236,1.226663,-0.26986313,-0.34982803,-0.83454347,-0.14022696,0.2770366,-0.39442325,-0.13119581,-0.65208673,-0.3531958,0.098765224
../data/train_data_mmini/5/Train_0022.jpg	5	1.0,1.0,-1.0,1.0,-1.0,1.0,1.0,1.0,-1.0,-1.0,1.0,-1.0,-1.0,1.0,-1.0,-1.0,-1.0,1.0,1.0,-1.0,1.0,-1.0,-1.0,-1.0	0.28338796,1.341149,-0.3018112,1.0741994,-1.4351072,1.3311021,0.8853967,0.68977594,-0.5556409,-1.6336172,0.3428693,-0.057055317,-1.6099004,0.836604,-0.2937289,-0.071590155,-1.0074425,0.017651021,0.047706395,-0.306046,0.21042487,-0.90445244,-0.2938362,-0.009798676
../data/train_data_mmini/5/Train_0023.jpg	5	1.0,1.0,1.0,1.0,-1.0,1.0,1.0,1.0,-1.0,-1.0,1.0,-1.0,-1.0,1.0,-1.0,-1.0,-1.0,1.0,1.0,-1.0,-1.0,-1.0,-1.0,-1.0	0.6467493,1.1356835,0.056599855,1.9318774,-1.3253802,2.079159,0.2266391,0.47788936,-0.75509006,-2.8726573,1.0059818,-0.9027891,-1.4001741,1.5253661,-0.7441462,-0.19815224,-1.161404,0.028454423,0.11871749,-0.2669425,-0.36354387,-0.2686421,-0.6774798,-0.051574975
../data/train_data_mmini/5/Train_0024.jpg	5	1.0,1.0,-1.0,1.0,-1.0,1.0,1.0,1.0,-1.0,-1.0,1.0,-1.0,-1.0,1.0,-1.0,-1.0,-1.0,-1.0,-1.0,-1.0,1.0,-1.0,-1.0,1.0	0.1578838,1.450196,-0.47336435,0.57770616,-1.8559393,0.87769413,0.59498477,0.26583445,-0.38574263,-1.1847444,0.029582784,-0.18100026,-1.6361568,0.503256,-0.056110308,-0.14061946,-0.7354691,-0.21335967,-0.122701585,-0.5133735,0.31156766,-1.3805643,-0.18239373,0.040297925
../data/train_data_mmini/6/Train_0025.jpg	6	-1.0,1.0,-1.0,-1.0,-1.0,-1.0,1.0,1.0,-1.0,1.0,-1.0,1.0,-1.0,-1.0,1.0,1.0,-1.0,-1.0,-1.0,-1.0,1.0,-1.0,1.0,-1.0	-0.124305785,1.9714953,-1.4041631,-1.350055,-1.522839,-0.56889844,1.5728456,0.382954,-0.31006095,1.2754887,-1.3693099,1.2935909,-1.9698042,-0.48026425,0.34643573,0.1030803,-0.9183607,-0.3557308,-0.48162225,-0.3061526,1.3343403,-2.3491185,0.39611548,-0.4680359
../data/train_data_mmini/6/Train_0026.jpg	6	1.0,1.0,-1.0,-1.0,-1.0,1.0,1.0,1.0,-1.0,-1.0,-1.0,-1.0,-1.0,1.0,-1.0,1.0,-1.0,-1.0,-1.0,-1.0,1.0,-1.0,-1.0,-1.0	0.53111124,1.4934916,-0.70787996,-0.0032191873,-1.6947728,0.7418277,0.56509703,0.4072746,-0.1753692,-1.2003585,-0.16789222,-0.05286385,-1.9970666,0.54603004,-0.38084662,0.35575816,-0.75854146,-0.07382777,-0.17986886,-0.22611758,0.48982808,-1.1818813,-0.18410593,-0.22991759
../data/train_data_mmini/6/Train_0027.jpg	6	1.0,1.0,-1.0,-1.0,-1.0,1.0,1.0,1.0,-1.0,-1.0,-1.0,1.0,-1.0,1.0,-1.0,1.0,-1.0,-1.0,-1.0,-1.0,1.0,-1.0,-1.0,-1.0	0.23942062,1.6602945,-0.60452217,-0.36049533,-1.5383805,0.508041,1.3036897,0.42022914,-0.10518297,-0.19482942,-0.5054999,0.6130293,-1.8571488,0.06043241,-0.20647733,0.14030293,-0.8667952,-0.11066939,-0.31585908,-0.12074873,0.69559926,-1.6593921,-0.018358946,-0.3123084
../data/train_data_mmini/6/Train_0028.jpg	6	1.0,1.0,-1.0,1.0,-1.0,1.0,1.0,1.0,-1.0,-1.0,1.0,-1.0,-1.0,1.0,-1.0,1.0,-1.0,-1.0,1.0,-1.0,1.0,-1.0,-1.0,1.0	0.20607707,1.2338274,-0.5237805,0.75904375,-1.8802569,0.66940415,0.53917104,0.21666801,-0.050843656,-1.2721435,0.117210865,-0.040945858,-1.6103965,0.5503286,-0.33711982,0.048199713,-0.46605444,-0.40944684,0.06969857,-0.53182065,0.2515198,-1.016531,-0.16297889,0.20497331
../data/train_data_mmini/6/Train_0029.jpg	6	-1.0,1.0,-1.0,-1.0,-1.0,-1.0,1.0,1.0,1.0,1.0,-1.0,1.0,-1.0,-1.0,1.0,-1.0,-1.0,-1.0,-1.0,-1.0,1.0,-1.0,1.0,-1.0	-0.36328435,1.560648,-1.7079082,-1.8776753,-1.7370894,-0.8455498,1.2358491,1.2205344,0.32524133,1.5442545,-1.527292,1.125834,-1.7680917,-0.53443,1.2765845,-0.15222362,-0.89977735,-0.46777424,-0.9536923,-0.2930372,1.0401454,-2.5451558,0.7462602,-0.22480473
../data/train_data_mmini/7/Train_0030.jpg	7	1.0,1.0,-1.0,-1.0,-1.0,1.0,1.0,1.0,-1.0,-1.0,-1.0,1.0,-1.0,1.0,1.0,1.0,-1.0,-1.0,-1.0,-1.0,1.0,-1.0,-1.0,-1.0	0.42852306,1.6922278,-0.7311577,-0.07851094,-1.48598,0.7662655,0.84574074,0.9708592,-0.09121158,-0.7699354,-0.2853424,0.27172378,-1.8640604,0.5481496,0.0010577291,0.1396657,-0.9882805,-0.04500115,-0.4142214,-0.19869551,0.69482744,-1.4484591,-0.05512929,-0.3188443
../data/train_data_mmini/7/Train_0031.jpg	7	1.0,1.0,-1.0,1.0,-1.0,1.0,1.0,1.0,-1.0,-1.0,-1.0,1.0,-1.0,1.0,1.0,1.0,-1.0,-1.0,-1.0,-1.0,1.0,-1.0,1.0,-1.0	0.24654323,1.6363847,-0.64668775,0.09121832,-1.5622277,0.5666474,1.0947206,0.83350444,-0.10813763,-0.5761676,-0.28969607,0.4793331,-1.7906705,0.30782145,0.024283454,0.18083242,-0.9401084,-0.07518707,-0.24059585,-0.2853569,0.5861289,-1.4286112,0.02348423,-0.04205355
../data/train_data_mmini/7/Train_0032.jpg	7	-1.0,1.0,-1.0,-1.0,-1.0,1.0,1.0,1.0,-1.0,-1.0,-1.0,1.0,-1.0,1.0,1.0,-1.0,-1.0,-1.0,-1.0,-1.0,1.0,-1.0,1.0,-1.0	-0.07294291,1.5784781,-0.60382086,-0.11586928,-1.7040017,0.47630042,1.2836969,0.35584426,-0.040130943,-0.29557586,-0.26098052,0.4930796,-1.6265463,0.009374967,0.08295138,-0.047092527,-0.567451,-0.22555192,-0.24364045,-0.18215677,0.695949,-1.7628217,0.11398068,-0.18317285
../data/train_data_mmini/7/Train_0033.jpg	7	1.0,1.0,-1.0,-1.0,-1.0,1.0,1.0,1.0,-1.0,1.0,-1.0,1.0,-1.0,1.0,-1.0,1.0,-1.0,-1.0,-1.0,-1.0,1.0,-1.0,1.0,-1.0	0.2879653,1.9212434,-0.9433126,-0.74247026,-1.623802,0.2432321,1.3145062,0.4199516,-0.07832242,0.09041238,-0.70678556,0.65762854,-2.0528994,0.042450167,-0.1326224,0.19001463,-0.8778651,-0.08869751,-0.4965259,-0.16265891,0.97009575,-2.0932689,0.10640097,-0.5679213
../data/train_data_mmini/7/Train_0034.jpg	7	-1.0,1.0,-1.0,1.0,-1.0,1.0,1.0,-1.0,-1.0,-1.0,-1.0,1.0,-1.0,-1.0,-1.0,-1.0,-1.0,-1.0,1.0,-1.0,1.0,-1.0,-1.0,-1.0	-0.22221056,1.6268866,-0.5423058,0.21291155,-1.819627,0.6923827,1.4852726,-0.14580216,-0.46237388,-0.26308417,-0.25031316,0.43447822,-1.6141013,-0.24561629,-0.18935089,-0.20904261,-0.67783403,-0.23350914,0.013098329,-0.3601092,0.534905,-1.7376437,-0.09423359,-0.13384709
../data/train_data_mmini/8/Train_0035.jpg	8	-1.0,1.0,-1.0,-1.0,-1.0,-1.0,1.0,1.0,1.0,1.0,-1.0,1.0,-1.0,-1.0,1.0,-1.0,-1.0,-1.0,-1.0,-1.0,1.0,-1.0,1.0,1.0	-0.28363305,1.722957,-1.3103681,-0.83287,-1.9952567,-0.3337616,1.287586,0.70338035,0.11450183,0.73326313,-0.9714353,0.93392825,-1.9112488,-0.31729406,0.5969105,-0.025563806,-0.5908389,-0.42555705,-0.3976215,-0.59726226,1.0062397,-2.207175,0.39004892,0.08706483
../data/train_data_mmini/8/Train_0036.jpg	8	-1.0,1.0,-1.0,-1.0,-1.0,-1.0,1.0,1.0,1.0,1.0,-1.0,1.0,-1.0,-1.0,1.0,1.0,-1.0,-1.0,-1.0,-1.0,1.0,-1.0,1.0,-1.0	-0.2785504,1.8821267,-1.6016719,-1.3805645,-1.9657022,-0.75210166,1.4878454,0.6667684,0.1516914,1.243968,-1.2969148,1.2532482,-2.0745246,-0.5286476,0.53358054,0.12178555,-0.6655159,-0.52115697,-0.50749743,-0.44537944,1.409972,-2.6079926,0.6182336,-0.11646131
../data/train_data_mmini/8/Train_0037.jpg	8	-1.0,1.0,-1.0,-1.0,-1.0,-1.0,1.0,1.0,1.0,1.0,-1.0,1.0,-1.0,-1.0,1.0,1.0,-1.0,-1.0,-1.0,-1.0,1.0,-1.0,1.0,-1.0	-0.08058441,1.8057714,-1.3339486,-1.5422826,-2.1550417,-0.41473898,1.0879985,0.24059443,0.17135283,0.90262485,-1.1904957,0.7758899,-2.0735922,-0.53162676,0.38198757,0.15916649,-0.5218875,-0.5341949,-0.69119155,-0.31835288,1.158065,-2.4954274,0.4281515,-0.3281028
../data/train_data_mmini/8/Train_0038.jpg	8	1.0,1.0,-1.0,1.0,-1.0,1.0,1.0,1.0,-1.0,-1.0,-1.0,1.0,-1.0,1.0,-1.0,1.0,-1.0,-1.0,-1.0,-1.0,1.0,-1.0,-1.0,-1.0	0.22197741,1.5236444,-0.60626906,0.49785906,-1.4512337,0.93748236,1.0622084,0.7304151,-0.32242218,-0.9974108,-0.05473599,0.27429283,-1.6970035,0.5509741,-0.08833735,0.00627169,-0.934848,-0.0009428263,-0.06390256,-0.28126368,0.523961,-1.3016356,-0.086318836,-0.08906478
../data/train_data_mmini/8/Train_0039.jpg	8	-1.0,1.0,-1.0,-1.0,-1.0,-1.0,1.0,1.0,1.0,1.0,-1.0,1.0,-1.0,-1.0,1.0,1.0,-1.0,-1.0,-1.0,-1.0,1.0,-1.0,1.0,-1.0	-0.8122335,2.0936284,-2.5713553,-2.7524898,-2.2326708,-1.7974646,1.686287,0.77563244,0.5071895,2.648337,-2.093684,1.9300789,-2.3676884,-1.0196818,1.0894448,0.042003185,-0.3437633,-0.85823584,-0.78052104,-0.42488316,1.9666677,-3.364942,1.1616209,-0.28741047
../data/train_data_mmini/9/Train_0040.jpg	9	1.0,1.0,-1.0,1.0,-1.0,1.0,1.0,1.0,-1.0,-1.0,1.0,-1.0,-1.0,1.0,1.0,-1.0,-1.0,-1.0,-1.0,-1.0,1.0,-1.0,-1.0,1.0	0.09613693,1.3254876,-0.5873205,0.60424656,-2.0117295,0.7963642,0.52185404,0.43030816,-0.27780724,-1.3520275,0.02250053,-0.20380309,-1.7037957,0.5842698,0.14956786,-0.13889936,-0.7098422,-0.31879282,-0.053998366,-0.55103856,0.25857508,-1.3087386,-0.092496544,0.19890502
../data/train_data_mmini/9/Train_0041.jpg	9	1.0,1.0,-1.0,1.0,-1.0,1.0,1.0,1.0,-1.0,-1.0,-1.0,1.0,-1.0,1.0,-1.0,1.0,-1.0,-1.0,-1.0,-1.0,1.0,-1.0,-1.0,-1.0	0.42524326,1.7522395,-0.48896724,0.24123651,-1.4590565,0.8973577,1.1057076,0.5996214,-0.18703586,-0.7744056,-0.07919027,0.4368338,-1.7335126,0.42139927,-0.36997133,0.25136116,-0.9037272,-0.04790935,-0.23821664,-0.20946494,0.5180132,-1.304734,-0.21677333,-0.27856174
../data/train_data_mmini/9/Train_0042.jpg	9	1.0,1.0,-1.0,1.0,-1.0,1.0,1.0,1.0,-1.0,-1.0,1.0,-1.0,-1.0,1.0,-1.0,-1.0,-1.0,-1.0,1.0,-1.0,-1.0,-1.0,-1.0,1.0	0.19335139,0.9142138,-0.33769646,1.134908,-1.9052932,1.2619226,0.26560867,0.24642403,-0.3224043,-2.1696012,0.5213424,-0.6410907,-1.4944301,0.96044725,-0.111945435,-0.30129525,-0.6783195,-0.38335934,0.14035287,-0.39948153,-0.15370628,-0.8626497,-0.2091394,0.19605812
../data/train_data_mmini/9/Train_0043.jpg	9	1.0,1.0,-1.0,1.0,-1.0,1.0,1.0,1.0,-1.0,-1.0,1.0,-1.0,-1.0,1.0,1.0,-1.0,-1.0,-1.0,1.0,-1.0,1.0,-1.0,-1.0,1.0	0.10574335,1.1707245,-0.537534,0.8582385,-1.6374741,0.96378565,0.85374826,0.77230847,-0.35667005,-1.4192462,0.098607406,-4.8451126e-05,-1.7403885,0.69310844,0.0618041,-0.08199984,-0.8743448,-0.14021388,0.08064449,-0.3511514,0.3573364,-1.0790232,-0.04860854,0.14791694
../data/train_data_mmini/9/Train_0044.jpg	9	1.0,1.0,-1.0,-1.0,-1.0,1.0,1.0,1.0,1.0,-1.0,-1.0,1.0,-1.0,1.0,1.0,1.0,-1.0,-1.0,-1.0,-1.0,1.0,-1.0,1.0,1.0	0.20505583,1.3566146,-0.9168071,-0.4061847,-1.6779501,0.22842108,0.6380233,1.0117464,0.069055185,-0.41970092,-0.65079975,0.26601386,-1.8552582,0.47257447,0.48812115,0.03934008,-0.9143944,-0.31425166,-0.41215202,-0.39690328,0.5983634,-1.5099483,0.16082358,0.026605338
../data/train_data_mmini/10/Train_0045.jpg	10	-1.0,1.0,-1.0,-1.0,-1.0,-1.0,1.0,1.0,1.0,1.0,-1.0,1.0,-1.0,-1.0,1.0,-1.0,-1.0,-1.0,-1.0,-1.0,1.0,-1.0,1.0,-1.0	-1.4060206,2.4611113,-3.3231568,-3.628156,-2.4273283,-2.8185725,2.3752396,0.68699604,0.66287905,3.9076202,-2.8127751,2.7307935,-2.6623707,-1.4587272,1.2112619,-0.039280564,-0.018087283,-1.0615239,-0.6992874,-0.34419668,2.694492,-3.939575,1.6469045,-0.52452767
../data/train_data_mmini/10/Train_0046.jpg	10	-1.0,1.0,-1.0,-1.0,-1.0,-1.0,1.0,1.0,1.0,1.0,-1.0,1.0,-1.0,-1.0,1.0,1.0,-1.0,-1.0,-1.0,-1.0,1.0,-1.0,1.0,-1.0	-0.26907852,1.2672404,-1.5180116,-2.0210412,-1.5812205,-0.958874,0.8345421,0.48882818,0.31870922,1.4612147,-1.3245971,0.942086,-1.677211,-0.5062998,0.72255397,0.13152918,-0.31514913,-0.60757977,-0.7577472,-0.2756649,1.1342715,-2.0435276,0.57837135,-0.3097774
../data/train_data_mmini/10/Train_0047.jpg	10	-1.0,1.0,-1.0,-1.0,-1.0,-1.0,1.0,1.0,1.0,1.0,-1.0,1.0,-1.0,-1.0,1.0,1.0,-1.0,-1.0,-1.0,-1.0,1.0,-1.0,1.0,-1.0	-0.6760841,1.9263926,-2.084246,-1.8213732,-2.0740783,-1.286902,1.6324852,0.7124518,0.20745361,1.9185332,-1.5953285,1.5585234,-2.1404462,-0.8167563,0.79828036,0.040567517,-0.44375467,-0.6346196,-0.49221292,-0.44592547,1.5902925,-2.810788,0.857881,-0.13463137
../data/train_data_mmini/10/Train_0048.jpg	10	-1.0,1.0,-1.0,-1.0,-1.0,-1.0,1.0,1.0,1.0,1.0,-1.0,1.0,-1.0,-1.0,1.0,-1.0,-1.0,-1.0,-1.0,-1.0,1.0,-1.0,1.0,-1.0	-0.8600375,2.1432824,-2.2657793,-2.3298743,-1.7339058,-1.4870688,1.9948561,0.59192127,0.014196068,2.5166829,-1.8452299,2.0054646,-2.0458026,-0.8902054,0.8368568,-0.042263746,-0.4821658,-0.6594787,-0.54348636,-0.3721648,1.9742649,-3.1413243,0.9698586,-0.5349642
../data/train_data_mmini/10/Train_0049.jpg	10	-1.0,1.0,-1.0,-1.0,-1.0,-1.0,1.0,1.0,1.0,1.0,-1.0,1.0,-1.0,-1.0,1.0,1.0,-1.0,-1.0,-1.0,-1.0,1.0,-1.0,1.0,-1.0	-0.6586213,1.8883469,-2.1132205,-2.278042,-2.0856256,-1.3585634,1.443129,0.5763617,0.32347262,2.079991,-1.6968545,1.5456206,-2.1284232,-0.8578918,0.8896936,0.013387233,-0.3327028,-0.7098918,-0.69407725,-0.42455345,1.6747501,-2.9272664,0.88060087,-0.23760006
