../data/train_data_mmini/1/Train_0000.jpg	1	-1.0,1.0,-1.0,1.0,1.0,1.0,1.0,1.0,-1.0,-1.0,-1.0,1.0	-0.051793773,0.082653396,-0.035072982,0.083625965,0.16555016,0.018811284,0.05636231,0.052564275,-0.097236075,-0.051776893,-0.10138978,0.045586586
../data/train_data_mmini/1/Train_0001.jpg	1	-1.0,1.0,1.0,1.0,1.0,-1.0,-1.0,1.0,1.0,-1.0,-1.0,1.0	-0.005634535,0.027632365,0.018971572,0.09629951,0.099084534,-0.015931735,-0.012122086,0.118651345,0.017732892,-0.046952542,-0.14721026,0.011608422
../data/train_data_mmini/1/Train_0002.jpg	1	-1.0,1.0,-1.0,1.0,1.0,-1.0,-1.0,1.0,-1.0,-1.0,-1.0,1.0	-6.297114e-05,0.0650353,-0.04995244,0.10882005,0.1272169,-0.0021390251,-0.023518264,0.05295427,-0.063558616,-0.032131437,-0.07686321,0.070205525
../data/train_data_mmini/1/Train_0003.jpg	1	-1.0,1.0,-1.0,1.0,1.0,1.0,1.0,1.0,-1.0,-1.0,-1.0,1.0	-0.034947217,0.03298921,-0.0047345436,0.10384355,0.14034542,0.011155128,0.054967325,0.08150448,-0.07310584,-0.05441587,-0.12589148,0.001522919
../data/train_data_mmini/1/Train_0004.jpg	1	-1.0,1.0,-1.0,1.0,1.0,1.0,1.0,1.0,-1.0,-1.0,-1.0,1.0	-0.08295653,0.01080298,-0.019177048,0.102257304,0.15367197,0.07267523,0.017259259,0.043818627,-0.09377873,-0.029587178,-0.10819403,0.105370045
../data/train_data_mmini/2/Train_0005.jpg	2	-1.0,1.0,-1.0,1.0,1.0,1.0,-1.0,1.0,-1.0,-1.0,-1.0,1.0	-0.058057684,0.032155663,-0.031860106,0.12803984,0.05434323,0.01820368,-0.104905754,0.004218669,-0.11003294,-0.016521815,-0.107708916,0.09055197
../data/train_data_mmini/2/Train_0006.jpg	2	-1.0,1.0,1.0,1.0,1.0,1.0,1.0,1.0,-1.0,-1.0,-1.0,1.0	-0.087283485,0.03174475,0.047381222,0.06177818,0.13340622,0.04755682,0.0135362195,0.050719507,-0.12180407,-0.010070409,-0.13255471,0.085679986
../data/train_data_mmini/2/Train_0007.jpg	2	-1.0,1.0,-1.0,1.0,1.0,1.0,1.0,1.0,-1.0,-1.0,-1.0,1.0	-0.0729294,0.10168662,-0.053387716,0.07249559,0.21867858,0.046962142,0.11583488,0.025829367,-0.11474072,-0.1374996,-0.087394096,0.07695852
../data/train_data_mmini/2/Train_0008.jpg	2	1.0,1.0,-1.0,1.0,1.0,1.0,-1.0,1.0,1.0,-1.0,-1.0,1.0	0.02002589,0.09819361,-0.033894166,0.11720305,0.036503468,0.01081065,-0.0060141673,0.014612574,0.0046843123,-0.06341642,-0.17627737,0.09978607
../data/train_data_mmini/2/Train_0009.jpg	2	1.0,1.0,-1.0,1.0,1.0,1.0,1.0,1.0,-1.0,-1.0,-1.0,1.0	0.0055832495,0.054123987,-0.045656625,0.046350498,0.29981905,0.07018973,0.0012972169,0.055517573,-0.12075988,-0.048728567,-0.1557264,0.09924056
../data/train_data_mmini/3/Train_0010.jpg	3	1.0,1.0,-1.0,1.0,1.0,-1.0,1.0,1.0,1.0,-1.0,-1.0,1.0	0.0073013334,0.040058006,-0.01877642,0.16346411,0.08206348,-0.06597721,0.022964025,0.06461374,0.030131895,-0.103051305,-0.22698486,0.08678076
../data/train_data_mmini/3/Train_0011.jpg	3	1.0,1.0,-1.0,1.0,1.0,-1.0,-1.0,1.0,-1.0,1.0,-1.0,1.0	0.016465805,0.025400652,-0.0034128388,0.17646626,0.15224801,-0.018758144,-0.12159524,0.0051390636,-0.06732402,0.009631368,-0.11299997,0.077686474
../data/train_data_mmini/3/Train_0012.jpg	3	1.0,1.0,1.0,1.0,1.0,1.0,-1.0,1.0,-1.0,-1.0,-1.0,1.0	0.012746152,0.011812673,0.059286226,0.13927767,0.17136617,0.048768137,-0.100733064,0.06586224,-0.06816835,-0.016698314,-0.08714698,0.007286297
../data/train_data_mmini/3/Train_0013.jpg	3	1.0,1.0,1.0,1.0,1.0,-1.0,1.0,1.0,-1.0,-1.0,-1.0,1.0	0.04069578,0.035538293,0.06207016,0.10100582,0.089724116,-0.04263795,0.0036248479,0.06007494,-0.038709395,-0.028816693,-0.18435808,0.10339558
../data/train_data_mmini/3/Train_0014.jpg	3	-1.0,1.0,1.0,1.0,1.0,-1.0,-1.0,1.0,-1.0,-1.0,-1.0,1.0	-0.03287683,0.005722333,0.016052429,0.11121402,0.08415211,-0.0018283909,-0.027369168,0.054808572,-0.052955125,-0.03931725,-0.12054747,0.06352432
../data/train_data_mmini/4/Train_0015.jpg	4	-1.0,1.0,-1.0,1.0,1.0,1.0,1.0,-1.0,-1.0,-1.0,-1.0,1.0	-0.015830575,0.07206899,-0.021064136,0.07699769,0.116259836,0.029918628,0.0015061391,-0.0194546,-0.10563727,-0.02471484,-0.09018877,0.08816369
../data/train_data_mmini/4/Train_0016.jpg	4	-1.0,1.0,1.0,1.0,1.0,-1.0,-1.0,1.0,-1.0,-1.0,-1.0,1.0	-0.01500797,0.052894562,0.05409146,0.14367747,0.077383704,-0.0862041,-0.032190505,0.058773987,-0.013575712,-0.019101724,-0.12206298,0.07731726
../data/train_data_mmini/4/Train_0017.jpg	4	-1.0,1.0,1.0,1.0,1.0,-1.0,-1.0,1.0,-1.0,-1.0,-1.0,1.0	-0.07318454,0.027121535,0.08118917,0.13782527,0.088584654,-0.011960962,-0.007911381,0.067872144,-0.090539835,-0.005118542,-0.13765031,0.05389221
../data/train_data_mmini/4/Train_0018.jpg	4	-1.0,1.0,-1.0,1.0,1.0,-1.0,-1.0,-1.0,-1.0,-1.0,-1.0,1.0	-0.033021316,0.040765114,-0.025428824,0.121171236,0.04966676,-0.025574034,-0.109780505,-0.030326406,-0.04247625,-0.06632215,-0.14908148,0.13601418
../data/train_data_mmini/4/Train_0019.jpg	4	-1.0,1.0,1.0,1.0,1.0,-1.0,-1.0,1.0,-1.0,-1.0,-1.0,1.0	-0.090225555,0.0008439148,0.043676313,0.08149127,0.06870634,-0.05631673,-0.0017555542,0.049283873,-0.018590325,-0.023153612,-0.11063705,0.071098
../data/train_data_mmini/5/Train_0020.jpg	5	-1.0,1.0,-1.0,1.0,1.0,1.0,1.0,1.0,-1.0,-1.0,-1.0,1.0	-0.032511324,0.03011641,-0.015712887,0.1160787,0.11446285,0.0076665,0.0010575,0.075752124,-0.0419592,-0.041354932,-0.12317632,0.05551234
../data/train_data_mmini/5/Train_0021.jpg	5	-1.0,1.0,-1.0,1.0,1.0,1.0,1.0,1.0,-1.0,-1.0,-1.0,1.0	-0.015900934,0.040045977,-0.011701244,0.10445326,0.23843005,0.03957355,0.0657843,0.07833665,-0.112584785,-0.019141424,-0.16303807,0.13242386
../data/train_data_mmini/5/Train_0022.jpg	5	-1.0,1.0,-1.0,1.0,1.0,1.0,1.0,1.0,-1.0,-1.0,-1.0,1.0	-0.009152009,0.05739822,-0.064651616,0.05132261,0.17476788,0.041158143,0.07200873,0.035843607,-0.09707583,-0.05419954,-0.13850708,0.103318095
../data/train_data_mmini/5/Train_0023.jpg	5	-1.0,1.0,-1.0,1.0,1.0,1.0,1.0,1.0,-1.0,-1.0,-1.0,1.0	-0.066837035,0.03892692,-0.043366678,0.080170006,0.18587367,0.049397197,0.053607322,0.07048473,-0.10157445,-0.059733484,-0.10497904,0.039140746
../data/train_data_mmini/5/Train_0024.jpg	5	-1.0,1.0,-1.0,1.0,1.0,1.0,1.0,1.0,-1.0,-1.0,-1.0,1.0	-0.052356187,0.0736197,-0.035351884,0.10837796,0.24784471,0.07677742,0.07269242,0.019948855,-0.13656417,-0.06933529,-0.07420739,0.08781366
../data/train_data_mmini/6/Train_0025.jpg	6	-1.0,1.0,1.0,1.0,1.0,-1.0,1.0,1.0,-1.0,-1.0,-1.0,1.0	-0.18481086,0.02349467,0.065568194,0.1805774,0.11872836,-0.06277507,0.12941037,0.09013306,-0.014590014,-0.10771303,-0.15677312,0.065388955
../data/train_data_mmini/6/Train_0026.jpg	6	-1.0,1.0,-1.0,1.0,1.0,-1.0,-1.0,1.0,-1.0,-1.0,-1.0,1.0	-0.027026553,0.03843981,-0.018071419,0.13620551,0.17010221,-0.046776403,-0.02859101,0.07413316,-0.04565119,-0.04828789,-0.12674789,0.06883273
../data/train_data_mmini/6/Train_0027.jpg	6	-1.0,1.0,-1.0,1.0,1.0,-1.0,1.0,1.0,1.0,1.0,-1.0,1.0	-0.015643638,0.021202842,-0.016230814,0.15598343,0.19983381,-0.09941313,0.00077683385,0.066402204,0.030334221,0.0055950177,-0.20939943,0.037051514
../data/train_data_mmini/6/Train_0028.jpg	6	-1.0,1.0,-1.0,1.0,1.0,1.0,-1.0,1.0,-1.0,-1.0,-1.0,1.0	-0.06450663,0.097042225,-0.094318174,0.09196826,0.0737806,0.0128206685,-0.065785795,0.067992784,-0.101702176,-0.05474703,-0.033280436,0.11999644
../data/train_data_mmini/6/Train_0029.jpg	6	1.0,1.0,1.0,1.0,1.0,1.0,-1.0,1.0,-1.0,-1.0,-1.0,1.0	0.024054479,0.060242973,0.02699587,0.09937566,0.19989371,0.04681415,-0.022957008,0.1110164,-0.1761252,-0.004874274,-0.17143542,0.022554895
../data/train_data_mmini/7/Train_0030.jpg	7	-1.0,1.0,-1.0,1.0,1.0,-1.0,1.0,1.0,-1.0,-1.0,-1.0,1.0	-0.06154482,0.0526728,-0.009916579,0.069884144,0.16434515,-0.005693589,0.0028655417,0.08056207,-0.108529896,-0.030038504,-0.1156776,0.12288967
../data/train_data_mmini/7/Train_0031.jpg	7	1.0,1.0,-1.0,1.0,1.0,1.0,-1.0,1.0,-1.0,-1.0,-1.0,1.0	0.009566156,0.034675978,-0.010421896,0.1266989,0.13380978,0.008869692,-0.080682985,0.13274753,-0.069299944,-0.044678636,-0.2109665,0.03633579
../data/train_data_mmini/7/Train_0032.jpg	7	1.0,-1.0,1.0,1.0,1.0,-1.0,-1.0,1.0,-1.0,1.0,-1.0,1.0	0.030818228,-0.010252657,0.002430216,0.12848121,0.07390119,-0.05500793,-0.051273774,0.05833613,-0.016657524,0.019069202,-0.17930202,0.066132344
../data/train_data_mmini/7/Train_0033.jpg	7	-1.0,1.0,-1.0,1.0,1.0,1.0,-1.0,1.0,-1.0,-1.0,-1.0,1.0	-0.07890594,0.007118259,-0.018082261,0.10957884,0.22048673,0.053552657,-0.002697303,0.092031315,-0.18551423,-0.062884316,-0.15646489,0.08266398
../data/train_data_mmini/7/Train_0034.jpg	7	-1.0,-1.0,-1.0,1.0,1.0,-1.0,-1.0,1.0,-1.0,-1.0,-1.0,1.0	-0.018720362,-0.0016503086,-0.039799005,0.21545333,0.08862595,-0.061879776,-0.05933943,0.073401645,-0.039577533,-0.022253731,-0.11295092,0.08891543
../data/train_data_mmini/8/Train_0035.jpg	8	1.0,1.0,-1.0,1.0,1.0,1.0,1.0,1.0,-1.0,-1.0,-1.0,1.0	0.091469444,0.0705299,-0.08309018,0.02240585,0.24949907,0.050019994,0.023262363,0.06964274,-0.13694777,-0.06188405,-0.17700453,0.15580957
../data/train_data_mmini/8/Train_0036.jpg	8	1.0,1.0,-1.0,1.0,1.0,-1.0,-1.0,1.0,-1.0,-1.0,-1.0,1.0	0.009829983,0.08683147,-0.05690195,0.08137184,0.24129276,-0.01136773,-0.0072895484,0.04843073,-0.15327263,-0.12039874,-0.12379952,0.15585834
../data/train_data_mmini/8/Train_0037.jpg	8	1.0,1.0,-1.0,1.0,1.0,-1.0,-1.0,1.0,-1.0,-1.0,-1.0,1.0	0.053144656,0.027838415,-0.046267986,0.17561834,0.20348375,-0.018539054,-0.10356531,0.055021096,-0.10227519,-0.055243157,-0.14104328,0.06535744
../data/train_data_mmini/8/Train_0038.jpg	8	1.0,1.0,-1.0,1.0,1.0,-1.0,-1.0,1.0,-1.0,-1.0,-1.0,1.0	0.050892394,0.07393537,-0.013036141,0.07116562,0.21865994,-0.022161208,-0.0013534725,0.06631292,-0.07363567,-0.03446304,-0.18885472,0.091446936
../data/train_data_mmini/8/Train_0039.jpg	8	1.0,1.0,-1.0,1.0,1.0,1.0,1.0,1.0,-1.0,-1.0,-1.0,1.0	0.08647793,0.10782858,-0.062939525,0.0434226,0.31854564,0.029222816,0.027338322,0.02534186,-0.19757777,-0.08520314,-0.123290695,0.22066933
../data/train_data_mmini/9/Train_0040.jpg	9	-1.0,1.0,-1.0,1.0,1.0,1.0,1.0,1.0,-1.0,-1.0,-1.0,1.0	-0.02900803,0.077896535,-0.054261904,0.11527609,0.20281754,0.056905504,0.03690269,0.05160324,-0.11235118,-0.08756127,-0.12134237,0.11081708
../data/train_data_mmini/9/Train_0041.jpg	9	1.0,1.0,1.0,1.0,1.0,-1.0,-1.0,1.0,-1.0,-1.0,-1.0,1.0	0.0148813445,0.025537658,0.00017848963,0.1245128,0.03652913,-0.007982933,-0.13111597,0.08925281,-0.014806585,-0.054319017,-0.18024945,0.06417346
../data/train_data_mmini/9/Train_0042.jpg	9	1.0,1.0,-1.0,1.0,1.0,1.0,1.0,1.0,-1.0,-1.0,-1.0,1.0	0.03380199,0.074962385,-0.060622804,0.169736,0.12051559,0.0289666,0.0006502457,0.014790524,-0.07021827,-0.031189892,-0.14639898,0.08492832
../data/train_data_mmini/9/Train_0043.jpg	9	1.0,1.0,-1.0,1.0,1.0,1.0,1.0,1.0,-1.0,-1.0,-1.0,1.0	0.027406743,0.07787764,-0.03129551,0.06531758,0.1893672,0.041490488,0.049261544,0.0040503223,-0.13047464,-0.08328495,-0.14795332,0.14405753
../data/train_data_mmini/9/Train_0044.jpg	9	-1.0,1.0,-1.0,1.0,1.0,1.0,1.0,1.0,-1.0,-1.0,-1.0,1.0	-0.0052980296,0.022537813,-0.017084958,0.10370108,0.21701683,0.03264099,0.048142664,0.046309106,-0.09468302,-0.049092982,-0.12124573,0.092928305
../data/train_data_mmini/10/Train_0045.jpg	10	1.0,1.0,-1.0,1.0,1.0,-1.0,-1.0,-1.0,-1.0,-1.0,-1.0,1.0	0.018161858,0.09583902,-0.09669125,0.041672684,0.30446723,-0.13428096,-0.019106146,-0.032229945,-0.1940208,-0.09908622,-0.21413817,0.21500243
../data/train_data_mmini/10/Train_0046.jpg	10	-1.0,-1.0,1.0,1.0,1.0,-1.0,1.0,-1.0,-1.0,-1.0,-1.0,1.0	-0.044510134,-0.0071257516,0.030509684,0.14281455,0.118745446,-0.04785047,0.060330532,-0.032795407,-0.056812678,-0.0068670134,-0.13984057,0.040666115
../data/train_data_mmini/10/Train_0047.jpg	10	1.0,1.0,-1.0,1.0,1.0,-1.0,-1.0,-1.0,-1.0,-1.0,-1.0,1.0	0.054531485,0.047025364,-0.06960143,0.20134684,0.21466884,-0.064419314,-0.042149786,-0.008867874,-0.1705918,-0.046189442,-0.15129578,0.17231166
../data/train_data_mmini/10/Train_0048.jpg	10	1.0,1.0,-1.0,1.0,1.0,-1.0,1.0,-1.0,-1.0,-1.0,-1.0,1.0	0.036194876,0.05883398,-0.019579316,0.038636044,0.29503995,-0.097331755,0.06923218,-0.036244024,-0.11340279,-0.14205599,-0.26602942,0.20582747
../data/train_data_mmini/10/Train_0049.jpg	10	1.0,1.0,-1.0,1.0,1.0,-1.0,1.0,1.0,-1.0,-1.0,-1.0,1.0	0.07292173,0.07193983,-0.07071318,0.13859242,0.286397,-0.05819862,0.035963222,0.015384224,-0.18407519,-0.07838128,-0.13927981,0.19756894
