../data/train_data_mmini/1/Train_0000.jpg	1	-1.0,-1.0,-1.0,-1.0,-1.0,1.0,-1.0,-1.0,1.0,1.0,1.0,-1.0	-0.20590939,-0.3031778,-1.131884,-2.631541,-1.1599516,1.0253694,-0.24172913,-1.9526676,0.643501,1.2799141,0.46568707,-1.8939129
../data/train_data_mmini/1/Train_0001.jpg	1	-1.0,1.0,-1.0,-1.0,-1.0,1.0,-1.0,-1.0,1.0,-1.0,-1.0,1.0	-1.6609899,0.6462968,-3.3014655,-0.39634198,-0.9154911,1.7853475,-3.1750844,-0.6764995,1.9093095,-1.6594573,-1.7199798,1.8617178
../data/train_data_mmini/1/Train_0002.jpg	1	-1.0,1.0,-1.0,-1.0,-1.0,-1.0,-1.0,-1.0,1.0,1.0,1.0,1.0	-0.12324385,0.92528754,-1.1708062,-2.2109451,-1.3955199,-2.1317992,-2.9389951,-0.5066844,1.9910394,0.45668036,0.17180517,1.0209173
../data/train_data_mmini/1/Train_0003.jpg	1	-1.0,-1.0,-1.0,-1.0,1.0,1.0,-1.0,-1.0,-1.0,-1.0,-1.0,-1.0	-0.9113703,-0.8862542,-1.7449596,-2.898507,1.3681004,2.7913117,-0.061645985,-0.99853766,-0.7411956,-0.6962798,-0.14589143,-3.8337097
../data/train_data_mmini/1/Train_0004.jpg	1	1.0,-1.0,-1.0,-1.0,-1.0,1.0,-1.0,-1.0,-1.0,-1.0,-1.0,-1.0	0.12196858,-2.7335947,-1.2056154,-0.0023112781,-0.061006963,1.5238868,-0.0031656772,-2.7137024,-0.9183603,-0.6265424,-1.4431807,-0.6549652
../data/train_data_mmini/2/Train_0005.jpg	2	-1.0,1.0,1.0,-1.0,-1.0,1.0,-1.0,1.0,-1.0,-1.0,1.0,1.0	-0.26355287,2.5043056,1.060912,-0.021973003,-0.8952472,0.28875118,-1.155169,1.0759882,-2.0937393,-0.013930783,0.055558264,1.3074855
../data/train_data_mmini/2/Train_0006.jpg	2	-1.0,1.0,1.0,1.0,1.0,1.0,-1.0,-1.0,1.0,1.0,-1.0,1.0	-0.815048,0.21012291,2.0260057,0.8775237,0.2351704,4.3019385,-1.0798014,-0.21416914,3.5351064,0.4711575,-0.67966795,0.16546305
../data/train_data_mmini/2/Train_0007.jpg	2	1.0,-1.0,-1.0,-1.0,-1.0,1.0,1.0,-1.0,1.0,1.0,1.0,-1.0	0.58239836,-0.93868405,-1.422434,-1.830045,-0.9975058,1.7443318,2.2891457,-3.5463045,0.5179122,1.5429653,0.20428509,-1.673242
../data/train_data_mmini/2/Train_0008.jpg	2	-1.0,1.0,1.0,1.0,1.0,1.0,-1.0,-1.0,1.0,1.0,1.0,1.0	-1.1049727,0.0023609996,1.1810721,0.7185896,0.090957895,0.28172225,-2.0714486,-2.6626554,0.86394006,1.4637545,1.5391834,2.030828
../data/train_data_mmini/2/Train_0009.jpg	2	1.0,1.0,1.0,1.0,-1.0,1.0,1.0,1.0,-1.0,1.0,1.0,-1.0	1.4585139,1.6488042,1.5907509,0.089720875,-2.0351567,0.7443576,0.43131226,2.8300872,-1.6570534,0.31219035,0.93195534,-1.336998
../data/train_data_mmini/3/Train_0010.jpg	3	-1.0,1.0,1.0,1.0,-1.0,1.0,-1.0,-1.0,-1.0,-1.0,-1.0,1.0	-0.43091428,0.25738657,1.1085871,2.5408285,-0.5415313,2.8640406,-1.107873,-0.24329136,-1.5948827,-1.8877672,-0.012152463,1.8836194
../data/train_data_mmini/3/Train_0011.jpg	3	1.0,1.0,-1.0,-1.0,-1.0,-1.0,-1.0,1.0,1.0,-1.0,1.0,1.0	3.4285412,1.0821071,-1.4698743,-1.3345984,-1.9383355,-2.7354603,-2.872889,0.018079847,0.9075462,-0.32388288,0.23409581,1.0105214
../data/train_data_mmini/3/Train_0012.jpg	3	1.0,1.0,-1.0,-1.0,-1.0,-1.0,-1.0,1.0,1.0,-1.0,-1.0,-1.0	2.1547854,0.27196628,-1.1146065,-1.7741871,-0.7929566,-1.0300997,-1.5350373,0.60461366,2.921794,-1.8450385,-3.7139707,-2.2324953
../data/train_data_mmini/3/Train_0013.jpg	3	-1.0,1.0,1.0,1.0,-1.0,1.0,-1.0,1.0,1.0,1.0,1.0,1.0	-1.2405237,1.4693506,0.9076641,1.2057486,-0.56406105,1.6671116,-4.3742514,0.41240492,3.6974373,1.2826716,1.1627245,2.9191282
../data/train_data_mmini/3/Train_0014.jpg	3	1.0,1.0,-1.0,1.0,1.0,1.0,-1.0,-1.0,-1.0,1.0,1.0,1.0	1.7085624,1.8385179,-1.7188252,2.3955953,0.7425393,0.017395183,-1.0223126,-0.23784192,-1.6262813,0.7971768,0.36026856,2.0932133
../data/train_data_mmini/4/Train_0015.jpg	4	1.0,-1.0,1.0,-1.0,-1.0,-1.0,-1.0,-1.0,1.0,1.0,-1.0,-1.0	0.9053178,-0.8372396,0.9687457,-1.9323592,-0.7491077,-2.1498911,-0.87238187,-1.4313698,0.86968404,1.678356,-0.06485456,-1.9808089
../data/train_data_mmini/4/Train_0016.jpg	4	-1.0,1.0,-1.0,-1.0,1.0,-1.0,-1.0,-1.0,1.0,-1.0,1.0,1.0	-1.0234761,3.7897213,-1.1623565,-2.0860198,0.4968184,-0.68749404,-2.249825,-0.86661124,0.2003898,-0.9805775,0.87042785,0.84572124
../data/train_data_mmini/4/Train_0017.jpg	4	1.0,1.0,1.0,-1.0,-1.0,-1.0,-1.0,1.0,1.0,-1.0,-1.0,-1.0	1.3914603,2.0711265,1.5559489,-0.9607504,-0.2238934,-2.0100381,-2.4122922,1.7897854,2.7302976,-1.8210387,-2.6681092,-0.28374195
../data/train_data_mmini/4/Train_0018.jpg	4	1.0,1.0,-1.0,1.0,-1.0,-1.0,1.0,-1.0,-1.0,1.0,1.0,1.0	0.80850554,1.6579545,-0.52480817,0.4169129,-1.4156629,-0.12054483,0.15232737,-0.29770282,-2.4611206,1.1514493,1.1751068,1.2771199
../data/train_data_mmini/4/Train_0019.jpg	4	-1.0,-1.0,1.0,1.0,1.0,1.0,-1.0,1.0,1.0,1.0,-1.0,1.0	-0.88363326,-0.9366647,0.30545014,2.7567182,2.3673613,2.5317457,-2.3268335,1.0468494,3.551816,0.13568543,-0.8765085,1.0495944
../data/train_data_mmini/5/Train_0020.jpg	5	-1.0,1.0,-1.0,-1.0,1.0,1.0,-1.0,-1.0,-1.0,-1.0,-1.0,-1.0	-2.9273932,0.5110331,-2.9192066,-0.6738184,1.1047387,2.141183,-0.39047784,-2.1742327,-0.34888208,-0.9984745,-0.5757648,-0.29714763
../data/train_data_mmini/5/Train_0021.jpg	5	1.0,-1.0,-1.0,1.0,1.0,1.0,-1.0,-1.0,-1.0,1.0,1.0,1.0	1.8560966,-1.9023461,-0.5613404,0.18154342,1.3330152,0.96962786,-2.8164942,-1.6406374,-0.5103628,1.6394398,1.7838664,0.40597695
../data/train_data_mmini/5/Train_0022.jpg	5	1.0,-1.0,-1.0,1.0,1.0,1.0,1.0,-1.0,1.0,1.0,-1.0,-1.0	0.15455882,-0.09357762,-0.23957896,1.1138475,0.20580205,1.437273,2.462673,-2.2277768,1.3584275,1.4983165,-0.58393514,-1.1243751
../data/train_data_mmini/5/Train_0023.jpg	5	-1.0,-1.0,-1.0,-1.0,-1.0,1.0,1.0,-1.0,-1.0,1.0,1.0,-1.0	-1.8553182,-2.1265824,-1.4830886,-1.4458339,-0.21814051,3.2136962,1.0403669,-1.6380469,-1.4192982,0.41963995,0.019621253,-1.6440686
../data/train_data_mmini/5/Train_0024.jpg	5	1.0,-1.0,1.0,-1.0,-1.0,1.0,-1.0,-1.0,-1.0,1.0,1.0,-1.0	3.0937696,-1.236243,0.7625191,-2.0396821,-0.8690522,0.983729,-0.19996001,-1.9197838,-0.31037283,0.15906312,0.7278867,-2.9323378
../data/train_data_mmini/6/Train_0025.jpg	6	1.0,1.0,1.0,-1.0,-1.0,1.0,-1.0,1.0,1.0,-1.0,-1.0,-1.0	1.5988928,2.157785,2.888585,-0.1954488,-0.40579218,2.3357751,-2.5332198,1.5798074,3.0714965,-4.115823,-2.0605571,-0.2114014
../data/train_data_mmini/6/Train_0026.jpg	6	1.0,1.0,1.0,-1.0,-1.0,-1.0,-1.0,1.0,-1.0,-1.0,1.0,-1.0	1.979997,1.9502144,0.06633359,-0.7983207,-0.6138637,-0.2600941,-1.2778832,0.0810796,-1.6223781,-2.5841663,1.3028519,-1.5896155
../data/train_data_mmini/6/Train_0027.jpg	6	1.0,1.0,-1.0,1.0,-1.0,1.0,-1.0,1.0,-1.0,-1.0,-1.0,1.0	1.5605828,2.2125068,-0.45988995,0.970933,-0.6523366,1.1325722,-1.4161384,0.887581,-0.77377146,-2.7158756,-0.5410838,1.5805871
../data/train_data_mmini/6/Train_0028.jpg	6	1.0,1.0,-1.0,1.0,1.0,-1.0,-1.0,-1.0,-1.0,1.0,1.0,1.0	4.9221506,1.2786951,-2.4678807,0.39870703,0.54592395,-2.4047263,-0.24898438,-1.8461751,-0.69941753,0.34923464,0.94602776,0.40409577
../data/train_data_mmini/6/Train_0029.jpg	6	-1.0,1.0,1.0,-1.0,-1.0,1.0,-1.0,1.0,1.0,-1.0,-1.0,1.0	-0.190556,0.0051589757,4.0205173,-0.2736625,-3.3644984,2.8900375,-1.6897352,3.8431246,1.355698,-0.51864165,-1.2035588,0.31862342
../data/train_data_mmini/7/Train_0030.jpg	7	-1.0,1.0,1.0,-1.0,-1.0,1.0,-1.0,1.0,1.0,1.0,-1.0,-1.0	-0.08157171,2.5458038,1.324957,-1.4876602,-0.46502733,1.1676236,-0.33968216,0.74850154,1.8644334,0.24768169,-0.0042143613,-1.685101
../data/train_data_mmini/7/Train_0031.jpg	7	-1.0,1.0,1.0,1.0,1.0,1.0,-1.0,-1.0,1.0,-1.0,1.0,-1.0	-0.35060212,4.1593485,1.9259647,0.15077932,0.06111601,1.1495168,-2.2110205,-0.27282175,1.2927223,-0.899937,1.2044904,-0.16844569
../data/train_data_mmini/7/Train_0032.jpg	7	1.0,1.0,-1.0,1.0,1.0,-1.0,-1.0,1.0,-1.0,-1.0,1.0,1.0	2.841324,1.9258492,-0.5658226,1.6003331,0.61670053,-2.634398,-3.0062656,0.7803408,-1.9997777,-0.42275155,0.645146,2.076799
../data/train_data_mmini/7/Train_0033.jpg	7	1.0,1.0,-1.0,-1.0,-1.0,1.0,1.0,1.0,1.0,-1.0,1.0,-1.0	2.1144974,2.6047533,-0.21795961,-0.8625788,-1.767979,2.1431265,1.0621141,0.6254835,0.44219536,-0.56262255,0.45409217,-1.7521126
../data/train_data_mmini/7/Train_0034.jpg	7	1.0,1.0,-1.0,1.0,1.0,1.0,-1.0,-1.0,-1.0,-1.0,1.0,1.0	5.6483846,0.14900559,-1.2009069,2.0843785,1.1827086,0.88460064,-1.7544032,-2.6695335,-0.4592479,-3.1338165,0.45865867,2.1135864
../data/train_data_mmini/8/Train_0035.jpg	8	1.0,1.0,1.0,1.0,-1.0,1.0,1.0,1.0,1.0,1.0,-1.0,-1.0	3.2742326,0.6650471,2.6613665,1.2941761,-2.153259,0.08628723,0.798878,1.3471522,0.49492365,1.363847,-0.5086718,-0.1464596
../data/train_data_mmini/8/Train_0036.jpg	8	1.0,1.0,1.0,-1.0,-1.0,-1.0,1.0,1.0,1.0,-1.0,-1.0,-1.0	3.3802266,4.401251,2.2814655,-0.02277029,-1.0151473,-0.5017213,1.1056218,1.0478253,0.33819157,-0.13057877,-0.21045521,-1.296888
../data/train_data_mmini/8/Train_0037.jpg	8	1.0,1.0,1.0,-1.0,-1.0,-1.0,-1.0,1.0,-1.0,-1.0,1.0,1.0	4.3532534,2.442495,1.224062,-1.6740351,-2.2098362,-0.49131352,-2.428425,0.77720344,-0.29101598,-2.0324926,1.0789151,0.22124828
../data/train_data_mmini/8/Train_0038.jpg	8	1.0,1.0,1.0,1.0,1.0,-1.0,-1.0,-1.0,1.0,-1.0,1.0,1.0	0.1827571,2.654469,2.4510765,0.44463748,0.16047192,-0.05305651,-1.8400937,-0.67726123,1.0156606,-0.15193568,0.781361,0.2503696
../data/train_data_mmini/8/Train_0039.jpg	8	1.0,1.0,1.0,1.0,-1.0,-1.0,1.0,1.0,1.0,1.0,-1.0,-1.0	4.5063586,0.8797423,3.0793772,0.13081065,-3.4073822,-0.28131342,0.021010488,3.7318099,1.1779735,0.94098705,-1.0359571,-0.55736476
../data/train_data_mmini/9/Train_0040.jpg	9	1.0,-1.0,-1.0,-1.0,1.0,-1.0,-1.0,-1.0,1.0,1.0,1.0,-1.0	2.9378662,-1.853306,-1.1963574,-1.3870916,0.2462011,-0.18058494,-1.3466328,-0.8988613,1.4570924,1.6730309,0.3762487,-1.261393
../data/train_data_mmini/9/Train_0041.jpg	9	1.0,1.0,-1.0,1.0,-1.0,1.0,-1.0,1.0,1.0,-1.0,1.0,1.0	1.1426526,3.4309168,-3.0467825,1.2538698,-1.2631309,2.0904386,-1.2883753,0.51547015,0.2638697,-1.5133196,0.071444064,2.3282104
../data/train_data_mmini/9/Train_0042.jpg	9	1.0,-1.0,1.0,-1.0,-1.0,-1.0,-1.0,-1.0,1.0,-1.0,-1.0,-1.0	1.1190865,-2.2613041,0.46613884,-2.1525161,-1.0056849,-0.02152805,-3.3670466,-2.1358125,0.83264667,-0.5272413,-0.5566348,-0.08754097
../data/train_data_mmini/9/Train_0043.jpg	9	1.0,-1.0,1.0,1.0,-1.0,1.0,-1.0,-1.0,1.0,1.0,-1.0,1.0	0.8687581,-0.28241235,0.18037117,1.1658378,-1.0891252,1.4013405,-0.1935638,-0.2460802,0.7949956,2.232935,-0.045957446,1.586247
../data/train_data_mmini/9/Train_0044.jpg	9	-1.0,-1.0,1.0,-1.0,-1.0,1.0,-1.0,1.0,1.0,-1.0,-1.0,-1.0	-0.0010781698,-0.48354286,2.3931413,-1.4545497,-1.6785291,0.9322411,-2.9287531,3.3158565,1.26349,-0.9311568,-2.1978502,-0.7660262
../data/train_data_mmini/10/Train_0045.jpg	10	1.0,1.0,1.0,1.0,-1.0,-1.0,1.0,1.0,1.0,-1.0,-1.0,-1.0	5.881252,2.0913224,3.8834648,1.0555158,-1.9649268,-0.31099093,0.26564777,4.5890584,0.1358391,-0.85043883,-0.18726379,-1.3795382
../data/train_data_mmini/10/Train_0046.jpg	10	1.0,-1.0,1.0,-1.0,-1.0,-1.0,-1.0,1.0,1.0,-1.0,-1.0,1.0	1.7956975,-0.17138979,2.2201686,-1.5735317,-2.737645,-1.1509086,-3.6507354,4.04894,0.14333314,-0.64158434,-0.26365966,0.9739608
../data/train_data_mmini/10/Train_0047.jpg	10	1.0,1.0,1.0,1.0,-1.0,-1.0,-1.0,1.0,-1.0,-1.0,-1.0,1.0	4.8222103,2.1028512,4.711493,0.88531846,-0.88230205,-0.9891403,-2.0404398,1.8544083,-0.99802047,-1.3459136,-0.25433573,0.3702284
../data/train_data_mmini/10/Train_0048.jpg	10	1.0,1.0,1.0,1.0,-1.0,-1.0,-1.0,1.0,1.0,-1.0,-1.0,-1.0	3.0091634,1.0398531,3.463368,1.8262609,-1.1902225,-0.75800896,-0.58149105,4.9197817,0.8618933,-1.562526,-3.1418633,-0.76923317
../data/train_data_mmini/10/Train_0049.jpg	10	1.0,1.0,1.0,1.0,-1.0,-1.0,-1.0,1.0,1.0,-1.0,-1.0,-1.0	5.5487633,0.423088,3.7740364,0.6911478,-2.785531,-0.073394015,-0.7988414,2.575803,1.2575406,-0.9297277,-0.8751565,-0.14951773
