../data/train_data_mmini/1/Train_0000.jpg	1	-1.0,1.0,-1.0,1.0,-1.0,1.0,1.0,1.0,-1.0,-1.0,1.0,1.0,1.0,-1.0,1.0,1.0,1.0,-1.0,-1.0,1.0,1.0,-1.0,-1.0,-1.0	-3.538731,0.42773452,-0.12820765,0.4958557,-0.14763032,0.25667593,2.1548417,0.31712517,-2.7773001,-0.82575274,3.0247767,2.0268915,0.046045903,-0.8232339,0.69738626,1.4846933,0.33772933,-0.27461976,-2.4064305,0.91808164,0.07411273,-2.8171906,-2.250351,-1.1984166
../data/train_data_mmini/1/Train_0001.jpg	1	-1.0,-1.0,-1.0,1.0,-1.0,1.0,1.0,-1.0,1.0,-1.0,-1.0,1.0,1.0,1.0,-1.0,1.0,-1.0,-1.0,-1.0,-1.0,-1.0,-1.0,1.0,-1.0	-0.9055782,-2.1130638,-0.4894493,0.16666009,-2.7981899,0.52342516,0.3433784,-1.4142749,1.6617843,-1.0384988,-1.9970628,1.9554943,2.3875055,0.5064299,-0.039379653,0.92955416,-0.43594104,-3.0882635,-1.8904792,-1.5409207,-3.6995573,-1.2776297,0.23427048,-0.1546462
../data/train_data_mmini/1/Train_0002.jpg	1	-1.0,1.0,-1.0,1.0,-1.0,-1.0,1.0,-1.0,-1.0,1.0,1.0,1.0,1.0,-1.0,1.0,1.0,-1.0,-1.0,1.0,-1.0,-1.0,1.0,-1.0,1.0	-3.3370357,1.4898503,-0.1799849,0.14388217,-0.76346594,-0.63536716,3.350815,-0.827242,-0.30427858,1.1854045,2.733903,4.103094,2.6880426,-2.0493038,1.175473,2.0536604,-0.93142164,-1.545249,2.2511556,-4.3162518,-0.9058511,0.5041773,-1.9346566,0.5599423
../data/train_data_mmini/1/Train_0003.jpg	1	-1.0,-1.0,-1.0,1.0,-1.0,-1.0,1.0,-1.0,-1.0,-1.0,1.0,-1.0,1.0,-1.0,-1.0,1.0,1.0,-1.0,-1.0,1.0,-1.0,-1.0,-1.0,-1.0	-2.4262874,-0.33524594,-1.2506429,3.1140244,-0.7917473,-0.3289782,0.7435875,-2.0453033,-3.9402723,-1.033974,1.3739525,-1.2017571,1.3762811,-1.9092984,-0.6360173,1.7326567,0.86940724,-0.7925275,-2.7491503,1.1816401,-0.7088217,-5.5562353,-0.3626818,-2.3858135
../data/train_data_mmini/1/Train_0004.jpg	1	1.0,-1.0,1.0,-1.0,1.0,-1.0,1.0,1.0,-1.0,-1.0,1.0,1.0,-1.0,-1.0,1.0,1.0,-1.0,-1.0,-1.0,1.0,-1.0,-1.0,-1.0,1.0	0.78384644,-1.2177215,0.4946368,-2.0067225,0.65565866,-0.44607762,1.9102408,1.2969902,-0.49581194,-1.8229252,0.5182407,0.06951378,-0.9734349,-0.8731176,1.7982247,0.33274433,-0.08928147,-1.8773018,-3.4727695,2.0605204,-1.151484,-2.6725621,-2.2173653,0.012321489
../data/train_data_mmini/2/Train_0005.jpg	2	1.0,-1.0,1.0,1.0,-1.0,1.0,1.0,1.0,-1.0,1.0,1.0,-1.0,1.0,1.0,-1.0,-1.0,1.0,1.0,1.0,1.0,-1.0,1.0,-1.0,-1.0	3.0283732,-0.09358214,0.1877386,0.4467443,-1.3461657,0.7481701,1.0064424,1.2038852,-0.18283853,0.9383413,0.8863434,-1.0465837,0.8829082,1.3232868,-2.8280804,-0.82285327,0.97692055,0.5534262,1.9577724,1.6704314,-1.5101398,2.208608,-0.43675417,-2.4257004
../data/train_data_mmini/2/Train_0006.jpg	2	1.0,1.0,1.0,1.0,1.0,-1.0,-1.0,-1.0,-1.0,1.0,1.0,-1.0,-1.0,-1.0,-1.0,-1.0,1.0,1.0,-1.0,-1.0,1.0,-1.0,1.0,-1.0	4.0688024,2.597918,3.2659116,0.021026608,3.0183372,-1.1119758,-0.0050394395,-0.90424955,-0.6933861,1.0248218,0.41504124,-2.3654466,-0.66031003,-2.3995693,-0.2335054,-1.187835,1.0928643,2.2788293,-0.9225021,-3.7370708,0.37221763,-0.31533104,1.3573619,-0.44173938
../data/train_data_mmini/2/Train_0007.jpg	2	-1.0,1.0,-1.0,-1.0,-1.0,1.0,1.0,1.0,-1.0,-1.0,1.0,1.0,-1.0,1.0,1.0,1.0,1.0,1.0,-1.0,1.0,1.0,-1.0,-1.0,-1.0	-1.0945575,0.524185,-0.44335705,-0.077684924,-1.0603827,1.3867531,0.094246686,1.1347702,-1.6911117,-1.271721,0.17581774,1.0278403,-0.36913258,0.52456367,0.7361726,0.08036722,2.1813622,0.6086111,-4.007588,1.3268971,1.5890111,-3.7767217,-4.242783,-0.9302681
../data/train_data_mmini/2/Train_0008.jpg	2	1.0,1.0,1.0,-1.0,-1.0,1.0,1.0,1.0,1.0,-1.0,1.0,1.0,1.0,1.0,1.0,-1.0,-1.0,1.0,1.0,-1.0,-1.0,-1.0,-1.0,1.0	1.2738807,1.8869506,1.055065,-2.389133,-0.6720945,0.44088197,0.55456865,2.2483013,0.3454566,-1.6414917,1.3114282,1.9334265,1.6672555,1.4334732,0.90035564,-0.14452325,-0.9328509,0.7641553,0.55049014,-0.03049666,-0.81550807,-0.28860533,-2.210846,4.270476
../data/train_data_mmini/2/Train_0009.jpg	2	-1.0,1.0,-1.0,1.0,1.0,-1.0,-1.0,1.0,-1.0,1.0,1.0,-1.0,-1.0,1.0,-1.0,1.0,-1.0,1.0,-1.0,1.0,1.0,1.0,1.0,-1.0	-2.0127056,0.17889898,-1.1975868,0.55096114,0.8792322,-0.44401753,-2.1915512,0.16411297,-0.91521037,0.07570251,1.3148859,-0.103006616,-0.8977022,2.1095119,-1.2401824,0.936302,-0.906491,0.57919055,-1.333997,4.2466946,2.024926,1.264746,1.4102631,-2.1106868
../data/train_data_mmini/3/Train_0010.jpg	3	1.0,1.0,1.0,-1.0,-1.0,1.0,-1.0,1.0,1.0,-1.0,-1.0,-1.0,1.0,1.0,-1.0,-1.0,-1.0,-1.0,-1.0,1.0,-1.0,1.0,-1.0,1.0	3.2694888,0.3643876,0.051119287,-1.021359,-2.2538652,0.53185,-1.1268224,1.9235001,0.56271195,-1.4951619,-2.5934691,-1.4945081,2.3108063,1.2769814,-1.2373668,-2.8212929,-0.68181115,-1.3313483,-2.6482563,1.4672827,-0.266747,1.1376939,-0.29721484,1.3971726
../data/train_data_mmini/3/Train_0011.jpg	3	1.0,1.0,-1.0,-1.0,-1.0,1.0,1.0,-1.0,1.0,1.0,-1.0,1.0,1.0,-1.0,1.0,1.0,-1.0,-1.0,1.0,-1.0,-1.0,1.0,-1.0,1.0	0.76337624,0.08921991,-1.4194928,-1.1308637,-1.0051482,0.14396878,2.1773748,-0.38937494,0.4105361,0.38967726,-0.283269,1.9926853,3.0574353,-0.51117146,2.4175572,2.3607104,-1.1049144,-2.331222,0.768924,-1.6342264,-2.4599717,4.187913,-3.235291,1.4237777
../data/train_data_mmini/3/Train_0012.jpg	3	-1.0,-1.0,-1.0,-1.0,-1.0,-1.0,1.0,-1.0,-1.0,-1.0,1.0,1.0,1.0,1.0,1.0,1.0,-1.0,-1.0,1.0,-1.0,-1.0,1.0,1.0,-1.0	-1.8327693,-2.3132548,-1.0700977,-1.5028709,-0.36937505,-0.3115869,4.546915,-2.8607948,-0.0898934,-0.21152258,1.35751,2.0647047,0.93387806,0.33132452,1.2934712,2.1725116,-0.79633945,-4.2879395,0.8973642,-1.3265442,-4.5837526,0.83679545,2.443655,-2.3100123
../data/train_data_mmini/3/Train_0013.jpg	3	-1.0,1.0,1.0,1.0,-1.0,1.0,1.0,1.0,1.0,1.0,-1.0,1.0,1.0,-1.0,-1.0,-1.0,-1.0,-1.0,1.0,-1.0,-1.0,1.0,1.0,1.0	-0.6305435,0.9074815,0.60602486,0.6577173,-0.022316057,0.6811953,1.9185876,0.2730389,0.87283874,0.5178592,-0.37951264,1.2926697,1.2889688,-1.140037,-0.39019045,-0.56248605,-0.60027134,-0.16798623,2.4143078,-3.751562,-0.1868574,2.7608383,2.2014883,1.7406753
../data/train_data_mmini/3/Train_0014.jpg	3	1.0,1.0,-1.0,-1.0,1.0,-1.0,-1.0,1.0,1.0,1.0,-1.0,-1.0,1.0,1.0,-1.0,1.0,-1.0,-1.0,-1.0,1.0,-1.0,1.0,-1.0,-1.0	4.786853,0.3457857,-0.04041451,-1.2168337,0.4895675,-0.32772064,-1.9879066,1.1346419,2.1751738,0.35972372,-0.90961254,-0.024245247,0.077678606,1.9843578,-0.28706893,1.1019348,-0.610608,-0.14216714,-0.5868467,2.488383,-0.57157534,3.208591,-1.8303695,-0.25264496
../data/train_data_mmini/4/Train_0015.jpg	4	-1.0,-1.0,-1.0,-1.0,-1.0,1.0,1.0,-1.0,1.0,-1.0,1.0,1.0,-1.0,1.0,1.0,1.0,1.0,1.0,1.0,1.0,-1.0,-1.0,-1.0,1.0	-1.4998131,-0.04426511,-0.18619591,-0.13567239,-0.41106784,0.2430639,1.8455677,-1.1753359,0.51825714,-0.49131984,2.8411999,1.6727419,-0.01642264,0.16895586,0.9736056,0.10093841,0.06168972,1.3716669,3.564217,1.8037609,-3.2191045,-1.3037356,-0.54272807,0.153791
../data/train_data_mmini/4/Train_0016.jpg	4	-1.0,1.0,-1.0,1.0,-1.0,1.0,-1.0,-1.0,-1.0,1.0,1.0,1.0,1.0,1.0,-1.0,1.0,-1.0,-1.0,1.0,-1.0,-1.0,1.0,-1.0,-1.0	-0.93072385,0.25122103,-1.5432822,2.6687224,-2.9101644,0.12855414,-0.56076556,-1.5451078,-0.47303525,1.8112941,1.1202885,1.8244249,3.8113215,1.3749847,-2.5091443,3.2454698,-0.2634301,-0.4542873,2.6421616,-1.263055,-1.5379559,0.9724712,-0.77896774,-0.33826104
../data/train_data_mmini/4/Train_0017.jpg	4	1.0,1.0,-1.0,1.0,1.0,-1.0,1.0,-1.0,-1.0,1.0,-1.0,-1.0,1.0,-1.0,1.0,1.0,1.0,-1.0,1.0,-1.0,-1.0,1.0,1.0,-1.0	1.8630816,0.7614524,-0.026818095,0.026459184,0.9621105,-0.0053384625,1.5982925,-2.6437814,-0.33150852,1.1867018,-0.1947699,-0.2142785,2.841232,-0.52092654,0.089855164,0.5295593,0.2479922,-0.2824401,1.354816,-4.1102886,-2.957865,3.6235406,1.8039765,-1.1916254
../data/train_data_mmini/4/Train_0018.jpg	4	1.0,1.0,1.0,1.0,-1.0,1.0,1.0,1.0,1.0,1.0,1.0,1.0,1.0,1.0,-1.0,-1.0,1.0,1.0,1.0,1.0,-1.0,1.0,-1.0,-1.0	1.6790948,0.7300828,0.19400167,0.42710376,-2.521983,1.1591569,0.62583023,2.43089,0.53418505,0.5142128,0.7742843,0.106214225,1.5204433,1.366581,-3.0974436,-1.0354267,0.6606096,0.4605209,1.8351101,2.4527862,-0.75922406,1.8983276,-2.6533926,-0.91351587
../data/train_data_mmini/4/Train_0019.jpg	4	1.0,1.0,1.0,-1.0,1.0,-1.0,1.0,-1.0,1.0,1.0,-1.0,-1.0,1.0,-1.0,1.0,-1.0,1.0,-1.0,1.0,-1.0,-1.0,-1.0,1.0,-1.0	6.6975946,0.37401745,2.4866912,-0.82754564,2.4165678,-2.4292092,2.19964,-0.16933964,1.290277,2.2075415,-1.5951669,-2.7997491,0.71537733,-3.3736956,0.23125932,-2.276267,0.8751144,-2.3488715,0.5183613,-4.019478,-0.20782462,-0.072850786,1.3008035,-0.50896424
../data/train_data_mmini/5/Train_0020.jpg	5	1.0,-1.0,-1.0,1.0,-1.0,-1.0,-1.0,-1.0,1.0,1.0,-1.0,1.0,1.0,-1.0,-1.0,1.0,1.0,-1.0,-1.0,-1.0,-1.0,-1.0,-1.0,-1.0	0.9556952,-1.1110401,-0.12964866,1.2638758,-1.057295,-0.7657963,-0.8590676,-0.2804909,1.5747647,0.002534085,-0.90481293,0.6179066,0.95136523,-0.6756162,-0.9401551,1.1575328,1.1757814,-2.1364236,-1.6175736,-0.8067674,-0.8037478,-5.1001163,-2.1244864,-1.5761409
../data/train_data_mmini/5/Train_0021.jpg	5	-1.0,1.0,-1.0,1.0,1.0,-1.0,-1.0,-1.0,-1.0,-1.0,1.0,-1.0,-1.0,-1.0,1.0,1.0,-1.0,1.0,1.0,1.0,-1.0,-1.0,-1.0,1.0	-0.2710798,1.6067605,-0.24341545,1.9448225,2.5283313,-1.0314457,-0.75682753,-0.3914158,-0.59692687,-1.7634398,0.9845144,-1.0808882,-1.2321252,-1.985406,2.026782,2.619228,-0.3937459,2.2255912,0.6471422,2.3635688,-0.11403485,-0.8955079,-1.6893713,2.5477507
../data/train_data_mmini/5/Train_0022.jpg	5	1.0,1.0,1.0,-1.0,1.0,1.0,-1.0,1.0,-1.0,-1.0,1.0,1.0,-1.0,1.0,1.0,-1.0,1.0,1.0,-1.0,1.0,1.0,-1.0,-1.0,1.0	1.006254,0.33074614,1.0203251,-2.553362,0.71366256,0.62912214,-0.17421594,1.810296,-0.3529911,-0.5776425,0.08665067,0.7588689,-1.146514,2.6163642,0.78492475,-1.1606041,0.66053647,0.5671012,-3.2644935,1.4907947,1.770706,-3.2255971,-0.02375236,0.13313365
../data/train_data_mmini/5/Train_0023.jpg	5	-1.0,-1.0,-1.0,1.0,-1.0,1.0,1.0,1.0,-1.0,-1.0,-1.0,-1.0,-1.0,-1.0,-1.0,1.0,1.0,-1.0,-1.0,1.0,1.0,-1.0,-1.0,1.0	-1.2037538,-0.8168612,-0.9754965,2.0165298,-1.5170088,0.8433232,0.23437858,1.0671496,-1.2612464,-1.3848256,-0.98665243,-1.3826443,-0.1711434,-0.7736816,-1.0229385,0.7906328,2.3137755,-0.85483986,-2.1232173,1.4782529,0.67141795,-6.291287,-0.92025805,0.34263706
../data/train_data_mmini/5/Train_0024.jpg	5	-1.0,-1.0,-1.0,1.0,1.0,1.0,1.0,-1.0,-1.0,-1.0,1.0,1.0,-1.0,-1.0,1.0,1.0,1.0,1.0,-1.0,1.0,1.0,-1.0,-1.0,-1.0	-3.7779186,-0.17777501,-0.9889895,0.87986606,1.017155,0.40982413,2.1868753,-0.42374817,-3.322969,-2.0896752,3.0720227,0.59698194,-1.4923521,-1.5257063,1.5267599,0.84392244,0.26208946,0.6743965,-2.036899,3.198116,0.0322928,-0.16570136,-2.1732416,-2.2173176
../data/train_data_mmini/6/Train_0025.jpg	6	1.0,1.0,-1.0,1.0,1.0,-1.0,1.0,-1.0,-1.0,1.0,-1.0,-1.0,-1.0,-1.0,1.0,1.0,1.0,1.0,-1.0,-1.0,1.0,1.0,1.0,-1.0	1.3030958,0.30792856,-1.1581366,1.4015806,0.6608974,-0.025122093,0.4255004,-4.580637,-2.7247972,0.36439207,-1.0693187,-2.0560453,-0.14078014,-1.7928486,0.9158747,0.9398654,1.2249036,1.5143993,-1.6429977,-2.8482888,0.6953292,3.6427593,2.6632974,-3.2286737
../data/train_data_mmini/6/Train_0026.jpg	6	1.0,1.0,1.0,1.0,-1.0,-1.0,-1.0,-1.0,-1.0,1.0,1.0,-1.0,1.0,1.0,-1.0,-1.0,-1.0,-1.0,-1.0,1.0,-1.0,1.0,-1.0,-1.0	2.615173,0.7794996,0.97922796,0.07793367,-0.09929781,-1.9993341,-1.3436358,-0.8786412,-0.40322733,0.8964984,0.77252716,-1.3758737,1.2669519,0.0778639,-1.5758398,-2.052649,-0.7615497,-0.13550095,-4.003679,4.187569,-2.0068874,0.056590352,-3.920027,-3.840966
../data/train_data_mmini/6/Train_0027.jpg	6	1.0,-1.0,-1.0,1.0,-1.0,-1.0,-1.0,-1.0,1.0,1.0,-1.0,-1.0,1.0,1.0,-1.0,1.0,-1.0,-1.0,-1.0,1.0,-1.0,1.0,-1.0,-1.0	2.4498746,-0.4165027,-1.3121961,0.8772515,-2.1931577,-0.08219968,-1.8375082,-0.50600445,0.8446715,0.39605513,-1.7268641,-0.54595774,2.0512216,2.6323235,-1.8613207,1.3120359,-0.31241664,-0.82935995,-0.39047012,0.94908804,-1.0445089,4.093499,-0.18513465,-0.25658014
../data/train_data_mmini/6/Train_0028.jpg	6	1.0,1.0,-1.0,-1.0,1.0,-1.0,-1.0,1.0,-1.0,-1.0,1.0,1.0,1.0,-1.0,1.0,1.0,-1.0,1.0,-1.0,-1.0,1.0,1.0,-1.0,1.0	1.039118,1.5500777,-0.35426408,-0.93395114,0.051580917,-0.06183741,-0.40396106,0.6801375,-1.5798819,-0.58978814,0.12838668,1.0382363,1.3542241,-0.040383447,1.8720057,2.919867,-0.5155007,0.32726055,-2.7960622,-2.430584,0.26908168,3.0499237,-4.462474,2.155131
../data/train_data_mmini/6/Train_0029.jpg	6	-1.0,1.0,-1.0,1.0,1.0,1.0,1.0,-1.0,-1.0,-1.0,1.0,1.0,-1.0,-1.0,-1.0,-1.0,-1.0,1.0,1.0,-1.0,1.0,1.0,1.0,-1.0	-6.1423216,1.2855443,-1.5709482,0.77636296,0.13639241,1.850578,2.5295713,-0.89200306,-1.2346336,-0.4298587,1.8302718,1.9623268,-0.19685598,-1.1605741,-0.26452836,-1.7549403,-0.62799203,1.2525749,1.9140898,-0.41884768,2.0351856,3.9122753,3.7621818,-3.5291398
../data/train_data_mmini/7/Train_0030.jpg	7	-1.0,1.0,-1.0,1.0,1.0,-1.0,-1.0,-1.0,-1.0,1.0,1.0,1.0,-1.0,1.0,-1.0,1.0,1.0,1.0,1.0,1.0,-1.0,1.0,1.0,-1.0	-0.8866957,0.20028816,-0.06580198,1.8763387,0.8135643,-0.51329017,-1.0271716,-2.9490638,-1.2701944,1.1845572,2.3751428,0.22562502,-0.4472798,1.2588849,-1.1923927,2.1379836,0.62787837,1.613784,0.30507556,0.028595041,-0.25073677,0.087742426,1.4270757,-3.8129025
../data/train_data_mmini/7/Train_0031.jpg	7	-1.0,1.0,-1.0,1.0,-1.0,1.0,1.0,-1.0,-1.0,-1.0,1.0,1.0,1.0,1.0,-1.0,1.0,-1.0,1.0,-1.0,-1.0,-1.0,1.0,1.0,1.0	-0.6725407,1.170647,-0.5683265,0.40709257,-1.467074,0.58471173,0.2678145,-0.10865145,-2.0210772,-0.049467094,2.3618712,1.0055786,1.7593313,2.4134965,-2.0799198,0.91157305,-1.2563565,0.88164306,-0.065418065,-0.9900246,-0.22409263,3.8691995,1.3871874,0.47014672
../data/train_data_mmini/7/Train_0032.jpg	7	1.0,-1.0,-1.0,1.0,-1.0,-1.0,1.0,1.0,1.0,1.0,1.0,1.0,1.0,1.0,-1.0,1.0,-1.0,-1.0,1.0,1.0,-1.0,1.0,-1.0,1.0	3.1628132,-0.42209712,-1.6863002,0.066733874,-0.5919451,-0.9034776,1.4628595,2.3368497,1.4262054,1.544814,0.08778164,0.3092472,3.5986023,1.9468317,-0.75850284,1.593635,-1.3547415,-1.8358035,2.8913593,2.1152513,-2.4313462,6.6988993,-1.0633819,2.4666054
../data/train_data_mmini/7/Train_0033.jpg	7	-1.0,1.0,1.0,-1.0,-1.0,-1.0,1.0,-1.0,-1.0,-1.0,1.0,1.0,-1.0,1.0,-1.0,-1.0,-1.0,-1.0,-1.0,1.0,1.0,1.0,-1.0,-1.0	-0.7984039,0.85031074,0.46340072,-0.5697444,-0.19152226,-0.9252174,0.39753482,-0.29145256,-1.4607075,-0.18190363,2.0615373,0.5393067,-0.006021213,0.36731023,-0.993154,-0.49536288,-0.13345022,-0.8856198,-3.2172372,1.0699588,1.1206495,2.2397888,-1.0336006,-4.2396846
../data/train_data_mmini/7/Train_0034.jpg	7	1.0,1.0,-1.0,1.0,-1.0,1.0,1.0,1.0,-1.0,-1.0,-1.0,-1.0,1.0,-1.0,1.0,1.0,-1.0,-1.0,-1.0,-1.0,-1.0,1.0,-1.0,1.0	3.9710035,0.24337868,-1.5934197,0.1952488,-1.4783074,0.3932496,1.0187253,1.2842782,-0.96181667,-0.15164852,-3.1117218,-1.6798458,3.3075392,-0.6653738,2.2776031,1.1958811,-0.77943724,-2.6096883,-1.2310256,-0.119974434,-0.47973385,4.998364,-4.217797,2.8079607
../data/train_data_mmini/8/Train_0035.jpg	8	-1.0,-1.0,-1.0,-1.0,1.0,1.0,1.0,1.0,-1.0,-1.0,1.0,1.0,-1.0,1.0,1.0,-1.0,-1.0,1.0,-1.0,1.0,1.0,1.0,1.0,-1.0	-1.7539172,-0.21202357,-1.0397054,-1.2418174,0.22257221,2.9506793,0.84764624,1.295919,-1.4047745,-1.4617965,0.5290193,0.02640456,-3.1326215,3.1288867,0.77246267,-0.44160277,-0.2686231,2.6179163,-0.19405824,2.6157067,1.4986033,3.9621444,2.4822907,-0.68557304
../data/train_data_mmini/8/Train_0036.jpg	8	-1.0,1.0,-1.0,-1.0,-1.0,1.0,1.0,-1.0,-1.0,1.0,1.0,1.0,-1.0,1.0,-1.0,1.0,1.0,1.0,-1.0,-1.0,1.0,1.0,1.0,-1.0	-0.118382476,2.005734,-0.10646261,-0.81217337,-1.0404278,1.0366123,1.3606741,-0.84150374,-2.7417278,0.636061,3.257186,1.1811981,-0.96967053,2.6653047,-1.3940243,0.19379346,0.75620407,3.2203877,-0.00785077,-0.63715476,1.300692,5.8409777,0.014366778,-3.9702392
../data/train_data_mmini/8/Train_0037.jpg	8	1.0,1.0,-1.0,1.0,-1.0,1.0,-1.0,-1.0,-1.0,-1.0,-1.0,-1.0,1.0,1.0,1.0,1.0,-1.0,1.0,-1.0,1.0,-1.0,1.0,-1.0,-1.0	0.101089306,1.0784988,-2.3597102,1.8049872,-0.9609732,0.7742357,-1.5184692,-1.0722528,-1.1472152,-0.39285788,-0.097156346,-0.05961232,1.7382526,0.9176883,0.09413087,1.5729842,-1.2477849,1.4849491,-0.3946303,1.5868174,-1.1860645,6.4226675,-3.1930833,-1.0909234
../data/train_data_mmini/8/Train_0038.jpg	8	-1.0,-1.0,-1.0,-1.0,-1.0,1.0,1.0,1.0,-1.0,-1.0,1.0,1.0,1.0,1.0,1.0,1.0,-1.0,1.0,1.0,1.0,-1.0,1.0,1.0,1.0	-0.8574628,-0.4531167,-0.93199676,-1.1608678,-0.5969861,1.0188138,0.52477086,0.11131475,-1.8700873,-0.14472799,2.2115746,1.2324377,0.92769253,4.026259,0.14987722,0.65361387,-1.7138612,0.87570137,0.5684306,0.97004515,-0.6695235,2.4222624,2.27301,1.6914533
../data/train_data_mmini/8/Train_0039.jpg	8	-1.0,-1.0,-1.0,-1.0,1.0,1.0,1.0,1.0,-1.0,-1.0,1.0,1.0,-1.0,1.0,1.0,-1.0,1.0,1.0,-1.0,1.0,1.0,1.0,1.0,-1.0	-3.7289577,-0.4174634,-1.4291018,-2.1258264,0.66981345,3.845876,4.068362,0.8716927,-1.6254629,-1.5002007,1.1015892,1.3718219,-3.725897,1.1236347,1.1122167,-0.74543786,0.2938068,1.4931072,-0.092136785,0.48842916,1.4827284,7.454581,3.4546542,-3.6393807
../data/train_data_mmini/9/Train_0040.jpg	9	-1.0,1.0,-1.0,-1.0,1.0,-1.0,-1.0,-1.0,1.0,-1.0,1.0,1.0,-1.0,-1.0,1.0,1.0,-1.0,1.0,-1.0,1.0,-1.0,-1.0,-1.0,-1.0	-1.0235068,0.6275681,-0.5677039,-0.27646524,1.4964356,-0.32582387,-0.5740238,-1.7402608,1.0042255,-1.7812934,1.3080091,1.3364965,-1.2383386,-0.77156425,2.4038162,0.8164861,-0.40759116,1.6648414,-0.48639235,1.662073,-1.1993022,-0.85107106,-2.0716352,-1.7453697
../data/train_data_mmini/9/Train_0041.jpg	9	1.0,-1.0,-1.0,-1.0,-1.0,1.0,1.0,1.0,1.0,1.0,-1.0,1.0,1.0,1.0,-1.0,1.0,1.0,-1.0,-1.0,-1.0,-1.0,1.0,-1.0,-1.0	1.4247549,-0.67283696,-0.6247423,-0.43998846,-3.2092571,0.45087326,1.3296694,1.6750679,1.7187607,0.12592581,-1.6761258,1.9120766,1.7904817,0.7903087,-1.5974827,1.2788624,0.01340352,-4.028338,-0.8652177,-2.5728486,-0.031177042,4.120839,-1.2977668,-0.5842132
../data/train_data_mmini/9/Train_0042.jpg	9	-1.0,-1.0,-1.0,1.0,-1.0,1.0,1.0,-1.0,1.0,-1.0,1.0,1.0,1.0,-1.0,1.0,1.0,-1.0,-1.0,1.0,-1.0,-1.0,-1.0,-1.0,1.0	-1.8676833,-0.24751283,-1.3839277,0.30288216,-1.4131626,1.0061331,1.8323373,-1.6071347,0.873059,-1.9702145,0.72604746,1.7890353,1.0730892,-1.7370299,2.1168256,0.29028386,-0.19350445,-0.08371002,2.5646753,-0.25804767,-3.4975812,-0.16024905,-1.6210684,0.7068696
../data/train_data_mmini/9/Train_0043.jpg	9	1.0,1.0,1.0,-1.0,1.0,1.0,-1.0,1.0,1.0,-1.0,-1.0,-1.0,-1.0,1.0,1.0,1.0,1.0,1.0,-1.0,1.0,1.0,-1.0,-1.0,1.0	1.6458039,1.4918883,1.1237901,-0.36252016,1.9603658,0.4589362,-2.8610106,0.24708353,1.4995613,-1.3229535,-0.47667608,-0.48075712,-3.0535107,1.3075246,0.45021033,0.13448049,1.3407397,4.5592456,-0.0048233527,1.0531775,1.4916948,-0.32237408,-0.29725683,0.22390236
../data/train_data_mmini/9/Train_0044.jpg	9	-1.0,-1.0,-1.0,1.0,1.0,1.0,1.0,-1.0,-1.0,-1.0,1.0,-1.0,-1.0,-1.0,1.0,-1.0,-1.0,1.0,1.0,-1.0,-1.0,1.0,1.0,-1.0	-1.9232017,-0.64782435,-0.4498121,0.6723323,0.95237505,0.31145817,0.60148764,-3.2982864,-0.45418552,-0.50343984,0.37763715,-0.46922714,-0.16488115,-0.615606,0.5320557,-0.24403103,-0.045992848,0.30973715,1.0607898,-1.2027751,-1.7498605,0.8912844,4.941337,-2.397938
../data/train_data_mmini/10/Train_0045.jpg	10	1.0,-1.0,-1.0,-1.0,-1.0,1.0,1.0,1.0,-1.0,-1.0,1.0,-1.0,-1.0,1.0,1.0,-1.0,-1.0,-1.0,-1.0,1.0,1.0,1.0,1.0,-1.0	0.68727785,-0.06508042,-2.729781,-2.243412,-0.4004173,1.9297005,4.3151183,2.5015175,-3.316886,-0.18651494,0.5438107,-0.5295985,-0.35549796,2.3050544,0.22158685,-1.6391139,-0.5126561,-1.0271183,-0.74660224,1.7728728,0.5490821,9.312307,3.005081,-1.4643689
../data/train_data_mmini/10/Train_0046.jpg	10	-1.0,1.0,-1.0,-1.0,1.0,1.0,1.0,-1.0,1.0,-1.0,-1.0,-1.0,1.0,-1.0,1.0,-1.0,-1.0,-1.0,1.0,-1.0,-1.0,1.0,1.0,-1.0	-0.10147469,0.07931428,-2.25217,-0.1734534,1.1463746,0.9644224,0.6402371,-1.3444169,0.3400512,-0.6975659,-1.2228833,-0.1594312,2.4649327,-0.90981376,1.4888632,-0.3594809,-0.36935684,-1.0937064,2.1754692,-0.0406099,-2.1344357,4.863038,1.5413414,-0.57662404
../data/train_data_mmini/10/Train_0047.jpg	10	1.0,1.0,-1.0,-1.0,1.0,1.0,1.0,1.0,-1.0,-1.0,1.0,-1.0,-1.0,1.0,1.0,-1.0,-1.0,1.0,1.0,1.0,-1.0,1.0,1.0,1.0	2.1907475,1.4055403,-1.6427405,-0.050197836,1.398496,1.980609,2.2508216,1.0016286,-3.753746,-0.2861788,0.6820001,-2.3759031,-0.022724848,0.55576015,0.14696592,-0.20211147,-0.34972802,2.3257368,0.8411884,0.82880795,-0.5008963,8.042982,0.80885094,0.15801679
../data/train_data_mmini/10/Train_0048.jpg	10	1.0,-1.0,-1.0,-1.0,-1.0,1.0,1.0,1.0,-1.0,1.0,1.0,-1.0,-1.0,1.0,1.0,-1.0,-1.0,-1.0,1.0,1.0,1.0,1.0,1.0,-1.0	3.1174147,-1.9647161,-1.1634527,-4.4754386,-0.09321155,1.4772754,6.633152,0.65893257,-2.7112093,0.7082976,1.065761,-0.91769636,-0.7261596,1.9219052,1.3417013,-1.2866257,-0.15536445,-2.4779835,1.7540113,0.24052685,0.5962924,5.610048,6.076916,-1.9920894
../data/train_data_mmini/10/Train_0049.jpg	10	-1.0,-1.0,-1.0,-1.0,1.0,1.0,1.0,1.0,-1.0,-1.0,-1.0,-1.0,-1.0,1.0,1.0,-1.0,-1.0,1.0,-1.0,1.0,1.0,1.0,1.0,-1.0	-0.84689385,-0.24893792,-1.8965366,-1.6608049,1.9697766,2.0887392,0.7962774,0.38202325,-0.6758252,-1.4818404,-0.392265,-0.047286734,-2.5242293,1.5968268,2.2669258,-0.61864465,-1.044896,1.7153562,-1.4246324,2.485193,0.4102017,7.8572907,1.4096247,-0.94192994
