../data/train_data_mmini/1/Train_0000.jpg	1	-1.0,1.0,1.0,-1.0,-1.0,-1.0,-1.0,1.0,-1.0,-1.0,-1.0,-1.0,1.0,1.0,-1.0,-1.0,-1.0,-1.0,-1.0,-1.0,-1.0,1.0,1.0,1.0	-3.3009245,0.6493272,2.4805686,-5.103362,-3.4672554,-1.4117848,-0.16618676,1.9666286,-4.2461324,-7.296643,-1.0190232,-6.7807345,2.5728605,6.3425894,-7.856883,-1.3348576,-6.307906,-0.86090195,-7.5728545,-3.7943997,-9.052282,0.31855416,4.7282968,4.1786785
../data/train_data_mmini/1/Train_0001.jpg	1	-1.0,1.0,1.0,-1.0,-1.0,-1.0,-1.0,1.0,-1.0,-1.0,-1.0,-1.0,1.0,1.0,-1.0,-1.0,-1.0,-1.0,-1.0,-1.0,-1.0,1.0,1.0,1.0	-4.05073,0.8084415,3.0416417,-6.0030313,-4.3777556,-1.5660306,-0.16731755,2.2250903,-5.13674,-9.236801,-1.4513211,-8.482551,3.1809924,8.100089,-9.727734,-2.0519948,-8.151233,-1.0986307,-9.364108,-4.7195983,-11.301286,0.45675218,5.890671,5.3488297
../data/train_data_mmini/1/Train_0002.jpg	1	-1.0,1.0,1.0,-1.0,-1.0,-1.0,-1.0,1.0,-1.0,-1.0,-1.0,-1.0,1.0,1.0,-1.0,-1.0,-1.0,-1.0,-1.0,-1.0,-1.0,1.0,1.0,1.0	-3.2040582,0.3246466,2.4652946,-4.7977595,-3.942682,-1.5786233,-0.5418463,2.0234935,-4.5543766,-7.6974845,-0.66170233,-6.556836,2.6648862,6.406651,-8.264642,-1.605883,-6.470534,-1.0130533,-7.6142654,-4.059179,-9.307946,0.22599673,5.084434,4.300026
../data/train_data_mmini/1/Train_0003.jpg	1	-1.0,1.0,1.0,-1.0,-1.0,-1.0,-1.0,1.0,-1.0,-1.0,-1.0,-1.0,1.0,1.0,-1.0,-1.0,-1.0,-1.0,-1.0,-1.0,-1.0,1.0,1.0,1.0	-3.5377195,0.87117845,2.71143,-5.7332706,-3.7652264,-1.4515055,-0.025968412,1.9459965,-4.679726,-8.042689,-1.3379449,-7.513125,2.5705545,6.8367953,-8.487885,-1.5373805,-7.1671233,-0.9805246,-8.520622,-4.4365597,-10.222946,0.3861138,5.1970744,4.5826173
../data/train_data_mmini/1/Train_0004.jpg	1	-1.0,1.0,1.0,-1.0,-1.0,-1.0,-1.0,1.0,-1.0,-1.0,-1.0,-1.0,1.0,1.0,-1.0,-1.0,-1.0,-1.0,-1.0,-1.0,-1.0,1.0,1.0,1.0	-3.8325124,0.7260948,2.7980595,-6.0839024,-4.175687,-1.8453733,-0.34661478,2.2184875,-4.795636,-8.812268,-1.5062426,-7.45964,3.1272137,7.5199986,-8.860547,-1.7756472,-7.646025,-1.0693487,-9.062661,-4.655754,-10.718976,0.3467287,5.452863,4.652159
../data/train_data_mmini/2/Train_0005.jpg	2	-1.0,1.0,1.0,-1.0,-1.0,-1.0,-1.0,1.0,-1.0,-1.0,-1.0,-1.0,1.0,1.0,-1.0,-1.0,-1.0,-1.0,-1.0,-1.0,-1.0,1.0,1.0,1.0	-4.011651,1.1025889,2.92709,-6.399526,-4.3724275,-1.6905658,-0.35889736,2.377804,-5.252927,-9.285511,-1.3923837,-8.114921,3.2918131,8.143149,-9.520426,-1.819236,-8.165402,-1.4638928,-9.33242,-4.796582,-11.370338,0.49144003,6.0180116,5.2337804
../data/train_data_mmini/2/Train_0006.jpg	2	-1.0,1.0,1.0,-1.0,-1.0,-1.0,-1.0,1.0,-1.0,-1.0,-1.0,-1.0,1.0,1.0,-1.0,-1.0,-1.0,-1.0,-1.0,-1.0,-1.0,1.0,1.0,1.0	-3.4930284,1.1898241,2.973067,-5.751045,-3.779585,-1.3749577,-0.07889802,1.8018861,-4.63798,-8.116929,-1.1611319,-7.27512,2.291702,6.4369507,-8.421877,-1.7885536,-7.38472,-1.2137346,-7.800372,-4.1374445,-10.072198,0.7444751,5.582741,4.371459
../data/train_data_mmini/2/Train_0007.jpg	2	-1.0,1.0,1.0,-1.0,-1.0,-1.0,-1.0,1.0,-1.0,-1.0,-1.0,-1.0,1.0,1.0,-1.0,-1.0,-1.0,-1.0,-1.0,-1.0,-1.0,1.0,1.0,1.0	-3.3504777,0.9299314,2.4812799,-5.4664693,-3.5041966,-1.409207,-0.08214492,1.9721656,-4.058674,-7.3308263,-1.3417926,-6.6198053,2.4037797,6.409876,-7.6864777,-1.4576666,-6.8199167,-1.0131189,-8.042946,-4.0416017,-9.369056,0.42731932,4.611672,4.3366013
../data/train_data_mmini/2/Train_0008.jpg	2	-1.0,1.0,1.0,-1.0,-1.0,-1.0,-1.0,1.0,-1.0,-1.0,-1.0,-1.0,1.0,1.0,-1.0,-1.0,-1.0,-1.0,-1.0,-1.0,-1.0,1.0,1.0,1.0	-3.8122108,0.75250816,3.1021256,-5.655798,-4.122174,-1.718595,-0.45593157,2.2403958,-4.7783437,-8.533707,-0.87429506,-7.544074,2.8964813,7.301071,-9.095882,-1.933671,-7.393908,-1.1970022,-8.336205,-4.1436343,-10.141116,0.62986565,5.5724587,5.053039
../data/train_data_mmini/2/Train_0009.jpg	2	-1.0,1.0,1.0,-1.0,-1.0,-1.0,-1.0,1.0,-1.0,-1.0,-1.0,-1.0,1.0,1.0,-1.0,-1.0,-1.0,-1.0,-1.0,-1.0,-1.0,1.0,1.0,1.0	-4.1920557,0.7863655,2.9103994,-6.20648,-4.446769,-1.7129054,-0.35570067,2.3817873,-5.3232317,-9.161089,-1.1718769,-8.328705,3.2330675,8.045264,-9.6056185,-1.6901312,-8.263598,-1.1945528,-9.295817,-4.9289746,-11.289165,0.63344795,5.9895096,5.3649616
../data/train_data_mmini/3/Train_0010.jpg	3	-1.0,1.0,1.0,-1.0,-1.0,-1.0,-1.0,1.0,-1.0,-1.0,-1.0,-1.0,1.0,1.0,-1.0,-1.0,-1.0,-1.0,-1.0,-1.0,-1.0,1.0,1.0,1.0	-3.474471,0.8528871,2.8893793,-5.46472,-4.079779,-1.3323942,-0.16453235,1.8315904,-4.720456,-8.246787,-1.0375797,-7.124359,2.5400903,7.024042,-8.65779,-2.2290504,-7.4194717,-1.0607218,-8.564583,-4.4616446,-10.217031,0.6339476,5.417711,4.820606
../data/train_data_mmini/3/Train_0011.jpg	3	-1.0,1.0,1.0,-1.0,-1.0,-1.0,-1.0,1.0,-1.0,-1.0,-1.0,-1.0,1.0,1.0,-1.0,-1.0,-1.0,-1.0,-1.0,-1.0,-1.0,-1.0,1.0,1.0	-3.65059,0.18775405,2.6454437,-5.3555374,-4.4040017,-1.7056199,-0.5198176,2.5239756,-4.7450714,-8.764008,-0.93740493,-6.9514327,3.367468,7.9454737,-9.053959,-1.9305773,-7.3808618,-0.9603608,-8.739599,-4.4738646,-10.117541,-0.032996465,5.4442835,4.8652034
../data/train_data_mmini/3/Train_0012.jpg	3	-1.0,1.0,1.0,-1.0,-1.0,-1.0,-1.0,1.0,-1.0,-1.0,-1.0,-1.0,1.0,1.0,-1.0,-1.0,-1.0,-1.0,-1.0,-1.0,-1.0,1.0,1.0,1.0	-3.983158,0.20988539,2.777286,-6.213741,-4.375831,-2.019185,-0.29334447,2.3923945,-4.921322,-9.911063,-1.7428236,-8.186975,3.4721608,8.058304,-9.671892,-1.9025422,-8.525764,-0.8939276,-9.460227,-5.2312,-11.376631,0.10574448,6.1717806,4.838904
../data/train_data_mmini/3/Train_0013.jpg	3	-1.0,1.0,1.0,-1.0,-1.0,-1.0,-1.0,1.0,-1.0,-1.0,-1.0,-1.0,1.0,1.0,-1.0,-1.0,-1.0,-1.0,-1.0,-1.0,-1.0,1.0,1.0,1.0	-4.0895333,1.2000177,3.49231,-6.4240026,-4.591259,-1.6540097,-0.22810729,2.2350922,-5.29212,-9.673755,-1.293065,-8.559116,2.7648633,7.5743012,-10.186821,-2.3180983,-8.526498,-1.2916392,-9.139759,-4.7150044,-11.708777,0.7972773,6.6844788,5.39478
../data/train_data_mmini/3/Train_0014.jpg	3	-1.0,1.0,1.0,-1.0,-1.0,-1.0,-1.0,1.0,-1.0,-1.0,-1.0,-1.0,1.0,1.0,-1.0,-1.0,-1.0,-1.0,-1.0,-1.0,-1.0,1.0,1.0,1.0	-4.1813517,0.84096074,3.119072,-6.6349664,-4.5600057,-1.8434714,-0.3104635,2.553953,-5.2839193,-9.802811,-1.4868294,-8.268194,3.497886,8.449444,-9.878935,-1.9964228,-8.633372,-1.2577676,-9.791325,-5.0851593,-11.51965,0.44901726,6.3201647,5.3944964
../data/train_data_mmini/4/Train_0015.jpg	4	-1.0,1.0,1.0,-1.0,-1.0,-1.0,-1.0,1.0,-1.0,-1.0,-1.0,-1.0,1.0,1.0,-1.0,-1.0,-1.0,-1.0,-1.0,-1.0,-1.0,1.0,1.0,1.0	-3.6250868,0.51401913,2.6292505,-5.363666,-3.6054022,-1.7257429,-0.1953267,2.1260657,-4.7111635,-8.473571,-1.0386385,-7.377102,2.6775105,6.7136683,-9.023306,-1.7258993,-7.0945044,-0.8167517,-7.981418,-4.0520744,-9.642977,0.4014764,5.667488,4.522945
../data/train_data_mmini/4/Train_0016.jpg	4	-1.0,1.0,1.0,-1.0,-1.0,-1.0,-1.0,1.0,-1.0,-1.0,-1.0,-1.0,1.0,1.0,-1.0,-1.0,-1.0,-1.0,-1.0,-1.0,-1.0,1.0,1.0,1.0	-3.5456293,0.84959555,2.7100654,-5.0535946,-3.5729735,-1.1292877,-0.06082607,1.9209756,-4.403588,-7.8663173,-0.95851004,-7.406597,2.7219155,6.9624453,-8.515498,-1.4482707,-6.6427975,-1.0663863,-8.066329,-4.0686197,-9.703209,0.422727,5.203275,4.7837744
../data/train_data_mmini/4/Train_0017.jpg	4	-1.0,1.0,1.0,-1.0,-1.0,-1.0,-1.0,1.0,-1.0,-1.0,-1.0,-1.0,1.0,1.0,-1.0,-1.0,-1.0,-1.0,-1.0,-1.0,-1.0,1.0,1.0,1.0	-4.065158,0.657965,3.01335,-6.0635324,-4.3503013,-1.6904337,-0.2504634,2.2183018,-5.359705,-9.493675,-1.0851408,-8.330374,3.1330302,7.7995243,-9.868623,-1.9818108,-8.085074,-1.1984364,-9.068971,-4.79189,-11.228277,0.49025908,6.437285,5.070219
../data/train_data_mmini/4/Train_0018.jpg	4	-1.0,1.0,1.0,-1.0,-1.0,-1.0,-1.0,1.0,-1.0,-1.0,-1.0,-1.0,1.0,1.0,-1.0,-1.0,-1.0,-1.0,-1.0,-1.0,-1.0,1.0,1.0,1.0	-3.3811414,0.58662367,2.265934,-4.6748476,-3.4576669,-1.386496,-0.4537656,1.936911,-4.337497,-7.3827577,-0.7089895,-6.5345907,2.7295198,6.6973233,-7.949393,-1.5606506,-6.2972064,-1.1237975,-7.4432435,-3.7760298,-8.590559,0.46214524,5.006872,4.179732
../data/train_data_mmini/4/Train_0019.jpg	4	-1.0,1.0,1.0,-1.0,-1.0,-1.0,-1.0,1.0,-1.0,-1.0,-1.0,-1.0,1.0,1.0,-1.0,-1.0,-1.0,-1.0,-1.0,-1.0,-1.0,1.0,1.0,1.0	-3.9825785,1.296077,3.3869302,-6.6842065,-4.637589,-1.7198616,-0.24896331,2.1637814,-5.1476245,-9.797379,-1.6939533,-8.134318,2.8207636,7.422476,-9.705015,-2.1875598,-8.805229,-1.4889203,-9.33242,-5.0376,-12.116891,0.74335426,6.7178674,5.2046123
../data/train_data_mmini/5/Train_0020.jpg	5	-1.0,1.0,1.0,-1.0,-1.0,-1.0,-1.0,1.0,-1.0,-1.0,-1.0,-1.0,1.0,1.0,-1.0,-1.0,-1.0,-1.0,-1.0,-1.0,-1.0,1.0,1.0,1.0	-3.9879634,0.91199,2.9178798,-6.489724,-4.290607,-1.6652385,-0.11058051,2.297512,-5.1234193,-9.134091,-1.5685216,-8.12324,3.0206623,7.883695,-9.426409,-1.8347695,-8.345788,-1.2484103,-9.626507,-4.9261775,-11.523182,0.4536173,5.861402,5.049303
../data/train_data_mmini/5/Train_0021.jpg	5	-1.0,1.0,1.0,-1.0,-1.0,-1.0,-1.0,1.0,-1.0,-1.0,-1.0,-1.0,1.0,1.0,-1.0,-1.0,-1.0,-1.0,-1.0,-1.0,-1.0,1.0,1.0,1.0	-4.623928,1.0168028,3.4859855,-7.1763186,-4.9734306,-2.0727415,-0.29243055,2.6940918,-5.9344735,-10.654457,-1.3762277,-9.150354,3.2352757,8.832451,-11.203733,-2.357566,-9.291195,-1.3240087,-10.409707,-5.345828,-12.629882,0.71010756,7.038485,5.760622
../data/train_data_mmini/5/Train_0022.jpg	5	-1.0,1.0,1.0,-1.0,-1.0,-1.0,-1.0,1.0,-1.0,-1.0,-1.0,-1.0,1.0,1.0,-1.0,-1.0,-1.0,-1.0,-1.0,-1.0,-1.0,1.0,1.0,1.0	-3.5448835,0.8630271,2.6037676,-5.61498,-3.8177454,-1.5747433,-0.17750022,2.0313497,-4.294422,-7.8222375,-1.2871733,-6.9252763,2.5891101,6.6512074,-7.8756266,-1.5926963,-7.2771635,-1.0860487,-7.917843,-4.082403,-9.6247425,0.55697215,4.8781524,4.416436
../data/train_data_mmini/5/Train_0023.jpg	5	-1.0,1.0,1.0,-1.0,-1.0,-1.0,-1.0,1.0,-1.0,-1.0,-1.0,-1.0,1.0,1.0,-1.0,-1.0,-1.0,-1.0,-1.0,-1.0,-1.0,1.0,1.0,1.0	-3.3898826,0.8088952,2.4003994,-5.304612,-3.5427263,-1.397856,-0.22854336,1.8263086,-4.365908,-7.4984097,-1.2243707,-6.7949395,2.4052312,6.3232565,-7.802266,-1.483569,-6.871199,-0.9367547,-7.869334,-4.097622,-9.5183735,0.4728142,4.859017,4.2202897
../data/train_data_mmini/5/Train_0024.jpg	5	-1.0,1.0,1.0,-1.0,-1.0,-1.0,-1.0,1.0,-1.0,-1.0,-1.0,-1.0,1.0,1.0,-1.0,-1.0,-1.0,-1.0,-1.0,-1.0,-1.0,1.0,1.0,1.0	-3.5685906,0.9037804,2.7287612,-5.994298,-4.0032005,-1.7976395,-0.22848444,2.2081008,-4.6858206,-8.628256,-1.3830589,-7.4149947,2.685355,7.242376,-9.062455,-1.8693838,-7.638471,-0.8918237,-9.121256,-4.6549625,-10.594522,0.25077328,5.516628,4.6759424
../data/train_data_mmini/6/Train_0025.jpg	6	-1.0,1.0,1.0,-1.0,-1.0,-1.0,1.0,1.0,-1.0,-1.0,-1.0,-1.0,1.0,1.0,-1.0,-1.0,-1.0,-1.0,-1.0,-1.0,-1.0,1.0,1.0,1.0	-3.6378295,1.1165789,2.9084795,-6.3886185,-4.3406954,-1.5556196,0.11988794,2.1098537,-4.794526,-9.531533,-1.695073,-7.736601,2.5567334,7.200399,-9.394723,-2.0093565,-8.444226,-1.4664909,-9.825672,-5.4282303,-11.901321,0.59257793,6.3227158,5.0238566
../data/train_data_mmini/6/Train_0026.jpg	6	-1.0,1.0,1.0,-1.0,-1.0,-1.0,-1.0,1.0,-1.0,-1.0,-1.0,-1.0,1.0,1.0,-1.0,-1.0,-1.0,-1.0,-1.0,-1.0,-1.0,1.0,1.0,1.0	-3.7924676,0.6741101,2.5488427,-5.340209,-3.9271693,-1.2759713,-0.08150313,2.1182985,-5.070418,-8.299806,-0.9645976,-7.6074624,2.761101,7.4852543,-9.073889,-1.9470538,-7.2159157,-1.0882149,-8.916327,-4.3476954,-10.024052,0.38352606,5.488951,4.8564663
../data/train_data_mmini/6/Train_0027.jpg	6	-1.0,1.0,1.0,-1.0,-1.0,-1.0,-1.0,1.0,-1.0,-1.0,-1.0,-1.0,1.0,1.0,-1.0,-1.0,-1.0,-1.0,-1.0,-1.0,-1.0,1.0,1.0,1.0	-3.6272962,0.79767686,2.6221585,-5.5472736,-4.062779,-1.2513607,-0.10157395,2.1509755,-4.52107,-8.317283,-1.2740047,-7.2852154,2.979083,7.7368684,-8.736761,-1.783884,-7.651982,-1.0270952,-8.846756,-4.6549516,-10.32558,0.3260959,5.251359,4.9975796
../data/train_data_mmini/6/Train_0028.jpg	6	-1.0,1.0,1.0,-1.0,-1.0,-1.0,-1.0,1.0,-1.0,-1.0,-1.0,-1.0,1.0,1.0,-1.0,-1.0,-1.0,-1.0,-1.0,-1.0,-1.0,1.0,1.0,1.0	-3.5350735,0.7087708,2.5726743,-5.216792,-3.9762812,-1.5425212,-0.48901168,2.2549589,-4.421275,-7.969746,-0.91543734,-6.611467,3.037607,7.329339,-8.2476015,-1.6877668,-6.967459,-1.1591951,-8.389419,-4.1011324,-9.474484,0.21341741,4.92072,4.6187243
../data/train_data_mmini/6/Train_0029.jpg	6	-1.0,1.0,1.0,-1.0,-1.0,-1.0,-1.0,1.0,-1.0,-1.0,-1.0,-1.0,1.0,1.0,-1.0,-1.0,-1.0,-1.0,-1.0,-1.0,-1.0,1.0,1.0,1.0	-3.4525712,0.9733247,2.8549194,-5.817183,-4.1666555,-1.652629,-0.26551333,1.7735757,-4.863807,-8.326683,-1.1680374,-7.36041,2.3685567,6.338966,-8.84044,-1.7770705,-7.6095533,-1.227934,-8.362044,-4.671754,-10.846772,0.67039603,5.89174,4.7209115
../data/train_data_mmini/7/Train_0030.jpg	7	-1.0,1.0,1.0,-1.0,-1.0,-1.0,1.0,1.0,-1.0,-1.0,-1.0,-1.0,1.0,1.0,-1.0,-1.0,-1.0,-1.0,-1.0,-1.0,-1.0,1.0,1.0,1.0	-4.098966,1.0759839,2.9777737,-6.253599,-4.089157,-1.4864625,0.023595205,2.2162359,-4.879152,-8.849125,-1.423558,-8.320855,2.8685043,7.7068896,-9.399824,-1.538728,-8.021495,-1.2810293,-9.026202,-4.739569,-11.154336,0.65702325,5.82814,5.1446357
../data/train_data_mmini/7/Train_0031.jpg	7	-1.0,1.0,1.0,-1.0,-1.0,-1.0,-1.0,1.0,-1.0,-1.0,-1.0,-1.0,1.0,1.0,-1.0,-1.0,-1.0,-1.0,-1.0,-1.0,-1.0,1.0,1.0,1.0	-4.724386,1.2285488,3.5223308,-7.2662077,-4.9926004,-2.0008562,-0.2726234,2.5976331,-6.096971,-10.767579,-1.3316277,-9.740184,3.492284,9.081757,-11.482344,-2.3653798,-9.679281,-1.4411927,-10.9362545,-5.385597,-13.114591,0.813553,7.22926,6.2411556
../data/train_data_mmini/7/Train_0032.jpg	7	-1.0,1.0,1.0,-1.0,-1.0,-1.0,-1.0,1.0,-1.0,-1.0,-1.0,-1.0,1.0,1.0,-1.0,-1.0,-1.0,-1.0,-1.0,-1.0,-1.0,1.0,1.0,1.0	-4.8216147,0.8586327,3.450293,-7.3502507,-5.351629,-2.2203047,-0.5657211,3.283081,-6.014664,-11.276682,-1.4518448,-9.290554,4.045548,10.150936,-11.492685,-2.4529827,-9.761085,-1.4607546,-11.230485,-5.7064266,-13.033541,0.32077512,7.1679254,6.289697
../data/train_data_mmini/7/Train_0033.jpg	7	-1.0,1.0,1.0,-1.0,-1.0,-1.0,-1.0,1.0,-1.0,-1.0,-1.0,-1.0,1.0,1.0,-1.0,-1.0,-1.0,-1.0,-1.0,-1.0,-1.0,1.0,1.0,1.0	-3.5989742,0.99900234,2.6467032,-5.9346685,-3.9233263,-1.4241824,-0.15382098,2.0882416,-4.6591744,-8.130244,-1.3640305,-7.4365125,2.899776,7.4280763,-8.533086,-1.5573047,-7.5241146,-1.0556221,-8.872691,-4.6079707,-10.482645,0.3737786,5.189176,4.7683415
../data/train_data_mmini/7/Train_0034.jpg	7	-1.0,1.0,1.0,-1.0,-1.0,-1.0,-1.0,1.0,-1.0,-1.0,-1.0,-1.0,1.0,1.0,-1.0,-1.0,-1.0,-1.0,-1.0,-1.0,-1.0,1.0,1.0,1.0	-4.202138,0.7325019,3.1976995,-6.5924525,-5.298158,-1.9572586,-0.39115608,2.738581,-5.211619,-10.307682,-1.8007296,-7.383439,3.6067946,9.151242,-10.018392,-2.5918155,-9.1277275,-1.4439393,-10.891261,-5.584573,-12.185825,0.15174973,6.1928844,5.5827055
../data/train_data_mmini/8/Train_0035.jpg	8	-1.0,1.0,1.0,-1.0,-1.0,-1.0,-1.0,1.0,-1.0,-1.0,-1.0,-1.0,1.0,1.0,-1.0,-1.0,-1.0,-1.0,-1.0,-1.0,-1.0,1.0,1.0,1.0	-3.7194314,0.9992221,2.7059937,-6.0515256,-4.0610375,-1.7555993,-0.24998857,2.1675673,-4.589348,-8.552354,-1.1071271,-7.51701,2.823126,7.3054705,-8.794976,-1.6307522,-7.7299047,-1.0433338,-8.49125,-4.438288,-10.273426,0.5946797,5.52012,4.80494
../data/train_data_mmini/8/Train_0036.jpg	8	-1.0,1.0,1.0,-1.0,-1.0,-1.0,-1.0,1.0,-1.0,-1.0,-1.0,-1.0,1.0,1.0,-1.0,-1.0,-1.0,-1.0,-1.0,-1.0,-1.0,1.0,1.0,1.0	-4.062409,1.1673921,2.9682496,-6.3512335,-4.3500056,-1.6379122,-0.20016111,2.322486,-5.0510554,-9.347948,-1.2492508,-8.067647,3.2026467,7.881031,-9.4658575,-1.8168402,-8.534931,-1.4458985,-9.4522915,-4.8354497,-11.210034,0.6386406,5.988859,5.2779474
../data/train_data_mmini/8/Train_0037.jpg	8	-1.0,1.0,1.0,-1.0,-1.0,-1.0,-1.0,1.0,-1.0,-1.0,-1.0,-1.0,1.0,1.0,-1.0,-1.0,-1.0,-1.0,-1.0,-1.0,-1.0,1.0,1.0,1.0	-4.4712725,0.92990667,3.3500295,-6.583608,-4.869779,-1.738781,-0.16967921,2.5772104,-5.8679347,-10.26024,-1.2387544,-8.919808,3.3807228,9.041694,-11.06055,-2.4290724,-8.899029,-1.2141392,-10.575473,-5.242725,-12.352539,0.42795202,6.8154287,6.0028543
../data/train_data_mmini/8/Train_0038.jpg	8	-1.0,1.0,1.0,-1.0,-1.0,-1.0,-1.0,1.0,-1.0,-1.0,-1.0,-1.0,1.0,1.0,-1.0,-1.0,-1.0,-1.0,-1.0,-1.0,-1.0,1.0,1.0,1.0	-4.171397,1.0689226,3.2543678,-6.485191,-4.5346437,-1.8067197,-0.14337347,2.3399086,-5.312624,-9.609288,-1.4103601,-8.483389,3.097828,7.872435,-10.059036,-2.0428274,-8.661302,-1.2478496,-9.574858,-4.886013,-11.864648,0.6064666,6.3003035,5.7156177
../data/train_data_mmini/8/Train_0039.jpg	8	-1.0,1.0,1.0,-1.0,-1.0,-1.0,-1.0,1.0,-1.0,-1.0,-1.0,-1.0,1.0,1.0,-1.0,-1.0,-1.0,-1.0,-1.0,-1.0,-1.0,1.0,1.0,1.0	-3.8631942,0.9200803,2.7945495,-6.3598027,-4.3787403,-1.9925247,-0.38228714,2.310934,-4.9900856,-8.935976,-1.3085043,-7.8110566,3.0632977,7.5821166,-9.111591,-1.6990966,-8.135153,-1.1448509,-8.880787,-4.751786,-10.822981,0.56137604,5.8531227,5.0201244
../data/train_data_mmini/9/Train_0040.jpg	9	-1.0,1.0,1.0,-1.0,-1.0,-1.0,-1.0,1.0,-1.0,-1.0,-1.0,-1.0,1.0,1.0,-1.0,-1.0,-1.0,-1.0,-1.0,-1.0,-1.0,1.0,1.0,1.0	-4.2565312,0.8273718,3.2350209,-6.7573833,-4.5998216,-1.9865714,-0.29303733,2.5369618,-5.3247423,-9.84342,-1.4074804,-8.562646,3.2092986,8.265648,-10.370781,-2.012199,-8.562603,-1.1259309,-9.817685,-5.032213,-11.662806,0.49821803,6.3061633,5.376792
../data/train_data_mmini/9/Train_0041.jpg	9	-1.0,1.0,1.0,-1.0,-1.0,-1.0,-1.0,1.0,-1.0,-1.0,-1.0,-1.0,1.0,1.0,-1.0,-1.0,-1.0,-1.0,-1.0,-1.0,-1.0,1.0,1.0,1.0	-4.247037,1.0290565,3.1243417,-6.892998,-5.0543923,-1.7409481,-0.33650345,2.6908536,-5.543998,-10.008806,-1.5125661,-8.48103,3.5730393,9.185892,-10.157023,-2.1165655,-9.172249,-1.3198783,-10.547505,-5.3790603,-12.428882,0.45895073,6.3167415,5.8200674
../data/train_data_mmini/9/Train_0042.jpg	9	-1.0,1.0,1.0,-1.0,-1.0,-1.0,-1.0,1.0,-1.0,-1.0,-1.0,-1.0,1.0,1.0,-1.0,-1.0,-1.0,-1.0,-1.0,-1.0,-1.0,1.0,1.0,1.0	-4.046966,0.49369237,3.1547413,-6.4130964,-4.5412335,-2.0115821,-0.3376545,2.4721916,-5.3555765,-10.094758,-1.2169058,-8.495035,3.1211686,8.119407,-10.747836,-2.3904681,-8.534927,-0.93544203,-9.8505,-5.023941,-11.674055,0.36463836,6.6398416,5.22734
../data/train_data_mmini/9/Train_0043.jpg	9	-1.0,1.0,1.0,-1.0,-1.0,-1.0,-1.0,1.0,-1.0,-1.0,-1.0,-1.0,1.0,1.0,-1.0,-1.0,-1.0,-1.0,-1.0,-1.0,-1.0,1.0,1.0,1.0	-4.143464,1.1482214,3.1394482,-6.6112733,-4.322514,-1.7870904,-0.27885574,2.4494643,-5.2653885,-9.113188,-1.2880988,-8.227363,2.9521456,7.936057,-9.767884,-1.9326682,-8.324616,-1.250002,-9.308715,-4.7336287,-11.21414,0.68645966,6.091316,5.341628
../data/train_data_mmini/9/Train_0044.jpg	9	-1.0,1.0,1.0,-1.0,-1.0,-1.0,-1.0,1.0,-1.0,-1.0,-1.0,-1.0,1.0,1.0,-1.0,-1.0,-1.0,-1.0,-1.0,-1.0,-1.0,1.0,1.0,1.0	-3.9829025,0.8617395,3.2171633,-6.8430033,-4.506496,-2.060356,-0.19198911,2.3336456,-5.349714,-9.879757,-1.6112653,-8.778517,2.917398,7.8042693,-10.413592,-2.0355103,-8.893467,-1.1899562,-9.764509,-5.3111563,-12.313463,0.58313483,6.677674,5.293412
../data/train_data_mmini/10/Train_0045.jpg	10	-1.0,1.0,1.0,-1.0,-1.0,-1.0,-1.0,1.0,-1.0,-1.0,-1.0,-1.0,1.0,1.0,-1.0,-1.0,-1.0,-1.0,-1.0,-1.0,-1.0,1.0,1.0,1.0	-3.8241625,0.9108868,2.698783,-6.0391235,-4.2921953,-1.7059233,-0.18464465,2.2991614,-4.80222,-8.786011,-1.4107304,-7.0854454,2.989021,7.2738504,-8.519447,-1.8640256,-8.31684,-1.2833973,-8.737458,-4.569758,-10.428777,0.5047719,5.6984005,4.884502
../data/train_data_mmini/10/Train_0046.jpg	10	-1.0,1.0,1.0,-1.0,-1.0,-1.0,-1.0,1.0,-1.0,-1.0,-1.0,-1.0,1.0,1.0,-1.0,-1.0,-1.0,-1.0,-1.0,-1.0,-1.0,1.0,1.0,1.0	-3.0065036,0.37306163,2.5052545,-4.9081674,-3.6444623,-1.506069,-0.40594083,1.9062061,-4.320606,-7.47712,-0.88120896,-6.348932,2.500842,6.3025475,-7.9556317,-1.6009691,-6.368521,-0.81638515,-7.2405496,-3.862145,-8.998749,0.20195934,5.058291,4.234285
../data/train_data_mmini/10/Train_0047.jpg	10	-1.0,1.0,1.0,-1.0,-1.0,-1.0,-1.0,1.0,-1.0,-1.0,-1.0,-1.0,1.0,1.0,-1.0,-1.0,-1.0,-1.0,-1.0,-1.0,-1.0,1.0,1.0,1.0	-5.0669656,1.2563608,3.8440769,-7.7472606,-5.6587825,-2.2631402,-0.43918437,2.9902573,-6.3015757,-11.799763,-1.7392021,-9.419996,3.746638,9.60368,-11.856326,-2.8088958,-10.590774,-1.8895092,-11.6528635,-6.0014443,-14.046113,0.6768184,7.6818075,6.4315405
../data/train_data_mmini/10/Train_0048.jpg	10	-1.0,1.0,1.0,-1.0,-1.0,-1.0,-1.0,1.0,-1.0,-1.0,-1.0,-1.0,1.0,1.0,-1.0,-1.0,-1.0,-1.0,-1.0,-1.0,-1.0,1.0,1.0,1.0	-3.9740314,0.7908125,2.8579397,-6.8122406,-4.627669,-2.2878156,-0.40572438,2.5512426,-4.959318,-10.112458,-1.8534988,-8.05397,3.35404,7.923287,-9.500784,-1.826115,-9.121256,-1.5233715,-9.718953,-5.577239,-12.358708,0.54908067,6.36282,5.3041186
../data/train_data_mmini/10/Train_0049.jpg	10	-1.0,1.0,1.0,-1.0,-1.0,-1.0,-1.0,1.0,-1.0,-1.0,-1.0,-1.0,1.0,1.0,-1.0,-1.0,-1.0,-1.0,-1.0,-1.0,-1.0,1.0,1.0,1.0	-3.8799205,0.9245525,2.9001245,-6.380703,-4.5315022,-1.9155308,-0.3028853,2.3106263,-4.996829,-9.39115,-1.3242859,-7.853564,2.9894187,7.8746066,-9.72283,-2.060187,-8.48585,-1.1341647,-9.432979,-5.011919,-11.355246,0.541728,6.0868316,5.2971463
