../data/train_data_mmini/1/Train_0000.jpg	1	-1.0,1.0,1.0,-1.0,-1.0,-1.0,-1.0,-1.0	-0.07044355,0.081184,0.104785725,-0.07887689,-0.061968792,-0.13724707,-0.10147613,-0.046420626
../data/train_data_mmini/1/Train_0001.jpg	1	-1.0,1.0,1.0,-1.0,-1.0,-1.0,-1.0,-1.0	-0.10413246,0.16656098,0.12714121,-0.11703417,-2.4068577e-06,-0.11169328,-0.01738234,-0.064710155
../data/train_data_mmini/1/Train_0002.jpg	1	-1.0,1.0,1.0,-1.0,-1.0,-1.0,1.0,-1.0	-0.06260891,0.06720699,0.144563,-0.04817685,-0.039083112,-0.1022706,0.034427833,-0.00094457343
../data/train_data_mmini/1/Train_0003.jpg	1	-1.0,1.0,1.0,-1.0,-1.0,-1.0,-1.0,-1.0	-0.046184555,0.10254463,0.11422568,-0.0400318,-0.045040328,-0.12535451,-0.12785646,-0.06841554
../data/train_data_mmini/1/Train_0004.jpg	1	-1.0,1.0,1.0,-1.0,-1.0,-1.0,-1.0,-1.0	-0.054142118,0.08176729,0.038754035,-0.085746355,-0.054724984,-0.17156516,-0.03465792,-0.114057586
../data/train_data_mmini/2/Train_0005.jpg	2	-1.0,1.0,1.0,-1.0,-1.0,-1.0,-1.0,-1.0	-0.091308065,0.07052663,0.08949871,-0.051208466,-0.073938936,-0.17570558,-0.0744387,-0.11490415
../data/train_data_mmini/2/Train_0006.jpg	2	-1.0,1.0,1.0,-1.0,-1.0,-1.0,-1.0,-1.0	-0.034633633,0.05695564,0.051732205,-0.034000825,-0.0040565296,-0.13772818,-0.106664,-0.0043454906
../data/train_data_mmini/2/Train_0007.jpg	2	-1.0,1.0,1.0,-1.0,-1.0,-1.0,-1.0,-1.0	-0.059754774,0.093922764,0.09074005,-0.092374995,-0.05150655,-0.14702258,-0.094835624,-0.091932386
../data/train_data_mmini/2/Train_0008.jpg	2	-1.0,1.0,1.0,-1.0,-1.0,-1.0,-1.0,1.0	-0.043882143,0.033307664,0.059028633,-0.118983746,-0.025012245,-0.13091095,-0.035179175,0.026594307
../data/train_data_mmini/2/Train_0009.jpg	2	-1.0,1.0,1.0,-1.0,-1.0,-1.0,-1.0,-1.0	-0.07065025,0.07724271,0.11847156,-0.0540755,-0.027525386,-0.21305563,-0.16530718,-0.07742069
../data/train_data_mmini/3/Train_0010.jpg	3	-1.0,1.0,1.0,-1.0,-1.0,-1.0,-1.0,1.0	-0.032656074,0.13020167,0.03741093,-0.11599282,-0.0237248,-0.0916903,-0.07194135,0.0075332318
../data/train_data_mmini/3/Train_0011.jpg	3	-1.0,1.0,1.0,-1.0,-1.0,-1.0,1.0,1.0	-0.17053011,0.11988062,0.1435605,-0.05958104,-0.047453802,-0.080937065,0.15385057,0.021289613
../data/train_data_mmini/3/Train_0012.jpg	3	-1.0,1.0,1.0,1.0,1.0,-1.0,1.0,1.0	-0.1577613,0.11975895,0.12230128,0.013441034,0.0071586105,-0.09068489,0.07618401,0.015367256
../data/train_data_mmini/3/Train_0013.jpg	3	-1.0,1.0,1.0,-1.0,-1.0,-1.0,-1.0,-1.0	-0.050258752,0.041700903,0.009538359,-0.07513982,-0.02191368,-0.053720985,-0.09591314,-0.008838219
../data/train_data_mmini/3/Train_0014.jpg	3	-1.0,1.0,1.0,-1.0,-1.0,-1.0,-1.0,-1.0	-0.1317377,0.09905023,0.092732064,-0.0934511,-0.033332743,-0.13095185,-0.04691577,-0.07619575
../data/train_data_mmini/4/Train_0015.jpg	4	-1.0,1.0,1.0,-1.0,-1.0,-1.0,1.0,-1.0	-0.0716412,0.09833264,0.12968092,-0.07399342,-0.04873944,-0.10317449,0.021262128,-0.014652759
../data/train_data_mmini/4/Train_0016.jpg	4	-1.0,1.0,1.0,-1.0,1.0,-1.0,-1.0,-1.0	-0.13277934,0.05464923,0.15748797,-0.03606963,0.022659972,-0.102035746,-0.016808564,-0.041396946
../data/train_data_mmini/4/Train_0017.jpg	4	-1.0,1.0,1.0,-1.0,1.0,-1.0,-1.0,1.0	-0.14598504,0.1517995,0.16289298,-0.079235,0.0146913985,-0.11187669,-0.04160631,0.0024523716
../data/train_data_mmini/4/Train_0018.jpg	4	-1.0,1.0,1.0,-1.0,1.0,-1.0,-1.0,-1.0	-0.086081736,0.049599975,0.11296789,-0.07451333,0.0037947206,-0.09774912,-0.05216691,-0.019134704
../data/train_data_mmini/4/Train_0019.jpg	4	-1.0,1.0,1.0,-1.0,-1.0,-1.0,-1.0,-1.0	-0.040577475,0.035774924,0.029032508,-0.0038241802,-0.043492567,-0.12247526,-0.031227622,-0.006991877
../data/train_data_mmini/5/Train_0020.jpg	5	-1.0,1.0,1.0,-1.0,-1.0,-1.0,-1.0,-1.0	-0.09188716,0.10092578,0.09070081,-0.055954684,-0.022790559,-0.12165718,-0.09550119,-0.09590022
../data/train_data_mmini/5/Train_0021.jpg	5	-1.0,1.0,1.0,-1.0,-1.0,-1.0,-1.0,1.0	-0.12543952,0.07069732,0.062094305,-0.080502614,-0.09036857,-0.09960325,-0.05993019,0.036004763
../data/train_data_mmini/5/Train_0022.jpg	5	-1.0,1.0,1.0,-1.0,-1.0,-1.0,-1.0,-1.0	-0.057681467,0.11494334,0.06112591,-0.066747524,-0.0369542,-0.13331051,-0.092457056,-0.028564338
../data/train_data_mmini/5/Train_0023.jpg	5	-1.0,1.0,1.0,-1.0,-1.0,-1.0,-1.0,-1.0	-0.07017024,0.05941712,0.034458768,-0.07312649,-0.03493461,-0.142858,-0.14267224,-0.09496798
../data/train_data_mmini/5/Train_0024.jpg	5	-1.0,1.0,1.0,-1.0,-1.0,-1.0,-1.0,-1.0	-0.0914809,0.10549276,0.046978854,-0.037734963,-0.069316044,-0.15260443,-0.05262466,-0.045762945
../data/train_data_mmini/6/Train_0025.jpg	6	-1.0,1.0,1.0,-1.0,1.0,-1.0,1.0,1.0	-0.12385792,0.21176392,0.11608521,-0.05008637,0.058014926,-0.08351176,0.012722394,0.03923369
../data/train_data_mmini/6/Train_0026.jpg	6	-1.0,1.0,1.0,-1.0,-1.0,-1.0,-1.0,-1.0	-0.11268954,0.1653769,0.14231187,-0.10229605,-0.008041239,-0.16856903,-0.06848409,-0.07580029
../data/train_data_mmini/6/Train_0027.jpg	6	-1.0,1.0,1.0,-1.0,1.0,-1.0,1.0,-1.0	-0.09859192,0.12516388,0.1465474,-0.084168874,0.04867311,-0.11980304,0.06275135,-0.09181917
../data/train_data_mmini/6/Train_0028.jpg	6	-1.0,1.0,1.0,-1.0,1.0,-1.0,1.0,-1.0	-0.098004185,0.0765713,0.14249645,-0.11951388,5.5529323e-05,-0.12438954,0.020541808,-0.0955767
../data/train_data_mmini/6/Train_0029.jpg	6	-1.0,1.0,1.0,-1.0,-1.0,-1.0,-1.0,-1.0	-0.04113889,0.11439736,0.08259621,-0.039880056,-0.038120743,-0.16815697,-0.15341106,-0.042709038
../data/train_data_mmini/7/Train_0030.jpg	7	-1.0,1.0,1.0,1.0,-1.0,-1.0,-1.0,-1.0	-0.11259676,0.099896096,0.12820543,0.02008485,-0.043769494,-0.18730275,-0.07720589,-0.008267518
../data/train_data_mmini/7/Train_0031.jpg	7	-1.0,1.0,1.0,-1.0,-1.0,-1.0,-1.0,-1.0	-0.12032984,0.11479418,0.15510216,-0.034728248,-0.03742205,-0.15958606,-0.16253069,-0.0037387973
../data/train_data_mmini/7/Train_0032.jpg	7	-1.0,1.0,1.0,-1.0,-1.0,-1.0,1.0,-1.0	-0.23470524,0.11857798,0.10262098,-0.12507272,-0.01740067,-0.15113032,0.086018525,-0.075775884
../data/train_data_mmini/7/Train_0033.jpg	7	-1.0,1.0,1.0,-1.0,1.0,-1.0,-1.0,-1.0	-0.07715347,0.08274198,0.1436321,-0.08926353,0.013677353,-0.20242435,-0.12542115,-0.08967461
../data/train_data_mmini/7/Train_0034.jpg	7	-1.0,1.0,1.0,-1.0,-1.0,-1.0,1.0,-1.0	-0.23758405,0.1901443,0.08987914,-0.1548408,-0.006243606,-0.12250284,0.12647726,-0.07314617
../data/train_data_mmini/8/Train_0035.jpg	8	-1.0,1.0,1.0,-1.0,-1.0,-1.0,-1.0,-1.0	-0.053846348,0.10688203,0.059418682,-0.06605834,-0.066374116,-0.17280549,-0.11343091,-0.044535488
../data/train_data_mmini/8/Train_0036.jpg	8	-1.0,1.0,1.0,-1.0,-1.0,-1.0,-1.0,-1.0	-0.11441549,0.14112201,0.16123965,-0.0697063,-0.039723974,-0.20695761,-0.1169643,-0.09840905
../data/train_data_mmini/8/Train_0037.jpg	8	-1.0,1.0,1.0,-1.0,-1.0,-1.0,1.0,-1.0	-0.19446196,0.09662999,0.20853806,-0.13707744,-0.06149737,-0.12847602,0.01917552,-0.05769572
../data/train_data_mmini/8/Train_0038.jpg	8	-1.0,1.0,1.0,-1.0,-1.0,-1.0,-1.0,-1.0	-0.059282865,0.11367456,0.1258176,-0.097996175,-0.05325181,-0.16013382,-0.04396258,-0.019644272
../data/train_data_mmini/8/Train_0039.jpg	8	-1.0,1.0,1.0,-1.0,-1.0,-1.0,-1.0,-1.0	-0.0545121,0.15283644,0.071867086,-0.019065293,-0.017239723,-0.18295361,-0.14875309,-0.06931299
../data/train_data_mmini/9/Train_0040.jpg	9	-1.0,1.0,1.0,-1.0,-1.0,-1.0,-1.0,-1.0	-0.059052885,0.069713235,0.10041319,-0.04850857,-0.09628791,-0.11707376,-0.028360436,-0.033015434
../data/train_data_mmini/9/Train_0041.jpg	9	-1.0,1.0,1.0,-1.0,1.0,-1.0,-1.0,-1.0	-0.15312928,0.1251023,0.1131336,-0.12260004,0.030068504,-0.13351986,-0.024974613,-0.053180937
../data/train_data_mmini/9/Train_0042.jpg	9	-1.0,1.0,1.0,-1.0,-1.0,-1.0,1.0,1.0	-0.11242931,0.078211784,0.12610751,-0.044247024,-0.04305503,-0.043603968,0.032293033,0.030211825
../data/train_data_mmini/9/Train_0043.jpg	9	-1.0,1.0,1.0,-1.0,-1.0,-1.0,-1.0,-1.0	-0.045147058,0.087576866,0.07717486,-0.05538744,-0.03587693,-0.17957126,-0.09072022,-0.040055033
../data/train_data_mmini/9/Train_0044.jpg	9	-1.0,1.0,1.0,-1.0,-1.0,-1.0,-1.0,-1.0	-0.042514995,0.122192696,0.1228686,-0.017192611,-0.013509185,-0.14761178,-0.090344034,-0.05798838
../data/train_data_mmini/10/Train_0045.jpg	10	-1.0,1.0,1.0,1.0,-1.0,-1.0,-1.0,-1.0	-0.11258763,0.18584865,0.03547796,0.019114194,-0.0014179623,-0.15338595,-0.109977864,-0.1124429
../data/train_data_mmini/10/Train_0046.jpg	10	-1.0,1.0,1.0,1.0,-1.0,-1.0,-1.0,1.0	-0.09669577,0.07078718,0.09690433,0.0043969606,-0.009066931,-0.12649046,-0.06503047,0.0057807616
../data/train_data_mmini/10/Train_0047.jpg	10	-1.0,1.0,1.0,-1.0,-1.0,-1.0,-1.0,-1.0	-0.17188147,0.14330868,0.1139773,-0.08878855,-0.10068917,-0.1633623,-0.05955446,-0.06753517
../data/train_data_mmini/10/Train_0048.jpg	10	-1.0,1.0,1.0,1.0,-1.0,-1.0,-1.0,-1.0	-0.047350038,0.14027709,0.025967702,0.002716771,-0.00084246823,-0.18527903,-0.12753206,-0.059715092
../data/train_data_mmini/10/Train_0049.jpg	10	-1.0,1.0,1.0,-1.0,-1.0,-1.0,-1.0,-1.0	-0.080923274,0.12721749,0.07895043,-0.07096861,-0.07475961,-0.17990103,-0.046991464,-0.011005563
