../data/train_data_mmini/1/Train_0000.jpg	1	1.0,1.0,1.0,1.0,1.0,-1.0,-1.0,-1.0	0.8889482,1.5258733,0.27597153,1.4245276,2.9758596,-3.237256,-0.027829196,-0.97884727
../data/train_data_mmini/1/Train_0001.jpg	1	1.0,1.0,1.0,-1.0,1.0,-1.0,-1.0,-1.0	0.20247193,0.5796756,1.7612159,-0.039519988,0.5794991,-3.7017324,-0.3953405,-0.8576614
../data/train_data_mmini/1/Train_0002.jpg	1	-1.0,1.0,1.0,-1.0,1.0,-1.0,-1.0,1.0	-1.2739578,0.49936298,1.7558362,-0.88931614,0.21425334,-1.234456,-1.2426255,1.7937634
../data/train_data_mmini/1/Train_0003.jpg	1	1.0,1.0,-1.0,1.0,1.0,-1.0,-1.0,-1.0	1.2391822,0.38327965,-0.6440189,1.0658953,1.6657741,-4.0945625,-0.52853084,-2.2651947
../data/train_data_mmini/1/Train_0004.jpg	1	1.0,1.0,1.0,1.0,1.0,-1.0,1.0,-1.0	2.38868,0.03179021,0.46111077,0.92467827,2.1115115,-2.526382,0.5628034,-0.39383125
../data/train_data_mmini/2/Train_0005.jpg	2	-1.0,1.0,-1.0,-1.0,1.0,-1.0,1.0,-1.0	-0.21409765,1.7131982,-0.14794962,-1.8926224,0.49918604,-0.38521776,0.08241384,-1.5399204
../data/train_data_mmini/2/Train_0006.jpg	2	1.0,1.0,1.0,1.0,1.0,1.0,-1.0,-1.0	0.7978263,0.40460157,1.5826892,0.6658362,3.6599326,3.1127186,-1.5925511,-2.5111976
../data/train_data_mmini/2/Train_0007.jpg	2	1.0,1.0,1.0,1.0,1.0,-1.0,1.0,-1.0	1.648512,1.8408804,0.80339557,1.3952142,5.4115534,-2.1863542,0.0012865104,-2.3303757
../data/train_data_mmini/2/Train_0008.jpg	2	-1.0,1.0,1.0,-1.0,1.0,-1.0,1.0,1.0	-0.3070315,0.31398803,1.0273908,-3.3412824,0.96632063,-0.5089834,2.3641095,1.2037024
../data/train_data_mmini/2/Train_0009.jpg	2	1.0,1.0,-1.0,1.0,1.0,1.0,1.0,-1.0	0.97285247,3.3723598,-2.0143738,1.3648462,1.8424215,1.1880339,0.22976528,-1.5178239
../data/train_data_mmini/3/Train_0010.jpg	3	1.0,1.0,1.0,-1.0,1.0,1.0,-1.0,-1.0	1.9464159,1.5562497,2.4868894,-1.0919316,1.6276895,0.7944831,-0.8002156,-1.0481274
../data/train_data_mmini/3/Train_0011.jpg	3	1.0,1.0,1.0,-1.0,-1.0,-1.0,-1.0,1.0	1.6118921,1.6985431,2.6056552,-0.5423593,-0.09670958,-0.7433304,-0.34402013,2.428445
../data/train_data_mmini/3/Train_0012.jpg	3	-1.0,1.0,1.0,1.0,-1.0,-1.0,-1.0,-1.0	-0.8359748,2.1741931,2.0615435,0.36625826,-1.1999557,-2.3321235,-0.24065782,-1.1128756
../data/train_data_mmini/3/Train_0013.jpg	3	-1.0,1.0,1.0,-1.0,-1.0,1.0,1.0,-1.0	-2.4790688,0.97096896,1.8213133,-2.6678758,-0.6934657,0.25927025,0.9448245,-1.7835357
../data/train_data_mmini/3/Train_0014.jpg	3	1.0,1.0,1.0,-1.0,1.0,1.0,-1.0,-1.0	0.6925241,0.31513202,1.5091207,-1.6155413,1.0224484,1.085781,-1.2333273,-0.27473438
../data/train_data_mmini/4/Train_0015.jpg	4	-1.0,1.0,1.0,-1.0,1.0,-1.0,1.0,1.0	-1.1968333,1.4980559,1.1104401,-0.07277519,0.29955474,-2.6323023,1.907788,1.2755
../data/train_data_mmini/4/Train_0016.jpg	4	-1.0,-1.0,1.0,-1.0,-1.0,-1.0,-1.0,-1.0	-0.043008655,-0.20624584,0.6588606,-2.9437542,-1.6030813,-1.5464355,-1.0480157,-1.6454024
../data/train_data_mmini/4/Train_0017.jpg	4	-1.0,1.0,-1.0,-1.0,-1.0,1.0,-1.0,-1.0	-0.19351739,0.9412993,-0.08454703,-4.401411,-3.0507889,0.44720557,-0.93317974,-1.0705703
../data/train_data_mmini/4/Train_0018.jpg	4	1.0,1.0,1.0,-1.0,1.0,-1.0,-1.0,-1.0	1.6147915,1.4537998,2.550455,-1.3382236,2.0576594,-0.7742869,-0.31751877,-1.4748245
../data/train_data_mmini/4/Train_0019.jpg	4	-1.0,-1.0,1.0,-1.0,1.0,1.0,-1.0,-1.0	-1.9676384,-0.8996684,1.7918255,-1.1087656,0.2317614,1.5182807,-1.0218395,-2.1519735
../data/train_data_mmini/5/Train_0020.jpg	5	1.0,1.0,-1.0,1.0,1.0,-1.0,-1.0,-1.0	0.54897165,0.2622904,-2.057213,1.7387644,1.7858058,-3.6620681,-2.2290578,-0.62449694
../data/train_data_mmini/5/Train_0021.jpg	5	1.0,1.0,-1.0,1.0,1.0,1.0,-1.0,1.0	0.4461758,1.2837284,-0.093929306,4.008198,2.4995146,1.3250489,-0.7445476,2.4971077
../data/train_data_mmini/5/Train_0022.jpg	5	1.0,1.0,1.0,1.0,1.0,-1.0,1.0,-1.0	0.9123956,1.673678,0.5079121,0.4467617,5.156375,-0.71337754,0.8674453,-2.966732
../data/train_data_mmini/5/Train_0023.jpg	5	1.0,1.0,-1.0,1.0,1.0,-1.0,-1.0,-1.0	1.993165,0.87653345,-0.059763983,2.4163349,4.5976114,-2.144045,-0.6005775,-2.948692
../data/train_data_mmini/5/Train_0024.jpg	5	1.0,1.0,-1.0,1.0,1.0,-1.0,-1.0,1.0	0.9015126,3.4215002,-0.25064057,2.5355277,2.010953,-2.5374846,-0.028821584,0.39668894
../data/train_data_mmini/6/Train_0025.jpg	6	1.0,1.0,1.0,-1.0,1.0,1.0,-1.0,-1.0	1.5414832,4.2372093,1.2968565,-0.27945513,0.26837724,1.8258431,-2.459729,-2.070336
../data/train_data_mmini/6/Train_0026.jpg	6	1.0,1.0,-1.0,1.0,1.0,-1.0,-1.0,-1.0	3.5346398,2.4890642,-1.8471657,0.28816116,0.25754577,-2.0945349,-0.91516834,-0.17729676
../data/train_data_mmini/6/Train_0027.jpg	6	1.0,1.0,1.0,-1.0,-1.0,1.0,-1.0,-1.0	1.8712281,1.8925202,1.6662692,-1.2827799,-0.36169437,0.24932212,-1.09763,-0.45032567
../data/train_data_mmini/6/Train_0028.jpg	6	1.0,1.0,1.0,-1.0,-1.0,-1.0,-1.0,1.0	0.25801545,0.9453773,0.18865435,-2.9259136,-0.099332325,-0.98439646,-0.9285006,1.6265572
../data/train_data_mmini/6/Train_0029.jpg	6	-1.0,1.0,-1.0,-1.0,1.0,1.0,-1.0,-1.0	-1.0192554,4.8063717,-0.15218388,-0.5647442,0.33359468,2.47437,-0.8589009,-2.1774764
../data/train_data_mmini/7/Train_0030.jpg	7	1.0,1.0,-1.0,-1.0,1.0,-1.0,1.0,-1.0	0.069480844,2.855738,-1.2402703,-0.6132386,1.4064287,-0.88664055,0.7156087,-2.0294344
../data/train_data_mmini/7/Train_0031.jpg	7	-1.0,1.0,-1.0,-1.0,1.0,1.0,1.0,-1.0	-0.37292787,1.7080257,-1.2328848,-2.4075947,0.05673415,0.76112455,0.6604961,-2.745501
../data/train_data_mmini/7/Train_0032.jpg	7	1.0,1.0,1.0,-1.0,-1.0,1.0,1.0,1.0	0.8905772,0.05037544,2.8065174,-0.8463653,-2.2793677,0.88625956,0.044148006,0.46234357
../data/train_data_mmini/7/Train_0033.jpg	7	1.0,1.0,1.0,1.0,1.0,1.0,-1.0,-1.0	1.9712952,2.7398908,0.62032247,0.15254565,2.3070104,0.34190556,-1.222138,-2.7252953
../data/train_data_mmini/7/Train_0034.jpg	7	1.0,1.0,1.0,-1.0,-1.0,1.0,-1.0,1.0	2.6505883,1.2246122,3.924346,-1.1826183,-0.8205359,1.4302951,-1.4912384,2.1052134
../data/train_data_mmini/8/Train_0035.jpg	8	-1.0,1.0,1.0,-1.0,1.0,1.0,1.0,-1.0	-0.7802874,4.745227,0.023178726,-0.8561887,1.8659334,0.9355768,0.91232085,-0.6249329
../data/train_data_mmini/8/Train_0036.jpg	8	-1.0,1.0,-1.0,-1.0,1.0,1.0,-1.0,-1.0	-0.7625718,3.9364321,-2.5360892,-3.9446754,1.0915047,0.9791986,-1.2137518,-1.9122534
../data/train_data_mmini/8/Train_0037.jpg	8	1.0,1.0,-1.0,-1.0,-1.0,-1.0,-1.0,1.0	1.4348267,2.9841425,-0.32273984,-0.9367692,-1.2347718,-0.28651217,-0.6322553,2.4086485
../data/train_data_mmini/8/Train_0038.jpg	8	-1.0,1.0,-1.0,-1.0,-1.0,-1.0,1.0,1.0	-0.99822783,1.6809264,-1.6630466,-2.4491334,-0.1384806,-0.6291777,1.7446437,0.20877315
../data/train_data_mmini/8/Train_0039.jpg	8	-1.0,1.0,-1.0,-1.0,-1.0,1.0,1.0,-1.0	-2.5470996,6.573402,-0.42668343,-1.0738212,-0.20098245,0.6250761,0.10589026,-0.28469235
../data/train_data_mmini/9/Train_0040.jpg	9	-1.0,1.0,1.0,-1.0,1.0,-1.0,1.0,1.0	-1.7160344,2.563993,0.4607417,-0.14536996,1.1665641,-1.717419,1.0101796,1.5843012
../data/train_data_mmini/9/Train_0041.jpg	9	1.0,1.0,1.0,-1.0,1.0,-1.0,-1.0,-1.0	0.68479025,1.5252942,2.1532738,-0.9076557,1.0474565,-0.8658608,-2.1298633,-1.2917974
../data/train_data_mmini/9/Train_0042.jpg	9	1.0,1.0,1.0,1.0,1.0,-1.0,1.0,1.0	0.51042664,1.009685,1.7369202,0.5032961,0.05810828,-1.6745256,0.8759701,2.8225842
../data/train_data_mmini/9/Train_0043.jpg	9	-1.0,1.0,-1.0,1.0,1.0,1.0,-1.0,-1.0	-1.1612601,2.1438274,-0.9765996,0.27976483,4.3729424,1.919687,-0.22503869,-0.7661736
../data/train_data_mmini/9/Train_0044.jpg	9	-1.0,1.0,1.0,1.0,-1.0,-1.0,1.0,-1.0	-2.3946497,3.3536594,0.13828683,0.69800436,-1.1837174,-1.1499246,1.0016408,-0.9662966
../data/train_data_mmini/10/Train_0045.jpg	10	-1.0,1.0,1.0,-1.0,-1.0,1.0,-1.0,-1.0	-0.023665085,5.588042,0.74624956,-2.7516644,-0.9112888,2.0820901,-0.5019264,-0.6276145
../data/train_data_mmini/10/Train_0046.jpg	10	-1.0,1.0,1.0,1.0,-1.0,1.0,-1.0,1.0	-0.28381863,2.8324375,1.8620965,0.016719075,-3.2017102,1.1386832,-0.7115402,1.6079047
../data/train_data_mmini/10/Train_0047.jpg	10	-1.0,1.0,-1.0,-1.0,-1.0,1.0,-1.0,1.0	-0.29123282,3.782833,-1.1594259,-3.0055919,-1.2191066,3.0009463,-0.46980786,0.14754431
../data/train_data_mmini/10/Train_0048.jpg	10	-1.0,1.0,1.0,-1.0,-1.0,1.0,1.0,-1.0	-3.256944,5.412058,1.5843886,-1.6512343,-3.016537,0.57454014,1.0923077,-1.5018506
../data/train_data_mmini/10/Train_0049.jpg	10	-1.0,1.0,-1.0,-1.0,-1.0,1.0,-1.0,1.0	-0.97174597,6.2773304,-1.2293373,-0.3889104,-0.1862168,1.4549286,-0.9325285,1.6290189
