../data/train_data_mmini/1/Train_0000.jpg	1	1.0,-1.0,-1.0,1.0,-1.0,1.0,-1.0,-1.0,1.0,1.0,1.0,1.0,1.0,1.0,1.0,-1.0,-1.0,1.0,-1.0,-1.0,-1.0,-1.0,1.0,-1.0	0.3790168,-0.91665286,-1.684925,1.1386878,-4.4958677,0.2829846,-2.6801713,-1.1858494,19.415491,1.1326381,1.0559818,0.07155677,3.842511,1.7830439,2.3046665,-1.2445449,-0.14695309,1.8713923,-1.2776742,-1.764578,-1.3986107,-0.54338115,0.6026269,-0.97929746
../data/train_data_mmini/1/Train_0001.jpg	1	1.0,-1.0,-1.0,-1.0,-1.0,-1.0,-1.0,1.0,1.0,1.0,-1.0,-1.0,1.0,1.0,1.0,-1.0,-1.0,1.0,-1.0,-1.0,-1.0,1.0,1.0,-1.0	0.29048872,-2.0103943,-1.0987492,-1.5193636,-5.674393,-1.1776079,-3.4141462,1.8888861,15.430114,3.427543,-2.1961496,-0.7499622,5.892262,2.4498389,1.5180418,-0.5872614,-2.477368,2.600764,-2.4517107,-2.9452279,-1.0345787,1.1644369,1.0240617,-3.2184558
../data/train_data_mmini/1/Train_0002.jpg	1	1.0,-1.0,-1.0,1.0,-1.0,1.0,-1.0,-1.0,1.0,1.0,1.0,-1.0,1.0,1.0,1.0,-1.0,-1.0,-1.0,1.0,-1.0,1.0,-1.0,1.0,-1.0	1.8102462,-1.046529,-7.565446,1.112937,-2.7424097,1.9255282,-1.6156298,-0.7911701,10.826116,0.85970604,1.5703235,-2.4439638,5.588861,0.06937998,3.302098,-3.3958871,-2.6202643,-2.43485,0.84406495,-2.6638386,2.3821719,-5.371914,0.37120697,-1.8379455
../data/train_data_mmini/1/Train_0003.jpg	1	-1.0,1.0,1.0,-1.0,-1.0,-1.0,-1.0,-1.0,1.0,1.0,1.0,-1.0,1.0,1.0,1.0,-1.0,-1.0,1.0,-1.0,-1.0,-1.0,1.0,1.0,-1.0	-0.5007989,0.57060367,2.5532959,-1.0192289,-2.7171805,-2.5654793,-2.510454,-0.0017368745,21.464281,1.0246314,2.5033278,-0.5030961,0.7981031,1.6264839,2.1297078,-0.9811594,-1.4562709,3.4105284,-3.5089712,-0.3741187,-2.5150774,0.9380538,0.95437133,-0.79188854
../data/train_data_mmini/1/Train_0004.jpg	1	-1.0,-1.0,-1.0,1.0,-1.0,1.0,-1.0,-1.0,1.0,1.0,-1.0,1.0,1.0,1.0,1.0,-1.0,1.0,1.0,-1.0,-1.0,-1.0,1.0,1.0,-1.0	-0.20051001,-1.1781924,-1.0525894,1.2685369,-4.8410225,0.43391055,-2.5083156,-1.0651827,18.5234,1.532875,-0.48316255,1.0649798,3.48379,2.0734136,1.4080276,-0.026528284,0.88966256,2.3430805,-1.2490121,-1.7842424,-2.0887096,1.1367241,0.3975374,-0.690787
../data/train_data_mmini/2/Train_0005.jpg	2	-1.0,1.0,1.0,-1.0,1.0,-1.0,1.0,1.0,1.0,-1.0,1.0,-1.0,-1.0,1.0,1.0,-1.0,-1.0,1.0,-1.0,1.0,-1.0,-1.0,-1.0,-1.0	-0.32558146,0.74241745,1.1184702,-1.3951278,0.32904333,-1.4817095,0.12980993,0.5752068,14.09564,-0.030692402,1.0588776,-0.63165337,-0.5131152,0.062471416,0.46542,-0.46077433,-1.3232764,1.0078317,-0.9733192,0.06639888,-0.3900494,-0.10367754,-0.18543398,-0.35248274
../data/train_data_mmini/2/Train_0006.jpg	2	1.0,-1.0,-1.0,1.0,1.0,1.0,1.0,-1.0,1.0,-1.0,-1.0,1.0,1.0,-1.0,-1.0,1.0,1.0,-1.0,1.0,1.0,1.0,-1.0,-1.0,1.0	0.80458736,-0.93689406,-3.6117604,1.4495813,0.02304702,2.3239071,1.4407189,-0.69751304,13.229702,-0.51878214,-0.61396784,0.86774576,0.5207547,-0.37362424,-0.21584894,0.57503945,0.9338422,-2.2461991,2.3472471,0.06811709,1.0151881,-0.979454,-1.6061208,1.0876458
../data/train_data_mmini/2/Train_0007.jpg	2	1.0,-1.0,-1.0,-1.0,-1.0,-1.0,-1.0,1.0,1.0,1.0,-1.0,1.0,1.0,1.0,1.0,-1.0,-1.0,1.0,-1.0,-1.0,-1.0,1.0,-1.0,-1.0	0.40488273,-1.2090957,-0.73028046,-0.38340902,-4.088322,-1.088902,-1.5416833,0.699869,22.299864,1.7968211,-0.34431675,0.21561885,2.9489017,1.1628485,0.8616535,-0.081207976,-0.62862897,1.3918128,-1.2399879,-1.1107389,-1.6794907,1.563915,-0.22615512,-0.9663788
../data/train_data_mmini/2/Train_0008.jpg	2	1.0,-1.0,-1.0,1.0,-1.0,1.0,-1.0,-1.0,1.0,1.0,-1.0,1.0,1.0,1.0,1.0,1.0,1.0,-1.0,1.0,-1.0,1.0,-1.0,-1.0,1.0	0.049975887,-2.0252895,-4.9361887,4.024919,-1.5086826,4.995483,-0.4827927,-2.4874642,12.457189,0.27204728,-2.8530326,2.4171836,2.1117258,1.6888258,1.1318543,0.5927149,3.1040473,-1.2377489,3.0444992,-1.6999239,0.99579555,-1.908772,-0.63151884,0.78623146
../data/train_data_mmini/2/Train_0009.jpg	2	-1.0,1.0,1.0,-1.0,1.0,-1.0,-1.0,1.0,1.0,-1.0,1.0,1.0,-1.0,1.0,1.0,1.0,1.0,1.0,-1.0,1.0,-1.0,1.0,-1.0,1.0	-0.44906417,0.52331614,1.5803416,-0.28233382,0.53770834,-0.5862042,-0.18879338,0.26861164,19.185068,-0.21863084,0.68958557,0.06792659,-1.0024803,0.6516302,0.7459993,0.22014959,0.09841714,0.7166053,-0.6804291,0.11543811,-0.8094116,0.5029708,-0.76303035,0.13317665
../data/train_data_mmini/3/Train_0010.jpg	3	-1.0,-1.0,1.0,-1.0,-1.0,-1.0,-1.0,1.0,1.0,1.0,-1.0,1.0,1.0,1.0,1.0,1.0,-1.0,1.0,-1.0,-1.0,-1.0,1.0,1.0,-1.0	-0.38143373,-1.026487,0.47953904,-0.36889118,-2.36212,-0.7060313,-1.0840721,1.031171,12.134328,1.5326129,-1.6065332,0.4526976,2.0742836,1.239888,0.30361152,0.6221266,-0.43560907,1.2303423,-1.0279443,-1.2552396,-0.9018826,1.6159213,0.10104788,-0.9183521
../data/train_data_mmini/3/Train_0011.jpg	3	1.0,-1.0,-1.0,1.0,-1.0,1.0,-1.0,-1.0,1.0,1.0,-1.0,-1.0,1.0,1.0,1.0,-1.0,-1.0,-1.0,1.0,-1.0,1.0,-1.0,1.0,-1.0	2.716255,-2.006582,-6.908326,1.703199,-6.526106,1.5946043,-0.68967557,-0.32158694,6.5115213,2.6133056,-2.6362884,-0.99358374,6.8629,0.76294893,1.2206774,-0.6506758,-1.320823,-1.6304659,0.8686653,-2.5236518,1.2271091,-0.41114944,0.6069145,-1.3678213
../data/train_data_mmini/3/Train_0012.jpg	3	-1.0,1.0,1.0,-1.0,1.0,-1.0,-1.0,1.0,1.0,1.0,1.0,-1.0,1.0,1.0,1.0,-1.0,-1.0,1.0,-1.0,-1.0,1.0,-1.0,1.0,-1.0	-0.48357064,1.100056,1.3225117,-1.7166034,0.06960922,-1.3470287,-1.2911333,0.60561126,9.287933,0.14851096,1.2514237,-1.5433409,0.79605234,1.0491648,1.3179286,-1.2296989,-1.8633709,1.6673344,-1.8567214,-0.99765843,0.09012816,-0.8620901,0.6841154,-1.7279338
../data/train_data_mmini/3/Train_0013.jpg	3	-1.0,-1.0,-1.0,1.0,1.0,1.0,1.0,-1.0,1.0,-1.0,-1.0,1.0,-1.0,1.0,1.0,1.0,1.0,-1.0,1.0,-1.0,1.0,-1.0,-1.0,1.0	-1.4525436,-0.8429328,-2.7101014,2.6187205,3.3004453,4.354766,0.45182773,-2.3259106,10.580322,-2.079884,-0.5066285,1.3297356,-0.81516117,0.68404853,1.2350513,0.40725955,1.697783,-1.3521192,2.7224433,-1.1346368,2.0522904,-4.182678,-0.9915036,0.521581
../data/train_data_mmini/3/Train_0014.jpg	3	1.0,-1.0,-1.0,1.0,-1.0,1.0,1.0,1.0,1.0,1.0,-1.0,1.0,1.0,1.0,-1.0,1.0,1.0,-1.0,1.0,-1.0,1.0,1.0,-1.0,1.0	0.8498327,-1.820527,-3.0810287,0.89393806,-1.4229702,1.6451701,0.7292165,0.5530762,16.033424,0.6139842,-2.0609605,0.8461083,1.7779526,0.25991935,-0.49816385,0.8891199,0.85411197,-1.8694072,1.7473332,-0.4110817,0.7854715,0.45540214,-1.8440294,0.30923322
../data/train_data_mmini/4/Train_0015.jpg	4	-1.0,-1.0,-1.0,1.0,1.0,1.0,-1.0,-1.0,1.0,-1.0,1.0,1.0,1.0,1.0,1.0,-1.0,1.0,-1.0,1.0,-1.0,1.0,-1.0,-1.0,1.0	-0.35825866,-0.72889674,-2.6022608,2.7214005,0.41068277,3.374558,-0.758717,-2.3904643,11.954378,-0.9120574,0.10647378,1.0378603,0.92145926,1.2616516,1.8863003,-0.76165557,1.796684,-0.42065072,1.4179932,-1.7148341,0.85039383,-3.3223748,-0.14136533,0.38336927
../data/train_data_mmini/4/Train_0016.jpg	4	1.0,1.0,1.0,-1.0,-1.0,-1.0,-1.0,1.0,1.0,1.0,1.0,-1.0,1.0,1.0,1.0,-1.0,-1.0,1.0,-1.0,-1.0,1.0,1.0,1.0,-1.0	0.42298418,0.3846859,0.5574564,-3.2478845,-0.94427514,-2.3767087,-0.36840865,1.52929,10.510265,1.0464538,1.0117987,-1.6370056,0.6623504,0.05971018,0.44173837,-0.9880294,-2.4585032,0.580862,-1.6463063,-0.05602885,0.1913278,0.7480544,0.5883806,-1.1736026
../data/train_data_mmini/4/Train_0017.jpg	4	1.0,-1.0,-1.0,-1.0,-1.0,-1.0,1.0,1.0,1.0,1.0,-1.0,-1.0,1.0,-1.0,-1.0,-1.0,-1.0,-1.0,1.0,-1.0,1.0,1.0,-1.0,-1.0	2.9916687,-0.7590627,-3.5628874,-0.18914358,-2.9556258,-0.19989969,0.9660075,0.77172214,7.0948005,1.5245502,-1.3500261,-0.8373781,2.9303226,-0.77596915,-0.09279765,-0.30240783,-1.1767135,-2.4287193,1.1759353,-0.19688441,0.8965663,0.7022413,-0.68756384,-0.33663502
../data/train_data_mmini/4/Train_0018.jpg	4	1.0,-1.0,-1.0,1.0,-1.0,1.0,1.0,1.0,1.0,1.0,-1.0,1.0,1.0,1.0,-1.0,1.0,1.0,-1.0,1.0,1.0,-1.0,1.0,-1.0,1.0	1.3912809,-1.5335952,-2.6452544,0.8931073,-3.6200416,0.0724955,0.1728701,0.19162107,12.601631,1.8190868,-2.132358,0.83723366,2.277692,0.3782726,-0.39197388,0.8566164,0.5682693,-1.0298951,1.2408268,0.14646198,-0.619347,1.7848498,-0.89742607,0.24261586
../data/train_data_mmini/4/Train_0019.jpg	4	-1.0,1.0,1.0,-1.0,1.0,-1.0,1.0,-1.0,1.0,-1.0,1.0,-1.0,-1.0,1.0,1.0,-1.0,-1.0,1.0,-1.0,-1.0,1.0,-1.0,-1.0,-1.0	-1.2656581,1.0646763,1.1640472,-0.842353,2.9616563,-0.46476877,0.33673164,-0.24669454,11.644364,-1.7359685,1.8072265,-0.7589998,-1.6631532,0.2218684,1.1907408,-0.82282686,-1.1076074,0.48135585,-0.6775892,-0.0030377908,0.79190534,-1.818974,-0.40772092,-0.36202955
../data/train_data_mmini/5/Train_0020.jpg	5	-1.0,-1.0,1.0,-1.0,-1.0,-1.0,-1.0,1.0,1.0,1.0,1.0,-1.0,1.0,1.0,1.0,-1.0,-1.0,1.0,-1.0,-1.0,-1.0,1.0,-1.0,-1.0	-0.7313864,-0.48273024,1.6139339,-2.7788951,-2.1759865,-2.686356,-1.2614243,2.0709825,22.643263,1.4461886,0.48461226,-0.98540896,1.3866774,1.15045,0.5247444,-0.35013074,-2.5227427,2.2160625,-2.763661,-0.6602497,-1.1804798,1.5202199,-0.08839663,-1.6819714
../data/train_data_mmini/5/Train_0021.jpg	5	1.0,-1.0,-1.0,1.0,-1.0,1.0,-1.0,-1.0,1.0,-1.0,-1.0,1.0,1.0,1.0,1.0,1.0,1.0,-1.0,1.0,-1.0,1.0,-1.0,-1.0,1.0	0.20917307,-1.2622951,-4.6301455,4.450832,-1.4562988,5.1221466,-0.9400124,-3.5060363,15.425005,-0.48854962,-1.8902879,2.2935824,2.100705,2.108926,1.6931074,0.13384268,3.4416845,-0.62056255,2.6834075,-1.4549348,0.17205766,-2.724447,-0.9807886,0.6726149
../data/train_data_mmini/5/Train_0022.jpg	5	-1.0,-1.0,-1.0,1.0,-1.0,1.0,-1.0,-1.0,1.0,1.0,-1.0,1.0,-1.0,1.0,1.0,1.0,1.0,1.0,1.0,-1.0,-1.0,-1.0,-1.0,1.0	-0.6853109,-0.9814082,-0.25127736,0.7812479,-0.10878552,1.0431596,-0.42301756,-0.3039636,20.766539,0.055160783,-0.30779645,1.0562915,-0.1141722,0.9957052,0.6930145,0.55154854,1.0312732,0.29232523,0.36135277,-0.5583865,-0.3851174,-0.018313482,-1.0281194,0.41566443
../data/train_data_mmini/5/Train_0023.jpg	5	-1.0,-1.0,1.0,-1.0,-1.0,-1.0,-1.0,-1.0,1.0,1.0,1.0,1.0,1.0,1.0,1.0,-1.0,-1.0,1.0,-1.0,-1.0,-1.0,1.0,-1.0,-1.0	-1.171095,-0.59592646,1.2768446,-0.35362875,-2.0312276,-0.5420209,-1.877704,-0.062912874,22.722685,0.8697639,0.36920848,0.57749265,0.9064244,1.6558499,1.2943041,-0.016375646,-0.18386455,2.5752196,-1.9985782,-0.94803303,-1.831746,0.7357539,-0.30521372,-0.6052929
../data/train_data_mmini/5/Train_0024.jpg	5	-1.0,-1.0,-1.0,1.0,-1.0,1.0,-1.0,-1.0,1.0,1.0,1.0,1.0,1.0,1.0,1.0,-1.0,-1.0,1.0,-1.0,-1.0,-1.0,-1.0,1.0,-1.0	-0.26777422,-0.08210155,-0.3978514,0.595984,-2.615829,0.10495733,-1.8998257,-0.85511696,18.502825,0.45994377,1.1253818,0.037049383,2.2616243,1.4275122,1.703969,-0.89662373,-0.22298335,1.7404737,-1.4010625,-1.4366792,-1.2207794,-0.32312524,0.3115086,-0.7077422
../data/train_data_mmini/6/Train_0025.jpg	6	-1.0,1.0,1.0,-1.0,1.0,-1.0,1.0,1.0,1.0,-1.0,1.0,-1.0,-1.0,-1.0,1.0,-1.0,-1.0,1.0,-1.0,1.0,1.0,-1.0,-1.0,-1.0	-0.5335944,2.7406545,1.7156129,-2.3475366,2.4841034,-2.5141616,0.36798698,0.34892964,11.889116,-1.6632538,3.980739,-1.3855332,-2.9882705,-0.27921277,1.4429156,-1.5353031,-2.206651,0.9855971,-2.328418,1.0091978,0.083444156,-1.2277269,-0.5228338,-0.18891639
../data/train_data_mmini/6/Train_0026.jpg	6	1.0,-1.0,-1.0,-1.0,-1.0,-1.0,-1.0,1.0,1.0,1.0,-1.0,-1.0,1.0,1.0,1.0,1.0,-1.0,1.0,-1.0,1.0,-1.0,1.0,1.0,-1.0	3.7553208,-1.7368166,-0.007936786,-3.4496017,-11.157554,-6.4139853,-3.0010233,4.1833787,18.402582,6.741111,-3.1984165,-1.6289608,6.539794,0.68935245,0.40469435,1.7667094,-3.0985794,1.6786406,-3.1465254,0.42793295,-4.5532837,8.354547,1.6331862,-2.497772
../data/train_data_mmini/6/Train_0027.jpg	6	1.0,-1.0,1.0,-1.0,-1.0,-1.0,-1.0,1.0,1.0,1.0,-1.0,-1.0,1.0,1.0,-1.0,1.0,-1.0,1.0,-1.0,-1.0,-1.0,1.0,-1.0,-1.0	0.22373329,-1.0268749,1.1931726,-1.9531333,-2.4854267,-1.8033025,-0.38174054,2.7391253,13.08257,2.2879362,-2.5692453,-0.1507244,1.9401056,0.59277433,-0.7076681,1.2972057,-1.0264219,0.8598367,-1.3727041,-0.4849952,-0.9590778,3.2822034,-0.26919287,-0.8792812
../data/train_data_mmini/6/Train_0028.jpg	6	1.0,-1.0,-1.0,1.0,-1.0,1.0,1.0,-1.0,1.0,1.0,-1.0,1.0,1.0,1.0,-1.0,1.0,1.0,-1.0,1.0,-1.0,1.0,1.0,-1.0,-1.0	3.4131374,-3.7699037,-8.758653,2.6301732,-8.266508,2.2672384,0.40745023,-0.28866157,15.456592,3.7316568,-4.576683,1.1449369,6.775307,0.5760082,-0.26191142,0.38582787,0.6418021,-3.1007833,2.8325758,-1.138067,0.76345694,1.5331906,-1.1216488,-0.33005422
../data/train_data_mmini/6/Train_0029.jpg	6	-1.0,1.0,1.0,-1.0,1.0,-1.0,-1.0,-1.0,1.0,-1.0,1.0,-1.0,-1.0,-1.0,1.0,-1.0,-1.0,1.0,-1.0,1.0,1.0,-1.0,-1.0,1.0	-3.5279903,2.9613879,4.6643925,-1.3409567,8.803989,-0.7931839,-0.60658276,-1.6918992,14.376801,-3.9134316,6.2273593,-1.5814241,-7.000732,-0.52760935,3.94689,-1.609703,-1.3069277,1.4434644,-2.4152834,1.714678,1.6012374,-4.768895,-0.5661534,0.7702683
../data/train_data_mmini/7/Train_0030.jpg	7	-1.0,1.0,1.0,-1.0,1.0,-1.0,1.0,1.0,1.0,-1.0,1.0,-1.0,-1.0,1.0,1.0,-1.0,-1.0,1.0,-1.0,-1.0,-1.0,1.0,-1.0,1.0	-0.46429384,0.4383978,1.4621419,-0.8814859,1.1828834,-0.7744842,0.25345603,0.5291311,17.812159,-0.14403819,1.0979173,-0.3216934,-1.201487,0.16848071,0.783911,-0.06070724,-0.5549341,0.6438977,-0.5135723,-0.03732948,-0.12941098,0.016075805,-0.52533567,0.09761717
../data/train_data_mmini/7/Train_0031.jpg	7	1.0,-1.0,1.0,-1.0,1.0,-1.0,1.0,1.0,1.0,-1.0,1.0,1.0,-1.0,-1.0,-1.0,1.0,1.0,-1.0,1.0,1.0,1.0,1.0,-1.0,1.0	0.34550774,-0.39004675,0.4545794,-0.1957713,0.9966354,-0.7069119,1.6703305,0.6437747,17.243519,-0.047125265,0.20909081,0.088220105,-2.0232215,-0.56637436,-0.33008975,1.1029902,0.43049735,-1.355391,1.6919309,1.7398927,0.22822823,1.1919937,-1.036376,1.5100771
../data/train_data_mmini/7/Train_0032.jpg	7	1.0,-1.0,-1.0,1.0,-1.0,1.0,1.0,-1.0,1.0,1.0,-1.0,1.0,1.0,1.0,1.0,1.0,1.0,-1.0,1.0,-1.0,1.0,-1.0,-1.0,-1.0	1.3591177,-1.0125825,-4.413923,2.4976296,-2.1288242,2.8612018,0.2599555,-1.0915176,7.3420234,0.8772241,-2.940229,1.066265,2.8812146,0.9417623,0.156234,0.52672493,1.3830822,-1.6588275,2.1722717,-1.3081335,0.9161586,-0.67155725,-0.7956998,-0.1252309
../data/train_data_mmini/7/Train_0033.jpg	7	1.0,1.0,1.0,-1.0,-1.0,-1.0,-1.0,1.0,1.0,1.0,1.0,-1.0,1.0,1.0,-1.0,-1.0,-1.0,1.0,-1.0,1.0,-1.0,1.0,-1.0,-1.0	0.99830973,0.024580535,0.9489748,-3.5586522,-2.6068978,-3.5548022,-0.4204817,2.8549762,18.551144,1.8469954,0.2872364,-1.7275376,1.6882944,0.24817565,-0.16850106,-0.25475135,-3.107657,0.40744174,-2.0389109,0.069927625,-0.76485926,2.6782956,-0.017351707,-1.4429342
../data/train_data_mmini/7/Train_0034.jpg	7	1.0,-1.0,-1.0,1.0,-1.0,1.0,-1.0,-1.0,1.0,1.0,-1.0,1.0,1.0,1.0,1.0,1.0,-1.0,-1.0,1.0,-1.0,1.0,1.0,-1.0,-1.0	2.0788476,-2.0210118,-5.0467343,1.6864142,-6.5610237,1.0490936,-0.55661577,-0.01791423,8.441175,2.7231915,-3.813108,0.19893268,5.841027,1.0698637,0.14768514,0.41117886,-0.20392601,-1.1734726,0.986179,-1.4422174,0.10938748,1.8624098,-0.033523146,-1.031484
../data/train_data_mmini/8/Train_0035.jpg	8	-1.0,-1.0,-1.0,1.0,1.0,1.0,1.0,-1.0,1.0,-1.0,-1.0,1.0,-1.0,1.0,1.0,1.0,1.0,-1.0,1.0,-1.0,1.0,-1.0,-1.0,1.0	-1.9696441,-0.52937555,-1.9061115,3.4603443,3.6864276,5.037691,0.23063761,-2.9165928,15.528305,-1.9119546,-1.5624394,2.6757565,-2.138253,1.1050833,0.9188252,1.2708397,3.1504905,-0.8624943,2.428085,-1.1299989,1.0438983,-3.7040012,-1.6928359,1.4061174
../data/train_data_mmini/8/Train_0036.jpg	8	1.0,-1.0,-1.0,-1.0,1.0,-1.0,1.0,1.0,1.0,-1.0,1.0,-1.0,-1.0,-1.0,-1.0,1.0,-1.0,-1.0,1.0,1.0,1.0,1.0,-1.0,1.0	1.7160647,-0.22654304,-1.9208221,-1.4007504,0.5316798,-1.2878631,2.8820708,1.1315805,19.216242,-0.3997606,0.87079537,-0.50438637,-1.4463041,-1.8304943,-1.1614937,0.26721284,-0.9140252,-2.9712844,1.8597476,2.2260666,0.78625274,0.97729826,-1.8782232,1.4775902
../data/train_data_mmini/8/Train_0037.jpg	8	1.0,-1.0,-1.0,-1.0,-1.0,-1.0,-1.0,1.0,1.0,1.0,-1.0,-1.0,1.0,1.0,-1.0,1.0,-1.0,-1.0,1.0,-1.0,-1.0,1.0,1.0,-1.0	3.0714884,-1.3052871,-2.5556586,-0.6927265,-6.2688828,-1.9761947,-0.37543616,1.6644477,11.285257,3.1309376,-2.870334,-0.6730965,4.781216,0.053585615,-0.24142994,0.74365145,-1.4001937,-0.83236295,0.12625784,-0.13416488,-1.0503706,3.7223852,0.008322488,-1.1383852
../data/train_data_mmini/8/Train_0038.jpg	8	-1.0,-1.0,1.0,1.0,1.0,1.0,-1.0,-1.0,1.0,-1.0,1.0,1.0,-1.0,1.0,1.0,1.0,1.0,-1.0,1.0,-1.0,1.0,-1.0,-1.0,1.0	-1.5088931,-0.6329437,0.40227997,1.2183479,3.175664,2.2888045,-0.28377745,-1.261276,16.83741,-0.90343595,0.33160993,0.7853489,-2.0560036,0.9022419,1.3638464,0.015790306,1.4453404,-0.6411084,1.2068765,-0.6930735,1.2425421,-2.4347143,-0.7180323,0.8831053
../data/train_data_mmini/8/Train_0039.jpg	8	-1.0,1.0,-1.0,1.0,1.0,1.0,1.0,-1.0,1.0,-1.0,-1.0,1.0,-1.0,1.0,1.0,1.0,1.0,-1.0,1.0,-1.0,1.0,-1.0,-1.0,1.0	-1.666723,0.4800429,-1.3089694,2.0933075,3.7787616,3.4207232,0.700773,-1.8506745,13.749904,-2.4431565,-0.30586147,1.095761,-1.6793789,0.870324,0.921228,0.2620196,1.3173664,-0.8146197,1.9200194,-0.76363444,1.5276636,-3.3565652,-1.7244439,0.40507895
../data/train_data_mmini/9/Train_0040.jpg	9	1.0,-1.0,-1.0,1.0,-1.0,1.0,-1.0,-1.0,1.0,1.0,-1.0,1.0,1.0,1.0,1.0,1.0,1.0,1.0,1.0,-1.0,-1.0,-1.0,-1.0,-1.0	0.16091345,-0.6927989,-1.3170578,1.1805271,-1.7697574,0.92652863,-0.7335492,-0.44227365,16.50024,0.42179483,-0.55631953,0.4970193,1.9250193,1.0932374,0.96762854,0.020548552,0.7464669,0.2266771,0.37566513,-1.2551636,-0.45022687,-0.046917304,-0.36803675,-0.2572275
../data/train_data_mmini/9/Train_0041.jpg	9	1.0,-1.0,-1.0,-1.0,-1.0,-1.0,-1.0,1.0,1.0,1.0,-1.0,-1.0,1.0,1.0,-1.0,1.0,-1.0,1.0,-1.0,-1.0,1.0,1.0,-1.0,-1.0	0.23392393,-1.4074306,-0.8492409,-2.2587078,-2.5169227,-1.5386542,-0.29545566,2.4273267,16.669441,1.6224049,-1.741585,-0.91353583,2.9748688,0.97571033,-0.40779832,0.10998161,-2.4553072,0.12740551,-0.6345367,-1.0218697,0.31693566,1.3520327,-0.6024256,-1.7979519
../data/train_data_mmini/9/Train_0042.jpg	9	-1.0,-1.0,-1.0,1.0,-1.0,1.0,-1.0,-1.0,1.0,1.0,-1.0,1.0,1.0,1.0,1.0,-1.0,1.0,1.0,1.0,-1.0,-1.0,-1.0,1.0,-1.0	-0.1165583,-0.35953438,-2.0366151,1.7321088,-2.189329,1.6961427,-1.4425617,-1.3350353,10.715907,0.25416997,-0.13140883,0.49923804,2.9837904,1.5279645,1.7924223,-1.0320122,0.55676025,0.91750914,0.14935191,-2.1463766,-0.12828067,-1.750488,0.4531356,-0.7335375
../data/train_data_mmini/9/Train_0043.jpg	9	-1.0,-1.0,-1.0,1.0,1.0,1.0,1.0,-1.0,1.0,-1.0,-1.0,1.0,-1.0,1.0,1.0,1.0,1.0,-1.0,1.0,-1.0,1.0,-1.0,-1.0,1.0	-0.48822638,-1.1413196,-3.303511,2.4370096,0.5077164,3.2412243,0.72702473,-1.3920618,18.974707,-1.1123524,-1.2657118,1.9266241,-0.077543356,0.62725616,0.2153745,0.9484957,2.0621698,-1.2412732,2.2057323,-0.5025091,0.575761,-1.3835286,-1.9463832,1.0260935
../data/train_data_mmini/9/Train_0044.jpg	9	-1.0,1.0,1.0,-1.0,1.0,-1.0,-1.0,-1.0,1.0,-1.0,1.0,-1.0,-1.0,1.0,1.0,-1.0,-1.0,1.0,-1.0,-1.0,1.0,-1.0,-1.0,-1.0	-2.2354357,1.4640225,2.3715525,-0.73931783,3.6770782,-0.035863567,-0.34108558,-0.5155782,12.88365,-1.7556583,2.4864569,-0.43671885,-2.4505284,0.5741195,2.2384343,-1.097944,-0.6202217,1.8760577,-1.7449484,-0.7204848,0.63216066,-2.5494206,-0.0528525,-0.40677875
../data/train_data_mmini/10/Train_0045.jpg	10	-1.0,1.0,1.0,1.0,1.0,1.0,1.0,-1.0,1.0,-1.0,-1.0,1.0,-1.0,-1.0,1.0,1.0,1.0,-1.0,1.0,1.0,1.0,-1.0,-1.0,1.0	-1.0129375,1.0482973,0.7956553,1.4551245,3.2275038,1.799147,0.8581461,-1.1492096,6.02965,-1.1139767,-0.66403604,0.81332856,-2.7201612,-0.06426293,0.089529544,1.4988137,1.8238702,-0.9554022,1.9810739,0.16485909,0.8255057,-0.8988797,-0.85632074,1.2564889
../data/train_data_mmini/10/Train_0046.jpg	10	1.0,1.0,-1.0,-1.0,1.0,1.0,-1.0,-1.0,1.0,-1.0,1.0,-1.0,1.0,1.0,1.0,-1.0,-1.0,1.0,-1.0,-1.0,1.0,-1.0,1.0,-1.0	0.014419257,1.4181743,-1.0509332,-0.06989371,0.42505476,0.5746879,-1.053935,-0.7239659,2.185671,-0.60978,1.1509172,-0.83103853,1.4093024,0.6157396,1.5306498,-1.2656349,-0.6082167,0.84034574,-0.78390115,-1.3427327,0.043042798,-2.0570133,0.43431807,-1.2513978
../data/train_data_mmini/10/Train_0047.jpg	10	1.0,1.0,-1.0,1.0,1.0,1.0,1.0,-1.0,1.0,-1.0,-1.0,1.0,-1.0,-1.0,1.0,1.0,1.0,-1.0,1.0,1.0,1.0,-1.0,-1.0,1.0	0.015669575,0.40219095,-2.459804,2.417306,1.8452616,2.9176595,1.4005579,-2.3752656,11.070778,-1.6423842,-0.017837593,1.347295,-1.4402851,-0.0096214395,0.4416695,0.6591741,1.9190089,-1.7514849,2.9927464,0.3884765,1.0284284,-2.2909503,-0.75408375,1.3672318
../data/train_data_mmini/10/Train_0048.jpg	10	-1.0,1.0,1.0,-1.0,1.0,1.0,1.0,-1.0,1.0,-1.0,1.0,-1.0,-1.0,-1.0,1.0,1.0,-1.0,1.0,-1.0,1.0,1.0,-1.0,-1.0,1.0	-4.1014943,3.1619081,4.6992764,-0.54816645,10.393363,0.99813706,0.2980565,-2.1453364,12.003471,-4.249287,4.258331,-0.6484139,-8.845471,-1.917763,2.9364903,0.19710128,-0.6304845,0.3011798,-0.5111009,1.5239438,2.4325786,-4.7562957,-1.6838748,1.8533176
../data/train_data_mmini/10/Train_0049.jpg	10	-1.0,-1.0,-1.0,1.0,1.0,1.0,-1.0,-1.0,1.0,-1.0,-1.0,1.0,1.0,1.0,1.0,1.0,1.0,-1.0,1.0,-1.0,1.0,-1.0,-1.0,1.0	-0.392173,-0.25422525,-2.1611803,2.5536432,1.1180676,3.3265326,-0.10641798,-1.6672186,11.328694,-0.8610338,-1.4919367,1.5261419,0.5396559,1.2269359,0.95199287,0.33643788,2.2267911,-0.80244637,1.7410169,-1.6779953,0.8994371,-2.2351716,-1.0128477,0.098860614
