../data/train_data_mmini/1/Train_0000.jpg	1	-1.0,1.0,-1.0,1.0,1.0,1.0,1.0,-1.0,-1.0,-1.0,-1.0,-1.0,1.0,1.0,-1.0,-1.0,1.0,1.0,-1.0,1.0,1.0,1.0,1.0,1.0	-0.588942,0.29511142,-2.2780857,3.0903258,1.2311561,0.30712616,2.9343219,-2.1271768,-0.15894523,-0.40325657,-0.034369014,-2.8455312,1.7221385,2.931999,-1.9003527,-1.7944785,0.060424175,2.9754865,-2.6316957,1.3374791,1.2415414,1.9335965,2.421318,0.6363141
../data/train_data_mmini/1/Train_0001.jpg	1	1.0,-1.0,-1.0,1.0,-1.0,1.0,-1.0,1.0,-1.0,-1.0,1.0,1.0,-1.0,1.0,1.0,-1.0,1.0,1.0,-1.0,-1.0,1.0,1.0,1.0,-1.0	1.1249439,-1.3928969,-0.18489005,0.057053838,-0.30132502,1.6147746,-1.6409206,2.8545747,-2.9801555,-2.8622422,2.5148392,1.1741688,-3.4264665,1.4396918,0.080603644,-0.8820574,1.2514122,2.3771408,-0.24348524,-2.6592107,0.1094285,0.04538346,0.35131222,-1.4875187
../data/train_data_mmini/1/Train_0002.jpg	1	-1.0,-1.0,1.0,1.0,1.0,1.0,-1.0,-1.0,-1.0,-1.0,1.0,-1.0,-1.0,-1.0,1.0,-1.0,1.0,-1.0,1.0,1.0,-1.0,1.0,-1.0,-1.0	-0.8342295,-0.50521016,0.88833153,2.204909,1.7160839,2.375937,-2.0476284,-2.266892,-1.6891538,-1.6983418,2.6868618,-0.25566128,-3.0137768,-0.8927626,1.1525961,-0.82144594,1.6228292,-2.3144398,1.5978669,0.34667897,-3.268025,3.6859794,-2.2888594,-0.9632036
../data/train_data_mmini/1/Train_0003.jpg	1	1.0,1.0,-1.0,1.0,1.0,-1.0,1.0,-1.0,-1.0,-1.0,1.0,-1.0,1.0,1.0,-1.0,-1.0,-1.0,1.0,-1.0,1.0,1.0,-1.0,1.0,-1.0	0.11837181,0.013343728,-3.1861656,3.2887902,1.0095614,-0.1922365,3.8359773,-0.009764698,-0.09270254,-0.40858826,0.42848298,-2.390217,1.6042495,5.413755,-2.9122336,-1.0644779,-0.2079554,6.4973483,-3.7197518,0.5692827,3.204265,-0.09156144,4.7803097,-0.6125246
../data/train_data_mmini/1/Train_0004.jpg	1	-1.0,1.0,-1.0,1.0,-1.0,1.0,1.0,-1.0,1.0,-1.0,-1.0,-1.0,1.0,1.0,-1.0,-1.0,1.0,-1.0,-1.0,1.0,1.0,1.0,-1.0,1.0	-0.14860158,1.0384018,-0.909233,0.7086648,-0.0106549645,0.17829877,3.100934,-2.4946678,0.31487113,-0.54034,-1.56493,-1.9018829,1.836435,0.7998918,-0.37557828,-1.8571081,0.22990842,-1.1415591,-1.4047928,1.262312,0.39544013,2.8994288,-0.49867314,2.6993887
../data/train_data_mmini/2/Train_0005.jpg	2	1.0,-1.0,1.0,-1.0,-1.0,1.0,-1.0,1.0,-1.0,-1.0,1.0,1.0,-1.0,-1.0,1.0,1.0,1.0,-1.0,1.0,-1.0,-1.0,-1.0,-1.0,-1.0	0.3372959,-0.8653508,2.2743654,-1.6273832,-0.30281416,0.663496,-2.0770376,1.7522775,-0.60945576,-1.6801957,1.0499357,2.808614,-3.2185433,-2.7835326,2.5303662,1.0248433,0.8085608,-2.8724444,2.0518239,-0.87570477,-2.5899234,-0.34434614,-3.402001,-0.4893403
../data/train_data_mmini/2/Train_0006.jpg	2	1.0,1.0,1.0,-1.0,-1.0,-1.0,1.0,1.0,1.0,1.0,-1.0,1.0,-1.0,1.0,1.0,1.0,-1.0,-1.0,1.0,-1.0,1.0,-1.0,-1.0,1.0	3.3481088,0.86341727,0.096738264,-4.784074,-3.6396468,-1.8764008,3.093895,4.8724093,0.9693945,2.292368,-2.6443233,4.7715564,-0.6346216,0.15565214,0.17749159,4.5410147,-1.4496442,-0.5219743,0.8999335,-2.9367113,3.1531904,-3.5944736,-1.0626123,0.10605712
../data/train_data_mmini/2/Train_0007.jpg	2	-1.0,1.0,-1.0,1.0,1.0,-1.0,1.0,-1.0,1.0,1.0,-1.0,-1.0,1.0,1.0,-1.0,-1.0,-1.0,1.0,-1.0,1.0,1.0,1.0,1.0,1.0	-2.0205677,0.9230562,-2.5537965,3.649855,1.92493,-0.37229434,4.7701015,-4.469821,1.1533607,0.7605433,-1.5880733,-5.0877824,4.4522004,3.3574948,-2.7984505,-3.987985,-0.5701185,2.5149708,-3.2781994,3.797592,1.855146,2.9063187,3.3246763,2.1182108
../data/train_data_mmini/2/Train_0008.jpg	2	-1.0,1.0,1.0,-1.0,-1.0,1.0,-1.0,-1.0,1.0,-1.0,-1.0,1.0,-1.0,-1.0,1.0,-1.0,1.0,-1.0,1.0,1.0,-1.0,1.0,-1.0,1.0	-0.6528592,1.6392668,1.3080084,-1.5592977,-0.41543683,0.38149616,-0.13778968,-2.8897083,0.60823905,-0.23629652,-2.0553253,0.60939294,-0.9143072,-4.37887,1.9743733,-0.97225225,0.70538884,-6.925483,1.9588922,0.4557206,-1.88588,3.85045,-5.1868405,3.5836146
../data/train_data_mmini/2/Train_0009.jpg	2	1.0,-1.0,-1.0,1.0,1.0,1.0,1.0,1.0,-1.0,-1.0,1.0,1.0,-1.0,1.0,-1.0,1.0,-1.0,1.0,-1.0,-1.0,1.0,-1.0,1.0,-1.0	0.67551917,-1.1685597,-1.2968457,1.0839791,0.713375,0.38510796,0.26190782,2.0028596,-1.8833969,-0.7708556,1.6434301,1.2493905,-1.5826645,1.210573,-0.33776587,0.8317714,-0.5769331,2.9108999,-1.3303758,-0.5692959,0.5762426,-0.91186523,1.3192362,-1.6922286
../data/train_data_mmini/3/Train_0010.jpg	3	1.0,-1.0,1.0,-1.0,-1.0,-1.0,-1.0,1.0,-1.0,-1.0,1.0,1.0,-1.0,-1.0,1.0,-1.0,1.0,-1.0,1.0,-1.0,-1.0,-1.0,-1.0,1.0	0.78015363,-0.17879984,2.8539948,-3.711945,-1.964901,-0.3987722,-2.731723,3.880996,-0.7736693,-2.6422312,0.055519685,2.7477393,-4.057655,-2.7002895,1.6418977,-1.0832447,0.680634,-1.4645934,2.2717612,-2.4714217,-0.50509036,-1.5373106,-3.1522927,0.54591644
../data/train_data_mmini/3/Train_0011.jpg	3	-1.0,-1.0,1.0,1.0,1.0,1.0,-1.0,-1.0,-1.0,-1.0,1.0,1.0,-1.0,-1.0,1.0,-1.0,1.0,-1.0,1.0,-1.0,-1.0,1.0,-1.0,-1.0	-0.41761923,-0.71842575,2.8955088,0.9698804,1.7265439,3.140271,-3.910465,-1.1269227,-3.016848,-4.5662713,3.9148972,0.034827325,-5.1450014,-1.6446726,3.1228733,-2.013384,2.8226802,-3.0865054,3.0133975,-0.5271925,-5.0554338,4.6592216,-4.1383915,-0.737233
../data/train_data_mmini/3/Train_0012.jpg	3	1.0,-1.0,-1.0,1.0,-1.0,1.0,-1.0,1.0,-1.0,-1.0,1.0,1.0,-1.0,1.0,1.0,1.0,1.0,1.0,-1.0,-1.0,-1.0,1.0,1.0,-1.0	2.124955,-1.2111242,-0.63922006,0.82666725,-0.19799249,2.4398384,-0.161314,2.774489,-2.9931176,-2.9779828,3.678749,1.8406603,-3.2120605,3.9787645,0.58874196,1.8884336,2.1105635,3.2510664,-0.24489185,-2.8971322,-0.34478444,1.0441551,0.48717636,-2.42364
../data/train_data_mmini/3/Train_0013.jpg	3	1.0,1.0,1.0,-1.0,-1.0,-1.0,-1.0,1.0,-1.0,1.0,-1.0,1.0,-1.0,-1.0,1.0,1.0,1.0,-1.0,1.0,-1.0,-1.0,-1.0,-1.0,1.0	1.7021567,0.35349792,1.9075644,-4.2864614,-2.081936,-0.19148815,-1.4665002,3.0839217,-0.28994134,0.26218584,-0.16239993,5.003273,-3.4576793,-3.7943213,2.078177,3.289086,0.62264013,-4.8031974,3.3651822,-2.933259,-0.9187616,-0.76617944,-4.4230285,0.52378917
../data/train_data_mmini/3/Train_0014.jpg	3	1.0,-1.0,1.0,-1.0,-1.0,1.0,-1.0,1.0,-1.0,-1.0,1.0,1.0,-1.0,-1.0,1.0,1.0,1.0,-1.0,1.0,-1.0,-1.0,1.0,-1.0,1.0	0.1111931,-0.45763424,2.5942736,-2.170317,-0.55259436,0.51736253,-2.3182065,1.5818651,-0.63260484,-2.2610102,0.5829598,2.6706693,-3.7617917,-3.939975,2.7411506,0.33770105,0.86171585,-3.886288,2.486029,-1.0307779,-2.5662622,0.28261718,-4.648576,0.12543412
../data/train_data_mmini/4/Train_0015.jpg	4	-1.0,1.0,-1.0,1.0,1.0,1.0,1.0,-1.0,1.0,1.0,-1.0,-1.0,1.0,-1.0,1.0,-1.0,1.0,-1.0,-1.0,1.0,-1.0,1.0,-1.0,1.0	-0.4247453,1.6210098,-0.7444403,2.060823,0.5615274,1.1217272,2.536101,-4.589854,0.2637504,0.016906906,-1.3310523,-1.731005,0.5978545,-0.766523,0.7861042,-0.7497372,0.88666046,-3.9562898,-0.01661424,1.7755134,-1.8421956,5.3478017,-2.800228,2.459889
../data/train_data_mmini/4/Train_0016.jpg	4	-1.0,-1.0,1.0,1.0,1.0,1.0,-1.0,1.0,-1.0,-1.0,1.0,1.0,-1.0,1.0,1.0,-1.0,1.0,1.0,1.0,-1.0,-1.0,1.0,1.0,-1.0	-0.6398278,-2.4004786,0.9916982,2.4503713,2.3229942,2.50971,-4.642755,0.91063166,-2.572301,-2.6553993,4.876139,0.89675206,-4.5132256,0.74537146,0.45152086,-0.39386064,1.6758024,2.2094347,0.7082061,-0.7148676,-2.4857113,0.27679637,0.4009505,-3.748838
../data/train_data_mmini/4/Train_0017.jpg	4	1.0,-1.0,1.0,-1.0,-1.0,1.0,-1.0,1.0,-1.0,1.0,1.0,1.0,-1.0,1.0,1.0,1.0,-1.0,1.0,1.0,-1.0,-1.0,-1.0,-1.0,-1.0	2.2891407,-1.1685877,0.4944945,-1.9649564,-1.6705015,0.74568677,-0.44539037,4.16571,-1.7875117,0.014840079,2.0344677,4.5600257,-3.5985267,0.5710066,1.195731,4.530399,-0.06648917,0.26859048,1.7812562,-3.1714478,-0.18325444,-1.5276706,-1.747879,-2.6387691
../data/train_data_mmini/4/Train_0018.jpg	4	-1.0,-1.0,1.0,1.0,1.0,1.0,-1.0,-1.0,-1.0,-1.0,1.0,1.0,-1.0,-1.0,1.0,-1.0,1.0,-1.0,1.0,-1.0,-1.0,1.0,-1.0,1.0	-0.9643548,-0.5455764,2.4237723,0.21298912,0.9374046,1.7704597,-3.6109333,-0.2757569,-0.9944737,-3.1470644,1.712791,0.6067982,-3.7470474,-3.032751,2.149424,-1.321026,1.6804823,-3.1596723,2.2884157,-0.31149054,-4.1326165,2.07048,-3.8736355,0.26716983
../data/train_data_mmini/4/Train_0019.jpg	4	1.0,1.0,1.0,-1.0,-1.0,-1.0,1.0,1.0,1.0,1.0,-1.0,1.0,-1.0,-1.0,1.0,1.0,-1.0,-1.0,1.0,-1.0,1.0,-1.0,-1.0,1.0	2.5733426,1.1660936,1.525875,-6.1008134,-3.4035075,-1.7957056,2.255976,3.7165291,1.7545542,3.481005,-2.6146753,5.314169,-1.1322175,-2.2571201,1.2456663,4.5005546,-1.0951976,-4.142905,2.881158,-2.2409885,1.5871433,-2.7276444,-3.479538,0.30973077
../data/train_data_mmini/5/Train_0020.jpg	5	-1.0,-1.0,-1.0,1.0,1.0,-1.0,1.0,-1.0,1.0,1.0,-1.0,-1.0,1.0,1.0,-1.0,-1.0,-1.0,1.0,-1.0,1.0,1.0,1.0,1.0,-1.0	-0.5231572,-0.15830764,-2.1705842,2.2890046,1.223052,-0.2510154,3.4191318,-1.2770071,0.2796793,0.7627034,-0.35581636,-2.3092291,2.221733,3.1784432,-2.2636192,-1.5273846,-0.7553915,3.137138,-2.654535,1.6089469,1.9534804,0.5776054,3.161604,-0.0698869
../data/train_data_mmini/5/Train_0021.jpg	5	1.0,1.0,-1.0,1.0,1.0,1.0,1.0,-1.0,-1.0,-1.0,-1.0,-1.0,1.0,1.0,1.0,-1.0,1.0,-1.0,-1.0,1.0,-1.0,1.0,-1.0,1.0	0.3092316,0.7759245,-0.78957766,1.6477804,0.29804197,0.6683972,2.5762067,-2.545958,-0.050579995,-0.8281192,-0.48951635,-1.1267747,0.3181711,0.14345923,0.2421316,-0.69287264,0.4293138,-1.7568327,-0.71511275,1.095725,-0.5659442,3.6082814,-1.4761474,1.7867776
../data/train_data_mmini/5/Train_0022.jpg	5	-1.0,1.0,-1.0,-1.0,-1.0,-1.0,1.0,-1.0,1.0,1.0,-1.0,-1.0,1.0,1.0,-1.0,-1.0,-1.0,-1.0,-1.0,1.0,1.0,1.0,1.0,1.0	-0.0405112,1.222049,-1.4897618,-0.78329,-0.6566622,-1.6042868,4.260071,-1.0624021,1.518084,2.238733,-3.1221352,-1.0112935,3.1679912,1.0189855,-1.630625,-0.8211281,-1.5845588,-0.34918123,-2.140368,1.2158283,2.6457608,0.12979913,1.079116,1.964778
../data/train_data_mmini/5/Train_0023.jpg	5	-1.0,1.0,-1.0,1.0,1.0,-1.0,1.0,-1.0,1.0,1.0,-1.0,-1.0,1.0,1.0,-1.0,-1.0,-1.0,1.0,-1.0,1.0,1.0,1.0,1.0,1.0	-1.2129083,0.40226644,-3.3967578,3.7714617,1.288344,-0.84785163,4.8814597,-2.06381,1.1081935,0.8647127,-1.0435033,-4.017498,3.9123554,4.902013,-3.5836117,-2.340634,-0.811355,5.445929,-4.4301085,2.3827646,3.1065161,0.46565664,5.0048323,0.67386603
../data/train_data_mmini/5/Train_0024.jpg	5	-1.0,-1.0,-1.0,1.0,1.0,1.0,1.0,-1.0,-1.0,-1.0,1.0,-1.0,1.0,1.0,-1.0,-1.0,1.0,1.0,-1.0,1.0,-1.0,1.0,1.0,1.0	-0.29137912,-0.1265128,-0.7214989,3.3538496,1.9139056,1.4900477,1.8141366,-2.363931,-1.0550349,-2.7652779,1.2762765,-2.2661345,0.17948979,2.5019445,-0.46378985,-2.3901682,1.5822483,1.9184427,-1.4573596,1.6694545,-0.6138749,3.2570825,0.9612882,0.9683542
../data/train_data_mmini/6/Train_0025.jpg	6	1.0,-1.0,1.0,-1.0,-1.0,1.0,-1.0,1.0,-1.0,-1.0,1.0,1.0,-1.0,1.0,1.0,1.0,1.0,1.0,1.0,-1.0,-1.0,-1.0,-1.0,-1.0	1.8517718,-2.5359151,3.1383297,-2.342004,-0.34452307,1.020949,-3.6278424,5.909534,-1.640714,-2.3134,3.768114,4.407437,-5.344667,0.8223418,1.270112,2.300626,1.1709733,2.9074152,3.0757759,-2.7736115,-0.89079165,-3.4545524,-1.0850078,-4.5810184
../data/train_data_mmini/6/Train_0026.jpg	6	1.0,-1.0,-1.0,1.0,1.0,1.0,-1.0,1.0,-1.0,-1.0,1.0,1.0,-1.0,1.0,1.0,-1.0,1.0,1.0,-1.0,-1.0,-1.0,1.0,1.0,-1.0	0.4504376,-1.3735056,-0.2897344,1.2220471,0.84795,1.3189449,-0.559612,1.4141918,-2.6816254,-2.9893255,2.2620375,0.7599942,-2.7780614,1.2868915,0.5106402,-1.3348317,0.9345171,2.4430456,-0.9450401,-0.5228179,-0.43450716,0.81659484,0.5865311,-1.1511172
../data/train_data_mmini/6/Train_0027.jpg	6	1.0,-1.0,1.0,-1.0,1.0,1.0,-1.0,1.0,-1.0,-1.0,1.0,1.0,-1.0,-1.0,1.0,-1.0,1.0,1.0,1.0,-1.0,-1.0,-1.0,-1.0,-1.0	0.3795271,-2.2435791,3.1364346,-1.2938266,0.028232023,1.2889286,-5.3934474,3.8503892,-2.6612759,-3.66275,3.9835832,2.6029153,-5.8241105,-1.0987217,1.6745324,-0.46365443,1.302938,1.2001256,2.5372539,-1.9629811,-2.30369,-1.8199925,-1.5304276,-2.8883798
../data/train_data_mmini/6/Train_0028.jpg	6	-1.0,-1.0,1.0,1.0,1.0,1.0,-1.0,-1.0,-1.0,-1.0,1.0,-1.0,-1.0,-1.0,1.0,-1.0,1.0,-1.0,1.0,1.0,-1.0,1.0,-1.0,-1.0	-1.5859244,-0.97435087,2.1447072,1.3471556,2.2245295,2.0393684,-3.4273503,-2.4261556,-2.1328409,-3.1099365,2.8134873,-0.719914,-3.3223145,-1.9927042,1.9419929,-3.03768,1.6838136,-2.99444,2.1849504,1.1470442,-3.8342586,3.8491154,-2.9292474,-0.19857891
../data/train_data_mmini/6/Train_0029.jpg	6	1.0,-1.0,1.0,-1.0,-1.0,-1.0,1.0,1.0,-1.0,-1.0,1.0,1.0,-1.0,-1.0,1.0,1.0,-1.0,1.0,1.0,-1.0,1.0,-1.0,-1.0,-1.0	2.7077117,-0.17119128,0.15985498,-2.3773844,-1.7846347,-0.18708171,0.6063937,4.9946723,-0.6399362,-0.120288104,0.5141121,4.745199,-3.0434349,-0.22908556,0.5811508,4.0474024,-0.22081818,0.8083875,1.0844356,-3.0030198,0.7216413,-2.4060044,-0.9508269,-1.3177117
../data/train_data_mmini/7/Train_0030.jpg	7	1.0,-1.0,-1.0,1.0,1.0,1.0,1.0,1.0,-1.0,1.0,1.0,1.0,-1.0,1.0,-1.0,1.0,-1.0,1.0,-1.0,-1.0,1.0,-1.0,1.0,-1.0	0.9603166,-1.1628273,-1.7008293,1.4399538,0.70197237,0.0052876896,1.4976734,1.959363,-1.0157974,1.5881095,1.4043293,1.5885789,-0.42901278,2.8751361,-1.1579645,2.45021,-0.9450654,3.8546634,-1.4446634,-0.4447763,1.357887,-1.8538586,2.5121102,-3.4653664
../data/train_data_mmini/7/Train_0031.jpg	7	1.0,-1.0,1.0,-1.0,-1.0,1.0,-1.0,1.0,-1.0,-1.0,1.0,1.0,-1.0,-1.0,1.0,1.0,1.0,1.0,1.0,-1.0,-1.0,-1.0,-1.0,-1.0	1.7234633,-1.9075398,1.3975598,-2.1557543,-0.8153473,1.188424,-3.1067066,4.7724233,-2.5587826,-2.7346513,2.7284544,4.519307,-4.9092174,-0.9527897,1.6121588,2.3051207,0.92455906,0.48803267,1.6710871,-2.9812593,-1.0204612,-1.8749827,-1.6337634,-1.9495701
../data/train_data_mmini/7/Train_0032.jpg	7	1.0,-1.0,1.0,-1.0,1.0,1.0,-1.0,1.0,-1.0,-1.0,1.0,1.0,-1.0,-1.0,1.0,-1.0,1.0,-1.0,1.0,-1.0,-1.0,1.0,-1.0,-1.0	0.20269752,-0.7218345,4.5963936,-2.3547711,0.36101466,2.1044288,-5.1099677,1.3389969,-2.183293,-4.0576086,3.0645628,2.9763823,-6.4495606,-4.709575,4.5756683,-0.35943452,2.447692,-5.2404394,4.2360888,-1.5899323,-5.004099,1.5508393,-6.050943,-0.18755561
../data/train_data_mmini/7/Train_0033.jpg	7	1.0,-1.0,-1.0,1.0,1.0,1.0,-1.0,1.0,-1.0,-1.0,1.0,1.0,-1.0,1.0,1.0,1.0,1.0,1.0,-1.0,-1.0,1.0,-1.0,1.0,-1.0	1.3473382,-1.8775014,-0.28246278,0.52483666,0.18901916,0.6186481,-0.48630628,3.8251636,-2.3813412,-3.1927304,2.4868608,1.9469225,-2.902218,2.667266,0.26484117,0.29719856,0.7740571,5.192958,-1.1892802,-1.7802216,0.9278969,-2.2277255,1.959243,-2.351569
../data/train_data_mmini/7/Train_0034.jpg	7	-1.0,-1.0,1.0,-1.0,1.0,1.0,-1.0,1.0,-1.0,-1.0,1.0,1.0,-1.0,-1.0,1.0,-1.0,1.0,-1.0,1.0,-1.0,-1.0,1.0,-1.0,-1.0	-0.19082144,-0.16709039,5.8301663,-1.3450953,0.95191616,1.9299963,-5.2290263,0.15323038,-1.97117,-5.6644545,3.0931988,0.89970165,-6.7829013,-3.389684,3.9949303,-3.3156648,2.8993714,-3.9699724,4.6411543,-0.43356282,-4.9400587,3.0255287,-6.0460215,-0.033730175
../data/train_data_mmini/8/Train_0035.jpg	8	1.0,1.0,1.0,-1.0,-1.0,-1.0,1.0,1.0,-1.0,-1.0,-1.0,1.0,-1.0,-1.0,1.0,1.0,-1.0,-1.0,1.0,-1.0,-1.0,-1.0,-1.0,1.0	1.0049988,0.26914492,0.7359817,-2.320887,-1.1085181,-0.34039506,0.16699995,1.7305522,-0.61545175,-0.21615182,-0.8290586,2.531766,-1.5385219,-2.253636,1.3510138,0.9212666,-0.2859608,-2.677554,1.0471708,-1.0485928,-0.6315404,-0.20539641,-2.6812463,1.0324309
../data/train_data_mmini/8/Train_0036.jpg	8	1.0,-1.0,1.0,-1.0,1.0,1.0,-1.0,1.0,-1.0,-1.0,1.0,1.0,-1.0,-1.0,1.0,1.0,1.0,-1.0,1.0,-1.0,-1.0,-1.0,-1.0,-1.0	0.048685294,-2.3464031,2.2349563,-0.65744734,0.9795468,1.2887596,-3.809528,2.7524197,-2.5049484,-2.3850148,3.0883255,3.3477087,-4.5787673,-1.5789415,2.043703,1.1994898,0.75297797,-0.17616577,2.1867363,-0.69467664,-2.7037542,-1.269541,-2.0134192,-2.7540264
../data/train_data_mmini/8/Train_0037.jpg	8	-1.0,-1.0,1.0,1.0,1.0,1.0,-1.0,1.0,-1.0,-1.0,1.0,1.0,-1.0,-1.0,1.0,-1.0,1.0,1.0,1.0,-1.0,-1.0,1.0,-1.0,-1.0	-0.25723785,-2.2028365,1.993619,2.3438509,2.5257318,3.5860913,-4.7424645,0.36828187,-4.35032,-5.8282485,5.507817,0.48908702,-6.2678275,-0.37898192,2.3412368,-2.0323067,2.6222558,0.077939786,1.8892592,-0.5630961,-4.319346,3.3013325,-2.3118837,-1.803706
../data/train_data_mmini/8/Train_0038.jpg	8	1.0,-1.0,1.0,-1.0,-1.0,1.0,-1.0,1.0,-1.0,-1.0,1.0,1.0,-1.0,-1.0,1.0,1.0,1.0,-1.0,1.0,-1.0,-1.0,-1.0,-1.0,-1.0	1.0029746,-0.8887576,1.0638533,-1.2376704,-0.20997418,0.58267295,-1.838055,2.6396353,-1.7085775,-1.2967577,1.5473121,3.243462,-3.8205104,-1.346134,1.1799136,1.1799772,0.40206867,-0.59180677,1.1709846,-1.6098732,-0.8169352,-0.82490885,-1.6300707,-1.2681754
../data/train_data_mmini/8/Train_0039.jpg	8	1.0,-1.0,1.0,-1.0,-1.0,1.0,-1.0,1.0,-1.0,-1.0,1.0,1.0,-1.0,-1.0,1.0,1.0,-1.0,-1.0,1.0,-1.0,-1.0,-1.0,-1.0,-1.0	1.5594732,-0.4276296,0.7739801,-2.6161747,-1.0075728,0.06503738,-0.2924398,3.320202,-1.6744348,-0.9263363,0.47789326,3.5504637,-2.6924574,-1.639963,1.6428436,2.2703202,-0.32366168,-1.6620246,1.4112704,-1.9517056,-0.8065684,-0.80578333,-2.4400432,-0.21640612
../data/train_data_mmini/9/Train_0040.jpg	9	-1.0,1.0,-1.0,1.0,1.0,1.0,1.0,-1.0,1.0,-1.0,-1.0,-1.0,1.0,-1.0,1.0,-1.0,1.0,-1.0,-1.0,1.0,-1.0,1.0,-1.0,1.0	-0.25038216,1.1806597,-1.1434236,1.6036792,0.31180206,0.74593276,3.2360578,-3.752698,0.021827873,-0.39162874,-1.2539917,-1.878002,1.148082,-0.0036543584,0.06568964,-1.5001454,0.40678614,-2.6599405,-0.5369065,1.5984933,-0.7111814,4.7505865,-1.8238122,2.7831275
../data/train_data_mmini/9/Train_0041.jpg	9	1.0,-1.0,1.0,-1.0,-1.0,1.0,-1.0,1.0,-1.0,-1.0,1.0,1.0,-1.0,-1.0,1.0,-1.0,1.0,-1.0,1.0,-1.0,-1.0,-1.0,-1.0,-1.0	0.28792834,-2.290376,3.4464474,-2.499153,-0.34543517,1.2588828,-5.595243,4.0972915,-2.458578,-3.316619,3.7285466,3.1343606,-5.4892707,-1.9359468,2.0422544,-0.0035434773,1.4987572,-0.066904955,2.9036875,-2.102379,-2.4378066,-1.9100922,-2.099039,-2.5252788
../data/train_data_mmini/9/Train_0042.jpg	9	-1.0,1.0,1.0,1.0,1.0,1.0,-1.0,-1.0,-1.0,-1.0,1.0,-1.0,-1.0,-1.0,1.0,-1.0,1.0,-1.0,1.0,1.0,-1.0,1.0,-1.0,1.0	-0.48026973,0.93091476,0.5121173,2.5151021,1.2362537,2.807061,-0.108439654,-4.4683094,-1.148491,-3.2716808,0.6573319,-1.8515958,-1.8567954,-1.522523,1.9183259,-2.517969,2.6329687,-4.6997805,1.4012849,0.9311137,-3.7911592,7.1913786,-4.3138895,2.6447923
../data/train_data_mmini/9/Train_0043.jpg	9	1.0,1.0,-1.0,-1.0,-1.0,-1.0,1.0,-1.0,1.0,1.0,-1.0,1.0,1.0,-1.0,1.0,1.0,-1.0,-1.0,-1.0,1.0,1.0,1.0,-1.0,1.0	0.1404146,1.3950986,-0.4493185,-1.3421731,-0.9824561,-0.9124761,3.2422063,-1.7806969,1.0636631,2.1452491,-2.981669,0.13375881,1.597152,-1.7364706,0.08530548,0.10518335,-1.5644344,-4.0973043,-0.20687018,0.72739196,0.6351795,1.7976803,-2.1711338,2.5271988
../data/train_data_mmini/9/Train_0044.jpg	9	1.0,1.0,-1.0,-1.0,-1.0,-1.0,1.0,1.0,-1.0,1.0,-1.0,1.0,-1.0,1.0,-1.0,1.0,-1.0,1.0,-1.0,-1.0,1.0,-1.0,-1.0,-1.0	3.2852073,0.52632344,-1.1443433,-2.1191056,-2.0321732,-0.14150047,2.8925593,3.9295454,-0.77687925,1.0720494,-0.35820395,3.8528855,-1.3267126,1.6007013,-0.14531384,4.3226705,-0.7921231,0.93672025,-0.11989491,-3.1127312,2.146181,-1.345186,-0.54865575,-0.8209577
../data/train_data_mmini/10/Train_0045.jpg	10	1.0,-1.0,1.0,-1.0,-1.0,1.0,-1.0,1.0,-1.0,-1.0,1.0,1.0,-1.0,-1.0,1.0,1.0,1.0,-1.0,1.0,-1.0,-1.0,-1.0,-1.0,-1.0	0.9528848,-0.5527154,4.092971,-4.5133734,-1.2644203,0.36533287,-4.4497595,4.5879865,-1.3863434,-2.3195314,2.0857224,4.4797144,-5.3222957,-4.0039864,3.0186002,1.3683734,1.3007823,-2.7069423,3.8248217,-2.523973,-2.4905102,-1.9600245,-4.213328,-0.6682261
../data/train_data_mmini/10/Train_0046.jpg	10	1.0,-1.0,1.0,-1.0,-1.0,1.0,-1.0,1.0,-1.0,-1.0,1.0,1.0,-1.0,-1.0,1.0,1.0,1.0,-1.0,1.0,-1.0,-1.0,1.0,-1.0,-1.0	1.6838669,-0.038099293,1.0301003,-1.0088878,-0.650542,1.2202699,-1.1816498,1.9828635,-1.9952911,-2.3746939,2.0161948,2.4924355,-4.2170887,-1.170103,2.0312326,1.6590723,0.7121237,-1.5851275,2.0170486,-2.485422,-1.6791039,1.3833197,-3.3380518,-0.40712848
../data/train_data_mmini/10/Train_0047.jpg	10	1.0,-1.0,1.0,-1.0,-1.0,1.0,-1.0,1.0,-1.0,-1.0,1.0,1.0,-1.0,-1.0,1.0,1.0,1.0,-1.0,1.0,-1.0,-1.0,1.0,-1.0,-1.0	0.79330987,-0.74726474,4.424505,-3.552738,-0.49371904,0.98263687,-3.9847589,2.8439338,-1.44838,-2.6438153,1.9697646,4.594516,-5.6603346,-5.036806,3.881493,1.5985445,1.1633207,-5.295148,4.613921,-1.3640699,-3.991223,0.021465424,-6.140927,-0.41491082
../data/train_data_mmini/10/Train_0048.jpg	10	1.0,-1.0,1.0,-1.0,-1.0,-1.0,-1.0,1.0,1.0,-1.0,1.0,1.0,-1.0,-1.0,1.0,1.0,1.0,-1.0,1.0,-1.0,-1.0,-1.0,-1.0,-1.0	2.0097795,-0.06295943,3.1177511,-5.273803,-2.0854967,-0.34346417,-1.6278977,5.042632,0.13906692,-0.25845215,0.2263096,5.516046,-3.411264,-3.1995013,2.5415275,3.7076511,0.5085833,-3.377096,3.9133418,-2.7819357,-1.4462192,-2.7118497,-4.4589763,-0.551982
../data/train_data_mmini/10/Train_0049.jpg	10	1.0,-1.0,1.0,-1.0,-1.0,1.0,-1.0,1.0,-1.0,-1.0,1.0,1.0,-1.0,-1.0,1.0,1.0,1.0,-1.0,1.0,-1.0,-1.0,1.0,-1.0,1.0	0.7836805,-0.3984854,1.6848139,-1.5400947,-0.16491173,0.6394546,-1.2573954,1.6179972,-1.9722661,-1.7184952,1.1427952,2.5896118,-3.5015945,-2.6350648,2.1939142,0.69788045,0.23269497,-2.8417816,2.1328862,-1.0174717,-2.0475516,1.0608021,-3.7699409,0.08644159
