../data/train_data_mmini/1/Train_0000.jpg	1	1.0,1.0,-1.0,1.0,-1.0,-1.0,1.0,-1.0,-1.0,1.0,1.0,-1.0,-1.0,1.0,-1.0,1.0,-1.0,1.0,1.0,-1.0,-1.0,-1.0,-1.0,1.0	1.2976978,1.9481777,-0.2525136,0.8777424,-1.0909735,-1.8243905,1.0544841,-1.9917917,-1.5841163,0.9282702,0.8341758,-0.2209143,-1.1515211,1.0546517,-1.7179948,1.4146138,-0.5604071,1.8539867,4.0698643,-0.9184011,-0.6344894,-1.0723251,-0.6049487,1.6105784
../data/train_data_mmini/1/Train_0001.jpg	1	1.0,-1.0,-1.0,1.0,1.0,1.0,-1.0,-1.0,1.0,1.0,1.0,-1.0,-1.0,-1.0,1.0,-1.0,-1.0,1.0,-1.0,-1.0,-1.0,-1.0,-1.0,1.0	0.4060736,-0.35083082,-1.3412472,0.5353341,2.7099445,1.2156651,-2.6371567,-0.67012477,1.4215095,1.1566815,4.2445993,-4.577781,-3.0630634,-1.4070106,4.724484,-1.6532503,-0.42352793,0.45352083,-0.3358482,-0.2416791,-0.12354218,-2.7509365,-4.397668,0.87591237
../data/train_data_mmini/1/Train_0002.jpg	1	1.0,-1.0,1.0,-1.0,1.0,-1.0,1.0,1.0,-1.0,-1.0,1.0,1.0,-1.0,1.0,-1.0,-1.0,-1.0,1.0,-1.0,-1.0,1.0,-1.0,-1.0,1.0	2.4438345,-0.0568742,1.5539978,-4.537112,2.5829897,-0.34073693,5.0763803,1.1418195,-1.3165106,-2.1935902,2.7985957,0.32346275,-1.3488166,0.8297838,-1.77251,-1.9198554,-1.7425038,2.6684568,-2.864281,-1.3026584,3.4038742,-2.02566,-2.7112253,2.7513826
../data/train_data_mmini/1/Train_0003.jpg	1	-1.0,1.0,-1.0,1.0,-1.0,-1.0,1.0,-1.0,-1.0,1.0,1.0,1.0,-1.0,-1.0,-1.0,-1.0,-1.0,-1.0,1.0,-1.0,-1.0,-1.0,1.0,1.0	-1.9577843,1.7719609,-1.1484405,2.3478632,-0.6007347,-1.0276387,1.7670609,-2.3770037,-0.7860779,3.2127695,0.0030149375,0.43669608,-1.7443837,-1.9573256,-0.23241636,-0.1407241,-2.2309473,-0.8383597,2.9116507,-2.07475,-2.6053956,-1.3186026,0.83078134,0.5615048
../data/train_data_mmini/1/Train_0004.jpg	1	1.0,1.0,-1.0,1.0,-1.0,1.0,-1.0,-1.0,1.0,1.0,-1.0,1.0,1.0,1.0,-1.0,1.0,-1.0,1.0,1.0,-1.0,-1.0,-1.0,-1.0,1.0	3.0584576,1.6819806,-2.446208,0.94815636,-4.178361,1.0636551,-1.7523346,-3.092527,0.84711385,1.2372035,-2.0771601,0.44891858,0.44851798,4.178257,-0.57273376,3.837429,-0.96487385,2.2915006,3.8538306,-1.4576802,-1.9453729,-0.5858812,-0.12453511,0.75030816
../data/train_data_mmini/2/Train_0005.jpg	2	1.0,1.0,-1.0,-1.0,-1.0,-1.0,-1.0,1.0,-1.0,-1.0,1.0,1.0,1.0,-1.0,1.0,1.0,1.0,-1.0,1.0,1.0,1.0,-1.0,1.0,-1.0	0.04828264,1.0016377,-1.8677422,-1.9575099,-0.28274304,-0.9008812,-1.7388114,0.8845651,-0.973328,-0.65288156,1.1945975,3.5753973,0.2194364,-0.71283615,1.0774658,1.0909113,2.3661673,-1.5238183,0.7280054,2.4079347,0.4056246,-2.7657955,0.16979009,-2.9280605
../data/train_data_mmini/2/Train_0006.jpg	2	-1.0,-1.0,-1.0,1.0,-1.0,-1.0,1.0,1.0,-1.0,1.0,-1.0,1.0,1.0,-1.0,-1.0,1.0,-1.0,-1.0,1.0,-1.0,-1.0,1.0,-1.0,-1.0	-2.3251781,-0.013997281,-1.6473382,1.0896683,-3.3872163,-0.9351311,0.2332289,0.928669,-0.69462097,1.6067047,-1.7931988,3.72572,1.2000544,-0.15079376,-0.69247746,2.924163,-0.5687934,-1.4895792,0.27516043,-0.7299191,-0.29663524,1.0786657,-0.050045073,-5.574938
../data/train_data_mmini/2/Train_0007.jpg	2	1.0,1.0,1.0,1.0,1.0,1.0,1.0,-1.0,-1.0,1.0,-1.0,-1.0,1.0,1.0,1.0,-1.0,1.0,1.0,1.0,1.0,-1.0,1.0,1.0,1.0	0.64901906,0.8866595,0.60757977,2.7910717,0.84719956,1.3103485,3.5895014,-2.9630938,-0.36602157,0.36289346,-1.744288,-2.1081998,1.4154902,1.5610145,1.0887773,-0.21965611,0.37748834,0.20264877,0.5796246,0.7854966,-1.1986965,0.18553689,0.6925139,5.3740177
../data/train_data_mmini/2/Train_0008.jpg	2	1.0,-1.0,1.0,-1.0,-1.0,-1.0,-1.0,1.0,1.0,-1.0,-1.0,1.0,-1.0,1.0,1.0,-1.0,1.0,1.0,1.0,-1.0,1.0,1.0,1.0,1.0	2.927586,-1.415474,0.8805922,-2.5815508,-0.62816924,-3.9574807,-1.2835556,1.2447729,2.1423528,-2.9419234,-0.57766557,0.1737597,-3.346254,2.1104662,0.1512125,-0.4507746,1.484121,3.286679,3.3119912,-2.3606498,0.46229172,0.9787261,0.94844794,4.8322797
../data/train_data_mmini/2/Train_0009.jpg	2	-1.0,1.0,-1.0,1.0,-1.0,-1.0,-1.0,-1.0,-1.0,-1.0,1.0,1.0,-1.0,-1.0,-1.0,1.0,-1.0,-1.0,1.0,1.0,-1.0,1.0,1.0,-1.0	-0.43190596,2.526914,-0.7568288,1.462148,-0.68241674,-1.7105913,-2.470351,-2.4725015,-2.1786718,-1.0279875,0.3433583,0.8412511,-1.1108245,-1.183286,-1.2170459,0.6420229,-0.72593707,-0.46875876,1.332597,1.833571,-1.8223065,1.0799766,2.1708522,-1.0627583
../data/train_data_mmini/3/Train_0010.jpg	3	-1.0,1.0,-1.0,-1.0,-1.0,1.0,-1.0,1.0,1.0,-1.0,1.0,1.0,-1.0,1.0,1.0,1.0,-1.0,-1.0,1.0,-1.0,-1.0,-1.0,1.0,-1.0	-0.068660796,2.4575036,-1.47451,-0.95730937,-2.5591316,0.6911113,-4.327446,0.6695733,0.74424505,-3.4759088,0.7547912,1.321403,-2.9276967,0.43452522,3.073021,1.8163477,-0.7819353,-0.2271295,0.7764506,-1.2348528,-3.4185274,-0.58781725,2.75144,-0.8549184
../data/train_data_mmini/3/Train_0011.jpg	3	1.0,-1.0,1.0,-1.0,1.0,1.0,1.0,1.0,1.0,-1.0,1.0,-1.0,-1.0,1.0,1.0,1.0,1.0,1.0,1.0,-1.0,1.0,-1.0,-1.0,-1.0	1.5828866,-0.0685479,0.796155,-3.795507,1.1476847,0.9739213,2.0246656,1.5973464,0.88637495,-4.0819483,2.6437647,-0.9102506,-1.6050628,0.19682682,0.2315972,0.9413684,0.004420923,1.2481233,2.07109,-0.9431466,1.7788144,-3.7184913,-2.518962,-0.44384772
../data/train_data_mmini/3/Train_0012.jpg	3	1.0,1.0,1.0,-1.0,1.0,-1.0,-1.0,1.0,1.0,1.0,1.0,-1.0,-1.0,-1.0,-1.0,1.0,-1.0,1.0,1.0,-1.0,1.0,-1.0,-1.0,-1.0	1.1909022,0.42509475,0.2447187,-1.5432245,2.0490026,-1.4461087,-1.2039303,0.08932921,0.03387285,3.2763283,2.6680048,-2.3938878,-4.770483,-1.8789108,-0.21655566,0.19664457,-0.5626074,1.8765575,0.8725374,-1.5267297,0.056672458,-1.5752347,-4.405017,-1.444933
../data/train_data_mmini/3/Train_0013.jpg	3	1.0,-1.0,-1.0,-1.0,1.0,-1.0,-1.0,1.0,1.0,1.0,1.0,1.0,-1.0,1.0,1.0,-1.0,1.0,1.0,-1.0,1.0,1.0,-1.0,-1.0,-1.0	1.7729312,-0.78232425,-1.802287,-3.704392,0.09106312,-1.1595142,-3.8066688,0.34388354,0.15210707,0.34859145,1.2635953,1.1817791,-1.7598592,0.168643,0.7395859,-0.05916911,0.2861651,1.2254862,-2.7252598,0.4931285,2.2784579,-0.00839648,-2.6220715,-0.695195
../data/train_data_mmini/3/Train_0014.jpg	3	1.0,1.0,-1.0,-1.0,-1.0,1.0,-1.0,1.0,-1.0,-1.0,1.0,1.0,1.0,-1.0,1.0,1.0,1.0,-1.0,1.0,1.0,1.0,-1.0,1.0,-1.0	0.18007754,0.4662566,-1.133121,-0.11024644,-2.0532944,0.9534768,-1.7730634,1.1082536,-0.7221974,-4.3815746,0.784656,3.1348138,1.5553284,-0.20548485,1.4824246,3.0971904,0.52338564,-1.7732219,2.87324,0.5314915,0.96059424,-1.2942199,0.79430497,-4.058957
../data/train_data_mmini/4/Train_0015.jpg	4	1.0,-1.0,1.0,-1.0,1.0,-1.0,1.0,1.0,1.0,1.0,-1.0,-1.0,-1.0,1.0,-1.0,1.0,1.0,1.0,1.0,-1.0,1.0,-1.0,-1.0,1.0	1.4201992,-2.513527,2.0232015,-2.1243846,0.029485187,-0.96729946,2.4322624,3.340254,2.4939914,0.49130946,-0.25484788,-2.0587072,-1.9878457,1.9471811,-0.93366516,0.22130764,2.5525188,0.41862294,1.9434229,-2.4073482,0.88703793,-1.1260575,-0.44853997,2.2286403
../data/train_data_mmini/4/Train_0016.jpg	4	1.0,-1.0,1.0,-1.0,1.0,1.0,1.0,1.0,-1.0,-1.0,1.0,-1.0,-1.0,-1.0,-1.0,-1.0,-1.0,-1.0,1.0,-1.0,1.0,-1.0,-1.0,-1.0	1.311512,-0.4318299,0.6520255,-1.7863747,0.7465581,1.0884039,3.536925,0.2718008,-0.47285157,-2.8543353,2.5798128,-0.6349163,-1.2542953,-0.39392936,-0.5025226,-1.0786417,-2.7615116,-0.8519242,0.14359154,-0.653414,0.51643157,-3.994087,-4.0164976,-1.6413139
../data/train_data_mmini/4/Train_0017.jpg	4	-1.0,-1.0,1.0,-1.0,1.0,1.0,1.0,1.0,-1.0,1.0,1.0,-1.0,-1.0,-1.0,-1.0,1.0,1.0,-1.0,1.0,-1.0,1.0,-1.0,-1.0,-1.0	-0.96493405,-1.8327978,1.2380497,-2.0207489,1.5641296,0.55363476,1.3607262,3.756817,-0.098567836,0.8220168,2.298013,-0.36393997,-1.7093607,-1.8778054,-1.8634166,0.7280238,0.39314,-2.0388682,0.24876927,-0.048655972,1.1098542,-3.2933772,-3.4622858,-4.923186
../data/train_data_mmini/4/Train_0018.jpg	4	1.0,1.0,-1.0,-1.0,-1.0,1.0,-1.0,1.0,-1.0,-1.0,1.0,1.0,1.0,1.0,1.0,1.0,1.0,-1.0,1.0,1.0,1.0,-1.0,-1.0,-1.0	1.0875481,1.4433293,-0.8986388,-3.3510268,-1.0858117,1.5969594,-0.37080938,0.3268618,-0.6942079,-4.437689,0.908694,3.279823,1.5878388,1.2831621,2.3403375,4.2076607,1.6557364,-0.7857309,1.6799834,1.3038003,0.3435317,-2.220983,-0.5632136,-1.1156641
../data/train_data_mmini/4/Train_0019.jpg	4	-1.0,-1.0,-1.0,-1.0,-1.0,1.0,1.0,1.0,1.0,1.0,-1.0,1.0,1.0,1.0,-1.0,1.0,-1.0,-1.0,-1.0,-1.0,1.0,-1.0,1.0,-1.0	-1.2509427,-1.1251979,-0.65459067,-2.9775405,-3.5450995,1.3588243,0.93786293,2.566595,0.14303793,1.7217286,-1.2714038,3.823509,0.6187378,1.2362915,-2.4946737,1.9312453,-1.391263,-2.2144487,-3.7671092,-1.0082772,1.2328602,-1.5211117,0.29973555,-4.889839
../data/train_data_mmini/5/Train_0020.jpg	5	-1.0,1.0,-1.0,1.0,1.0,1.0,1.0,-1.0,-1.0,1.0,-1.0,-1.0,1.0,-1.0,1.0,-1.0,1.0,-1.0,-1.0,1.0,-1.0,1.0,-1.0,1.0	-0.38662082,0.8434054,-0.52188486,2.7163029,2.4503376,1.4530584,1.8373878,-3.5070665,-0.7302484,3.2590573,-0.110729024,-0.94925916,3.0414662,-1.1832739,1.739494,-1.2301925,0.014164748,-0.33438355,-2.4030795,1.9266245,-0.5152761,0.57769495,-1.751892,1.960576
../data/train_data_mmini/5/Train_0021.jpg	5	1.0,-1.0,-1.0,1.0,-1.0,-1.0,1.0,-1.0,1.0,1.0,-1.0,1.0,1.0,1.0,-1.0,1.0,1.0,-1.0,1.0,1.0,1.0,-1.0,1.0,1.0	2.0439963,-0.31587788,-0.99567705,0.13788699,-1.962054,-1.730634,2.3744726,-0.37609893,0.35234362,1.9867417,-1.5479698,1.5732912,1.3745391,1.750744,-1.0366261,4.2028513,1.2285106,-0.097138226,3.4650235,0.15765467,1.1930661,-0.5103963,0.6764658,1.6438115
../data/train_data_mmini/5/Train_0022.jpg	5	-1.0,1.0,1.0,1.0,1.0,-1.0,-1.0,-1.0,1.0,1.0,-1.0,-1.0,1.0,1.0,1.0,-1.0,1.0,-1.0,-1.0,1.0,-1.0,1.0,1.0,1.0	-0.18094558,1.0078194,0.423419,2.3899412,0.23472233,-2.1192083,-1.8730841,-0.87381244,0.75459,1.0795184,-1.7556962,-1.2107491,0.42258817,0.05507507,1.9725559,-1.2411829,2.7719786,-0.16293977,-1.1092001,1.0506158,-0.57396704,2.9796455,1.6197709,3.072233
../data/train_data_mmini/5/Train_0023.jpg	5	-1.0,1.0,-1.0,1.0,-1.0,1.0,1.0,-1.0,1.0,1.0,-1.0,1.0,1.0,1.0,1.0,1.0,-1.0,-1.0,1.0,1.0,-1.0,-1.0,1.0,1.0	-0.40834165,2.059797,-2.0081096,3.1410465,-0.07954282,1.9534106,1.8274659,-3.816941,0.10315071,4.1319437,-1.4206657,0.48451737,2.2975903,0.12718275,1.9702954,0.84479344,-0.950486,-0.40882325,0.90603,0.6122086,-1.9961401,-0.7523771,0.28064954,1.9494139
../data/train_data_mmini/5/Train_0024.jpg	5	1.0,1.0,-1.0,-1.0,-1.0,-1.0,1.0,-1.0,-1.0,1.0,1.0,1.0,-1.0,1.0,-1.0,1.0,1.0,1.0,1.0,1.0,-1.0,-1.0,1.0,1.0	2.18823,3.0624304,-1.3572303,-0.35851204,-0.30149418,-1.8135878,0.3605195,-3.3285482,-1.9956739,1.2503866,0.6137103,1.6479445,-1.0311606,1.5514165,-0.8594289,2.6306233,1.2460973,1.4526819,3.7122762,1.5841092,-1.0932142,-2.0854716,0.121766776,2.397683
../data/train_data_mmini/6/Train_0025.jpg	6	-1.0,-1.0,1.0,-1.0,-1.0,1.0,1.0,1.0,-1.0,-1.0,1.0,1.0,-1.0,-1.0,-1.0,1.0,-1.0,-1.0,-1.0,-1.0,-1.0,-1.0,-1.0,-1.0	-3.89157,-2.7452505,0.053366255,-1.9629157,-0.07004348,0.4520244,4.4263763,4.533926,-0.06465632,-0.424668,2.029917,1.0079415,-2.6737418,-3.0780866,-1.6493217,2.0669653,-0.9714438,-7.2348523,-0.7051644,-1.589058,-0.75463617,-3.8338113,-1.494351,-6.9526954
../data/train_data_mmini/6/Train_0026.jpg	6	-1.0,1.0,-1.0,1.0,-1.0,1.0,1.0,-1.0,-1.0,-1.0,-1.0,1.0,1.0,-1.0,1.0,1.0,1.0,-1.0,-1.0,-1.0,-1.0,-1.0,1.0,-1.0	-1.135964,2.7498016,-0.8407003,1.3311838,-2.994616,1.3847792,0.888481,-0.92330647,-1.6452787,-3.6299124,-0.067550376,1.1103364,0.14290638,-0.1532882,5.091898,0.19408455,0.47247753,-4.904856,-0.12352443,-1.2343363,-4.179993,-2.5912397,2.170469,-0.1250581
../data/train_data_mmini/6/Train_0027.jpg	6	-1.0,1.0,1.0,1.0,-1.0,1.0,-1.0,1.0,1.0,-1.0,1.0,-1.0,-1.0,-1.0,1.0,-1.0,-1.0,-1.0,-1.0,-1.0,-1.0,-1.0,1.0,-1.0	-1.3590358,0.30816135,0.18390134,0.11477581,-0.8426817,3.5116093,-0.9046656,0.6425179,0.17517078,-4.939414,1.8489479,-0.78006643,-1.215198,-0.43629444,1.9762003,-0.08502941,-2.3760207,-1.8884858,-1.6095079,-0.8336773,-2.748825,-1.3155386,0.70288473,-2.675644
../data/train_data_mmini/6/Train_0028.jpg	6	1.0,-1.0,1.0,-1.0,1.0,1.0,1.0,-1.0,1.0,-1.0,1.0,-1.0,1.0,1.0,1.0,-1.0,1.0,1.0,1.0,-1.0,1.0,-1.0,-1.0,1.0	2.8087327,-0.62899846,0.53950214,-1.0744766,0.28152338,2.1734118,1.2268375,-0.9626807,0.23444287,-6.0406303,0.3938188,-0.69167244,2.214534,2.7402215,0.51254135,-0.6929206,0.0072476957,2.090762,0.74603957,-0.07925772,0.74193436,-1.0406035,-2.1124837,3.5679207
../data/train_data_mmini/6/Train_0029.jpg	6	1.0,1.0,-1.0,-1.0,-1.0,-1.0,-1.0,-1.0,-1.0,1.0,1.0,1.0,-1.0,-1.0,-1.0,1.0,-1.0,1.0,-1.0,-1.0,1.0,-1.0,1.0,-1.0	2.3597987,2.8466291,-1.324521,-5.293283,-0.46779913,-2.4433985,-0.5359356,-0.5668011,-2.8344867,2.1476173,1.3759145,3.5143797,-5.6906633,-0.34388036,-3.5389104,3.4806297,-2.3807995,0.5413416,-1.5762831,-0.43863204,1.4000393,-1.8489583,0.9991098,-1.3910364
../data/train_data_mmini/7/Train_0030.jpg	7	-1.0,1.0,1.0,1.0,1.0,-1.0,1.0,1.0,-1.0,1.0,1.0,-1.0,-1.0,-1.0,-1.0,-1.0,1.0,-1.0,-1.0,1.0,-1.0,1.0,-1.0,-1.0	-2.31601,0.048615158,0.82485265,1.3311994,2.169814,-1.8880419,2.7314215,0.18148595,-2.2009532,1.9782423,1.2753595,-0.5243008,-0.8656152,-3.5639675,-1.2125114,-1.276117,0.8637833,-3.3312967,-0.9584057,1.1641513,-0.85597634,0.17705826,-1.7315539,-2.7332842
../data/train_data_mmini/7/Train_0031.jpg	7	-1.0,1.0,-1.0,-1.0,1.0,-1.0,-1.0,-1.0,-1.0,-1.0,1.0,1.0,-1.0,-1.0,-1.0,-1.0,-1.0,1.0,-1.0,1.0,-1.0,1.0,-1.0,-1.0	-0.3127107,1.7262985,-0.41896027,-1.1082833,0.42657617,-2.0478582,-2.5201373,-0.5878364,-1.623525,-0.94888884,1.5518534,0.9203664,-2.6220045,-1.9521132,-1.1024976,-0.70827967,-1.0499494,0.5961303,-1.0173858,0.7061604,-1.3197745,0.993352,-0.38864982,-0.49374253
../data/train_data_mmini/7/Train_0032.jpg	7	1.0,-1.0,1.0,-1.0,1.0,-1.0,-1.0,1.0,-1.0,-1.0,1.0,1.0,-1.0,1.0,1.0,1.0,1.0,1.0,1.0,1.0,1.0,-1.0,1.0,1.0	1.5061489,-0.160335,0.41551608,-2.8083115,0.7184204,-0.24382988,-2.4090927,1.2516792,-0.024681328,-5.3114057,1.0690823,1.6432743,-0.123695344,1.305768,0.64392173,1.5394554,0.96019983,1.177594,1.0199915,0.08639798,1.0253545,-0.35395765,0.12328608,0.49238715
../data/train_data_mmini/7/Train_0033.jpg	7	-1.0,1.0,-1.0,1.0,-1.0,1.0,-1.0,-1.0,-1.0,-1.0,1.0,1.0,-1.0,-1.0,1.0,1.0,-1.0,-1.0,1.0,1.0,-1.0,-1.0,1.0,-1.0	-0.40775007,2.6546493,-1.8852859,0.98297393,-0.8338509,0.2724762,-1.6943915,-2.6854146,-1.3718908,-0.25441235,2.1674652,1.6131357,-0.60119486,-0.9274683,0.14272822,0.8281022,-2.4267259,-0.41240656,0.6854696,0.8597523,-2.2924483,-1.9408562,0.6548597,-2.8478649
../data/train_data_mmini/7/Train_0034.jpg	7	1.0,1.0,-1.0,-1.0,-1.0,1.0,-1.0,1.0,1.0,-1.0,1.0,1.0,1.0,1.0,1.0,1.0,-1.0,1.0,1.0,-1.0,-1.0,-1.0,-1.0,-1.0	2.3704193,0.89216053,-0.3534762,-1.4914838,-1.6138376,3.104932,-1.443544,0.3054889,0.45182845,-6.3150053,0.74247754,1.9165059,0.9562344,2.3338037,1.2456388,3.0110683,-1.5172739,0.2249666,2.1799536,-0.19179818,-0.6933734,-3.7011578,-0.44203472,-0.91319185
../data/train_data_mmini/8/Train_0035.jpg	8	1.0,-1.0,-1.0,-1.0,1.0,-1.0,-1.0,1.0,1.0,-1.0,1.0,1.0,-1.0,-1.0,1.0,1.0,1.0,1.0,1.0,1.0,1.0,-1.0,1.0,-1.0	1.3225181,-0.3919722,-1.7668377,-1.4783646,0.9775529,-1.0052661,-6.035614,0.92214906,1.0740112,-0.50054127,1.839117,1.174709,-1.885648,-1.3925182,3.0721908,0.48942366,3.1646154,0.016734436,0.65957206,2.377136,0.9823846,-0.8925893,0.27476743,-2.5444112
../data/train_data_mmini/8/Train_0036.jpg	8	-1.0,-1.0,1.0,-1.0,1.0,-1.0,1.0,1.0,-1.0,-1.0,1.0,1.0,-1.0,-1.0,-1.0,-1.0,-1.0,-1.0,-1.0,1.0,-1.0,-1.0,1.0,-1.0	-3.149739,-0.31515223,1.1125512,-2.7441638,0.91013193,-0.32515794,2.4327683,2.8962226,-2.2521038,-6.53761,1.4759125,3.6102233,-0.035667498,-3.2150295,-2.0024626,-1.4751387,-0.82507163,-3.243635,-2.844277,0.5304272,-0.67269653,-0.3544234,0.9095301,-2.581171
../data/train_data_mmini/8/Train_0037.jpg	8	1.0,1.0,1.0,1.0,1.0,1.0,1.0,-1.0,-1.0,-1.0,1.0,-1.0,1.0,1.0,1.0,1.0,-1.0,-1.0,1.0,1.0,-1.0,-1.0,-1.0,-1.0	0.8200646,0.44944957,0.7534342,0.23365477,0.41651285,2.031951,1.4749545,-0.58826244,-0.72368103,-5.1988354,1.2388514,-0.19918475,0.7484677,0.2924221,1.2483222,0.04963177,-0.374411,-1.1480964,1.297122,1.2445146,-0.6669196,-3.509105,-0.88690174,-0.14970833
../data/train_data_mmini/8/Train_0038.jpg	8	-1.0,1.0,1.0,-1.0,1.0,-1.0,-1.0,1.0,-1.0,-1.0,1.0,-1.0,-1.0,-1.0,1.0,-1.0,1.0,1.0,-1.0,1.0,-1.0,1.0,1.0,1.0	-0.4428765,0.629584,1.4815702,-1.3102677,2.973144,-3.7558017,-3.1826468,2.0524545,-0.27765897,-3.1867456,2.1420047,-1.3732228,-5.024244,-3.0681994,0.7802064,-4.0924644,1.7218851,0.9492448,-1.2216723,0.12778881,-1.1188556,1.5340912,1.6914976,2.835351
../data/train_data_mmini/8/Train_0039.jpg	8	1.0,-1.0,-1.0,-1.0,1.0,-1.0,-1.0,1.0,-1.0,-1.0,1.0,1.0,-1.0,-1.0,-1.0,1.0,-1.0,1.0,-1.0,1.0,1.0,-1.0,-1.0,-1.0	1.5715723,-0.67680174,-2.2713323,-3.0572808,0.63949674,-0.2488698,-5.7442627,0.10715106,-0.14430536,-0.5996936,2.7965603,1.9398551,-1.2818666,-0.78878886,-0.8001238,1.1657735,-0.13206095,1.151093,-0.04056196,2.1398916,2.7512465,-2.0896869,-1.5086658,-4.0320363
../data/train_data_mmini/9/Train_0040.jpg	9	1.0,1.0,1.0,-1.0,-1.0,-1.0,1.0,1.0,1.0,1.0,-1.0,-1.0,-1.0,1.0,-1.0,1.0,1.0,-1.0,1.0,-1.0,1.0,-1.0,-1.0,1.0	1.030705,0.4550183,0.54822594,-0.46446624,-0.5127044,-0.5583689,2.1358619,0.43031493,0.28285748,2.7952702,-0.8149935,-1.4059993,-2.0361826,1.5481504,-0.8396507,2.1032977,1.6239684,-0.056849733,1.0619518,-1.1731913,0.28912285,-0.90254754,-0.33344007,1.9247526
../data/train_data_mmini/9/Train_0041.jpg	9	1.0,1.0,-1.0,-1.0,1.0,1.0,-1.0,-1.0,1.0,-1.0,1.0,1.0,1.0,1.0,1.0,1.0,-1.0,1.0,-1.0,1.0,1.0,-1.0,-1.0,-1.0	1.5020392,0.5421214,-1.9510419,-1.1329712,0.31852603,4.1866674,-3.4528923,-0.508976,0.32334578,-3.3539665,3.1687684,0.67330486,0.9410722,0.7692114,0.6930875,0.6459425,-2.8392026,1.0616891,-1.1831652,1.0563865,1.0820452,-2.2347615,-1.9671384,-1.7421311
../data/train_data_mmini/9/Train_0042.jpg	9	1.0,-1.0,1.0,-1.0,1.0,1.0,1.0,1.0,1.0,1.0,1.0,-1.0,-1.0,1.0,-1.0,1.0,1.0,1.0,1.0,-1.0,1.0,-1.0,-1.0,1.0	2.1415136,-1.3464622,0.75849634,-2.62594,0.4444504,0.04218068,1.8288808,1.7658468,2.1458912,0.034946952,1.0499997,-2.3580709,-3.3311348,1.7785214,-0.28540096,0.23922828,1.0762053,1.2568655,2.198172,-2.1144795,1.1436344,-3.2715976,-2.4660437,1.441928
../data/train_data_mmini/9/Train_0043.jpg	9	1.0,-1.0,1.0,1.0,-1.0,-1.0,-1.0,1.0,1.0,-1.0,-1.0,1.0,1.0,1.0,1.0,1.0,1.0,-1.0,-1.0,1.0,1.0,1.0,-1.0,-1.0	0.4251516,-1.8928628,0.040560577,1.6469357,-0.47521794,-1.0483935,-1.2414494,0.780159,0.968432,-0.62687,-2.464521,0.41148433,3.4786346,0.8483517,1.9696362,0.9494202,3.596582,-1.3070546,-0.34472695,1.7302166,1.9499606,1.2960287,-1.0610926,-0.060549196
../data/train_data_mmini/9/Train_0044.jpg	9	-1.0,1.0,1.0,-1.0,1.0,-1.0,-1.0,1.0,-1.0,1.0,1.0,-1.0,-1.0,-1.0,-1.0,1.0,1.0,-1.0,-1.0,-1.0,1.0,-1.0,-1.0,-1.0	-0.43827328,0.4685484,0.67273873,-1.400854,1.4698507,-2.04868,-0.49822724,2.1311007,-0.08471233,4.8353386,1.4749966,-1.4188825,-4.140058,-2.4354925,-1.6692436,0.33470303,0.659191,-0.0017773664,-1.2642455,-0.7227024,0.5139853,-0.9575213,-1.7469682,-3.3302648
../data/train_data_mmini/10/Train_0045.jpg	10	1.0,-1.0,-1.0,-1.0,-1.0,1.0,-1.0,1.0,1.0,-1.0,1.0,1.0,-1.0,1.0,-1.0,-1.0,-1.0,1.0,1.0,-1.0,-1.0,-1.0,1.0,-1.0	0.025651753,-0.6017246,-0.69179946,-1.4004915,-1.3655261,1.3958552,-6.866589,2.1948316,1.2224691,-6.571198,0.8725911,2.826689,-1.9747232,1.121683,-3.245542,-0.6776411,-3.7682257,1.1431788,1.8206189,-1.4378816,-0.71968216,-1.2743055,2.4776268,-3.497068
../data/train_data_mmini/10/Train_0046.jpg	10	1.0,-1.0,1.0,-1.0,1.0,1.0,-1.0,1.0,1.0,-1.0,1.0,-1.0,-1.0,-1.0,-1.0,1.0,-1.0,1.0,1.0,-1.0,1.0,-1.0,1.0,-1.0	1.4405272,-0.86618876,0.8750818,-1.3700553,0.032320168,0.5196886,-0.09337319,2.3821952,1.5558513,-1.7004315,2.7556868,-1.1636724,-3.4375987,-0.28514802,-2.439577,0.3712976,-2.1590703,1.0880452,2.9380891,-2.058476,1.4628917,-3.9033837,0.61496645,-2.3135839
../data/train_data_mmini/10/Train_0047.jpg	10	1.0,-1.0,-1.0,-1.0,-1.0,-1.0,-1.0,1.0,-1.0,-1.0,1.0,1.0,1.0,1.0,-1.0,1.0,-1.0,-1.0,1.0,1.0,1.0,-1.0,1.0,-1.0	0.24983394,-0.07117037,-0.704174,-2.1760468,-0.9618095,-1.7722328,-2.883637,1.4788854,-0.7038808,-4.8488846,0.32497162,4.9935803,0.98861456,0.57164127,-1.8290997,0.72633505,-0.044282723,-0.0072793816,1.9500545,0.37153372,0.7183593,-1.1417326,0.9454506,-2.173265
../data/train_data_mmini/10/Train_0048.jpg	10	-1.0,-1.0,-1.0,-1.0,-1.0,1.0,-1.0,1.0,1.0,1.0,1.0,1.0,-1.0,-1.0,-1.0,-1.0,-1.0,-1.0,-1.0,-1.0,1.0,-1.0,1.0,-1.0	-1.1005098,-2.5091026,-0.5842925,-6.090879,-0.3638397,0.6423049,-4.1750607,3.4021292,1.5833534,1.3090137,0.5952568,1.6818721,-5.453168,-1.7489307,-2.7939646,-1.6298946,-1.5861242,-0.63793087,-2.642639,-0.67048,0.4661219,-2.0299687,1.6468722,-5.083272
../data/train_data_mmini/10/Train_0049.jpg	10	1.0,-1.0,-1.0,-1.0,-1.0,1.0,-1.0,1.0,1.0,-1.0,1.0,-1.0,-1.0,-1.0,1.0,1.0,1.0,-1.0,1.0,1.0,1.0,-1.0,-1.0,-1.0	1.0909778,-0.88527,-0.8269877,-1.0608149,-0.40421236,0.7199924,-5.211121,1.677362,0.69219446,-3.5066905,2.0214334,-0.05232387,-0.99784815,-0.76357424,2.2622652,1.999714,1.0020888,-0.8214733,2.0789907,0.64970005,1.5347065,-1.0865624,-0.9156788,-3.6621728
