../data/train_data_mmini/1/Train_0000.jpg	1	-1.0,1.0,1.0,1.0,-1.0,-1.0,1.0,-1.0,1.0,1.0,1.0,-1.0	-0.92360055,0.37208754,0.16799393,1.4516048,-0.09733823,-0.018257767,1.0256559,-0.525557,0.8467407,0.45019972,1.0060482,-0.98516166
../data/train_data_mmini/1/Train_0001.jpg	1	-1.0,1.0,-1.0,1.0,-1.0,-1.0,1.0,-1.0,1.0,-1.0,-1.0,-1.0	-1.5784642,0.55167216,-1.4104939,2.2122242,-0.34256065,-0.57531005,1.3799549,-0.9808399,1.335139,-0.28972766,-0.46724308,-0.5765128
../data/train_data_mmini/1/Train_0002.jpg	1	-1.0,1.0,-1.0,1.0,-1.0,-1.0,1.0,-1.0,1.0,-1.0,-1.0,1.0	-1.901752,1.5997345,-2.8816895,2.6970415,-0.7066066,-1.4609486,1.7430625,-1.2969542,2.014465,-1.2315891,-2.3616433,0.032799408
../data/train_data_mmini/1/Train_0003.jpg	1	-1.0,1.0,1.0,1.0,1.0,-1.0,1.0,-1.0,1.0,1.0,1.0,-1.0	-1.2114383,0.26450709,0.5082409,1.3297291,0.03125292,-0.091899216,1.0774509,-0.6559208,0.75588214,0.6512909,1.5733408,-0.87714934
../data/train_data_mmini/1/Train_0004.jpg	1	-1.0,1.0,-1.0,1.0,1.0,-1.0,1.0,-1.0,1.0,1.0,1.0,-1.0	-0.8710555,0.21634652,-0.3630596,1.5759041,0.0044879615,-0.028612003,1.074158,-0.49363762,0.8877359,0.53440756,0.6955385,-0.9850875
../data/train_data_mmini/2/Train_0005.jpg	2	-1.0,1.0,-1.0,1.0,-1.0,-1.0,1.0,-1.0,1.0,-1.0,-1.0,-1.0	-1.3045685,0.9517612,-2.4406824,1.9467342,-0.5978942,-1.014341,1.5497025,-0.8678636,1.682133,-0.6672289,-1.4675221,-0.4545965
../data/train_data_mmini/2/Train_0006.jpg	2	-1.0,1.0,-1.0,1.0,-1.0,-1.0,1.0,-1.0,1.0,-1.0,-1.0,1.0	-2.2676458,0.5817887,-1.6695073,2.4869523,-0.16979015,-1.1632265,1.4134755,-1.3293588,1.4695258,-0.8459225,-0.3472255,0.10306184
../data/train_data_mmini/2/Train_0007.jpg	2	-1.0,1.0,1.0,1.0,1.0,1.0,1.0,-1.0,1.0,1.0,1.0,-1.0	-0.693719,0.13179773,1.3496276,0.83249396,0.013831019,0.3904905,0.98875666,-0.1836315,0.50634974,1.3799645,2.1171913,-1.2540969
../data/train_data_mmini/2/Train_0008.jpg	2	-1.0,1.0,-1.0,1.0,-1.0,-1.0,1.0,-1.0,1.0,-1.0,-1.0,-1.0	-1.1057181,1.1218989,-1.8650168,2.0667388,-0.6013566,-0.88535297,1.52853,-0.9808492,1.9623616,-0.7636885,-1.1488413,-0.62685585
../data/train_data_mmini/2/Train_0009.jpg	2	-1.0,1.0,-1.0,1.0,-1.0,-1.0,1.0,-1.0,1.0,-1.0,-1.0,-1.0	-1.4602208,0.75223035,-1.5356886,2.1514544,-0.50737345,-0.74925613,1.6118832,-0.80458057,1.5302505,-0.3758117,-0.3857755,-0.66508114
../data/train_data_mmini/3/Train_0010.jpg	3	-1.0,1.0,-1.0,1.0,-1.0,-1.0,1.0,-1.0,1.0,-1.0,-1.0,1.0	-2.1397061,0.87089807,-2.3508823,2.345601,-0.4492422,-1.7571274,1.481886,-1.3294048,1.7812285,-1.3431574,-1.1806529,0.37413636
../data/train_data_mmini/3/Train_0011.jpg	3	-1.0,1.0,-1.0,1.0,-1.0,-1.0,1.0,-1.0,1.0,-1.0,-1.0,1.0	-3.0545774,1.1853634,-4.9459915,2.9639041,-1.0620276,-2.3355374,1.734669,-2.039536,2.492053,-1.701494,-3.151875,1.0510578
../data/train_data_mmini/3/Train_0012.jpg	3	-1.0,1.0,-1.0,1.0,-1.0,-1.0,1.0,-1.0,1.0,-1.0,-1.0,-1.0	-1.8028908,0.7597574,-3.3025122,2.5620265,-0.6209817,-1.1452127,1.7984749,-1.2606295,1.6250278,-0.5947125,-1.994672,-0.26498005
../data/train_data_mmini/3/Train_0013.jpg	3	-1.0,1.0,-1.0,1.0,-1.0,-1.0,1.0,-1.0,1.0,-1.0,-1.0,1.0	-2.8893468,1.8705401,-3.5365248,3.1704285,-0.9552642,-1.7784973,1.954649,-2.1447809,2.4302123,-2.0347075,-2.5242674,0.48812082
../data/train_data_mmini/3/Train_0014.jpg	3	-1.0,1.0,-1.0,1.0,-1.0,-1.0,1.0,-1.0,1.0,-1.0,-1.0,1.0	-2.4055626,0.9946342,-2.8008733,2.7245808,-0.6596333,-1.8020734,1.7520505,-1.4943587,2.1798956,-1.4274331,-1.5177183,0.17425898
../data/train_data_mmini/4/Train_0015.jpg	4	-1.0,1.0,-1.0,1.0,-1.0,-1.0,1.0,-1.0,1.0,-1.0,-1.0,-1.0	-0.83653176,0.9023257,-1.3653952,1.9862823,-0.37781164,-0.32627797,1.4207741,-0.57060045,1.4314144,-0.04889691,-0.6803393,-0.9626905
../data/train_data_mmini/4/Train_0016.jpg	4	-1.0,1.0,-1.0,1.0,-1.0,-1.0,1.0,-1.0,1.0,-1.0,-1.0,-1.0	-1.0312533,1.3760368,-1.7776114,1.7526345,-0.5219971,-0.74304354,1.4676787,-0.85929686,1.6704385,-0.6030941,-1.358372,-0.58343315
../data/train_data_mmini/4/Train_0017.jpg	4	-1.0,1.0,-1.0,1.0,-1.0,-1.0,1.0,-1.0,1.0,-1.0,-1.0,1.0	-2.3533912,1.3952829,-3.5826063,2.6684337,-0.75406444,-1.5898345,1.7174839,-1.6160188,2.010908,-1.2689849,-2.5567596,0.4240917
../data/train_data_mmini/4/Train_0018.jpg	4	-1.0,1.0,-1.0,1.0,-1.0,-1.0,1.0,-1.0,1.0,-1.0,-1.0,-1.0	-0.8650813,1.347025,-2.0689504,2.126933,-0.71289825,-0.7410668,1.542383,-0.68108606,1.8022958,-0.70127434,-1.7388161,-0.8553755
../data/train_data_mmini/4/Train_0019.jpg	4	-1.0,1.0,-1.0,1.0,-1.0,-1.0,1.0,-1.0,1.0,-1.0,-1.0,1.0	-2.3037226,0.39527416,-2.3960414,2.3287199,-0.062135458,-1.3488752,1.5038432,-1.4115125,1.4127692,-0.6110816,-0.7876082,0.4944979
../data/train_data_mmini/5/Train_0020.jpg	5	-1.0,1.0,1.0,1.0,-1.0,1.0,1.0,-1.0,1.0,1.0,1.0,-1.0	-0.8867029,0.14626215,0.42595485,1.2425416,-0.00039196014,0.07226142,1.0403038,-0.3658294,0.6897045,0.82011294,1.433396,-0.999614
../data/train_data_mmini/5/Train_0021.jpg	5	-1.0,1.0,-1.0,1.0,-1.0,-1.0,1.0,-1.0,1.0,-1.0,1.0,-1.0	-1.5370772,0.4469939,-1.1792469,1.9883823,-0.28957534,-0.68852973,1.41567,-0.9510666,1.3607224,-0.24387765,0.13589907,-0.6057497
../data/train_data_mmini/5/Train_0022.jpg	5	-1.0,1.0,1.0,1.0,-1.0,-1.0,1.0,-1.0,1.0,1.0,1.0,-1.0	-0.8431078,0.09885003,0.15703163,1.3420427,-0.0017376542,-0.05194834,1.0055739,-0.40183425,0.7376755,0.6505631,1.2167509,-0.9114102
../data/train_data_mmini/5/Train_0023.jpg	5	-1.0,1.0,1.0,1.0,-1.0,1.0,1.0,-1.0,1.0,1.0,1.0,-1.0	-0.75648284,0.12952772,1.2800219,0.83178896,-0.021488816,0.22895041,0.94105625,-0.23978685,0.5066314,1.1191667,2.0977237,-1.0778102
../data/train_data_mmini/5/Train_0024.jpg	5	-1.0,1.0,-1.0,1.0,-1.0,-1.0,1.0,-1.0,1.0,1.0,1.0,-1.0	-1.3781164,0.38175082,-1.0555383,1.7312837,-0.16454455,-0.46234548,1.3465749,-0.79314774,1.1589054,0.062609196,0.23489887,-0.6524569
../data/train_data_mmini/6/Train_0025.jpg	6	-1.0,1.0,-1.0,1.0,-1.0,-1.0,1.0,-1.0,1.0,-1.0,-1.0,1.0	-3.1303353,1.8541956,-4.7173176,3.032349,-0.6250719,-1.984641,2.1319761,-2.2743776,1.9741286,-1.500606,-3.0618865,1.083233
../data/train_data_mmini/6/Train_0026.jpg	6	-1.0,1.0,-1.0,1.0,-1.0,-1.0,1.0,-1.0,1.0,-1.0,-1.0,-1.0	-2.0279658,0.76965934,-2.0339856,2.4350939,-0.41309902,-0.97489524,1.5909355,-1.1085621,1.4420906,-0.4481602,-1.2832849,-0.106380135
../data/train_data_mmini/6/Train_0027.jpg	6	-1.0,1.0,-1.0,1.0,-1.0,-1.0,1.0,-1.0,1.0,-1.0,-1.0,1.0	-2.7514653,1.5402097,-4.0983977,2.9272754,-1.0108373,-2.0639598,1.8658955,-2.0073724,2.233204,-1.7074307,-2.9366887,0.78217125
../data/train_data_mmini/6/Train_0028.jpg	6	-1.0,1.0,-1.0,1.0,-1.0,-1.0,1.0,-1.0,1.0,-1.0,-1.0,1.0	-2.4937334,1.0555776,-3.076233,2.5764132,-0.69077706,-1.7980657,1.6984191,-1.6408688,2.2548935,-1.2626303,-1.9822891,0.37058657
../data/train_data_mmini/6/Train_0029.jpg	6	-1.0,1.0,-1.0,1.0,-1.0,-1.0,1.0,-1.0,1.0,-1.0,-1.0,1.0	-2.5506482,2.0112677,-3.8248315,2.81516,-0.8583926,-1.7922033,2.1024313,-2.081868,2.0921,-1.6138482,-2.664005,0.62992597
../data/train_data_mmini/7/Train_0030.jpg	7	-1.0,1.0,-1.0,1.0,-1.0,-1.0,1.0,-1.0,1.0,-1.0,1.0,-1.0	-1.5764061,0.40334904,-1.1540896,1.9754701,-0.17897463,-0.6117018,1.3916544,-0.90457547,1.2625349,-0.15372908,0.25390208,-0.5253644
../data/train_data_mmini/7/Train_0031.jpg	7	-1.0,1.0,-1.0,1.0,-1.0,-1.0,1.0,-1.0,1.0,-1.0,-1.0,-1.0	-2.2056575,1.4723687,-2.6259525,2.6175916,-0.6339961,-1.3913562,1.8891206,-1.5517284,2.0664682,-1.25769,-1.585252,-0.06789926
../data/train_data_mmini/7/Train_0032.jpg	7	-1.0,1.0,-1.0,1.0,-1.0,-1.0,1.0,-1.0,1.0,-1.0,-1.0,1.0	-2.8191986,1.3545487,-4.522755,3.0602584,-1.1964898,-2.1956112,1.9129304,-1.9691589,2.4660525,-1.801505,-3.0123305,0.7089591
../data/train_data_mmini/7/Train_0033.jpg	7	-1.0,1.0,-1.0,1.0,-1.0,-1.0,1.0,-1.0,1.0,-1.0,-1.0,-1.0	-1.7990482,0.6917363,-2.3492007,2.2442143,-0.47553554,-0.9406961,1.5463314,-1.0845352,1.4931861,-0.28954485,-1.2328618,-0.18723354
../data/train_data_mmini/7/Train_0034.jpg	7	-1.0,1.0,-1.0,1.0,-1.0,-1.0,1.0,-1.0,1.0,-1.0,-1.0,1.0	-3.904918,0.98320293,-5.1917944,3.028231,-0.8405328,-2.9641373,1.8129704,-2.6880944,2.5837803,-2.0230088,-2.8165946,1.6930333
../data/train_data_mmini/8/Train_0035.jpg	8	-1.0,1.0,-1.0,1.0,-1.0,-1.0,1.0,-1.0,1.0,-1.0,-1.0,-1.0	-2.0199924,1.0213056,-2.751263,2.4599211,-0.7237276,-1.4850583,1.7561588,-1.3669543,2.0520048,-1.2753333,-1.3494599,-0.16550949
../data/train_data_mmini/8/Train_0036.jpg	8	-1.0,1.0,-1.0,1.0,-1.0,-1.0,1.0,-1.0,1.0,-1.0,-1.0,-1.0	-2.1989224,1.6017832,-2.9877076,2.6589873,-0.72920275,-1.55183,1.9648657,-1.4495884,2.1413486,-1.2736288,-1.9308653,-0.1259864
../data/train_data_mmini/8/Train_0037.jpg	8	-1.0,1.0,-1.0,1.0,-1.0,-1.0,1.0,-1.0,1.0,-1.0,-1.0,1.0	-2.448064,1.0524262,-3.3250697,2.5268257,-0.78894186,-1.6619854,1.7976699,-1.5652995,1.9765491,-1.1090208,-2.2384086,0.33902264
../data/train_data_mmini/8/Train_0038.jpg	8	-1.0,1.0,-1.0,1.0,-1.0,-1.0,1.0,-1.0,1.0,-1.0,-1.0,1.0	-2.3092694,1.4701763,-2.8209536,2.698636,-0.812685,-1.604028,1.9097406,-1.67243,2.2398427,-1.5690548,-1.6860049,0.0395011
../data/train_data_mmini/8/Train_0039.jpg	8	-1.0,1.0,-1.0,1.0,-1.0,-1.0,1.0,-1.0,1.0,-1.0,-1.0,1.0	-2.4412174,1.321379,-3.5565557,2.75897,-0.8791307,-1.788927,1.9297127,-1.7350354,2.1107779,-1.5525519,-2.153959,0.2214725
../data/train_data_mmini/9/Train_0040.jpg	9	-1.0,1.0,-1.0,1.0,-1.0,-1.0,1.0,-1.0,1.0,1.0,1.0,-1.0	-1.1578587,0.42098683,-0.6042505,1.6881528,-0.09831473,-0.25115138,1.2695036,-0.6736047,1.0922846,0.25430655,0.6005375,-0.8732804
../data/train_data_mmini/9/Train_0041.jpg	9	-1.0,1.0,-1.0,1.0,-1.0,-1.0,1.0,-1.0,1.0,-1.0,-1.0,1.0	-1.9275401,0.7578916,-3.5025098,2.3896997,-0.84266436,-1.3277596,1.7224268,-1.221652,1.7914865,-0.87202775,-2.290141,0.010117963
../data/train_data_mmini/9/Train_0042.jpg	9	-1.0,1.0,-1.0,1.0,-1.0,-1.0,1.0,-1.0,1.0,-1.0,-1.0,-1.0	-1.4005637,1.036849,-1.6355073,2.1543949,-0.3627232,-0.7064682,1.636253,-0.9647287,1.6281601,-0.23482236,-0.70252526,-0.7584846
../data/train_data_mmini/9/Train_0043.jpg	9	-1.0,1.0,-1.0,1.0,-1.0,-1.0,1.0,-1.0,1.0,-1.0,1.0,-1.0	-1.4115545,0.543503,-1.0286816,2.0353742,-0.2524904,-0.5514201,1.4154305,-0.74795943,1.3991046,-0.16582662,0.09559649,-0.7439264
../data/train_data_mmini/9/Train_0044.jpg	9	-1.0,1.0,-1.0,1.0,-1.0,-1.0,1.0,-1.0,1.0,-1.0,-1.0,1.0	-2.2194967,1.2601383,-2.7830558,2.4947207,-0.59392273,-1.3905609,1.867964,-1.5585889,1.7306598,-0.99943954,-1.5181046,0.07934031
../data/train_data_mmini/10/Train_0045.jpg	10	-1.0,1.0,-1.0,1.0,-1.0,-1.0,1.0,-1.0,1.0,-1.0,-1.0,1.0	-3.0377672,2.3631976,-5.344111,3.4929972,-1.6176502,-1.971154,2.036872,-2.5611496,2.7735705,-2.1112714,-4.2777386,0.70903337
../data/train_data_mmini/10/Train_0046.jpg	10	-1.0,1.0,-1.0,1.0,-1.0,-1.0,1.0,-1.0,1.0,-1.0,-1.0,1.0	-2.9022827,2.1627886,-4.386925,2.7805789,-1.188426,-1.8940117,1.6436461,-2.1728702,2.2690167,-1.8438106,-3.5666401,1.0424949
../data/train_data_mmini/10/Train_0047.jpg	10	-1.0,1.0,-1.0,1.0,-1.0,-1.0,1.0,-1.0,1.0,-1.0,-1.0,1.0	-3.103477,2.063395,-4.3607473,3.232679,-1.2411996,-2.1776628,2.0453653,-2.3401024,2.653217,-2.0630894,-3.126852,0.55514675
../data/train_data_mmini/10/Train_0048.jpg	10	-1.0,1.0,-1.0,1.0,-1.0,-1.0,1.0,-1.0,1.0,-1.0,-1.0,1.0	-3.1868548,2.4272432,-5.7033896,3.2938852,-1.4721178,-1.7896258,2.2594192,-2.6995244,2.5679111,-1.7626591,-4.2429543,0.82191145
../data/train_data_mmini/10/Train_0049.jpg	10	-1.0,1.0,-1.0,1.0,-1.0,-1.0,1.0,-1.0,1.0,-1.0,-1.0,1.0	-2.659275,1.4515486,-3.5173948,2.8523114,-0.905386,-2.0519233,1.8788015,-1.8176099,2.2363088,-1.8426753,-2.236857,0.54663086
