../data/train_data_mmini/1/Train_0000.jpg	1	-1.0,-1.0,1.0,-1.0,-1.0,-1.0,1.0,1.0,1.0,-1.0,1.0,-1.0	-0.12396238,-0.14791799,0.24051464,-0.056898244,-0.09903733,-0.0074488316,0.06825108,0.0422527,0.040803805,-0.008023648,0.1704822,-0.1443713
../data/train_data_mmini/1/Train_0001.jpg	1	-1.0,-1.0,1.0,-1.0,-1.0,-1.0,1.0,1.0,1.0,-1.0,1.0,-1.0	-0.12158491,-0.20091479,0.2833781,-0.13072638,-0.22022562,-0.020440176,0.010642109,0.091045946,0.089163184,-0.03604988,0.21656919,-0.17845482
../data/train_data_mmini/1/Train_0002.jpg	1	-1.0,-1.0,1.0,-1.0,-1.0,-1.0,-1.0,1.0,1.0,-1.0,1.0,-1.0	-0.11599982,-0.22098568,0.2798461,-0.0030921856,-0.09920573,-0.0645594,-0.0009883571,0.057007268,0.016163973,-0.08281555,0.1625554,-0.2088265
../data/train_data_mmini/1/Train_0003.jpg	1	-1.0,-1.0,1.0,-1.0,-1.0,-1.0,1.0,1.0,1.0,-1.0,1.0,-1.0	-0.06485684,-0.11328978,0.267733,-0.08458241,-0.12224538,-0.00060396234,0.047437742,0.103389904,0.068758875,-0.00027885853,0.16449875,-0.13539645
../data/train_data_mmini/1/Train_0004.jpg	1	-1.0,-1.0,1.0,-1.0,-1.0,1.0,1.0,1.0,1.0,-1.0,1.0,-1.0	-0.11087585,-0.18869334,0.25808758,-0.10614897,-0.14431202,0.008575255,0.06966717,0.08439103,0.13121529,-0.055618398,0.1682642,-0.14120552
../data/train_data_mmini/2/Train_0005.jpg	2	-1.0,-1.0,1.0,-1.0,-1.0,1.0,-1.0,1.0,1.0,-1.0,1.0,-1.0	-0.14105366,-0.2563203,0.2686665,-0.08286591,-0.23929513,0.06837927,-0.0074258656,0.10475446,0.16367996,-0.09683756,0.30037442,-0.23436756
../data/train_data_mmini/2/Train_0006.jpg	2	-1.0,-1.0,1.0,-1.0,-1.0,-1.0,1.0,1.0,1.0,1.0,1.0,-1.0	-0.069846734,-0.16182137,0.257807,-0.13101457,-0.15285227,-0.04730417,0.06705668,0.12766892,0.123791285,0.008353252,0.22730686,-0.20689352
../data/train_data_mmini/2/Train_0007.jpg	2	-1.0,-1.0,1.0,-1.0,-1.0,1.0,1.0,1.0,1.0,-1.0,1.0,-1.0	-0.06824202,-0.13605872,0.24193516,-0.094502315,-0.1184406,0.010494466,0.13594648,0.10303908,0.0799014,-0.031657692,0.18640001,-0.139696
../data/train_data_mmini/2/Train_0008.jpg	2	-1.0,-1.0,1.0,-1.0,-1.0,-1.0,-1.0,1.0,1.0,-1.0,1.0,-1.0	-0.08215394,-0.17790373,0.2583968,-0.0789392,-0.1033304,-0.038624413,-0.020140208,0.04348608,0.07680199,-0.051393196,0.20065778,-0.17170471
../data/train_data_mmini/2/Train_0009.jpg	2	-1.0,-1.0,1.0,-1.0,-1.0,-1.0,-1.0,1.0,1.0,-1.0,1.0,-1.0	-0.07859818,-0.22255288,0.33664408,-0.021365933,-0.24003413,-0.002511002,-0.0036017117,0.10468409,0.099631906,-0.0719168,0.2716298,-0.23244855
../data/train_data_mmini/3/Train_0010.jpg	3	-1.0,-1.0,1.0,-1.0,-1.0,1.0,-1.0,1.0,1.0,-1.0,1.0,-1.0	-0.05482614,-0.21201764,0.27040377,-0.14311792,-0.18456557,0.042195123,-0.009658875,0.17949957,0.1570386,-0.07790289,0.211656,-0.17559628
../data/train_data_mmini/3/Train_0011.jpg	3	-1.0,-1.0,1.0,-1.0,-1.0,-1.0,-1.0,1.0,1.0,-1.0,1.0,-1.0	-0.12807032,-0.3167894,0.35598984,-0.111301385,-0.25262952,-0.030077633,-0.031328186,0.08776912,0.11285922,-0.093913905,0.248405,-0.25514442
../data/train_data_mmini/3/Train_0012.jpg	3	-1.0,-1.0,1.0,-1.0,-1.0,-1.0,1.0,1.0,1.0,-1.0,1.0,-1.0	-0.096960016,-0.27769554,0.30828992,-0.08020574,-0.28454715,-0.051525515,0.06622245,0.1794039,0.14851065,-0.107608,0.28564954,-0.2342771
../data/train_data_mmini/3/Train_0013.jpg	3	-1.0,-1.0,1.0,-1.0,-1.0,-1.0,1.0,1.0,1.0,-1.0,1.0,-1.0	-0.09935209,-0.26620516,0.2906577,-0.085822426,-0.17443135,-0.013226935,0.019544514,0.15142292,0.061527364,-0.100558564,0.296745,-0.27532852
../data/train_data_mmini/3/Train_0014.jpg	3	-1.0,-1.0,1.0,-1.0,-1.0,1.0,1.0,1.0,1.0,-1.0,1.0,-1.0	-0.1429754,-0.28366673,0.27897137,-0.13344745,-0.27590168,0.060449656,0.042497292,0.060660835,0.14315554,-0.06785977,0.28494534,-0.26484093
../data/train_data_mmini/4/Train_0015.jpg	4	-1.0,-1.0,1.0,-1.0,-1.0,-1.0,1.0,1.0,1.0,-1.0,1.0,-1.0	-0.10658951,-0.23007278,0.23302756,-0.049098704,-0.15310575,-0.02588998,0.08711471,0.05834776,0.04242321,-0.06351678,0.25007316,-0.14971504
../data/train_data_mmini/4/Train_0016.jpg	4	-1.0,-1.0,1.0,-1.0,-1.0,1.0,-1.0,1.0,1.0,-1.0,1.0,-1.0	-0.037135847,-0.18418524,0.2548764,-0.06289794,-0.1762551,0.0012182066,-0.04156386,0.03474717,0.031336304,-0.053726636,0.2376083,-0.20075111
../data/train_data_mmini/4/Train_0017.jpg	4	-1.0,-1.0,1.0,-1.0,-1.0,-1.0,1.0,1.0,1.0,-1.0,1.0,-1.0	-0.096455246,-0.31795022,0.3514742,-0.05599216,-0.2475802,-0.06859614,0.034504414,0.14884841,0.11581344,-0.07404101,0.36057997,-0.31913358
../data/train_data_mmini/4/Train_0018.jpg	4	-1.0,-1.0,1.0,-1.0,-1.0,1.0,1.0,1.0,1.0,-1.0,1.0,-1.0	-0.09919052,-0.19468208,0.21682106,-0.09942874,-0.18230161,0.03699067,0.0035967003,0.0649814,0.12931879,-0.06167624,0.20816182,-0.14289965
../data/train_data_mmini/4/Train_0019.jpg	4	-1.0,-1.0,1.0,-1.0,-1.0,1.0,1.0,1.0,1.0,-1.0,1.0,-1.0	-0.107993364,-0.2977939,0.32386371,-0.18685773,-0.22722752,0.021335613,0.03746996,0.170182,0.13196152,-0.102617584,0.21801256,-0.26248538
../data/train_data_mmini/5/Train_0020.jpg	5	-1.0,-1.0,1.0,-1.0,-1.0,-1.0,1.0,1.0,1.0,-1.0,1.0,-1.0	-0.08889348,-0.18500821,0.24693783,-0.101684734,-0.18165697,-0.0024383848,0.083170764,0.08575331,0.09793602,-0.027215011,0.18246266,-0.14778535
../data/train_data_mmini/5/Train_0021.jpg	5	-1.0,-1.0,1.0,-1.0,-1.0,1.0,1.0,1.0,1.0,-1.0,1.0,-1.0	-0.11974614,-0.23204592,0.33177218,-0.07406019,-0.20014139,0.005437734,0.058357157,0.14060658,0.09840224,-0.07593632,0.27314097,-0.27955177
../data/train_data_mmini/5/Train_0022.jpg	5	-1.0,-1.0,1.0,-1.0,-1.0,1.0,1.0,1.0,1.0,-1.0,1.0,-1.0	-0.08776673,-0.17439148,0.25445068,-0.09930162,-0.19733012,0.0026558584,0.094171755,0.1420901,0.10165169,-0.060373936,0.20632556,-0.17710635
../data/train_data_mmini/5/Train_0023.jpg	5	-1.0,-1.0,1.0,-1.0,-1.0,1.0,1.0,1.0,1.0,-1.0,1.0,-1.0	-0.07295014,-0.101945534,0.2627242,-0.086459525,-0.09531718,0.03154447,0.10850072,0.12646963,0.0859088,-0.038114093,0.13661218,-0.13379185
../data/train_data_mmini/5/Train_0024.jpg	5	-1.0,-1.0,1.0,-1.0,-1.0,1.0,1.0,1.0,1.0,-1.0,1.0,-1.0	-0.084201336,-0.24968144,0.31077015,-0.06659666,-0.2090844,0.0338068,0.079843946,0.12029688,0.089666456,-0.097478636,0.27023017,-0.15431963
../data/train_data_mmini/6/Train_0025.jpg	6	-1.0,-1.0,1.0,-1.0,-1.0,-1.0,-1.0,1.0,1.0,-1.0,1.0,-1.0	-0.09638769,-0.30860797,0.4261972,-0.18624803,-0.33610886,-0.03602828,-0.05915302,0.25585237,0.15876998,-0.12453275,0.42621228,-0.16623138
../data/train_data_mmini/6/Train_0026.jpg	6	-1.0,-1.0,1.0,-1.0,-1.0,1.0,1.0,1.0,1.0,-1.0,1.0,-1.0	-0.12839262,-0.28009745,0.3561863,-0.021277979,-0.24130228,0.0507528,0.011868279,0.10491157,0.11449749,-0.04767257,0.30141786,-0.20139048
../data/train_data_mmini/6/Train_0027.jpg	6	-1.0,-1.0,1.0,-1.0,-1.0,1.0,-1.0,1.0,1.0,-1.0,1.0,-1.0	-0.06207368,-0.24381134,0.28852084,-0.089249335,-0.27244085,0.061259065,-0.03861929,0.10981432,0.08413275,-0.08667684,0.29423118,-0.1976845
../data/train_data_mmini/6/Train_0028.jpg	6	-1.0,-1.0,1.0,-1.0,-1.0,1.0,-1.0,1.0,1.0,-1.0,1.0,-1.0	-0.10161832,-0.27472675,0.31613725,-0.077792585,-0.18038799,0.045755003,-0.0011999406,0.024099164,0.08677601,-0.0638487,0.2531728,-0.21186718
../data/train_data_mmini/6/Train_0029.jpg	6	-1.0,-1.0,1.0,1.0,-1.0,1.0,-1.0,1.0,1.0,-1.0,1.0,-1.0	-0.034960695,-0.23209648,0.32989803,0.006675937,-0.17503713,0.020567942,-0.03378311,0.18949477,0.084546715,-0.07034656,0.30949348,-0.25163108
../data/train_data_mmini/7/Train_0030.jpg	7	-1.0,-1.0,1.0,-1.0,-1.0,-1.0,1.0,1.0,1.0,-1.0,1.0,-1.0	-0.122644246,-0.23736528,0.3011144,-0.07321632,-0.18427032,-0.024926042,0.07850169,0.12322222,0.079795055,-0.06457658,0.26145878,-0.21097313
../data/train_data_mmini/7/Train_0031.jpg	7	-1.0,-1.0,1.0,-1.0,-1.0,1.0,1.0,1.0,1.0,-1.0,1.0,-1.0	-0.09286697,-0.29883072,0.3542459,-0.029854314,-0.26538408,0.0060944655,0.027937418,0.13114786,0.15630215,-0.09074897,0.4027923,-0.22659302
../data/train_data_mmini/7/Train_0032.jpg	7	-1.0,-1.0,1.0,-1.0,-1.0,1.0,1.0,1.0,1.0,-1.0,1.0,-1.0	-0.1645006,-0.37509748,0.38238704,-0.09979369,-0.3588544,0.016487867,0.036876716,0.041324873,0.12925552,-0.09115951,0.4194989,-0.33571875
../data/train_data_mmini/7/Train_0033.jpg	7	-1.0,-1.0,1.0,-1.0,-1.0,1.0,1.0,1.0,1.0,-1.0,1.0,-1.0	-0.077881545,-0.22899675,0.29757753,-0.0876555,-0.26715627,0.024637254,0.027508793,0.087811604,0.099657595,-0.048465412,0.28411186,-0.19048353
../data/train_data_mmini/7/Train_0034.jpg	7	-1.0,-1.0,1.0,-1.0,-1.0,1.0,-1.0,1.0,1.0,-1.0,1.0,-1.0	-0.071994536,-0.364929,0.43641695,-0.2401533,-0.30882344,0.0707775,-0.026398135,0.12654941,0.18283921,-0.11306345,0.3548989,-0.2677257
../data/train_data_mmini/8/Train_0035.jpg	8	-1.0,-1.0,1.0,-1.0,-1.0,1.0,1.0,1.0,1.0,-1.0,1.0,-1.0	-0.08398605,-0.21979858,0.26350948,-0.038337205,-0.19974636,0.012526801,0.0609864,0.1080278,0.12915237,-0.0795509,0.31774604,-0.18169615
../data/train_data_mmini/8/Train_0036.jpg	8	-1.0,-1.0,1.0,-1.0,-1.0,1.0,1.0,1.0,1.0,-1.0,1.0,-1.0	-0.12498176,-0.27032217,0.3001574,-0.025652424,-0.24692954,0.07904115,0.008949211,0.110590085,0.18176354,-0.08648267,0.3495853,-0.19732025
../data/train_data_mmini/8/Train_0037.jpg	8	-1.0,-1.0,1.0,-1.0,-1.0,1.0,-1.0,1.0,1.0,-1.0,1.0,-1.0	-0.07202962,-0.30388513,0.36654848,-0.05954157,-0.29243478,0.060259305,-0.015577899,0.091081366,0.10406808,-0.06861793,0.36286384,-0.31221977
../data/train_data_mmini/8/Train_0038.jpg	8	-1.0,-1.0,1.0,-1.0,-1.0,1.0,1.0,1.0,1.0,-1.0,1.0,-1.0	-0.103467494,-0.23959798,0.30966172,-0.058106534,-0.23262288,0.039322946,0.018474726,0.11758035,0.11310139,-0.07688009,0.3039754,-0.19689818
../data/train_data_mmini/8/Train_0039.jpg	8	-1.0,-1.0,1.0,-1.0,-1.0,1.0,1.0,1.0,1.0,-1.0,1.0,-1.0	-0.15130162,-0.2651548,0.29590487,-0.009130836,-0.19791551,0.034499593,0.07480503,0.12721226,0.121058345,-0.05504003,0.3451984,-0.25087768
../data/train_data_mmini/9/Train_0040.jpg	9	-1.0,-1.0,1.0,-1.0,-1.0,-1.0,1.0,1.0,1.0,-1.0,1.0,-1.0	-0.09518179,-0.22410442,0.30286333,-0.05502163,-0.1455143,-0.011112696,0.08023346,0.09736251,0.0990419,-0.049263414,0.2779832,-0.19107956
../data/train_data_mmini/9/Train_0041.jpg	9	-1.0,-1.0,1.0,-1.0,-1.0,1.0,-1.0,1.0,1.0,-1.0,1.0,-1.0	-0.11851294,-0.2982925,0.31437442,-0.07377476,-0.34159783,0.07241968,-0.055241216,0.113757625,0.19783111,-0.108462,0.3282003,-0.26672503
../data/train_data_mmini/9/Train_0042.jpg	9	-1.0,-1.0,1.0,-1.0,-1.0,-1.0,1.0,1.0,1.0,-1.0,1.0,-1.0	-0.10761702,-0.24439359,0.28124243,-0.07173429,-0.16165397,-0.023650728,0.019148322,0.08132555,0.0823738,-0.0905761,0.26064724,-0.18848847
../data/train_data_mmini/9/Train_0043.jpg	9	-1.0,-1.0,1.0,-1.0,-1.0,1.0,1.0,1.0,1.0,-1.0,1.0,-1.0	-0.07837664,-0.18878609,0.3026337,-0.09148167,-0.17362465,0.018741049,0.06531934,0.11771293,0.08578386,-0.0699768,0.23595259,-0.20737512
../data/train_data_mmini/9/Train_0044.jpg	9	-1.0,-1.0,1.0,-1.0,-1.0,1.0,1.0,1.0,1.0,-1.0,1.0,-1.0	-0.12270808,-0.2638,0.32342085,-0.05522793,-0.21154532,0.022413038,0.038087413,0.13572383,0.110920005,-0.10176225,0.31042773,-0.21013185
../data/train_data_mmini/10/Train_0045.jpg	10	-1.0,-1.0,1.0,-1.0,-1.0,1.0,1.0,1.0,1.0,-1.0,1.0,-1.0	-0.13355006,-0.29187647,0.30191398,-0.0542842,-0.2607634,0.09298665,0.017882973,0.15456367,0.22534259,-0.072092526,0.37470955,-0.32411325
../data/train_data_mmini/10/Train_0046.jpg	10	-1.0,-1.0,1.0,-1.0,-1.0,-1.0,1.0,1.0,1.0,-1.0,1.0,-1.0	-0.11285843,-0.24128845,0.30402413,-0.08234869,-0.16788653,-0.04476938,0.031373087,0.06862597,0.002432485,-0.042037617,0.25098625,-0.24370572
../data/train_data_mmini/10/Train_0047.jpg	10	-1.0,-1.0,1.0,-1.0,-1.0,1.0,1.0,1.0,1.0,-1.0,1.0,-1.0	-0.15286729,-0.37383905,0.3888384,-0.087446064,-0.34266105,0.07371221,0.012575371,0.19293435,0.22375534,-0.18411504,0.4431216,-0.32323268
../data/train_data_mmini/10/Train_0048.jpg	10	-1.0,-1.0,1.0,-1.0,-1.0,1.0,1.0,1.0,1.0,-1.0,1.0,-1.0	-0.1558125,-0.32643524,0.3210545,-0.08058581,-0.23465177,0.08099667,0.07892173,0.18250546,0.18371128,-0.14006203,0.32267624,-0.20583916
../data/train_data_mmini/10/Train_0049.jpg	10	-1.0,-1.0,1.0,-1.0,-1.0,1.0,1.0,1.0,1.0,-1.0,1.0,-1.0	-0.07673722,-0.2800413,0.31477633,-0.042770036,-0.26548618,0.048520047,0.06576345,0.11733458,0.15940286,-0.05686323,0.39288345,-0.21134394
