../data/train_data_mmini/1/Train_0000.jpg	1	-1.0,-1.0,1.0,-1.0,-1.0,1.0,-1.0,-1.0,1.0,-1.0,1.0,1.0	-0.8150145,-0.14910492,1.0385904,-0.000663138,-1.2934954,3.0689366,-1.9216325,-0.982295,0.60783935,-0.745298,0.3683788,0.94650626
../data/train_data_mmini/1/Train_0001.jpg	1	1.0,1.0,1.0,1.0,-1.0,1.0,-1.0,1.0,1.0,1.0,-1.0,1.0	1.864061,2.096711,1.7252768,0.63757986,-0.21999693,4.3280096,-3.706877,0.9666661,1.8117003,0.75426465,-0.76804674,3.0949144
../data/train_data_mmini/1/Train_0002.jpg	1	1.0,1.0,-1.0,-1.0,-1.0,1.0,-1.0,1.0,-1.0,-1.0,-1.0,1.0	1.0780395,2.0983944,-3.4849508,-0.049570188,-2.1647372,4.213832,-1.566471,0.20893598,-0.37334397,-1.1744288,-1.9894122,2.5623755
../data/train_data_mmini/1/Train_0003.jpg	1	1.0,1.0,1.0,1.0,1.0,1.0,-1.0,1.0,1.0,-1.0,1.0,1.0	0.4329422,0.34316012,3.716296,0.7906092,0.37728232,1.4280226,-0.8007089,0.6793309,2.0074563,-1.9656543,0.971897,3.528673
../data/train_data_mmini/1/Train_0004.jpg	1	1.0,-1.0,1.0,-1.0,-1.0,1.0,1.0,-1.0,1.0,-1.0,-1.0,-1.0	3.3022285,-0.47245213,2.8580694,-1.3013585,-2.4151375,0.0018072966,0.778601,-3.1997697,0.29747456,-0.6637079,-1.5817655,-0.68190074
../data/train_data_mmini/2/Train_0005.jpg	2	1.0,1.0,-1.0,1.0,-1.0,1.0,-1.0,-1.0,-1.0,1.0,1.0,-1.0	4.939026,1.3984642,-1.1761935,0.12119898,-0.7153228,1.7148032,-4.5103035,-0.23219158,-1.1206545,0.2661983,0.98929447,-2.0080116
../data/train_data_mmini/2/Train_0006.jpg	2	1.0,-1.0,-1.0,1.0,-1.0,-1.0,-1.0,-1.0,1.0,-1.0,1.0,1.0	2.332614,-0.49884206,-3.0395424,0.2525384,-2.264432,-2.885707,-3.0341036,-3.0487754,0.5983149,-0.47051626,3.8297768,3.8140552
../data/train_data_mmini/2/Train_0007.jpg	2	1.0,-1.0,1.0,1.0,-1.0,1.0,1.0,-1.0,1.0,-1.0,1.0,-1.0	0.19272259,-1.4596381,1.9116099,0.5170761,-1.0480044,1.7621847,0.74210584,-4.6436825,0.39570954,-2.044736,2.9539554,-1.6605337
../data/train_data_mmini/2/Train_0008.jpg	2	1.0,-1.0,-1.0,-1.0,1.0,1.0,1.0,-1.0,-1.0,1.0,-1.0,1.0	3.002991,-1.936913,-2.9148312,-2.573581,0.35092986,3.4103305,0.39014626,-3.128182,-2.318217,0.6119538,-0.23128709,1.3891143
../data/train_data_mmini/2/Train_0009.jpg	2	1.0,1.0,-1.0,-1.0,-1.0,1.0,-1.0,-1.0,-1.0,-1.0,1.0,-1.0	1.0916129,0.90147257,-0.5552761,-1.8088442,-1.6676404,3.075909,-7.7536683,-1.7119601,-2.7339535,-0.37415212,4.2014694,-2.8569167
../data/train_data_mmini/3/Train_0010.jpg	3	1.0,1.0,1.0,-1.0,1.0,1.0,1.0,-1.0,-1.0,1.0,1.0,-1.0	5.61865,0.94436157,2.5718515,-1.9051839,1.1125498,0.46577433,0.13550293,-2.3779855,-2.5823467,0.343137,3.7054071,-0.038515367
../data/train_data_mmini/3/Train_0011.jpg	3	1.0,1.0,-1.0,1.0,-1.0,1.0,-1.0,-1.0,-1.0,1.0,-1.0,-1.0	2.2367036,3.9292035,-0.96683604,0.5548046,-5.263264,4.26874,-1.9863489,-0.8151938,-2.4721084,0.6002125,-1.5912552,-1.3228762
../data/train_data_mmini/3/Train_0012.jpg	3	1.0,1.0,1.0,1.0,-1.0,1.0,-1.0,1.0,-1.0,-1.0,-1.0,1.0	0.38215172,4.6737432,1.9732479,0.7172164,-5.7577243,1.1750159,-7.3124886,1.0660944,-0.36658284,-0.98161864,-1.5100929,1.451516
../data/train_data_mmini/3/Train_0013.jpg	3	1.0,1.0,-1.0,-1.0,1.0,1.0,-1.0,-1.0,-1.0,1.0,1.0,1.0	2.744814,0.65761095,-4.6323996,-0.6424872,0.4814146,1.0837265,-3.2478056,-0.3149802,-2.264624,2.1663482,2.7396789,5.533407
../data/train_data_mmini/3/Train_0014.jpg	3	1.0,1.0,-1.0,-1.0,-1.0,1.0,-1.0,-1.0,-1.0,1.0,1.0,-1.0	6.0820513,1.0826304,-2.0195699,-0.20935374,-0.64841235,0.75986403,-0.6590984,-0.12597144,-1.315651,1.7051475,0.4679961,-1.8113623
../data/train_data_mmini/4/Train_0015.jpg	4	-1.0,-1.0,-1.0,-1.0,-1.0,1.0,-1.0,-1.0,-1.0,-1.0,-1.0,1.0	-0.0114616975,-1.503835,-1.6248741,-1.0635616,-3.0086224,4.3409624,-4.043875,-2.1061685,-2.3888717,-0.68363655,-0.2848556,1.5704961
../data/train_data_mmini/4/Train_0016.jpg	4	1.0,1.0,-1.0,1.0,1.0,1.0,-1.0,1.0,1.0,-1.0,-1.0,1.0	2.6116405,2.6594026,-2.2605093,0.77595514,2.3334687,7.600255,-3.8084884,2.4417853,0.5823429,-0.99376345,-1.1248821,2.3325458
../data/train_data_mmini/4/Train_0017.jpg	4	1.0,1.0,-1.0,1.0,-1.0,1.0,-1.0,1.0,-1.0,-1.0,1.0,1.0	1.4527481,3.5014436,-3.681587,0.75227517,-3.994386,3.151694,-7.4321156,1.2105736,-1.7488861,-0.054327853,0.86598784,4.0524898
../data/train_data_mmini/4/Train_0018.jpg	4	1.0,1.0,-1.0,-1.0,1.0,1.0,-1.0,-1.0,-1.0,1.0,1.0,-1.0	2.048493,1.0950092,-1.1144228,-1.5815428,0.37745136,4.834489,-0.84380543,-0.64501333,-2.0893981,0.8261297,1.3527776,-2.4105675
../data/train_data_mmini/4/Train_0019.jpg	4	1.0,1.0,-1.0,1.0,-1.0,-1.0,-1.0,-1.0,1.0,1.0,1.0,1.0	5.163647,0.6114737,-4.215183,0.7428763,-3.383368,-5.636066,-2.150569,-1.6873711,1.9405222,0.3234011,1.2328894,3.7396564
../data/train_data_mmini/5/Train_0020.jpg	5	1.0,-1.0,1.0,1.0,1.0,1.0,-1.0,1.0,1.0,-1.0,-1.0,1.0	5.00384,-1.4960221,1.8921528,0.6300843,0.16654262,1.2057768,-1.7640268,0.18073894,3.6119242,-0.71322757,-2.1489074,1.0983387
../data/train_data_mmini/5/Train_0021.jpg	5	1.0,-1.0,-1.0,-1.0,-1.0,1.0,-1.0,-1.0,-1.0,1.0,-1.0,1.0	5.134878,-2.1011584,-0.25182912,-0.37255692,-2.9206247,2.1275265,-1.6941384,-1.7791827,-1.83372,0.801649,-0.37573788,2.8248293
../data/train_data_mmini/5/Train_0022.jpg	5	1.0,-1.0,1.0,-1.0,-1.0,-1.0,-1.0,-1.0,1.0,-1.0,1.0,-1.0	0.5878578,-1.8008229,0.15382876,-0.8873444,-0.16219875,-1.0017421,-0.6558057,-4.3791747,0.35484153,-1.4177595,3.3762338,-1.0953108
../data/train_data_mmini/5/Train_0023.jpg	5	1.0,-1.0,1.0,-1.0,1.0,1.0,-1.0,-1.0,1.0,-1.0,1.0,1.0	1.1323686,-1.7399454,3.2730067,-0.5589574,1.4757966,1.7163619,-0.031007014,-1.9103683,1.9466081,-1.8334135,1.2012953,1.0671469
../data/train_data_mmini/5/Train_0024.jpg	5	1.0,1.0,1.0,1.0,-1.0,1.0,-1.0,-1.0,-1.0,-1.0,1.0,-1.0	2.6931355,0.40099367,3.2986724,0.10995315,-4.166144,1.561296,-1.504268,-2.8183885,-2.451781,-1.3729099,2.3777964,-0.9904418
../data/train_data_mmini/6/Train_0025.jpg	6	1.0,1.0,1.0,1.0,-1.0,-1.0,-1.0,-1.0,-1.0,-1.0,1.0,1.0	7.1346874,4.85685,0.53129554,2.6392124,-3.566888,-2.4349418,-1.7689126,-0.76730573,-1.8938156,-2.6257799,5.446781,1.6992686
../data/train_data_mmini/6/Train_0026.jpg	6	1.0,1.0,1.0,1.0,-1.0,1.0,-1.0,-1.0,-1.0,1.0,1.0,-1.0	3.5601742,0.070354104,2.4458747,0.5669051,-2.9532392,5.2821407,-4.734843,-0.08160306,-0.06873866,0.72013867,1.6509644,-2.7443666
../data/train_data_mmini/6/Train_0027.jpg	6	1.0,1.0,1.0,-1.0,-1.0,1.0,-1.0,-1.0,-1.0,-1.0,1.0,-1.0	5.6661735,3.9528332,1.648081,-0.5687637,-1.0000066,2.286417,-3.6117396,-0.16796975,-1.9720148,-0.28063208,1.6233075,-2.5021873
../data/train_data_mmini/6/Train_0028.jpg	6	1.0,1.0,-1.0,1.0,-1.0,1.0,1.0,-1.0,-1.0,1.0,1.0,1.0	3.3255548,2.2595584,-1.6708759,1.3012184,-1.9060851,2.9866652,3.2204266,-0.26201063,-2.1846027,1.379425,1.8199111,0.7019478
../data/train_data_mmini/6/Train_0029.jpg	6	1.0,1.0,-1.0,-1.0,-1.0,1.0,-1.0,-1.0,-1.0,-1.0,1.0,1.0	1.7362864,2.6850827,-1.6468298,-3.184002,-0.28844348,1.744908,-6.5841403,-1.7231603,-4.514439,-2.9856887,3.600295,2.4539995
../data/train_data_mmini/7/Train_0030.jpg	7	1.0,1.0,-1.0,1.0,-1.0,1.0,-1.0,-1.0,1.0,-1.0,1.0,1.0	0.56462055,0.8254814,-1.994737,1.2430438,-1.849149,2.8294258,-7.3725247,-0.91579634,0.56585455,-0.99450105,4.012485,0.7060371
../data/train_data_mmini/7/Train_0031.jpg	7	1.0,1.0,-1.0,-1.0,1.0,1.0,-1.0,1.0,-1.0,1.0,1.0,1.0	4.4142294,1.374042,-1.466981,-0.49225265,0.12047147,3.224122,-5.0800366,1.411963,-2.368042,0.7836647,2.7707698,1.1959268
../data/train_data_mmini/7/Train_0032.jpg	7	1.0,1.0,-1.0,-1.0,-1.0,1.0,-1.0,1.0,-1.0,1.0,-1.0,-1.0	6.69662,3.2831268,-1.3502263,-0.22794324,-3.1980925,2.8603961,-4.5004725,1.9691594,-3.9246564,2.453343,-2.5398657,-3.5361502
../data/train_data_mmini/7/Train_0033.jpg	7	1.0,1.0,1.0,1.0,-1.0,1.0,-1.0,-1.0,-1.0,-1.0,1.0,-1.0	1.6654022,2.5750718,1.4986202,0.24001858,-2.2604227,1.8721758,-5.251981,-1.7146124,-0.8832171,-0.9897757,4.2326784,-3.1994336
../data/train_data_mmini/7/Train_0034.jpg	7	1.0,1.0,1.0,1.0,-1.0,1.0,1.0,-1.0,-1.0,-1.0,1.0,-1.0	8.598041,4.275909,2.7574596,0.9701109,-3.9393442,0.37267157,3.4582872,-3.1070673,-4.216467,-0.13303976,1.5550762,-3.2201173
../data/train_data_mmini/8/Train_0035.jpg	8	1.0,1.0,-1.0,-1.0,-1.0,1.0,-1.0,-1.0,-1.0,1.0,1.0,-1.0	0.86574763,1.410902,-1.1823354,-1.7514493,-1.8472893,1.2502866,-4.8435044,-3.0577507,-4.974269,0.051558167,5.9933877,-0.9376478
../data/train_data_mmini/8/Train_0036.jpg	8	1.0,1.0,-1.0,1.0,-1.0,1.0,-1.0,-1.0,-1.0,-1.0,1.0,-1.0	3.4296963,3.870715,-2.013936,0.5938389,-2.4134102,1.9149945,-4.877436,-0.6673655,-4.5628085,-1.1846286,6.1992407,-3.3376734
../data/train_data_mmini/8/Train_0037.jpg	8	1.0,1.0,1.0,1.0,-1.0,1.0,-1.0,-1.0,-1.0,-1.0,1.0,-1.0	5.666856,3.4251084,0.8783471,0.43266866,-3.9595413,6.688688,-5.252713,-1.4333112,-5.3003497,-0.53975654,2.5845954,-1.4013271
../data/train_data_mmini/8/Train_0038.jpg	8	1.0,1.0,-1.0,-1.0,1.0,1.0,-1.0,-1.0,-1.0,-1.0,1.0,1.0	3.9455593,0.98610735,-1.048868,-1.316258,0.4959768,2.197098,-4.1444807,-0.68016744,-3.131592,-0.91192585,2.3525958,0.9753489
../data/train_data_mmini/8/Train_0039.jpg	8	1.0,1.0,-1.0,-1.0,-1.0,1.0,-1.0,-1.0,-1.0,-1.0,1.0,-1.0	0.7562855,3.7403367,-1.2747623,-1.6424055,-4.567878,0.5441652,-7.393047,-3.2748017,-5.9223714,-0.18918565,6.3157644,-2.4377515
../data/train_data_mmini/9/Train_0040.jpg	9	1.0,-1.0,-1.0,-1.0,-1.0,1.0,-1.0,-1.0,-1.0,-1.0,1.0,1.0	2.8678503,-0.5358545,-0.31113082,-0.2927886,-4.6194615,2.8973145,-2.297522,-3.5646508,-2.3419294,-0.6781035,0.9978393,2.2771597
../data/train_data_mmini/9/Train_0041.jpg	9	1.0,1.0,-1.0,1.0,1.0,1.0,-1.0,1.0,-1.0,1.0,1.0,-1.0	4.867832,4.1934414,-0.37555876,0.10621096,0.00083818287,2.2419968,-1.9020833,1.0842104,-0.21923293,0.9981422,1.1165673,-1.6154315
../data/train_data_mmini/9/Train_0042.jpg	9	1.0,-1.0,1.0,-1.0,-1.0,1.0,-1.0,-1.0,-1.0,-1.0,-1.0,1.0	4.196147,-0.10388843,0.4041542,-1.3300939,-3.6136591,4.7848835,-1.4405532,-3.0399637,-2.7655466,-1.1664021,-2.4768064,3.1578054
../data/train_data_mmini/9/Train_0043.jpg	9	1.0,-1.0,-1.0,-1.0,-1.0,1.0,-1.0,-1.0,-1.0,1.0,1.0,1.0	3.1752915,-1.8156608,-2.5927444,-0.6985583,-1.3446053,1.3811721,-2.8554754,-4.467984,-2.3101766,0.27649218,3.8846245,0.19240505
../data/train_data_mmini/9/Train_0044.jpg	9	1.0,1.0,-1.0,-1.0,-1.0,1.0,-1.0,-1.0,-1.0,-1.0,1.0,1.0	2.3554459,1.7503334,-0.09132682,-1.2969106,-3.8984106,0.4372187,-7.825085,-1.450254,-2.3443217,-1.4428911,2.266082,3.9335392
../data/train_data_mmini/10/Train_0045.jpg	10	1.0,1.0,-1.0,-1.0,-1.0,-1.0,-1.0,-1.0,-1.0,1.0,1.0,-1.0	2.9587848,4.4430294,-0.61831397,-1.6681267,-3.538695,-0.401844,-5.974587,-2.0930753,-7.2617593,0.18907782,6.5203457,-5.1430755
../data/train_data_mmini/10/Train_0046.jpg	10	1.0,1.0,-1.0,-1.0,-1.0,1.0,-1.0,-1.0,-1.0,-1.0,-1.0,1.0	2.7342846,3.5589402,-0.6218687,-1.1642424,-4.192838,2.272582,-5.712567,-1.0293989,-3.9256885,-0.24507527,-0.23015848,1.294402
../data/train_data_mmini/10/Train_0047.jpg	10	1.0,1.0,-1.0,-1.0,-1.0,1.0,-1.0,-1.0,-1.0,1.0,1.0,-1.0	7.907335,3.0150511,-0.73725116,-0.3425383,-3.4108202,0.41271675,-3.6605337,-2.2769058,-7.4520288,0.28910148,5.133135,-1.6069531
../data/train_data_mmini/10/Train_0048.jpg	10	1.0,1.0,-1.0,-1.0,-1.0,-1.0,-1.0,-1.0,-1.0,-1.0,1.0,-1.0	3.763146,4.9552355,-1.152735,-1.4565383,-5.111905,-5.447468,-5.25196,-2.2814097,-3.510595,-0.6538548,3.4463644,-2.7405455
../data/train_data_mmini/10/Train_0049.jpg	10	1.0,1.0,1.0,-1.0,-1.0,1.0,-1.0,-1.0,-1.0,-1.0,1.0,-1.0	4.2271433,3.3172169,0.2568737,-0.941058,-5.0203295,0.87205714,-5.4299736,-3.7840402,-6.7607975,-0.47672987,6.0323706,-1.3588681
