../data/train_data_mmini/1/Train_0000.jpg	1	1.0,1.0,1.0,-1.0,1.0,1.0,-1.0,1.0,1.0,1.0,-1.0,-1.0,1.0,-1.0,-1.0,1.0,1.0,-1.0,-1.0,1.0,-1.0,1.0,1.0,-1.0	0.4518993,0.17156197,0.37945178,-0.10442501,0.3001392,0.43867865,-0.4462685,1.0672383,0.12994438,0.18404451,-0.52716994,-0.55712336,0.74075085,-0.5575677,-1.5835502,0.13146502,0.51728565,-0.2738742,-0.81290793,0.21286424,-0.36999124,0.10950747,0.510254,-0.29605842
../data/train_data_mmini/1/Train_0001.jpg	1	1.0,1.0,-1.0,-1.0,1.0,1.0,-1.0,1.0,1.0,-1.0,-1.0,-1.0,1.0,-1.0,-1.0,1.0,1.0,-1.0,-1.0,-1.0,-1.0,1.0,1.0,-1.0	0.5232648,0.3259739,-0.102007344,-0.072728544,0.010336801,0.16700456,-0.038363382,0.1978957,0.4294227,-0.16775762,-0.15151365,-0.04728329,0.838195,-0.18554786,-1.1418059,0.018347915,0.15498264,-0.16417263,-0.28910315,-0.21267964,-0.011957511,0.43002936,0.52025557,-0.22673106
../data/train_data_mmini/1/Train_0002.jpg	1	-1.0,1.0,-1.0,1.0,-1.0,-1.0,1.0,-1.0,1.0,1.0,-1.0,1.0,1.0,1.0,1.0,-1.0,-1.0,-1.0,-1.0,-1.0,1.0,-1.0,1.0,-1.0	-0.24722998,0.19091637,-0.7775317,0.46973866,-0.7696931,-0.1667408,0.7098961,-1.0621233,0.6708566,0.16037352,-0.24773462,0.004382372,0.5816784,0.9476657,0.7589484,-0.2034122,-0.12286715,-0.2396261,-0.13595775,-0.709882,0.3773113,-0.22491191,0.42061993,-0.35540926
../data/train_data_mmini/1/Train_0003.jpg	1	1.0,1.0,1.0,-1.0,1.0,1.0,-1.0,1.0,1.0,1.0,-1.0,-1.0,1.0,-1.0,-1.0,1.0,1.0,-1.0,-1.0,1.0,-1.0,1.0,1.0,-1.0	0.5287631,0.21708472,0.57429636,-0.17494327,0.43633342,0.5479599,-0.5979924,1.3379518,0.03406994,0.1277406,-0.49645025,-0.67325217,0.7937454,-0.72170293,-1.9245231,0.20694706,0.64133435,-0.30472532,-0.9509953,0.3692763,-0.4684186,0.12454495,0.5518693,-0.35086346
../data/train_data_mmini/1/Train_0004.jpg	1	1.0,1.0,1.0,-1.0,1.0,1.0,-1.0,1.0,1.0,-1.0,-1.0,-1.0,1.0,-1.0,-1.0,1.0,1.0,-1.0,-1.0,1.0,-1.0,1.0,1.0,-1.0	0.59818196,0.29360047,0.44988635,-0.17630434,0.25505036,0.3890845,-0.3896348,1.0725824,0.2182716,-0.026956689,-0.36541665,-0.5530446,0.7561616,-0.5916853,-1.8094904,0.135104,0.487886,-0.34834436,-0.78134644,0.27626067,-0.39159966,0.26982853,0.4236096,-0.3113129
../data/train_data_mmini/2/Train_0005.jpg	2	1.0,1.0,-1.0,1.0,-1.0,1.0,1.0,-1.0,1.0,-1.0,1.0,1.0,1.0,1.0,1.0,-1.0,-1.0,-1.0,1.0,-1.0,1.0,1.0,1.0,-1.0	0.15617289,0.49160227,-0.40309823,0.19565561,-0.38366264,0.06972552,0.63875985,-0.5874498,0.30678552,-0.39964712,0.14864646,0.17575991,0.48500288,0.3798666,0.06937432,-0.1762437,-0.050604388,-0.13951783,0.07144944,-0.5558158,0.14789061,0.38360026,0.26494485,-0.02352106
../data/train_data_mmini/2/Train_0006.jpg	2	-1.0,1.0,-1.0,1.0,-1.0,1.0,1.0,-1.0,1.0,1.0,-1.0,-1.0,1.0,1.0,-1.0,-1.0,1.0,-1.0,-1.0,-1.0,1.0,-1.0,1.0,-1.0	-0.06695469,0.42312068,-0.37783384,0.4493261,-0.6847055,0.099499606,0.26225066,-0.12285334,0.32535502,0.585259,-0.31366283,-0.11468665,0.4171644,0.48318717,-0.22522634,-0.60216415,0.39933604,-0.31689915,-0.38361576,-0.47552842,0.24701943,-0.14534357,0.8276417,-0.4262504
../data/train_data_mmini/2/Train_0007.jpg	2	1.0,1.0,1.0,-1.0,1.0,1.0,-1.0,1.0,-1.0,1.0,-1.0,-1.0,1.0,-1.0,-1.0,1.0,1.0,-1.0,-1.0,1.0,-1.0,1.0,1.0,-1.0	0.6498869,0.3065537,0.7847214,-0.4280266,0.60671943,0.7212949,-0.68286943,1.7149187,-0.022213563,0.03264783,-0.44663268,-0.81204706,0.6359904,-0.9725239,-2.2302995,0.30528957,0.70813304,-0.34500197,-0.98031235,0.6504029,-0.6453227,0.11890909,0.37238574,-0.3738078
../data/train_data_mmini/2/Train_0008.jpg	2	1.0,1.0,-1.0,1.0,-1.0,1.0,1.0,1.0,1.0,1.0,-1.0,-1.0,1.0,1.0,-1.0,-1.0,1.0,-1.0,-1.0,-1.0,-1.0,-1.0,1.0,-1.0	0.06844579,0.23695798,-0.13985308,0.49747902,-0.2530589,0.25887877,0.005131021,0.33876282,0.22483006,0.34236404,-0.49921858,-0.40871388,0.2195136,0.22787884,-0.35328406,-0.29314613,0.37062424,-0.4414591,-0.7310976,-0.028700694,-0.2364916,-0.38240942,0.56450903,-0.36605614
../data/train_data_mmini/2/Train_0009.jpg	2	1.0,1.0,1.0,1.0,-1.0,1.0,1.0,1.0,1.0,-1.0,-1.0,-1.0,1.0,-1.0,-1.0,-1.0,1.0,-1.0,-1.0,-1.0,-1.0,1.0,1.0,-1.0	0.3222485,0.46639684,0.051709455,0.20734519,-0.18491255,0.2893044,0.18959393,0.16070801,0.1862054,-0.16165318,-0.0732639,-0.23232512,0.5834441,-0.01480481,-0.69012,-0.15956795,0.28712475,-0.28826705,-0.47065786,-0.31183153,-0.056804582,0.25344738,0.38334495,-0.15750659
../data/train_data_mmini/3/Train_0010.jpg	3	-1.0,1.0,-1.0,1.0,-1.0,-1.0,1.0,-1.0,1.0,1.0,-1.0,-1.0,1.0,1.0,1.0,-1.0,-1.0,-1.0,-1.0,-1.0,1.0,-1.0,1.0,-1.0	-0.07412234,0.3457602,-0.4760693,0.50091803,-0.79821414,-0.04087118,0.4178747,-0.76546615,0.5700649,0.00930706,-0.11691053,-0.10375048,0.25557542,0.605525,0.14050859,-0.24068546,-0.06370132,-0.2811087,-0.092011556,-0.5761131,0.39088708,-0.042617355,0.6037407,-0.29478335
../data/train_data_mmini/3/Train_0011.jpg	3	-1.0,-1.0,-1.0,1.0,-1.0,-1.0,1.0,-1.0,1.0,-1.0,1.0,1.0,1.0,1.0,1.0,-1.0,-1.0,-1.0,1.0,-1.0,1.0,1.0,1.0,-1.0	-0.17266835,-0.04307647,-1.5619414,0.48298025,-1.17336,-0.92171717,1.4006793,-2.7469401,1.5955184,-0.5537451,0.27704614,0.17027593,0.72174025,1.7809402,1.8135769,-0.10353187,-1.0442379,-0.024082225,0.61025405,-1.3662622,0.7641504,0.24633262,0.17629866,-0.30969125
../data/train_data_mmini/3/Train_0012.jpg	3	1.0,1.0,-1.0,1.0,-1.0,-1.0,1.0,-1.0,1.0,-1.0,1.0,1.0,1.0,1.0,1.0,-1.0,-1.0,-1.0,1.0,-1.0,1.0,1.0,1.0,1.0	0.11226083,0.44269434,-0.7476306,0.36931828,-0.69127524,-0.36523464,1.1395015,-1.4570748,0.7307418,-0.6239072,0.5657974,0.2524619,1.0041205,0.8558011,0.7429425,-0.20493457,-0.43532032,-0.35251185,0.21669687,-1.1033523,0.38052863,0.75248796,0.06607135,0.09039385
../data/train_data_mmini/3/Train_0013.jpg	3	-1.0,1.0,-1.0,1.0,-1.0,1.0,1.0,-1.0,1.0,1.0,-1.0,1.0,1.0,1.0,1.0,-1.0,1.0,-1.0,-1.0,-1.0,1.0,-1.0,1.0,-1.0	-0.7075537,0.27215913,-0.83890885,0.7680012,-1.1362714,0.019596554,0.6347363,-0.77608246,0.1736011,1.0061163,-0.19520403,0.09444742,0.116682164,1.3425317,1.4790456,-0.7496246,0.33675992,-0.5343273,-0.34832564,-0.6632424,0.39947778,-0.7993528,0.52656996,-0.42296225
../data/train_data_mmini/3/Train_0014.jpg	3	1.0,1.0,-1.0,1.0,-1.0,-1.0,1.0,-1.0,1.0,-1.0,-1.0,1.0,1.0,1.0,1.0,-1.0,-1.0,-1.0,-1.0,-1.0,1.0,1.0,1.0,-1.0	0.012940394,0.4019008,-0.7869673,0.58004904,-0.7022989,-0.21133813,0.65241206,-0.9067087,0.63437057,-0.012094494,-0.10301609,0.093311906,0.5732132,0.9747429,0.23327011,-0.4397276,-0.07721715,-0.24451475,-0.058961958,-0.6324462,0.28480643,0.10633311,0.5174626,-0.30459744
../data/train_data_mmini/4/Train_0015.jpg	4	1.0,1.0,-1.0,1.0,-1.0,1.0,1.0,1.0,1.0,1.0,-1.0,-1.0,1.0,1.0,-1.0,-1.0,1.0,-1.0,-1.0,-1.0,-1.0,-1.0,1.0,-1.0	0.015546786,0.27024963,-0.052860398,0.23904163,-0.35358852,0.28994212,0.25384545,0.18214506,0.14309816,0.22191043,-0.273313,-0.21091872,0.5462391,0.18743262,-0.23545152,-0.16879886,0.21073075,-0.50436246,-0.6521785,-0.295407,-0.18404464,-0.014411245,0.3885107,-0.2625504
../data/train_data_mmini/4/Train_0016.jpg	4	1.0,1.0,-1.0,1.0,-1.0,1.0,1.0,-1.0,1.0,-1.0,1.0,1.0,1.0,1.0,1.0,-1.0,1.0,1.0,1.0,-1.0,1.0,1.0,1.0,-1.0	0.05355488,0.29104415,-0.44307348,0.37865245,-0.19827457,0.09480619,0.68478715,-0.55080235,0.42602074,-0.44044307,0.1336269,0.06982134,0.532239,0.31144735,0.18752867,-0.07020146,0.11447586,0.022407014,0.008273438,-0.42402864,0.05294524,0.20217022,0.25957823,-0.0974853
../data/train_data_mmini/4/Train_0017.jpg	4	-1.0,1.0,-1.0,1.0,-1.0,-1.0,1.0,-1.0,1.0,-1.0,1.0,1.0,1.0,1.0,1.0,-1.0,-1.0,-1.0,1.0,-1.0,1.0,1.0,1.0,-1.0	-0.28479242,0.30670664,-1.0744116,0.70250905,-1.086419,-0.3792718,1.4606906,-1.9264987,0.9676212,-0.3266349,0.31266528,0.25708848,0.61842024,1.3281995,1.5211787,-0.35229838,-0.2847724,-0.08387242,0.48651305,-1.1852612,0.78143394,0.27367732,0.3528838,-0.08447712
../data/train_data_mmini/4/Train_0018.jpg	4	1.0,1.0,-1.0,1.0,-1.0,1.0,1.0,-1.0,1.0,-1.0,1.0,-1.0,1.0,1.0,1.0,-1.0,-1.0,-1.0,-1.0,-1.0,1.0,1.0,1.0,-1.0	0.071180806,0.33635345,-0.30149665,0.4666945,-0.44414276,0.1809453,0.458858,-0.4789822,0.32294238,-0.29962653,0.14153837,-0.039497048,0.3864309,0.27209538,0.16779625,-0.20902842,-0.0064213723,-0.22222112,-0.0978051,-0.45263332,0.09061299,0.25427708,0.3850684,-0.1432088
../data/train_data_mmini/4/Train_0019.jpg	4	1.0,1.0,-1.0,1.0,-1.0,-1.0,1.0,-1.0,1.0,1.0,-1.0,1.0,1.0,1.0,-1.0,-1.0,1.0,-1.0,-1.0,-1.0,1.0,1.0,1.0,-1.0	0.00069312984,0.49905732,-0.3644654,0.16584748,-0.70859146,-0.041189797,0.64252275,-0.35628542,0.3584817,0.141291,-0.06608577,0.2258712,0.4639417,0.5295783,-0.26961482,-0.44639522,0.2733131,-0.23402803,-0.24006963,-0.57608384,0.2577876,0.16886845,0.5804484,-0.2081871
../data/train_data_mmini/5/Train_0020.jpg	5	1.0,1.0,1.0,-1.0,1.0,1.0,-1.0,1.0,1.0,-1.0,-1.0,-1.0,1.0,-1.0,-1.0,1.0,1.0,-1.0,-1.0,1.0,-1.0,1.0,1.0,-1.0	0.7797695,0.36746123,0.664631,-0.38058737,0.5328748,0.6111282,-0.51076996,1.4483021,0.0889913,-0.16132122,-0.4333138,-0.63655865,0.76281035,-0.93161154,-2.230714,0.26900464,0.6640474,-0.2493072,-0.8343129,0.4411211,-0.5034436,0.35342976,0.43813503,-0.3311348
../data/train_data_mmini/5/Train_0021.jpg	5	1.0,1.0,-1.0,1.0,-1.0,1.0,-1.0,1.0,1.0,1.0,-1.0,-1.0,1.0,1.0,-1.0,-1.0,1.0,-1.0,-1.0,-1.0,-1.0,-1.0,1.0,-1.0	0.02279787,0.26508096,-0.02141263,0.3381556,-0.3223191,0.33019698,-0.1618746,0.6056808,0.15575407,0.61544687,-0.66843355,-0.5556826,0.52238226,0.28532693,-0.6968631,-0.3791613,0.35765386,-0.6491689,-1.0125672,-0.119970515,-0.23332413,-0.23844925,0.73713934,-0.49325943
../data/train_data_mmini/5/Train_0022.jpg	5	1.0,1.0,1.0,-1.0,1.0,1.0,-1.0,1.0,1.0,1.0,-1.0,-1.0,1.0,-1.0,-1.0,1.0,1.0,-1.0,-1.0,1.0,-1.0,1.0,1.0,-1.0	0.59596163,0.33684686,0.6005881,-0.22721177,0.42923546,0.5397185,-0.57308924,1.3211297,0.0166011,0.035325993,-0.39393502,-0.5895497,0.6246594,-0.74668646,-1.9582591,0.13626546,0.6172446,-0.29364368,-0.80658054,0.42539817,-0.41735554,0.16259935,0.43291864,-0.29912233
../data/train_data_mmini/5/Train_0023.jpg	5	1.0,1.0,1.0,-1.0,1.0,1.0,-1.0,1.0,-1.0,1.0,-1.0,-1.0,1.0,-1.0,-1.0,1.0,1.0,-1.0,-1.0,1.0,-1.0,1.0,1.0,-1.0	0.73649716,0.36560175,0.83651996,-0.31454933,0.59871083,0.7528187,-0.7196817,1.7558972,-0.14078085,0.051175807,-0.48932934,-0.7588749,0.67671394,-0.9671575,-2.3331194,0.2661125,0.74875796,-0.30335835,-1.0164325,0.561695,-0.6136809,0.19508865,0.457181,-0.34942302
../data/train_data_mmini/5/Train_0024.jpg	5	1.0,1.0,1.0,-1.0,-1.0,1.0,1.0,1.0,1.0,1.0,-1.0,-1.0,1.0,-1.0,-1.0,-1.0,1.0,-1.0,-1.0,-1.0,-1.0,1.0,1.0,-1.0	0.10838632,0.27674368,0.10627113,-0.038056657,-0.025767341,0.31989345,0.031775787,0.4649256,0.1610289,0.051415045,-0.18295307,-0.45550877,0.6072546,-0.058234364,-0.8064814,-0.09537238,0.23188014,-0.49423233,-0.64783335,-0.14977165,-0.22154398,0.11637184,0.33607322,-0.30798244
../data/train_data_mmini/6/Train_0025.jpg	6	-1.0,1.0,-1.0,1.0,-1.0,-1.0,1.0,-1.0,1.0,-1.0,1.0,1.0,1.0,1.0,1.0,-1.0,-1.0,-1.0,1.0,-1.0,1.0,-1.0,1.0,-1.0	-0.67033666,0.27376536,-1.2015815,0.5247525,-1.2563525,-0.54509735,1.4503051,-1.9902173,0.879704,-0.1633578,0.3984865,0.09595288,0.3596897,1.734641,1.9027028,-0.29318362,-0.4607327,-0.19057111,0.4267873,-1.1762254,0.7598729,-0.1625582,0.22064972,-0.28617847
../data/train_data_mmini/6/Train_0026.jpg	6	1.0,1.0,-1.0,-1.0,-1.0,1.0,1.0,-1.0,1.0,-1.0,-1.0,-1.0,1.0,-1.0,-1.0,-1.0,-1.0,-1.0,1.0,-1.0,1.0,1.0,1.0,-1.0	0.37144464,0.2111298,-0.3961294,-0.2010166,-0.41441768,0.003911324,0.3420552,-0.6299617,0.8741054,-0.28911367,-0.066240445,-0.061537728,0.7606013,-0.07153085,-0.6922503,-0.15815395,-0.095744416,-0.11941026,0.029218212,-0.50417274,0.40112704,0.74869275,0.65958333,-0.29384154
../data/train_data_mmini/6/Train_0027.jpg	6	1.0,1.0,-1.0,1.0,-1.0,-1.0,1.0,-1.0,1.0,-1.0,1.0,1.0,1.0,1.0,1.0,-1.0,-1.0,-1.0,1.0,-1.0,1.0,1.0,1.0,-1.0	0.0026675337,0.34427592,-1.0170555,0.655318,-1.1810167,-0.45987013,1.281736,-2.061812,1.0411417,-0.65614206,0.30198574,0.2560119,0.5948045,1.3035452,1.145921,-0.083106995,-0.6656775,-0.09318654,0.36418855,-1.3833241,0.58775127,0.4483057,0.30512786,-0.037821047
../data/train_data_mmini/6/Train_0028.jpg	6	-1.0,1.0,-1.0,1.0,-1.0,-1.0,1.0,-1.0,1.0,1.0,-1.0,-1.0,1.0,1.0,1.0,-1.0,-1.0,-1.0,-1.0,-1.0,1.0,-1.0,1.0,-1.0	-0.026402665,0.056326225,-0.9146596,0.48289138,-0.6877366,-0.410287,0.6044203,-1.140058,1.0979849,0.040019814,-0.17971827,-0.21565019,0.60610557,0.9131324,0.20410341,-0.386211,-0.24680816,-0.18833803,-0.17692569,-0.52181965,0.33367926,-0.0013821758,0.5476144,-0.5890623
../data/train_data_mmini/6/Train_0029.jpg	6	-1.0,1.0,-1.0,1.0,-1.0,-1.0,1.0,-1.0,1.0,1.0,1.0,1.0,1.0,1.0,1.0,-1.0,1.0,-1.0,-1.0,-1.0,1.0,-1.0,1.0,-1.0	-0.87077075,0.48059496,-0.7548145,0.80127,-1.3264675,-0.12169594,1.3352833,-1.2652699,0.30309775,0.30010945,0.2219836,0.06500898,0.17512834,1.385679,2.1891825,-0.4600003,0.05074604,-0.43730268,-0.027108714,-1.052142,0.55056626,-0.46454647,0.16593793,-0.12517637
../data/train_data_mmini/7/Train_0030.jpg	7	1.0,1.0,1.0,-1.0,1.0,1.0,-1.0,1.0,1.0,-1.0,-1.0,-1.0,1.0,-1.0,-1.0,-1.0,1.0,-1.0,-1.0,-1.0,-1.0,1.0,1.0,-1.0	0.45222437,0.3839436,0.18671678,-0.071009904,0.11887936,0.33199528,-0.07212941,0.6361011,0.12212999,-0.13847844,-0.2404594,-0.2126493,0.78497803,-0.32546583,-1.3105881,-0.060253236,0.43282598,-0.1662036,-0.5650259,-0.070534036,-0.22776996,0.39570114,0.43933097,-0.19482422
../data/train_data_mmini/7/Train_0031.jpg	7	-1.0,1.0,-1.0,1.0,-1.0,1.0,1.0,-1.0,1.0,1.0,-1.0,-1.0,1.0,1.0,1.0,-1.0,1.0,-1.0,-1.0,-1.0,1.0,-1.0,1.0,-1.0	-0.226254,0.40328124,-0.37773308,0.68664026,-0.59801763,0.13270795,0.5462737,-0.2902168,0.28633782,0.18022528,-0.12552412,-0.2893058,0.37982672,0.5873096,0.22311586,-0.4626167,0.3185848,-0.5473708,-0.39291647,-0.43485332,0.2715543,-0.09993601,0.6009661,-0.44147992
../data/train_data_mmini/7/Train_0032.jpg	7	-1.0,1.0,-1.0,1.0,-1.0,-1.0,1.0,-1.0,1.0,-1.0,1.0,1.0,1.0,1.0,1.0,-1.0,-1.0,-1.0,1.0,-1.0,1.0,1.0,1.0,-1.0	-0.30862156,0.05343677,-1.3796229,0.6832713,-1.3865288,-0.6674583,1.3915321,-2.5161624,1.0697608,-0.26985025,0.26451588,0.12255137,0.6432034,1.7422098,2.0414264,-0.25402576,-0.8331485,-0.23202197,0.5753064,-1.5814873,0.83213323,0.27098587,0.25938419,-0.13927478
../data/train_data_mmini/7/Train_0033.jpg	7	1.0,1.0,-1.0,-1.0,-1.0,-1.0,1.0,-1.0,1.0,-1.0,1.0,1.0,1.0,1.0,-1.0,-1.0,-1.0,1.0,1.0,-1.0,1.0,1.0,1.0,-1.0	0.5448099,0.46510962,-0.34865683,-0.050213456,-0.2448727,-0.11727383,0.7599162,-0.6759533,0.50410587,-0.7786228,0.25308836,0.09068222,0.75694966,0.045579523,-0.681802,-0.0038421787,-0.16938959,0.020870049,0.13641982,-0.69139993,0.226665,0.9733054,0.23730549,-0.09821593
../data/train_data_mmini/7/Train_0034.jpg	7	-1.0,-1.0,-1.0,1.0,-1.0,-1.0,1.0,-1.0,1.0,-1.0,1.0,-1.0,1.0,1.0,1.0,-1.0,-1.0,-1.0,1.0,-1.0,1.0,1.0,1.0,-1.0	-0.31074083,-0.16604339,-1.6925579,0.5134293,-1.4769439,-1.1190532,1.4614133,-2.9862404,1.6442407,-0.4533421,0.27665907,-0.08294612,0.5522858,2.218138,1.8987999,-0.037109915,-1.138993,-0.033364933,0.644333,-1.517405,0.8826845,0.06424025,0.19974847,-0.4749421
../data/train_data_mmini/8/Train_0035.jpg	8	-1.0,1.0,-1.0,1.0,-1.0,1.0,1.0,-1.0,1.0,1.0,-1.0,-1.0,1.0,1.0,1.0,-1.0,1.0,-1.0,-1.0,-1.0,1.0,-1.0,1.0,-1.0	-0.28295648,0.40181756,-0.41728464,0.680305,-0.690375,0.077192105,0.40373844,-0.43009084,0.26613712,0.33297706,-0.15714897,-0.14049245,0.366216,0.8179357,0.4377715,-0.47099197,0.13746668,-0.4767553,-0.40400186,-0.5365008,0.16073136,-0.33783272,0.49553275,-0.2528937
../data/train_data_mmini/8/Train_0036.jpg	8	-1.0,1.0,-1.0,1.0,-1.0,-1.0,1.0,-1.0,1.0,-1.0,1.0,1.0,1.0,1.0,1.0,-1.0,-1.0,-1.0,1.0,-1.0,1.0,1.0,1.0,-1.0	-0.3244683,0.47864708,-0.8343454,0.60441434,-0.8983661,-0.14148244,1.0599172,-1.2575139,0.6454363,-0.21712281,0.21664886,0.10205598,0.4253297,1.0733988,1.0312095,-0.48989442,-0.1482716,-0.2938061,0.18050013,-0.806073,0.50744593,0.06715059,0.29373637,-0.1767146
../data/train_data_mmini/8/Train_0037.jpg	8	-1.0,1.0,-1.0,1.0,-1.0,-1.0,1.0,-1.0,1.0,-1.0,1.0,1.0,1.0,1.0,1.0,-1.0,-1.0,-1.0,1.0,-1.0,1.0,1.0,1.0,-1.0	-0.16569759,0.19899817,-1.1656803,0.43531993,-1.1394743,-0.5110445,1.3892553,-2.0382724,1.1728854,-0.40768984,0.29803658,0.098985896,0.57540524,1.2943611,1.3101215,-0.28415373,-0.6419201,-0.1180325,0.3063023,-1.1638898,0.6987484,0.46447372,0.32409227,-0.24933004
../data/train_data_mmini/8/Train_0038.jpg	8	-1.0,1.0,-1.0,1.0,-1.0,1.0,1.0,-1.0,1.0,1.0,-1.0,-1.0,1.0,1.0,1.0,-1.0,1.0,-1.0,-1.0,-1.0,1.0,-1.0,1.0,-1.0	-0.28558525,0.28246114,-0.46767727,0.62393343,-0.70147604,0.038312964,0.4571672,-0.49938777,0.34001952,0.3166026,-0.27538127,-0.14507599,0.37849176,0.88758814,0.60394275,-0.38278225,0.19676627,-0.49263135,-0.35439977,-0.53186065,0.2073154,-0.3477483,0.45877463,-0.28755617
../data/train_data_mmini/8/Train_0039.jpg	8	-1.0,1.0,-1.0,1.0,-1.0,-1.0,1.0,-1.0,1.0,1.0,1.0,1.0,1.0,1.0,1.0,-1.0,-1.0,-1.0,1.0,-1.0,1.0,-1.0,1.0,-1.0	-0.5315171,0.4873559,-0.9044025,0.7508453,-1.2978417,-0.29612046,1.1618576,-1.5840561,0.6214903,0.12710164,0.30372077,0.09375061,0.39246273,1.4819603,1.6770756,-0.60155815,-0.26426446,-0.33165303,0.06322509,-1.112014,0.5977575,-0.14429045,0.23503177,-0.12108158
../data/train_data_mmini/9/Train_0040.jpg	9	1.0,1.0,1.0,1.0,1.0,1.0,-1.0,1.0,1.0,1.0,-1.0,-1.0,1.0,-1.0,-1.0,-1.0,1.0,-1.0,-1.0,1.0,-1.0,1.0,1.0,-1.0	0.35027444,0.29207572,0.28511807,0.046785384,0.083353445,0.42326728,-0.2174698,0.9296942,0.1947511,0.13616168,-0.43264169,-0.57335097,0.5987929,-0.27264372,-1.3133957,-0.10071623,0.46016032,-0.45405963,-0.9532931,0.1881622,-0.36110383,0.033885147,0.48156562,-0.36225027
../data/train_data_mmini/9/Train_0041.jpg	9	1.0,1.0,-1.0,1.0,-1.0,-1.0,1.0,-1.0,1.0,-1.0,1.0,1.0,1.0,1.0,1.0,-1.0,-1.0,-1.0,1.0,-1.0,1.0,1.0,1.0,1.0	0.44919896,0.5625117,-0.8902885,0.18601486,-0.5449249,-0.29180896,1.2285434,-1.5274235,0.8163815,-1.1515611,0.6381095,0.41376257,0.7151595,0.6987318,0.12325603,-0.076592594,-0.5326154,-0.0034156255,0.5723142,-0.9670644,0.47391862,1.0113662,0.14883298,0.05804474
../data/train_data_mmini/9/Train_0042.jpg	9	-1.0,1.0,-1.0,1.0,-1.0,1.0,1.0,-1.0,1.0,1.0,-1.0,-1.0,1.0,1.0,1.0,-1.0,1.0,-1.0,-1.0,-1.0,-1.0,-1.0,1.0,-1.0	-0.20560633,0.25568154,-0.27949235,0.4025084,-0.46065933,0.15608382,0.3849135,-0.105992675,0.3735329,0.17298965,-0.18824114,-0.3383671,0.39962912,0.50899994,0.19319206,-0.33192387,0.11637689,-0.5921486,-0.67035544,-0.36036783,-0.10336973,-0.21917042,0.39569917,-0.39608723
../data/train_data_mmini/9/Train_0043.jpg	9	1.0,1.0,1.0,1.0,-1.0,1.0,-1.0,1.0,1.0,1.0,-1.0,-1.0,1.0,-1.0,-1.0,-1.0,1.0,-1.0,-1.0,1.0,-1.0,-1.0,1.0,-1.0	0.26999286,0.41465184,0.12766908,0.10429475,-0.07056798,0.4827052,-0.17919688,0.8421166,0.16155088,0.32697222,-0.5647972,-0.37693745,0.5525033,-0.16422346,-1.0927,-0.17146203,0.5103867,-0.4229882,-0.8926953,0.11710109,-0.2986954,-0.15797645,0.65684354,-0.38025218
../data/train_data_mmini/9/Train_0044.jpg	9	-1.0,1.0,-1.0,1.0,-1.0,1.0,1.0,-1.0,1.0,1.0,-1.0,-1.0,1.0,1.0,1.0,-1.0,1.0,-1.0,-1.0,-1.0,1.0,-1.0,1.0,-1.0	-0.40267894,0.4891962,-0.5187629,0.606689,-0.9151738,0.09988255,0.6667717,-0.62505186,0.2866888,0.34033063,-0.13586105,-0.05550103,0.41466933,0.8589444,0.7468216,-0.45799476,0.121312216,-0.529851,-0.4595525,-0.7872718,0.22794516,-0.1847589,0.50685036,-0.27293718
../data/train_data_mmini/10/Train_0045.jpg	10	-1.0,1.0,-1.0,1.0,-1.0,-1.0,1.0,-1.0,1.0,-1.0,1.0,1.0,1.0,1.0,1.0,-1.0,-1.0,-1.0,1.0,-1.0,1.0,1.0,-1.0,1.0	-0.9812041,0.18186848,-1.7741487,0.88163674,-1.9766444,-0.96823263,2.2796957,-3.2566981,1.1669195,-0.12491216,0.8439551,0.30104637,0.2684349,2.438337,3.9952676,-0.24892348,-0.9355875,-0.13479726,1.0870478,-1.9351187,1.1335769,0.036795106,-0.1024594,0.16543543
../data/train_data_mmini/10/Train_0046.jpg	10	-1.0,1.0,-1.0,1.0,-1.0,-1.0,1.0,-1.0,1.0,1.0,1.0,1.0,1.0,1.0,1.0,-1.0,-1.0,-1.0,1.0,-1.0,1.0,-1.0,1.0,-1.0	-0.8618528,0.13138418,-1.4415789,0.7463205,-1.6255265,-0.6054366,1.653808,-2.6021466,0.99866843,0.12673946,0.3040805,0.31175774,0.2166251,2.0112445,3.1332293,-0.18772522,-0.56895965,-0.041671436,0.5951748,-1.4895114,0.74660224,-0.21984297,0.10597846,-0.11044257
../data/train_data_mmini/10/Train_0047.jpg	10	-1.0,1.0,-1.0,1.0,-1.0,-1.0,1.0,-1.0,1.0,1.0,1.0,1.0,1.0,1.0,1.0,-1.0,-1.0,-1.0,1.0,-1.0,1.0,-1.0,1.0,-1.0	-0.938175,0.20808943,-1.4700364,0.783414,-1.619452,-0.5476142,1.4536622,-2.1767483,0.8872104,0.30828032,0.19834612,0.018608794,0.21859562,2.1413825,2.614863,-0.6155304,-0.32132232,-0.25981107,0.35639283,-1.3114376,0.82612497,-0.50760674,0.24812973,-0.36450404
../data/train_data_mmini/10/Train_0048.jpg	10	-1.0,1.0,-1.0,1.0,-1.0,-1.0,1.0,-1.0,1.0,-1.0,1.0,1.0,1.0,1.0,1.0,-1.0,-1.0,-1.0,1.0,-1.0,1.0,-1.0,-1.0,1.0	-0.7918481,0.5654096,-1.2452419,0.7885388,-1.6986701,-0.5474254,2.0198638,-2.3761535,0.58072644,-0.20352548,0.7801822,0.41441393,0.3062324,2.1718,3.0471218,-0.3445415,-0.55500305,-0.2217348,0.58359814,-1.6063988,0.6924141,-0.1128051,-0.19693035,0.19682467
../data/train_data_mmini/10/Train_0049.jpg	10	-1.0,1.0,-1.0,1.0,-1.0,-1.0,1.0,-1.0,1.0,1.0,1.0,-1.0,1.0,1.0,1.0,-1.0,-1.0,-1.0,1.0,-1.0,1.0,-1.0,1.0,-1.0	-0.5360943,0.27781573,-1.0526683,0.73041487,-1.3618684,-0.39557,1.1464561,-1.7479156,0.78363913,0.18308955,0.05402784,-0.021559611,0.31134427,1.5988427,1.7377639,-0.48577634,-0.3693924,-0.31287065,0.12893498,-1.1003608,0.6866302,-0.17418987,0.28298613,-0.25249374
