../data/train_data_mmini/1/Train_0000.jpg	1	1.0,1.0,-1.0,-1.0,1.0,-1.0,-1.0,-1.0	0.0053467895,0.8367893,-0.2875352,-0.36998495,0.2730787,-0.25706747,-0.24526387,-0.55480367
../data/train_data_mmini/1/Train_0001.jpg	1	-1.0,1.0,-1.0,-1.0,1.0,-1.0,-1.0,-1.0	-0.025567334,0.8647449,-0.2455307,-0.35229895,0.26554045,-0.24895623,-0.32176998,-0.47544953
../data/train_data_mmini/1/Train_0002.jpg	1	-1.0,1.0,-1.0,-1.0,1.0,-1.0,-1.0,-1.0	-0.07666536,0.7056328,-0.20608796,-0.30427638,0.23589504,-0.19578214,-0.1793658,-0.37875396
../data/train_data_mmini/1/Train_0003.jpg	1	-1.0,1.0,-1.0,-1.0,1.0,-1.0,-1.0,-1.0	-0.04300006,0.88279265,-0.36594248,-0.3475171,0.2678452,-0.272493,-0.2409328,-0.5935063
../data/train_data_mmini/1/Train_0004.jpg	1	1.0,1.0,-1.0,-1.0,1.0,-1.0,-1.0,-1.0	0.02460426,0.93757594,-0.24896695,-0.39858553,0.31367162,-0.26714972,-0.25543135,-0.63462746
../data/train_data_mmini/2/Train_0005.jpg	2	1.0,1.0,-1.0,-1.0,1.0,-1.0,-1.0,-1.0	0.0366042,0.69631726,-0.18236092,-0.3197592,0.2417837,-0.23637591,-0.25713676,-0.43184465
../data/train_data_mmini/2/Train_0006.jpg	2	1.0,1.0,-1.0,-1.0,1.0,-1.0,-1.0,-1.0	0.011737946,0.6216025,-0.29078934,-0.1763717,0.23945269,-0.2008741,-0.23955657,-0.40280476
../data/train_data_mmini/2/Train_0007.jpg	2	-1.0,1.0,-1.0,-1.0,1.0,-1.0,-1.0,-1.0	-0.00068451493,0.8768175,-0.28623053,-0.39985174,0.30960646,-0.2627228,-0.22994408,-0.65583295
../data/train_data_mmini/2/Train_0008.jpg	2	1.0,1.0,-1.0,-1.0,1.0,-1.0,-1.0,-1.0	0.022358797,0.78227776,-0.26745835,-0.31844455,0.24085116,-0.18832473,-0.23147847,-0.46218735
../data/train_data_mmini/2/Train_0009.jpg	2	1.0,1.0,-1.0,-1.0,1.0,-1.0,-1.0,-1.0	0.025287237,0.7488017,-0.24445197,-0.4076439,0.25943163,-0.20359528,-0.24730974,-0.43692908
../data/train_data_mmini/3/Train_0010.jpg	3	1.0,1.0,-1.0,-1.0,1.0,-1.0,-1.0,-1.0	0.022384427,0.63688314,-0.14192222,-0.24012311,0.23435771,-0.06867807,-0.24343698,-0.3616141
../data/train_data_mmini/3/Train_0011.jpg	3	-1.0,1.0,-1.0,-1.0,1.0,-1.0,-1.0,-1.0	-0.0054919333,0.6628953,-0.06584999,-0.2630382,0.17691799,-0.24040867,-0.16084906,-0.42120388
../data/train_data_mmini/3/Train_0012.jpg	3	1.0,1.0,-1.0,-1.0,1.0,-1.0,-1.0,-1.0	0.024907164,0.88786054,-0.08565792,-0.43164152,0.27411577,-0.40454733,-0.26066086,-0.44381976
../data/train_data_mmini/3/Train_0013.jpg	3	-1.0,1.0,-1.0,-1.0,1.0,-1.0,-1.0,-1.0	-0.018753447,0.7468473,-0.31626678,-0.37215063,0.27859533,-0.22907686,-0.20349416,-0.4221824
../data/train_data_mmini/3/Train_0014.jpg	3	1.0,1.0,-1.0,-1.0,1.0,-1.0,-1.0,-1.0	0.059519507,0.7457012,-0.26413485,-0.38770297,0.2357264,-0.16934057,-0.2376837,-0.38306403
../data/train_data_mmini/4/Train_0015.jpg	4	1.0,1.0,-1.0,-1.0,1.0,-1.0,-1.0,-1.0	0.009985145,0.8395179,-0.21826382,-0.40665507,0.31398907,-0.32110837,-0.14926007,-0.5099851
../data/train_data_mmini/4/Train_0016.jpg	4	1.0,1.0,-1.0,-1.0,1.0,-1.0,-1.0,-1.0	0.032303486,0.65216744,-0.16607638,-0.32176715,0.20236437,-0.2044263,-0.2159888,-0.34616426
../data/train_data_mmini/4/Train_0017.jpg	4	1.0,1.0,-1.0,-1.0,1.0,-1.0,-1.0,-1.0	0.017234672,0.5713094,-0.196184,-0.3778419,0.26556194,-0.37030932,-0.32957608,-0.38666478
../data/train_data_mmini/4/Train_0018.jpg	4	-1.0,1.0,-1.0,-1.0,1.0,-1.0,-1.0,-1.0	-0.036871824,0.63598144,-0.151179,-0.2956023,0.156964,-0.12805526,-0.1631224,-0.41083604
../data/train_data_mmini/4/Train_0019.jpg	4	-1.0,1.0,-1.0,-1.0,1.0,-1.0,-1.0,-1.0	-0.015761305,0.72247255,-0.2935683,-0.24976705,0.30009994,-0.28281376,-0.15849055,-0.47192335
../data/train_data_mmini/5/Train_0020.jpg	5	1.0,1.0,-1.0,-1.0,1.0,-1.0,-1.0,-1.0	0.019265871,0.95124483,-0.33356282,-0.43879905,0.29961702,-0.2656402,-0.33290657,-0.6685368
../data/train_data_mmini/5/Train_0021.jpg	5	1.0,1.0,-1.0,-1.0,1.0,-1.0,-1.0,-1.0	0.00981579,0.94629186,-0.3202037,-0.4363779,0.33582565,-0.27521896,-0.2512929,-0.618407
../data/train_data_mmini/5/Train_0022.jpg	5	1.0,1.0,-1.0,-1.0,1.0,-1.0,-1.0,-1.0	0.01645071,0.7868595,-0.27117085,-0.35708854,0.26031485,-0.24949242,-0.22580932,-0.55591446
../data/train_data_mmini/5/Train_0023.jpg	5	-1.0,1.0,-1.0,-1.0,1.0,-1.0,-1.0,-1.0	-0.041360766,0.9179504,-0.3270579,-0.35849744,0.2958546,-0.2528068,-0.28803554,-0.6158852
../data/train_data_mmini/5/Train_0024.jpg	5	1.0,1.0,-1.0,-1.0,1.0,-1.0,-1.0,-1.0	0.012531806,0.8827024,-0.22508669,-0.46082008,0.30091533,-0.29068887,-0.24266793,-0.5575187
../data/train_data_mmini/6/Train_0025.jpg	6	-1.0,1.0,-1.0,-1.0,1.0,-1.0,-1.0,-1.0	-0.046287473,0.63965625,-0.17598395,-0.19890322,0.20076275,-0.25409296,-0.19515596,-0.3464515
../data/train_data_mmini/6/Train_0026.jpg	6	-1.0,1.0,-1.0,-1.0,1.0,-1.0,-1.0,-1.0	-0.011816137,0.77356213,-0.31930986,-0.2873867,0.33843258,-0.13900653,-0.25782454,-0.4979387
../data/train_data_mmini/6/Train_0027.jpg	6	-1.0,1.0,-1.0,-1.0,1.0,-1.0,-1.0,-1.0	-0.056156185,0.6119136,-0.09545415,-0.15778309,0.2361957,-0.14640558,-0.14719352,-0.28597593
../data/train_data_mmini/6/Train_0028.jpg	6	-1.0,1.0,-1.0,-1.0,1.0,-1.0,-1.0,-1.0	-0.019107858,0.7398208,-0.19414966,-0.3704392,0.23881534,-0.25628635,-0.21172859,-0.44662866
../data/train_data_mmini/6/Train_0029.jpg	6	-1.0,1.0,-1.0,-1.0,1.0,-1.0,-1.0,-1.0	-0.0072541875,0.61941737,-0.19530931,-0.2713217,0.21940503,-0.24481885,-0.1572266,-0.39814752
../data/train_data_mmini/7/Train_0030.jpg	7	-1.0,1.0,-1.0,-1.0,1.0,-1.0,-1.0,-1.0	-0.048935108,0.8107462,-0.26288018,-0.4202571,0.2596413,-0.27660543,-0.27858073,-0.5436755
../data/train_data_mmini/7/Train_0031.jpg	7	1.0,1.0,-1.0,-1.0,1.0,-1.0,-1.0,-1.0	0.070367426,0.8337043,-0.24970521,-0.51842624,0.25009277,-0.16952571,-0.33630922,-0.48104858
../data/train_data_mmini/7/Train_0032.jpg	7	1.0,1.0,-1.0,-1.0,1.0,-1.0,-1.0,-1.0	0.08497297,0.74346447,-0.15002207,-0.4125983,0.23889124,-0.18211196,-0.2873796,-0.43303126
../data/train_data_mmini/7/Train_0033.jpg	7	1.0,1.0,-1.0,-1.0,1.0,-1.0,-1.0,-1.0	0.0426447,0.6690477,-0.23436753,-0.32416624,0.29626346,-0.21267945,-0.2803237,-0.4452494
../data/train_data_mmini/7/Train_0034.jpg	7	-1.0,1.0,-1.0,-1.0,1.0,-1.0,-1.0,-1.0	-0.034400042,0.72483784,-0.15167837,-0.21390645,0.16423012,-0.17494535,-0.14359865,-0.36867562
../data/train_data_mmini/8/Train_0035.jpg	8	1.0,1.0,-1.0,-1.0,1.0,-1.0,-1.0,-1.0	0.07158454,0.6888344,-0.15331708,-0.3446498,0.21359754,-0.19602636,-0.25590476,-0.39679006
../data/train_data_mmini/8/Train_0036.jpg	8	1.0,1.0,-1.0,-1.0,1.0,-1.0,-1.0,-1.0	0.041773632,0.63987386,-0.13395388,-0.3268415,0.23655327,-0.19124386,-0.19252197,-0.3622333
../data/train_data_mmini/8/Train_0037.jpg	8	1.0,1.0,-1.0,-1.0,1.0,-1.0,-1.0,-1.0	0.083592385,0.7504461,-0.14557877,-0.37760577,0.23267214,-0.21719497,-0.21088997,-0.45500582
../data/train_data_mmini/8/Train_0038.jpg	8	1.0,1.0,-1.0,-1.0,1.0,-1.0,-1.0,-1.0	0.02599701,0.7423782,-0.23613842,-0.39894846,0.28386948,-0.18442045,-0.24068098,-0.39862356
../data/train_data_mmini/8/Train_0039.jpg	8	1.0,1.0,-1.0,-1.0,1.0,-1.0,-1.0,-1.0	0.09853998,0.6030233,-0.05773563,-0.29064813,0.23028067,-0.22596993,-0.25129506,-0.3377616
../data/train_data_mmini/9/Train_0040.jpg	9	1.0,1.0,-1.0,-1.0,1.0,-1.0,-1.0,-1.0	0.015366506,0.92948544,-0.24725479,-0.45415258,0.35914683,-0.31290257,-0.2501135,-0.6225719
../data/train_data_mmini/9/Train_0041.jpg	9	1.0,1.0,-1.0,-1.0,1.0,-1.0,-1.0,-1.0	0.045966256,0.71634203,-0.15548828,-0.35142773,0.20837204,-0.17685394,-0.2999002,-0.4229094
../data/train_data_mmini/9/Train_0042.jpg	9	1.0,1.0,-1.0,-1.0,1.0,-1.0,-1.0,-1.0	0.0105773285,0.98368216,-0.21823987,-0.42963475,0.28272742,-0.3254759,-0.17100325,-0.5758599
../data/train_data_mmini/9/Train_0043.jpg	9	1.0,1.0,-1.0,-1.0,1.0,-1.0,-1.0,-1.0	0.04314243,0.82293475,-0.2772205,-0.38973325,0.3179916,-0.17732523,-0.2693535,-0.5779011
../data/train_data_mmini/9/Train_0044.jpg	9	1.0,1.0,-1.0,-1.0,1.0,-1.0,-1.0,-1.0	0.038310803,0.8065239,-0.23960792,-0.4236936,0.25538102,-0.27371085,-0.2605103,-0.52040696
../data/train_data_mmini/10/Train_0045.jpg	10	1.0,1.0,-1.0,-1.0,1.0,-1.0,-1.0,-1.0	0.13692206,0.43733194,-0.025493613,-0.2599206,0.10575361,-0.11194483,-0.078690924,-0.18294133
../data/train_data_mmini/10/Train_0046.jpg	10	1.0,1.0,-1.0,-1.0,1.0,-1.0,-1.0,-1.0	0.08800608,0.39692044,-0.16761419,-0.175754,0.109011166,-0.18083622,-0.16895,-0.34081492
../data/train_data_mmini/10/Train_0047.jpg	10	1.0,1.0,-1.0,-1.0,1.0,-1.0,-1.0,-1.0	0.08977336,0.7486253,-0.20827655,-0.4069371,0.268456,-0.1674352,-0.27043003,-0.3975269
../data/train_data_mmini/10/Train_0048.jpg	10	1.0,1.0,-1.0,-1.0,1.0,-1.0,-1.0,-1.0	0.0828383,0.6056377,-0.09845962,-0.34165457,0.16144389,-0.19192679,-0.21853735,-0.2651838
../data/train_data_mmini/10/Train_0049.jpg	10	1.0,1.0,-1.0,-1.0,1.0,-1.0,-1.0,-1.0	0.07090187,0.6243629,-0.09024946,-0.36107522,0.19171897,-0.20190671,-0.24335429,-0.37260187
