../data/train_data_mmini/1/Train_0000.jpg	1	-1.0,1.0,-1.0,-1.0,1.0,1.0,-1.0,1.0	-0.19129395,0.048160397,-0.14195792,-0.19278426,0.070883065,0.1087165,-0.0463294,0.24017167
../data/train_data_mmini/1/Train_0001.jpg	1	-1.0,1.0,-1.0,-1.0,-1.0,1.0,-1.0,1.0	-0.2290557,0.09484567,-0.24891628,-0.25358713,-0.006403578,0.16990957,-0.17048322,0.28964478
../data/train_data_mmini/1/Train_0002.jpg	1	-1.0,1.0,-1.0,-1.0,1.0,1.0,-1.0,1.0	-0.19295995,0.045374494,-0.11793117,-0.15860556,0.14864512,0.105272576,-0.047738433,0.27963454
../data/train_data_mmini/1/Train_0003.jpg	1	-1.0,1.0,-1.0,-1.0,-1.0,1.0,-1.0,1.0	-0.19527797,0.10158565,-0.20377786,-0.2369486,-0.04612144,0.079798155,-0.06388019,0.20818624
../data/train_data_mmini/1/Train_0004.jpg	1	-1.0,1.0,-1.0,-1.0,1.0,1.0,-1.0,1.0	-0.18050703,0.07577121,-0.1493554,-0.13240923,0.08745597,0.023763547,-0.119773604,0.2870538
../data/train_data_mmini/2/Train_0005.jpg	2	-1.0,1.0,-1.0,-1.0,1.0,1.0,-1.0,1.0	-0.2133527,0.16410358,-0.2238762,-0.20778356,0.028313708,0.113018095,-0.06749075,0.3249841
../data/train_data_mmini/2/Train_0006.jpg	2	-1.0,1.0,-1.0,-1.0,-1.0,1.0,-1.0,1.0	-0.123394266,0.09424202,-0.2140945,-0.22945635,-0.06774617,0.030683206,-0.08669028,0.31398445
../data/train_data_mmini/2/Train_0007.jpg	2	-1.0,1.0,-1.0,-1.0,1.0,1.0,-1.0,1.0	-0.1752957,0.08772732,-0.14548506,-0.17286222,0.029432833,0.06353909,-0.069258094,0.1992224
../data/train_data_mmini/2/Train_0008.jpg	2	-1.0,1.0,-1.0,-1.0,1.0,1.0,-1.0,1.0	-0.20379467,0.12906802,-0.1502153,-0.13443995,0.113277525,0.12949549,-0.17929208,0.31501502
../data/train_data_mmini/2/Train_0009.jpg	2	-1.0,1.0,-1.0,-1.0,-1.0,1.0,-1.0,1.0	-0.18174785,0.14450458,-0.16274793,-0.267816,-0.0010606766,0.109690845,-0.053852748,0.35617444
../data/train_data_mmini/3/Train_0010.jpg	3	-1.0,1.0,-1.0,-1.0,-1.0,1.0,-1.0,1.0	-0.21739942,0.1626237,-0.25171173,-0.22232567,-0.026147228,0.06739949,-0.18724468,0.2880311
../data/train_data_mmini/3/Train_0011.jpg	3	-1.0,1.0,-1.0,-1.0,1.0,1.0,-1.0,1.0	-0.1548483,0.11128883,-0.19142714,-0.19176492,0.12709188,0.14095742,-0.14209013,0.30992517
../data/train_data_mmini/3/Train_0012.jpg	3	-1.0,1.0,-1.0,-1.0,-1.0,1.0,-1.0,1.0	-0.14453797,0.10502915,-0.22207119,-0.22858869,-0.04131556,0.020700226,-0.054125667,0.3104763
../data/train_data_mmini/3/Train_0013.jpg	3	-1.0,1.0,-1.0,-1.0,-1.0,1.0,-1.0,1.0	-0.2084605,0.10534245,-0.23127465,-0.20185646,-0.07058382,0.06722267,-0.15174122,0.3290878
../data/train_data_mmini/3/Train_0014.jpg	3	-1.0,1.0,-1.0,-1.0,1.0,1.0,-1.0,1.0	-0.2583152,0.11803374,-0.18124297,-0.2304502,0.048286833,0.10468132,-0.14095342,0.3242513
../data/train_data_mmini/4/Train_0015.jpg	4	-1.0,1.0,-1.0,-1.0,1.0,1.0,-1.0,1.0	-0.11830547,0.06839544,-0.15198226,-0.2169272,0.1283333,0.09671252,-0.10219582,0.266101
../data/train_data_mmini/4/Train_0016.jpg	4	-1.0,1.0,-1.0,-1.0,1.0,1.0,-1.0,1.0	-0.17134689,0.13092119,-0.17327262,-0.21061218,0.07718957,0.140882,-0.093357265,0.22537717
../data/train_data_mmini/4/Train_0017.jpg	4	-1.0,1.0,-1.0,-1.0,-1.0,1.0,-1.0,1.0	-0.13539615,0.124881424,-0.195412,-0.291967,-0.056878436,0.107335754,-0.11739749,0.3246006
../data/train_data_mmini/4/Train_0018.jpg	4	-1.0,1.0,-1.0,-1.0,1.0,1.0,-1.0,1.0	-0.19339786,0.124573454,-0.094970904,-0.14025068,0.095461145,0.12662733,-0.13731466,0.26986212
../data/train_data_mmini/4/Train_0019.jpg	4	-1.0,1.0,-1.0,-1.0,-1.0,-1.0,-1.0,1.0	-0.14921474,0.06630582,-0.26856306,-0.2206282,-0.06772128,-0.081404306,-0.06685342,0.26503175
../data/train_data_mmini/5/Train_0020.jpg	5	-1.0,1.0,-1.0,-1.0,1.0,1.0,-1.0,1.0	-0.23666902,0.11641293,-0.20668939,-0.23546726,0.016851738,0.07457315,-0.06911016,0.21821828
../data/train_data_mmini/5/Train_0021.jpg	5	-1.0,1.0,-1.0,-1.0,1.0,1.0,-1.0,1.0	-0.1919333,0.16563317,-0.21135408,-0.24830472,0.101579905,0.14386125,-0.19377197,0.29743722
../data/train_data_mmini/5/Train_0022.jpg	5	-1.0,1.0,-1.0,-1.0,-1.0,1.0,-1.0,1.0	-0.16848469,0.12614772,-0.18636939,-0.14026757,-0.050427284,0.037292678,-0.08942771,0.2797233
../data/train_data_mmini/5/Train_0023.jpg	5	-1.0,1.0,-1.0,-1.0,-1.0,1.0,-1.0,1.0	-0.25262085,0.08385369,-0.1716139,-0.19899604,-0.039338235,0.0674483,-0.03047239,0.20950925
../data/train_data_mmini/5/Train_0024.jpg	5	-1.0,1.0,-1.0,-1.0,1.0,1.0,-1.0,1.0	-0.15883665,0.12235813,-0.18035956,-0.21549208,0.04422415,0.08058876,-0.067407764,0.26473027
../data/train_data_mmini/6/Train_0025.jpg	6	-1.0,1.0,-1.0,-1.0,-1.0,-1.0,-1.0,1.0	-0.18055597,0.17833333,-0.34727797,-0.39231923,-0.13998282,-0.0098316055,-0.057984896,0.28897247
../data/train_data_mmini/6/Train_0026.jpg	6	-1.0,1.0,-1.0,-1.0,1.0,1.0,-1.0,1.0	-0.22920857,0.13969183,-0.16328672,-0.34714925,0.0063933944,0.18199146,-0.15740848,0.312553
../data/train_data_mmini/6/Train_0027.jpg	6	-1.0,1.0,-1.0,-1.0,-1.0,1.0,-1.0,1.0	-0.19861922,0.12591584,-0.27544633,-0.28880307,-0.017155157,0.12618302,-0.11203469,0.32190776
../data/train_data_mmini/6/Train_0028.jpg	6	-1.0,1.0,-1.0,-1.0,1.0,1.0,-1.0,1.0	-0.15352751,0.04429724,-0.15267953,-0.16976099,0.19002217,0.16792823,-0.13572675,0.2749201
../data/train_data_mmini/6/Train_0029.jpg	6	-1.0,1.0,-1.0,-1.0,-1.0,-1.0,-1.0,1.0	-0.14481868,0.15064643,-0.16484457,-0.26590818,-0.0380267,-0.032169383,-0.08565463,0.35063335
../data/train_data_mmini/7/Train_0030.jpg	7	-1.0,1.0,-1.0,-1.0,-1.0,1.0,1.0,1.0	-0.1774246,0.17002746,-0.19030108,-0.19417562,-0.024997242,0.07458851,0.019099783,0.27946827
../data/train_data_mmini/7/Train_0031.jpg	7	-1.0,1.0,-1.0,-1.0,-1.0,1.0,-1.0,1.0	-0.21893057,0.19496886,-0.2559815,-0.28401074,-0.0061591333,0.1379242,-0.16083308,0.3778493
../data/train_data_mmini/7/Train_0032.jpg	7	-1.0,1.0,-1.0,-1.0,1.0,1.0,-1.0,1.0	-0.1482294,0.104360275,-0.21405694,-0.2814895,0.04752747,0.18625699,-0.22662318,0.3686795
../data/train_data_mmini/7/Train_0033.jpg	7	-1.0,1.0,-1.0,-1.0,-1.0,1.0,-1.0,1.0	-0.1983894,0.20427404,-0.20705232,-0.205062,-0.040610544,0.13231407,-0.038940072,0.2986548
../data/train_data_mmini/7/Train_0034.jpg	7	-1.0,1.0,-1.0,-1.0,1.0,1.0,-1.0,1.0	-0.13840784,0.1328232,-0.25019628,-0.2322317,0.046664175,0.09553997,-0.21295716,0.29880774
../data/train_data_mmini/8/Train_0035.jpg	8	-1.0,1.0,-1.0,-1.0,-1.0,1.0,-1.0,1.0	-0.15012567,0.14277734,-0.19614328,-0.12700148,-0.0076818177,0.106060244,-0.13309674,0.33307067
../data/train_data_mmini/8/Train_0036.jpg	8	-1.0,1.0,-1.0,-1.0,1.0,1.0,-1.0,1.0	-0.14383912,0.13966677,-0.22920915,-0.25067905,0.03448122,0.14142667,-0.10502567,0.378196
../data/train_data_mmini/8/Train_0037.jpg	8	-1.0,1.0,-1.0,-1.0,1.0,1.0,-1.0,1.0	-0.17978992,0.22322333,-0.2378207,-0.32835898,0.05678492,0.17994022,-0.19918503,0.364856
../data/train_data_mmini/8/Train_0038.jpg	8	-1.0,1.0,-1.0,-1.0,-1.0,1.0,-1.0,1.0	-0.174091,0.14739534,-0.26184368,-0.26565194,-0.057259098,0.09865896,-0.17856938,0.33393168
../data/train_data_mmini/8/Train_0039.jpg	8	-1.0,1.0,-1.0,-1.0,-1.0,1.0,-1.0,1.0	-0.14661308,0.15853961,-0.20438589,-0.14626098,-0.009224693,0.07141255,-0.11599464,0.3539504
../data/train_data_mmini/9/Train_0040.jpg	9	-1.0,1.0,-1.0,-1.0,1.0,1.0,-1.0,1.0	-0.16809537,0.13306326,-0.18953516,-0.21144047,0.0794046,0.09220075,-0.1504518,0.3109417
../data/train_data_mmini/9/Train_0041.jpg	9	-1.0,1.0,-1.0,-1.0,1.0,1.0,-1.0,1.0	-0.25915486,0.15140693,-0.28272688,-0.21421102,0.028048545,0.1514206,-0.10989648,0.3340353
../data/train_data_mmini/9/Train_0042.jpg	9	-1.0,1.0,-1.0,-1.0,1.0,1.0,-1.0,1.0	-0.18280222,0.11155088,-0.17069921,-0.21652816,0.13868149,0.0819799,-0.13534266,0.29659992
../data/train_data_mmini/9/Train_0043.jpg	9	-1.0,1.0,-1.0,-1.0,1.0,1.0,-1.0,1.0	-0.18692866,0.1339403,-0.19604108,-0.16795096,0.042038966,0.08777636,-0.11130132,0.29364166
../data/train_data_mmini/9/Train_0044.jpg	9	-1.0,1.0,-1.0,-1.0,-1.0,-1.0,-1.0,1.0	-0.17604356,0.14132974,-0.22486119,-0.21913262,-0.038377438,-0.01228177,-0.06354371,0.32591635
../data/train_data_mmini/10/Train_0045.jpg	10	-1.0,1.0,-1.0,-1.0,1.0,1.0,-1.0,1.0	-0.107901804,0.21095093,-0.19751073,-0.15170676,0.014600379,0.15092923,-0.18054558,0.37260747
../data/train_data_mmini/10/Train_0046.jpg	10	-1.0,1.0,-1.0,-1.0,-1.0,1.0,-1.0,1.0	-0.08230827,0.15537474,-0.13609555,-0.20306468,-0.0038454437,0.04436089,-0.13815477,0.22023037
../data/train_data_mmini/10/Train_0047.jpg	10	-1.0,1.0,-1.0,-1.0,-1.0,1.0,-1.0,1.0	-0.13791178,0.16347045,-0.25733447,-0.24477573,-0.0003468081,0.104595624,-0.23769228,0.39540294
../data/train_data_mmini/10/Train_0048.jpg	10	-1.0,1.0,-1.0,-1.0,-1.0,-1.0,-1.0,1.0	-0.16091204,0.15772192,-0.25516522,-0.1710878,-0.14733085,-0.08418663,-0.08457021,0.3191597
../data/train_data_mmini/10/Train_0049.jpg	10	-1.0,1.0,-1.0,-1.0,-1.0,1.0,-1.0,1.0	-0.13221167,0.20815551,-0.22584108,-0.20409143,-0.02492311,0.10112256,-0.18457086,0.3855269
