../data/train_data_mmini/1/Train_0000.jpg	1	-1.0,-1.0,1.0,1.0,1.0,-1.0,1.0,1.0,1.0,-1.0,-1.0,1.0,1.0,-1.0,-1.0,-1.0,1.0,-1.0,-1.0,1.0,-1.0,1.0,-1.0,1.0	-2.66687,-0.29966095,7.8129263,3.6680834,7.0054917,-3.7704096,2.8366573,2.251813,4.1466007,-5.145431,-1.7451948,3.1452103,0.38296658,-0.34115988,-5.822977,-0.9626411,1.1760374,-2.316605,-2.700093,3.6286774,-1.2267895,6.2614465,-1.3909578,4.008994
../data/train_data_mmini/1/Train_0001.jpg	1	-1.0,-1.0,1.0,1.0,1.0,-1.0,-1.0,1.0,1.0,-1.0,-1.0,-1.0,1.0,-1.0,-1.0,-1.0,1.0,-1.0,-1.0,1.0,-1.0,1.0,1.0,1.0	-2.2974815,-2.1867838,4.6354585,0.7716335,5.34319,-0.09038228,-0.5724292,0.58061737,0.25899675,-3.929903,-0.60311335,-0.35483786,0.15495628,-1.1188691,-4.291609,-1.6087642,1.4428144,-0.034986187,-0.66050285,1.6888841,-1.4548694,3.082995,0.20568317,0.7980312
../data/train_data_mmini/1/Train_0002.jpg	1	-1.0,-1.0,-1.0,-1.0,1.0,1.0,1.0,1.0,-1.0,-1.0,-1.0,-1.0,1.0,-1.0,-1.0,-1.0,1.0,1.0,-1.0,-1.0,1.0,-1.0,1.0,-1.0	-0.8326253,-2.7409067,-1.3328828,-2.8777397,2.3855443,1.1867757,0.9464584,0.31720626,-0.3448959,-0.4164188,-1.0139581,-1.2419983,1.0774618,-0.62256896,-2.5339682,-1.931832,0.7442978,0.110014,-0.87806803,-1.1773418,0.97774595,-2.3914187,1.4306033,-0.19703497
../data/train_data_mmini/1/Train_0003.jpg	1	-1.0,1.0,1.0,1.0,1.0,-1.0,1.0,1.0,1.0,-1.0,-1.0,1.0,1.0,-1.0,-1.0,-1.0,1.0,-1.0,-1.0,1.0,-1.0,1.0,-1.0,1.0	-3.3761024,0.16739152,9.568132,5.2856975,7.6135626,-4.450768,1.8477457,2.655919,3.8111935,-6.487261,-0.82672817,3.2694402,0.019725878,-0.53962934,-6.545951,-1.1555966,2.1198037,-2.2509918,-2.2002895,4.8758373,-3.030568,7.8276954,-2.5760596,4.371697
../data/train_data_mmini/1/Train_0004.jpg	1	-1.0,-1.0,1.0,1.0,1.0,-1.0,1.0,1.0,1.0,-1.0,-1.0,1.0,1.0,-1.0,-1.0,-1.0,1.0,-1.0,-1.0,1.0,-1.0,1.0,-1.0,1.0	-2.7952912,-0.5169431,7.1067796,2.917897,6.6016445,-3.1485868,2.5554678,1.907567,3.7321236,-4.9274573,-1.3208915,2.762351,0.16355352,-0.70123583,-5.688168,-1.0745575,1.0800618,-2.1318743,-2.8475976,3.1639643,-1.3848408,5.627397,-1.2135952,3.564643
../data/train_data_mmini/2/Train_0005.jpg	2	-1.0,-1.0,-1.0,-1.0,1.0,1.0,-1.0,1.0,-1.0,-1.0,1.0,-1.0,1.0,-1.0,-1.0,-1.0,1.0,1.0,-1.0,1.0,-1.0,-1.0,-1.0,1.0	-3.9960623,-2.3369768,-1.2760904,-1.2811067,3.8256712,0.4140586,-1.2235726,1.9389848,-1.6152635,-2.3432097,1.2219969,-1.5742954,1.6089321,-1.7322923,-4.3563485,-4.5353317,3.2284062,1.5597152,-0.75462747,0.7322927,-1.9491608,-1.8205408,-0.046411708,0.4886605
../data/train_data_mmini/2/Train_0006.jpg	2	-1.0,-1.0,-1.0,-1.0,1.0,-1.0,1.0,1.0,1.0,-1.0,-1.0,1.0,1.0,-1.0,-1.0,-1.0,1.0,1.0,-1.0,-1.0,1.0,-1.0,1.0,1.0	-2.8055482,-2.3737237,-2.4929192,-1.8496609,3.278878,-0.41243196,2.0773835,1.8550082,0.76026666,-0.53943807,-0.057602804,0.055125095,1.7925704,-1.1094351,-3.7366154,-3.5715241,1.5500396,0.38952434,-2.3682368,-0.05401888,0.07511982,-2.612543,0.098847225,1.4322616
../data/train_data_mmini/2/Train_0007.jpg	2	-1.0,1.0,1.0,1.0,1.0,-1.0,1.0,1.0,1.0,-1.0,-1.0,1.0,-1.0,-1.0,-1.0,-1.0,1.0,-1.0,-1.0,1.0,-1.0,1.0,-1.0,1.0	-4.0818763,0.6451732,12.142933,6.33597,8.960439,-5.9497504,4.3194346,3.2586868,5.7414627,-7.163637,-2.341851,4.943756,-0.11907568,-0.3197546,-7.9673715,-0.7653625,1.9774464,-3.1758761,-4.1172543,6.0455794,-2.5444837,9.894069,-3.1547909,5.8917546
../data/train_data_mmini/2/Train_0008.jpg	2	-1.0,-1.0,-1.0,-1.0,1.0,-1.0,1.0,1.0,1.0,-1.0,-1.0,1.0,1.0,-1.0,-1.0,-1.0,1.0,-1.0,-1.0,-1.0,1.0,-1.0,1.0,1.0	-2.4115264,-1.2260326,-0.8711689,-1.4243475,3.0882158,-1.1278739,2.6503975,1.6890668,1.7757031,-0.9424078,-1.4545665,1.1985174,1.4409418,-0.95518076,-4.3722506,-2.7168157,0.721217,-0.1494857,-3.2973645,-0.046585817,0.52839786,-0.8292403,0.24629681,2.3601508
../data/train_data_mmini/2/Train_0009.jpg	2	-1.0,-1.0,1.0,1.0,1.0,-1.0,1.0,1.0,1.0,-1.0,-1.0,1.0,1.0,-1.0,-1.0,-1.0,1.0,-1.0,-1.0,1.0,-1.0,1.0,-1.0,1.0	-5.4581227,-1.070776,2.5477607,1.2123554,6.6046844,-2.9244976,1.1962411,3.8554018,1.8372314,-4.399646,-0.32871985,1.4652852,1.8166687,-1.7246481,-7.209087,-4.485191,3.0322804,-0.26194084,-2.77126,3.315229,-2.7070975,2.0232036,-1.6685346,3.5194113
../data/train_data_mmini/3/Train_0010.jpg	3	-1.0,-1.0,-1.0,-1.0,1.0,1.0,-1.0,1.0,-1.0,-1.0,1.0,-1.0,1.0,-1.0,-1.0,-1.0,1.0,1.0,-1.0,1.0,-1.0,-1.0,-1.0,-1.0	-3.1500986,-1.8844271,-0.52559596,-1.5669495,3.122433,0.55918044,-1.0335408,1.3490101,-1.1027879,-1.8012273,0.32188892,-1.1736746,0.7633306,-1.4024228,-3.632457,-3.252495,2.2107768,1.6182603,-0.82103866,0.5359988,-1.7556099,-0.98783946,-0.016681224,-0.25152466
../data/train_data_mmini/3/Train_0011.jpg	3	-1.0,-1.0,-1.0,-1.0,1.0,1.0,-1.0,-1.0,-1.0,1.0,-1.0,-1.0,1.0,-1.0,-1.0,-1.0,1.0,1.0,-1.0,-1.0,1.0,-1.0,1.0,-1.0	-0.42705336,-3.803521,-2.3326864,-4.3339667,1.729919,3.0320554,-0.015536057,-0.8552303,-1.637385,0.39405218,-1.0330949,-2.3743432,0.6698635,-1.1416422,-1.5291237,-1.4923321,0.14498197,1.3161283,-0.27405635,-2.4375153,1.4629774,-3.4791372,2.6964715,-2.0434422
../data/train_data_mmini/3/Train_0012.jpg	3	-1.0,-1.0,-1.0,-1.0,1.0,1.0,-1.0,1.0,-1.0,-1.0,1.0,-1.0,1.0,-1.0,-1.0,-1.0,1.0,1.0,1.0,-1.0,-1.0,-1.0,1.0,-1.0	-2.9075527,-3.0438783,-2.1570163,-2.6382349,2.389364,2.0928137,-2.6638896,0.74852663,-2.6694703,-1.5120609,1.2074409,-3.0625947,1.1309831,-2.0483239,-3.1310358,-3.6746948,2.1702933,1.6195637,0.6444331,-0.4110248,-1.3918788,-2.8991919,1.0589947,-1.0454419
../data/train_data_mmini/3/Train_0013.jpg	3	-1.0,-1.0,-1.0,-1.0,1.0,1.0,-1.0,1.0,-1.0,1.0,1.0,-1.0,1.0,-1.0,-1.0,-1.0,1.0,1.0,-1.0,-1.0,1.0,-1.0,1.0,1.0	-3.0015228,-2.2104576,-7.0132966,-4.5377927,1.1407038,1.1302509,-0.22710484,2.2926896,-1.1183087,1.4374661,0.9414246,-1.8230693,2.250474,-1.2213249,-3.6991475,-5.2728257,1.6583453,2.0243084,-1.3404204,-1.7911959,0.06931605,-6.362734,0.9641281,0.053116072
../data/train_data_mmini/3/Train_0014.jpg	3	-1.0,-1.0,-1.0,-1.0,1.0,1.0,1.0,1.0,1.0,-1.0,-1.0,-1.0,1.0,-1.0,-1.0,-1.0,1.0,1.0,-1.0,-1.0,-1.0,-1.0,1.0,1.0	-3.268383,-2.4356313,-1.4723219,-1.908734,3.9015388,0.015254734,1.53399,1.6107022,0.18342464,-1.0770081,-0.5226037,-0.093000725,1.651471,-1.7058681,-4.3709755,-3.6433678,1.6779487,0.7085412,-2.6023395,-0.04248075,-0.072643295,-1.8588767,0.30046427,1.1212583
../data/train_data_mmini/4/Train_0015.jpg	4	-1.0,-1.0,-1.0,-1.0,1.0,-1.0,1.0,1.0,1.0,-1.0,-1.0,1.0,1.0,-1.0,-1.0,-1.0,1.0,-1.0,-1.0,1.0,-1.0,-1.0,-1.0,1.0	-2.2951608,-0.85753924,-0.8206892,-0.81226265,3.1325977,-1.1047614,1.0008755,1.9593335,0.69534504,-1.6416998,-0.39266977,0.53702235,1.473461,-1.1545044,-4.3891797,-3.0938299,1.1126927,-0.42644286,-1.9384928,0.32475165,-0.16856933,-0.8728411,-0.0600136,2.189874
../data/train_data_mmini/4/Train_0016.jpg	4	-1.0,-1.0,-1.0,-1.0,1.0,1.0,-1.0,1.0,-1.0,-1.0,1.0,-1.0,1.0,-1.0,-1.0,-1.0,1.0,1.0,-1.0,1.0,-1.0,-1.0,1.0,1.0	-2.426556,-1.9690732,-0.66683775,-0.6458456,2.8655443,0.615442,-1.508769,0.7204518,-1.933821,-1.8018,0.6907602,-1.4174074,1.0770341,-1.2757726,-2.756987,-2.8746421,2.255914,1.0262141,-0.044423938,0.24798349,-1.3839269,-1.1441635,0.29630834,0.22945471
../data/train_data_mmini/4/Train_0017.jpg	4	-1.0,-1.0,-1.0,-1.0,1.0,1.0,-1.0,1.0,-1.0,1.0,1.0,-1.0,1.0,-1.0,-1.0,-1.0,1.0,1.0,1.0,-1.0,1.0,-1.0,1.0,-1.0	-2.0663867,-3.9729125,-5.436659,-4.295374,1.6555538,2.8860216,-1.1211565,0.16235906,-2.9719536,0.76848483,0.7563552,-3.37305,1.0435004,-1.4190756,-2.1497147,-3.6096053,1.2671307,2.2290285,0.06449704,-2.5667243,0.10356201,-5.515633,1.9049977,-1.9961808
../data/train_data_mmini/4/Train_0018.jpg	4	-1.0,-1.0,1.0,-1.0,1.0,-1.0,1.0,1.0,1.0,-1.0,-1.0,1.0,1.0,-1.0,-1.0,-1.0,1.0,1.0,-1.0,1.0,-1.0,1.0,1.0,1.0	-2.7660892,-1.4632751,0.587637,-0.5651461,3.433049,-0.4961612,0.6786726,1.3117534,0.045145497,-1.9779245,-0.42326218,0.14867121,1.4921983,-1.3312458,-3.4666526,-2.4462533,1.7244737,0.34276834,-1.7835755,0.7017462,-0.58373266,0.21496168,0.13235384,1.2712584
../data/train_data_mmini/4/Train_0019.jpg	4	-1.0,-1.0,-1.0,-1.0,1.0,1.0,-1.0,1.0,-1.0,-1.0,1.0,-1.0,1.0,-1.0,-1.0,-1.0,1.0,1.0,-1.0,-1.0,-1.0,-1.0,1.0,-1.0	-3.0242546,-2.5098798,-3.7427464,-2.4705818,2.0302434,1.4376692,-1.3246261,1.368469,-1.5680289,-0.668977,1.6912621,-2.4773903,1.4481481,-1.6377313,-3.4397626,-4.2771406,2.2464063,1.7202123,-0.33625805,-0.6298474,-1.5121951,-3.8765934,0.31194183,-0.5774504
../data/train_data_mmini/5/Train_0020.jpg	5	-1.0,-1.0,1.0,1.0,1.0,-1.0,1.0,1.0,1.0,-1.0,-1.0,1.0,1.0,-1.0,-1.0,-1.0,1.0,-1.0,-1.0,1.0,-1.0,1.0,-1.0,1.0	-3.8844113,-0.079534784,9.571414,4.9274592,7.5327997,-3.9574394,2.2227483,2.5349631,3.4016051,-6.43412,-0.8474094,2.7505836,0.1441197,-0.8123611,-6.782577,-1.5301764,2.4007058,-1.9522029,-2.838102,4.7951083,-2.9188814,7.5107245,-2.4929373,4.3051147
../data/train_data_mmini/5/Train_0021.jpg	5	-1.0,-1.0,-1.0,-1.0,1.0,-1.0,1.0,1.0,1.0,-1.0,-1.0,1.0,1.0,-1.0,-1.0,-1.0,1.0,-1.0,-1.0,1.0,1.0,-1.0,-1.0,1.0	-3.0322802,-1.3962419,-0.46146873,-1.2712493,4.811392,-1.9498153,3.1237419,2.603471,2.9039907,-1.6338869,-1.4386342,2.3001585,1.7411879,-1.3588988,-6.068965,-3.3976343,0.6040567,-0.8246868,-3.995161,0.56633765,0.52298796,-0.5736106,-0.17107639,3.4214873
../data/train_data_mmini/5/Train_0022.jpg	5	-1.0,1.0,1.0,1.0,1.0,-1.0,1.0,1.0,1.0,-1.0,-1.0,1.0,1.0,-1.0,-1.0,-1.0,1.0,-1.0,-1.0,1.0,-1.0,1.0,-1.0,1.0	-4.5204277,0.1341592,7.7164164,4.101139,7.4509444,-4.9501,3.851572,3.685726,4.5680647,-5.384029,-1.589859,3.7237134,0.770662,-0.6789861,-7.4445515,-2.277873,2.11979,-2.0516515,-4.0509386,4.623935,-2.306468,6.243658,-2.6842813,5.087311
../data/train_data_mmini/5/Train_0023.jpg	5	-1.0,1.0,1.0,1.0,1.0,-1.0,1.0,1.0,1.0,-1.0,-1.0,1.0,1.0,-1.0,-1.0,-1.0,1.0,-1.0,-1.0,1.0,-1.0,1.0,-1.0,1.0	-3.9019856,1.2560818,11.229953,6.3777943,7.9917912,-6.0080094,4.031474,3.4725676,5.8733206,-6.6484194,-1.8369255,4.978022,0.018658731,-0.19532594,-7.7593346,-0.90565175,1.7280413,-3.1034079,-4.1130924,5.8869286,-2.6450357,9.491188,-3.3365443,5.9933934
../data/train_data_mmini/5/Train_0024.jpg	5	-1.0,-1.0,1.0,1.0,1.0,-1.0,1.0,1.0,1.0,-1.0,-1.0,1.0,1.0,-1.0,-1.0,-1.0,1.0,-1.0,-1.0,1.0,-1.0,1.0,-1.0,1.0	-3.5537417,-0.98165137,4.9031787,1.754897,6.468739,-2.7869713,1.7685697,2.807826,2.6036606,-4.57814,-0.95193666,2.1038911,0.88247544,-1.2192426,-6.1994143,-2.4043677,1.998435,-1.0676215,-2.3069494,3.1659112,-1.7030747,3.6703033,-1.3344114,3.243632
../data/train_data_mmini/6/Train_0025.jpg	6	-1.0,-1.0,-1.0,-1.0,1.0,1.0,-1.0,1.0,-1.0,-1.0,1.0,-1.0,1.0,-1.0,-1.0,-1.0,1.0,1.0,1.0,-1.0,-1.0,-1.0,1.0,-1.0	-3.7444658,-3.12569,-5.4039125,-3.7187793,2.296661,2.5123436,-3.2245488,2.3399336,-3.4245632,-0.53748596,2.2978244,-3.6139467,1.5162088,-2.0539596,-3.7183337,-5.5357556,3.1445506,3.155772,0.9813639,-0.74326366,-2.361237,-5.518002,0.20789583,-1.8059726
../data/train_data_mmini/6/Train_0026.jpg	6	-1.0,-1.0,1.0,1.0,1.0,-1.0,-1.0,-1.0,1.0,-1.0,-1.0,-1.0,-1.0,-1.0,-1.0,-1.0,1.0,-1.0,-1.0,1.0,-1.0,1.0,1.0,1.0	-2.5320535,-2.7009838,7.5974336,1.6321731,7.114875,-0.26850578,-0.7459702,-0.37954158,0.23581216,-5.7687664,-0.8339387,-0.09379029,-0.48496482,-1.394115,-4.2051463,-0.36560526,1.9076312,-0.24212418,-0.630744,2.2322977,-2.0820909,5.7792335,0.05028428,0.5933278
../data/train_data_mmini/6/Train_0027.jpg	6	-1.0,-1.0,-1.0,-1.0,1.0,1.0,-1.0,1.0,-1.0,-1.0,1.0,-1.0,1.0,-1.0,-1.0,-1.0,1.0,1.0,-1.0,-1.0,-1.0,-1.0,1.0,-1.0	-2.9830492,-2.9026875,-1.5343918,-2.6369522,2.9216926,2.079682,-2.02021,0.47422716,-2.4314106,-1.4359406,0.42250317,-2.2320907,0.77619046,-1.9146237,-3.093468,-3.291722,2.1691568,2.133323,-0.100106716,-0.46623614,-1.5390117,-2.1983507,0.6356753,-1.2838789
../data/train_data_mmini/6/Train_0028.jpg	6	-1.0,-1.0,1.0,-1.0,1.0,-1.0,1.0,1.0,1.0,-1.0,-1.0,1.0,1.0,-1.0,-1.0,-1.0,1.0,-1.0,-1.0,-1.0,1.0,1.0,1.0,1.0	-1.1726108,-3.0000446,2.148351,-1.7480435,4.736252,-0.042012427,3.020946,0.052237585,1.626591,-1.6082405,-2.45077,1.1958228,0.49135688,-0.98498344,-3.3149424,-0.81260175,0.23633394,-0.59160835,-2.7346687,-0.12635352,1.4033127,0.8775133,1.1323254,0.955196
../data/train_data_mmini/6/Train_0029.jpg	6	-1.0,-1.0,-1.0,-1.0,1.0,-1.0,-1.0,1.0,-1.0,-1.0,1.0,-1.0,1.0,-1.0,-1.0,-1.0,1.0,1.0,-1.0,1.0,-1.0,-1.0,-1.0,1.0	-4.913503,-1.381274,-5.2230234,-2.0554857,3.2069857,-0.45111573,-1.6432188,4.000495,-1.0693989,-1.4293872,2.0214732,-1.458504,2.6478598,-1.7704339,-5.5591807,-6.482848,3.635246,2.014897,-0.73845595,0.80389184,-2.8306408,-4.4725327,-0.99690026,1.4846524
../data/train_data_mmini/7/Train_0030.jpg	7	-1.0,-1.0,1.0,1.0,1.0,-1.0,1.0,1.0,1.0,-1.0,-1.0,1.0,1.0,-1.0,-1.0,-1.0,1.0,-1.0,-1.0,1.0,-1.0,1.0,-1.0,1.0	-4.9172544,-1.2427291,2.7242603,1.5796858,6.2644615,-2.5030482,1.0174416,3.355574,1.4882149,-4.23544,-0.14634174,1.1953077,1.4563001,-1.5283593,-6.657826,-4.1017475,2.8894868,-0.18717065,-2.2355106,3.0047913,-2.4677951,1.8720098,-1.47566,3.2416568
../data/train_data_mmini/7/Train_0031.jpg	7	-1.0,-1.0,-1.0,-1.0,1.0,-1.0,1.0,1.0,-1.0,-1.0,1.0,-1.0,1.0,-1.0,-1.0,-1.0,1.0,1.0,-1.0,1.0,-1.0,-1.0,-1.0,1.0	-4.8906016,-2.5348477,-2.7096312,-1.9618007,4.664218,-0.59147316,0.2639127,3.0103245,-0.6147648,-1.805796,0.804984,-0.7055467,2.3336554,-2.0626607,-5.554798,-5.691669,3.3488011,1.6221126,-2.129076,0.42378604,-1.6669697,-2.8539286,-0.24313574,1.5879205
../data/train_data_mmini/7/Train_0032.jpg	7	-1.0,-1.0,-1.0,-1.0,1.0,1.0,-1.0,1.0,-1.0,1.0,1.0,-1.0,1.0,-1.0,-1.0,-1.0,1.0,1.0,-1.0,-1.0,1.0,-1.0,1.0,-1.0	-2.1784475,-3.897554,-7.055483,-6.0062184,0.7498061,3.7164538,-1.8257008,0.09398671,-3.287426,1.5214019,0.61034244,-4.1559906,1.1389202,-1.8538069,-2.7454107,-4.6346426,1.4660269,2.9340549,-0.060248483,-3.1104813,0.5153919,-6.9836893,2.456888,-2.772666
../data/train_data_mmini/7/Train_0033.jpg	7	-1.0,-1.0,1.0,1.0,1.0,-1.0,1.0,1.0,1.0,-1.0,-1.0,-1.0,1.0,-1.0,-1.0,-1.0,1.0,1.0,-1.0,1.0,-1.0,1.0,-1.0,1.0	-4.554253,-2.7866855,4.9697123,1.5217524,6.9807544,-1.3263575,0.39169353,2.0806699,0.3343263,-5.11944,-0.38016742,-0.031388056,0.88568985,-1.7251241,-5.438866,-2.837787,3.5672553,0.20947212,-1.3328859,3.3461127,-2.7751102,3.2145598,-0.91700166,1.4697632
../data/train_data_mmini/7/Train_0034.jpg	7	-1.0,-1.0,-1.0,-1.0,1.0,1.0,-1.0,-1.0,-1.0,1.0,-1.0,-1.0,1.0,-1.0,-1.0,-1.0,1.0,1.0,-1.0,-1.0,1.0,-1.0,1.0,-1.0	-1.1947476,-4.0581093,-3.7842298,-5.085173,1.7083881,3.3887303,-0.5349835,-0.5605473,-2.1533225,0.5710049,-0.42595062,-2.6680014,0.4688743,-1.5667194,-2.0865119,-2.4684765,0.6013311,2.356068,-0.20783737,-2.5033123,0.5001577,-4.5558705,2.4041023,-2.9717371
../data/train_data_mmini/8/Train_0035.jpg	8	-1.0,-1.0,-1.0,-1.0,1.0,-1.0,1.0,1.0,1.0,-1.0,-1.0,1.0,1.0,-1.0,-1.0,-1.0,1.0,1.0,-1.0,1.0,-1.0,-1.0,-1.0,1.0	-5.136737,-1.1367301,-2.8382194,-1.6983597,4.6170745,-2.092503,1.6861628,4.40168,1.3342485,-1.5698098,-0.5452298,1.1186277,2.4743464,-1.659918,-6.9235077,-5.814775,2.449162,0.77087367,-3.2566319,1.5856739,-1.3232422,-2.4021058,-1.0561389,2.786871
../data/train_data_mmini/8/Train_0036.jpg	8	-1.0,-1.0,-1.0,-1.0,1.0,-1.0,1.0,1.0,-1.0,-1.0,1.0,-1.0,1.0,-1.0,-1.0,-1.0,1.0,1.0,-1.0,1.0,-1.0,-1.0,-1.0,1.0	-5.362351,-3.0658436,-2.0949552,-1.9821676,5.965241,-0.6383854,0.5338078,3.5511355,-1.0771978,-2.4377975,0.33238602,-0.7496905,2.3998384,-1.9621426,-6.221536,-6.0653667,4.1787004,1.6394528,-1.8164904,1.5186181,-2.15778,-2.5536683,-0.54113543,1.3164395
../data/train_data_mmini/8/Train_0037.jpg	8	-1.0,-1.0,-1.0,-1.0,1.0,1.0,-1.0,1.0,-1.0,-1.0,-1.0,-1.0,1.0,-1.0,-1.0,-1.0,1.0,1.0,-1.0,-1.0,-1.0,-1.0,1.0,-1.0	-3.0959496,-4.390967,-1.9365089,-3.9065952,4.309928,2.208299,-1.3250264,0.039212197,-2.2593484,-1.3853538,-0.3343147,-2.071445,1.0160086,-2.4260988,-3.600951,-3.3493276,2.0605388,2.1071198,-0.80177104,-0.916472,-0.47478852,-2.81673,1.8813949,-1.2098721
../data/train_data_mmini/8/Train_0038.jpg	8	-1.0,-1.0,-1.0,-1.0,1.0,-1.0,1.0,1.0,1.0,-1.0,1.0,1.0,1.0,-1.0,-1.0,-1.0,1.0,1.0,-1.0,1.0,-1.0,-1.0,-1.0,1.0	-4.478515,-1.430457,-3.2442417,-2.1127384,3.9019856,-0.9194958,0.50929064,3.4767976,0.26945427,-1.4115301,0.07349588,0.14250176,2.1713479,-1.6780863,-5.9815197,-5.669809,2.4699376,1.228655,-2.400614,0.48193744,-1.4141378,-3.015862,-0.52941495,1.8458526
../data/train_data_mmini/8/Train_0039.jpg	8	-1.0,-1.0,-1.0,-1.0,1.0,-1.0,1.0,1.0,-1.0,-1.0,1.0,-1.0,1.0,-1.0,-1.0,-1.0,1.0,1.0,-1.0,1.0,-1.0,-1.0,-1.0,1.0	-5.55096,-3.038562,-5.3335676,-3.9486582,4.4894204,-0.25174126,0.22832653,4.1884937,-0.4505965,-0.89838636,0.04121032,-0.8564223,2.8578427,-2.1593013,-6.599262,-6.830078,3.264514,2.0280159,-2.0722077,0.75300556,-1.4692435,-5.1143847,-0.050092626,1.1627755
../data/train_data_mmini/9/Train_0040.jpg	9	-1.0,-1.0,1.0,1.0,1.0,-1.0,1.0,1.0,1.0,-1.0,-1.0,1.0,1.0,-1.0,-1.0,-1.0,1.0,-1.0,-1.0,1.0,-1.0,1.0,-1.0,1.0	-3.5488312,-1.4382716,3.7824771,1.3361448,6.152529,-2.4642506,2.134552,2.4385543,2.2559407,-3.9740536,-1.1730772,1.8106334,0.96810347,-1.2878437,-6.2466574,-2.6168053,1.8543848,-0.86452407,-2.960044,2.5293236,-1.3418956,2.773812,-0.97997594,3.213034
../data/train_data_mmini/9/Train_0041.jpg	9	-1.0,-1.0,1.0,-1.0,1.0,1.0,-1.0,1.0,-1.0,-1.0,1.0,-1.0,1.0,-1.0,-1.0,-1.0,1.0,1.0,-1.0,1.0,-1.0,1.0,1.0,-1.0	-4.1182404,-3.5434024,1.7585696,-1.1004305,5.138857,0.8990127,-0.8527226,1.2230904,-1.3611058,-3.142851,0.16288733,-1.7490135,1.1894736,-1.875572,-4.745505,-3.5700336,3.1686494,1.4985207,-0.92042285,1.2694677,-2.1502914,0.1638869,0.26120526,-0.25486803
../data/train_data_mmini/9/Train_0042.jpg	9	-1.0,-1.0,-1.0,-1.0,1.0,1.0,-1.0,1.0,-1.0,-1.0,-1.0,-1.0,1.0,-1.0,-1.0,-1.0,1.0,1.0,-1.0,-1.0,-1.0,-1.0,1.0,1.0	-2.0362668,-2.0161543,-1.7049567,-2.2354,2.7724593,0.47591308,-0.46415514,1.0055425,-0.6458074,-1.2324097,-0.07503257,-0.6657617,1.1871501,-1.5369391,-3.8592815,-3.0737307,1.1021655,0.69283336,-1.1292441,-0.5769928,-0.18306194,-2.0702,0.730495,0.9035808
../data/train_data_mmini/9/Train_0043.jpg	9	-1.0,-1.0,1.0,1.0,1.0,-1.0,1.0,1.0,1.0,-1.0,-1.0,1.0,1.0,-1.0,-1.0,-1.0,1.0,-1.0,-1.0,1.0,-1.0,1.0,-1.0,1.0	-4.3838634,-0.8228024,2.7304323,1.2879797,6.232602,-3.5495188,3.4283795,3.695094,3.0737724,-3.4798148,-1.2255864,2.6660337,1.5972433,-1.1514124,-7.187161,-3.6342902,2.1369622,-1.0620763,-4.046081,2.7430253,-1.1946784,1.9915156,-1.6396964,4.4424286
../data/train_data_mmini/9/Train_0044.jpg	9	-1.0,-1.0,-1.0,-1.0,1.0,1.0,-1.0,1.0,-1.0,-1.0,1.0,-1.0,1.0,-1.0,-1.0,-1.0,1.0,1.0,-1.0,1.0,-1.0,-1.0,-1.0,1.0	-4.2353625,-1.8884062,-4.3145304,-2.3834085,3.0584989,0.275198,-1.8708674,2.7764478,-1.4377859,-1.5438509,1.6808522,-1.7256837,1.6181614,-1.8178018,-5.103516,-5.7235456,2.8146648,1.9165362,-0.58364004,0.24035767,-2.1460748,-3.968209,-0.37403834,0.98379916
../data/train_data_mmini/10/Train_0045.jpg	10	-1.0,-1.0,-1.0,-1.0,1.0,1.0,-1.0,1.0,-1.0,1.0,1.0,-1.0,1.0,-1.0,-1.0,-1.0,1.0,1.0,-1.0,-1.0,-1.0,-1.0,1.0,-1.0	-5.0210023,-3.8456874,-9.507037,-6.9640064,1.2203679,3.45789,-2.822931,2.4297771,-4.0720463,1.1168063,1.6891819,-5.009292,2.0002625,-2.2607176,-4.4681816,-7.240595,3.4115884,4.1378818,-0.08107137,-2.3401139,-0.94390047,-9.040502,1.3447725,-2.7306957
../data/train_data_mmini/10/Train_0046.jpg	10	-1.0,-1.0,-1.0,-1.0,-1.0,1.0,-1.0,1.0,-1.0,1.0,1.0,-1.0,1.0,-1.0,-1.0,-1.0,1.0,1.0,1.0,-1.0,1.0,-1.0,1.0,-1.0	-1.7757438,-2.367942,-6.4814143,-4.3600526,-0.18815242,3.0629919,-2.2321036,0.182009,-2.9519613,1.3337724,1.0023302,-3.4281192,0.33865768,-0.84681535,-2.0956764,-3.6047883,1.0225297,2.5087354,0.8620671,-2.7118657,0.23297063,-5.77173,1.7135268,-2.2272766
../data/train_data_mmini/10/Train_0047.jpg	10	-1.0,-1.0,-1.0,-1.0,1.0,1.0,-1.0,1.0,-1.0,1.0,1.0,-1.0,1.0,-1.0,-1.0,-1.0,1.0,1.0,-1.0,-1.0,-1.0,-1.0,1.0,-1.0	-4.2736278,-3.9447856,-9.465932,-6.7824717,2.0623343,2.8314388,-1.3751715,2.4867673,-2.951322,1.4168468,1.5403078,-3.3253667,2.3841767,-2.1959233,-4.741515,-7.015402,2.7144732,3.4747963,-0.9435973,-2.4980984,-0.41078362,-8.960534,1.6818258,-1.514241
../data/train_data_mmini/10/Train_0048.jpg	10	-1.0,-1.0,-1.0,-1.0,1.0,1.0,-1.0,1.0,-1.0,-1.0,1.0,-1.0,1.0,-1.0,-1.0,-1.0,1.0,1.0,-1.0,-1.0,-1.0,-1.0,-1.0,-1.0	-6.4071813,-1.9581233,-9.857981,-5.230426,0.9224548,1.70421,-3.4624894,4.5302463,-3.429603,-0.08528763,3.3659286,-4.1493816,2.8124838,-2.4259021,-5.8903575,-9.282981,4.4293313,3.5860677,-0.0061670276,-0.7354583,-2.650609,-8.625578,-0.432996,-0.57620484
../data/train_data_mmini/10/Train_0049.jpg	10	-1.0,-1.0,-1.0,-1.0,1.0,1.0,-1.0,1.0,-1.0,1.0,-1.0,-1.0,1.0,-1.0,-1.0,-1.0,1.0,1.0,-1.0,-1.0,-1.0,-1.0,1.0,-1.0	-4.540232,-3.5029237,-6.2799635,-5.248153,3.7036655,1.1193179,-0.37309504,2.800261,-1.0001506,0.17125721,-0.06870908,-1.3685125,2.3316534,-2.3059187,-5.6049175,-6.050703,2.309215,2.6148791,-1.9204541,-0.6942925,-0.6438451,-5.945827,0.9704837,-0.015586581
