../data/train_data_mmini/1/Train_0000.jpg	1	-1.0,-1.0,-1.0,1.0,1.0,-1.0,-1.0,1.0,-1.0,1.0,-1.0,-1.0	-0.9264667,-0.7527461,-0.26472333,0.91113204,0.47244468,-1.9185326,-0.5636324,0.91572183,-0.17087375,1.5749612,-0.55305547,-0.688458
../data/train_data_mmini/1/Train_0001.jpg	1	-1.0,-1.0,-1.0,1.0,1.0,-1.0,-1.0,1.0,-1.0,1.0,1.0,-1.0	-0.14372611,-0.26578054,-0.2118806,0.56556267,0.51902175,-0.23643625,-0.29530194,0.16456541,-0.21543284,0.30524972,0.005062886,-0.057541877
../data/train_data_mmini/1/Train_0002.jpg	1	-1.0,1.0,-1.0,1.0,1.0,1.0,-1.0,1.0,-1.0,-1.0,1.0,1.0	-0.04543606,0.15029953,-0.016963892,0.12063992,0.35197845,0.6502182,-0.27573755,0.1363483,-0.25216052,-0.39702,0.02014909,0.122961916
../data/train_data_mmini/1/Train_0003.jpg	1	-1.0,-1.0,-1.0,1.0,1.0,-1.0,-1.0,1.0,1.0,1.0,-1.0,-1.0	-1.0467795,-0.7707324,-0.28760156,1.0761203,0.4158625,-2.3157382,-0.41721404,0.6716869,0.006511848,2.0148444,-0.6188566,-0.69051707
../data/train_data_mmini/1/Train_0004.jpg	1	-1.0,-1.0,-1.0,1.0,1.0,-1.0,-1.0,1.0,1.0,1.0,-1.0,-1.0	-0.6212523,-0.6775474,-0.024455896,0.4982661,0.21062037,-1.7202274,-0.30652183,0.5716575,0.025665924,1.2044803,-0.4846669,-0.43587926
../data/train_data_mmini/2/Train_0005.jpg	2	1.0,1.0,1.0,-1.0,-1.0,1.0,1.0,-1.0,-1.0,-1.0,1.0,1.0	0.5937915,0.4098112,0.22737546,-0.32428718,-0.28255433,1.0872349,0.20107788,-0.32115805,-0.0028961361,-0.9280323,0.25688002,0.3328521
../data/train_data_mmini/2/Train_0006.jpg	2	-1.0,1.0,-1.0,1.0,1.0,-1.0,-1.0,-1.0,-1.0,-1.0,1.0,1.0	-0.011746776,0.4107216,-0.050308198,0.4351504,0.33000377,-0.040633056,-0.2601218,-0.408024,-0.10543769,-0.31207907,0.414558,0.42949775
../data/train_data_mmini/2/Train_0007.jpg	2	-1.0,-1.0,-1.0,1.0,1.0,-1.0,-1.0,1.0,-1.0,1.0,-1.0,-1.0	-1.3302871,-1.0905644,-0.17322937,1.081592,0.30954108,-3.0677063,-0.28808367,0.8146938,-0.078706555,2.5584888,-0.9549601,-0.77055407
../data/train_data_mmini/2/Train_0008.jpg	2	-1.0,-1.0,1.0,1.0,1.0,1.0,-1.0,1.0,-1.0,-1.0,-1.0,1.0	-0.15691423,-0.2227274,0.05064152,0.2625204,0.36030197,0.34730887,-0.23862296,0.14307512,-0.20143077,-0.39337754,-0.07246076,0.1335539
../data/train_data_mmini/2/Train_0009.jpg	2	-1.0,-1.0,-1.0,1.0,-1.0,-1.0,-1.0,1.0,-1.0,1.0,-1.0,-1.0	-0.18836996,-0.19034278,-0.10715564,0.3238154,-0.049511097,-0.54096705,-0.17344642,0.5601665,-0.17747116,0.57664686,-0.0743974,-0.7423358
../data/train_data_mmini/3/Train_0010.jpg	3	1.0,1.0,1.0,1.0,-1.0,1.0,1.0,-1.0,1.0,-1.0,1.0,1.0	0.5793068,0.6340205,0.1533407,0.23842873,-0.0130454,1.9058175,0.599132,-1.3741484,0.122931376,-1.1397889,0.43860665,0.9118717
../data/train_data_mmini/3/Train_0011.jpg	3	1.0,1.0,1.0,-1.0,1.0,1.0,-1.0,-1.0,-1.0,-1.0,1.0,1.0	1.0663599,0.38956627,0.19555436,-0.6811718,0.13011871,2.2990918,-0.14715683,-0.043895725,-0.30199713,-1.7918044,0.42562613,0.5658232
../data/train_data_mmini/3/Train_0012.jpg	3	1.0,1.0,1.0,-1.0,-1.0,1.0,-1.0,1.0,-1.0,-1.0,1.0,1.0	0.3796058,0.23635776,0.27161336,-0.57887626,-0.13513263,0.34417465,-0.25331312,0.13279147,-0.08393132,-0.51817113,0.16629289,0.029136114
../data/train_data_mmini/3/Train_0013.jpg	3	1.0,1.0,1.0,-1.0,1.0,1.0,1.0,-1.0,-1.0,-1.0,1.0,1.0	0.5559344,0.5498265,0.08189359,-0.18120068,0.20605038,1.7750504,0.09365309,-0.65833586,-0.23946509,-1.5188037,0.4264615,0.7653503
../data/train_data_mmini/3/Train_0014.jpg	3	1.0,1.0,1.0,-1.0,-1.0,1.0,-1.0,-1.0,-1.0,-1.0,1.0,1.0	0.57921475,0.3519974,0.203604,-0.3410509,-0.35425815,1.0559608,-0.06317748,-0.23498997,-0.010027748,-1.0389905,0.23966591,0.27245775
../data/train_data_mmini/4/Train_0015.jpg	4	-1.0,-1.0,1.0,1.0,1.0,-1.0,-1.0,1.0,-1.0,1.0,-1.0,-1.0	-0.21397063,-0.41523796,0.07016481,0.056105565,0.15022635,-0.676734,-0.37416205,0.5369894,-0.251424,0.38156974,-0.3941701,-0.16528423
../data/train_data_mmini/4/Train_0016.jpg	4	1.0,1.0,-1.0,1.0,1.0,1.0,1.0,-1.0,-1.0,-1.0,1.0,1.0	0.3863934,0.31997597,-0.09478451,0.010914896,0.25398287,1.7551479,0.24495068,-0.09837592,-0.21429662,-0.8087304,0.29038423,0.3640627
../data/train_data_mmini/4/Train_0017.jpg	4	1.0,1.0,1.0,-1.0,1.0,1.0,-1.0,-1.0,-1.0,-1.0,1.0,1.0	1.0488632,0.9939661,0.15382323,-0.34457192,0.18721491,2.3055525,-0.116901316,-0.39622772,-0.13273254,-1.5770699,0.99005884,0.66368926
../data/train_data_mmini/4/Train_0018.jpg	4	1.0,1.0,1.0,-1.0,-1.0,1.0,1.0,1.0,-1.0,-1.0,1.0,1.0	0.46456325,0.14252745,0.1699638,-0.2963516,-0.1514297,1.4395293,0.20994236,0.022946171,-0.05421311,-0.6886883,0.07259199,0.27073494
../data/train_data_mmini/4/Train_0019.jpg	4	1.0,1.0,1.0,1.0,1.0,1.0,1.0,-1.0,1.0,-1.0,1.0,1.0	0.2573501,0.60870975,0.1858849,0.176175,0.492162,0.72771007,0.19736008,-0.8228443,0.1573003,-1.0818715,0.5893062,0.96810097
../data/train_data_mmini/5/Train_0020.jpg	5	-1.0,-1.0,1.0,1.0,1.0,-1.0,-1.0,1.0,-1.0,1.0,-1.0,-1.0	-0.9758466,-0.72994715,0.00040308898,0.8607629,0.24866632,-2.2554119,-0.3049354,0.6777301,-0.084976636,1.8858876,-0.5318354,-0.5453872
../data/train_data_mmini/5/Train_0021.jpg	5	-1.0,-1.0,-1.0,1.0,1.0,-1.0,-1.0,1.0,-1.0,1.0,-1.0,-1.0	-0.21036002,-0.47750965,-0.15130812,0.030966166,0.036643505,-0.93735105,-0.34716573,0.5337278,-0.18406314,0.32687083,-0.2224377,-0.39493322
../data/train_data_mmini/5/Train_0022.jpg	5	-1.0,-1.0,-1.0,1.0,1.0,-1.0,-1.0,1.0,-1.0,1.0,-1.0,-1.0	-0.8073622,-0.60427547,-0.098723486,0.6785385,0.17715853,-1.9115341,-0.2242797,0.4433913,-0.117235705,1.4948238,-0.5102451,-0.54570884
../data/train_data_mmini/5/Train_0023.jpg	5	-1.0,-1.0,-1.0,1.0,1.0,-1.0,-1.0,1.0,-1.0,1.0,-1.0,-1.0	-1.235314,-0.8579361,-0.19370313,1.096508,0.36697578,-2.8540874,-0.4003168,0.90825367,-0.16639054,2.3873818,-0.8030031,-0.7834047
../data/train_data_mmini/5/Train_0024.jpg	5	-1.0,-1.0,-1.0,1.0,-1.0,-1.0,-1.0,1.0,-1.0,1.0,-1.0,-1.0	-0.7068883,-0.6853915,-0.030147782,0.33987722,-0.17619209,-1.7392125,-0.1438348,0.4188502,-0.1248567,1.2974609,-0.67204875,-0.53645056
../data/train_data_mmini/6/Train_0025.jpg	6	1.0,1.0,1.0,-1.0,-1.0,1.0,1.0,-1.0,1.0,-1.0,1.0,1.0	0.8013019,1.2276033,0.105665326,-0.32206282,-0.5730513,1.8660787,1.1662102,-1.7290347,0.20821826,-1.2443322,0.731973,1.0398836
../data/train_data_mmini/6/Train_0026.jpg	6	-1.0,-1.0,1.0,1.0,1.0,-1.0,-1.0,1.0,-1.0,1.0,1.0,-1.0	-0.12976623,-0.39928138,0.03388354,0.6882674,0.28986138,-0.52743244,-0.38671872,0.84149766,-0.035515644,1.2665058,0.038671516,-0.48235
../data/train_data_mmini/6/Train_0027.jpg	6	1.0,1.0,-1.0,-1.0,1.0,1.0,1.0,-1.0,-1.0,-1.0,1.0,1.0	0.73963255,0.7398237,-0.040151857,-0.15789282,0.10600704,1.79327,0.58384085,-0.739941,-0.2354206,-1.1543702,0.42737713,0.69950426
../data/train_data_mmini/6/Train_0028.jpg	6	-1.0,-1.0,-1.0,1.0,1.0,1.0,-1.0,1.0,-1.0,-1.0,-1.0,-1.0	-0.07706634,-0.12407037,-0.18866394,0.07844976,0.19093266,0.049652476,-0.075059734,0.37543815,-0.22282434,-0.04097498,-0.055353485,-0.12386836
../data/train_data_mmini/6/Train_0029.jpg	6	1.0,1.0,1.0,-1.0,-1.0,1.0,1.0,-1.0,-1.0,-1.0,1.0,1.0	0.27783027,0.37040085,0.22720756,-0.022659775,-0.25273883,1.3059093,0.49493635,-0.94975334,-0.017576288,-0.38571376,0.22528833,0.38960356
../data/train_data_mmini/7/Train_0030.jpg	7	-1.0,-1.0,-1.0,1.0,1.0,-1.0,-1.0,1.0,-1.0,1.0,-1.0,-1.0	-0.56100404,-0.42235327,-0.26566738,0.5564283,0.35626966,-1.4792985,-0.33004296,0.64124763,-0.24509822,0.8754377,-0.14034547,-0.38200578
../data/train_data_mmini/7/Train_0031.jpg	7	1.0,1.0,1.0,-1.0,-1.0,1.0,1.0,-1.0,-1.0,-1.0,1.0,1.0	0.55792665,0.4134023,0.04704358,-0.40842444,-0.45079815,1.2648995,0.44452983,-0.51912534,-0.13601235,-0.5838825,0.36094007,0.27013767
../data/train_data_mmini/7/Train_0032.jpg	7	1.0,1.0,1.0,-1.0,-1.0,1.0,1.0,-1.0,-1.0,-1.0,1.0,1.0	1.9458685,0.9913717,0.0060423887,-1.3051769,-0.092596866,3.7503114,0.20186779,-0.54093736,-0.32494128,-3.0487664,0.54915816,0.79737353
../data/train_data_mmini/7/Train_0033.jpg	7	-1.0,-1.0,-1.0,1.0,-1.0,-1.0,-1.0,1.0,1.0,1.0,-1.0,-1.0	-0.29379734,-0.19379538,-0.12534,0.4746261,-0.042737555,-0.77462053,-0.07375965,0.00023828563,0.018844087,0.67181,-0.09924509,-0.2932603
../data/train_data_mmini/7/Train_0034.jpg	7	1.0,1.0,1.0,-1.0,-1.0,1.0,1.0,-1.0,1.0,-1.0,1.0,1.0	1.5868787,0.80577874,0.09876575,-1.2021339,-0.47216517,3.0218897,1.0915856,-1.6420351,0.167217,-2.466045,0.4796431,1.1974106
../data/train_data_mmini/8/Train_0035.jpg	8	1.0,-1.0,-1.0,-1.0,-1.0,-1.0,1.0,1.0,-1.0,-1.0,-1.0,-1.0	0.01729116,-0.044089053,-0.09364741,-0.025049966,-0.24335492,-0.14680092,0.020259483,0.012115936,-0.13554122,-0.07946637,-0.13900673,-0.23610936
../data/train_data_mmini/8/Train_0036.jpg	8	1.0,1.0,1.0,-1.0,-1.0,1.0,1.0,-1.0,-1.0,-1.0,1.0,-1.0	0.47121915,0.43215415,0.043989196,-0.47320113,-0.7274102,0.8816928,0.5624418,-0.4674539,-0.09338435,-0.44717616,0.2210702,-0.052231204
../data/train_data_mmini/8/Train_0037.jpg	8	1.0,1.0,1.0,-1.0,-1.0,1.0,1.0,-1.0,-1.0,-1.0,1.0,1.0	0.85383934,0.3281074,0.009028135,-0.596799,-0.3456555,2.0621235,0.45716816,-0.36310914,-0.18162002,-1.0542254,0.47612426,0.34762448
../data/train_data_mmini/8/Train_0038.jpg	8	1.0,1.0,-1.0,-1.0,-1.0,1.0,1.0,-1.0,-1.0,-1.0,-1.0,1.0	0.033585776,0.056321595,-0.118711814,-0.026953626,-0.09136669,0.31027472,0.2254396,-0.36263254,-0.27925748,-0.28299594,-0.10391602,0.19135149
../data/train_data_mmini/8/Train_0039.jpg	8	1.0,1.0,1.0,-1.0,-1.0,1.0,1.0,-1.0,-1.0,-1.0,1.0,-1.0	0.4709038,0.28937292,0.09693526,-0.45015264,-0.40311062,0.8583748,0.2843441,-0.43743008,-0.0636395,-0.7555876,0.30070063,-0.01752682
../data/train_data_mmini/9/Train_0040.jpg	9	-1.0,-1.0,1.0,1.0,1.0,-1.0,-1.0,1.0,-1.0,1.0,-1.0,-1.0	-0.5128355,-0.5439069,0.028162217,0.36970437,0.18545035,-0.988238,-0.2002302,0.48346648,-0.08549043,0.8177099,-0.27739748,-0.34742376
../data/train_data_mmini/9/Train_0041.jpg	9	1.0,1.0,1.0,-1.0,-1.0,1.0,1.0,-1.0,-1.0,-1.0,1.0,1.0	0.7567933,0.63548505,0.16320817,-0.41257054,-0.3421944,1.6908488,0.45355043,-0.77372295,-0.08156447,-1.1477566,0.40702066,0.5367889
../data/train_data_mmini/9/Train_0042.jpg	9	-1.0,-1.0,1.0,-1.0,1.0,1.0,1.0,1.0,-1.0,-1.0,-1.0,1.0	-0.01181372,-0.33124956,0.22142361,-0.1951754,0.02635375,0.54362065,0.035880867,0.083095685,-0.1661829,-0.20648411,-0.17446779,0.14258657
../data/train_data_mmini/9/Train_0043.jpg	9	-1.0,-1.0,-1.0,1.0,1.0,-1.0,-1.0,1.0,-1.0,1.0,-1.0,-1.0	-0.5560786,-0.5195483,-0.1437407,0.5003622,0.08418493,-1.3304498,-0.21466628,0.38651514,-0.19703624,0.8725171,-0.2857861,-0.44523734
../data/train_data_mmini/9/Train_0044.jpg	9	1.0,1.0,1.0,1.0,1.0,1.0,1.0,-1.0,-1.0,-1.0,1.0,1.0	0.102240846,0.19691789,0.15437607,0.12080856,0.0028621368,0.258096,0.06879221,-0.43649542,-0.096404895,-0.13468279,0.32084468,0.1740226
../data/train_data_mmini/10/Train_0045.jpg	10	1.0,1.0,1.0,-1.0,-1.0,1.0,1.0,-1.0,-1.0,-1.0,1.0,1.0	1.8221904,1.1577876,0.097920895,-1.3800128,-0.68073237,3.6822705,0.94703025,-1.6217825,-0.007993378,-2.8659568,0.6257742,0.8912434
../data/train_data_mmini/10/Train_0046.jpg	10	1.0,1.0,1.0,-1.0,1.0,1.0,1.0,-1.0,-1.0,-1.0,1.0,1.0	0.8102329,0.73628026,0.23637004,-0.26309392,0.120117605,2.5461094,0.15939328,-0.9890497,-0.025691533,-1.9835888,0.69220823,0.7602733
../data/train_data_mmini/10/Train_0047.jpg	10	1.0,1.0,1.0,-1.0,-1.0,1.0,1.0,-1.0,1.0,-1.0,1.0,1.0	1.5652322,1.0571338,0.21639034,-1.3177975,-0.8942002,2.9508808,0.9506937,-1.3934795,0.037602562,-2.3719404,0.65135753,0.830574
../data/train_data_mmini/10/Train_0048.jpg	10	1.0,1.0,1.0,-1.0,-1.0,1.0,1.0,-1.0,1.0,-1.0,1.0,1.0	1.1826863,1.1606803,0.63733953,-1.2890408,-0.8423862,2.5227063,1.0774602,-1.7120981,0.31492385,-2.1976788,0.53139955,0.80332756
../data/train_data_mmini/10/Train_0049.jpg	10	1.0,1.0,1.0,-1.0,-1.0,1.0,1.0,-1.0,-1.0,-1.0,1.0,1.0	0.67607534,0.36880636,0.030918492,-0.5488288,-0.53082967,1.3705271,0.45592698,-0.6407854,-0.14011249,-1.0376122,0.3406281,0.21045755
