../data/train_data_mmini/1/Train_0000.jpg	1	-1.0,-1.0,1.0,1.0,-1.0,-1.0,-1.0,1.0,-1.0,1.0,-1.0,1.0	-0.09017276,-0.44789448,1.3127972,1.4580983,-0.44548324,-0.07763481,-0.08325386,0.106070265,-0.8630603,0.49517432,-1.2486327,0.641115
../data/train_data_mmini/1/Train_0001.jpg	1	-1.0,-1.0,1.0,1.0,-1.0,-1.0,1.0,1.0,-1.0,1.0,-1.0,1.0	-0.035117753,-0.5829634,0.4191178,0.6544937,-0.29940563,-0.008577557,0.053525064,0.0033806998,-0.27359742,0.3369663,-0.10694991,0.44213995
../data/train_data_mmini/1/Train_0002.jpg	1	1.0,-1.0,-1.0,-1.0,1.0,1.0,1.0,-1.0,1.0,1.0,1.0,1.0	0.589921,-0.5721687,-0.20973027,-0.4559883,0.017232643,0.1994457,0.05403674,-0.11624618,0.48855555,0.04893801,1.0262372,0.079909764
../data/train_data_mmini/1/Train_0003.jpg	1	-1.0,-1.0,1.0,1.0,-1.0,-1.0,-1.0,1.0,-1.0,1.0,-1.0,1.0	-0.446183,-0.45276675,1.5626304,1.6150289,-0.4219121,-0.06014943,-0.118608534,0.098387405,-1.1758618,0.43125603,-1.5604589,0.90066683
../data/train_data_mmini/1/Train_0004.jpg	1	-1.0,-1.0,1.0,1.0,-1.0,-1.0,-1.0,1.0,-1.0,1.0,-1.0,1.0	-0.049656384,-0.46901456,1.1761609,0.92642313,-0.24909711,-0.005676077,-0.048007425,0.13238876,-0.7985638,0.3554081,-1.1122315,0.698987
../data/train_data_mmini/2/Train_0005.jpg	2	1.0,-1.0,-1.0,1.0,1.0,1.0,-1.0,1.0,-1.0,1.0,1.0,1.0	0.21623793,-0.38619074,-0.14494796,0.1866785,0.02034855,0.035360113,-0.081570566,0.1616957,-0.103504896,0.098707706,0.3881925,0.50392926
../data/train_data_mmini/2/Train_0006.jpg	2	1.0,-1.0,-1.0,1.0,1.0,1.0,1.0,1.0,1.0,1.0,1.0,1.0	0.96854806,-0.44903734,-0.18138354,0.95986253,0.09330042,0.19471559,0.31531852,0.040719256,0.2490943,0.23101965,0.20089374,0.007900289
../data/train_data_mmini/2/Train_0007.jpg	2	-1.0,-1.0,1.0,1.0,-1.0,-1.0,-1.0,1.0,-1.0,1.0,-1.0,1.0	-0.21467853,-0.385915,1.9196953,1.6630101,-0.47198454,-0.06823407,-0.025816886,0.09125076,-1.4592016,0.3866296,-1.9971018,0.84196866
../data/train_data_mmini/2/Train_0008.jpg	2	1.0,-1.0,1.0,1.0,-1.0,1.0,1.0,1.0,1.0,1.0,-1.0,-1.0	0.87159705,-0.1586248,0.44756556,0.1816693,-0.035040826,0.113392174,0.32054996,0.18604092,0.04663241,0.03749535,-0.09733532,-0.04254233
../data/train_data_mmini/2/Train_0009.jpg	2	-1.0,-1.0,1.0,1.0,-1.0,-1.0,1.0,1.0,-1.0,1.0,-1.0,1.0	-0.14666608,-0.25167546,0.69909084,1.3497523,-0.38512465,-0.04389119,0.10733625,0.14763795,-0.6362768,0.4303083,-0.6880574,0.77540743
../data/train_data_mmini/3/Train_0010.jpg	3	1.0,1.0,-1.0,-1.0,1.0,1.0,1.0,1.0,1.0,-1.0,1.0,-1.0	0.46483806,0.10812724,-0.11016896,-0.63324827,0.32052717,0.24865879,0.582537,0.11979966,0.22835743,-0.14185461,0.535782,-0.14403664
../data/train_data_mmini/3/Train_0011.jpg	3	1.0,-1.0,-1.0,-1.0,1.0,1.0,1.0,-1.0,1.0,-1.0,1.0,-1.0	0.30506754,-0.6097187,-0.8848862,-1.8456596,0.16185197,0.6062509,0.09368143,-0.28515983,1.082497,-0.42974067,1.7842282,-0.13708432
../data/train_data_mmini/3/Train_0012.jpg	3	-1.0,-1.0,-1.0,-1.0,1.0,-1.0,-1.0,-1.0,1.0,1.0,1.0,1.0	-0.32705,-1.0186462,-0.74544114,-0.20117998,0.012120279,-0.18143699,-0.4836581,-0.35029975,0.30285996,0.1077365,1.3129566,1.009794
../data/train_data_mmini/3/Train_0013.jpg	3	1.0,-1.0,-1.0,-1.0,1.0,1.0,1.0,1.0,1.0,-1.0,1.0,-1.0	1.681952,-0.3936613,-0.57552606,-0.23893075,0.3116738,0.26377144,0.6970312,0.06757724,0.8906138,-0.18695141,1.2957258,-0.50418544
../data/train_data_mmini/3/Train_0014.jpg	3	1.0,-1.0,1.0,-1.0,1.0,1.0,1.0,1.0,1.0,-1.0,1.0,1.0	0.49993423,-0.21276084,0.011490799,-0.29629004,0.08200689,0.1911641,0.33204275,0.21487503,0.20639491,-0.086321026,0.31716046,0.08003581
../data/train_data_mmini/4/Train_0015.jpg	4	1.0,-1.0,1.0,1.0,1.0,-1.0,-1.0,-1.0,-1.0,1.0,1.0,1.0	0.71975523,-0.77422506,0.17801896,0.2749745,0.06359261,-0.2146174,-0.095424175,-0.32750693,-0.08885336,0.34169182,0.39041558,0.49808395
../data/train_data_mmini/4/Train_0016.jpg	4	1.0,-1.0,-1.0,1.0,-1.0,1.0,-1.0,1.0,1.0,-1.0,1.0,1.0	0.07033525,-0.33853456,-0.32130018,0.2609063,-0.22431897,0.11815055,-0.17056751,0.039962098,0.10707408,-0.044369426,0.7171395,0.31842935
../data/train_data_mmini/4/Train_0017.jpg	4	1.0,-1.0,-1.0,1.0,1.0,1.0,1.0,-1.0,1.0,-1.0,1.0,1.0	0.6928818,-0.6780085,-1.4374845,0.046228193,0.27071792,0.21448669,0.115077466,-0.24391691,0.93699455,-0.05996349,1.793859,0.027900076
../data/train_data_mmini/4/Train_0018.jpg	4	1.0,1.0,-1.0,1.0,-1.0,-1.0,1.0,1.0,1.0,1.0,1.0,1.0	0.2919607,0.044366565,-0.17139599,0.05195212,-0.08618131,-0.017403843,0.09498596,0.10303514,0.021954864,0.27986094,0.32093772,0.34481472
../data/train_data_mmini/4/Train_0019.jpg	4	1.0,-1.0,-1.0,1.0,1.0,1.0,1.0,1.0,1.0,-1.0,1.0,1.0	1.0686364,-0.703353,-0.60147667,0.024079956,0.5462895,0.2269386,0.09835529,0.009849592,0.3361557,-0.11245999,1.0096574,0.13323133
../data/train_data_mmini/5/Train_0020.jpg	5	-1.0,-1.0,1.0,1.0,-1.0,1.0,-1.0,1.0,-1.0,1.0,-1.0,1.0	-0.38390613,-0.48922703,1.5193126,1.5813905,-0.39522868,0.012428431,-0.095840335,0.12879293,-1.264025,0.3528038,-1.4814179,0.99206984
../data/train_data_mmini/5/Train_0021.jpg	5	1.0,-1.0,1.0,1.0,-1.0,-1.0,1.0,-1.0,-1.0,1.0,-1.0,1.0	0.55769014,-0.393275,0.90390885,0.59023184,-0.16381739,-0.024820374,0.20116365,-0.063256934,-0.32564694,0.30394337,-0.59917235,0.35557392
../data/train_data_mmini/5/Train_0022.jpg	5	-1.0,-1.0,1.0,1.0,-1.0,-1.0,1.0,1.0,-1.0,1.0,-1.0,1.0	-0.18025179,-0.4205819,1.5546042,1.5894829,-0.34459874,-0.13187408,0.02787912,0.15755795,-1.1902431,0.34482083,-1.71559,0.7555814
../data/train_data_mmini/5/Train_0023.jpg	5	-1.0,-1.0,1.0,1.0,-1.0,-1.0,-1.0,1.0,-1.0,1.0,-1.0,1.0	-0.36102104,-0.37931278,1.7951635,1.811921,-0.5366697,-0.11453913,-0.07820478,0.08385776,-1.357235,0.46520743,-1.8912761,0.9700881
../data/train_data_mmini/5/Train_0024.jpg	5	-1.0,-1.0,1.0,1.0,-1.0,1.0,-1.0,-1.0,-1.0,1.0,-1.0,1.0	-0.09190936,-0.5602339,1.240919,0.65041983,-0.12864672,0.023501469,-0.08619514,-0.10431118,-0.8166031,0.31107655,-0.7907982,0.8429742
../data/train_data_mmini/6/Train_0025.jpg	6	1.0,-1.0,-1.0,-1.0,1.0,1.0,1.0,-1.0,1.0,-1.0,1.0,1.0	0.21129802,-0.4360172,-0.6973204,-1.1684647,0.7800508,0.3852517,0.13720968,-0.103968516,0.5150033,-0.4666824,1.5834153,0.1800581
../data/train_data_mmini/6/Train_0026.jpg	6	1.0,-1.0,1.0,1.0,-1.0,1.0,1.0,-1.0,-1.0,1.0,-1.0,1.0	0.09555078,-0.43609777,0.35889047,1.0518136,-0.004716201,0.08351378,0.28802866,-0.1570564,-0.5321319,0.6756086,-0.23995782,0.5821148
../data/train_data_mmini/6/Train_0027.jpg	6	1.0,-1.0,-1.0,-1.0,1.0,1.0,1.0,-1.0,1.0,-1.0,1.0,1.0	0.15061742,-0.23925295,-1.0026135,-1.0795358,0.14824377,0.33934042,0.18354455,-0.029760377,0.6953759,-0.32223257,1.4613334,0.16004825
../data/train_data_mmini/6/Train_0028.jpg	6	1.0,-1.0,1.0,-1.0,-1.0,1.0,1.0,1.0,1.0,-1.0,1.0,-1.0	0.4803519,-0.25308385,0.28972906,-0.53210545,-0.09794013,0.42275086,0.31686476,0.1447246,0.2966286,-0.06508449,0.2050658,-0.11811129
../data/train_data_mmini/6/Train_0029.jpg	6	1.0,-1.0,-1.0,1.0,1.0,1.0,1.0,-1.0,1.0,-1.0,1.0,1.0	0.5514583,-0.26547238,-0.21811537,0.02925057,0.45323265,0.03729321,0.042177502,-0.010170476,0.02048093,-0.084819704,0.8764677,0.35594788
../data/train_data_mmini/7/Train_0030.jpg	7	-1.0,-1.0,1.0,1.0,-1.0,-1.0,-1.0,1.0,-1.0,1.0,-1.0,1.0	-0.060217075,-0.59863126,0.5937792,1.4733216,-0.40591815,-0.16268934,-0.14606851,0.023579879,-0.70873356,0.36691824,-0.6150856,0.7488041
../data/train_data_mmini/7/Train_0031.jpg	7	1.0,-1.0,-1.0,1.0,1.0,-1.0,1.0,1.0,1.0,1.0,1.0,1.0	0.31356546,-0.026319893,-0.02881951,0.41590345,0.055326164,-0.002305956,0.31384867,0.09022932,0.094363034,0.10558131,0.32021692,0.16467609
../data/train_data_mmini/7/Train_0032.jpg	7	1.0,-1.0,-1.0,-1.0,1.0,1.0,1.0,-1.0,1.0,-1.0,1.0,-1.0	0.820062,-0.3874946,-1.6618302,-1.9222587,0.40701997,0.19850335,0.34764907,-0.11621882,1.3084892,-0.63408744,2.1304107,-0.37452966
../data/train_data_mmini/7/Train_0033.jpg	7	-1.0,-1.0,1.0,1.0,-1.0,1.0,-1.0,1.0,-1.0,1.0,-1.0,1.0	-0.65471035,-0.38692424,0.4643982,0.9627253,-0.24977699,0.15939195,-0.15019977,0.030356212,-0.55070716,0.31621513,-0.3029965,0.93653786
../data/train_data_mmini/7/Train_0034.jpg	7	1.0,-1.0,-1.0,-1.0,1.0,1.0,1.0,-1.0,1.0,-1.0,1.0,-1.0	0.4157661,-0.431727,-0.5254424,-2.9663181,0.62847835,0.82612854,0.36011085,-0.03108243,1.0271727,-1.1194712,1.4869379,-0.66033727
../data/train_data_mmini/8/Train_0035.jpg	8	1.0,-1.0,1.0,1.0,-1.0,-1.0,1.0,1.0,-1.0,1.0,-1.0,1.0	0.47460583,-0.2561858,0.39676094,0.28733876,-0.06966612,-0.022711562,0.2703634,0.12252776,-0.115041554,0.064906865,-0.08074488,0.24762131
../data/train_data_mmini/8/Train_0036.jpg	8	1.0,-1.0,1.0,1.0,1.0,1.0,1.0,1.0,-1.0,1.0,1.0,1.0	0.15811574,-0.1756843,0.13686489,0.39956805,0.031593278,0.035802826,0.28136057,0.06613462,-0.09326953,0.17011717,0.19537045,0.39280355
../data/train_data_mmini/8/Train_0037.jpg	8	1.0,-1.0,-1.0,-1.0,1.0,1.0,1.0,-1.0,1.0,1.0,1.0,1.0	0.51365495,-0.29966292,-0.40555668,-0.47705644,0.18251877,0.21638183,0.2939819,-0.21463855,0.41700023,0.10668394,1.0349524,0.02662315
../data/train_data_mmini/8/Train_0038.jpg	8	1.0,-1.0,1.0,1.0,1.0,-1.0,1.0,-1.0,-1.0,-1.0,1.0,1.0	0.6172034,-0.32765058,0.2946303,0.062004,0.09979011,-0.0011310591,0.29265553,-0.016286688,-0.029286504,-0.06917384,0.2813531,0.08767208
../data/train_data_mmini/8/Train_0039.jpg	8	1.0,-1.0,-1.0,1.0,1.0,-1.0,1.0,1.0,1.0,1.0,1.0,1.0	0.56532705,-0.34362158,-0.12294298,0.13264447,0.08400507,-0.046587124,0.15223205,0.049761698,0.1398167,0.04698107,0.54248047,0.2191164
../data/train_data_mmini/9/Train_0040.jpg	9	1.0,-1.0,1.0,1.0,-1.0,-1.0,1.0,-1.0,-1.0,1.0,-1.0,1.0	0.2299354,-0.56097835,1.176856,1.0301281,-0.19579308,-0.04268983,0.04242808,-0.08605297,-0.8151405,0.34046593,-0.8540728,0.6861985
../data/train_data_mmini/9/Train_0041.jpg	9	-1.0,-1.0,-1.0,-1.0,-1.0,1.0,-1.0,1.0,1.0,-1.0,1.0,1.0	-0.26140934,-0.30763987,-0.15430468,-0.4228339,-0.024302168,0.31383553,-0.029487519,0.32536831,0.09860736,-0.27998373,0.6352187,0.43917763
../data/train_data_mmini/9/Train_0042.jpg	9	1.0,-1.0,1.0,-1.0,1.0,-1.0,1.0,-1.0,1.0,1.0,1.0,1.0	0.7858839,-0.59821063,0.17455485,-0.3760107,0.24612682,-0.051411003,0.11299938,-0.31226638,0.032551467,0.13781735,0.6688099,0.30006155
../data/train_data_mmini/9/Train_0043.jpg	9	1.0,-1.0,1.0,1.0,-1.0,-1.0,1.0,1.0,-1.0,1.0,-1.0,1.0	0.64735943,-0.3827211,0.890074,1.1323177,-0.19045925,-0.058103636,0.26640868,0.13727175,-0.5947373,0.3158624,-0.8705416,0.41132122
../data/train_data_mmini/9/Train_0044.jpg	9	1.0,-1.0,-1.0,1.0,1.0,-1.0,1.0,-1.0,1.0,1.0,1.0,1.0	0.5348848,-0.6213723,-0.4491611,0.53685635,0.2111034,-0.119232446,0.014998825,-0.17954178,0.016089559,0.23909673,0.7629302,0.48412636
../data/train_data_mmini/10/Train_0045.jpg	10	1.0,-1.0,-1.0,-1.0,1.0,1.0,1.0,1.0,1.0,-1.0,1.0,-1.0	0.89344776,-0.15821643,-1.6971871,-1.287,0.48587438,0.12038035,0.3293339,0.091327325,1.2772491,-0.5359876,2.1516728,-0.38424227
../data/train_data_mmini/10/Train_0046.jpg	10	1.0,-1.0,-1.0,-1.0,1.0,1.0,1.0,-1.0,1.0,-1.0,1.0,-1.0	1.0286956,-0.61325836,-1.5886326,-1.158639,0.4873824,0.38497907,0.21507576,-0.3289652,1.1252445,-0.33338398,2.2004802,-0.38472933
../data/train_data_mmini/10/Train_0047.jpg	10	1.0,-1.0,-1.0,-1.0,1.0,1.0,1.0,1.0,1.0,-1.0,1.0,-1.0	1.264491,-0.25159693,-0.9434611,-1.2425333,0.59021217,0.2413642,0.49506226,0.02002505,0.98515064,-0.5473601,1.6732241,-0.47167614
../data/train_data_mmini/10/Train_0048.jpg	10	1.0,-1.0,-1.0,-1.0,1.0,1.0,-1.0,1.0,1.0,-1.0,1.0,1.0	0.5670694,-0.47675765,-1.1053641,-1.2444183,0.6699061,0.12679902,-0.1838373,0.09600322,0.64827573,-0.67658293,1.9438035,0.16191113
../data/train_data_mmini/10/Train_0049.jpg	10	1.0,-1.0,-1.0,-1.0,1.0,1.0,1.0,1.0,1.0,-1.0,1.0,-1.0	0.6678228,-0.26801518,-0.28276187,-0.39057443,0.28089166,0.049744785,0.3279257,0.0003918844,0.3165664,-0.078492135,0.7494059,-0.073961176
