../data/train_data_mmini/1/Train_0000.jpg	1	1.0,-1.0,-1.0,-1.0,-1.0,1.0,-1.0,1.0,-1.0,1.0,-1.0,1.0,-1.0,-1.0,1.0,1.0,1.0,1.0,1.0,1.0,1.0,1.0,-1.0,-1.0	0.0799551,-0.77646434,-0.14607273,-0.16862434,-0.3666043,0.07273296,-0.24124512,0.2965115,-0.47305992,0.08504383,-0.1805504,0.11397165,-0.17324184,-0.77891356,0.7507761,0.43351126,0.28430548,0.87593925,0.37754223,0.2621039,0.27705294,0.70249265,-0.3310954,-0.5655076
../data/train_data_mmini/1/Train_0001.jpg	1	1.0,-1.0,1.0,-1.0,-1.0,-1.0,-1.0,1.0,-1.0,-1.0,-1.0,1.0,-1.0,-1.0,1.0,1.0,1.0,1.0,1.0,1.0,1.0,1.0,-1.0,-1.0	0.16592748,-0.72612923,0.07189156,-0.24382167,-0.1502357,-0.22126445,-0.45346487,0.041907158,-0.45357367,-0.042515714,-0.25337058,0.25368524,-0.20824058,-0.94420063,0.6720409,0.19121815,0.24125706,0.32017627,0.45465142,0.025498457,0.5313331,0.53407466,-0.4421026,-0.58566046
../data/train_data_mmini/1/Train_0002.jpg	1	1.0,-1.0,1.0,-1.0,-1.0,-1.0,-1.0,1.0,-1.0,1.0,-1.0,1.0,-1.0,-1.0,1.0,1.0,1.0,1.0,1.0,1.0,1.0,1.0,-1.0,-1.0	0.4389934,-1.0563107,0.17162104,-0.16857445,-0.41061494,-0.4551406,-0.4304355,0.57124203,-0.5776842,0.108533934,-0.13990086,0.09819174,-0.023258246,-0.6146312,0.83962816,0.7190955,0.28943393,0.8272332,0.21780919,0.09237508,0.34511787,0.43479428,-0.15837216,-1.0007207
../data/train_data_mmini/1/Train_0003.jpg	1	-1.0,-1.0,-1.0,-1.0,-1.0,1.0,-1.0,1.0,-1.0,1.0,-1.0,-1.0,-1.0,-1.0,1.0,-1.0,1.0,1.0,1.0,1.0,1.0,1.0,-1.0,-1.0	-0.008530969,-0.48904708,-0.67166233,-0.50980204,-0.53992313,0.51144797,-0.0971727,0.4795354,-0.8467635,0.37323764,-0.65371805,-0.28291374,-0.104483016,-1.0250272,0.85543936,-0.26415816,0.57894987,0.76415384,0.9815426,0.18198399,0.7176846,0.6665281,-0.7769895,-0.56962097
../data/train_data_mmini/1/Train_0004.jpg	1	-1.0,-1.0,-1.0,-1.0,-1.0,1.0,-1.0,1.0,-1.0,1.0,1.0,1.0,-1.0,-1.0,1.0,1.0,1.0,1.0,1.0,1.0,1.0,1.0,-1.0,-1.0	-0.08338026,-0.59161025,-0.17473648,-0.1647774,-0.403145,0.3576342,-0.042083703,0.41951963,-0.3629173,0.14021178,0.055232108,0.22575057,-0.0078063095,-0.36539054,0.7370045,0.628408,0.25563952,1.3744724,0.38477483,0.63019395,0.16600512,1.1640679,-0.14865363,-0.3760543
../data/train_data_mmini/2/Train_0005.jpg	2	-1.0,-1.0,1.0,1.0,1.0,-1.0,-1.0,-1.0,-1.0,-1.0,-1.0,1.0,-1.0,-1.0,1.0,1.0,1.0,-1.0,-1.0,1.0,1.0,1.0,-1.0,-1.0	-0.029942917,-0.5782213,0.8498597,0.12450581,0.24093379,-0.48266366,-0.8028309,-0.14854255,-0.19822937,-0.41499102,-0.43463558,0.1120134,-0.45614168,-0.27187708,0.48497373,0.53454965,0.124672726,-0.43062887,-0.3174301,0.07305471,0.069029465,0.17722403,-0.039647993,-0.26566863
../data/train_data_mmini/2/Train_0006.jpg	2	-1.0,1.0,1.0,-1.0,1.0,-1.0,-1.0,-1.0,1.0,-1.0,-1.0,-1.0,-1.0,1.0,1.0,-1.0,1.0,-1.0,-1.0,1.0,1.0,1.0,-1.0,1.0	-0.772229,0.2407901,0.27715313,-0.03820712,0.17505871,-0.07766265,-0.41234216,-0.69199866,0.24400128,-0.09564309,-0.41231722,-0.7177193,-1.0116318,0.7124448,0.8088088,-0.035042,0.5194284,-0.40036657,-0.4771198,0.4337106,0.23001935,0.5149091,-0.3820464,0.83730364
../data/train_data_mmini/2/Train_0007.jpg	2	1.0,-1.0,-1.0,-1.0,-1.0,1.0,-1.0,1.0,-1.0,1.0,-1.0,1.0,-1.0,-1.0,1.0,1.0,1.0,1.0,1.0,1.0,1.0,1.0,-1.0,-1.0	0.21954457,-0.8134149,-0.081405625,-0.10642768,-0.48406154,0.052048974,-0.09693768,0.7207134,-0.41808322,0.013817649,-0.1759023,0.40660882,-0.077368654,-0.67238873,0.6648142,0.3886009,0.23258086,0.8685379,0.5273565,0.40622607,0.12594195,0.7378578,-0.24604195,-0.82712847
../data/train_data_mmini/2/Train_0008.jpg	2	-1.0,-1.0,1.0,1.0,-1.0,1.0,-1.0,1.0,1.0,-1.0,1.0,1.0,-1.0,1.0,1.0,1.0,1.0,1.0,-1.0,1.0,-1.0,1.0,1.0,1.0	-0.32694548,-0.5718596,0.42675072,0.21070403,-0.22863823,0.024425296,-0.085266255,0.15042406,0.2955902,-0.026264567,0.5239962,0.4679281,-0.22655432,0.35512978,0.5353081,1.2209051,0.0012832452,1.2998575,-0.30680534,0.78168887,-0.28255957,1.274234,0.47037593,0.13229553
../data/train_data_mmini/2/Train_0009.jpg	2	-1.0,-1.0,1.0,1.0,1.0,-1.0,-1.0,-1.0,-1.0,-1.0,-1.0,1.0,-1.0,-1.0,1.0,1.0,1.0,-1.0,-1.0,1.0,1.0,1.0,-1.0,-1.0	-0.1765797,-0.42898065,0.732798,0.11183613,0.22804089,-0.5177045,-0.91837704,-0.4297276,-0.11044254,-0.4065667,-0.75766915,0.08631694,-0.66923225,-0.33688766,0.5686631,0.21971835,0.25887462,-0.9450589,-0.35452524,0.14925067,0.22963716,0.1015964,-0.27470928,-0.11242265
../data/train_data_mmini/3/Train_0010.jpg	3	-1.0,-1.0,1.0,1.0,1.0,-1.0,-1.0,-1.0,1.0,-1.0,-1.0,1.0,-1.0,-1.0,1.0,1.0,1.0,-1.0,-1.0,1.0,1.0,1.0,1.0,1.0	-0.19658323,-0.33335394,0.6496918,0.37175757,0.3020839,-0.4036062,-0.56316036,-0.6243832,0.31710187,-0.441677,-0.44210786,0.6142635,-0.6462722,-0.11021092,0.1859116,0.36539322,0.084634274,-0.8789895,-0.35528168,0.26567137,0.005370182,0.47153935,0.08381182,0.11548268
../data/train_data_mmini/3/Train_0011.jpg	3	1.0,-1.0,1.0,1.0,-1.0,-1.0,-1.0,1.0,-1.0,-1.0,-1.0,1.0,1.0,-1.0,1.0,1.0,-1.0,1.0,-1.0,-1.0,1.0,1.0,1.0,-1.0	0.95640606,-1.6671065,0.8158912,0.23362935,-0.14507186,-0.9061641,-0.8495724,0.4498794,-0.6909075,-0.41099456,-0.016917348,0.8417553,0.21083249,-1.2974068,0.52999306,1.3546262,-0.19188148,0.5914982,-0.04079227,-0.18374135,0.15924318,0.3205147,0.17037046,-1.5956303
../data/train_data_mmini/3/Train_0012.jpg	3	1.0,-1.0,1.0,-1.0,1.0,-1.0,-1.0,-1.0,-1.0,-1.0,-1.0,-1.0,-1.0,-1.0,1.0,1.0,1.0,1.0,1.0,1.0,1.0,1.0,-1.0,-1.0	0.040439997,-0.43978348,0.37561524,-0.15317118,0.13153203,-0.28424868,-0.7477368,-0.408884,-0.6220468,-0.10902743,-0.26987273,-0.3593393,-0.18640213,-0.65567076,0.7290375,0.4915344,0.09331386,0.25823194,0.1405786,0.022490658,0.72528845,0.6275488,-0.4065367,-0.41940868
../data/train_data_mmini/3/Train_0013.jpg	3	-1.0,1.0,1.0,1.0,1.0,-1.0,-1.0,-1.0,1.0,-1.0,-1.0,-1.0,-1.0,1.0,1.0,1.0,1.0,-1.0,-1.0,1.0,1.0,1.0,-1.0,1.0	-0.5869965,0.048511177,0.42433244,0.045815043,0.058520272,-0.32076383,-0.40256283,-0.5169063,0.4621635,-0.1733933,-0.031455934,-0.34471446,-0.9128716,0.72351277,0.7265104,0.3104156,0.2990829,-0.22584994,-0.46481556,0.5383682,0.16042133,0.70806307,-0.16546404,0.76948804
../data/train_data_mmini/3/Train_0014.jpg	3	-1.0,-1.0,1.0,1.0,1.0,-1.0,-1.0,1.0,-1.0,-1.0,-1.0,1.0,-1.0,-1.0,1.0,1.0,1.0,1.0,-1.0,1.0,-1.0,1.0,1.0,-1.0	-0.02905892,-0.82059366,0.7016515,0.24326268,0.032057688,-0.45424074,-0.66098785,0.0057492526,-0.06893613,-0.4656599,-0.115294695,0.4742034,-0.3552946,-0.33957556,0.5476627,0.87802655,0.049608946,0.092229396,-0.32682326,0.326553,-0.13438061,0.4246942,0.06461114,-0.365767
../data/train_data_mmini/4/Train_0015.jpg	4	-1.0,-1.0,1.0,-1.0,-1.0,1.0,-1.0,1.0,-1.0,1.0,1.0,-1.0,-1.0,-1.0,1.0,1.0,1.0,1.0,1.0,1.0,1.0,1.0,1.0,-1.0	-0.21009004,-0.5661218,0.044328522,-0.039536662,-0.3906751,0.045089,-0.07312926,0.42417482,-0.24650349,0.11680116,0.35132068,-0.07276833,-0.052982964,-0.01645372,0.8661403,0.9279471,0.21566245,1.7205107,0.16405152,0.60562253,0.078863844,1.1610845,0.065460265,-0.27531588
../data/train_data_mmini/4/Train_0016.jpg	4	1.0,-1.0,1.0,-1.0,-1.0,-1.0,-1.0,1.0,-1.0,-1.0,-1.0,1.0,-1.0,-1.0,1.0,1.0,1.0,-1.0,1.0,-1.0,1.0,-1.0,-1.0,-1.0	0.9004614,-1.5590016,0.60467696,-0.06093345,-0.022183642,-0.93883055,-1.0002326,0.19822636,-0.889742,-0.19252877,-0.51847553,0.3056777,-0.06382284,-1.6155233,0.69904286,0.6199041,0.14935143,-0.18841593,0.075528294,-0.5960252,0.5016587,-0.35577205,-0.22841907,-1.4451315
../data/train_data_mmini/4/Train_0017.jpg	4	-1.0,-1.0,1.0,1.0,1.0,-1.0,-1.0,-1.0,-1.0,-1.0,-1.0,-1.0,-1.0,-1.0,1.0,-1.0,1.0,-1.0,-1.0,-1.0,1.0,-1.0,-1.0,1.0	-0.2688505,-0.11384544,0.46666634,0.002956504,0.24103417,-0.642728,-0.79095197,-0.70976466,-0.2636987,-0.17516704,-0.75649077,-0.7384505,-0.916826,-0.17459488,0.7487121,-0.064087704,0.4109245,-1.0133996,-0.26282385,-0.17014338,0.6425418,-0.05414997,-0.6604606,0.007340421
../data/train_data_mmini/4/Train_0018.jpg	4	1.0,-1.0,1.0,1.0,1.0,-1.0,-1.0,-1.0,-1.0,-1.0,-1.0,1.0,-1.0,-1.0,1.0,1.0,-1.0,-1.0,-1.0,-1.0,-1.0,-1.0,1.0,-1.0	0.46224287,-1.2875551,1.0968153,0.37568155,0.21461128,-0.9824671,-0.8570381,-0.026227,-0.23395179,-0.55806667,-0.18064702,0.74781555,-0.22715674,-0.9350092,0.31711012,1.0644002,-0.017384468,-0.29094177,-0.57615286,-0.0941708,-0.15016156,-0.12590541,0.19664061,-0.9118285
../data/train_data_mmini/4/Train_0019.jpg	4	-1.0,1.0,-1.0,-1.0,1.0,1.0,-1.0,-1.0,1.0,1.0,-1.0,-1.0,-1.0,1.0,1.0,-1.0,1.0,-1.0,-1.0,1.0,1.0,1.0,-1.0,1.0	-0.9721268,0.7356902,-0.011357474,-0.22882085,0.0077442965,0.22070289,-0.21389267,-0.5458571,0.24832429,0.09227897,-0.49777108,-1.0982585,-0.9823661,1.2415164,0.9490545,-0.18732335,0.68836296,-0.38430473,-0.25281826,0.72837543,0.48560494,0.83850366,-0.47825056,1.14515
../data/train_data_mmini/5/Train_0020.jpg	5	-1.0,-1.0,-1.0,-1.0,-1.0,1.0,1.0,1.0,-1.0,1.0,-1.0,-1.0,-1.0,-1.0,1.0,-1.0,1.0,1.0,1.0,1.0,1.0,1.0,-1.0,-1.0	-0.12560771,-0.27928185,-0.75128114,-0.5892808,-0.71813077,0.67413193,0.22510818,0.8620717,-0.6137913,0.54835284,-0.31230384,-0.16700572,-0.030164309,-0.30418664,0.9487452,-0.15143235,0.6289021,1.3386639,1.0209781,0.5678562,0.5523623,1.0283207,-0.59426886,-0.37627006
../data/train_data_mmini/5/Train_0021.jpg	5	-1.0,-1.0,-1.0,-1.0,-1.0,1.0,1.0,1.0,-1.0,1.0,1.0,-1.0,1.0,-1.0,1.0,1.0,1.0,1.0,1.0,1.0,1.0,1.0,-1.0,-1.0	-0.26557878,-0.5424642,-0.28065598,-0.17463034,-0.5748218,0.41858473,0.1513448,0.6580386,-0.35172722,0.20297688,0.1989618,-0.030034836,0.008223138,-0.065399,0.9316725,0.66304654,0.33182856,1.8944657,0.34797272,0.7503041,0.052698385,1.2206734,-0.1284535,-0.24009158
../data/train_data_mmini/5/Train_0022.jpg	5	-1.0,-1.0,1.0,1.0,-1.0,1.0,-1.0,-1.0,1.0,-1.0,-1.0,1.0,-1.0,1.0,1.0,1.0,1.0,1.0,1.0,1.0,1.0,1.0,-1.0,1.0	-0.3466077,-0.20538896,0.23385026,0.007795507,-0.12003489,0.02530366,-0.18829635,-0.0009444085,0.065125205,-0.040312488,-0.13025653,0.06218714,-0.45191523,0.13796273,0.5877248,0.30051833,0.23268494,0.33768106,0.04792109,0.52843606,0.077913836,0.8254705,-0.09574658,0.11337989
../data/train_data_mmini/5/Train_0023.jpg	5	-1.0,-1.0,-1.0,-1.0,-1.0,1.0,1.0,1.0,-1.0,1.0,-1.0,-1.0,-1.0,-1.0,1.0,-1.0,1.0,1.0,1.0,1.0,1.0,1.0,-1.0,-1.0	-0.064358875,-0.3787014,-0.58686984,-0.44984198,-0.5975118,0.5697269,0.16703942,0.715723,-0.605041,0.39597058,-0.29546815,-0.018351074,-0.0004686797,-0.52551067,0.819272,-0.06970321,0.5421077,1.2435716,0.9376647,0.51593804,0.42884797,0.9690444,-0.5353134,-0.47455704
../data/train_data_mmini/5/Train_0024.jpg	5	1.0,-1.0,1.0,1.0,-1.0,-1.0,-1.0,1.0,-1.0,-1.0,-1.0,1.0,-1.0,-1.0,1.0,1.0,1.0,1.0,1.0,1.0,1.0,1.0,-1.0,-1.0	0.26326793,-0.8761342,0.18863215,0.038999997,-0.20304672,-0.14030167,-0.40769562,0.2681078,-0.48309535,-0.20914786,-0.2338435,0.2711249,-0.1303999,-0.85949814,0.5925282,0.616149,0.10445094,0.6394963,0.29957402,0.23491655,0.19409223,0.68736875,-0.22021586,-0.7991475
../data/train_data_mmini/6/Train_0025.jpg	6	-1.0,1.0,1.0,1.0,1.0,-1.0,-1.0,-1.0,-1.0,-1.0,-1.0,-1.0,-1.0,-1.0,1.0,-1.0,1.0,-1.0,1.0,-1.0,1.0,-1.0,-1.0,-1.0	-0.10538302,0.03227219,0.12826397,0.007276291,0.15826003,-0.40355724,-0.8914907,-0.5602356,-0.44641396,-0.47375843,-1.5753664,-0.59604126,-0.958297,-0.35043392,0.62012774,-0.711346,0.48933923,-2.1093848,0.10776205,-0.14930032,0.8590173,-0.20030259,-0.9108381,-0.29761004
../data/train_data_mmini/6/Train_0026.jpg	6	1.0,-1.0,1.0,1.0,-1.0,-1.0,-1.0,1.0,-1.0,-1.0,-1.0,1.0,-1.0,-1.0,1.0,1.0,1.0,-1.0,1.0,-1.0,1.0,-1.0,-1.0,-1.0	0.37091166,-1.1195579,0.37980747,0.014622087,-0.117829695,-0.57099897,-0.71606785,0.05296683,-0.5583216,-0.31955096,-0.7853357,0.5154547,-0.35754392,-1.4331105,0.56459445,0.10919677,0.33869362,-0.5789388,0.17275628,-0.20424323,0.29376772,-0.23539129,-0.4820791,-0.9306613
../data/train_data_mmini/6/Train_0027.jpg	6	1.0,-1.0,1.0,1.0,1.0,-1.0,-1.0,-1.0,-1.0,-1.0,-1.0,1.0,-1.0,-1.0,1.0,1.0,1.0,-1.0,-1.0,-1.0,1.0,-1.0,-1.0,-1.0	0.46650052,-0.9689607,0.6895357,0.09550052,0.16576053,-0.788655,-1.065574,-0.058037017,-0.47479063,-0.52171546,-0.9038642,0.70438987,-0.37796262,-1.1165746,0.4027629,0.19079222,0.19143383,-1.1830261,-0.05156623,-0.22751608,0.28129423,-0.25890937,-0.26640528,-0.9902582
../data/train_data_mmini/6/Train_0028.jpg	6	1.0,-1.0,1.0,1.0,-1.0,-1.0,-1.0,1.0,-1.0,-1.0,-1.0,1.0,1.0,-1.0,1.0,1.0,1.0,1.0,1.0,-1.0,1.0,1.0,1.0,-1.0	0.7454367,-1.4302183,0.6483829,0.092552565,-0.20601244,-0.697362,-0.7107832,0.5957259,-0.53833294,-0.32371372,-0.16358447,0.83501273,0.03291478,-1.0321602,0.52885985,0.95947605,0.0017900486,0.37477067,0.06329714,-0.02772487,0.047382664,0.24021785,0.053248588,-1.3588953
../data/train_data_mmini/6/Train_0029.jpg	6	-1.0,-1.0,1.0,1.0,1.0,-1.0,-1.0,-1.0,1.0,-1.0,-1.0,-1.0,-1.0,-1.0,1.0,1.0,1.0,-1.0,-1.0,-1.0,1.0,-1.0,-1.0,1.0	-0.25066143,-0.19522375,0.59962565,0.3087855,0.3459409,-0.65591663,-0.8923713,-1.0340055,0.024580011,-0.44969276,-0.8640221,-0.36537278,-1.100307,-0.25198808,0.4105175,0.11092596,0.25991634,-1.5487226,-0.5239135,-0.06353336,0.42680466,-0.023935452,-0.38667375,0.23029123
../data/train_data_mmini/7/Train_0030.jpg	7	-1.0,-1.0,1.0,-1.0,-1.0,-1.0,-1.0,1.0,-1.0,-1.0,-1.0,-1.0,-1.0,-1.0,1.0,-1.0,1.0,-1.0,1.0,1.0,1.0,1.0,-1.0,-1.0	-0.25087628,-0.24670264,0.1671948,-0.22889097,-0.16136067,-0.12886465,-0.49355146,0.06486669,-0.34129712,-0.017276127,-0.63607186,-0.4016763,-0.58481944,-0.10935036,0.85684884,-0.06819965,0.4961756,-0.18820275,0.06340237,0.2446167,0.45304096,0.3228475,-0.5334888,-0.042012703
../data/train_data_mmini/7/Train_0031.jpg	7	-1.0,-1.0,1.0,1.0,1.0,-1.0,-1.0,-1.0,-1.0,-1.0,-1.0,-1.0,-1.0,-1.0,1.0,1.0,1.0,-1.0,-1.0,1.0,1.0,1.0,-1.0,-1.0	-0.087522246,-0.3634631,0.5995718,0.07937353,0.1558104,-0.5512727,-0.76069134,-0.44490132,-0.06559702,-0.33647543,-0.71382123,-0.0030040108,-0.76843923,-0.3178569,0.5167429,0.06321938,0.25713697,-1.0276502,-0.19197676,0.055138506,0.32291108,0.0625013,-0.4010536,-0.12516774
../data/train_data_mmini/7/Train_0032.jpg	7	1.0,-1.0,1.0,1.0,1.0,-1.0,-1.0,-1.0,-1.0,-1.0,-1.0,1.0,-1.0,-1.0,1.0,1.0,-1.0,1.0,-1.0,1.0,-1.0,1.0,1.0,-1.0	0.42479903,-1.1065453,1.127333,0.32936746,0.22026418,-0.8741295,-0.9622891,-0.009506914,-0.21863909,-0.6092609,-0.063700974,0.81520444,-0.18014424,-0.63213336,0.38877743,1.2590702,-0.207656,0.00075343205,-0.42667446,0.101774834,-0.056853283,0.32317275,0.3033015,-0.86090523
../data/train_data_mmini/7/Train_0033.jpg	7	1.0,-1.0,1.0,1.0,1.0,-1.0,-1.0,-1.0,-1.0,-1.0,-1.0,1.0,-1.0,-1.0,1.0,1.0,1.0,-1.0,-1.0,-1.0,1.0,-1.0,-1.0,-1.0	0.27547213,-0.78546256,0.7786647,0.17627114,0.32171106,-0.77460605,-1.1453744,-0.44088477,-0.36441198,-0.61047983,-1.0635494,0.29312402,-0.65074277,-1.0200803,0.43818367,0.11736335,0.22080645,-1.5380555,-0.22371563,-0.25375402,0.3204055,-0.26694292,-0.45578903,-0.6859055
../data/train_data_mmini/7/Train_0034.jpg	7	1.0,-1.0,1.0,1.0,1.0,-1.0,-1.0,1.0,-1.0,-1.0,-1.0,1.0,1.0,-1.0,1.0,1.0,-1.0,-1.0,-1.0,-1.0,-1.0,1.0,1.0,-1.0	0.9924784,-1.6977932,0.9920393,0.43521112,0.007048114,-0.95360476,-1.0031034,0.4330965,-0.46812317,-0.93603736,-0.35580242,1.4087777,0.04721906,-1.4427712,0.26426488,1.2956779,-0.3096366,-0.37818304,-0.06781608,-0.06358253,-0.13963117,0.207,0.21629876,-1.67681
../data/train_data_mmini/8/Train_0035.jpg	8	-1.0,-1.0,1.0,1.0,1.0,-1.0,-1.0,-1.0,1.0,-1.0,-1.0,1.0,-1.0,1.0,1.0,1.0,-1.0,-1.0,-1.0,1.0,1.0,1.0,1.0,1.0	-0.23880844,-0.35309157,1.1908116,0.42586595,0.5571922,-0.76241356,-1.0100399,-0.7354557,0.30283636,-0.706272,-0.29117548,0.21343791,-0.7806073,0.059225254,0.40739387,0.7192541,-0.07829505,-0.9023817,-0.69565827,0.2129548,0.0018451335,0.44815284,0.16466421,0.14228563
../data/train_data_mmini/8/Train_0036.jpg	8	1.0,-1.0,1.0,1.0,1.0,-1.0,-1.0,-1.0,-1.0,-1.0,-1.0,1.0,-1.0,-1.0,1.0,1.0,1.0,-1.0,-1.0,-1.0,1.0,-1.0,-1.0,-1.0	0.32820973,-0.8393947,1.2924434,0.40299773,0.38571632,-1.360433,-1.4106034,-0.46382168,-0.24160956,-0.846297,-1.1957761,0.28577536,-0.81571114,-0.69927204,0.49612713,0.27922413,0.21376681,-2.1511958,-0.6618439,-0.31275147,0.20014472,-0.6261916,-0.32505602,-0.8125353
../data/train_data_mmini/8/Train_0037.jpg	8	1.0,-1.0,1.0,1.0,1.0,-1.0,-1.0,1.0,-1.0,-1.0,-1.0,1.0,-1.0,-1.0,1.0,1.0,-1.0,-1.0,-1.0,-1.0,1.0,-1.0,-1.0,-1.0	0.9284664,-1.7740304,1.0455296,0.35388526,0.024070695,-1.2615035,-1.0774977,0.14868972,-0.50573313,-0.7627808,-0.5065136,1.000861,-0.22755964,-1.7116138,0.4131469,0.8814096,-0.0792484,-0.6716905,-0.14023398,-0.45269704,0.054648142,-0.3395567,-0.12086284,-1.5276265
../data/train_data_mmini/8/Train_0038.jpg	8	-1.0,-1.0,1.0,1.0,1.0,-1.0,-1.0,-1.0,1.0,-1.0,-1.0,1.0,-1.0,-1.0,1.0,1.0,1.0,-1.0,-1.0,1.0,1.0,1.0,-1.0,1.0	-0.21676216,-0.42105436,0.6278943,0.16443789,0.005728348,-0.39961582,-0.5273326,-0.24362469,0.103898056,-0.27545035,-0.23801357,0.1957066,-0.59970945,-0.020360537,0.6136872,0.52291983,0.13432565,-0.122116745,-0.16597106,0.37590626,0.16864906,0.619917,-0.019468663,0.07262706
../data/train_data_mmini/8/Train_0039.jpg	8	-1.0,-1.0,1.0,1.0,1.0,-1.0,-1.0,-1.0,1.0,-1.0,-1.0,1.0,-1.0,-1.0,1.0,1.0,-1.0,-1.0,-1.0,-1.0,1.0,-1.0,-1.0,-1.0	-0.036023457,-0.46928042,1.5135255,0.5209848,0.8190495,-1.2335757,-1.472137,-1.116442,0.18369101,-0.91395974,-0.6378514,0.0005373992,-1.0673106,-0.179066,0.3627323,0.6680694,-0.096663,-1.8216369,-1.029352,-0.10435202,0.11681597,-0.032091394,-0.02669674,-0.03926189
../data/train_data_mmini/9/Train_0040.jpg	9	-1.0,-1.0,-1.0,-1.0,-1.0,1.0,-1.0,1.0,-1.0,-1.0,-1.0,1.0,-1.0,-1.0,1.0,1.0,1.0,1.0,1.0,1.0,1.0,1.0,-1.0,-1.0	-0.0687456,-0.68153864,-0.0070291637,-0.03311739,-0.37662187,0.066672936,-0.13366875,0.36125812,-0.30185375,-0.029000837,-0.026813209,0.083970845,-0.1754675,-0.35421687,0.7291166,0.59262043,0.23159371,1.0923336,0.26236126,0.46719745,0.13127147,0.88757974,-0.14526665,-0.36722815
../data/train_data_mmini/9/Train_0041.jpg	9	1.0,-1.0,1.0,1.0,1.0,-1.0,-1.0,-1.0,-1.0,-1.0,-1.0,1.0,-1.0,-1.0,1.0,1.0,1.0,-1.0,-1.0,-1.0,1.0,-1.0,-1.0,-1.0	0.61890584,-0.97309715,1.031266,0.12755862,0.36874646,-1.0317278,-1.3157843,-0.29663175,-0.38198984,-0.66717964,-0.8437014,0.59891766,-0.49238962,-0.9952599,0.36630416,0.34864348,0.046420977,-1.5643046,-0.3202054,-0.35635132,0.3413676,-0.3055877,-0.2708109,-0.9156953
../data/train_data_mmini/9/Train_0042.jpg	9	1.0,-1.0,1.0,1.0,-1.0,-1.0,-1.0,1.0,-1.0,-1.0,1.0,1.0,1.0,-1.0,1.0,1.0,1.0,1.0,1.0,1.0,1.0,1.0,1.0,-1.0	0.32797763,-1.1944569,0.16042162,0.09601971,-0.4213495,-0.30417898,-0.22439954,0.48605922,-0.38043296,-0.14807342,0.2918117,0.48283452,0.057914577,-0.722463,0.65909964,1.1003836,0.0106005985,1.4414916,0.18966855,0.31579265,0.055830907,0.9322465,0.08234656,-0.93305486
../data/train_data_mmini/9/Train_0043.jpg	9	-1.0,-1.0,1.0,1.0,-1.0,-1.0,-1.0,1.0,1.0,-1.0,1.0,1.0,-1.0,1.0,1.0,1.0,1.0,1.0,-1.0,1.0,-1.0,1.0,1.0,1.0	-0.39266497,-0.37573317,0.41163957,0.08675607,-0.15063433,-0.106030464,-0.23117903,0.15276614,0.18476455,-0.10552718,0.12120032,0.17148274,-0.4838082,0.3929715,0.7077919,0.69432455,0.22041239,0.67580485,-0.18531996,0.6849327,-0.15126978,0.90272874,0.10761857,0.124886446
../data/train_data_mmini/9/Train_0044.jpg	9	-1.0,1.0,1.0,-1.0,1.0,1.0,-1.0,-1.0,-1.0,1.0,-1.0,-1.0,-1.0,1.0,1.0,-1.0,1.0,-1.0,1.0,1.0,1.0,1.0,-1.0,1.0	-0.56160146,0.21242478,0.027004134,-0.15836293,0.02746667,0.009276537,-0.4176856,-0.5613408,-0.14449115,0.033835035,-0.6238523,-0.7356003,-0.8159201,0.1314424,0.7054889,-0.19385694,0.49830022,-0.35541326,0.1495495,0.25599495,0.62995785,0.6083789,-0.61372256,0.4521168
../data/train_data_mmini/10/Train_0045.jpg	10	1.0,-1.0,1.0,1.0,1.0,-1.0,-1.0,-1.0,1.0,-1.0,-1.0,1.0,-1.0,1.0,1.0,1.0,-1.0,-1.0,-1.0,1.0,1.0,-1.0,-1.0,-1.0	0.037276935,-0.34105054,1.7654661,0.63417727,1.0910527,-1.3881105,-1.7931142,-1.3216488,0.2684735,-1.1559563,-1.0920994,0.23921543,-1.1973779,0.012577422,0.3088733,0.5853909,-0.13285011,-2.8787203,-1.4479398,0.009932257,0.0825948,-0.3339576,-0.032686647,-0.021644127
../data/train_data_mmini/10/Train_0046.jpg	10	1.0,-1.0,1.0,1.0,1.0,-1.0,-1.0,-1.0,-1.0,-1.0,-1.0,1.0,-1.0,-1.0,1.0,1.0,1.0,-1.0,-1.0,-1.0,1.0,1.0,-1.0,-1.0	0.03875697,-0.6925116,0.36287355,0.18282738,0.08900632,-0.48283583,-0.56984305,-0.47627887,-0.21935332,-0.18102829,-0.2126779,0.017803017,-0.4723991,-0.52636266,0.38864493,0.5628689,0.086091235,-0.030447066,-0.15887919,-0.15467621,0.18749101,0.2322747,-0.07013768,-0.22232182
../data/train_data_mmini/10/Train_0047.jpg	10	-1.0,-1.0,1.0,1.0,1.0,-1.0,-1.0,-1.0,1.0,-1.0,-1.0,1.0,-1.0,-1.0,1.0,1.0,-1.0,-1.0,-1.0,1.0,-1.0,1.0,1.0,-1.0	-0.036653627,-0.7010805,1.2511853,0.42598227,0.49537963,-0.84196395,-1.1403518,-0.57413787,0.09984098,-0.80457306,-0.5099191,0.1852184,-0.73710203,-0.20300603,0.45089167,0.9188013,-0.0642291,-0.96008825,-0.7966587,0.13547577,-0.14119329,0.14204727,0.10020131,-0.13033088
../data/train_data_mmini/10/Train_0048.jpg	10	-1.0,1.0,1.0,1.0,1.0,-1.0,-1.0,-1.0,1.0,-1.0,-1.0,-1.0,-1.0,1.0,1.0,1.0,1.0,-1.0,-1.0,1.0,1.0,1.0,-1.0,1.0	-0.78847927,0.86834425,0.8698446,0.31882674,0.77588326,-0.32593238,-1.0170612,-1.2907001,0.3199045,-0.53617907,-0.90586823,-0.9364925,-1.2585431,1.1220549,0.4166662,0.07272108,0.17425409,-1.7972387,-0.75916886,0.40202668,0.5416431,0.59488577,-0.20672673,1.0443769
../data/train_data_mmini/10/Train_0049.jpg	10	1.0,-1.0,1.0,1.0,1.0,-1.0,-1.0,-1.0,1.0,-1.0,-1.0,1.0,-1.0,-1.0,1.0,1.0,-1.0,-1.0,-1.0,1.0,-1.0,1.0,1.0,-1.0	0.058955427,-0.72759944,1.3198217,0.46422473,0.5412925,-1.0528114,-1.1798439,-0.64150524,0.14235745,-0.8193459,-0.33573264,0.45389807,-0.70322454,-0.31784776,0.39183158,0.85109496,-0.13830331,-1.0798519,-0.7455666,0.03396178,-0.044528265,0.121956214,0.16179305,-0.22567602
