../data/train_data_mmini/1/Train_0000.jpg	1	1.0,1.0,1.0,1.0,-1.0,1.0,1.0,1.0	0.16258222,2.3013794,0.89076537,1.270557,-0.7458849,0.13966185,2.7820945,1.8157578
../data/train_data_mmini/1/Train_0001.jpg	1	-1.0,1.0,1.0,1.0,-1.0,1.0,1.0,1.0	-0.7996067,2.1495948,1.0666931,1.6083874,-1.0260375,0.47853556,2.3126416,1.9348993
../data/train_data_mmini/1/Train_0002.jpg	1	-1.0,-1.0,1.0,1.0,1.0,1.0,1.0,1.0	-0.9854646,-1.5035102,2.5109928,1.04387,1.7051154,1.4689178,1.171369,1.427377
../data/train_data_mmini/1/Train_0003.jpg	1	1.0,1.0,1.0,1.0,-1.0,-1.0,1.0,1.0	1.0660574,3.988065,0.053534914,1.1310855,-1.8958387,-0.5122337,3.504603,1.8660324
../data/train_data_mmini/1/Train_0004.jpg	1	1.0,1.0,1.0,1.0,-1.0,-1.0,1.0,1.0	0.7003494,2.7481387,0.46887743,1.5367609,-1.3237425,-0.11298186,3.2308023,2.1891143
../data/train_data_mmini/2/Train_0005.jpg	2	-1.0,-1.0,1.0,-1.0,1.0,1.0,1.0,1.0	-0.74505436,-0.46288908,1.8179033,-0.035910964,1.2914044,0.7281821,0.9318649,0.7733073
../data/train_data_mmini/2/Train_0006.jpg	2	1.0,-1.0,1.0,-1.0,1.0,1.0,1.0,1.0	0.35085118,-1.2905581,2.414169,-0.29881006,2.0033615,0.36219427,1.1467563,0.9276702
../data/train_data_mmini/2/Train_0007.jpg	2	1.0,1.0,1.0,1.0,-1.0,-1.0,1.0,1.0	0.6087862,3.202994,0.23134926,1.4065508,-1.675593,-0.2020612,3.1759212,2.0888534
../data/train_data_mmini/2/Train_0008.jpg	2	1.0,1.0,1.0,1.0,1.0,-1.0,1.0,1.0	1.482898,0.036041677,1.4152598,0.2547896,1.1175376,-0.15445817,2.2721884,1.4388006
../data/train_data_mmini/2/Train_0009.jpg	2	-1.0,-1.0,1.0,-1.0,1.0,1.0,1.0,1.0	-0.6346048,-0.71115434,2.521466,-0.74578756,2.5212386,1.0600896,1.1767359,0.58368415
../data/train_data_mmini/3/Train_0010.jpg	3	-1.0,-1.0,1.0,1.0,1.0,1.0,1.0,1.0	-0.3780798,-0.62838554,1.3281783,0.4732759,0.7537532,0.35531208,0.93692976,1.1963394
../data/train_data_mmini/3/Train_0011.jpg	3	-1.0,-1.0,1.0,1.0,1.0,1.0,1.0,1.0	-2.302044,-3.303162,3.5645366,0.8429685,2.7485418,3.1880848,0.7712546,2.0726113
../data/train_data_mmini/3/Train_0012.jpg	3	-1.0,-1.0,1.0,-1.0,1.0,1.0,1.0,1.0	-1.9601623,-1.5042586,3.1554282,-0.08469006,2.6703963,2.4728253,1.0141574,0.98846835
../data/train_data_mmini/3/Train_0013.jpg	3	1.0,-1.0,1.0,-1.0,1.0,1.0,1.0,1.0	1.2649752,-2.0080235,2.690306,-0.47330308,2.8976438,0.3692471,1.6342324,1.1090429
../data/train_data_mmini/3/Train_0014.jpg	3	-1.0,-1.0,1.0,1.0,1.0,1.0,1.0,1.0	-0.13616076,-1.1570013,1.9454312,1.0909564,1.0458698,0.8362901,1.4871039,1.6665361
../data/train_data_mmini/4/Train_0015.jpg	4	1.0,-1.0,1.0,1.0,1.0,1.0,1.0,1.0	0.2042023,-0.976202,2.386543,0.21802586,2.2380571,1.0689806,2.0250697,1.2734985
../data/train_data_mmini/4/Train_0016.jpg	4	-1.0,1.0,1.0,-1.0,1.0,1.0,1.0,1.0	-0.6890561,0.470236,1.360265,-0.12598772,0.47607455,0.28913864,0.8636807,0.5351493
../data/train_data_mmini/4/Train_0017.jpg	4	-1.0,-1.0,1.0,-1.0,1.0,1.0,1.0,1.0	-0.94303805,-3.5922325,4.13551,-1.5778157,3.5960684,1.7527361,0.3838923,0.9283281
../data/train_data_mmini/4/Train_0018.jpg	4	-1.0,-1.0,1.0,1.0,1.0,1.0,1.0,1.0	-0.48863935,-0.3505411,1.3777986,0.3174102,0.6507484,0.36671183,0.9593256,0.93142587
../data/train_data_mmini/4/Train_0019.jpg	4	-1.0,-1.0,1.0,1.0,1.0,1.0,1.0,1.0	-0.31268036,-0.66458964,1.9302685,0.5843256,1.0307406,0.52634346,1.2069718,1.369587
../data/train_data_mmini/5/Train_0020.jpg	5	1.0,1.0,1.0,1.0,-1.0,-1.0,1.0,1.0	0.19918722,3.4921405,0.29586363,1.2576617,-1.7424957,-0.14004233,2.9933598,1.8351719
../data/train_data_mmini/5/Train_0021.jpg	5	1.0,1.0,1.0,1.0,1.0,1.0,1.0,1.0	1.0144135,0.6676829,1.8107414,1.0810368,1.150192,0.43550047,3.2665415,2.0741167
../data/train_data_mmini/5/Train_0022.jpg	5	1.0,1.0,1.0,1.0,-1.0,-1.0,1.0,1.0	1.299308,2.5551033,0.45840922,0.7156215,-0.8483037,-0.4805439,3.0227973,1.604609
../data/train_data_mmini/5/Train_0023.jpg	5	1.0,1.0,-1.0,1.0,-1.0,-1.0,1.0,1.0	1.3237921,4.471177,-0.33218518,1.2263789,-2.3972137,-0.6985929,3.566016,1.9276698
../data/train_data_mmini/5/Train_0024.jpg	5	-1.0,1.0,1.0,1.0,1.0,1.0,1.0,1.0	-0.7127737,0.046676278,1.8352511,0.91489464,1.3216242,1.1659606,2.0574036,1.708781
../data/train_data_mmini/6/Train_0025.jpg	6	-1.0,-1.0,1.0,-1.0,1.0,1.0,1.0,1.0	-1.1224368,-3.0520267,3.8738325,-1.7850041,3.7297835,1.8135157,0.47986096,0.65541995
../data/train_data_mmini/6/Train_0026.jpg	6	-1.0,-1.0,1.0,1.0,1.0,1.0,1.0,1.0	-2.6184802,-0.72981167,2.4322138,1.3371158,0.8177912,1.8436618,0.71157855,1.8356864
../data/train_data_mmini/6/Train_0027.jpg	6	-1.0,-1.0,1.0,-1.0,1.0,1.0,1.0,1.0	-1.3661218,-2.0746055,2.953245,-0.859281,2.6157587,1.7327557,0.4369704,0.98501295
../data/train_data_mmini/6/Train_0028.jpg	6	-1.0,-1.0,1.0,1.0,1.0,1.0,1.0,1.0	-1.2330645,-2.6707287,2.5800085,1.9490196,1.3024154,1.9122112,0.9515,2.3709226
../data/train_data_mmini/6/Train_0029.jpg	6	1.0,-1.0,1.0,-1.0,1.0,1.0,1.0,-1.0	0.9283631,-2.2739358,3.913994,-3.6532695,4.768593,0.4678261,0.98286444,-0.5153453
../data/train_data_mmini/7/Train_0030.jpg	7	-1.0,1.0,1.0,-1.0,1.0,1.0,1.0,1.0	-0.86501545,0.37541866,2.084154,-0.12821883,1.3446274,0.922333,1.4692711,0.6738493
../data/train_data_mmini/7/Train_0031.jpg	7	1.0,-1.0,1.0,-1.0,1.0,1.0,1.0,1.0	0.5065395,-0.7373562,2.0051582,-0.83427316,2.099706,0.2448425,1.1789104,0.6271157
../data/train_data_mmini/7/Train_0032.jpg	7	-1.0,-1.0,1.0,-1.0,1.0,1.0,1.0,1.0	-0.91210365,-3.3147092,3.7713912,-1.2591193,3.7037437,2.177631,0.8625278,1.2287526
../data/train_data_mmini/7/Train_0033.jpg	7	-1.0,-1.0,1.0,1.0,1.0,1.0,1.0,1.0	-2.1798377,-0.3817488,2.222666,0.11655804,1.3659256,1.4936173,0.4099512,0.90416807
../data/train_data_mmini/7/Train_0034.jpg	7	-1.0,-1.0,1.0,1.0,1.0,1.0,1.0,1.0	-1.5079633,-4.0388155,3.0854127,0.6057609,2.5866551,2.7317383,0.5402897,2.3467422
../data/train_data_mmini/8/Train_0035.jpg	8	1.0,-1.0,1.0,-1.0,1.0,1.0,1.0,1.0	0.6904672,-2.8432872,3.5201464,-1.8942927,4.0832644,1.056744,1.36981,0.5595293
../data/train_data_mmini/8/Train_0036.jpg	8	-1.0,-1.0,1.0,-1.0,1.0,1.0,1.0,1.0	-0.33445954,-3.1208005,3.8975744,-1.9704143,3.5979166,1.3468585,0.59069616,0.5686128
../data/train_data_mmini/8/Train_0037.jpg	8	-1.0,-1.0,1.0,-1.0,1.0,1.0,1.0,1.0	-1.718702,-3.269109,3.896725,-0.7296933,3.225293,2.396802,0.41810447,1.4936266
../data/train_data_mmini/8/Train_0038.jpg	8	1.0,-1.0,1.0,-1.0,1.0,1.0,1.0,1.0	0.57218945,-1.5927691,2.6734982,-1.0424092,3.0729258,0.70148146,1.3967246,0.7136437
../data/train_data_mmini/8/Train_0039.jpg	8	-1.0,-1.0,1.0,-1.0,1.0,1.0,1.0,1.0	-0.3878283,-3.9212055,4.7388554,-2.9582167,5.12045,1.5952716,0.6244115,0.2502495
../data/train_data_mmini/9/Train_0040.jpg	9	1.0,-1.0,1.0,1.0,1.0,1.0,1.0,1.0	0.36120856,-0.1863161,1.9327285,0.8761213,1.4749764,0.71835434,2.4675314,1.8545456
../data/train_data_mmini/9/Train_0041.jpg	9	-1.0,1.0,1.0,1.0,1.0,1.0,1.0,1.0	-2.116578,0.14482123,1.484076,1.0360852,0.34243143,1.1473566,0.5894282,1.3972776
../data/train_data_mmini/9/Train_0042.jpg	9	-1.0,-1.0,1.0,1.0,1.0,1.0,1.0,1.0	-0.04903829,-0.52236545,1.9747728,0.5942224,1.8248179,0.98765147,2.0914345,1.600918
../data/train_data_mmini/9/Train_0043.jpg	9	1.0,-1.0,1.0,1.0,1.0,1.0,1.0,1.0	0.74094814,-0.38127422,2.0638697,0.24004725,1.5594946,0.32427916,2.1335585,1.320113
../data/train_data_mmini/9/Train_0044.jpg	9	1.0,-1.0,1.0,-1.0,1.0,1.0,1.0,1.0	0.40338266,-1.7445707,3.3976371,-1.9908223,4.0347123,1.1048336,1.4033653,0.25650918
../data/train_data_mmini/10/Train_0045.jpg	10	-1.0,-1.0,1.0,-1.0,1.0,1.0,1.0,1.0	-0.89129674,-4.843825,5.1711755,-3.315567,5.6050167,1.7045782,0.21057464,0.37295467
../data/train_data_mmini/10/Train_0046.jpg	10	-1.0,-1.0,1.0,-1.0,1.0,1.0,1.0,1.0	-0.8734932,-3.5006435,3.937565,-2.238766,4.181643,1.5043025,0.2406352,0.33457017
../data/train_data_mmini/10/Train_0047.jpg	10	-1.0,-1.0,1.0,-1.0,1.0,1.0,1.0,1.0	-0.02804783,-4.32767,4.607913,-2.246691,4.5234528,1.6515695,0.7143061,0.85871327
../data/train_data_mmini/10/Train_0048.jpg	10	-1.0,-1.0,1.0,-1.0,1.0,1.0,1.0,1.0	-0.08311966,-3.579931,4.5390353,-3.3180988,5.0338354,1.28574,0.47047997,0.04860562
../data/train_data_mmini/10/Train_0049.jpg	10	-1.0,-1.0,1.0,-1.0,1.0,1.0,1.0,1.0	-0.5629295,-4.00062,4.5537167,-2.3462446,4.715823,1.7832439,0.6592706,0.6469996
