../data/train_data_mmini/1/Train_0000.jpg	1	-1.0,1.0,-1.0,1.0,1.0,1.0,1.0,1.0,-1.0,-1.0,1.0,-1.0,-1.0,-1.0,1.0,1.0,-1.0,1.0,-1.0,1.0,1.0,-1.0,-1.0,1.0	-0.46580523,7.2393456,-0.92778665,0.17362839,0.87870675,0.24952354,1.13316,0.3553211,-0.47782522,-0.46050867,0.72193325,-0.0012813038,-1.2957764,-0.33402747,2.6936038,0.08715073,-0.44779143,0.29109243,-0.25267938,0.9210571,2.0989647,-0.46541733,-0.8172357,2.1395712
../data/train_data_mmini/1/Train_0001.jpg	1	-1.0,1.0,-1.0,1.0,1.0,-1.0,1.0,1.0,-1.0,-1.0,1.0,1.0,-1.0,-1.0,1.0,1.0,-1.0,1.0,-1.0,1.0,1.0,-1.0,-1.0,1.0	-0.5162375,7.49712,-1.1390692,0.4190865,0.86358684,-0.08869217,1.4035511,0.6169979,-0.60889083,-0.2322744,0.6865814,0.050826926,-1.5450132,-0.5096116,2.727811,0.02864041,-0.4925135,0.17010143,-0.27953148,0.98411477,2.0994396,-0.19322297,-0.55414355,2.3645613
../data/train_data_mmini/1/Train_0002.jpg	1	-1.0,1.0,-1.0,1.0,1.0,-1.0,1.0,1.0,-1.0,-1.0,1.0,-1.0,-1.0,-1.0,1.0,-1.0,-1.0,1.0,-1.0,1.0,1.0,-1.0,-1.0,1.0	-0.34280837,6.067502,-0.78406805,0.14130941,1.0071213,-0.14731295,1.0028901,0.48626968,-0.2663273,-0.24415801,0.36654967,-0.2449361,-1.3788813,-0.4181714,1.679897,-0.24729793,-0.52858025,0.03926388,-0.38877356,1.2468283,1.8832932,-0.108192325,-0.7936603,2.5567968
../data/train_data_mmini/1/Train_0003.jpg	1	-1.0,1.0,-1.0,1.0,1.0,1.0,1.0,1.0,-1.0,-1.0,1.0,1.0,-1.0,-1.0,1.0,1.0,-1.0,1.0,-1.0,1.0,1.0,-1.0,-1.0,1.0	-0.44583052,7.510565,-0.97602886,0.08264923,0.85195714,0.38177568,1.0289401,0.34855705,-0.5549693,-0.32353082,0.69377047,0.06915374,-1.3035576,-0.25374126,2.814155,0.06677198,-0.39678785,0.4508997,-0.26126033,1.1109039,2.2360308,-0.48773262,-0.91709733,2.267148
../data/train_data_mmini/1/Train_0004.jpg	1	-1.0,1.0,-1.0,-1.0,1.0,1.0,1.0,1.0,-1.0,-1.0,1.0,-1.0,-1.0,-1.0,1.0,1.0,-1.0,1.0,-1.0,1.0,1.0,-1.0,-1.0,1.0	-0.35545236,7.6917343,-0.8711915,-0.19966471,0.8205837,0.59745115,0.8966157,0.39913207,-0.5449615,-0.29549393,0.80681944,-0.06732176,-1.394248,-0.32605088,2.7765753,0.014110496,-0.41889545,0.48983124,-0.26137885,1.062178,2.4748201,-0.43073168,-1.1040289,2.3579435
../data/train_data_mmini/2/Train_0005.jpg	2	-1.0,1.0,-1.0,1.0,1.0,1.0,1.0,1.0,-1.0,-1.0,1.0,1.0,-1.0,-1.0,1.0,-1.0,-1.0,-1.0,-1.0,1.0,1.0,-1.0,-1.0,1.0	-0.4124967,7.2866297,-1.1593971,0.32694936,0.69520944,0.07909246,1.3951315,0.67156744,-0.56304246,-0.1596581,0.53212655,0.00987141,-1.5056233,-0.62721944,2.3723862,-0.10580105,-0.40679565,-0.08642348,-0.2860328,1.0340925,2.1906734,-0.022706091,-0.6685252,2.5430732
../data/train_data_mmini/2/Train_0006.jpg	2	-1.0,1.0,-1.0,1.0,1.0,-1.0,1.0,1.0,-1.0,-1.0,1.0,1.0,-1.0,-1.0,1.0,-1.0,-1.0,1.0,-1.0,1.0,1.0,1.0,-1.0,1.0	-0.3906179,6.70302,-0.91346693,0.8139304,1.1124254,-0.23829381,1.4078445,0.640312,-0.71936744,-0.2453634,0.21560007,0.023958283,-1.4276855,-0.9174087,2.036286,-0.115902565,-0.38656357,0.07163832,-0.5774473,1.2944897,1.8534348,0.1800572,-0.5404594,2.8067286
../data/train_data_mmini/2/Train_0007.jpg	2	-1.0,1.0,-1.0,-1.0,1.0,1.0,1.0,1.0,-1.0,-1.0,1.0,1.0,-1.0,-1.0,1.0,-1.0,-1.0,1.0,-1.0,1.0,1.0,-1.0,-1.0,1.0	-0.49146616,7.9520817,-0.9485042,-0.19678187,0.8465335,0.6644936,0.6708378,0.22554018,-0.51069814,-0.38445967,0.6540992,0.039424438,-1.2960045,-0.25526056,2.8721948,-0.098595805,-0.5476516,0.6899534,-0.24482402,1.2300373,2.606923,-0.5915693,-1.3047155,2.4010253
../data/train_data_mmini/2/Train_0008.jpg	2	-1.0,1.0,-1.0,1.0,1.0,-1.0,1.0,1.0,-1.0,-1.0,1.0,-1.0,-1.0,-1.0,1.0,-1.0,-1.0,1.0,-1.0,1.0,1.0,-1.0,-1.0,1.0	-0.41461653,6.7400017,-0.94262123,0.34782338,0.9965566,-0.16396217,0.96622896,0.48793146,-0.3753652,-0.39097056,0.3890474,-0.25278947,-1.400224,-0.65473723,1.9636929,-0.0629831,-0.74832535,0.2898735,-0.30173624,1.2216681,2.0939853,-0.011435361,-0.9129456,2.5507865
../data/train_data_mmini/2/Train_0009.jpg	2	-1.0,1.0,-1.0,1.0,1.0,-1.0,1.0,1.0,-1.0,-1.0,1.0,-1.0,-1.0,-1.0,1.0,-1.0,-1.0,-1.0,-1.0,1.0,1.0,-1.0,-1.0,1.0	-0.63065904,8.943871,-1.3940119,0.38744447,0.9841853,-0.01432185,1.7376113,0.4213628,-0.6684,-0.43337062,1.1966103,-0.042584937,-1.8180107,-0.42157286,3.3375373,-0.16472335,-0.24413021,-0.065605424,-0.48255065,0.86683595,2.388883,-0.44114754,-0.5570125,2.3783014
../data/train_data_mmini/3/Train_0010.jpg	3	-1.0,1.0,-1.0,1.0,1.0,-1.0,1.0,1.0,-1.0,-1.0,1.0,-1.0,-1.0,-1.0,1.0,-1.0,-1.0,1.0,-1.0,1.0,1.0,1.0,-1.0,1.0	-0.20624766,6.0198307,-0.9803179,0.5181868,0.98678094,-0.4570883,1.0936544,0.5263589,-0.33196113,-0.1278134,0.2607477,-0.51909834,-1.519437,-0.6600036,1.1276718,-0.31828696,-0.4740059,0.15241548,-0.5670352,1.2937077,2.1390305,0.44143757,-0.76474386,2.8095617
../data/train_data_mmini/3/Train_0011.jpg	3	-1.0,1.0,-1.0,-1.0,1.0,1.0,1.0,1.0,-1.0,1.0,1.0,-1.0,-1.0,-1.0,1.0,-1.0,-1.0,-1.0,-1.0,1.0,1.0,-1.0,-1.0,1.0	-0.32211983,6.541913,-0.7470705,-0.16128507,0.61256915,0.19352473,1.1529186,0.7254018,-0.56586087,0.048257466,0.5786793,-0.23130314,-1.4624419,-0.32693478,2.0759735,-0.057011046,-0.49290678,-0.061638795,-0.44052905,0.8847737,1.8637787,-0.17959446,-0.663759,2.2629418
../data/train_data_mmini/3/Train_0012.jpg	3	-1.0,1.0,-1.0,-1.0,1.0,1.0,1.0,1.0,-1.0,1.0,1.0,1.0,-1.0,-1.0,1.0,-1.0,-1.0,-1.0,-1.0,1.0,1.0,-1.0,-1.0,1.0	-0.5969319,7.8854046,-0.7683357,-0.13182366,0.49507746,0.4628964,1.3492813,0.64511806,-0.9442013,0.21268953,1.083921,0.23663308,-1.4034185,-0.17321692,2.9179792,-0.22161499,-0.17247634,-0.07897233,-0.4622475,1.00849,2.178765,-0.47559038,-0.6704096,2.337706
../data/train_data_mmini/3/Train_0013.jpg	3	-1.0,1.0,-1.0,1.0,1.0,-1.0,1.0,1.0,-1.0,-1.0,1.0,-1.0,-1.0,-1.0,1.0,-1.0,-1.0,1.0,-1.0,1.0,1.0,1.0,-1.0,1.0	-0.35024375,6.8722153,-0.9931877,0.73327374,1.0517696,-0.38483322,1.3762943,0.58321434,-0.48853758,-0.29945332,0.24152245,-0.047995906,-1.5337548,-0.9363987,1.8764545,-0.041525446,-0.7561566,0.084988125,-0.5022547,1.4749542,2.0857296,0.37141472,-0.7240376,2.9533644
../data/train_data_mmini/3/Train_0014.jpg	3	-1.0,1.0,-1.0,1.0,1.0,1.0,1.0,1.0,-1.0,-1.0,1.0,-1.0,-1.0,-1.0,1.0,-1.0,-1.0,-1.0,-1.0,1.0,1.0,-1.0,-1.0,1.0	-0.32666218,7.526148,-1.090158,0.2725812,0.654155,0.09378554,1.6014502,0.6898361,-0.629509,-0.12199314,0.72936,-0.10946415,-1.5731148,-0.66969115,2.6071565,-0.14922486,-0.30531362,-0.13897899,-0.38112736,0.89770806,2.3712063,-0.14425349,-0.7444804,2.4241092
../data/train_data_mmini/4/Train_0015.jpg	4	-1.0,1.0,-1.0,1.0,1.0,1.0,1.0,1.0,-1.0,-1.0,1.0,1.0,-1.0,-1.0,1.0,-1.0,-1.0,1.0,-1.0,1.0,1.0,-1.0,-1.0,1.0	-0.616838,7.0622206,-0.94335526,0.21811834,0.87854403,0.27205288,0.846433,0.40758988,-0.50375044,-0.46126714,0.38479033,0.06752117,-1.3838644,-0.3852272,2.1901083,-0.028642828,-0.6781271,0.12768105,-0.39188272,1.28376,2.080562,-0.3107106,-1.0935895,2.6067626
../data/train_data_mmini/4/Train_0016.jpg	4	-1.0,1.0,-1.0,1.0,1.0,-1.0,1.0,1.0,-1.0,-1.0,1.0,1.0,-1.0,-1.0,1.0,-1.0,-1.0,-1.0,-1.0,1.0,1.0,-1.0,-1.0,1.0	-0.32573813,6.053973,-1.0021282,0.53926146,0.51714694,-0.30241773,1.4588562,0.5982852,-0.38159826,-0.28585276,0.44895846,0.10925762,-1.183417,-0.51000804,2.039009,-0.117008455,-0.38142216,-0.1637078,-0.21689554,1.0876112,1.7872616,-0.17494333,-0.14498222,1.9567797
../data/train_data_mmini/4/Train_0017.jpg	4	-1.0,1.0,-1.0,1.0,1.0,-1.0,1.0,1.0,-1.0,-1.0,1.0,-1.0,-1.0,-1.0,1.0,-1.0,-1.0,-1.0,-1.0,1.0,1.0,1.0,-1.0,1.0	-0.46476978,7.713008,-1.0674486,0.9403948,1.1130999,-0.4531154,1.9056337,0.8193397,-0.95426404,-0.095018685,0.7686027,-0.048374098,-1.8059895,-0.936313,2.2169278,-0.19686703,-0.39229915,-0.147149,-0.88847315,1.6701603,1.9164636,0.27368912,-0.22550198,3.1492338
../data/train_data_mmini/4/Train_0018.jpg	4	-1.0,1.0,-1.0,1.0,1.0,-1.0,1.0,1.0,-1.0,-1.0,1.0,-1.0,-1.0,-1.0,1.0,-1.0,-1.0,-1.0,-1.0,1.0,1.0,1.0,-1.0,1.0	-0.35178754,5.7818413,-0.8962926,0.43390182,0.78868127,-0.19363086,1.0696298,0.55776167,-0.24217659,-0.13273512,0.3864203,-0.20986198,-1.3318046,-0.45706713,1.6047864,-0.11464841,-0.36132395,-0.22288004,-0.40813318,0.8583894,1.7225909,0.0127820065,-0.4551547,2.221686
../data/train_data_mmini/4/Train_0019.jpg	4	-1.0,1.0,-1.0,1.0,1.0,-1.0,1.0,1.0,-1.0,-1.0,1.0,1.0,-1.0,-1.0,1.0,-1.0,-1.0,1.0,-1.0,1.0,1.0,1.0,-1.0,1.0	-0.15853113,6.696063,-1.0299535,0.5751487,1.0531465,-0.04561521,1.3024902,0.7234178,-0.83153266,-0.07549138,0.14720738,0.22491227,-1.616874,-0.94936436,2.0007198,-0.21345411,-0.6534454,0.27146587,-0.26401782,1.5430056,2.2297733,0.33842587,-0.8138373,3.0696855
../data/train_data_mmini/5/Train_0020.jpg	5	-1.0,1.0,-1.0,1.0,1.0,1.0,1.0,1.0,-1.0,-1.0,1.0,-1.0,-1.0,-1.0,1.0,-1.0,-1.0,1.0,-1.0,1.0,1.0,-1.0,-1.0,1.0	-0.5257688,8.151781,-1.1135476,0.061819226,0.8797055,0.41095105,1.043512,0.4055275,-0.6165434,-0.344554,0.80683845,-0.016401751,-1.4922018,-0.32605526,3.040588,-0.12890422,-0.40444425,0.43003616,-0.24746293,1.2325503,2.59763,-0.45386428,-1.1027712,2.5474505
../data/train_data_mmini/5/Train_0021.jpg	5	-1.0,1.0,-1.0,1.0,1.0,1.0,1.0,1.0,-1.0,-1.0,1.0,1.0,-1.0,-1.0,1.0,1.0,-1.0,1.0,-1.0,1.0,1.0,-1.0,-1.0,1.0	-0.5743788,8.95574,-1.1526241,0.1503874,1.040072,0.40903997,1.2778482,0.5145065,-0.76168925,-0.40549734,0.70398116,0.06637491,-1.7048886,-0.53506655,3.1236453,0.033173196,-0.64348245,0.3352019,-0.34278992,1.3461889,2.7748983,-0.3678771,-1.1433572,2.931017
../data/train_data_mmini/5/Train_0022.jpg	5	-1.0,1.0,-1.0,-1.0,1.0,1.0,1.0,1.0,-1.0,-1.0,1.0,1.0,-1.0,-1.0,1.0,-1.0,-1.0,1.0,-1.0,1.0,1.0,-1.0,-1.0,1.0	-0.4156367,7.6430426,-0.97532505,-0.035573542,0.9379869,0.4434008,0.8233775,0.23163377,-0.47296453,-0.46402708,0.66213393,0.0147819985,-1.3858628,-0.38246903,2.7702706,-0.1107656,-0.50680476,0.5390119,-0.22186702,1.0037085,2.3147473,-0.51544386,-0.9674472,2.1713445
../data/train_data_mmini/5/Train_0023.jpg	5	-1.0,1.0,-1.0,-1.0,1.0,1.0,1.0,1.0,-1.0,-1.0,1.0,1.0,-1.0,-1.0,1.0,-1.0,-1.0,1.0,-1.0,1.0,1.0,-1.0,-1.0,1.0	-0.48633963,7.444952,-0.9181422,-0.15927061,0.81562024,0.6120619,0.86011034,0.31212017,-0.52478224,-0.42211527,0.7803943,0.016904073,-1.2505682,-0.14816846,2.9370904,-0.08550758,-0.25721404,0.45544022,-0.14005738,1.0236475,2.2297285,-0.696567,-0.99019253,2.0395782
../data/train_data_mmini/5/Train_0024.jpg	5	-1.0,1.0,-1.0,-1.0,1.0,1.0,1.0,1.0,-1.0,-1.0,1.0,-1.0,-1.0,-1.0,1.0,-1.0,-1.0,1.0,-1.0,1.0,1.0,-1.0,-1.0,1.0	-0.5974849,8.088434,-0.7547546,-0.2281551,0.7983645,0.55369145,0.89505976,0.20937397,-0.6380214,-0.04602212,0.7348085,-0.008435829,-1.3401235,-0.18401428,2.6879377,-0.09139251,-0.4162665,0.36994383,-0.33336592,1.3773535,2.737585,-0.48050216,-1.366565,2.884209
../data/train_data_mmini/6/Train_0025.jpg	6	1.0,1.0,-1.0,-1.0,1.0,1.0,1.0,1.0,-1.0,1.0,1.0,1.0,-1.0,-1.0,1.0,-1.0,-1.0,1.0,-1.0,1.0,1.0,1.0,-1.0,1.0	0.07597023,6.609356,-0.61891395,-0.04803565,0.58797485,0.2546605,1.2678654,0.60067785,-0.6730321,0.35320273,0.271249,0.05854853,-1.487378,-0.5272709,1.7268385,-0.42916596,-0.37762734,0.5059817,-0.4885594,1.8718709,2.9539855,0.26542038,-1.05865,3.3610282
../data/train_data_mmini/6/Train_0026.jpg	6	-1.0,1.0,-1.0,1.0,1.0,-1.0,1.0,1.0,-1.0,-1.0,1.0,-1.0,-1.0,-1.0,1.0,-1.0,-1.0,1.0,-1.0,1.0,1.0,-1.0,-1.0,1.0	-0.6792508,7.6961966,-1.230293,0.54397357,1.2416514,-0.049774572,1.1077197,0.31516427,-0.6942368,-0.25776497,0.90558374,-0.10826711,-1.6119292,-0.2507943,2.5522032,-0.09535969,-0.330247,0.33320424,-0.5812026,1.2719342,2.1078408,-0.10510492,-0.8774858,2.708867
../data/train_data_mmini/6/Train_0027.jpg	6	-1.0,1.0,-1.0,1.0,1.0,-1.0,1.0,1.0,-1.0,1.0,1.0,-1.0,-1.0,-1.0,1.0,-1.0,-1.0,-1.0,-1.0,1.0,1.0,-1.0,-1.0,1.0	-0.26353127,6.225915,-1.0483737,0.22996119,0.4222066,-0.1877922,1.5593092,0.80173886,-0.5055044,0.04106095,0.64412075,-0.14952673,-1.4367397,-0.32070318,2.074457,-0.12715422,-0.16512083,-0.26560128,-0.30767047,0.75853616,1.9392806,-0.0973748,-0.25521836,1.9593525
../data/train_data_mmini/6/Train_0028.jpg	6	-1.0,1.0,-1.0,-1.0,1.0,1.0,1.0,1.0,-1.0,-1.0,1.0,-1.0,-1.0,-1.0,1.0,-1.0,-1.0,1.0,-1.0,1.0,1.0,-1.0,-1.0,1.0	-0.3025092,6.715644,-0.8540705,-0.07476205,0.75809026,0.17163055,0.9026653,0.42576846,-0.4741773,-0.07262534,0.6966504,-0.22219859,-1.3422605,-0.32997686,2.0951557,-0.207543,-0.580092,0.2163639,-0.25079638,1.066655,2.2125103,-0.20082337,-0.81224906,2.2808907
../data/train_data_mmini/6/Train_0029.jpg	6	-1.0,1.0,-1.0,1.0,1.0,-1.0,1.0,1.0,-1.0,-1.0,1.0,-1.0,-1.0,-1.0,1.0,-1.0,-1.0,1.0,-1.0,1.0,1.0,1.0,-1.0,1.0	-0.28347433,7.2487345,-1.0482857,0.4824352,1.098257,-0.20472948,1.2584635,0.34002098,-0.31371903,-0.33862165,0.40342674,-0.0037216968,-1.5087938,-0.5812425,2.0542216,-0.26802933,-0.5622439,0.18493512,-0.6330428,1.5950445,2.24372,0.17044654,-0.8807513,3.0042496
../data/train_data_mmini/7/Train_0030.jpg	7	-1.0,1.0,-1.0,1.0,1.0,1.0,1.0,1.0,-1.0,-1.0,1.0,1.0,-1.0,-1.0,1.0,-1.0,-1.0,1.0,-1.0,1.0,1.0,-1.0,-1.0,1.0	-0.6163949,8.703833,-1.3005329,0.35966805,0.8191201,0.23135562,1.5838978,0.5179501,-0.8136298,-0.5035696,0.8911053,0.34899732,-1.5780134,-0.4889398,3.6004815,-0.029744575,-0.3642306,0.15146014,-0.213294,0.9590005,2.3743536,-0.5369783,-0.5930012,2.2999022
../data/train_data_mmini/7/Train_0031.jpg	7	-1.0,1.0,-1.0,1.0,1.0,-1.0,1.0,1.0,-1.0,-1.0,1.0,-1.0,-1.0,-1.0,1.0,-1.0,-1.0,-1.0,-1.0,1.0,1.0,1.0,-1.0,1.0	-0.6067958,8.884694,-1.2565053,0.70835906,1.150153,-0.24522822,1.6967973,0.44833565,-0.83157915,-0.1139655,0.9252899,-0.06866704,-1.8851228,-0.6815313,2.6678963,-0.2228991,-0.44898,-0.036318384,-0.7079785,1.6024199,2.5917506,0.08847764,-0.7568234,3.3669686
../data/train_data_mmini/7/Train_0032.jpg	7	-1.0,1.0,-1.0,1.0,1.0,-1.0,1.0,1.0,-1.0,1.0,1.0,-1.0,-1.0,-1.0,1.0,-1.0,-1.0,-1.0,-1.0,1.0,1.0,1.0,-1.0,1.0	-0.5583456,8.056931,-1.2566688,0.46324953,0.62559736,-0.39861363,2.1029065,1.0814278,-0.8655209,0.20705684,1.0221368,-0.17422222,-1.8336303,-0.65422976,2.4218957,-0.2979906,-0.324236,-0.6768941,-0.46868607,1.1041001,2.4157856,0.013525336,-0.43622395,3.0205128
../data/train_data_mmini/7/Train_0033.jpg	7	-1.0,1.0,-1.0,1.0,1.0,1.0,1.0,1.0,-1.0,-1.0,1.0,1.0,-1.0,-1.0,1.0,-1.0,-1.0,1.0,-1.0,1.0,1.0,-1.0,-1.0,1.0	-0.6063558,8.022358,-1.1321194,0.35677037,0.7518654,0.1807533,1.4410259,0.47370094,-0.6932823,-0.02609742,0.9757418,0.044235755,-1.4296522,-0.31890848,2.9268951,-0.27904904,-0.13339199,6.905943e-05,-0.3866964,1.0577016,2.3441381,-0.42246887,-0.6939079,2.3948
../data/train_data_mmini/7/Train_0034.jpg	7	1.0,1.0,-1.0,-1.0,1.0,1.0,1.0,1.0,-1.0,1.0,1.0,-1.0,-1.0,-1.0,1.0,-1.0,-1.0,1.0,-1.0,1.0,1.0,1.0,-1.0,1.0	0.0106229745,6.341879,-0.66516227,-0.4659987,0.3905695,0.34651208,1.1105586,0.98006135,-0.51167494,0.5794015,0.20982973,-0.40308526,-1.3795794,-0.41537845,1.461837,-0.16834047,-0.61113095,0.21232471,-0.3014843,1.2265598,2.5626693,0.22348228,-0.98078835,2.962354
../data/train_data_mmini/8/Train_0035.jpg	8	-1.0,1.0,-1.0,1.0,1.0,1.0,1.0,1.0,-1.0,-1.0,1.0,-1.0,-1.0,-1.0,1.0,-1.0,-1.0,1.0,-1.0,1.0,1.0,-1.0,-1.0,1.0	-0.46861547,7.778694,-1.0711659,0.25389865,0.86624587,0.16013147,1.2460141,0.37347072,-0.5066545,-0.38784754,0.8301028,-0.07406019,-1.5647216,-0.46928713,2.5460308,-0.21731628,-0.45496476,0.12786433,-0.41280878,1.0166727,2.3284383,-0.21592727,-0.8221462,2.446652
../data/train_data_mmini/8/Train_0036.jpg	8	-1.0,1.0,-1.0,1.0,1.0,1.0,1.0,1.0,-1.0,-1.0,1.0,1.0,-1.0,-1.0,1.0,-1.0,-1.0,1.0,-1.0,1.0,1.0,-1.0,-1.0,1.0	-0.53999716,8.365534,-1.1198027,0.2060799,0.8972128,0.07970728,1.3973837,0.31056887,-0.6179093,-0.10657239,0.8553262,0.012421923,-1.6611052,-0.45104605,2.63659,-0.3638101,-0.3629128,0.086418904,-0.5595913,1.2578653,2.5809221,-0.12133777,-0.7890717,2.947572
../data/train_data_mmini/8/Train_0037.jpg	8	-1.0,1.0,-1.0,1.0,1.0,-1.0,1.0,1.0,-1.0,-1.0,1.0,-1.0,-1.0,-1.0,1.0,-1.0,-1.0,1.0,-1.0,1.0,1.0,-1.0,-1.0,1.0	-0.6650982,8.968887,-1.2564392,0.3705841,1.0460256,-0.05374132,1.3880994,0.4777703,-0.73544294,-0.15655784,0.67492646,-0.035590183,-1.8076125,-0.5423895,2.6580682,-0.20974942,-0.68118036,0.16204968,-0.71429557,1.5865227,2.6560817,-0.006161661,-0.98083377,3.3704746
../data/train_data_mmini/8/Train_0038.jpg	8	-1.0,1.0,-1.0,1.0,1.0,1.0,1.0,1.0,-1.0,-1.0,1.0,-1.0,-1.0,-1.0,1.0,-1.0,-1.0,1.0,-1.0,1.0,1.0,-1.0,-1.0,1.0	-0.36254126,7.8141108,-1.1875068,0.2466841,0.8264601,0.088089004,1.3085855,0.5135552,-0.45555243,-0.46192738,0.61317533,-0.092249975,-1.5879939,-0.54047674,2.5792744,-0.15813957,-0.5865893,0.17242536,-0.3247614,1.2344638,2.3811295,-0.18831101,-0.8055304,2.6899762
../data/train_data_mmini/8/Train_0039.jpg	8	-1.0,1.0,-1.0,1.0,1.0,1.0,1.0,1.0,-1.0,-1.0,1.0,-1.0,-1.0,-1.0,1.0,-1.0,-1.0,1.0,-1.0,1.0,1.0,-1.0,-1.0,1.0	-0.4177848,8.621857,-1.1780331,0.24890345,0.84607404,0.24296863,1.5560492,0.5034805,-0.52163297,-0.22699209,0.8882484,-0.00020225113,-1.7596036,-0.5435831,2.770565,-0.42605165,-0.4540107,0.016902365,-0.56141007,1.1014744,2.5576026,-0.17156684,-0.8593415,2.6803837
../data/train_data_mmini/9/Train_0040.jpg	9	-1.0,1.0,-1.0,1.0,1.0,1.0,1.0,1.0,-1.0,-1.0,1.0,1.0,-1.0,-1.0,1.0,-1.0,-1.0,1.0,-1.0,1.0,1.0,-1.0,-1.0,1.0	-0.58607554,9.164066,-1.1663723,0.115063876,1.0371338,0.44950426,1.0112929,0.4432961,-0.63964945,-0.33822945,0.6221205,0.018111663,-1.7006577,-0.54844487,3.006305,-0.10119105,-0.763506,0.47671553,-0.40063038,1.5544877,2.9186072,-0.339429,-1.3415251,3.1433902
../data/train_data_mmini/9/Train_0041.jpg	9	-1.0,1.0,-1.0,1.0,1.0,-1.0,1.0,1.0,-1.0,1.0,1.0,-1.0,-1.0,-1.0,1.0,-1.0,-1.0,-1.0,-1.0,1.0,1.0,1.0,-1.0,1.0	-0.44948345,7.624667,-1.1915693,0.3737675,0.76991415,-0.22729073,1.6296384,0.61952657,-0.7751493,0.09717183,0.85334694,-0.14290361,-1.6242945,-0.56508833,2.3664355,-0.32874712,-0.28267592,-0.16324875,-0.44398588,1.1605128,2.4242692,0.08859211,-0.6238852,2.66971
../data/train_data_mmini/9/Train_0042.jpg	9	-1.0,1.0,-1.0,1.0,1.0,1.0,1.0,1.0,-1.0,-1.0,1.0,1.0,-1.0,-1.0,1.0,-1.0,-1.0,1.0,-1.0,1.0,1.0,-1.0,-1.0,1.0	-0.5513517,7.847268,-0.8528185,0.009052603,0.9791687,0.22459091,0.86891747,0.4218385,-0.57253605,-0.19303432,0.30361876,0.01878895,-1.570074,-0.51429003,2.1593788,-0.031820767,-0.86572456,0.3092216,-0.47928393,1.6392977,2.685363,-0.102267474,-1.3605707,3.3290477
../data/train_data_mmini/9/Train_0043.jpg	9	-1.0,1.0,-1.0,1.0,1.0,1.0,1.0,1.0,-1.0,-1.0,1.0,-1.0,-1.0,-1.0,1.0,-1.0,-1.0,1.0,-1.0,1.0,1.0,-1.0,-1.0,1.0	-0.51946306,8.642399,-1.241506,0.366,1.1420146,0.18973632,1.1070427,0.4602233,-0.5038366,-0.5136933,0.5251818,-0.06323545,-1.7620629,-0.6829353,2.816088,-0.15588637,-0.73020583,0.43354794,-0.41370428,1.4035285,2.6855893,-0.16281632,-1.131291,2.945515
../data/train_data_mmini/9/Train_0044.jpg	9	-1.0,1.0,-1.0,1.0,1.0,1.0,1.0,1.0,-1.0,-1.0,1.0,-1.0,-1.0,-1.0,1.0,-1.0,-1.0,1.0,-1.0,1.0,1.0,1.0,-1.0,1.0	-0.49261862,8.405368,-1.110892,0.41186297,1.1063637,0.025340721,1.4768729,0.4935237,-0.59820205,-0.23107082,0.6220487,-0.071830735,-1.7824211,-0.6410987,2.563797,-0.28867203,-0.57234406,0.23312083,-0.5885299,1.662392,2.6736183,0.0141749075,-1.0439374,3.275404
../data/train_data_mmini/10/Train_0045.jpg	10	-1.0,1.0,-1.0,1.0,1.0,-1.0,1.0,1.0,-1.0,1.0,1.0,1.0,-1.0,-1.0,1.0,-1.0,-1.0,-1.0,-1.0,1.0,1.0,1.0,-1.0,1.0	-0.16226724,7.1111794,-1.1681592,0.30617723,0.42948171,-0.20294382,1.8439382,0.68712586,-0.47471994,0.10044655,0.7470632,0.015619891,-1.5540707,-0.5782026,1.722777,-0.496459,-0.31173578,-0.62322605,-0.77256376,0.9832424,2.202373,0.3399524,-0.3634109,2.6143086
../data/train_data_mmini/10/Train_0046.jpg	10	-1.0,1.0,-1.0,1.0,1.0,-1.0,1.0,1.0,-1.0,-1.0,1.0,-1.0,-1.0,-1.0,1.0,-1.0,-1.0,-1.0,-1.0,1.0,1.0,1.0,-1.0,1.0	-0.1521764,5.581609,-0.7455885,0.3334361,0.59726757,-0.10071339,1.3143026,0.61772555,-0.31569684,-0.1592025,0.1927565,-0.20149021,-1.3745613,-0.73020726,1.4594873,-0.17060204,-0.46232384,-0.027338766,-0.45424646,1.0408155,1.8578308,0.059562683,-0.55709237,2.2792764
../data/train_data_mmini/10/Train_0047.jpg	10	-1.0,1.0,-1.0,1.0,1.0,1.0,1.0,1.0,-1.0,1.0,1.0,-1.0,-1.0,-1.0,1.0,-1.0,-1.0,-1.0,-1.0,1.0,1.0,1.0,-1.0,1.0	-0.33071488,8.766106,-1.2456267,0.12552917,0.89661807,0.054681018,1.7229271,0.80516315,-0.68296635,0.023810234,0.5821491,-0.08281739,-1.9908495,-0.7385457,2.3534966,-0.42542782,-0.635177,-0.06259819,-0.65653837,1.5974627,2.9328125,0.19106522,-0.9868578,3.632093
../data/train_data_mmini/10/Train_0048.jpg	10	-1.0,1.0,-1.0,-1.0,1.0,1.0,1.0,1.0,-1.0,1.0,1.0,-1.0,-1.0,-1.0,1.0,-1.0,-1.0,-1.0,-1.0,1.0,1.0,-1.0,-1.0,1.0	-0.01577485,7.4033318,-0.86287695,-0.5459025,0.28735742,0.5159834,1.6916653,0.6885343,-0.5730911,0.1856205,0.824153,-0.079047784,-1.6897285,-0.56335723,2.4295278,-0.58334094,-0.095978014,-0.054279707,-0.35337675,1.077866,2.9523795,-0.17577797,-0.8893848,2.6238487
../data/train_data_mmini/10/Train_0049.jpg	10	-1.0,1.0,-1.0,1.0,1.0,1.0,1.0,1.0,-1.0,-1.0,1.0,-1.0,-1.0,-1.0,1.0,-1.0,-1.0,1.0,-1.0,1.0,1.0,-1.0,-1.0,1.0	-0.35716882,8.464512,-1.1339494,0.19699937,0.8775864,0.22122653,1.3986726,0.5110038,-0.5838589,-0.1845099,0.6746211,-0.029532595,-1.6648519,-0.54253125,2.6722016,-0.27814233,-0.58236074,0.102096535,-0.47534755,1.320793,2.7991917,-0.16092214,-1.0897683,2.9897406
