../data/train_data_mmini/1/Train_0000.jpg	1	1.0,-1.0,1.0,-1.0,1.0,1.0,-1.0,1.0,-1.0,1.0,1.0,-1.0	0.6549208,-2.7120934,2.0926037,-0.37694225,1.6301086,0.32654923,-1.0285587,6.208694,-1.3368121,0.28327015,1.1355698,-3.1720881
../data/train_data_mmini/1/Train_0001.jpg	1	1.0,-1.0,1.0,-1.0,1.0,-1.0,-1.0,1.0,-1.0,1.0,-1.0,-1.0	3.0877054,-6.6252484,3.4618423,-4.0896273,3.2681117,-1.0335397,-3.008511,17.093695,-4.14356,1.1312052,-0.4157182,-5.545373
../data/train_data_mmini/1/Train_0002.jpg	1	1.0,-1.0,1.0,-1.0,1.0,-1.0,-1.0,1.0,-1.0,1.0,-1.0,-1.0	3.681228,-5.6810236,1.9070914,-2.849345,3.9495122,-0.7477509,-2.2770112,13.4577675,-3.313177,0.7469293,-1.5928255,-3.5696957
../data/train_data_mmini/1/Train_0003.jpg	1	1.0,-1.0,1.0,-1.0,1.0,1.0,-1.0,1.0,-1.0,1.0,1.0,-1.0	0.45269567,-3.6168709,2.8726015,-0.6040425,2.0964537,1.0289942,-1.1781147,7.431114,-1.1441164,0.8017548,1.5597777,-4.3696413
../data/train_data_mmini/1/Train_0004.jpg	1	1.0,-1.0,1.0,-1.0,1.0,1.0,-1.0,1.0,-1.0,1.0,1.0,-1.0	1.4215742,-3.6272664,2.3843663,-1.8677582,1.8588609,0.044321064,-1.181796,10.1848345,-2.0096684,1.5348803,0.81822973,-4.8911023
../data/train_data_mmini/2/Train_0005.jpg	2	1.0,-1.0,1.0,-1.0,1.0,-1.0,-1.0,1.0,-1.0,1.0,-1.0,-1.0	5.4730244,-7.9572234,3.210888,-6.4114966,3.766788,-2.7912502,-3.708135,22.390934,-5.8459735,1.5265887,-2.0544403,-5.0625906
../data/train_data_mmini/2/Train_0006.jpg	2	1.0,-1.0,1.0,-1.0,1.0,1.0,-1.0,1.0,-1.0,1.0,-1.0,-1.0	3.7508297,-7.481727,3.1226337,-5.308998,4.6889586,0.08674517,-2.468584,17.794106,-2.7471628,1.7008982,-1.4832993,-5.9487095
../data/train_data_mmini/2/Train_0007.jpg	2	-1.0,-1.0,1.0,1.0,1.0,1.0,-1.0,1.0,-1.0,1.0,1.0,-1.0	-0.24874806,-1.7412257,1.8422447,0.38421482,1.1951594,1.020811,-0.4003634,3.7311559,-0.3254267,0.72301155,1.5355155,-3.3432055
../data/train_data_mmini/2/Train_0008.jpg	2	1.0,-1.0,1.0,-1.0,1.0,-1.0,-1.0,1.0,-1.0,1.0,-1.0,-1.0	3.2716124,-5.685891,2.4533358,-3.2126787,3.6323519,-1.2193602,-2.5793352,14.845971,-3.7531211,0.5553406,-0.97210205,-4.1877155
../data/train_data_mmini/2/Train_0009.jpg	2	1.0,-1.0,1.0,-1.0,1.0,-1.0,-1.0,1.0,-1.0,1.0,-1.0,-1.0	3.5287392,-5.565626,2.6220107,-3.3546052,2.5176919,-2.0779965,-2.7215683,14.648167,-4.265067,0.7137621,-0.9630826,-3.5524895
../data/train_data_mmini/3/Train_0010.jpg	3	1.0,-1.0,1.0,-1.0,1.0,-1.0,-1.0,1.0,-1.0,1.0,-1.0,-1.0	4.8802395,-8.31609,3.1272795,-6.33247,4.3400345,-1.7707754,-3.2192347,20.809202,-4.9321785,1.8015938,-2.527698,-5.1667986
../data/train_data_mmini/3/Train_0011.jpg	3	1.0,-1.0,1.0,-1.0,1.0,-1.0,-1.0,1.0,-1.0,1.0,-1.0,-1.0	6.2447834,-8.054213,1.7158799,-5.8660808,4.8838816,-2.2557406,-3.4272883,20.946281,-5.9969845,1.2976182,-4.0828743,-4.356306
../data/train_data_mmini/3/Train_0012.jpg	3	1.0,-1.0,1.0,-1.0,1.0,-1.0,-1.0,1.0,-1.0,1.0,-1.0,-1.0	5.3157396,-7.6701007,2.7265935,-5.480358,3.9860435,-1.8349444,-3.0740442,20.30418,-5.1154604,1.5651807,-2.669088,-5.4896054
../data/train_data_mmini/3/Train_0013.jpg	3	1.0,-1.0,1.0,-1.0,1.0,-1.0,-1.0,1.0,-1.0,1.0,-1.0,-1.0	6.4118633,-10.155027,3.7810137,-7.0122743,6.0612116,-2.038693,-4.074024,24.938196,-5.517835,0.9105466,-3.3283381,-5.798083
../data/train_data_mmini/3/Train_0014.jpg	3	1.0,-1.0,1.0,-1.0,1.0,-1.0,-1.0,1.0,-1.0,1.0,-1.0,-1.0	5.459248,-8.460701,3.3404949,-6.823791,4.082312,-2.7983751,-3.563303,23.469456,-5.9191623,1.7639997,-2.3656716,-5.549127
../data/train_data_mmini/4/Train_0015.jpg	4	1.0,-1.0,1.0,-1.0,1.0,-1.0,-1.0,1.0,-1.0,1.0,-1.0,-1.0	2.929471,-4.543404,2.0771008,-1.847104,3.3424218,-0.6198616,-1.8576356,11.067533,-2.7951472,0.1591167,-0.6931017,-3.4867756
../data/train_data_mmini/4/Train_0016.jpg	4	1.0,-1.0,1.0,-1.0,1.0,-1.0,-1.0,1.0,-1.0,1.0,-1.0,-1.0	4.6499486,-7.8683043,3.058066,-4.5336895,4.280252,-2.125674,-3.859357,18.995958,-5.0973606,0.44382906,-2.08343,-4.260566
../data/train_data_mmini/4/Train_0017.jpg	4	1.0,-1.0,1.0,-1.0,1.0,-1.0,-1.0,1.0,-1.0,1.0,-1.0,-1.0	7.023832,-10.817191,3.647358,-8.283258,6.0324955,-2.4696014,-4.4024315,27.290855,-6.319524,1.9530134,-4.043258,-6.234482
../data/train_data_mmini/4/Train_0018.jpg	4	1.0,-1.0,1.0,-1.0,1.0,-1.0,-1.0,1.0,-1.0,1.0,-1.0,-1.0	4.238174,-5.851356,2.0718875,-4.1253414,2.8301325,-2.6279595,-2.8276782,15.956721,-4.7916007,0.6166492,-1.8264692,-2.9776764
../data/train_data_mmini/4/Train_0019.jpg	4	1.0,-1.0,1.0,-1.0,1.0,-1.0,-1.0,1.0,-1.0,1.0,-1.0,-1.0	5.5326443,-9.4201975,3.7826252,-7.4211254,5.3711476,-0.82050866,-2.8904436,23.886663,-4.2531805,3.1032436,-2.079706,-7.5094023
../data/train_data_mmini/5/Train_0020.jpg	5	1.0,-1.0,1.0,-1.0,1.0,1.0,-1.0,1.0,-1.0,1.0,1.0,-1.0	0.8725367,-4.2005258,3.2417712,-1.4935228,1.8083053,0.14901596,-1.4792616,10.288663,-1.9916371,1.3881721,1.7392457,-5.1047735
../data/train_data_mmini/5/Train_0021.jpg	5	1.0,-1.0,1.0,-1.0,1.0,-1.0,-1.0,1.0,-1.0,1.0,-1.0,-1.0	3.3395832,-7.10715,3.7018292,-3.3046641,4.448101,-0.25666627,-2.8743985,16.77579,-3.4926505,0.929648,-0.42168024,-5.801086
../data/train_data_mmini/5/Train_0022.jpg	5	1.0,-1.0,1.0,-1.0,1.0,1.0,-1.0,1.0,-1.0,1.0,1.0,-1.0	1.0847161,-3.3980923,2.486383,-1.912309,1.7121034,0.08901271,-1.1713861,9.501853,-1.6999034,1.2036161,0.8621322,-4.4837623
../data/train_data_mmini/5/Train_0023.jpg	5	-1.0,-1.0,1.0,1.0,1.0,1.0,-1.0,1.0,-1.0,1.0,1.0,-1.0	-0.21157217,-2.2890918,2.3078985,0.16357839,1.4774232,1.0580348,-0.57726294,4.5365996,-0.59992236,0.85996205,1.702385,-3.541642
../data/train_data_mmini/5/Train_0024.jpg	5	1.0,-1.0,1.0,-1.0,1.0,1.0,-1.0,1.0,-1.0,1.0,-1.0,-1.0	2.5283127,-4.898538,2.3454914,-2.01649,2.9163105,0.00950097,-1.7901341,11.1887045,-2.3044689,0.8162506,-0.2652426,-4.140942
../data/train_data_mmini/6/Train_0025.jpg	6	1.0,-1.0,1.0,-1.0,1.0,-1.0,-1.0,1.0,-1.0,1.0,-1.0,-1.0	6.7360215,-11.18158,3.4830465,-7.7066026,6.73529,-0.89653474,-3.8413694,24.945097,-4.776699,2.3035808,-4.106438,-6.266107
../data/train_data_mmini/6/Train_0026.jpg	6	1.0,-1.0,1.0,-1.0,1.0,-1.0,-1.0,1.0,-1.0,1.0,-1.0,-1.0	3.0386827,-5.4691453,2.8410685,-3.5034845,2.4364848,-1.5984095,-2.4303555,14.383588,-3.6823514,1.278519,-0.30043566,-4.2082543
../data/train_data_mmini/6/Train_0027.jpg	6	1.0,-1.0,1.0,-1.0,1.0,-1.0,-1.0,1.0,-1.0,1.0,-1.0,-1.0	6.0915427,-8.588687,2.6149719,-6.465108,4.290156,-2.7620287,-3.6992195,21.666258,-5.917363,1.4175304,-3.660866,-4.5508013
../data/train_data_mmini/6/Train_0028.jpg	6	1.0,-1.0,1.0,-1.0,1.0,-1.0,-1.0,1.0,-1.0,1.0,-1.0,-1.0	3.8421977,-6.2429824,2.1335866,-3.8218076,3.5905046,-1.4177955,-2.5478406,15.264145,-3.8043363,1.2579818,-1.8529153,-4.148324
../data/train_data_mmini/6/Train_0029.jpg	6	1.0,-1.0,1.0,-1.0,1.0,-1.0,-1.0,1.0,-1.0,1.0,-1.0,-1.0	5.7174916,-8.185347,2.6481214,-5.232379,5.241978,-1.3440412,-3.282073,19.038788,-4.4302864,0.6494966,-3.3212552,-3.8660922
../data/train_data_mmini/7/Train_0030.jpg	7	1.0,-1.0,1.0,-1.0,1.0,-1.0,-1.0,1.0,-1.0,1.0,-1.0,-1.0	2.7151694,-5.1876574,2.8359156,-2.7320466,2.6654305,-0.7857396,-2.2472062,12.949894,-3.0856423,0.76105976,-0.026854992,-4.3739214
../data/train_data_mmini/7/Train_0031.jpg	7	1.0,-1.0,1.0,-1.0,1.0,-1.0,-1.0,1.0,-1.0,1.0,-1.0,-1.0	6.51845,-10.599061,4.354714,-7.4226665,5.530143,-3.073442,-4.8684473,26.483982,-6.432157,1.0780017,-2.995414,-5.729313
../data/train_data_mmini/7/Train_0032.jpg	7	1.0,-1.0,1.0,-1.0,1.0,-1.0,-1.0,1.0,-1.0,1.0,-1.0,-1.0	9.470699,-12.698857,3.8051913,-9.968413,6.232043,-4.98947,-5.6542964,33.35239,-9.00009,1.7290426,-5.7449613,-6.1741323
../data/train_data_mmini/7/Train_0033.jpg	7	1.0,-1.0,1.0,-1.0,1.0,-1.0,-1.0,1.0,-1.0,1.0,-1.0,-1.0	3.159735,-5.179531,2.2256825,-3.720485,2.1146684,-1.5020461,-2.2986405,14.165774,-3.710127,1.1221613,-0.94780153,-3.8460934
../data/train_data_mmini/7/Train_0034.jpg	7	1.0,-1.0,1.0,-1.0,1.0,-1.0,-1.0,1.0,-1.0,1.0,-1.0,-1.0	7.7757673,-11.499549,2.893262,-8.795577,6.377895,-2.1890113,-4.23295,28.496208,-6.843937,2.8888001,-5.084825,-6.7104874
../data/train_data_mmini/8/Train_0035.jpg	8	1.0,-1.0,1.0,-1.0,1.0,-1.0,-1.0,1.0,-1.0,1.0,-1.0,-1.0	4.318867,-6.1658735,2.224424,-4.2597437,3.6139476,-1.6847682,-2.5757427,15.606766,-3.9297779,0.5539717,-2.1307526,-3.5029678
../data/train_data_mmini/8/Train_0036.jpg	8	1.0,-1.0,1.0,-1.0,1.0,-1.0,-1.0,1.0,-1.0,1.0,-1.0,-1.0	6.1844015,-8.602168,2.9811566,-6.717708,4.426652,-2.8732638,-3.7270439,22.32875,-5.5316377,1.4051613,-3.176848,-4.6670485
../data/train_data_mmini/8/Train_0037.jpg	8	1.0,-1.0,1.0,-1.0,1.0,-1.0,-1.0,1.0,-1.0,1.0,-1.0,-1.0	7.4578757,-10.885582,3.3761754,-7.3564644,6.178552,-3.0743155,-5.009665,26.661707,-7.082371,1.1584653,-4.363349,-5.269791
../data/train_data_mmini/8/Train_0038.jpg	8	1.0,-1.0,1.0,-1.0,1.0,-1.0,-1.0,1.0,-1.0,1.0,-1.0,-1.0	4.677997,-7.9463196,3.3881485,-4.9027452,4.59456,-1.3361448,-3.397805,19.244957,-4.575275,0.8390097,-1.9688573,-4.8279123
../data/train_data_mmini/8/Train_0039.jpg	8	1.0,-1.0,1.0,-1.0,1.0,-1.0,-1.0,1.0,-1.0,1.0,-1.0,-1.0	6.016926,-7.38964,2.0367491,-6.1275597,4.155025,-2.6192048,-3.033499,19.742334,-5.253734,1.0520045,-3.5826006,-3.7171621
../data/train_data_mmini/9/Train_0040.jpg	9	1.0,-1.0,1.0,-1.0,1.0,-1.0,-1.0,1.0,-1.0,1.0,1.0,-1.0	2.5534205,-5.1028266,2.6382308,-2.3350275,3.1065836,-0.42449123,-2.1316433,13.097351,-3.0129445,0.8996856,0.022525072,-4.9359975
../data/train_data_mmini/9/Train_0041.jpg	9	1.0,-1.0,1.0,-1.0,1.0,-1.0,-1.0,1.0,-1.0,1.0,-1.0,-1.0	6.748286,-10.481587,3.6344466,-8.323195,4.811777,-3.496245,-4.4721403,27.531673,-7.1647234,2.2741354,-3.4342008,-6.037023
../data/train_data_mmini/9/Train_0042.jpg	9	1.0,-1.0,1.0,-1.0,1.0,-1.0,-1.0,1.0,-1.0,1.0,-1.0,-1.0	4.150345,-7.20517,2.6866214,-3.2793596,5.0007625,-0.539328,-2.9686863,17.019815,-3.9454134,0.765092,-1.4714695,-5.0472913
../data/train_data_mmini/9/Train_0043.jpg	9	1.0,-1.0,1.0,-1.0,1.0,-1.0,-1.0,1.0,-1.0,1.0,1.0,-1.0	2.4904246,-4.93312,2.6871154,-2.7854235,3.0748856,-0.533069,-1.9124238,12.85037,-2.717237,1.0246993,0.06761798,-4.6908073
../data/train_data_mmini/9/Train_0044.jpg	9	1.0,-1.0,1.0,-1.0,1.0,-1.0,-1.0,1.0,-1.0,1.0,-1.0,-1.0	4.991929,-8.5853815,3.4896474,-5.363207,5.0780168,-0.97043586,-3.1851227,20.453058,-4.2895207,1.4749625,-1.9157585,-5.7354813
../data/train_data_mmini/10/Train_0045.jpg	10	1.0,-1.0,1.0,-1.0,1.0,-1.0,-1.0,1.0,-1.0,1.0,-1.0,-1.0	8.548953,-10.426523,2.4142988,-9.118767,5.238996,-4.31343,-4.101985,27.08692,-7.270032,1.6050574,-6.085172,-4.249894
../data/train_data_mmini/10/Train_0046.jpg	10	1.0,-1.0,1.0,-1.0,1.0,-1.0,-1.0,1.0,-1.0,1.0,-1.0,-1.0	6.564365,-8.771227,2.0435104,-6.7398615,5.4083195,-2.134958,-3.6904197,22.145958,-5.646036,1.1609839,-4.5942163,-4.204393
../data/train_data_mmini/10/Train_0047.jpg	10	1.0,-1.0,1.0,-1.0,1.0,-1.0,-1.0,1.0,-1.0,1.0,-1.0,-1.0	9.551143,-13.762364,4.208754,-10.525003,7.7936487,-3.46045,-5.4163337,33.807507,-7.938758,2.217308,-5.9099946,-6.9988103
../data/train_data_mmini/10/Train_0048.jpg	10	1.0,-1.0,1.0,-1.0,1.0,-1.0,-1.0,1.0,-1.0,1.0,-1.0,-1.0	8.097374,-10.248704,2.7126598,-9.133391,5.303578,-3.5425048,-3.7867959,27.715107,-6.694791,2.364144,-5.028973,-5.6160984
../data/train_data_mmini/10/Train_0049.jpg	10	1.0,-1.0,1.0,-1.0,1.0,-1.0,-1.0,1.0,-1.0,1.0,-1.0,-1.0	6.4747057,-9.348803,2.7154157,-6.775107,5.542889,-2.065447,-3.673383,22.621437,-5.251812,1.4872316,-3.92837,-4.857766
