../data/train_data_mmini/1/Train_0000.jpg	1	-1.0,-1.0,-1.0,-1.0,-1.0,1.0,-1.0,-1.0	-2.5194795,-0.44660184,-3.774864,-1.6145355,-0.65873134,11.541682,-12.984993,-10.47339
../data/train_data_mmini/1/Train_0001.jpg	1	-1.0,-1.0,-1.0,-1.0,-1.0,1.0,-1.0,-1.0	-2.291524,-0.20897165,-3.0586355,-2.1716928,-2.474424,15.278916,-13.397024,-9.8785095
../data/train_data_mmini/1/Train_0002.jpg	1	-1.0,-1.0,-1.0,-1.0,-1.0,1.0,-1.0,-1.0	-1.7848083,-1.8979799,-1.5168645,-0.51658064,-2.7353868,7.623008,-8.989083,-7.931291
../data/train_data_mmini/1/Train_0003.jpg	1	-1.0,-1.0,-1.0,-1.0,-1.0,1.0,-1.0,-1.0	-3.571798,-0.3147117,-3.9070206,-3.825609,-0.93484956,15.659678,-13.178855,-8.726002
../data/train_data_mmini/1/Train_0004.jpg	1	-1.0,1.0,-1.0,-1.0,1.0,1.0,-1.0,-1.0	-1.5785425,0.37426177,-3.6490328,-2.2223935,0.13176388,10.499602,-13.228482,-11.801526
../data/train_data_mmini/2/Train_0005.jpg	2	-1.0,1.0,-1.0,-1.0,-1.0,1.0,-1.0,-1.0	-0.55513155,1.0509789,-3.3381128,-4.999837,-2.6596496,16.603601,-15.310513,-14.408008
../data/train_data_mmini/2/Train_0006.jpg	2	1.0,1.0,-1.0,-1.0,-1.0,1.0,-1.0,-1.0	0.40577388,1.739137,-2.5237606,-6.0284486,-0.60779047,12.003978,-12.625645,-12.893263
../data/train_data_mmini/2/Train_0007.jpg	2	-1.0,1.0,-1.0,-1.0,-1.0,1.0,-1.0,-1.0	-1.7910028,0.35732663,-4.258623,-2.8139226,-0.6725324,14.109555,-14.254009,-12.547361
../data/train_data_mmini/2/Train_0008.jpg	2	1.0,1.0,-1.0,-1.0,1.0,1.0,-1.0,-1.0	0.30018213,0.60212076,-2.2793467,-1.1115599,0.020861916,5.8301053,-11.843113,-12.915339
../data/train_data_mmini/2/Train_0009.jpg	2	-1.0,1.0,-1.0,-1.0,-1.0,1.0,-1.0,-1.0	-1.0282899,1.5846517,-4.502209,-6.1361537,-2.08309,19.65127,-18.904926,-17.118029
../data/train_data_mmini/3/Train_0010.jpg	3	-1.0,1.0,-1.0,-1.0,-1.0,1.0,-1.0,-1.0	-0.35567334,1.0480193,-3.3741457,-4.472636,-2.2226074,16.226046,-14.521128,-12.833326
../data/train_data_mmini/3/Train_0011.jpg	3	-1.0,-1.0,-1.0,1.0,-1.0,1.0,-1.0,-1.0	-0.8292181,-2.4471202,-1.6609914,2.3077962,-3.3843324,6.7060366,-9.330175,-8.883697
../data/train_data_mmini/3/Train_0012.jpg	3	-1.0,1.0,-1.0,-1.0,-1.0,1.0,-1.0,-1.0	-2.179459,0.10582293,-2.3242013,-3.8540857,-1.8952268,13.009131,-11.82015,-8.807306
../data/train_data_mmini/3/Train_0013.jpg	3	1.0,1.0,-1.0,-1.0,-1.0,1.0,-1.0,-1.0	0.87785345,1.9069622,-2.120167,-5.560203,-1.2203435,11.392014,-14.185434,-14.398239
../data/train_data_mmini/3/Train_0014.jpg	3	1.0,1.0,-1.0,-1.0,-1.0,1.0,-1.0,-1.0	0.5839194,0.9474378,-3.419369,-3.4859078,-1.876765,13.368029,-15.408272,-15.588412
../data/train_data_mmini/4/Train_0015.jpg	4	-1.0,1.0,-1.0,-1.0,-1.0,1.0,-1.0,-1.0	-0.9592439,0.09381107,-2.140889,-0.9525906,-0.079240814,6.042296,-10.86661,-10.729685
../data/train_data_mmini/4/Train_0016.jpg	4	-1.0,-1.0,-1.0,-1.0,-1.0,1.0,-1.0,-1.0	-2.1689165,-1.3483621,-2.2637973,-1.6576631,-4.0583587,13.650981,-9.920274,-7.144161
../data/train_data_mmini/4/Train_0017.jpg	4	-1.0,-1.0,-1.0,-1.0,-1.0,1.0,-1.0,-1.0	-1.319012,-0.46168685,-2.050892,-3.2259138,-3.5366669,13.369976,-11.14123,-8.930736
../data/train_data_mmini/4/Train_0018.jpg	4	-1.0,-1.0,-1.0,-1.0,-1.0,1.0,-1.0,-1.0	-0.123603664,-0.29613844,-3.2526956,-0.6713201,-2.8464727,12.088007,-13.243343,-13.073897
../data/train_data_mmini/4/Train_0019.jpg	4	1.0,1.0,-1.0,-1.0,-1.0,1.0,-1.0,-1.0	0.46424514,2.3651369,-1.6593238,-8.61075,-0.9699369,12.964466,-12.001017,-12.739013
../data/train_data_mmini/5/Train_0020.jpg	5	-1.0,1.0,-1.0,-1.0,-1.0,1.0,-1.0,-1.0	-1.814462,0.7666679,-3.4650772,-4.6430445,-0.77293056,14.937875,-12.545538,-10.808472
../data/train_data_mmini/5/Train_0021.jpg	5	-1.0,1.0,-1.0,-1.0,1.0,1.0,-1.0,-1.0	-0.44242647,0.86792594,-3.229643,-1.9230529,0.6081396,8.249055,-13.670889,-13.729723
../data/train_data_mmini/5/Train_0022.jpg	5	-1.0,1.0,-1.0,-1.0,1.0,1.0,-1.0,-1.0	-0.81259936,2.1021621,-3.491738,-5.6274815,0.18769415,14.180139,-15.370415,-14.696544
../data/train_data_mmini/5/Train_0023.jpg	5	-1.0,1.0,-1.0,-1.0,1.0,1.0,-1.0,-1.0	-2.2613134,0.8079399,-3.7249322,-3.675083,0.092006356,13.249629,-12.682986,-10.600747
../data/train_data_mmini/5/Train_0024.jpg	5	-1.0,1.0,-1.0,-1.0,-1.0,1.0,-1.0,-1.0	-2.1101563,0.28652623,-4.0920634,-2.9387462,-1.1706266,14.22179,-15.024383,-12.782095
../data/train_data_mmini/6/Train_0025.jpg	6	-1.0,1.0,-1.0,-1.0,-1.0,1.0,-1.0,-1.0	-0.99087226,0.34211236,-3.1448257,-8.629482,-4.0237556,21.508142,-14.794925,-12.136471
../data/train_data_mmini/6/Train_0026.jpg	6	-1.0,-1.0,-1.0,-1.0,-1.0,1.0,-1.0,-1.0	-2.5225506,-1.1341809,-4.511598,-0.95016295,-4.1919827,18.23498,-14.146849,-10.410476
../data/train_data_mmini/6/Train_0027.jpg	6	-1.0,1.0,-1.0,-1.0,-1.0,1.0,-1.0,-1.0	-0.18327259,0.26817763,-3.366535,-3.4864266,-4.3008776,17.972874,-13.823029,-11.977583
../data/train_data_mmini/6/Train_0028.jpg	6	-1.0,-1.0,-1.0,1.0,-1.0,1.0,-1.0,-1.0	-0.12523599,-1.2447407,-2.9574552,0.76276934,-2.97994,10.204704,-11.654545,-12.016676
../data/train_data_mmini/6/Train_0029.jpg	6	-1.0,1.0,-1.0,-1.0,-1.0,1.0,-1.0,-1.0	-1.5082114,0.48870498,-3.4788628,-8.219988,-1.9923941,18.67598,-17.167078,-14.299291
../data/train_data_mmini/7/Train_0030.jpg	7	-1.0,1.0,-1.0,-1.0,-1.0,1.0,-1.0,-1.0	-1.6043929,0.9713914,-3.7787378,-6.3141823,-1.8787348,18.707973,-16.355463,-14.345252
../data/train_data_mmini/7/Train_0031.jpg	7	-1.0,1.0,-1.0,-1.0,-1.0,1.0,-1.0,-1.0	-0.27534562,1.5127403,-3.9591691,-6.533851,-3.4675093,20.929537,-18.233122,-16.988081
../data/train_data_mmini/7/Train_0032.jpg	7	1.0,1.0,-1.0,-1.0,-1.0,1.0,-1.0,-1.0	1.2694958,0.46731073,-2.3935096,-0.9632781,-2.9198134,9.793116,-13.1871195,-14.338725
../data/train_data_mmini/7/Train_0033.jpg	7	-1.0,1.0,-1.0,-1.0,-1.0,1.0,-1.0,-1.0	-2.01807,0.11353258,-4.7857375,-5.9132147,-4.0140166,23.302223,-17.955883,-14.501575
../data/train_data_mmini/7/Train_0034.jpg	7	1.0,-1.0,-1.0,1.0,-1.0,1.0,-1.0,-1.0	0.52401614,-0.8285919,-3.247461,0.732971,-3.8714619,11.658575,-12.7859535,-12.579703
../data/train_data_mmini/8/Train_0035.jpg	8	1.0,1.0,-1.0,-1.0,-1.0,1.0,-1.0,-1.0	0.6146061,3.0976124,-3.6549747,-6.911139,-0.51089805,16.093315,-19.092531,-19.379349
../data/train_data_mmini/8/Train_0036.jpg	8	-1.0,1.0,-1.0,-1.0,-1.0,1.0,-1.0,-1.0	-0.27465004,1.2373464,-4.7379327,-7.421735,-5.1053476,25.643244,-21.025858,-19.987381
../data/train_data_mmini/8/Train_0037.jpg	8	-1.0,-1.0,-1.0,-1.0,-1.0,1.0,-1.0,-1.0	-1.1959682,-1.1093857,-4.255861,-0.5602395,-4.947853,17.668446,-15.4082,-13.017859
../data/train_data_mmini/8/Train_0038.jpg	8	-1.0,1.0,-1.0,-1.0,-1.0,1.0,-1.0,-1.0	-0.44604003,2.2623181,-3.179374,-5.9761915,-1.6074018,16.004097,-16.87575,-16.09001
../data/train_data_mmini/8/Train_0039.jpg	8	-1.0,1.0,-1.0,-1.0,-1.0,1.0,-1.0,-1.0	-0.0018529482,2.6084304,-4.037107,-8.072019,-1.9764183,19.941086,-22.110361,-20.944098
../data/train_data_mmini/9/Train_0040.jpg	9	-1.0,1.0,-1.0,-1.0,-1.0,1.0,-1.0,-1.0	-1.7601376,0.41848806,-3.5974112,-2.8326552,-0.4246963,12.347011,-14.537312,-12.886173
../data/train_data_mmini/9/Train_0041.jpg	9	1.0,1.0,-1.0,-1.0,-1.0,1.0,-1.0,-1.0	0.005887542,0.5308403,-3.9778733,-5.4635963,-5.011496,21.89613,-17.992853,-16.072285
../data/train_data_mmini/9/Train_0042.jpg	9	-1.0,-1.0,-1.0,-1.0,-1.0,1.0,-1.0,-1.0	-1.7162167,-0.7262445,-2.4496138,-0.030406393,-0.8883218,7.199502,-11.051471,-9.360147
../data/train_data_mmini/9/Train_0043.jpg	9	1.0,1.0,-1.0,-1.0,-1.0,1.0,-1.0,-1.0	0.37138754,2.0085485,-3.688804,-4.8498,-0.16137294,13.647306,-16.759184,-17.287533
../data/train_data_mmini/9/Train_0044.jpg	9	-1.0,1.0,-1.0,-1.0,-1.0,1.0,-1.0,-1.0	-1.5329589,1.3048836,-2.7722404,-7.3330464,-0.9051858,15.421392,-14.614191,-12.346973
../data/train_data_mmini/10/Train_0045.jpg	10	1.0,1.0,-1.0,-1.0,-1.0,1.0,-1.0,-1.0	1.6572008,3.06182,-3.68056,-9.244105,-3.6385102,21.70425,-21.537262,-21.491358
../data/train_data_mmini/10/Train_0046.jpg	10	-1.0,-1.0,-1.0,-1.0,-1.0,1.0,-1.0,-1.0	-1.3515296,-0.18572399,-1.5028107,-1.8482704,-1.5809087,6.418353,-8.281062,-6.003406
../data/train_data_mmini/10/Train_0047.jpg	10	1.0,1.0,-1.0,-1.0,-1.0,1.0,-1.0,-1.0	0.83076584,1.9264251,-3.743741,-5.7715654,-3.1125367,18.085056,-19.591148,-19.75834
../data/train_data_mmini/10/Train_0048.jpg	10	1.0,1.0,-1.0,-1.0,-1.0,1.0,-1.0,-1.0	1.0063006,4.5241346,-2.2122133,-13.914949,-1.1358889,19.735113,-18.902416,-20.26755
../data/train_data_mmini/10/Train_0049.jpg	10	1.0,1.0,-1.0,-1.0,-1.0,1.0,-1.0,-1.0	0.35335377,1.9110473,-3.678675,-5.3916416,-1.8285139,16.230167,-19.15881,-18.465601
