../data/train_data_mmini/1/Train_0000.jpg	1	-1.0,1.0,1.0,-1.0,-1.0,1.0,1.0,1.0,-1.0,-1.0,1.0,-1.0,1.0,-1.0,-1.0,-1.0,-1.0,1.0,1.0,1.0,1.0,-1.0,1.0,1.0	-0.019187337,0.06283085,0.06089641,-0.043896653,-0.04113054,0.1669215,0.05244086,0.11538362,-0.21650958,-0.040092062,0.16509378,-0.0100903725,0.091079615,-0.1289573,-0.071976,-0.28453252,-0.11391302,0.083015285,0.038743135,0.14512877,0.1597892,-0.020909866,0.25126302,0.02987012
../data/train_data_mmini/1/Train_0001.jpg	1	-1.0,1.0,1.0,-1.0,-1.0,1.0,1.0,1.0,-1.0,-1.0,1.0,-1.0,1.0,-1.0,-1.0,-1.0,-1.0,1.0,1.0,1.0,1.0,-1.0,1.0,-1.0	-0.07757788,0.052002218,0.10725304,-0.112922296,-0.0052892957,0.16454038,0.12585667,0.12233937,-0.17639373,-0.13609028,0.15850885,-0.08877271,0.08597459,-0.057404794,-0.06497474,-0.3065129,-0.110973194,0.12448134,0.019885318,0.11700626,0.1142896,-0.010326522,0.17471078,-0.043284304
../data/train_data_mmini/1/Train_0002.jpg	1	-1.0,1.0,1.0,-1.0,-1.0,1.0,1.0,1.0,-1.0,-1.0,1.0,-1.0,-1.0,1.0,-1.0,-1.0,-1.0,1.0,-1.0,1.0,1.0,-1.0,1.0,1.0	-0.02501293,0.19250895,0.04437254,-0.031821914,-0.061103243,0.20538075,0.10886547,0.06171197,-0.07535176,-0.039032478,0.17785397,-0.0335438,-0.03430359,0.06802736,-0.11327971,-0.18296579,-0.016462872,0.19647357,-0.04703045,0.06348334,0.12613514,-0.07761772,0.08707672,0.003420745
../data/train_data_mmini/1/Train_0003.jpg	1	-1.0,1.0,1.0,-1.0,-1.0,1.0,1.0,1.0,-1.0,-1.0,1.0,-1.0,1.0,-1.0,-1.0,-1.0,-1.0,1.0,1.0,1.0,1.0,-1.0,1.0,1.0	-0.049190503,0.039186236,0.0496515,-0.055026937,-0.030544758,0.1500168,0.041698128,0.11758446,-0.2829833,-0.07284287,0.15348756,-0.028448664,0.117406145,-0.1370195,-0.044244375,-0.30307725,-0.166659,0.08110344,0.08549167,0.20403454,0.1990137,-0.040872525,0.26877728,0.07680694
../data/train_data_mmini/1/Train_0004.jpg	1	-1.0,1.0,1.0,-1.0,-1.0,1.0,1.0,1.0,-1.0,-1.0,1.0,-1.0,1.0,-1.0,-1.0,-1.0,-1.0,1.0,1.0,1.0,1.0,-1.0,1.0,1.0	-0.021895735,0.04720534,0.07868774,-0.062369153,-0.042071193,0.20151678,0.061234877,0.09894443,-0.27112934,-0.0707636,0.09589416,-0.02300068,0.05127461,-0.11122848,-0.12581638,-0.33188024,-0.10169748,0.047395047,0.024239901,0.20364833,0.2465333,-0.022693211,0.26545802,0.025955824
../data/train_data_mmini/2/Train_0005.jpg	2	-1.0,1.0,1.0,-1.0,-1.0,1.0,1.0,1.0,-1.0,-1.0,1.0,-1.0,1.0,-1.0,-1.0,-1.0,-1.0,1.0,-1.0,1.0,1.0,-1.0,1.0,-1.0	-0.07033933,0.15293103,0.123277806,-0.022021594,-0.05115636,0.24193561,0.16893119,0.044480503,-0.25921747,-0.060234692,0.13118795,-0.068592384,0.068139836,-0.11184476,-0.129732,-0.3354059,-0.14798646,0.10603139,-0.07734131,0.18481347,0.18740638,-0.033611827,0.24183641,-0.08117157
../data/train_data_mmini/2/Train_0006.jpg	2	-1.0,1.0,1.0,-1.0,1.0,1.0,1.0,1.0,-1.0,-1.0,1.0,-1.0,1.0,-1.0,-1.0,-1.0,-1.0,1.0,-1.0,1.0,1.0,-1.0,1.0,-1.0	-0.113238856,0.19428422,0.104414254,-0.036959734,0.0029832434,0.19682702,0.14810072,0.050244525,-0.2162427,-0.119291894,0.08358989,-0.011532423,0.08294891,-0.013573641,-0.06322938,-0.22737472,-0.16789913,0.132732,-0.046692964,0.21972442,0.14113641,-0.048246913,0.2181797,-0.048897337
../data/train_data_mmini/2/Train_0007.jpg	2	-1.0,1.0,1.0,-1.0,1.0,1.0,1.0,1.0,-1.0,-1.0,1.0,-1.0,1.0,-1.0,-1.0,-1.0,-1.0,1.0,1.0,1.0,1.0,-1.0,1.0,-1.0	-0.04046138,0.021657165,0.052663818,-0.040998317,0.004333082,0.15312672,0.053956643,0.060134087,-0.31074676,-0.031250264,0.12150304,-0.016874036,0.09312828,-0.115996405,-0.045661617,-0.26339945,-0.1383104,0.04664151,0.07383139,0.19942322,0.22453544,-0.008461031,0.3265542,-0.007847703
../data/train_data_mmini/2/Train_0008.jpg	2	-1.0,1.0,1.0,-1.0,-1.0,1.0,1.0,1.0,-1.0,-1.0,1.0,-1.0,1.0,-1.0,-1.0,-1.0,-1.0,1.0,1.0,1.0,1.0,1.0,1.0,-1.0	-0.016628794,0.10549302,0.065482855,-0.039126065,-0.03186702,0.26337805,0.092814155,0.06279053,-0.114486635,-0.0723295,0.127279,-0.063805304,0.003479682,-0.08906371,-0.121233985,-0.23577109,-0.05096347,0.17750193,0.022077935,0.07756921,0.18204063,0.0022216036,0.17007498,-0.02104312
../data/train_data_mmini/2/Train_0009.jpg	2	-1.0,1.0,1.0,1.0,-1.0,1.0,1.0,1.0,-1.0,-1.0,1.0,-1.0,1.0,-1.0,-1.0,-1.0,-1.0,1.0,-1.0,1.0,1.0,1.0,1.0,-1.0	-0.02175999,0.060398,0.09692465,0.021614978,-0.01803732,0.22609982,0.073985755,0.025075452,-0.34291813,-0.06664093,0.2415494,-0.010410785,0.14222494,-0.15767926,-0.12908006,-0.28299937,-0.17167468,0.104554534,-0.05865796,0.18921651,0.272525,0.0047174925,0.3706393,-0.0008921985
../data/train_data_mmini/3/Train_0010.jpg	3	-1.0,1.0,1.0,-1.0,-1.0,1.0,1.0,1.0,-1.0,-1.0,1.0,-1.0,1.0,-1.0,-1.0,-1.0,-1.0,1.0,-1.0,1.0,1.0,1.0,1.0,-1.0	-0.09591542,0.17527467,0.06347465,-0.02739147,-0.034644026,0.21624197,0.12994541,0.034238733,-0.25425002,-0.1177842,0.15790221,-0.076775245,0.026997378,-0.027515957,-0.05876899,-0.23871118,-0.107192144,0.12641346,-0.005494075,0.19508725,0.2542996,0.052286647,0.25641793,-0.09458145
../data/train_data_mmini/3/Train_0011.jpg	3	-1.0,1.0,1.0,1.0,-1.0,1.0,1.0,1.0,-1.0,-1.0,1.0,-1.0,-1.0,1.0,-1.0,-1.0,-1.0,1.0,-1.0,1.0,1.0,-1.0,1.0,-1.0	-0.1010457,0.17221889,0.07085221,0.007683999,-0.039895106,0.26763606,0.13626616,0.04930297,-0.1296941,-0.12873021,0.1441969,-0.10081782,-0.01415345,0.024514744,-0.08375514,-0.23219931,-0.027557915,0.20372783,-0.061631773,0.06745222,0.15506327,-0.03328274,0.101560265,-0.02768253
../data/train_data_mmini/3/Train_0012.jpg	3	-1.0,1.0,1.0,-1.0,-1.0,1.0,1.0,1.0,-1.0,-1.0,1.0,-1.0,1.0,-1.0,-1.0,-1.0,-1.0,1.0,-1.0,1.0,1.0,-1.0,1.0,-1.0	-0.037628885,0.11399688,0.17423463,-0.053815186,-0.018604517,0.20688172,0.11315324,0.12885824,-0.1933963,-0.16498883,0.12886418,-0.022211796,0.0049053724,-0.0331073,-0.122246265,-0.28195664,-0.20033589,0.081592925,-0.09616942,0.16510272,0.1333518,-0.11645439,0.14879623,-0.10127977
../data/train_data_mmini/3/Train_0013.jpg	3	-1.0,1.0,1.0,-1.0,-1.0,1.0,1.0,1.0,-1.0,-1.0,1.0,-1.0,-1.0,1.0,-1.0,-1.0,-1.0,1.0,-1.0,1.0,1.0,-1.0,1.0,-1.0	-0.12674432,0.23962131,0.09024472,-0.0035408812,-0.07036481,0.2185331,0.18170094,0.016426718,-0.20967518,-0.10459715,0.08704106,-0.10643918,-0.030877527,0.016124135,-0.099859305,-0.22834593,-0.14328821,0.22565392,-0.053835183,0.15462828,0.14642665,-0.0606361,0.11231204,-0.06879067
../data/train_data_mmini/3/Train_0014.jpg	3	-1.0,1.0,1.0,1.0,1.0,1.0,1.0,1.0,-1.0,-1.0,1.0,-1.0,1.0,-1.0,-1.0,-1.0,-1.0,1.0,-1.0,1.0,1.0,1.0,1.0,-1.0	-0.04462781,0.17784896,0.06987738,0.021220399,0.012749418,0.21170487,0.16405025,0.057985816,-0.25130355,-0.06511636,0.122749485,-0.036857393,0.053310666,-0.09649264,-0.10092107,-0.29256773,-0.15034467,0.17639796,-0.041158527,0.15742123,0.24747881,0.045519944,0.28052664,-0.028054217
../data/train_data_mmini/4/Train_0015.jpg	4	-1.0,1.0,1.0,-1.0,-1.0,1.0,1.0,1.0,-1.0,-1.0,1.0,-1.0,1.0,-1.0,-1.0,-1.0,-1.0,1.0,-1.0,1.0,1.0,-1.0,1.0,-1.0	-0.05857876,0.06293264,0.122235805,-0.051647957,-0.026688345,0.2106214,0.09466043,0.08659559,-0.1462979,-0.018457137,0.10366026,-0.060075562,0.042105984,-0.044420846,-0.09424812,-0.23412988,-0.06994431,0.13315563,-0.0005402031,0.12575248,0.13347352,-0.054288797,0.1076125,-0.016060578
../data/train_data_mmini/4/Train_0016.jpg	4	-1.0,1.0,1.0,-1.0,-1.0,1.0,1.0,1.0,-1.0,-1.0,1.0,-1.0,1.0,-1.0,-1.0,-1.0,-1.0,1.0,-1.0,1.0,1.0,-1.0,1.0,1.0	-0.036296967,0.16524781,0.061994795,-0.013162595,-0.07172994,0.24184997,0.0867375,0.09483851,-0.113262884,-0.1120192,0.21571846,-0.019357897,0.0060837003,-0.008274955,-0.10746804,-0.2980659,-0.072384894,0.13921209,-0.036944896,0.11321109,0.1922873,-0.09992958,0.02282811,0.012139106
../data/train_data_mmini/4/Train_0017.jpg	4	-1.0,1.0,1.0,-1.0,-1.0,1.0,1.0,1.0,-1.0,-1.0,1.0,-1.0,1.0,1.0,-1.0,-1.0,-1.0,1.0,-1.0,1.0,1.0,-1.0,1.0,-1.0	-0.14663267,0.22936171,0.11235931,-0.027724475,-0.04952945,0.22987401,0.18772344,0.057551388,-0.24624626,-0.19310953,0.17392932,-0.032909434,0.0012059002,0.051728,-0.08343457,-0.23116177,-0.08826144,0.1211171,-0.0919896,0.17682372,0.16341777,-0.064281516,0.19259836,-0.11213027
../data/train_data_mmini/4/Train_0018.jpg	4	-1.0,1.0,1.0,-1.0,-1.0,1.0,1.0,1.0,-1.0,-1.0,1.0,-1.0,1.0,-1.0,-1.0,-1.0,-1.0,1.0,1.0,1.0,1.0,1.0,1.0,-1.0	-0.031768303,0.1325112,0.07999404,-0.008056091,-0.013146421,0.18687907,0.0973213,0.10844374,-0.15626149,-0.062759556,0.12857491,-0.03847868,0.04378319,-0.06975205,-0.11119204,-0.30707476,-0.07562889,0.19480266,0.0015590935,0.10521173,0.18182029,0.014077524,0.1740606,-0.01369856
../data/train_data_mmini/4/Train_0019.jpg	4	-1.0,1.0,1.0,-1.0,-1.0,1.0,1.0,-1.0,-1.0,-1.0,1.0,-1.0,1.0,1.0,-1.0,-1.0,-1.0,1.0,-1.0,1.0,1.0,-1.0,1.0,-1.0	-0.09710548,0.27372253,0.15249242,-0.042042904,-0.0013858982,0.17990059,0.21099511,-0.024124103,-0.24468529,-0.15898433,0.1212508,-0.07840094,0.039294273,0.021372283,-0.06147478,-0.24586956,-0.1912506,0.07753157,-0.07447723,0.27609256,0.15353489,-0.05265179,0.2443295,-0.110624745
../data/train_data_mmini/5/Train_0020.jpg	5	-1.0,1.0,1.0,-1.0,1.0,1.0,1.0,1.0,-1.0,-1.0,1.0,-1.0,1.0,-1.0,-1.0,-1.0,-1.0,1.0,1.0,1.0,1.0,-1.0,1.0,-1.0	-0.024654796,0.0948716,0.07566978,-0.114794515,0.026772678,0.15701921,0.07941833,0.09984181,-0.29115528,-0.06378438,0.15363276,-0.015728068,0.12485407,-0.08844124,-0.10580091,-0.31619474,-0.19296226,0.047409255,0.09673866,0.21971196,0.2703197,-0.04973062,0.33684552,-0.02303203
../data/train_data_mmini/5/Train_0021.jpg	5	-1.0,1.0,1.0,-1.0,-1.0,1.0,1.0,1.0,-1.0,-1.0,1.0,-1.0,1.0,-1.0,-1.0,-1.0,-1.0,1.0,-1.0,1.0,1.0,-1.0,1.0,1.0	-0.051367052,0.08203896,0.104422845,-0.00948518,-0.025392886,0.29289094,0.150678,0.039375585,-0.26282966,-0.0801652,0.15131111,-0.11876427,0.08928727,-0.05271439,-0.11798492,-0.2681278,-0.17340097,0.104849316,-0.03309294,0.1997968,0.2539521,-0.03671671,0.22485657,0.015876228
../data/train_data_mmini/5/Train_0022.jpg	5	-1.0,1.0,1.0,-1.0,1.0,1.0,1.0,1.0,-1.0,-1.0,1.0,1.0,1.0,-1.0,-1.0,-1.0,-1.0,1.0,1.0,1.0,1.0,-1.0,1.0,-1.0	-0.035644077,0.040496107,0.07012407,-0.019895134,0.028352227,0.1820698,0.07637996,0.0062908335,-0.27642968,-0.051274467,0.08600116,0.02140784,0.09350047,-0.11005478,-0.09162494,-0.2559056,-0.17065302,0.057501186,0.045550596,0.21422529,0.21079081,-0.014514471,0.33011803,-0.03041333
../data/train_data_mmini/5/Train_0023.jpg	5	-1.0,1.0,1.0,-1.0,1.0,1.0,1.0,1.0,-1.0,-1.0,1.0,-1.0,1.0,-1.0,-1.0,-1.0,-1.0,1.0,1.0,1.0,1.0,-1.0,1.0,-1.0	-0.016117373,0.030579217,0.055798437,-0.06658556,0.008704021,0.14391068,0.057496544,0.06613682,-0.27797195,-0.065447725,0.12102175,-0.049305204,0.09310383,-0.09313511,-0.083177775,-0.27084577,-0.16516565,0.03641959,0.066514194,0.18065172,0.25141567,-0.02307344,0.30886278,-0.015441594
../data/train_data_mmini/5/Train_0024.jpg	5	-1.0,1.0,1.0,-1.0,-1.0,1.0,1.0,1.0,-1.0,-1.0,1.0,-1.0,1.0,-1.0,-1.0,-1.0,-1.0,1.0,1.0,1.0,1.0,-1.0,1.0,-1.0	-0.07015187,0.08231905,0.07297048,-0.0052431766,-0.026365913,0.19692136,0.039829608,0.05945895,-0.2699026,-0.07514926,0.12853794,-0.04463002,0.116501056,-0.105243474,-0.090488225,-0.25831768,-0.1995846,0.06999191,0.03351874,0.18823309,0.23329508,-0.026134541,0.23349047,-0.0039931135
../data/train_data_mmini/6/Train_0025.jpg	6	-1.0,1.0,1.0,1.0,-1.0,1.0,1.0,-1.0,-1.0,-1.0,1.0,-1.0,1.0,-1.0,-1.0,-1.0,-1.0,1.0,-1.0,1.0,1.0,-1.0,1.0,1.0	-0.1754684,0.34447104,0.11088896,0.034308877,-0.004260083,0.20455132,0.14369404,-0.022833083,-0.4323718,-0.10306815,0.10769324,-0.001686456,0.0654303,-0.0010166726,-0.035719078,-0.30495176,-0.22012159,0.01626873,-0.11324678,0.3364,0.096499786,-0.1695078,0.31581423,0.002020196
../data/train_data_mmini/6/Train_0026.jpg	6	-1.0,1.0,1.0,-1.0,1.0,1.0,1.0,1.0,-1.0,-1.0,1.0,-1.0,1.0,-1.0,1.0,-1.0,-1.0,1.0,1.0,1.0,1.0,1.0,1.0,1.0	-0.09601271,0.08394035,0.04171209,-0.102924034,0.03456622,0.17797968,0.06293204,0.111123,-0.3124042,-0.16742387,0.11220387,-0.061735626,0.13190307,-0.08326974,0.008312326,-0.31595555,-0.11458646,0.1421038,0.04691055,0.16173135,0.25343895,0.04741928,0.25022462,0.0036953734
../data/train_data_mmini/6/Train_0027.jpg	6	-1.0,1.0,1.0,-1.0,-1.0,1.0,1.0,1.0,-1.0,-1.0,1.0,-1.0,1.0,-1.0,-1.0,-1.0,-1.0,1.0,-1.0,1.0,1.0,-1.0,1.0,-1.0	-0.06143916,0.18231517,0.0560587,-0.011780711,-0.026036792,0.2516082,0.07478166,0.034722187,-0.22692427,-0.122667775,0.16462114,-0.040701676,0.06007149,-0.041825656,-0.08573553,-0.2599852,-0.12877926,0.12997736,-0.07471684,0.2072968,0.28725323,-0.004493161,0.2238231,-0.019911211
../data/train_data_mmini/6/Train_0028.jpg	6	-1.0,1.0,1.0,-1.0,-1.0,1.0,1.0,1.0,-1.0,-1.0,1.0,-1.0,1.0,-1.0,-1.0,-1.0,-1.0,1.0,1.0,1.0,1.0,1.0,1.0,1.0	-0.06028876,0.12756439,0.02354251,-0.05385579,-0.05544324,0.2403458,0.13522552,0.054479655,-0.19386831,-0.1137832,0.16508248,-0.03198585,0.03675129,-0.019649094,-0.0885504,-0.30236378,-0.009675804,0.17942399,0.022883257,0.098639295,0.21935643,0.025212537,0.22337045,0.008478015
../data/train_data_mmini/6/Train_0029.jpg	6	-1.0,1.0,1.0,1.0,-1.0,1.0,1.0,1.0,-1.0,-1.0,1.0,-1.0,1.0,-1.0,-1.0,-1.0,-1.0,1.0,-1.0,1.0,1.0,-1.0,1.0,-1.0	-0.0038980865,0.24289511,0.07553247,0.0546471,-0.08567289,0.2497347,0.10950288,0.08467792,-0.3202116,-0.13504452,0.2162477,-0.04395996,0.06795354,-0.07155668,-0.11807668,-0.1996961,-0.1976944,0.13964696,-0.09274434,0.27271587,0.16609156,-0.05823886,0.224032,-0.017206406
../data/train_data_mmini/7/Train_0030.jpg	7	-1.0,1.0,1.0,-1.0,-1.0,1.0,1.0,1.0,-1.0,-1.0,1.0,-1.0,1.0,-1.0,-1.0,-1.0,-1.0,1.0,-1.0,1.0,1.0,-1.0,1.0,-1.0	-0.06915211,0.090668485,0.10360028,-0.01642807,-0.028617624,0.22985895,0.08603387,0.051185448,-0.28039426,-0.08416215,0.16421795,-0.006560539,0.09155655,-0.11752354,-0.105968155,-0.2944979,-0.15715028,0.046222128,-0.013348861,0.20674753,0.20406356,-0.049279835,0.27422622,-0.060126316
../data/train_data_mmini/7/Train_0031.jpg	7	-1.0,1.0,1.0,-1.0,-1.0,1.0,1.0,1.0,-1.0,-1.0,1.0,-1.0,1.0,-1.0,-1.0,-1.0,-1.0,1.0,-1.0,1.0,1.0,-1.0,1.0,-1.0	-0.07615454,0.22441396,0.10995231,-0.00745634,-0.03425295,0.25552186,0.16328879,0.06714735,-0.3365426,-0.14674422,0.17701186,-0.048160855,0.093541935,-0.119528204,-0.17341834,-0.32204613,-0.22645098,0.17449364,-0.050044257,0.2149734,0.23755144,-0.067720726,0.27581683,-0.07118497
../data/train_data_mmini/7/Train_0032.jpg	7	-1.0,1.0,1.0,-1.0,-1.0,1.0,1.0,1.0,-1.0,-1.0,1.0,-1.0,-1.0,1.0,-1.0,-1.0,-1.0,1.0,-1.0,1.0,1.0,-1.0,1.0,-1.0	-0.15900415,0.20975852,0.12546538,-0.045070123,-0.034249905,0.30158508,0.13430333,0.02224845,-0.15085566,-0.12093436,0.15584847,-0.16665582,-0.0105533535,0.0042331875,-0.16728243,-0.286803,-0.069121405,0.23352478,-0.09989523,0.13224052,0.3134614,-0.050011676,0.18595916,-0.09875351
../data/train_data_mmini/7/Train_0033.jpg	7	-1.0,1.0,1.0,-1.0,-1.0,1.0,1.0,1.0,-1.0,-1.0,1.0,1.0,1.0,-1.0,-1.0,-1.0,-1.0,1.0,-1.0,1.0,1.0,-1.0,1.0,-1.0	-0.080236696,0.085051954,0.09646057,-0.08066536,-0.0046008364,0.1870445,0.0793636,0.051948678,-0.2807939,-0.083409585,0.19032057,0.027612109,0.14299215,-0.13222237,-0.11585783,-0.29579705,-0.14090987,0.119557396,-0.07193234,0.23242815,0.24131225,-0.004234759,0.3282143,-0.066010185
../data/train_data_mmini/7/Train_0034.jpg	7	-1.0,1.0,-1.0,1.0,-1.0,1.0,1.0,-1.0,-1.0,-1.0,1.0,-1.0,-1.0,1.0,-1.0,-1.0,-1.0,1.0,1.0,1.0,1.0,-1.0,1.0,-1.0	-0.14188373,0.17746624,-0.03274635,0.058069173,-0.035329666,0.29624042,0.18273275,-0.015206815,-0.27525446,-0.21370545,0.1284963,-0.0906323,-0.026437394,0.07177666,-0.07113431,-0.31553125,-0.06324243,0.22988695,0.0009141758,0.18429506,0.19120602,-0.002872409,0.17374405,-0.002598933
../data/train_data_mmini/8/Train_0035.jpg	8	-1.0,1.0,1.0,1.0,-1.0,1.0,1.0,-1.0,-1.0,-1.0,1.0,-1.0,1.0,-1.0,-1.0,-1.0,-1.0,1.0,1.0,1.0,1.0,-1.0,1.0,-1.0	-0.08521932,0.07397176,0.06605225,0.04704941,-0.03576492,0.26389548,0.13889962,-0.026585348,-0.31845886,-0.033767436,0.13999784,-0.07706721,0.12994926,-0.10373127,-0.10930316,-0.21522503,-0.1434933,0.07768163,0.0040174606,0.16867448,0.22329496,-0.020390369,0.30412635,-0.08850122
../data/train_data_mmini/8/Train_0036.jpg	8	-1.0,1.0,1.0,1.0,-1.0,1.0,1.0,1.0,-1.0,-1.0,1.0,-1.0,1.0,-1.0,-1.0,-1.0,-1.0,1.0,-1.0,1.0,1.0,-1.0,1.0,-1.0	-0.084437676,0.20810606,0.058420062,0.036437765,-0.028502047,0.26616317,0.12124054,0.03383359,-0.4087927,-0.0986005,0.14852203,-0.021069823,0.08578506,-0.13740732,-0.094750315,-0.3084415,-0.20522426,0.12957813,-0.08991516,0.22766146,0.2149911,-0.080476396,0.35802534,-0.0127036935
../data/train_data_mmini/8/Train_0037.jpg	8	-1.0,1.0,1.0,1.0,-1.0,1.0,1.0,1.0,-1.0,-1.0,1.0,-1.0,1.0,-1.0,-1.0,-1.0,-1.0,1.0,-1.0,1.0,1.0,-1.0,1.0,-1.0	-0.101813205,0.1802052,0.06867622,0.006933123,-0.064368255,0.326122,0.14509936,0.039650902,-0.30374995,-0.14167628,0.19726051,-0.09837196,0.083310366,-0.07629649,-0.12244023,-0.32588348,-0.06954813,0.1736944,-0.088690534,0.19814233,0.23221722,-0.03881417,0.22547506,-0.0029830793
../data/train_data_mmini/8/Train_0038.jpg	8	-1.0,1.0,1.0,-1.0,-1.0,1.0,1.0,-1.0,-1.0,-1.0,1.0,-1.0,1.0,-1.0,-1.0,-1.0,-1.0,1.0,-1.0,1.0,1.0,-1.0,1.0,-1.0	-0.014541043,0.150959,0.07891859,-0.026663756,-0.039137445,0.26392484,0.09635068,-0.014473675,-0.2915182,-0.1611601,0.15529083,-0.06454964,0.035188574,-0.035882935,-0.09518637,-0.19938181,-0.17708057,0.11681939,-0.007936907,0.19904275,0.20276457,-0.035126265,0.2586725,-0.08457234
../data/train_data_mmini/8/Train_0039.jpg	8	-1.0,1.0,1.0,1.0,-1.0,1.0,1.0,-1.0,-1.0,-1.0,1.0,-1.0,1.0,-1.0,-1.0,-1.0,-1.0,1.0,-1.0,1.0,1.0,-1.0,1.0,-1.0	-0.026042905,0.1343442,0.047765337,0.053312548,-0.045428265,0.3590055,0.1575752,-0.011361446,-0.3073423,-0.093053825,0.21044037,-0.06431717,0.12393136,-0.13308975,-0.12150592,-0.28959903,-0.19258587,0.074719444,-0.05925623,0.23670776,0.21460028,-0.0463538,0.30332166,-0.029726705
../data/train_data_mmini/9/Train_0040.jpg	9	-1.0,1.0,1.0,-1.0,-1.0,1.0,1.0,1.0,-1.0,-1.0,1.0,-1.0,1.0,-1.0,-1.0,-1.0,-1.0,1.0,1.0,1.0,1.0,-1.0,1.0,-1.0	-0.060212247,0.06607433,0.06796736,-0.05322679,-0.03348949,0.25230485,0.119573906,0.0699066,-0.27363995,-0.06641058,0.1595827,-0.09838641,0.07999963,-0.09625158,-0.10067049,-0.26420817,-0.15444355,0.07245647,0.014395878,0.20122528,0.22991812,-0.02618677,0.25577605,-0.03943761
../data/train_data_mmini/9/Train_0041.jpg	9	-1.0,1.0,1.0,-1.0,-1.0,1.0,1.0,1.0,-1.0,-1.0,1.0,1.0,1.0,-1.0,-1.0,-1.0,-1.0,1.0,-1.0,1.0,1.0,-1.0,1.0,-1.0	-0.11166816,0.1684997,0.07150913,-0.029635932,-0.004660159,0.2462771,0.17532855,0.012803664,-0.32490557,-0.09880703,0.18652378,0.0031516326,0.07981798,-0.081006505,-0.1764839,-0.34835875,-0.20656393,0.13754477,-0.04665929,0.20307872,0.25704166,-0.025834158,0.35826373,-0.06434178
../data/train_data_mmini/9/Train_0042.jpg	9	-1.0,1.0,1.0,-1.0,-1.0,1.0,1.0,1.0,-1.0,-1.0,1.0,-1.0,1.0,-1.0,-1.0,-1.0,-1.0,1.0,-1.0,1.0,1.0,-1.0,1.0,-1.0	-0.04354918,0.12637624,0.13533522,-0.061642632,-0.056375165,0.26677123,0.13068989,0.05059955,-0.14645459,-0.069400325,0.14551915,-0.0821729,0.028796962,-0.029469432,-0.13816752,-0.24954216,-0.08092565,0.14256759,-0.05875728,0.12264907,0.19307029,-0.04887322,0.07751425,-0.017489135
../data/train_data_mmini/9/Train_0043.jpg	9	-1.0,1.0,1.0,-1.0,-1.0,1.0,1.0,1.0,-1.0,-1.0,1.0,-1.0,1.0,-1.0,-1.0,-1.0,-1.0,1.0,-1.0,1.0,1.0,1.0,1.0,-1.0	-0.054735497,0.088824905,0.08442206,-0.035963133,-0.00015888235,0.26984414,0.1336633,0.026673539,-0.28534225,-0.0350698,0.17242037,-0.05576258,0.1114687,-0.121786095,-0.1067723,-0.27081132,-0.1261322,0.1070249,-0.0015486103,0.2143083,0.26516855,0.00474714,0.35654145,-0.024195725
../data/train_data_mmini/9/Train_0044.jpg	9	-1.0,1.0,1.0,-1.0,-1.0,1.0,1.0,1.0,-1.0,-1.0,1.0,-1.0,1.0,-1.0,-1.0,-1.0,-1.0,1.0,-1.0,1.0,1.0,-1.0,1.0,-1.0	-0.068882264,0.23807274,0.099326536,-0.023422698,-0.03259194,0.26930517,0.12950782,0.02299692,-0.27280515,-0.12192313,0.1570414,-0.06608077,0.0770571,-0.03322815,-0.09418159,-0.26515415,-0.17106225,0.088483535,-0.0708871,0.26065093,0.22760311,-0.07155396,0.20533128,-0.023676725
../data/train_data_mmini/10/Train_0045.jpg	10	-1.0,1.0,1.0,1.0,-1.0,1.0,1.0,-1.0,-1.0,-1.0,1.0,-1.0,1.0,-1.0,-1.0,-1.0,-1.0,1.0,-1.0,1.0,1.0,1.0,1.0,-1.0	-0.09524491,0.2781582,0.039452814,0.078255594,-0.07597324,0.40006196,0.21121542,-0.027568726,-0.40048733,-0.10134274,0.15178382,-0.09850454,0.069213405,-0.09072213,-0.13518834,-0.2567848,-0.1275604,0.1317419,-0.1336415,0.19934115,0.20903003,0.005431017,0.2607009,-0.054754034
../data/train_data_mmini/10/Train_0046.jpg	10	-1.0,1.0,1.0,1.0,-1.0,1.0,1.0,1.0,-1.0,-1.0,1.0,-1.0,-1.0,1.0,-1.0,-1.0,-1.0,1.0,-1.0,1.0,1.0,-1.0,1.0,1.0	-0.06293414,0.20060755,0.08236894,0.03460102,-0.057720702,0.27960795,0.11751049,0.024411073,-0.13807163,-0.11790963,0.19982052,-0.10282721,-0.0060401517,0.034466296,-0.05645239,-0.14745088,-0.016239848,0.18725595,-0.09820931,0.13598917,0.1318595,-0.048467543,0.066178516,0.011976394
../data/train_data_mmini/10/Train_0047.jpg	10	-1.0,1.0,1.0,1.0,-1.0,1.0,1.0,1.0,-1.0,-1.0,1.0,-1.0,1.0,-1.0,-1.0,-1.0,-1.0,1.0,-1.0,1.0,1.0,-1.0,1.0,-1.0	-0.08753226,0.30950814,0.018701937,0.043824825,-0.073004745,0.37570682,0.22529303,0.011672581,-0.43127498,-0.16138075,0.14371067,-0.13436592,0.0012150864,-0.06013639,-0.16892682,-0.31471676,-0.15572916,0.20110528,-0.14437854,0.27054736,0.22455856,-0.031802345,0.22354077,-0.034641694
../data/train_data_mmini/10/Train_0048.jpg	10	-1.0,1.0,1.0,1.0,-1.0,1.0,1.0,-1.0,-1.0,-1.0,1.0,-1.0,1.0,-1.0,-1.0,-1.0,-1.0,-1.0,-1.0,1.0,1.0,-1.0,1.0,-1.0	-0.09711542,0.2680824,0.0972596,0.10214063,-0.058385693,0.32112065,0.18106328,-0.081344716,-0.46890208,-0.16717882,0.08006102,-0.074531026,0.073858984,-0.0739996,-0.13914335,-0.27014738,-0.33158055,-0.0031599242,-0.1300282,0.28350565,0.22099039,-0.109929614,0.34690627,-0.061738454
../data/train_data_mmini/10/Train_0049.jpg	10	-1.0,1.0,1.0,1.0,-1.0,1.0,1.0,-1.0,-1.0,-1.0,1.0,-1.0,1.0,-1.0,-1.0,-1.0,-1.0,1.0,-1.0,1.0,1.0,-1.0,1.0,-1.0	-0.050172232,0.14418997,0.060951907,0.048772905,-0.020805992,0.32078862,0.15232423,-0.06005097,-0.34655106,-0.123164095,0.17547445,-0.08086913,0.13518669,-0.067888595,-0.12914132,-0.24176466,-0.16661483,0.0640928,-0.052982315,0.24043353,0.19317383,-0.037310492,0.29563737,-0.06590343
