../data/train_data_mmini/1/Train_0000.jpg	1	-1.0,-1.0,1.0,-1.0,-1.0,-1.0,-1.0,1.0,-1.0,-1.0,1.0,1.0,1.0,-1.0,-1.0,1.0,-1.0,1.0,1.0,-1.0,1.0,1.0,-1.0,-1.0	-0.0016970864,-0.15865225,0.21565722,-0.0007699457,-0.031833235,-0.3422696,-0.022901818,0.22112513,-0.0010690691,-0.38472545,0.026487865,0.1354084,0.10319065,-0.2659618,-0.02994838,0.17772166,-0.11885074,0.29903442,0.017506769,-0.23531303,0.20842785,0.08576459,-0.36653593,-0.083069414
../data/train_data_mmini/1/Train_0001.jpg	1	1.0,-1.0,1.0,1.0,1.0,-1.0,-1.0,1.0,-1.0,-1.0,1.0,1.0,-1.0,-1.0,-1.0,1.0,-1.0,1.0,1.0,-1.0,1.0,1.0,-1.0,1.0	0.009298318,-0.24737072,0.20386095,0.0031196706,0.030556958,-0.37564975,-0.07439717,0.204317,-0.027600594,-0.5235437,0.038403306,0.12855719,-0.0067931367,-0.23922567,-0.050854847,0.014670229,-0.19870633,0.31215057,0.067107975,-0.27275038,0.41686198,0.18139665,-0.321241,0.03546785
../data/train_data_mmini/1/Train_0002.jpg	1	-1.0,-1.0,1.0,-1.0,1.0,-1.0,1.0,1.0,-1.0,-1.0,-1.0,1.0,1.0,-1.0,-1.0,1.0,-1.0,1.0,1.0,-1.0,1.0,1.0,-1.0,-1.0	-0.016097393,-0.14053512,0.20675078,-0.05149251,0.0018095663,-0.3782501,0.1313883,0.13969743,-0.023340834,-0.25097552,-0.022035642,0.18193127,0.11581379,-0.22668996,-0.08614617,0.105520815,-0.058811553,0.20850378,0.058644272,-0.2741511,0.1978002,0.11159399,-0.2861441,-0.018732464
../data/train_data_mmini/1/Train_0003.jpg	1	-1.0,-1.0,1.0,-1.0,-1.0,-1.0,-1.0,1.0,-1.0,-1.0,-1.0,1.0,1.0,-1.0,-1.0,1.0,-1.0,1.0,-1.0,-1.0,1.0,1.0,-1.0,-1.0	-0.026016187,-0.17572883,0.1997326,-0.025743121,-0.04353791,-0.27699032,-0.03711075,0.2702447,-0.09417987,-0.41178438,-0.043245442,0.063648015,0.05789964,-0.23012282,-0.011351723,0.101146154,-0.11034674,0.2956517,-0.030393774,-0.230331,0.33526003,0.1773118,-0.32764876,-0.054907624
../data/train_data_mmini/1/Train_0004.jpg	1	1.0,-1.0,1.0,-1.0,-1.0,-1.0,-1.0,1.0,1.0,-1.0,1.0,1.0,1.0,-1.0,-1.0,1.0,-1.0,1.0,1.0,-1.0,1.0,1.0,-1.0,-1.0	0.057865363,-0.15754008,0.3204945,-0.017731076,-0.037300847,-0.32994112,-0.09450811,0.2012523,0.013453595,-0.33775374,0.08158188,0.094784535,0.11941924,-0.29989186,-0.10294668,0.23152626,-0.12993173,0.29709738,0.0041570743,-0.25691915,0.21711054,0.06619496,-0.48453015,-0.17652692
../data/train_data_mmini/2/Train_0005.jpg	2	1.0,-1.0,1.0,-1.0,1.0,-1.0,-1.0,1.0,-1.0,-1.0,1.0,1.0,1.0,-1.0,-1.0,1.0,-1.0,1.0,-1.0,-1.0,1.0,1.0,-1.0,-1.0	0.10018869,-0.16272803,0.39913005,-0.07580171,0.074494064,-0.22741458,-0.051962584,0.31820482,-0.16384572,-0.48147258,0.026931375,0.20984869,0.06630493,-0.29095307,-0.0607974,0.23550491,-0.13797814,0.24992642,-0.08010493,-0.2823576,0.40612558,0.16191202,-0.45822108,-0.050449796
../data/train_data_mmini/2/Train_0006.jpg	2	1.0,-1.0,1.0,-1.0,-1.0,-1.0,-1.0,1.0,-1.0,-1.0,1.0,1.0,1.0,-1.0,-1.0,1.0,-1.0,1.0,-1.0,-1.0,1.0,-1.0,-1.0,-1.0	0.18286845,-0.14161636,0.4708454,-0.108003795,-0.099710084,-0.1663482,-0.1549752,0.17732228,-0.16758347,-0.22119641,0.0988866,0.22027016,0.18050022,-0.3135827,-0.1858549,0.25931174,-0.07407507,0.20100166,-0.09900173,-0.2996218,0.21786301,-0.051160414,-0.48849258,-0.107333384
../data/train_data_mmini/2/Train_0007.jpg	2	1.0,-1.0,1.0,1.0,1.0,-1.0,1.0,1.0,1.0,-1.0,-1.0,1.0,1.0,-1.0,-1.0,1.0,-1.0,1.0,1.0,-1.0,1.0,1.0,-1.0,-1.0	0.06390145,-0.17132238,0.3059476,0.057677455,0.0115100285,-0.38324687,0.014022499,0.21298464,0.066512644,-0.54698575,-0.038053762,0.02489096,0.06422449,-0.2581573,-0.11058983,0.13898589,-0.17648533,0.32028818,0.021632448,-0.22951436,0.31790912,0.1537071,-0.44379058,-0.074907586
../data/train_data_mmini/2/Train_0008.jpg	2	1.0,-1.0,1.0,1.0,1.0,-1.0,-1.0,1.0,1.0,-1.0,1.0,1.0,1.0,-1.0,-1.0,1.0,-1.0,1.0,1.0,-1.0,1.0,1.0,-1.0,-1.0	0.11670669,-0.062200394,0.26981655,0.008210807,0.034310717,-0.40160397,-0.0048297704,0.12509081,0.076347716,-0.2312531,0.09162195,0.1684313,0.15527563,-0.26930207,-0.09711007,0.2655863,-0.15322533,0.23183845,0.009563393,-0.24292235,0.17219675,0.051170457,-0.42369756,-0.10667558
../data/train_data_mmini/2/Train_0009.jpg	2	1.0,-1.0,1.0,-1.0,1.0,-1.0,-1.0,1.0,-1.0,-1.0,1.0,1.0,1.0,-1.0,-1.0,1.0,-1.0,1.0,-1.0,-1.0,1.0,1.0,-1.0,-1.0	0.10294541,-0.25190884,0.5382047,-0.032062326,0.014867499,-0.38703027,-0.11726789,0.3221447,-0.1641426,-0.6680145,0.026689338,0.18593399,0.13228811,-0.3160964,-0.22029994,0.26151344,-0.16760007,0.34830463,-0.11761397,-0.34177834,0.50321877,0.15123653,-0.5065587,-0.07126555
../data/train_data_mmini/3/Train_0010.jpg	3	1.0,-1.0,1.0,-1.0,1.0,-1.0,-1.0,1.0,-1.0,-1.0,1.0,1.0,1.0,-1.0,-1.0,1.0,-1.0,1.0,-1.0,-1.0,1.0,1.0,-1.0,-1.0	0.042864796,-0.13773924,0.2718023,-0.040336214,0.14455444,-0.3565742,-0.10939038,0.16933209,-0.023950206,-0.40748996,0.07148856,0.047483377,0.12040725,-0.24083675,-0.031961657,0.0330454,-0.2707811,0.24744302,-0.015732987,-0.12826851,0.35065198,0.0890846,-0.27601498,-0.090020284
../data/train_data_mmini/3/Train_0011.jpg	3	1.0,-1.0,1.0,-1.0,-1.0,-1.0,1.0,1.0,-1.0,-1.0,-1.0,1.0,-1.0,-1.0,-1.0,1.0,-1.0,1.0,1.0,-1.0,1.0,1.0,-1.0,-1.0	0.055079695,-0.2332615,0.2524376,-0.037181888,-0.0031332048,-0.37766874,0.10233922,0.19580865,-0.047426037,-0.37311095,-0.051901694,0.22348164,-0.012193431,-0.3393779,-0.13105683,0.12196058,-0.09534839,0.22517434,0.025385443,-0.29343763,0.32065234,0.030819278,-0.4864985,-0.04863628
../data/train_data_mmini/3/Train_0012.jpg	3	1.0,-1.0,1.0,-1.0,-1.0,-1.0,-1.0,1.0,-1.0,-1.0,-1.0,1.0,1.0,-1.0,-1.0,1.0,-1.0,1.0,-1.0,-1.0,1.0,1.0,-1.0,-1.0	0.066637695,-0.3862149,0.41359097,-0.0923862,-0.19771434,-0.24814372,-0.11186847,0.18656194,-0.17873183,-0.40875074,-0.043418996,0.24203186,0.03448505,-0.29738227,-0.10452318,0.19174653,-0.15244146,0.35499635,-0.06644812,-0.31457576,0.41153824,0.04984211,-0.47030953,-0.113472864
../data/train_data_mmini/3/Train_0013.jpg	3	1.0,-1.0,1.0,-1.0,-1.0,-1.0,-1.0,1.0,-1.0,-1.0,1.0,1.0,1.0,-1.0,-1.0,1.0,-1.0,1.0,-1.0,-1.0,1.0,1.0,-1.0,-1.0	0.20333937,-0.10445427,0.40604946,-0.059430666,-0.0058791107,-0.30172345,-0.1039464,0.17450422,-0.029943025,-0.23174986,0.102691084,0.2599228,0.2022222,-0.29372516,-0.19224325,0.20117557,-0.14178579,0.27183345,-0.05794077,-0.30124345,0.25905526,0.06615302,-0.4204649,-0.14157563
../data/train_data_mmini/3/Train_0014.jpg	3	1.0,-1.0,1.0,-1.0,-1.0,-1.0,-1.0,1.0,-1.0,-1.0,1.0,1.0,1.0,-1.0,-1.0,1.0,-1.0,1.0,-1.0,-1.0,1.0,1.0,-1.0,-1.0	0.18931298,-0.14274667,0.47001022,-0.056979753,-0.023482136,-0.30118886,-0.07248802,0.20331456,-0.030115286,-0.41247895,0.06949432,0.22508499,0.13409597,-0.3899994,-0.1582973,0.17487237,-0.18882409,0.2440367,-0.0547129,-0.3259252,0.32064366,0.026637997,-0.5100812,-0.013612628
../data/train_data_mmini/4/Train_0015.jpg	4	1.0,-1.0,1.0,-1.0,-1.0,-1.0,-1.0,1.0,-1.0,-1.0,1.0,1.0,1.0,-1.0,-1.0,1.0,-1.0,1.0,-1.0,-1.0,1.0,-1.0,-1.0,-1.0	0.055567466,-0.10875607,0.30720633,-0.012720332,-0.033914965,-0.292163,-0.006759551,0.24325703,-0.088262394,-0.24599853,0.04141407,0.2213324,0.13626948,-0.20481409,-0.035703883,0.26112103,-0.15580909,0.26456228,-0.038833708,-0.27872312,0.24271837,-0.0028672665,-0.44885525,-0.11224929
../data/train_data_mmini/4/Train_0016.jpg	4	-1.0,-1.0,1.0,-1.0,1.0,-1.0,1.0,1.0,-1.0,-1.0,1.0,1.0,1.0,-1.0,-1.0,1.0,-1.0,1.0,-1.0,-1.0,1.0,1.0,-1.0,1.0	-0.0760997,-0.25749338,0.16140947,-0.0058280863,0.01831704,-0.31783652,0.10276772,0.14100502,-0.0681337,-0.4450518,0.024829455,0.18172628,0.01814151,-0.21272396,-0.09285981,0.03953957,-0.16742615,0.15363024,-0.0056934967,-0.29999796,0.42426094,0.2512057,-0.27098805,0.09160004
../data/train_data_mmini/4/Train_0017.jpg	4	1.0,-1.0,1.0,-1.0,-1.0,-1.0,-1.0,1.0,-1.0,-1.0,1.0,1.0,1.0,-1.0,-1.0,1.0,-1.0,1.0,-1.0,-1.0,1.0,1.0,-1.0,-1.0	0.04563922,-0.31314954,0.4184059,-0.1793224,-0.094694346,-0.15884906,-0.0960233,0.3076178,-0.27747363,-0.37568843,0.027423829,0.29322094,0.026224641,-0.26240674,-0.1313689,0.22798032,-0.09252631,0.11732832,-0.035032813,-0.36323044,0.50301015,0.122122034,-0.42046303,-0.024880955
../data/train_data_mmini/4/Train_0018.jpg	4	1.0,-1.0,1.0,1.0,1.0,-1.0,1.0,1.0,1.0,-1.0,1.0,1.0,1.0,-1.0,-1.0,1.0,-1.0,1.0,1.0,-1.0,1.0,1.0,-1.0,1.0	0.12871501,-0.11530987,0.20846474,0.06600145,0.0036934009,-0.36255252,0.011981722,0.21439202,0.050222855,-0.4332107,0.029072702,0.14564309,0.15880905,-0.24898148,-0.078121305,0.08002098,-0.18325798,0.24615052,0.02956737,-0.20410171,0.27423137,0.15072513,-0.33303896,0.04145482
../data/train_data_mmini/4/Train_0019.jpg	4	1.0,-1.0,1.0,-1.0,-1.0,-1.0,-1.0,1.0,-1.0,-1.0,1.0,1.0,1.0,-1.0,-1.0,1.0,-1.0,1.0,-1.0,-1.0,1.0,-1.0,-1.0,-1.0	0.1358175,-0.116106495,0.502937,-0.1875291,-0.073228516,-0.16091917,-0.15602699,0.22970413,-0.22505896,-0.19200268,0.048410382,0.24874653,0.14182943,-0.32739574,-0.23698741,0.24205069,-0.07756847,0.1637624,-0.15734069,-0.36743194,0.27405027,-0.027340803,-0.4625109,-0.13845739
../data/train_data_mmini/5/Train_0020.jpg	5	1.0,-1.0,1.0,1.0,-1.0,-1.0,-1.0,1.0,-1.0,-1.0,-1.0,1.0,1.0,-1.0,-1.0,1.0,-1.0,1.0,1.0,-1.0,1.0,1.0,-1.0,-1.0	0.07367434,-0.15058336,0.25210273,0.014318822,-0.012386822,-0.2821678,-0.03515564,0.18025754,-0.007858655,-0.54933006,-0.04163231,0.06093609,0.025035454,-0.26594296,-0.14436096,0.08808988,-0.13088097,0.27063268,0.04707928,-0.22926305,0.3782038,0.22010198,-0.40600762,-0.043649253
../data/train_data_mmini/5/Train_0021.jpg	5	1.0,-1.0,1.0,-1.0,-1.0,-1.0,-1.0,1.0,-1.0,-1.0,1.0,1.0,1.0,-1.0,-1.0,1.0,-1.0,1.0,-1.0,-1.0,1.0,1.0,-1.0,-1.0	0.16087885,-0.18720374,0.44514492,-0.029745271,-0.08340335,-0.36613524,-0.03691926,0.33078364,-0.09500793,-0.32271355,0.08469344,0.20214577,0.17549647,-0.27236992,-0.12822343,0.39419538,-0.115332596,0.24434878,-0.058196973,-0.3227288,0.2729072,0.029887253,-0.58812386,-0.20056832
../data/train_data_mmini/5/Train_0022.jpg	5	1.0,-1.0,1.0,-1.0,-1.0,-1.0,-1.0,1.0,-1.0,-1.0,1.0,1.0,1.0,-1.0,-1.0,1.0,-1.0,1.0,-1.0,-1.0,1.0,1.0,-1.0,-1.0	0.15980099,-0.1331893,0.35928172,-0.03354384,-0.020452239,-0.3422579,-0.09359723,0.19117372,-0.029146373,-0.4535604,0.035613306,0.09336623,0.08739,-0.22878642,-0.17220636,0.22814295,-0.15449406,0.29928836,-0.060824867,-0.21363428,0.31740925,0.08046151,-0.4583551,-0.14953351
../data/train_data_mmini/5/Train_0023.jpg	5	1.0,-1.0,1.0,1.0,1.0,-1.0,-1.0,1.0,-1.0,-1.0,1.0,1.0,1.0,-1.0,-1.0,1.0,-1.0,1.0,1.0,-1.0,1.0,1.0,-1.0,-1.0	0.11323941,-0.11028586,0.18422247,0.06596337,0.00350847,-0.28537625,-0.044849005,0.20437416,-0.043493215,-0.46320173,0.013299497,0.046364784,0.054879338,-0.23781385,-0.09870576,0.07519078,-0.12006305,0.23078555,0.008233265,-0.21062134,0.24369222,0.1508716,-0.31920606,-0.024143925
../data/train_data_mmini/5/Train_0024.jpg	5	1.0,-1.0,1.0,1.0,-1.0,-1.0,-1.0,1.0,-1.0,-1.0,1.0,1.0,1.0,-1.0,-1.0,1.0,-1.0,1.0,-1.0,-1.0,1.0,1.0,-1.0,-1.0	0.07708808,-0.2629119,0.3716826,0.0025501258,-0.060182255,-0.3530053,-0.054466497,0.22104302,-0.083753474,-0.42983633,0.022487428,0.094164304,0.07780337,-0.29452088,-0.08981486,0.1962584,-0.1762384,0.29048815,-0.013225072,-0.30544952,0.35590732,0.09420973,-0.5388204,-0.17607188
../data/train_data_mmini/6/Train_0025.jpg	6	1.0,-1.0,1.0,-1.0,-1.0,-1.0,-1.0,1.0,-1.0,-1.0,-1.0,1.0,1.0,-1.0,-1.0,1.0,-1.0,1.0,-1.0,-1.0,1.0,1.0,-1.0,-1.0	0.14338055,-0.27441415,0.39708212,-0.25082853,-0.11409882,-0.20502588,-0.0619696,0.2109141,-0.2513342,-0.4597773,-0.23059542,0.122561865,0.0007333021,-0.3613145,-0.2904696,0.11729004,-0.27733207,0.2310183,-0.23702037,-0.4538227,0.58164024,0.032345876,-0.44579396,-0.13235691
../data/train_data_mmini/6/Train_0026.jpg	6	-1.0,-1.0,1.0,1.0,1.0,-1.0,1.0,1.0,-1.0,-1.0,-1.0,1.0,-1.0,-1.0,-1.0,1.0,-1.0,1.0,-1.0,-1.0,1.0,1.0,-1.0,1.0	-0.07657108,-0.17179227,0.31594405,0.026302597,0.07641484,-0.27513397,0.0046426053,0.32855633,-0.107508644,-0.616504,-0.051721312,0.006190239,-0.040556435,-0.3012638,-0.07687716,0.11734042,-0.23857924,0.21980816,-0.037531756,-0.28563413,0.46054584,0.21636134,-0.32406333,0.03210887
../data/train_data_mmini/6/Train_0027.jpg	6	1.0,-1.0,1.0,1.0,1.0,-1.0,-1.0,1.0,-1.0,-1.0,-1.0,1.0,1.0,-1.0,-1.0,1.0,-1.0,1.0,-1.0,-1.0,1.0,1.0,-1.0,1.0	0.06993767,-0.2119622,0.307703,0.038393475,0.11446578,-0.39269227,-0.026734535,0.19329002,-0.03044974,-0.5290169,-0.061438866,0.027986294,0.062330913,-0.2826934,-0.08716566,0.06621005,-0.34278333,0.17414212,-0.07010465,-0.24788304,0.4878188,0.14183949,-0.3093121,0.07177364
../data/train_data_mmini/6/Train_0028.jpg	6	1.0,-1.0,1.0,1.0,1.0,-1.0,1.0,1.0,1.0,-1.0,1.0,1.0,1.0,-1.0,-1.0,1.0,-1.0,1.0,1.0,-1.0,1.0,1.0,-1.0,1.0	0.06332776,-0.1842492,0.3217526,0.060841545,0.07797554,-0.38640478,0.09377603,0.091996655,0.12453047,-0.37530413,0.0015982792,0.035831504,0.12971632,-0.31657252,-0.09933004,0.11528182,-0.15328059,0.1213649,0.07713515,-0.25646967,0.2726814,0.15468915,-0.4609602,0.02189022
../data/train_data_mmini/6/Train_0029.jpg	6	1.0,-1.0,1.0,-1.0,-1.0,-1.0,-1.0,1.0,-1.0,-1.0,1.0,1.0,1.0,-1.0,-1.0,1.0,-1.0,1.0,-1.0,-1.0,1.0,1.0,-1.0,-1.0	0.12036795,-0.21460009,0.5413289,-0.09325414,-0.007910644,-0.32204628,-0.08259037,0.34566572,-0.31170157,-0.41911793,0.06909434,0.25838262,0.15375845,-0.307184,-0.12658015,0.31280938,-0.18098164,0.27534553,-0.11005846,-0.44367445,0.44550255,0.05795505,-0.42408064,-0.04848647
../data/train_data_mmini/7/Train_0030.jpg	7	1.0,-1.0,1.0,-1.0,-1.0,-1.0,-1.0,1.0,-1.0,-1.0,-1.0,1.0,1.0,-1.0,-1.0,1.0,-1.0,1.0,-1.0,-1.0,1.0,1.0,-1.0,-1.0	0.12853913,-0.25430185,0.4364472,-0.06341934,-0.0005542757,-0.31703743,-0.06485045,0.2683997,-0.16984983,-0.593252,-0.028556999,0.19509584,0.0639233,-0.30793965,-0.20698567,0.23949164,-0.14537403,0.2844232,-0.13038526,-0.33202884,0.49234784,0.12470671,-0.47264454,-0.015766656
../data/train_data_mmini/7/Train_0031.jpg	7	1.0,-1.0,1.0,-1.0,-1.0,-1.0,-1.0,1.0,-1.0,-1.0,1.0,1.0,1.0,-1.0,-1.0,1.0,-1.0,1.0,-1.0,-1.0,1.0,1.0,-1.0,-1.0	0.17739281,-0.22036086,0.48347998,-0.09695952,-0.0064191194,-0.29771188,-0.049426123,0.28827348,-0.15521586,-0.57193816,0.0030408222,0.2066298,0.104306415,-0.30482155,-0.18228815,0.18731962,-0.16471328,0.21173951,-0.04667681,-0.35440576,0.46727487,0.23860566,-0.4282187,-0.06814907
../data/train_data_mmini/7/Train_0032.jpg	7	1.0,-1.0,1.0,-1.0,-1.0,-1.0,1.0,1.0,-1.0,-1.0,-1.0,1.0,1.0,-1.0,-1.0,1.0,-1.0,1.0,-1.0,-1.0,1.0,1.0,-1.0,-1.0	0.11251054,-0.15914981,0.49302235,-0.0073469407,-0.01963873,-0.3330398,0.056208365,0.25225267,-0.027148277,-0.40816805,-0.04733729,0.17651203,0.11312369,-0.42248318,-0.12482198,0.28106502,-0.1343709,0.3209219,-0.061963744,-0.30497554,0.471011,0.011347542,-0.6227484,-0.07939996
../data/train_data_mmini/7/Train_0033.jpg	7	1.0,-1.0,1.0,-1.0,1.0,-1.0,-1.0,1.0,-1.0,-1.0,-1.0,1.0,1.0,-1.0,-1.0,1.0,-1.0,1.0,-1.0,-1.0,1.0,1.0,-1.0,-1.0	0.015431116,-0.2741542,0.43768498,-0.02915047,0.05764402,-0.32348305,-0.062010515,0.25351837,-0.12361695,-0.7006978,-0.010145694,0.106068656,0.055501208,-0.3449944,-0.09277634,0.10774562,-0.1686871,0.31044325,-0.05618742,-0.26209572,0.49291295,0.20320806,-0.44840005,-0.0955951
../data/train_data_mmini/7/Train_0034.jpg	7	1.0,-1.0,1.0,-1.0,1.0,-1.0,1.0,1.0,-1.0,-1.0,-1.0,1.0,-1.0,-1.0,-1.0,1.0,-1.0,1.0,-1.0,-1.0,1.0,1.0,-1.0,-1.0	0.14374071,-0.18075383,0.34768808,-0.09435537,0.053388912,-0.37912422,0.083556324,0.24866538,-0.054399114,-0.37506685,-0.046906263,0.046866376,-0.023855545,-0.3624051,-0.114429355,0.1561979,-0.2132532,0.19783334,-0.013165711,-0.2139045,0.36616132,0.01406759,-0.6357544,-0.10233067
../data/train_data_mmini/8/Train_0035.jpg	8	1.0,-1.0,1.0,-1.0,1.0,-1.0,-1.0,1.0,-1.0,-1.0,1.0,1.0,1.0,-1.0,-1.0,1.0,-1.0,1.0,-1.0,-1.0,1.0,1.0,-1.0,-1.0	0.20281959,-0.24729817,0.5373633,-0.020945376,0.022430468,-0.37644246,-0.1340887,0.31501102,-0.15873855,-0.5316854,0.12708186,0.1927098,0.18555897,-0.25956658,-0.2164341,0.29005072,-0.22708517,0.3455907,-0.110686995,-0.32766303,0.43721005,0.06667928,-0.5323694,-0.16653147
../data/train_data_mmini/8/Train_0036.jpg	8	1.0,-1.0,1.0,-1.0,1.0,-1.0,-1.0,1.0,-1.0,-1.0,-1.0,1.0,1.0,-1.0,-1.0,1.0,-1.0,1.0,-1.0,-1.0,1.0,1.0,-1.0,-1.0	0.15974423,-0.33171365,0.5785255,-0.16632804,0.12612212,-0.2296293,-0.023003493,0.38007966,-0.24575298,-0.6996453,-0.058387518,0.30005375,0.055497583,-0.30647826,-0.2674807,0.21659108,-0.1973525,0.26930356,-0.15574488,-0.41220698,0.6220377,0.23598824,-0.47392505,-0.033623494
../data/train_data_mmini/8/Train_0037.jpg	8	1.0,-1.0,1.0,-1.0,1.0,-1.0,1.0,1.0,-1.0,-1.0,-1.0,1.0,1.0,-1.0,-1.0,1.0,-1.0,1.0,1.0,-1.0,1.0,1.0,-1.0,1.0	0.049299188,-0.31224492,0.4785929,-0.0016311182,0.048421297,-0.3396317,0.03756378,0.3924021,-0.18711823,-0.683916,-0.028319709,0.22092097,0.04373639,-0.37557104,-0.067285135,0.24381825,-0.16735235,0.21194026,0.028677192,-0.40877038,0.6528207,0.24860723,-0.56299764,0.00246219
../data/train_data_mmini/8/Train_0038.jpg	8	1.0,-1.0,1.0,-1.0,-1.0,-1.0,-1.0,1.0,-1.0,-1.0,-1.0,1.0,1.0,-1.0,-1.0,1.0,-1.0,1.0,-1.0,-1.0,1.0,1.0,-1.0,-1.0	0.10297231,-0.24857736,0.4395052,-0.052485995,-0.013901492,-0.33446908,-0.034002192,0.271005,-0.13627823,-0.49541035,-0.0008742872,0.16746232,0.06398286,-0.21753675,-0.1826045,0.22797132,-0.15816869,0.28691036,-0.11485607,-0.3101994,0.45975924,0.13376303,-0.41167435,-0.07849476
../data/train_data_mmini/8/Train_0039.jpg	8	1.0,-1.0,1.0,-1.0,1.0,-1.0,-1.0,1.0,-1.0,-1.0,1.0,1.0,1.0,-1.0,-1.0,1.0,-1.0,1.0,-1.0,-1.0,1.0,1.0,-1.0,-1.0	0.27183804,-0.36144358,0.7251627,-0.13599098,0.07755631,-0.3855904,-0.14146395,0.41887844,-0.22315328,-0.67745674,0.05633355,0.32505155,0.19288053,-0.3453658,-0.247642,0.3494992,-0.17141254,0.34308898,-0.102316365,-0.40545592,0.58845454,0.0639688,-0.58471864,-0.16079202
../data/train_data_mmini/9/Train_0040.jpg	9	1.0,-1.0,1.0,-1.0,-1.0,-1.0,-1.0,1.0,-1.0,-1.0,1.0,1.0,1.0,-1.0,-1.0,1.0,-1.0,1.0,-1.0,-1.0,1.0,1.0,-1.0,-1.0	0.11843877,-0.19254526,0.4330781,-0.036180187,-0.056407854,-0.37687552,-0.033017125,0.31420603,-0.08338593,-0.4224017,0.043256864,0.15039852,0.09572711,-0.2562844,-0.08477032,0.30698618,-0.15515962,0.2581645,-0.04273533,-0.33395848,0.38482875,0.08684852,-0.5757305,-0.16263528
../data/train_data_mmini/9/Train_0041.jpg	9	1.0,-1.0,1.0,-1.0,1.0,-1.0,-1.0,1.0,-1.0,-1.0,-1.0,1.0,1.0,-1.0,-1.0,1.0,-1.0,1.0,-1.0,-1.0,1.0,1.0,-1.0,1.0	0.12024234,-0.27624616,0.37352362,-0.045670375,0.11642505,-0.37737313,-0.008971113,0.25639993,-0.006637437,-0.6211424,-0.0429051,0.14308412,0.015344606,-0.38239813,-0.16707434,0.011307456,-0.19136867,0.29061052,-0.010265532,-0.33128375,0.5534036,0.3204375,-0.3702031,0.044279523
../data/train_data_mmini/9/Train_0042.jpg	9	1.0,-1.0,1.0,-1.0,-1.0,-1.0,1.0,1.0,-1.0,-1.0,1.0,1.0,1.0,-1.0,-1.0,1.0,-1.0,1.0,-1.0,-1.0,1.0,1.0,-1.0,-1.0	0.06271123,-0.21407463,0.27276427,-0.007379788,-0.07244766,-0.3881898,0.021687971,0.24591956,-0.062869854,-0.23349074,0.03263965,0.25806093,0.060466383,-0.22945589,-0.052124303,0.20367038,-0.15088952,0.2845187,-0.0059295963,-0.2901158,0.28913888,0.045996267,-0.52879614,-0.17768581
../data/train_data_mmini/9/Train_0043.jpg	9	1.0,-1.0,1.0,-1.0,1.0,-1.0,-1.0,1.0,-1.0,-1.0,1.0,1.0,1.0,-1.0,-1.0,1.0,-1.0,1.0,-1.0,-1.0,1.0,1.0,-1.0,-1.0	0.17498885,-0.12560587,0.5019924,-0.02824297,0.049435977,-0.34728906,-0.11257459,0.3075753,-0.08159406,-0.47454128,0.07237513,0.2285786,0.20099154,-0.27125448,-0.14377579,0.33222198,-0.14997497,0.22915334,-0.077152096,-0.30155635,0.3946153,0.11273757,-0.55436176,-0.11657322
../data/train_data_mmini/9/Train_0044.jpg	9	1.0,-1.0,1.0,-1.0,-1.0,-1.0,-1.0,1.0,-1.0,-1.0,1.0,1.0,1.0,-1.0,-1.0,1.0,-1.0,1.0,-1.0,-1.0,1.0,1.0,-1.0,-1.0	0.06094216,-0.32118857,0.460081,-0.12849437,-0.1033339,-0.2904192,-0.12874247,0.25843045,-0.24692294,-0.40364185,0.02599441,0.21674858,0.07434252,-0.32304218,-0.16233695,0.27976927,-0.18366686,0.29395634,-0.13728158,-0.40909088,0.47807986,0.07446829,-0.49767077,-0.14572547
../data/train_data_mmini/10/Train_0045.jpg	10	1.0,-1.0,1.0,-1.0,1.0,-1.0,-1.0,1.0,-1.0,-1.0,1.0,1.0,1.0,-1.0,-1.0,1.0,-1.0,1.0,-1.0,-1.0,1.0,1.0,-1.0,-1.0	0.24521114,-0.30640876,0.76712656,-0.18099035,0.11005458,-0.40353268,-0.09638436,0.49537033,-0.2758118,-0.59542835,0.0037209718,0.2420805,0.16074835,-0.41324407,-0.27486998,0.33208904,-0.16858226,0.31699258,-0.1824132,-0.37360376,0.7214566,0.041275103,-0.60793144,-0.15623258
../data/train_data_mmini/10/Train_0046.jpg	10	-1.0,-1.0,1.0,-1.0,-1.0,-1.0,-1.0,1.0,-1.0,-1.0,1.0,1.0,1.0,-1.0,-1.0,1.0,-1.0,1.0,-1.0,-1.0,1.0,-1.0,-1.0,-1.0	-0.014446278,-0.333537,0.33490497,-0.054138962,-0.027401928,-0.24885231,-0.05673815,0.21395954,-0.22617543,-0.26890734,0.09780794,0.23885275,0.0209237,-0.29110488,-0.07156564,0.2287136,-0.042477503,0.22206548,-0.07454384,-0.26295057,0.40496343,-0.05421751,-0.38667312,-0.113967896
../data/train_data_mmini/10/Train_0047.jpg	10	1.0,-1.0,1.0,-1.0,1.0,-1.0,-1.0,1.0,-1.0,-1.0,1.0,1.0,1.0,-1.0,-1.0,1.0,-1.0,1.0,-1.0,-1.0,1.0,1.0,-1.0,-1.0	0.22099258,-0.27487826,0.67493165,-0.18175395,0.12750168,-0.29583666,-0.006297421,0.4425506,-0.29811054,-0.49547517,0.018651374,0.34270874,0.10192141,-0.33401364,-0.23954962,0.362295,-0.15064059,0.24888736,-0.117107525,-0.46394876,0.549291,0.0714738,-0.610168,-0.15395977
../data/train_data_mmini/10/Train_0048.jpg	10	1.0,-1.0,1.0,-1.0,-1.0,-1.0,-1.0,1.0,-1.0,-1.0,-1.0,1.0,1.0,-1.0,-1.0,1.0,-1.0,1.0,-1.0,-1.0,1.0,-1.0,-1.0,-1.0	0.2616383,-0.35918936,0.72005296,-0.24045698,-0.04355194,-0.27341813,-0.1309155,0.32092398,-0.32452774,-0.41385266,-0.010061592,0.24653314,0.1886546,-0.3894728,-0.37925854,0.26039407,-0.17283979,0.3713866,-0.31522748,-0.37960282,0.52061397,-0.061953623,-0.55028903,-0.3040526
../data/train_data_mmini/10/Train_0049.jpg	10	1.0,-1.0,1.0,-1.0,1.0,-1.0,-1.0,1.0,-1.0,-1.0,1.0,1.0,1.0,-1.0,-1.0,1.0,-1.0,1.0,-1.0,-1.0,1.0,1.0,-1.0,-1.0	0.20435134,-0.373963,0.65853524,-0.070518516,0.05632207,-0.37452623,-0.08162603,0.3799221,-0.1952985,-0.5749054,0.05866503,0.26855007,0.104156524,-0.29238346,-0.19958155,0.30111554,-0.1798457,0.23811801,-0.1178572,-0.42430565,0.59587014,0.04520229,-0.6086134,-0.16502091
