../data/train_data_mmini/1/Train_0000.jpg	1	-1.0,-1.0,1.0,1.0,-1.0,-1.0,1.0,1.0,1.0,-1.0,-1.0,-1.0	-0.40789342,-0.85520315,0.4687515,0.49848494,-2.0055037,-0.94132143,0.21141228,0.5763029,0.39522398,-0.1887005,-0.40072146,-0.94989187
../data/train_data_mmini/1/Train_0001.jpg	1	-1.0,-1.0,1.0,-1.0,-1.0,-1.0,1.0,1.0,-1.0,-1.0,1.0,-1.0	-0.29903978,-0.2811612,0.5986127,-0.21194619,-1.4902469,-0.46067375,0.11766847,0.107735835,-0.11155018,-0.005818453,0.09826567,-0.69166034
../data/train_data_mmini/1/Train_0002.jpg	1	1.0,-1.0,-1.0,1.0,-1.0,-1.0,1.0,1.0,1.0,-1.0,-1.0,-1.0	0.546651,-0.4654987,-0.51973504,0.5027573,-0.6009109,-0.21153927,0.10741901,0.5601396,0.68954116,-0.6376432,-1.611109,-1.3588288
../data/train_data_mmini/1/Train_0003.jpg	1	-1.0,-1.0,1.0,1.0,-1.0,-1.0,1.0,1.0,-1.0,-1.0,1.0,-1.0	-0.89997756,-0.8661861,1.0015485,0.35991234,-2.7889414,-1.1331536,0.5000493,0.6006156,-0.31055886,-0.22104096,0.21855149,-0.23792328
../data/train_data_mmini/1/Train_0004.jpg	1	-1.0,-1.0,1.0,1.0,-1.0,-1.0,1.0,1.0,1.0,1.0,-1.0,-1.0	-0.58881783,-0.87643963,0.8232276,1.139102,-2.067467,-1.3469076,0.24978635,0.7304902,0.72637266,0.14220479,-0.2987121,-0.8068777
../data/train_data_mmini/2/Train_0005.jpg	2	-1.0,1.0,1.0,-1.0,1.0,1.0,-1.0,-1.0,-1.0,-1.0,1.0,1.0	-0.6909343,1.074853,0.70565355,-0.24677259,1.4695061,0.376865,-1.2741356,-0.590995,-0.5066046,-0.03785753,0.96689445,0.4097999
../data/train_data_mmini/2/Train_0006.jpg	2	-1.0,1.0,1.0,1.0,1.0,-1.0,-1.0,1.0,1.0,-1.0,1.0,1.0	-0.3483358,0.598983,0.007366786,0.81258315,0.9516145,-0.2007007,-0.87791306,0.86321765,0.6762781,-0.945073,0.5944014,0.6151617
../data/train_data_mmini/2/Train_0007.jpg	2	-1.0,-1.0,1.0,1.0,-1.0,-1.0,1.0,1.0,1.0,1.0,1.0,-1.0	-0.7749828,-0.78600013,1.0556713,0.6574018,-2.309444,-1.6340544,0.47065833,0.34058544,0.08515742,0.5095295,0.3952249,-0.44429526
../data/train_data_mmini/2/Train_0008.jpg	2	1.0,-1.0,1.0,1.0,-1.0,-1.0,-1.0,1.0,1.0,-1.0,-1.0,-1.0	0.13979602,-0.46536016,0.087066434,1.2807348,-0.12172351,-0.9540228,-0.092214085,0.93386745,1.7541391,-0.02870458,-0.98368806,-1.1636838
../data/train_data_mmini/2/Train_0009.jpg	2	-1.0,1.0,1.0,-1.0,1.0,1.0,-1.0,-1.0,-1.0,1.0,1.0,1.0	-0.696991,0.92210543,0.75626415,-0.9156602,1.8227425,0.47954208,-1.347996,-0.6333956,-0.3024928,0.19553119,1.0185971,0.5951801
../data/train_data_mmini/3/Train_0010.jpg	3	-1.0,1.0,1.0,-1.0,1.0,-1.0,-1.0,-1.0,1.0,1.0,1.0,1.0	-0.4739861,0.617236,0.8099132,-0.36228496,1.2151024,-0.24366954,-0.26240534,-0.35615063,0.36784673,0.40741727,0.59154207,0.46327096
../data/train_data_mmini/3/Train_0011.jpg	3	1.0,-1.0,-1.0,-1.0,1.0,1.0,-1.0,-1.0,1.0,1.0,-1.0,-1.0	0.3681175,-0.10640835,-0.39502507,-0.25055185,2.0465438,0.7340844,-0.6714339,-1.466287,0.65275574,0.12457597,-1.3941065,-1.890226
../data/train_data_mmini/3/Train_0012.jpg	3	-1.0,1.0,1.0,-1.0,1.0,1.0,-1.0,-1.0,-1.0,-1.0,1.0,1.0	-0.6073961,0.47066292,0.04836426,-0.45105332,0.22401054,1.3103106,-0.8577892,-0.6022614,-0.44620082,-1.0141299,0.12432935,0.21777833
../data/train_data_mmini/3/Train_0013.jpg	3	-1.0,1.0,-1.0,1.0,1.0,1.0,-1.0,1.0,1.0,-1.0,-1.0,1.0	-0.13721639,0.616822,-0.5792114,0.74458104,1.9167076,0.15070233,-0.8418554,0.96046203,1.020812,-1.1967794,-0.13821411,0.22289659
../data/train_data_mmini/3/Train_0014.jpg	3	-1.0,1.0,1.0,1.0,1.0,-1.0,-1.0,-1.0,1.0,1.0,1.0,-1.0	-0.3855701,0.14305629,0.4491245,0.39415228,0.85167754,-0.54055077,-0.8481286,-0.047798865,0.52374583,0.40529296,0.2190212,-0.32288644
../data/train_data_mmini/4/Train_0015.jpg	4	-1.0,-1.0,-1.0,1.0,-1.0,1.0,-1.0,1.0,1.0,-1.0,-1.0,-1.0	-0.08266587,-0.53459483,-0.23437536,0.8552123,-0.7750353,0.039299067,-0.26235422,0.3528601,0.9701607,-0.95460695,-1.2221634,-0.7444375
../data/train_data_mmini/4/Train_0016.jpg	4	1.0,1.0,1.0,-1.0,1.0,1.0,-1.0,-1.0,-1.0,-1.0,1.0,-1.0	0.012442077,0.36332446,0.57711166,-0.92361253,0.12644632,0.39807898,-0.43579867,-0.18386185,-0.77768713,-0.02057093,0.2554529,-0.45397714
../data/train_data_mmini/4/Train_0017.jpg	4	1.0,1.0,-1.0,-1.0,1.0,1.0,-1.0,-1.0,-1.0,-1.0,-1.0,1.0	0.3399302,0.7846844,-0.39406005,-0.69393206,2.4524038,1.6388935,-1.3511549,-0.43364182,-0.04429449,-0.9710413,-0.043822113,0.04500802
../data/train_data_mmini/4/Train_0018.jpg	4	-1.0,1.0,1.0,-1.0,1.0,1.0,-1.0,-1.0,1.0,1.0,1.0,-1.0	-0.19163409,0.31648073,0.60658133,-0.60472316,1.4360293,0.21771279,-0.92017525,-0.91265434,0.23281176,0.6225779,0.1793916,-0.41970736
../data/train_data_mmini/4/Train_0019.jpg	4	-1.0,1.0,1.0,1.0,1.0,-1.0,-1.0,1.0,1.0,-1.0,1.0,1.0	-0.60451156,0.82213473,0.13706338,1.2018327,0.66375196,-0.3904966,-0.7066294,1.2868845,0.4876899,-1.1830343,0.7373031,1.1589097
../data/train_data_mmini/5/Train_0020.jpg	5	-1.0,-1.0,1.0,1.0,-1.0,-1.0,1.0,1.0,-1.0,1.0,1.0,-1.0	-0.82536757,-0.6964635,1.2116119,0.7773803,-2.7922165,-1.7077268,0.6312502,0.8221121,-0.16568764,0.4835789,0.5487109,-0.10300416
../data/train_data_mmini/5/Train_0021.jpg	5	-1.0,-1.0,1.0,1.0,-1.0,-1.0,-1.0,1.0,1.0,-1.0,-1.0,-1.0	-0.5676971,-0.85645384,0.22095555,1.3914185,-0.87318957,-0.9627591,-0.20761551,0.47703034,1.1359138,-0.37707308,-0.83161277,-0.9801851
../data/train_data_mmini/5/Train_0022.jpg	5	-1.0,-1.0,1.0,1.0,-1.0,-1.0,-1.0,1.0,1.0,1.0,1.0,1.0	-0.86002827,-0.06610321,0.79746485,0.63333935,-1.0110521,-1.2194328,-0.12874068,0.5170538,0.19828694,0.26253974,0.8672711,0.2510516
../data/train_data_mmini/5/Train_0023.jpg	5	-1.0,-1.0,1.0,1.0,-1.0,-1.0,1.0,1.0,1.0,1.0,1.0,-1.0	-0.9880409,-0.9426478,1.1227999,0.82389295,-3.0519264,-1.7401034,0.5161767,0.83904153,0.1302021,0.36799145,0.24901119,-0.25077102
../data/train_data_mmini/5/Train_0024.jpg	5	-1.0,-1.0,1.0,1.0,-1.0,-1.0,-1.0,-1.0,1.0,-1.0,-1.0,-1.0	-0.8486483,-0.3524422,0.5827319,0.1740404,-0.5052,-0.3210874,-0.20445156,-0.46846557,0.0472705,-0.2552368,-0.085107066,-0.3173359
../data/train_data_mmini/6/Train_0025.jpg	6	-1.0,1.0,1.0,-1.0,1.0,1.0,-1.0,-1.0,-1.0,-1.0,1.0,1.0	-0.6549956,1.7107048,0.30437493,-0.7266,2.5720716,1.3320892,-1.1769913,-0.91365397,-1.2271556,-0.94922304,1.6145358,1.4729942
../data/train_data_mmini/6/Train_0026.jpg	6	-1.0,-1.0,1.0,-1.0,-1.0,-1.0,-1.0,-1.0,-1.0,1.0,1.0,-1.0	-0.05570353,-0.5343269,1.1347443,-1.2154317,-0.10897458,-0.28519434,-0.088599674,-0.9030206,-0.09176258,1.0801476,0.21855417,-0.7451487
../data/train_data_mmini/6/Train_0027.jpg	6	-1.0,1.0,1.0,-1.0,1.0,1.0,-1.0,-1.0,-1.0,1.0,1.0,1.0	-0.24320504,0.9986949,0.87330914,-1.0858163,1.880308,0.6762258,-0.7176386,-1.2235689,-0.5799931,0.5618096,0.8254263,0.072468325
../data/train_data_mmini/6/Train_0028.jpg	6	1.0,-1.0,-1.0,1.0,1.0,-1.0,-1.0,-1.0,1.0,1.0,-1.0,-1.0	0.34098268,-0.88019407,-0.013126528,0.053629883,0.8183987,-0.664184,-0.39315936,-0.5118007,0.6950529,0.8414354,-0.81605834,-1.792317
../data/train_data_mmini/6/Train_0029.jpg	6	-1.0,1.0,-1.0,-1.0,1.0,1.0,-1.0,-1.0,-1.0,-1.0,1.0,1.0	-0.6081435,1.6383202,-0.03319232,-0.6192022,3.2993517,1.5150349,-1.2231729,-0.1465514,-0.19343622,-1.3560241,0.90660876,1.0538198
../data/train_data_mmini/7/Train_0030.jpg	7	-1.0,1.0,1.0,-1.0,1.0,1.0,-1.0,-1.0,-1.0,-1.0,1.0,1.0	-0.8217838,0.9115795,0.73425364,-0.6502557,0.6693929,0.291824,-1.1044478,-0.23163062,-0.8225542,-0.26540133,1.1806304,0.70418674
../data/train_data_mmini/7/Train_0031.jpg	7	-1.0,1.0,1.0,-1.0,1.0,1.0,-1.0,-1.0,-1.0,1.0,1.0,1.0	-0.5787553,0.8197584,0.6896364,-0.7241493,1.6883806,0.27759352,-1.1361122,-0.3670399,-0.06770181,0.18276426,1.1709343,0.5855585
../data/train_data_mmini/7/Train_0032.jpg	7	-1.0,1.0,1.0,-1.0,1.0,1.0,-1.0,-1.0,1.0,1.0,-1.0,-1.0	-0.10425935,0.7118963,0.14890425,-0.2516935,3.039046,0.97530276,-1.2102209,-1.3946345,0.5200965,0.10838935,-0.27058086,-0.5478435
../data/train_data_mmini/7/Train_0033.jpg	7	-1.0,1.0,1.0,-1.0,1.0,1.0,-1.0,-1.0,-1.0,1.0,1.0,1.0	-0.55549634,1.1373131,1.0097499,-1.6750995,1.7865521,0.7391436,-1.0750117,-1.3181578,-1.06099,0.49923727,1.3823137,0.53943497
../data/train_data_mmini/7/Train_0034.jpg	7	-1.0,1.0,1.0,1.0,1.0,1.0,-1.0,-1.0,1.0,1.0,-1.0,-1.0	-0.25623617,0.09390489,0.39710915,0.20885691,2.7336433,0.083765775,-0.5607655,-2.0070004,0.38287047,1.0776879,-0.4753777,-1.1974173
../data/train_data_mmini/8/Train_0035.jpg	8	-1.0,1.0,-1.0,-1.0,1.0,1.0,-1.0,-1.0,1.0,-1.0,1.0,1.0	-0.6772072,1.3014935,-0.035207428,-0.40935788,3.2373874,0.8881052,-1.6405387,-0.8253386,0.09602515,-0.469762,0.8925361,0.58527654
../data/train_data_mmini/8/Train_0036.jpg	8	-1.0,1.0,1.0,-1.0,1.0,1.0,-1.0,-1.0,-1.0,-1.0,1.0,1.0	-0.4141099,1.4821084,0.4196074,-1.4990841,3.864355,1.4660847,-1.9932572,-1.6395295,-0.8321989,-0.008743551,1.5765228,1.0447108
../data/train_data_mmini/8/Train_0037.jpg	8	-1.0,1.0,1.0,-1.0,1.0,1.0,-1.0,-1.0,-1.0,1.0,1.0,-1.0	-0.13718092,0.6009051,0.46030146,-1.4564303,3.3422985,1.155153,-1.2098941,-2.0083208,-0.2424562,0.4688996,0.2013332,-0.6424391
../data/train_data_mmini/8/Train_0038.jpg	8	-1.0,1.0,1.0,1.0,1.0,1.0,-1.0,1.0,1.0,-1.0,1.0,1.0	-0.6632705,0.6262483,0.28581297,0.087118335,1.0505859,0.15957925,-0.8316514,0.114308,0.3623382,-0.3857829,0.20113596,0.40861386
../data/train_data_mmini/8/Train_0039.jpg	8	-1.0,1.0,-1.0,-1.0,1.0,1.0,-1.0,-1.0,1.0,-1.0,1.0,1.0	-0.51046336,2.134592,-0.53999484,-1.365901,5.3377643,2.318583,-2.3249526,-1.594044,0.026370864,-1.1057135,1.3620005,0.8177606
../data/train_data_mmini/9/Train_0040.jpg	9	-1.0,-1.0,1.0,1.0,-1.0,-1.0,-1.0,1.0,1.0,-1.0,-1.0,-1.0	-0.5251692,-0.3915255,0.35258323,0.44185227,-0.35632807,-0.48888305,-0.42039475,0.09723176,0.61448044,-0.25584754,-0.16439572,-0.4763181
../data/train_data_mmini/9/Train_0041.jpg	9	-1.0,1.0,1.0,-1.0,1.0,1.0,-1.0,-1.0,-1.0,1.0,1.0,1.0	-0.49129057,1.1151876,1.0460899,-1.0796769,1.487903,0.023821827,-0.8447184,-1.054188,-0.78284764,0.8567421,1.5327427,0.2115936
../data/train_data_mmini/9/Train_0042.jpg	9	-1.0,-1.0,-1.0,1.0,-1.0,-1.0,1.0,1.0,1.0,-1.0,-1.0,-1.0	-0.0089251455,-0.6538046,-0.24407892,0.9815059,-0.68938005,-0.17817768,0.021912998,0.18243714,1.3388344,-0.8752582,-1.2896771,-1.2621713
../data/train_data_mmini/9/Train_0043.jpg	9	-1.0,1.0,1.0,1.0,1.0,-1.0,-1.0,1.0,1.0,-1.0,1.0,1.0	-0.62120515,0.2071975,0.4352284,0.84246904,0.36346772,-0.6134936,-0.7367009,0.46127594,0.66653293,-0.05263075,0.35792923,0.048105683
../data/train_data_mmini/9/Train_0044.jpg	9	-1.0,1.0,-1.0,-1.0,1.0,1.0,-1.0,1.0,-1.0,-1.0,1.0,1.0	-0.60578704,0.9551265,-0.0929858,-0.20221639,1.322496,1.049182,-1.1391671,0.29242826,-0.0013207376,-1.5429559,0.5986604,0.86984223
../data/train_data_mmini/10/Train_0045.jpg	10	-1.0,1.0,-1.0,-1.0,1.0,1.0,-1.0,-1.0,1.0,-1.0,1.0,1.0	-0.32971317,2.7598772,-0.6758134,-1.5224668,6.651697,3.2396843,-2.385266,-2.2596927,0.15379065,-1.0552207,1.4622779,1.1067612
../data/train_data_mmini/10/Train_0046.jpg	10	1.0,1.0,-1.0,-1.0,1.0,1.0,-1.0,-1.0,1.0,-1.0,-1.0,-1.0	0.19583507,1.0963293,-0.89586693,-0.11779649,3.266545,1.8261366,-1.0027713,-0.4682031,0.6331861,-1.4986709,-0.58617777,-0.32929924
../data/train_data_mmini/10/Train_0047.jpg	10	-1.0,1.0,-1.0,-1.0,1.0,1.0,-1.0,-1.0,1.0,-1.0,1.0,1.0	-0.57917166,1.611187,-0.2573938,-0.47589988,4.968271,1.566762,-2.122698,-1.3918915,0.1161833,-0.71450114,0.81410784,0.74079794
../data/train_data_mmini/10/Train_0048.jpg	10	-1.0,1.0,-1.0,-1.0,1.0,1.0,-1.0,-1.0,-1.0,-1.0,1.0,1.0	-1.3090591,2.9761083,-0.61516947,-0.34823412,4.553621,2.21881,-2.1458328,-0.76292086,-0.37689903,-1.9082136,1.8937538,2.0949464
../data/train_data_mmini/10/Train_0049.jpg	10	-1.0,1.0,-1.0,-1.0,1.0,1.0,-1.0,-1.0,1.0,-1.0,1.0,1.0	-0.37539595,1.771667,-0.35920742,-0.946027,4.6721525,1.7699941,-1.8884537,-1.5535114,0.19204248,-0.7439365,0.84828985,0.4772191
