../data/train_data_mmini/1/Train_0000.jpg	1	1.0,1.0,-1.0,-1.0,1.0,-1.0,1.0,-1.0,-1.0,-1.0,-1.0,1.0,-1.0,1.0,1.0,-1.0,-1.0,1.0,-1.0,1.0,1.0,-1.0,1.0,1.0	1.4797813,0.99607074,-0.18087609,-0.39851904,0.2515573,-0.065275274,2.1970122,-0.5220773,-0.6110404,-1.0334011,-0.23613413,0.11456307,-0.8136775,0.47086403,0.43494675,-0.21604869,-0.472426,0.9780344,-1.0287788,3.3547788,0.38044462,-2.351169,1.5696279,0.47774234
../data/train_data_mmini/1/Train_0001.jpg	1	-1.0,1.0,-1.0,1.0,-1.0,1.0,1.0,-1.0,-1.0,-1.0,-1.0,-1.0,1.0,1.0,1.0,1.0,-1.0,-1.0,-1.0,1.0,1.0,-1.0,-1.0,-1.0	-0.36293414,2.6809893,-1.1489074,1.8877728,-0.951659,2.6392133,1.7045995,-3.0125775,-1.9646502,-0.5974525,-1.385416,-3.482786,2.5043213,3.2569604,0.48942402,0.80742174,-0.3402472,-0.12722969,-1.6185623,0.24428004,0.9531912,-1.1741589,-0.14048827,-1.5481715
../data/train_data_mmini/1/Train_0002.jpg	1	1.0,1.0,-1.0,1.0,1.0,1.0,1.0,-1.0,-1.0,-1.0,-1.0,-1.0,1.0,1.0,1.0,1.0,-1.0,1.0,1.0,-1.0,-1.0,-1.0,-1.0,1.0	2.2341344,0.7222508,-0.13734023,3.3167343,2.4514277,3.1249278,0.7184427,-0.3452641,-0.06139345,-0.11859137,-2.0188391,-1.0736659,1.1406744,0.14716719,0.18484183,1.3432205,-0.5216536,0.07125225,0.6687107,-0.117673576,-1.2843164,-3.4033282,-0.25739977,1.9842939
../data/train_data_mmini/1/Train_0003.jpg	1	1.0,-1.0,-1.0,-1.0,-1.0,-1.0,1.0,-1.0,1.0,-1.0,1.0,-1.0,-1.0,1.0,1.0,-1.0,-1.0,1.0,-1.0,1.0,1.0,-1.0,1.0,-1.0	2.2823644,-0.0135303335,-0.6683724,-0.6259133,-1.4105548,-0.85272956,2.8452098,-2.2266204,0.09753202,-1.7738281,1.4645655,-0.6213652,-1.5985655,0.3553947,1.0632362,-1.5353394,-0.35251993,1.0856934,-1.7365867,3.5272982,1.5021775,-1.7327533,0.7306839,-0.04909045
../data/train_data_mmini/1/Train_0004.jpg	1	-1.0,1.0,1.0,-1.0,1.0,-1.0,1.0,-1.0,1.0,-1.0,-1.0,-1.0,-1.0,1.0,-1.0,-1.0,1.0,1.0,-1.0,1.0,-1.0,1.0,1.0,-1.0	-1.108101,1.5564935,1.6011705,-0.3053775,0.59899753,-1.8757108,1.628233,-0.1778649,0.03880881,-1.2959121,-0.83442515,-0.98125577,-1.0076897,1.7390816,-0.93949217,-0.6825452,1.2898163,1.9849397,-2.0795467,2.687681,-0.6603199,0.38243833,0.48035058,-1.4684684
../data/train_data_mmini/2/Train_0005.jpg	2	1.0,-1.0,1.0,1.0,-1.0,1.0,-1.0,1.0,1.0,1.0,1.0,1.0,-1.0,1.0,-1.0,-1.0,1.0,-1.0,1.0,-1.0,1.0,1.0,1.0,1.0	0.35680804,-0.84764034,0.98674345,0.45523876,-0.06205161,0.8949277,-1.8648044,0.64782447,0.424566,1.7396092,0.71112937,1.3756353,-1.1541388,0.57432383,-1.4722018,-0.5324628,0.590342,-1.4930481,0.6304205,-2.457973,1.0190113,0.8358221,0.38130802,0.8200665
../data/train_data_mmini/2/Train_0006.jpg	2	1.0,1.0,1.0,-1.0,1.0,1.0,1.0,1.0,1.0,1.0,-1.0,-1.0,-1.0,1.0,1.0,1.0,-1.0,-1.0,1.0,-1.0,-1.0,1.0,-1.0,-1.0	0.68508804,1.1539178,2.650262,-1.6652315,1.7134858,0.62249327,0.7359292,1.2813433,0.35372967,1.4651573,-0.92875254,-1.3714397,-2.5710354,1.2909454,2.1601613,0.9606592,-2.9318337,-0.45017236,0.6653503,-0.03678791,-0.4140288,1.1760457,-0.12525314,-3.432185
../data/train_data_mmini/2/Train_0007.jpg	2	-1.0,1.0,-1.0,-1.0,-1.0,-1.0,1.0,1.0,-1.0,-1.0,-1.0,1.0,-1.0,-1.0,1.0,1.0,1.0,1.0,-1.0,1.0,1.0,-1.0,1.0,1.0	-0.012867324,1.029825,-0.24925548,-0.47810167,-1.8979499,-2.4864604,1.1642671,0.9758024,-2.3886442,-0.48136365,-0.14330494,0.95055425,-0.8207286,-1.015924,0.42220953,0.27499163,0.88312465,0.06427456,-1.3362383,4.960901,0.6370143,-0.6206254,1.2540214,0.76137847
../data/train_data_mmini/2/Train_0008.jpg	2	-1.0,1.0,1.0,1.0,1.0,-1.0,-1.0,1.0,-1.0,1.0,-1.0,-1.0,1.0,-1.0,1.0,1.0,1.0,-1.0,-1.0,1.0,-1.0,-1.0,-1.0,1.0	-1.6085789,1.1493251,2.0880673,0.9285506,1.1284975,-0.93907946,-1.1967236,2.4658985,-0.9470924,2.6283004,-3.2580733,-1.4178939,0.09888839,-0.8915148,0.20560308,0.47422698,1.1217687,-0.68105114,-0.0025315173,0.38565904,-0.8725663,-0.9109181,-1.8742093,0.5524407
../data/train_data_mmini/2/Train_0009.jpg	2	1.0,-1.0,-1.0,-1.0,1.0,1.0,1.0,1.0,-1.0,1.0,1.0,1.0,-1.0,-1.0,-1.0,-1.0,-1.0,1.0,1.0,-1.0,1.0,-1.0,1.0,-1.0	0.91201186,-0.5313269,-0.82169783,-3.6180418,0.6568765,0.13318571,0.9269906,0.10269414,-0.5128513,1.1235464,0.8340452,3.6696656,-1.0511569,-0.5477224,-1.3712522,-1.6239172,-0.4739203,1.0119872,0.6619707,-0.9296656,1.0547756,-1.767775,3.3535707,-0.2514771
../data/train_data_mmini/3/Train_0010.jpg	3	-1.0,1.0,1.0,-1.0,-1.0,-1.0,-1.0,-1.0,-1.0,1.0,1.0,-1.0,1.0,1.0,-1.0,1.0,1.0,1.0,-1.0,-1.0,1.0,1.0,-1.0,-1.0	-4.291497,1.2197887,0.0006106659,-0.6371792,-0.8848445,-2.3422883,-1.2364995,-0.2969868,-4.201644,0.94965893,0.49218884,-1.3709948,1.5112016,0.3126595,-0.7113525,0.04906044,1.7029649,0.66843456,-0.20849775,-0.44586205,0.53284013,4.573264,-1.6383307,-2.7961452
../data/train_data_mmini/3/Train_0011.jpg	3	1.0,1.0,1.0,1.0,1.0,-1.0,1.0,-1.0,-1.0,-1.0,-1.0,-1.0,1.0,1.0,1.0,1.0,1.0,1.0,-1.0,-1.0,-1.0,1.0,1.0,1.0	2.7895188,1.505746,0.5164838,5.0703416,1.1790351,-0.6017973,2.2767313,-0.5403547,-2.1194794,-0.96125525,-1.6056774,-0.36488268,2.6153884,0.61143,0.18854311,0.58743405,0.5568353,0.11346007,-1.002347,-0.37849042,-1.9452885,0.9316796,0.69288373,1.0652142
../data/train_data_mmini/3/Train_0012.jpg	3	1.0,1.0,-1.0,1.0,-1.0,1.0,1.0,-1.0,-1.0,-1.0,-1.0,-1.0,1.0,1.0,1.0,-1.0,1.0,1.0,-1.0,-1.0,1.0,-1.0,1.0,-1.0	6.4044557,1.839104,-2.1371858,3.4099474,-0.18645301,2.6290312,2.2173836,-1.6080242,-0.52134097,-1.7227458,-1.8138903,-0.42884615,1.2985432,3.779589,0.69037706,-0.8163737,0.01867089,1.6267921,-4.1165757,-1.4764161,1.2232206,-4.827638,0.8609829,-1.0812438
../data/train_data_mmini/3/Train_0013.jpg	3	1.0,1.0,1.0,1.0,1.0,1.0,-1.0,1.0,-1.0,1.0,-1.0,-1.0,1.0,-1.0,1.0,1.0,-1.0,-1.0,1.0,-1.0,-1.0,-1.0,-1.0,-1.0	2.2641933,0.055452477,0.4901446,0.008378057,1.3136249,1.328821,-0.55386996,1.2307361,-0.04099145,0.39520106,-2.1508963,-0.6782,0.75930625,-1.3950298,2.5580323,1.3461775,-2.0208726,-1.1853191,0.263149,-1.1852896,-1.8598673,-2.275052,-2.2804258,-0.0762292
../data/train_data_mmini/3/Train_0014.jpg	3	-1.0,1.0,1.0,1.0,1.0,-1.0,-1.0,1.0,-1.0,1.0,-1.0,-1.0,-1.0,1.0,-1.0,1.0,1.0,-1.0,1.0,-1.0,-1.0,1.0,-1.0,-1.0	-1.1122719,1.0962518,3.5208786,0.48090124,1.1463745,-2.1611378,-0.0095602255,0.34288648,-0.08385159,0.50202096,-0.85121375,-1.6978874,-0.6903342,0.36008802,-0.62104034,0.5300867,0.31761017,-1.0897841,1.5637699,-2.0796943,-0.33762366,3.0255096,-0.43405277,-0.71243554
../data/train_data_mmini/4/Train_0015.jpg	4	1.0,1.0,1.0,1.0,1.0,1.0,-1.0,1.0,1.0,1.0,-1.0,1.0,-1.0,1.0,-1.0,-1.0,1.0,1.0,-1.0,1.0,1.0,-1.0,-1.0,1.0	3.2716238,0.31642637,0.61042255,2.2420173,1.1237241,0.7170435,-0.644895,2.2235394,0.68211913,1.766276,-2.4306612,0.6125047,-0.43873796,0.120095134,-0.14892793,-2.4723022,1.3977021,3.310424,-2.0242872,0.68795854,0.3696123,-5.104527,-0.06675579,2.0628083
../data/train_data_mmini/4/Train_0016.jpg	4	1.0,-1.0,-1.0,1.0,-1.0,1.0,1.0,-1.0,1.0,1.0,1.0,-1.0,1.0,-1.0,-1.0,1.0,1.0,-1.0,1.0,-1.0,1.0,-1.0,1.0,1.0	2.1390061,-0.9424722,-0.8170511,2.204833,-0.49107474,2.9989603,0.49657038,-1.8305988,2.088323,0.9643729,0.12291427,-0.68802714,1.3495489,-0.025798282,-1.23378,0.18571256,0.6200159,-3.0266201,1.2006531,-2.5987558,0.3171934,-2.0517914,0.09780808,3.121777
../data/train_data_mmini/4/Train_0017.jpg	4	1.0,1.0,1.0,1.0,1.0,1.0,1.0,-1.0,-1.0,1.0,-1.0,-1.0,-1.0,1.0,1.0,1.0,-1.0,-1.0,-1.0,-1.0,-1.0,-1.0,-1.0,-1.0	6.0550885,0.72050726,0.48368585,3.0032337,0.5674414,1.3019994,1.3369523,-0.024478178,-0.022252139,0.19607598,-1.416547,-0.9121388,-0.06137482,1.8102391,1.5054698,1.1492702,-0.9359528,-1.4352934,-0.8929227,-2.5331764,-0.23355006,-0.72263515,-0.32100508,-0.121686295
../data/train_data_mmini/4/Train_0018.jpg	4	-1.0,1.0,1.0,1.0,-1.0,-1.0,-1.0,1.0,-1.0,1.0,-1.0,1.0,1.0,-1.0,-1.0,-1.0,1.0,-1.0,1.0,-1.0,1.0,1.0,1.0,1.0	-0.75786525,0.13008398,1.0985717,0.1457958,-1.0251651,-0.9011817,-0.94704306,0.85647184,-0.24756213,1.4262785,-0.64003646,0.47519788,0.54142356,-0.20769885,-0.9716429,-0.8126614,1.3438206,-1.9169606,0.31725714,-2.0847106,0.46098143,1.1569787,0.122026294,1.2374703
../data/train_data_mmini/4/Train_0019.jpg	4	1.0,-1.0,1.0,-1.0,1.0,1.0,-1.0,1.0,1.0,-1.0,1.0,-1.0,-1.0,1.0,1.0,1.0,-1.0,1.0,1.0,1.0,-1.0,1.0,-1.0,-1.0	1.6820059,-0.9210584,2.24206,-0.7909508,2.077151,1.5279756,-1.474652,0.65036094,3.4187267,-0.7509081,1.113799,-0.1835659,-1.4259186,1.8807167,0.47818923,1.6483551,-2.1192927,0.76249945,0.08495395,0.06693809,-1.9187497,1.8946097,-0.72171736,-1.6882532
../data/train_data_mmini/5/Train_0020.jpg	5	-1.0,-1.0,-1.0,1.0,-1.0,1.0,1.0,-1.0,1.0,-1.0,1.0,-1.0,-1.0,1.0,-1.0,1.0,1.0,-1.0,-1.0,1.0,1.0,-1.0,-1.0,-1.0	-0.4800576,-0.21749051,-0.50089324,0.14439254,-1.5788863,0.90065235,1.1697559,-1.4813435,1.2072049,-1.643435,0.7028188,-1.6415812,-0.42115006,1.63305,-0.6605831,0.3047601,0.72403556,-0.06512557,-1.2120037,2.5644805,1.055284,-0.30830035,-0.24381527,-0.20240112
../data/train_data_mmini/5/Train_0021.jpg	5	1.0,1.0,1.0,-1.0,1.0,-1.0,1.0,1.0,1.0,1.0,-1.0,-1.0,-1.0,-1.0,1.0,-1.0,1.0,1.0,1.0,1.0,-1.0,-1.0,1.0,1.0	0.25152647,1.0567836,3.667179,-0.92182064,2.7886686,-1.0160733,2.408352,0.20650752,1.9757609,1.1817583,-1.9351379,-1.1260283,-2.1759615,-1.1118994,0.07507305,-3.0460348,0.027869854,3.3858554,0.60109335,0.15531231,-0.7695262,-3.3286881,0.85105693,0.34167185
../data/train_data_mmini/5/Train_0022.jpg	5	-1.0,1.0,-1.0,-1.0,-1.0,-1.0,1.0,1.0,-1.0,1.0,-1.0,1.0,-1.0,1.0,1.0,1.0,-1.0,-1.0,-1.0,1.0,1.0,-1.0,1.0,-1.0	-0.48704115,0.78956574,-0.2519522,-1.6788012,-0.8543687,-0.83835584,0.13283482,1.6501809,-2.4156601,0.5899263,-1.1359518,0.9196692,-1.250297,0.113666,0.5983169,0.452021,-0.4685038,-0.42315304,-0.92246217,3.2554047,0.9796313,-0.87080735,0.88324124,-1.1882998
../data/train_data_mmini/5/Train_0023.jpg	5	1.0,1.0,-1.0,-1.0,-1.0,-1.0,1.0,-1.0,-1.0,-1.0,1.0,-1.0,-1.0,-1.0,1.0,-1.0,1.0,1.0,-1.0,1.0,1.0,-1.0,-1.0,1.0	0.7132187,0.029439004,-0.18317981,-1.2594826,-2.5243196,-2.0863004,2.1069105,-0.5537176,-0.72154945,-1.2238247,0.9596067,-0.45100665,-1.2456896,-1.5175638,1.3753895,-1.2927881,0.90249884,1.2006598,-1.3611219,4.1807075,1.1282767,-1.1888293,-0.08393909,0.18204081
../data/train_data_mmini/5/Train_0024.jpg	5	1.0,1.0,1.0,-1.0,1.0,-1.0,1.0,1.0,-1.0,-1.0,-1.0,1.0,-1.0,1.0,-1.0,-1.0,1.0,1.0,-1.0,1.0,-1.0,-1.0,1.0,1.0	1.0252613,1.0117643,1.0420961,-0.5012617,0.91132545,-1.6546122,1.962205,0.43976185,-0.498551,-0.27530575,-0.50649375,2.0650773,-1.6384945,0.24972203,-1.5793982,-1.8946588,1.293747,1.9045228,-1.0344703,0.99067914,-0.039083924,-2.7899127,2.671432,0.24666889
../data/train_data_mmini/6/Train_0025.jpg	6	1.0,-1.0,-1.0,1.0,1.0,1.0,1.0,-1.0,-1.0,1.0,1.0,1.0,1.0,1.0,1.0,-1.0,-1.0,-1.0,1.0,-1.0,-1.0,1.0,1.0,-1.0	1.6857102,-0.36278623,-0.76938176,1.5039665,0.9780157,0.88491666,1.0484713,-0.48141018,-0.91910285,0.3068967,2.9676218,0.44801396,0.94647145,0.09041806,0.23097996,-0.30529553,-0.6121614,-0.80708486,1.4020239,-2.4679158,-0.7824049,1.8648081,1.2779322,-0.34713838
../data/train_data_mmini/6/Train_0026.jpg	6	-1.0,1.0,1.0,-1.0,-1.0,-1.0,-1.0,-1.0,1.0,-1.0,1.0,-1.0,1.0,1.0,-1.0,-1.0,1.0,-1.0,-1.0,-1.0,1.0,1.0,1.0,-1.0	-0.27300984,1.8586508,0.7306949,-0.08835733,-0.4119057,-0.96814764,-0.076636285,-1.0552986,0.30195206,-0.42396945,0.16469288,-0.113337584,0.5394285,4.6406,-2.4681997,-0.11289944,0.5605671,-0.9671368,-1.8811995,-0.046001386,0.26953667,4.089179,2.5247943,-0.7224931
../data/train_data_mmini/6/Train_0027.jpg	6	-1.0,1.0,-1.0,1.0,-1.0,-1.0,1.0,-1.0,-1.0,1.0,1.0,-1.0,1.0,-1.0,-1.0,-1.0,1.0,-1.0,1.0,-1.0,-1.0,1.0,-1.0,-1.0	-0.70637226,0.0619946,-0.11748594,1.4196672,-0.62948716,-0.81437635,0.863501,-1.23253,-1.9630421,0.6595775,2.005003,-0.65642947,2.1161,-0.2938853,-0.8612706,-0.063415006,1.532546,-0.1392025,1.1168902,-2.0243447,-0.10039527,4.107233,-0.098292455,-0.42682448
../data/train_data_mmini/6/Train_0028.jpg	6	-1.0,1.0,1.0,1.0,1.0,-1.0,1.0,-1.0,-1.0,1.0,-1.0,-1.0,1.0,-1.0,1.0,1.0,-1.0,-1.0,1.0,-1.0,-1.0,1.0,1.0,1.0	-0.5853746,2.5529625,2.9103599,1.8817965,1.8922957,-0.4610624,2.7676573,-0.30659136,-0.62005734,0.7603022,-2.8934429,-2.216262,0.06408804,-0.39148185,0.21367936,0.939267,-0.508915,-1.9744668,1.7098596,-0.2483564,-1.592245,0.28042206,1.2295705,0.79481673
../data/train_data_mmini/6/Train_0029.jpg	6	1.0,-1.0,-1.0,-1.0,1.0,1.0,-1.0,1.0,-1.0,1.0,1.0,1.0,1.0,-1.0,-1.0,-1.0,-1.0,1.0,1.0,-1.0,-1.0,-1.0,1.0,-1.0	2.0926924,-1.2770938,-2.627556,-1.8503627,1.1893704,1.1200504,-0.60871065,1.0058476,-1.4033034,0.8682589,1.5565903,4.017198,0.37683547,-1.7906095,-0.37842718,-0.9312145,-0.22159526,1.5637184,0.27190802,-1.6139548,-0.5138157,-2.9488857,1.1385978,-0.12221624
../data/train_data_mmini/7/Train_0030.jpg	7	1.0,-1.0,-1.0,-1.0,1.0,1.0,1.0,-1.0,1.0,1.0,1.0,1.0,-1.0,1.0,-1.0,-1.0,-1.0,-1.0,1.0,1.0,1.0,-1.0,1.0,1.0	3.5379424,-0.39681524,-0.5630915,-1.0050745,0.58410466,3.012481,1.6542759,-0.2342922,1.7111024,1.1993531,0.579469,1.9912348,-0.46333358,0.9923728,-0.051140323,-0.5017652,-2.850691,-0.78411764,0.14144228,0.28614104,1.4079385,-3.0849056,3.4880655,0.6228696
../data/train_data_mmini/7/Train_0031.jpg	7	1.0,1.0,-1.0,-1.0,-1.0,1.0,1.0,1.0,-1.0,1.0,-1.0,-1.0,1.0,1.0,1.0,-1.0,-1.0,-1.0,1.0,-1.0,1.0,-1.0,1.0,-1.0	0.5812248,1.5592841,-0.12943648,-0.83556074,-0.02488703,1.5312955,0.09360716,0.8371926,-1.11838,2.321008,-1.6577342,-0.04921259,0.10154579,0.4135572,0.17616977,-0.09031359,-1.0136521,-3.7475522,0.8904707,-3.090508,0.22397321,-1.8900236,0.2313365,-0.2170467
../data/train_data_mmini/7/Train_0032.jpg	7	1.0,-1.0,1.0,1.0,-1.0,-1.0,1.0,-1.0,-1.0,-1.0,-1.0,1.0,1.0,-1.0,1.0,-1.0,1.0,-1.0,-1.0,-1.0,-1.0,1.0,-1.0,1.0	2.299323,-0.83218515,0.77157295,2.84358,-0.15651241,-2.5781436,0.9600817,-0.9857491,-1.6627542,-0.8308774,-0.097351685,0.54039013,1.0927846,-1.558879,0.37031916,-0.116601996,0.87603486,-0.27760303,-0.12054126,-2.5578089,-1.9723958,2.7848637,-1.7388852,2.0157473
../data/train_data_mmini/7/Train_0033.jpg	7	1.0,1.0,1.0,-1.0,-1.0,-1.0,1.0,-1.0,-1.0,-1.0,1.0,1.0,-1.0,1.0,-1.0,1.0,-1.0,-1.0,-1.0,-1.0,1.0,1.0,1.0,-1.0	0.8534643,1.3950735,0.16439241,-1.2483237,-0.38625804,-1.844165,0.86711353,-0.25962657,-2.1582754,-0.70072687,0.4685703,2.0450602,-1.1445041,2.4718697,-1.4590349,0.88298404,-0.43566242,-2.2388122,-0.19790842,-1.0030996,1.0038832,2.2674036,2.8674557,-1.9870887
../data/train_data_mmini/7/Train_0034.jpg	7	-1.0,1.0,1.0,1.0,1.0,-1.0,1.0,-1.0,-1.0,-1.0,-1.0,-1.0,1.0,-1.0,-1.0,-1.0,1.0,1.0,-1.0,1.0,-1.0,1.0,-1.0,-1.0	-0.26594386,0.9553615,2.304095,3.3966014,0.16939056,-4.1994996,2.6356297,-0.97092843,-2.8936508,-0.818817,-0.15563197,-0.3016072,1.3573194,-0.99122345,-0.7170543,-0.610223,1.1103394,0.37104443,-0.13435526,0.11347784,-1.9558778,5.3061457,-0.24503624,-0.038823295
../data/train_data_mmini/8/Train_0035.jpg	8	1.0,1.0,-1.0,-1.0,1.0,-1.0,1.0,1.0,-1.0,1.0,-1.0,1.0,-1.0,-1.0,1.0,-1.0,-1.0,1.0,1.0,-1.0,1.0,-1.0,1.0,-1.0	0.26650283,1.2384202,-0.051285043,-2.628991,1.3921424,-0.3415158,0.63577527,1.7761995,-4.073706,2.3067913,-1.5244263,2.8691869,-0.48258895,-1.9473368,0.62371135,-1.7288452,-1.0846379,1.7345648,0.75131124,-0.77935565,0.9185875,-3.0690958,2.1031845,-1.301922
../data/train_data_mmini/8/Train_0036.jpg	8	1.0,1.0,1.0,-1.0,1.0,1.0,1.0,1.0,-1.0,1.0,-1.0,1.0,-1.0,-1.0,-1.0,1.0,-1.0,-1.0,1.0,-1.0,1.0,-1.0,1.0,1.0	0.8261456,0.5691249,0.32719624,-0.99896795,0.7970857,0.21979012,0.13019678,1.5068339,-2.5590441,2.215393,-0.26895908,3.220634,-1.4063308,-0.64882547,-0.715623,0.13493285,-1.3577479,-3.5453222,2.028387,-2.8574896,0.6227969,-0.111294836,3.0079806,0.5861736
../data/train_data_mmini/8/Train_0037.jpg	8	1.0,1.0,1.0,1.0,1.0,-1.0,1.0,1.0,-1.0,1.0,-1.0,1.0,1.0,1.0,-1.0,-1.0,1.0,-1.0,-1.0,-1.0,-1.0,1.0,1.0,1.0	2.0692205,1.8658737,1.0748937,2.1157744,1.1976005,-0.88754064,1.1356597,0.8164768,-2.3564632,1.3531605,-1.3642344,1.8763479,0.963334,0.4792877,-1.3790398,-0.8114481,1.3884816,-0.7174108,-0.20319349,-3.191623,-1.1614008,1.5804722,2.4764335,1.6403214
../data/train_data_mmini/8/Train_0038.jpg	8	1.0,1.0,-1.0,-1.0,1.0,1.0,1.0,1.0,-1.0,1.0,-1.0,1.0,1.0,-1.0,1.0,-1.0,-1.0,1.0,1.0,-1.0,1.0,-1.0,-1.0,1.0	0.5146035,0.39053276,-0.58234835,-0.30136922,1.4566925,1.6180369,0.048246264,0.44684875,-2.1598396,2.7218287,-1.1628003,0.5393339,0.57769334,-1.9181622,0.29734698,-1.4357581,-0.45218742,0.5591533,1.0991058,-1.29013,0.30258656,-4.058702,-0.13667515,0.49214512
../data/train_data_mmini/8/Train_0039.jpg	8	1.0,1.0,-1.0,-1.0,1.0,1.0,1.0,1.0,-1.0,1.0,-1.0,1.0,-1.0,-1.0,1.0,-1.0,-1.0,1.0,1.0,-1.0,-1.0,-1.0,1.0,-1.0	2.205449,1.4725674,-0.440306,-2.4926567,1.7834853,0.30194828,0.6499092,1.6140937,-4.2971745,1.0209883,-1.0600157,5.074422,-0.3429816,-1.3572334,0.843485,-0.49357364,-2.3836987,0.9750625,0.5320526,-1.9952381,-0.05610161,-2.583221,3.536981,-0.7028784
../data/train_data_mmini/9/Train_0040.jpg	9	1.0,1.0,1.0,1.0,1.0,-1.0,1.0,1.0,1.0,1.0,-1.0,1.0,-1.0,1.0,-1.0,-1.0,1.0,1.0,-1.0,1.0,1.0,-1.0,1.0,1.0	1.6342112,1.2837645,1.4374865,0.13956894,1.4451514,-0.42807534,1.1951334,1.7422417,0.5542791,0.86904055,-2.5777855,0.8505362,-1.2961583,1.0695312,-0.9576215,-0.96697366,0.56716496,2.1259952,-1.5860729,1.378703,0.1281907,-2.6114259,1.9521933,0.062416892
../data/train_data_mmini/9/Train_0041.jpg	9	-1.0,1.0,-1.0,1.0,-1.0,1.0,1.0,-1.0,-1.0,-1.0,-1.0,-1.0,1.0,1.0,-1.0,1.0,-1.0,-1.0,1.0,-1.0,-1.0,1.0,1.0,-1.0	-2.1669824,1.6712599,-0.15902427,0.6223925,-0.70493764,1.3786064,0.50880855,-1.4424305,-1.8850695,-0.9861194,-0.0510074,-0.8427061,1.738851,1.5139848,-1.2122799,2.4130442,-0.5065301,-3.2126355,1.2594057,-2.7224953,-0.32357645,1.9397823,1.1074789,-1.6489568
../data/train_data_mmini/9/Train_0042.jpg	9	1.0,1.0,1.0,1.0,1.0,-1.0,-1.0,1.0,1.0,1.0,-1.0,-1.0,1.0,1.0,-1.0,-1.0,1.0,1.0,-1.0,1.0,-1.0,-1.0,-1.0,1.0	2.2020087,1.06142,0.6170369,3.2426953,0.8495067,-0.25023818,-0.2990384,2.2519345,0.28489447,0.9510821,-2.955575,-0.5390462,0.75051826,0.6231993,-0.79010034,-2.1363733,2.9006643,2.6078131,-2.4647071,0.14616443,-0.8730194,-4.0432363,-0.79854554,1.6974446
../data/train_data_mmini/9/Train_0043.jpg	9	-1.0,1.0,1.0,-1.0,1.0,1.0,-1.0,1.0,-1.0,1.0,-1.0,1.0,-1.0,-1.0,1.0,-1.0,-1.0,1.0,1.0,1.0,1.0,-1.0,1.0,-1.0	-1.0346756,0.20788005,1.1790849,-1.9334406,1.0270929,0.31980225,-0.1424619,2.8969924,-1.3070235,3.407896,-2.1173935,0.88870883,-1.6600734,-0.9819489,0.74483407,-0.92302656,-0.25196362,1.4344513,0.61311644,1.5183601,1.0053616,-1.8365036,0.8323639,-0.88421315
../data/train_data_mmini/9/Train_0044.jpg	9	1.0,-1.0,-1.0,-1.0,1.0,1.0,1.0,1.0,1.0,1.0,1.0,1.0,-1.0,1.0,1.0,-1.0,-1.0,1.0,-1.0,-1.0,1.0,-1.0,1.0,-1.0	3.669689,-0.16715091,-1.2704264,-0.9769919,1.6692945,2.8097086,0.2729224,0.75406545,0.33676392,1.0998994,0.47426242,1.8775921,-0.34561327,1.6467526,0.74525476,-1.8562921,-1.2441802,3.5466142,-1.6952232,-1.0396383,0.8652313,-3.3234587,0.7681207,-1.7859011
../data/train_data_mmini/10/Train_0045.jpg	10	1.0,1.0,-1.0,-1.0,-1.0,-1.0,-1.0,-1.0,-1.0,-1.0,1.0,1.0,1.0,-1.0,1.0,1.0,-1.0,-1.0,1.0,-1.0,-1.0,1.0,1.0,1.0	1.2138441,0.13074906,-0.6207922,-2.2799885,-0.3882856,-2.3276443,-0.020165501,-0.39291382,-2.504298,-0.6084349,1.2915064,4.447132,0.17589441,-1.5090668,0.12060408,0.8113386,-1.398665,-0.69019955,0.5436544,-2.5597239,-0.96093464,2.2360783,1.3365252,1.2810137
../data/train_data_mmini/10/Train_0046.jpg	10	1.0,-1.0,-1.0,1.0,1.0,-1.0,1.0,1.0,-1.0,-1.0,1.0,1.0,1.0,-1.0,1.0,-1.0,1.0,1.0,-1.0,-1.0,-1.0,1.0,-1.0,1.0	4.340104,-0.7172648,-0.7046049,1.7894216,0.25432768,-2.0113099,1.301843,0.4172819,-1.5057117,-0.76483506,0.2313889,2.3890674,1.5255129,-0.86719906,0.9359844,-0.19492227,0.48586953,2.055826,-1.3578597,-1.6174129,-1.6310942,1.1891223,-0.22423862,1.0276387
../data/train_data_mmini/10/Train_0047.jpg	10	1.0,-1.0,1.0,-1.0,1.0,-1.0,1.0,1.0,-1.0,1.0,1.0,1.0,-1.0,-1.0,1.0,1.0,-1.0,-1.0,1.0,-1.0,-1.0,1.0,1.0,1.0	1.6527418,-0.036993418,1.883649,-0.38133103,1.1244041,-3.404986,1.1094195,0.8492639,-3.0035334,0.9713471,0.150878,3.4134629,-0.69184417,-3.1057603,1.3338677,0.014166338,-1.0499265,-0.4086546,1.4421821,-3.0216093,-2.0504837,2.8526287,0.7943917,1.5583096
../data/train_data_mmini/10/Train_0048.jpg	10	1.0,-1.0,-1.0,-1.0,-1.0,-1.0,-1.0,1.0,-1.0,-1.0,1.0,1.0,1.0,-1.0,1.0,-1.0,-1.0,1.0,-1.0,-1.0,1.0,-1.0,1.0,1.0	3.3201807,-1.5891658,-2.0556655,-1.8175389,-0.41019243,-0.3435983,-1.1332662,0.89852,-0.6516512,-0.21438034,1.8841056,4.5911193,0.28507063,-1.5416591,0.75500613,-0.20955986,-1.1991581,0.36472425,-0.3633728,-2.5912023,0.17758776,-0.9622769,0.3509476,0.89606005
../data/train_data_mmini/10/Train_0049.jpg	10	1.0,1.0,1.0,-1.0,1.0,-1.0,1.0,1.0,-1.0,1.0,-1.0,1.0,1.0,-1.0,1.0,-1.0,-1.0,1.0,1.0,-1.0,-1.0,1.0,1.0,1.0	1.2243164,1.4573262,0.5252857,-1.4273612,2.247516,-1.4518226,1.4198496,1.8556521,-4.383646,1.0016001,-0.52023375,4.6142964,0.93786603,-1.6867498,0.29879752,-0.88415563,-0.90718967,2.0485215,0.36494312,-1.9839504,-1.8128395,0.04103899,3.0530207,0.10781203
