../data/train_data_mmini/1/Train_0000.jpg	1	1.0,1.0,-1.0,1.0,1.0,1.0,1.0,1.0,-1.0,-1.0,1.0,1.0	0.034717552,0.07251472,-0.011685138,0.107482105,0.24564742,0.22145608,0.060946252,0.10583044,-0.50271493,-0.66584754,0.40268964,0.8781087
../data/train_data_mmini/1/Train_0001.jpg	1	1.0,1.0,-1.0,1.0,1.0,1.0,1.0,1.0,-1.0,-1.0,1.0,1.0	0.17652507,0.019511886,-0.36931494,0.060302142,0.013363047,0.28730348,0.14209527,0.22077622,-0.39376628,-0.43551773,0.40675333,0.49634823
../data/train_data_mmini/1/Train_0002.jpg	1	1.0,1.0,-1.0,1.0,-1.0,1.0,1.0,1.0,1.0,1.0,1.0,1.0	0.3009705,0.29089627,-0.11035053,0.14661384,-0.009808527,0.27134115,0.44053894,0.17392375,0.058193754,0.05182875,0.30361757,0.122062944
../data/train_data_mmini/1/Train_0003.jpg	1	1.0,1.0,-1.0,1.0,1.0,1.0,1.0,1.0,-1.0,-1.0,1.0,1.0	0.016927995,0.035218544,-0.09736688,0.060291965,0.2469017,0.22326037,0.024599547,0.013604232,-0.6173315,-0.7912352,0.32693106,0.9867619
../data/train_data_mmini/1/Train_0004.jpg	1	1.0,1.0,1.0,1.0,1.0,1.0,1.0,-1.0,-1.0,-1.0,1.0,1.0	0.1067712,0.2592726,0.008400763,0.033686582,0.17914733,0.087367706,0.32393673,-0.07062166,-0.40333578,-0.72237766,0.24424326,0.9449068
../data/train_data_mmini/2/Train_0005.jpg	2	1.0,-1.0,-1.0,1.0,1.0,1.0,1.0,1.0,-1.0,-1.0,1.0,1.0	0.12143735,-0.026630841,-0.25500986,0.05372746,0.054586858,0.22962487,0.14822832,0.20466298,-0.4414469,-0.23157807,0.37357035,0.3407425
../data/train_data_mmini/2/Train_0006.jpg	2	-1.0,1.0,1.0,1.0,1.0,1.0,1.0,1.0,-1.0,1.0,1.0,1.0	-0.09782894,0.018711217,0.3173668,0.4030766,0.3401228,0.60587555,0.031057084,0.73698205,-0.07124506,0.17907105,0.96744347,0.012294969
../data/train_data_mmini/2/Train_0007.jpg	2	-1.0,1.0,1.0,1.0,1.0,1.0,1.0,-1.0,-1.0,-1.0,1.0,1.0	-0.21106562,0.17163724,0.12306287,0.20227559,0.54125875,0.14778236,0.20329243,-0.085337244,-0.5532049,-1.0763938,0.11932391,1.2758064
../data/train_data_mmini/2/Train_0008.jpg	2	-1.0,1.0,1.0,1.0,1.0,1.0,1.0,1.0,1.0,-1.0,1.0,1.0	-0.11195173,0.12382723,0.08696317,0.39135316,0.5353014,0.5243842,0.4893459,0.17276658,0.15746655,-0.312844,0.11416295,0.4196886
../data/train_data_mmini/2/Train_0009.jpg	2	1.0,1.0,-1.0,1.0,1.0,1.0,-1.0,1.0,-1.0,-1.0,1.0,1.0	0.3606692,0.0723756,-0.2824819,0.12611662,0.12733354,0.35197845,-0.0899416,0.15215723,-0.7012532,-0.37267232,0.8286824,0.72254467
../data/train_data_mmini/3/Train_0010.jpg	3	-1.0,1.0,-1.0,1.0,1.0,1.0,1.0,1.0,1.0,-1.0,-1.0,1.0	-0.07901266,0.3275103,-0.19065212,0.51014733,0.5052226,0.38938794,0.67079973,0.028527834,0.23877567,-0.12871112,-0.08614534,0.27251348
../data/train_data_mmini/3/Train_0011.jpg	3	1.0,1.0,-1.0,-1.0,-1.0,1.0,1.0,-1.0,1.0,-1.0,1.0,1.0	0.6965908,0.4729361,-0.53439754,-0.41415775,-0.663935,0.0828521,0.8122014,-0.10047003,0.116814554,-0.022115402,0.02947241,0.35690787
../data/train_data_mmini/3/Train_0012.jpg	3	1.0,1.0,-1.0,-1.0,-1.0,-1.0,-1.0,-1.0,-1.0,1.0,1.0,1.0	1.347859,0.4700638,-0.29888785,-0.6308817,-1.0261832,-0.27397546,-0.016439235,-0.11445578,-0.5559999,0.12572171,1.0779393,0.32863137
../data/train_data_mmini/3/Train_0013.jpg	3	1.0,1.0,1.0,1.0,1.0,1.0,1.0,1.0,1.0,1.0,1.0,-1.0	0.3907095,0.21928948,0.27001724,0.30052614,0.11771037,0.49659625,0.47229284,0.40226695,0.18882641,0.23938014,0.4686272,-0.3430385
../data/train_data_mmini/3/Train_0014.jpg	3	1.0,1.0,-1.0,1.0,1.0,1.0,1.0,1.0,-1.0,-1.0,1.0,1.0	0.13277103,0.27461526,-0.1762,0.19886875,0.18167228,0.35505313,0.49858296,0.12397749,-0.12255171,-0.36106583,0.412789,0.48280028
../data/train_data_mmini/4/Train_0015.jpg	4	1.0,1.0,1.0,1.0,-1.0,1.0,1.0,1.0,-1.0,-1.0,1.0,1.0	0.41484365,0.23673859,0.30032972,0.047260825,-0.034597173,0.24942952,0.24489576,0.15652199,-0.3707349,-0.12876894,0.58171564,0.40392473
../data/train_data_mmini/4/Train_0016.jpg	4	1.0,-1.0,-1.0,-1.0,1.0,1.0,1.0,1.0,-1.0,-1.0,1.0,1.0	0.06082398,-0.23468322,-0.33059576,-0.0714745,0.09028479,0.16355601,0.0055816714,0.14702262,-0.17550303,-0.29209325,0.29520813,0.077404164
../data/train_data_mmini/4/Train_0017.jpg	4	1.0,1.0,-1.0,-1.0,-1.0,1.0,-1.0,1.0,-1.0,1.0,1.0,-1.0	0.6570701,0.074930586,-0.2935165,-0.02680565,-0.29182827,0.3137882,-0.047910754,0.52793574,-0.105585545,0.39195824,0.9855248,-0.30265716
../data/train_data_mmini/4/Train_0018.jpg	4	-1.0,1.0,-1.0,1.0,1.0,1.0,1.0,1.0,-1.0,-1.0,1.0,1.0	-0.0026115375,0.068220474,-0.1991075,0.13618842,0.18031912,0.2397936,0.14255854,0.17524508,-0.3766545,-0.019402169,0.4489532,0.34038344
../data/train_data_mmini/4/Train_0019.jpg	4	1.0,-1.0,1.0,1.0,1.0,1.0,1.0,1.0,-1.0,-1.0,1.0,-1.0	0.032032795,-0.021099709,0.024219716,0.44439694,0.17052849,0.60047144,0.43247953,0.48170826,-0.120939076,-0.0033887848,0.33773464,-0.031052152
../data/train_data_mmini/5/Train_0020.jpg	5	-1.0,1.0,-1.0,1.0,1.0,1.0,1.0,1.0,-1.0,-1.0,1.0,1.0	-0.099298134,0.09757633,-0.11426724,0.19286826,0.3826481,0.24871439,0.16243848,0.045328654,-0.5795629,-0.7315645,0.29832244,0.9854177
../data/train_data_mmini/5/Train_0021.jpg	5	1.0,1.0,1.0,1.0,1.0,1.0,1.0,1.0,-1.0,-1.0,1.0,1.0	0.28011617,0.40499792,0.17760497,0.0563553,0.062404558,0.25493443,0.28760904,0.1662563,-0.4565009,-0.3029417,0.6666076,0.7369504
../data/train_data_mmini/5/Train_0022.jpg	5	-1.0,1.0,1.0,1.0,1.0,1.0,1.0,1.0,-1.0,-1.0,1.0,1.0	-0.22604705,0.095464505,0.06862932,0.23048995,0.5584617,0.32552168,0.21011308,0.025721379,-0.3971426,-0.86863077,0.24702638,0.98788893
../data/train_data_mmini/5/Train_0023.jpg	5	-1.0,1.0,1.0,1.0,1.0,1.0,1.0,1.0,-1.0,-1.0,1.0,1.0	-0.12156414,0.10313434,0.009840514,0.20928411,0.43283916,0.24647966,0.056002703,0.044410504,-0.70754534,-0.75371814,0.427543,1.1522143
../data/train_data_mmini/5/Train_0024.jpg	5	1.0,1.0,1.0,1.0,-1.0,1.0,1.0,-1.0,-1.0,-1.0,1.0,1.0	0.35864708,0.44362482,0.21036854,0.0094647,-0.0020623968,0.04835254,0.18167412,-0.1729808,-0.6649196,-0.48438483,0.3924768,0.976529
../data/train_data_mmini/6/Train_0025.jpg	6	1.0,1.0,-1.0,-1.0,-1.0,1.0,1.0,-1.0,-1.0,1.0,1.0,1.0	0.67445445,0.4269718,-0.22144583,-0.15110353,-0.2682363,0.26823348,0.42936108,-0.050152205,-0.16139673,0.10373301,0.13812551,0.04383602
../data/train_data_mmini/6/Train_0026.jpg	6	1.0,1.0,-1.0,1.0,1.0,1.0,1.0,1.0,-1.0,-1.0,1.0,1.0	0.14346258,0.08102781,-0.28634104,0.15925296,0.2675705,0.4134839,0.028894508,0.17776114,-0.48781246,-0.2776294,0.6204941,0.5204059
../data/train_data_mmini/6/Train_0027.jpg	6	1.0,1.0,-1.0,-1.0,-1.0,1.0,1.0,1.0,-1.0,-1.0,1.0,1.0	0.3639707,0.09107647,-0.7025414,-0.17129126,-0.17939903,0.2616399,0.4506909,0.09050099,-0.14913972,-0.061175905,0.28240228,0.33687216
../data/train_data_mmini/6/Train_0028.jpg	6	1.0,1.0,-1.0,-1.0,1.0,1.0,1.0,-1.0,1.0,-1.0,-1.0,1.0	0.06299903,0.29473242,-0.102618136,-0.0056447354,0.23154017,0.27621284,0.64248025,-0.12830915,0.093042165,-0.3818826,-0.058769017,0.6229442
../data/train_data_mmini/6/Train_0029.jpg	6	1.0,1.0,-1.0,1.0,1.0,1.0,1.0,1.0,-1.0,1.0,1.0,-1.0	0.42131633,0.20961097,-0.08398891,0.23439704,0.029295249,0.47083735,0.3644095,0.20716915,-0.15968636,0.14324827,0.4947552,-0.07600585
../data/train_data_mmini/7/Train_0030.jpg	7	1.0,-1.0,-1.0,-1.0,1.0,1.0,-1.0,1.0,-1.0,-1.0,1.0,1.0	0.15298294,-0.29228526,-0.09367607,-0.07701422,0.14471042,0.29430646,-0.22038555,0.37127015,-0.73060626,-0.5385325,0.7736256,0.65104926
../data/train_data_mmini/7/Train_0031.jpg	7	1.0,1.0,-1.0,1.0,1.0,1.0,1.0,1.0,-1.0,-1.0,1.0,1.0	0.3264221,0.2861412,-0.081918485,0.20749207,0.20247066,0.3424366,0.10394903,0.22696178,-0.3383807,-0.13807611,0.76638216,0.1847109
../data/train_data_mmini/7/Train_0032.jpg	7	1.0,1.0,-1.0,-1.0,-1.0,1.0,1.0,1.0,-1.0,1.0,1.0,1.0	0.87423795,0.41753688,-0.43831965,-0.33855972,-0.659304,0.15537488,0.32142174,0.11532385,-0.15851368,0.43668383,0.6948171,0.09172963
../data/train_data_mmini/7/Train_0033.jpg	7	1.0,-1.0,-1.0,1.0,1.0,1.0,-1.0,1.0,-1.0,-1.0,1.0,1.0	0.097354524,-0.015554481,-0.32580775,0.12595487,0.17502074,0.19872895,-0.114205696,0.113696255,-0.6983353,-0.42530453,0.6269827,0.8757957
../data/train_data_mmini/7/Train_0034.jpg	7	1.0,1.0,-1.0,-1.0,-1.0,-1.0,1.0,-1.0,1.0,-1.0,-1.0,1.0	0.5494746,0.81703544,-0.50056535,-0.52372843,-0.51112986,-0.07922033,1.2381185,-0.6355218,0.3921095,-0.10923421,-0.5254221,0.65505683
../data/train_data_mmini/8/Train_0035.jpg	8	1.0,1.0,1.0,1.0,1.0,1.0,1.0,1.0,-1.0,-1.0,1.0,1.0	0.26180837,0.30724183,0.010515536,0.1404882,0.2504511,0.41530004,0.24416637,0.12116719,-0.3748626,-0.27583072,0.5120055,0.5125812
../data/train_data_mmini/8/Train_0036.jpg	8	1.0,1.0,-1.0,1.0,1.0,1.0,1.0,1.0,-1.0,-1.0,1.0,1.0	0.1834397,0.17991519,-0.0204548,0.17005101,0.34665447,0.34928945,0.1278266,0.06821648,-0.5186559,-0.4970842,0.4349115,0.5258886
../data/train_data_mmini/8/Train_0037.jpg	8	1.0,1.0,-1.0,1.0,-1.0,1.0,1.0,-1.0,-1.0,-1.0,1.0,1.0	0.43946305,0.37838513,-0.20355162,0.06389192,-0.10977809,0.29493424,0.35959947,-0.016947351,-0.38181078,-0.21423297,0.44955367,0.51098055
../data/train_data_mmini/8/Train_0038.jpg	8	1.0,1.0,-1.0,1.0,1.0,1.0,1.0,1.0,-1.0,-1.0,1.0,1.0	0.16391517,0.20414034,-0.03261364,0.20302244,0.23011734,0.4474317,0.34202424,0.12297896,-0.14837235,-0.337328,0.3667438,0.32309484
../data/train_data_mmini/8/Train_0039.jpg	8	1.0,1.0,1.0,1.0,1.0,1.0,1.0,1.0,-1.0,-1.0,1.0,1.0	0.46768478,0.318551,0.0047370447,0.045808036,0.098023444,0.3136775,0.20715427,0.17250083,-0.51506937,-0.14154314,0.646568,0.40374765
../data/train_data_mmini/9/Train_0040.jpg	9	1.0,1.0,1.0,1.0,1.0,1.0,1.0,1.0,-1.0,-1.0,1.0,1.0	0.09129973,0.27602282,0.039415237,0.11682914,0.31678045,0.25014317,0.39270815,0.008648791,-0.47563004,-0.692624,0.33989733,0.91369724
../data/train_data_mmini/9/Train_0041.jpg	9	1.0,1.0,-1.0,1.0,1.0,1.0,1.0,-1.0,-1.0,-1.0,1.0,1.0	0.15882212,0.20499417,-0.5760679,0.059229393,0.012953771,0.17021856,0.32615224,-0.02666878,-0.30650005,-0.46142876,0.15406176,0.5367977
../data/train_data_mmini/9/Train_0042.jpg	9	1.0,1.0,1.0,1.0,-1.0,1.0,1.0,-1.0,-1.0,-1.0,1.0,1.0	0.49320316,0.56157994,0.1639742,0.02762333,-0.09879596,0.14034623,0.5685372,-0.13010646,-0.27394527,-0.1560087,0.3238552,0.50272596
../data/train_data_mmini/9/Train_0043.jpg	9	-1.0,1.0,1.0,1.0,1.0,1.0,1.0,1.0,-1.0,-1.0,1.0,1.0	-0.15678115,0.043276943,0.18947533,0.3207777,0.5081064,0.43241358,0.34339795,0.25853565,-0.3730158,-0.6347605,0.3844846,0.7044403
../data/train_data_mmini/9/Train_0044.jpg	9	1.0,1.0,1.0,1.0,-1.0,1.0,1.0,1.0,-1.0,1.0,1.0,1.0	0.5297998,0.29209375,0.03224447,0.17238636,-0.013977328,0.35937887,0.27337015,0.2369395,-0.46211419,0.0037906542,0.69235325,0.20763184
../data/train_data_mmini/10/Train_0045.jpg	10	1.0,1.0,-1.0,-1.0,-1.0,1.0,1.0,1.0,-1.0,1.0,1.0,-1.0	0.76622814,0.303565,-0.1760717,-0.0229831,-0.25870106,0.24219173,0.22518006,0.054613747,-0.12515517,0.42588118,0.43298042,-0.1532133
../data/train_data_mmini/10/Train_0046.jpg	10	1.0,1.0,-1.0,-1.0,-1.0,1.0,1.0,1.0,1.0,1.0,1.0,-1.0	0.7176821,0.26697454,-0.36064532,-0.051679198,-0.49501625,0.3184446,0.53127813,0.15243497,0.040220466,0.5872656,0.3328509,-0.2959576
../data/train_data_mmini/10/Train_0047.jpg	10	1.0,1.0,1.0,1.0,1.0,1.0,1.0,1.0,-1.0,1.0,1.0,1.0	0.5107131,0.35651433,0.098578386,0.09402877,0.003829865,0.37031248,0.5159609,0.0778778,-0.10432449,0.059959836,0.31197,0.12759148
../data/train_data_mmini/10/Train_0048.jpg	10	1.0,1.0,-1.0,-1.0,-1.0,1.0,1.0,-1.0,-1.0,1.0,1.0,-1.0	0.8169971,0.29550567,-0.16267422,-0.21137246,-0.40897843,0.14192441,0.31129125,-0.11496713,-0.30939478,0.20803986,0.39442867,-0.14701687
../data/train_data_mmini/10/Train_0049.jpg	10	1.0,1.0,-1.0,1.0,1.0,1.0,1.0,1.0,-1.0,-1.0,1.0,1.0	0.4099976,0.49356338,-0.046434585,0.114367396,0.08823188,0.42350715,0.45848292,0.060694672,-0.2183033,-0.058845304,0.41601866,0.43636248
