../data/train_data_mmini/1/Train_0000.jpg	1	1.0,-1.0,1.0,1.0,-1.0,-1.0,1.0,-1.0	2.156603,-1.1802194,1.3296129,1.8335736,-1.77183,-0.7110322,1.6879429,-1.6281732
../data/train_data_mmini/1/Train_0001.jpg	1	1.0,1.0,1.0,1.0,-1.0,-1.0,1.0,-1.0	0.28494942,2.7961996,0.8073157,1.7230611,-1.0421914,-1.1438152,2.281914,-0.94734114
../data/train_data_mmini/1/Train_0002.jpg	1	1.0,-1.0,-1.0,1.0,-1.0,-1.0,1.0,-1.0	2.185933,-0.056243278,-1.0138631,0.034136612,-0.4761441,-0.5461107,2.4560795,-2.5055015
../data/train_data_mmini/1/Train_0003.jpg	1	1.0,-1.0,1.0,1.0,-1.0,-1.0,1.0,-1.0	0.9265157,-0.1767166,1.0575888,1.3296971,-2.7304919,-2.3655548,1.8978014,-0.099521905
../data/train_data_mmini/1/Train_0004.jpg	1	-1.0,-1.0,1.0,1.0,-1.0,1.0,1.0,-1.0	-1.9647056,-2.0336862,1.6332157,1.4978746,-0.32867822,0.17601646,1.5070672,-1.319818
../data/train_data_mmini/2/Train_0005.jpg	2	1.0,1.0,1.0,1.0,1.0,1.0,-1.0,-1.0	0.6282467,0.00821004,0.3561386,1.0245606,2.275261,0.28850216,-0.94888395,-0.69430935
../data/train_data_mmini/2/Train_0006.jpg	2	1.0,-1.0,1.0,-1.0,-1.0,1.0,1.0,1.0	0.6439988,-3.4582264,1.1317736,-1.393102,-1.7307516,1.2160472,2.3322697,1.8201329
../data/train_data_mmini/2/Train_0007.jpg	2	1.0,-1.0,1.0,1.0,-1.0,-1.0,1.0,-1.0	0.2865342,-3.0706637,0.6224185,3.0431812,-2.6723216,-0.07834483,0.933383,-1.0030777
../data/train_data_mmini/2/Train_0008.jpg	2	-1.0,1.0,1.0,-1.0,-1.0,1.0,1.0,-1.0	-0.27909422,0.20963867,1.9772257,-0.2769771,-1.0884118,4.1403956,0.83619434,-3.13282
../data/train_data_mmini/2/Train_0009.jpg	2	1.0,1.0,1.0,1.0,1.0,1.0,-1.0,-1.0	3.8280199,0.943698,0.6499395,1.9222046,1.9094683,1.6725644,-0.91587144,-0.76342136
../data/train_data_mmini/3/Train_0010.jpg	3	-1.0,1.0,-1.0,1.0,-1.0,1.0,1.0,1.0	-1.6856139,0.38605252,-0.5462256,1.6059595,-0.9625726,3.9940963,0.5853882,0.63453245
../data/train_data_mmini/3/Train_0011.jpg	3	1.0,-1.0,-1.0,1.0,1.0,1.0,1.0,-1.0	0.02852349,-0.7208518,-0.9447567,2.4821997,1.9096463,0.6296608,3.0959187,-3.2373264
../data/train_data_mmini/3/Train_0012.jpg	3	1.0,1.0,1.0,1.0,1.0,-1.0,1.0,-1.0	0.6489568,0.43333393,2.304645,2.106676,2.7389684,-3.5945487,3.9489381,-0.6056491
../data/train_data_mmini/3/Train_0013.jpg	3	1.0,-1.0,1.0,-1.0,-1.0,1.0,1.0,1.0	1.672993,-0.051319323,0.2852955,-2.3969827,-1.2016789,1.4001421,1.7124121,0.5188235
../data/train_data_mmini/3/Train_0014.jpg	3	-1.0,-1.0,-1.0,1.0,1.0,1.0,-1.0,-1.0	-0.87620807,-0.964947,-0.5227584,1.0068108,1.8253264,2.5487669,-0.41424355,-0.9776634
../data/train_data_mmini/4/Train_0015.jpg	4	1.0,-1.0,1.0,-1.0,1.0,1.0,1.0,-1.0	3.0261357,-0.8338148,1.5036883,-0.12329225,0.61189336,0.14795823,1.6320204,-3.5410657
../data/train_data_mmini/4/Train_0016.jpg	4	1.0,1.0,-1.0,1.0,-1.0,-1.0,1.0,-1.0	2.9400384,4.515497,-0.9230064,0.21060216,-0.5106698,-1.1665947,0.16204727,-2.3360229
../data/train_data_mmini/4/Train_0017.jpg	4	1.0,1.0,1.0,1.0,1.0,-1.0,1.0,1.0	2.1776202,0.70347834,0.316298,0.16385078,1.6769352,-0.785835,3.6028202,0.5460407
../data/train_data_mmini/4/Train_0018.jpg	4	1.0,1.0,-1.0,1.0,1.0,1.0,-1.0,-1.0	1.4534447,0.78741896,-0.42941114,2.5272605,1.1571442,2.7386076,-1.7591348,-2.640055
../data/train_data_mmini/4/Train_0019.jpg	4	-1.0,-1.0,1.0,-1.0,-1.0,-1.0,1.0,1.0	-2.4961567,-3.201048,0.96066797,-1.8060999,-0.2220364,-0.094770364,1.9507844,2.3296096
../data/train_data_mmini/5/Train_0020.jpg	5	-1.0,1.0,1.0,1.0,-1.0,-1.0,-1.0,-1.0	-0.9809326,0.43172443,0.69440967,1.115544,-1.3251275,-1.865203,-0.017458446,-0.78288597
../data/train_data_mmini/5/Train_0021.jpg	5	1.0,-1.0,-1.0,-1.0,-1.0,1.0,1.0,-1.0	0.8686098,-1.456045,-0.0013900753,-2.827572,-0.17305656,0.832696,1.8557503,-2.039833
../data/train_data_mmini/5/Train_0022.jpg	5	1.0,-1.0,1.0,1.0,-1.0,1.0,1.0,1.0	0.13961962,-2.7219954,1.6935008,2.4144454,-1.8707334,1.7480047,0.5216891,0.26041168
../data/train_data_mmini/5/Train_0023.jpg	5	1.0,-1.0,1.0,1.0,-1.0,-1.0,1.0,-1.0	0.48944074,-0.49040598,0.7940923,1.7832074,-2.8344352,-0.37447894,0.5203204,-0.34851074
../data/train_data_mmini/5/Train_0024.jpg	5	1.0,-1.0,-1.0,1.0,-1.0,-1.0,1.0,-1.0	1.6857283,-3.3319597,-0.27720827,1.2993315,-0.05435149,-1.5981518,1.8760568,-1.0614297
../data/train_data_mmini/6/Train_0025.jpg	6	1.0,-1.0,-1.0,1.0,1.0,-1.0,1.0,1.0	1.0349276,-3.7493713,-3.0599422,0.25984174,0.6842076,-1.8711908,3.504967,3.6519132
../data/train_data_mmini/6/Train_0026.jpg	6	1.0,-1.0,-1.0,1.0,1.0,-1.0,-1.0,-1.0	0.3546649,-0.10143435,-0.49378288,3.2897952,1.929323,-0.25005496,-0.6491759,-1.6257441
../data/train_data_mmini/6/Train_0027.jpg	6	1.0,1.0,-1.0,1.0,1.0,1.0,1.0,-1.0	0.51755154,0.82732123,-2.2178574,2.953413,1.7570776,1.5145048,0.1704498,-0.13473807
../data/train_data_mmini/6/Train_0028.jpg	6	1.0,-1.0,-1.0,1.0,-1.0,1.0,1.0,-1.0	0.3315249,-1.9632986,-2.4454217,1.7837017,-0.41103658,1.5983983,1.314769,-2.1558905
../data/train_data_mmini/6/Train_0029.jpg	6	1.0,-1.0,1.0,1.0,1.0,1.0,1.0,1.0	4.408032,-0.54941976,0.16564016,0.5621444,0.8273528,1.927825,2.4683514,2.0641654
../data/train_data_mmini/7/Train_0030.jpg	7	1.0,1.0,1.0,1.0,1.0,-1.0,1.0,1.0	3.1831193,0.16647537,0.7946952,0.8591969,0.24272911,-1.540764,0.30096748,0.04305601
../data/train_data_mmini/7/Train_0031.jpg	7	1.0,1.0,-1.0,-1.0,1.0,1.0,1.0,1.0	2.0642202,1.3775574,-0.84749043,-0.39424875,0.30158445,0.37358916,0.20354788,0.39350638
../data/train_data_mmini/7/Train_0032.jpg	7	-1.0,1.0,-1.0,1.0,1.0,-1.0,1.0,-1.0	-0.55672044,0.9011341,-0.9237006,0.2173726,4.3510404,-0.11487164,0.014378228,-2.4920487
../data/train_data_mmini/7/Train_0033.jpg	7	1.0,-1.0,1.0,1.0,1.0,-1.0,1.0,1.0	1.8146365,-0.59569794,0.5887539,4.020592,0.7999486,-0.3047778,0.10217346,0.32065317
../data/train_data_mmini/7/Train_0034.jpg	7	-1.0,-1.0,-1.0,1.0,1.0,1.0,1.0,-1.0	-3.6021206,-3.7249563,-3.82904,1.5528032,0.4840813,1.6433376,2.8417468,-1.1458229
../data/train_data_mmini/8/Train_0035.jpg	8	1.0,-1.0,1.0,1.0,1.0,1.0,1.0,1.0	3.4103658,-1.7750151,0.719133,1.9166461,0.92646414,3.7231767,1.2983918,0.36013898
../data/train_data_mmini/8/Train_0036.jpg	8	1.0,-1.0,-1.0,1.0,1.0,1.0,-1.0,1.0	3.657325,-2.3815129,-1.4019396,2.5752747,1.9521348,0.67876875,-0.44192702,0.3598806
../data/train_data_mmini/8/Train_0037.jpg	8	1.0,1.0,-1.0,1.0,1.0,1.0,1.0,-1.0	3.241906,0.36107388,-2.4167974,1.5268646,2.6334758,0.99048734,1.7713803,-2.1106138
../data/train_data_mmini/8/Train_0038.jpg	8	1.0,1.0,-1.0,-1.0,-1.0,1.0,1.0,1.0	2.35253,0.51875347,-0.40174782,-0.24686468,-0.23395658,1.423379,1.4297991,0.046602327
../data/train_data_mmini/8/Train_0039.jpg	8	1.0,-1.0,1.0,1.0,1.0,1.0,1.0,1.0	4.104372,-1.9731491,0.9992516,3.142654,2.7785091,2.8231585,2.2898707,0.85216296
../data/train_data_mmini/9/Train_0040.jpg	9	1.0,-1.0,1.0,1.0,1.0,1.0,1.0,-1.0	1.6920471,-1.5402292,2.1577513,0.76845765,0.92276174,0.9401595,2.8684645,-2.7351992
../data/train_data_mmini/9/Train_0041.jpg	9	-1.0,1.0,-1.0,1.0,1.0,1.0,-1.0,1.0	-0.6412012,0.779634,-1.7193861,2.9683073,0.9011358,0.05604673,-0.2050004,0.63298327
../data/train_data_mmini/9/Train_0042.jpg	9	1.0,1.0,1.0,-1.0,1.0,1.0,1.0,-1.0	0.72896093,0.24088252,0.7107774,-0.42169648,0.13149138,0.5008522,3.2957559,-3.4184175
../data/train_data_mmini/9/Train_0043.jpg	9	1.0,-1.0,1.0,1.0,-1.0,1.0,1.0,-1.0	1.8593895,-2.4318945,1.1086884,0.21824715,-0.23429966,2.951841,0.85588694,-1.0014231
../data/train_data_mmini/9/Train_0044.jpg	9	1.0,1.0,1.0,-1.0,1.0,1.0,1.0,1.0	1.7752022,0.7826691,1.477523,-0.12102798,1.3088659,0.11705082,3.7463408,1.5833472
../data/train_data_mmini/10/Train_0045.jpg	10	1.0,-1.0,-1.0,1.0,1.0,1.0,1.0,1.0	3.6433105,-3.6432617,-1.0303662,3.399026,4.1812267,2.9445155,0.25094387,1.5532053
../data/train_data_mmini/10/Train_0046.jpg	10	1.0,1.0,1.0,1.0,1.0,1.0,1.0,-1.0	2.2355082,1.30712,0.6301323,0.47252095,2.3329246,1.6733999,4.759485,-0.39928734
../data/train_data_mmini/10/Train_0047.jpg	10	1.0,-1.0,-1.0,-1.0,1.0,1.0,1.0,1.0	1.6996301,-3.2478442,-2.0032253,-0.64821106,3.0093083,1.5276086,0.9490057,0.34320116
../data/train_data_mmini/10/Train_0048.jpg	10	1.0,-1.0,1.0,1.0,1.0,1.0,1.0,1.0	1.1790557,-2.470997,2.413488,2.4219875,3.720698,1.0290014,1.7691091,2.577176
../data/train_data_mmini/10/Train_0049.jpg	10	1.0,-1.0,-1.0,1.0,1.0,1.0,1.0,1.0	2.9348168,-2.5999353,-0.96029186,1.6952165,3.3973997,2.9106688,2.934194,0.4658529
