../data/train_data_mmini/1/Train_0000.jpg	1	1.0,-1.0,-1.0,-1.0,-1.0,-1.0,-1.0,-1.0,-1.0,-1.0,1.0,-1.0	0.36597818,-0.4284407,-0.72835046,-0.7775784,-0.4814991,-0.2274782,-0.2901677,-0.6445841,-0.18644287,-0.46821553,0.57150114,-1.2259877
../data/train_data_mmini/1/Train_0001.jpg	1	1.0,-1.0,-1.0,-1.0,-1.0,-1.0,-1.0,-1.0,-1.0,-1.0,1.0,-1.0	0.4155519,-0.5274021,-0.9239213,-0.87330264,-0.59030026,-0.20336233,-0.29422507,-0.81190205,-0.2130733,-0.5629065,0.7483234,-1.4954011
../data/train_data_mmini/1/Train_0002.jpg	1	1.0,-1.0,-1.0,-1.0,-1.0,-1.0,-1.0,-1.0,-1.0,-1.0,1.0,-1.0	0.38361818,-0.3708656,-0.82758254,-0.8376292,-0.5289423,-0.20698227,-0.32490823,-0.61121404,-0.21980871,-0.6199978,0.6421173,-1.155838
../data/train_data_mmini/1/Train_0003.jpg	1	1.0,-1.0,-1.0,-1.0,-1.0,-1.0,-1.0,-1.0,-1.0,-1.0,1.0,-1.0	0.364352,-0.5075948,-0.74856704,-0.82516897,-0.5734237,-0.31725785,-0.33483332,-0.6744541,-0.17194732,-0.472978,0.64947677,-1.4076823
../data/train_data_mmini/1/Train_0004.jpg	1	1.0,-1.0,-1.0,-1.0,-1.0,-1.0,-1.0,-1.0,-1.0,-1.0,1.0,-1.0	0.45977598,-0.43521306,-0.8953423,-0.9353363,-0.499243,-0.27088267,-0.35381955,-0.8264871,-0.29286525,-0.50180715,0.6445677,-1.3650264
../data/train_data_mmini/2/Train_0005.jpg	2	1.0,-1.0,-1.0,-1.0,-1.0,-1.0,-1.0,-1.0,-1.0,-1.0,1.0,-1.0	0.43984783,-0.3133487,-1.0360363,-0.87465066,-0.69362175,-0.13757418,-0.30422845,-0.6931074,-0.020665042,-0.60454404,0.69936544,-1.3263336
../data/train_data_mmini/2/Train_0006.jpg	2	1.0,-1.0,-1.0,-1.0,-1.0,-1.0,-1.0,-1.0,-1.0,-1.0,1.0,-1.0	0.4904271,-0.24987708,-1.0366129,-0.81064683,-0.77168006,-0.17236936,-0.26229423,-0.65770835,-0.17394057,-0.70099705,0.7528978,-1.323661
../data/train_data_mmini/2/Train_0007.jpg	2	1.0,-1.0,-1.0,-1.0,-1.0,-1.0,-1.0,-1.0,-1.0,-1.0,1.0,-1.0	0.39843547,-0.4763809,-0.7248111,-0.80552363,-0.43209088,-0.23315638,-0.363596,-0.7093506,-0.19527878,-0.5031143,0.5285578,-1.135632
../data/train_data_mmini/2/Train_0008.jpg	2	1.0,-1.0,-1.0,-1.0,-1.0,-1.0,-1.0,-1.0,-1.0,-1.0,1.0,-1.0	0.47793242,-0.4309521,-1.0542318,-0.95324636,-0.63053167,-0.12740113,-0.33299518,-0.72055846,-0.19657446,-0.7323505,0.67137736,-1.3117893
../data/train_data_mmini/2/Train_0009.jpg	2	1.0,-1.0,-1.0,-1.0,-1.0,-1.0,-1.0,-1.0,-1.0,-1.0,1.0,-1.0	0.5002115,-0.5096089,-0.99435633,-0.8051302,-0.7547089,-0.23135068,-0.3570078,-0.71189964,-0.1340736,-0.5497635,0.73729515,-1.4493358
../data/train_data_mmini/3/Train_0010.jpg	3	1.0,-1.0,-1.0,-1.0,-1.0,-1.0,-1.0,-1.0,-1.0,-1.0,1.0,-1.0	0.36827177,-0.25754052,-1.026164,-0.77318287,-0.6859947,-0.047895964,-0.32910377,-0.6324726,-0.036574718,-0.5279578,0.6284887,-1.1530018
../data/train_data_mmini/3/Train_0011.jpg	3	1.0,-1.0,-1.0,-1.0,-1.0,-1.0,-1.0,-1.0,-1.0,-1.0,1.0,-1.0	0.33775628,-0.4416724,-0.88827914,-0.8137064,-0.37549675,-0.12778066,-0.3106683,-0.7439882,-0.30486235,-0.5689861,0.6800686,-1.0952301
../data/train_data_mmini/3/Train_0012.jpg	3	1.0,-1.0,-1.0,-1.0,-1.0,-1.0,-1.0,-1.0,-1.0,-1.0,1.0,-1.0	0.47221845,-0.51945436,-0.91564786,-0.8896559,-0.58700013,-0.37760586,-0.15176958,-0.883379,-0.3237668,-0.5619397,0.91573304,-1.6207865
../data/train_data_mmini/3/Train_0013.jpg	3	1.0,-1.0,-1.0,-1.0,-1.0,-1.0,-1.0,-1.0,-1.0,-1.0,1.0,-1.0	0.5502559,-0.27392682,-1.2357575,-0.96736264,-0.83490664,-0.23284341,-0.1702292,-0.7166345,-0.17140459,-0.8720809,0.9106414,-1.5734429
../data/train_data_mmini/3/Train_0014.jpg	3	1.0,-1.0,-1.0,-1.0,-1.0,-1.0,-1.0,-1.0,-1.0,-1.0,1.0,-1.0	0.48044297,-0.38330343,-1.0340917,-0.8314089,-0.68860155,-0.086095124,-0.32072145,-0.8027674,-0.19278172,-0.6376751,0.70760345,-1.3437047
../data/train_data_mmini/4/Train_0015.jpg	4	1.0,-1.0,-1.0,-1.0,-1.0,-1.0,-1.0,-1.0,-1.0,-1.0,1.0,-1.0	0.48208076,-0.4304465,-0.9254483,-0.934555,-0.64864147,-0.19350114,-0.15943018,-0.8815721,-0.18549098,-0.6212391,0.7474399,-1.5740644
../data/train_data_mmini/4/Train_0016.jpg	4	1.0,-1.0,-1.0,-1.0,-1.0,-1.0,-1.0,-1.0,-1.0,-1.0,1.0,-1.0	0.37970644,-0.4142681,-0.8164812,-0.7373528,-0.59008,-0.161858,-0.2467048,-0.48888886,-0.006710585,-0.5667208,0.6349324,-1.1074188
../data/train_data_mmini/4/Train_0017.jpg	4	1.0,-1.0,-1.0,-1.0,-1.0,-1.0,-1.0,-1.0,-1.0,-1.0,1.0,-1.0	0.52003,-0.31344128,-1.2344885,-0.9864936,-0.88425404,-0.20093116,-0.12836513,-0.70421404,-0.20539533,-0.8307034,0.96473825,-1.5889411
../data/train_data_mmini/4/Train_0018.jpg	4	1.0,-1.0,-1.0,-1.0,-1.0,-1.0,-1.0,-1.0,-1.0,-1.0,1.0,-1.0	0.41439825,-0.21571584,-0.7756147,-0.61920893,-0.4717185,-0.0039899214,-0.30206645,-0.52573586,-0.06481023,-0.4013052,0.48333973,-0.90694654
../data/train_data_mmini/4/Train_0019.jpg	4	1.0,-1.0,-1.0,-1.0,-1.0,-1.0,-1.0,-1.0,-1.0,-1.0,1.0,-1.0	0.5242765,-0.22555871,-1.2579944,-0.90706235,-0.98227906,-0.21834208,-0.3159239,-0.75855637,-0.16897146,-0.81769353,0.8958781,-1.5696563
../data/train_data_mmini/5/Train_0020.jpg	5	1.0,-1.0,-1.0,-1.0,-1.0,-1.0,-1.0,-1.0,-1.0,-1.0,1.0,-1.0	0.44854984,-0.56054366,-0.96026546,-0.9812712,-0.702612,-0.33136877,-0.45797947,-0.78710955,-0.20813593,-0.5761184,0.6923554,-1.4722098
../data/train_data_mmini/5/Train_0021.jpg	5	1.0,-1.0,-1.0,-1.0,-1.0,-1.0,-1.0,-1.0,-1.0,-1.0,1.0,-1.0	0.5642235,-0.52390987,-1.1672729,-1.1703864,-0.71843785,-0.3419645,-0.36980566,-1.0475816,-0.3179566,-0.733414,0.8864417,-1.9093481
../data/train_data_mmini/5/Train_0022.jpg	5	1.0,-1.0,-1.0,-1.0,-1.0,-1.0,-1.0,-1.0,-1.0,-1.0,1.0,-1.0	0.4237604,-0.43960425,-0.8524449,-0.76781833,-0.6314334,-0.21068211,-0.32243043,-0.7122768,-0.2075583,-0.56702644,0.6243291,-1.2262146
../data/train_data_mmini/5/Train_0023.jpg	5	1.0,-1.0,-1.0,-1.0,-1.0,-1.0,-1.0,-1.0,-1.0,-1.0,1.0,-1.0	0.34239024,-0.44606322,-0.73807526,-0.80010474,-0.50638425,-0.24981077,-0.37905785,-0.6821197,-0.21734874,-0.43856698,0.5701992,-1.2412665
../data/train_data_mmini/5/Train_0024.jpg	5	1.0,-1.0,-1.0,-1.0,-1.0,-1.0,-1.0,-1.0,-1.0,-1.0,1.0,-1.0	0.43512875,-0.47315243,-0.82589144,-0.87530655,-0.49392572,-0.28408366,-0.25716245,-0.8059513,-0.14460872,-0.4699992,0.6533982,-1.4286516
../data/train_data_mmini/6/Train_0025.jpg	6	1.0,-1.0,-1.0,-1.0,-1.0,-1.0,-1.0,-1.0,-1.0,-1.0,1.0,-1.0	0.27685338,-0.2379159,-0.9646075,-0.7884626,-0.80271125,-0.21783812,-0.16935618,-0.6313223,-0.12292525,-0.63968265,0.7602873,-1.3463231
../data/train_data_mmini/6/Train_0026.jpg	6	1.0,-1.0,-1.0,-1.0,-1.0,-1.0,-1.0,-1.0,-1.0,-1.0,1.0,-1.0	0.41182512,-0.48775074,-0.8525116,-0.7282398,-0.62071717,-0.15362978,-0.35101393,-0.70295686,-0.08874251,-0.44672856,0.68463606,-1.2542058
../data/train_data_mmini/6/Train_0027.jpg	6	1.0,-1.0,-1.0,-1.0,-1.0,-1.0,-1.0,-1.0,-1.0,-1.0,1.0,-1.0	0.33117747,-0.371756,-0.7994905,-0.6674996,-0.5737181,-0.117019095,-0.3518062,-0.6046962,-0.08410263,-0.49280602,0.64000213,-1.0654314
../data/train_data_mmini/6/Train_0028.jpg	6	1.0,-1.0,-1.0,-1.0,-1.0,-1.0,-1.0,-1.0,-1.0,-1.0,1.0,-1.0	0.3544792,-0.4283713,-0.85491765,-0.8190057,-0.54865295,-0.086613946,-0.39816755,-0.6684372,-0.23206434,-0.55728364,0.53514105,-1.027791
../data/train_data_mmini/6/Train_0029.jpg	6	1.0,-1.0,-1.0,-1.0,-1.0,-1.0,-1.0,-1.0,-1.0,-1.0,1.0,-1.0	0.47170264,-0.2528225,-0.99480087,-0.8706836,-0.72483915,-0.3154351,-0.1602805,-0.6045466,-0.10193107,-0.6373984,0.79896736,-1.3770468
../data/train_data_mmini/7/Train_0030.jpg	7	1.0,-1.0,-1.0,-1.0,-1.0,-1.0,-1.0,-1.0,-1.0,-1.0,1.0,-1.0	0.44884786,-0.52235496,-0.97075576,-0.8293672,-0.7782959,-0.26628277,-0.29776773,-0.66318345,-0.098999105,-0.67971754,0.795624,-1.4838141
../data/train_data_mmini/7/Train_0031.jpg	7	1.0,-1.0,-1.0,-1.0,-1.0,-1.0,-1.0,-1.0,-1.0,-1.0,1.0,-1.0	0.57217395,-0.48550138,-1.1985478,-1.0160131,-0.8447011,-0.31035355,-0.2987425,-0.7255861,-0.121121265,-0.7855885,0.86015177,-1.6106102
../data/train_data_mmini/7/Train_0032.jpg	7	1.0,-1.0,-1.0,-1.0,-1.0,-1.0,-1.0,-1.0,-1.0,-1.0,1.0,-1.0	0.44190413,-0.44102523,-1.213415,-1.0568829,-0.7479461,-0.16950661,-0.27901927,-0.90296245,-0.15986337,-0.74231446,0.97621894,-1.6235021
../data/train_data_mmini/7/Train_0033.jpg	7	1.0,-1.0,-1.0,-1.0,-1.0,-1.0,-1.0,-1.0,-1.0,-1.0,1.0,-1.0	0.4009287,-0.49937955,-0.7847598,-0.6661307,-0.577648,-0.16226618,-0.30718344,-0.6199596,-0.077161275,-0.45427975,0.62633014,-1.1633348
../data/train_data_mmini/7/Train_0034.jpg	7	1.0,-1.0,-1.0,-1.0,-1.0,-1.0,-1.0,-1.0,-1.0,-1.0,1.0,-1.0	0.38693136,-0.36995614,-1.0283307,-0.9749263,-0.48755655,-0.060557704,-0.42965564,-0.79979974,-0.07086768,-0.5800184,0.56810886,-1.1856359
../data/train_data_mmini/8/Train_0035.jpg	8	1.0,-1.0,-1.0,-1.0,-1.0,-1.0,-1.0,-1.0,-1.0,-1.0,1.0,-1.0	0.45775786,-0.32858613,-0.9298088,-0.77402806,-0.63557607,-0.19170244,-0.20056993,-0.67086804,-0.14316095,-0.5960102,0.68886745,-1.3207154
../data/train_data_mmini/8/Train_0036.jpg	8	1.0,-1.0,-1.0,-1.0,-1.0,-1.0,-1.0,-1.0,-1.0,-1.0,1.0,-1.0	0.4374969,-0.37470758,-0.948126,-0.7514322,-0.67243004,-0.18878233,-0.24317265,-0.61477417,-0.05107066,-0.61714107,0.7263248,-1.1953429
../data/train_data_mmini/8/Train_0037.jpg	8	1.0,-1.0,-1.0,-1.0,-1.0,-1.0,-1.0,-1.0,-1.0,-1.0,1.0,-1.0	0.51464385,-0.51224965,-1.17473,-1.0124991,-0.70498544,-0.18378063,-0.31698164,-0.8829272,-0.17771558,-0.72954446,0.87594736,-1.5632689
../data/train_data_mmini/8/Train_0038.jpg	8	1.0,-1.0,-1.0,-1.0,-1.0,-1.0,-1.0,-1.0,-1.0,-1.0,1.0,-1.0	0.4740835,-0.4454305,-0.97300375,-0.9606258,-0.7490111,-0.22611712,-0.24224415,-0.7192911,-0.13234027,-0.7267612,0.7875777,-1.4971827
../data/train_data_mmini/8/Train_0039.jpg	8	1.0,-1.0,-1.0,-1.0,-1.0,-1.0,-1.0,-1.0,-1.0,-1.0,1.0,-1.0	0.41577256,-0.26985186,-1.0080479,-0.7760769,-0.5316025,-0.22099482,-0.15101774,-0.6764381,-0.14162776,-0.6203438,0.82469326,-1.2709274
../data/train_data_mmini/9/Train_0040.jpg	9	1.0,-1.0,-1.0,-1.0,-1.0,-1.0,-1.0,-1.0,-1.0,-1.0,1.0,-1.0	0.558894,-0.5095166,-1.1187795,-1.1080533,-0.73768926,-0.3329583,-0.39358014,-0.97516084,-0.32755867,-0.721785,0.84878683,-1.720996
../data/train_data_mmini/9/Train_0041.jpg	9	1.0,-1.0,-1.0,-1.0,-1.0,-1.0,-1.0,-1.0,-1.0,-1.0,1.0,-1.0	0.4148637,-0.43717104,-1.0029079,-0.79765165,-0.6293206,-0.16589145,-0.38276196,-0.64881164,-0.14978226,-0.57481104,0.72172904,-1.1807078
../data/train_data_mmini/9/Train_0042.jpg	9	1.0,-1.0,-1.0,-1.0,-1.0,-1.0,-1.0,-1.0,-1.0,-1.0,1.0,-1.0	0.54306906,-0.51202327,-1.1074046,-1.1992952,-0.6467641,-0.34461746,-0.30057478,-1.0257425,-0.33488828,-0.7256181,0.92304784,-1.7679936
../data/train_data_mmini/9/Train_0043.jpg	9	1.0,-1.0,-1.0,-1.0,-1.0,-1.0,-1.0,-1.0,-1.0,-1.0,1.0,-1.0	0.52322596,-0.40224275,-1.0931691,-0.9435663,-0.7132398,-0.24174757,-0.35629013,-0.8926622,-0.22191493,-0.7137389,0.774817,-1.5372832
../data/train_data_mmini/9/Train_0044.jpg	9	1.0,-1.0,-1.0,-1.0,-1.0,-1.0,-1.0,-1.0,-1.0,-1.0,1.0,-1.0	0.5189797,-0.42053646,-1.1850045,-1.1171166,-0.8804177,-0.44994202,-0.25750273,-0.8665887,-0.25439155,-0.7625841,1.040299,-1.8564465
../data/train_data_mmini/10/Train_0045.jpg	10	1.0,-1.0,-1.0,-1.0,-1.0,-1.0,-1.0,-1.0,1.0,-1.0,1.0,-1.0	0.3613659,-0.115185134,-0.89359987,-0.6805225,-0.37053487,-0.066992775,-0.1424153,-0.44950053,0.025846884,-0.6431205,0.73123515,-0.7934689
../data/train_data_mmini/10/Train_0046.jpg	10	1.0,-1.0,-1.0,-1.0,-1.0,-1.0,-1.0,-1.0,-1.0,-1.0,1.0,-1.0	0.33056965,-0.2282561,-0.9373566,-0.80677027,-0.49116075,-0.16058874,-0.1162979,-0.6342957,-0.16018093,-0.6262181,0.7806643,-1.1703973
../data/train_data_mmini/10/Train_0047.jpg	10	1.0,-1.0,-1.0,-1.0,-1.0,-1.0,-1.0,-1.0,-1.0,-1.0,1.0,-1.0	0.4769146,-0.27350816,-1.3223926,-1.1501952,-0.8024184,-0.18663406,-0.24935916,-0.82028383,-0.120828964,-0.83752346,0.95827824,-1.54799
../data/train_data_mmini/10/Train_0048.jpg	10	1.0,-1.0,-1.0,-1.0,-1.0,-1.0,-1.0,-1.0,-1.0,-1.0,1.0,-1.0	0.41593283,-0.17517047,-1.0384655,-0.93441266,-0.70521116,-0.29296082,-0.08669058,-0.5461411,-0.13583416,-0.72778505,0.8695513,-1.3063488
../data/train_data_mmini/10/Train_0049.jpg	10	1.0,-1.0,-1.0,-1.0,-1.0,-1.0,-1.0,-1.0,-1.0,-1.0,1.0,-1.0	0.4498683,-0.30145085,-1.0569059,-0.9233028,-0.6448758,-0.17872529,-0.17670105,-0.79802746,-0.21189041,-0.6810478,0.8530112,-1.4156014
